30 20
0 81 8 98 7 13 5 86 14 98 3 63 16 37 1 19 11 9 4 84 15 76 13 42 6 49 2 3 12 43 10 95 9 47 19 94 18 38 17 32
2 56 15 10 8 96 13 66 19 22 16 5 7 42 9 6 3 5 5 68 11 79 1 77 18 16 6 2 14 66 17 22 10 24 4 45 12 94 0 82
16 25 18 87 5 76 0 45 13 56 9 31 1 82 2 49 3 42 10 12 15 11 17 8 14 21 6 32 7 77 12 52 19 97 11 15 8 88 4 97
19 53 1 73 6 80 16 31 8 96 14 35 3 7 9 72 7 98 12 36 11 62 0 39 2 57 17 37 18 40 4 53 13 36 10 32 15 39 5 94
9 83 10 89 2 74 8 29 11 55 4 57 16 65 1 11 15 76 17 22 0 54 14 98 13 71 19 84 6 20 5 31 12 56 18 55 3 70 7 79
10 56 18 43 5 3 9 96 4 49 11 85 14 98 6 20 16 55 15 96 8 10 19 65 17 51 2 66 13 53 1 68 7 69 12 24 0 61 3 10
19 38 16 21 7 44 14 12 12 48 15 80 11 89 18 33 10 46 9 91 4 59 5 26 8 53 17 50 0 3 6 47 3 10 1 67 2 85 13 26
9 29 12 80 0 14 3 70 1 41 4 67 2 66 10 63 17 88 19 20 11 55 5 92 15 60 14 56 13 56 7 29 16 15 6 79 8 94 18 59
13 41 15 76 2 42 0 63 3 57 17 37 8 39 14 89 5 29 1 1 10 35 19 55 4 43 9 78 7 99 18 41 12 51 6 99 11 56 16 54
10 38 6 18 0 67 15 30 14 38 18 88 4 75 9 42 2 92 12 60 5 15 16 19 1 1 3 49 17 50 19 28 13 37 8 93 11 57 7 86
11 36 3 10 9 53 4 99 5 35 1 37 14 69 19 45 6 93 15 87 10 98 7 86 8 15 12 33 17 11 2 66 13 29 18 22 16 90 0 70
8 58 16 96 4 49 11 38 5 85 13 1 12 27 0 77 15 29 10 52 19 94 17 89 2 68 1 15 9 81 6 86 7 34 3 29 18 40 14 39
15 57 5 64 14 66 8 57 3 38 13 67 17 73 10 33 18 46 0 71 19 15 16 97 1 34 7 67 6 48 12 16 11 67 4 55 2 60 9 2
3 79 10 33 15 53 2 28 11 60 12 82 16 33 1 51 18 50 7 8 19 40 8 55 9 12 0 14 17 54 5 39 6 75 13 65 14 74 4 33
2 32 19 93 7 91 4 44 5 63 0 8 13 82 14 99 3 91 6 5 10 92 1 83 9 46 15 52 16 20 8 90 17 52 12 28 11 36 18 7
12 78 7 82 19 83 4 88 1 62 5 42 15 46 3 34 13 31 9 94 2 23 18 7 14 66 17 80 16 30 11 12 8 22 10 92 6 41 0 1
10 45 5 82 9 1 6 63 11 98 0 86 14 98 17 22 7 11 8 67 19 78 4 26 1 27 12 92 15 12 16 45 2 45 18 95 13 28 3 53
9 31 19 14 4 22 2 4 0 32 3 95 1 69 17 87 5 99 7 54 12 6 14 74 6 27 11 35 8 6 16 65 10 45 18 7 13 40 15 56
19 94 5 66 15 46 0 56 17 3 1 90 3 62 2 88 18 64 10 85 9 60 14 52 4 97 8 7 13 37 6 9 7 56 12 15 16 99 11 61
6 41 4 33 18 35 2 82 17 52 12 37 16 45 3 50 19 68 5 88 8 82 0 66 7 53 13 81 1 29 14 52 15 8 10 30 11 69 9 5
10 35 1 95 12 10 17 47 18 19 19 16 16 16 11 34 2 90 9 72 13 35 6 90 3 56 14 91 15 30 4 87 8 19 7 82 5 59 0 43
4 2 15 83 10 64 12 50 17 70 7 9 14 44 0 96 8 23 9 86 16 4 13 64 3 62 6 25 5 29 18 17 19 1 2 9 11 92 1 91
18 34 5 97 3 42 19 46 8 92 7 86 11 36 16 94 2 66 6 16 17 10 12 71 10 83 13 51 14 59 1 3 0 80 4 78 15 78 9 36
16 56 17 38 13 70 12 9 0 65 6 66 1 41 14 24 19 63 7 32 18 6 10 74 9 22 4 89 8 96 5 5 11 10 3 44 2 71 15 66
11 48 1 12 0 76 17 91 19 87 9 98 16 37 6 65 12 29 14 3 2 26 13 30 7 99 4 82 5 98 3 40 15 7 18 77 10 83 8 61
2 83 14 33 0 23 11 33 16 64 3 79 10 31 8 72 7 37 18 30 5 65 15 63 1 53 9 19 19 70 17 83 12 77 13 53 4 22 6 96
17 50 1 63 6 92 10 39 7 27 19 67 0 63 3 35 11 36 9 39 13 19 15 66 16 10 4 55 14 79 8 45 12 58 5 10 18 6 2 92
18 61 7 59 19 16 6 75 16 25 8 26 2 30 5 5 9 17 0 47 1 47 10 20 14 12 17 28 11 5 15 33 12 68 4 31 13 32 3 14
19 13 1 1 16 63 6 60 7 80 2 98 15 13 3 65 0 16 8 73 9 87 11 6 4 30 13 14 14 90 5 26 10 94 12 6 17 19 18 50
6 59 18 19 16 81 4 52 3 35 11 57 1 63 0 35 10 41 7 21 19 23 14 4 9 93 8 38 13 41 17 98 2 91 5 47 15 22 12 12
