30 20
15 19 8 40 18 20 10 89 13 81 0 80 16 42 11 4 7 26 3 45 9 59 4 45 19 60 14 38 17 65 12 3 1 91 6 54 5 15 2 81
13 37 0 96 14 46 3 70 1 72 8 61 12 86 17 33 5 6 4 15 11 95 7 11 16 72 19 45 2 98 15 95 10 12 6 2 9 38 18 42
18 63 16 21 17 9 10 72 1 61 6 50 2 46 5 39 15 14 4 38 14 26 19 91 9 7 8 98 3 37 13 30 0 40 12 46 7 49 11 70
2 53 17 34 11 49 15 17 12 37 9 48 10 78 18 96 13 82 3 74 6 92 7 31 19 95 0 31 14 6 16 78 4 25 5 97 8 79 1 61
11 48 0 30 17 34 18 10 1 16 8 83 5 72 3 47 4 45 2 92 15 70 14 19 19 77 16 2 10 84 7 51 6 75 13 71 9 26 12 98
12 37 5 48 4 17 0 57 14 3 10 45 11 8 17 42 9 44 6 64 13 2 19 26 15 68 18 96 3 72 7 50 2 93 16 91 8 74 1 61
9 71 0 37 14 51 12 82 15 67 7 52 19 22 8 94 13 37 10 81 1 26 16 98 2 58 11 33 3 51 4 28 17 93 5 65 18 54 6 70
5 29 3 22 17 84 11 90 9 20 14 27 0 29 19 68 13 5 16 69 7 16 2 10 10 17 12 8 18 6 15 77 8 91 1 14 6 80 4 20
5 51 6 27 7 51 1 2 19 88 18 72 9 58 17 95 8 83 12 50 3 50 11 3 13 97 2 15 14 70 15 49 16 45 10 18 4 17 0 99
19 47 3 47 11 55 4 87 6 39 7 28 2 61 5 72 0 74 14 4 16 22 9 27 8 2 10 64 12 79 15 75 13 42 17 44 1 91 18 47
18 84 1 28 14 41 16 99 12 2 3 22 11 21 2 57 9 23 0 5 15 7 17 89 8 96 10 25 13 43 6 12 19 56 7 30 4 59 5 58
15 20 19 8 12 90 4 79 11 7 7 48 9 78 3 80 10 79 1 26 14 84 8 72 13 46 0 87 2 23 5 52 17 3 6 51 18 47 16 4
5 41 11 48 1 84 3 66 12 76 15 13 0 70 17 63 16 39 6 22 4 52 10 57 19 61 13 32 2 12 7 12 9 82 8 26 14 28 18 35
4 17 17 90 12 26 7 53 6 68 2 47 10 60 13 41 19 33 5 11 8 37 16 31 3 35 1 57 18 78 11 40 0 7 15 1 14 21 9 43
5 81 15 74 0 97 1 76 9 2 13 70 6 43 7 62 3 39 14 43 12 91 2 22 19 90 4 74 8 45 11 79 18 97 17 17 16 69 10 26
18 95 16 79 6 10 2 16 13 89 14 29 9 79 1 47 17 52 0 81 15 82 8 72 3 46 10 46 5 32 4 73 19 86 7 27 12 22 11 80
14 5 8 16 3 52 15 91 5 68 6 84 18 81 11 82 10 71 17 97 1 77 13 70 0 61 12 51 16 70 7 39 19 41 9 96 2 47 4 28
14 59 17 11 0 79 19 83 6 51 13 32 8 19 12 99 18 73 7 72 16 14 11 3 1 50 2 23 15 99 4 22 9 88 3 37 5 89 10 40
12 2 6 20 10 19 19 87 2 15 3 82 5 49 13 27 15 93 17 18 0 61 7 99 8 55 1 86 4 32 14 8 16 10 11 37 9 46 18 11
17 83 0 43 5 2 7 54 6 7 1 6 4 77 16 51 9 6 10 31 2 72 3 80 19 46 11 9 18 42 13 22 15 85 14 77 12 37 8 6
17 91 18 83 9 95 1 57 16 51 2 10 0 15 19 24 14 7 10 59 5 30 11 24 13 48 6 34 15 50 3 61 7 87 8 5 4 49 12 94
1 13 2 42 12 48 9 15 0 14 15 28 5 49 14 48 11 70 17 67 13 53 6 57 8 16 18 3 19 94 10 3 7 90 16 79 3 95 4 79
11 93 12 1 5 17 15 16 16 32 13 35 0 89 8 45 4 62 18 30 17 57 1 95 14 50 2 19 10 29 9 63 19 67 3 40 6 56 7 60
18 66 2 84 10 35 1 45 4 20 6 9 5 34 3 4 0 65 9 51 14 37 11 35 17 30 19 10 7 3 15 33 8 77 12 78 13 91 16 98
2 43 4 8 19 23 12 13 11 68 5 55 0 55 8 68 15 65 1 23 3 44 18 27 13 31 6 49 9 48 10 90 14 77 17 52 7 94 16 93
14 55 2 93 5 79 17 82 3 41 11 79 6 59 7 22 16 92 10 8 4 18 8 67 13 40 15 51 18 56 12 24 0 83 19 87 1 40 9 4
10 18 4 91 18 7 17 75 16 45 11 44 13 16 12 42 14 29 0 49 19 37 8 32 9 25 1 42 6 50 7 95 5 64 3 60 2 14 15 29
5 46 11 51 12 26 8 11 9 81 4 91 1 56 14 44 6 70 15 21 19 28 16 33 10 47 13 20 7 44 2 87 3 20 17 20 18 48 0 46
16 51 17 94 19 86 4 91 0 93 13 44 11 11 9 23 5 6 1 91 10 81 3 5 14 3 18 38 7 83 8 85 6 40 15 77 2 66 12 58
9 99 10 5 14 36 1 5 15 89 6 99 4 42 12 7 2 83 5 5 0 19 17 69 18 8 3 2 19 27 8 25 11 83 7 61 16 85 13 69
