30 20
9 93 5 75 16 91 14 82 11 14 7 93 6 84 1 15 4 97 15 74 10 32 19 14 3 39 18 90 2 78 12 23 17 49 8 85 0 64 13 31
4 15 7 49 8 14 17 25 11 25 10 3 1 38 0 72 19 65 5 77 12 83 2 7 13 77 6 12 16 34 15 9 14 15 9 48 18 46 3 36
15 46 17 79 16 74 1 42 7 58 6 37 2 45 18 4 19 27 13 74 11 86 14 80 5 7 4 16 12 81 3 65 10 88 9 46 0 42 8 25
6 52 12 33 9 50 8 18 5 91 1 30 17 80 2 65 13 71 16 7 11 74 18 63 7 8 4 28 10 90 0 19 3 82 15 49 19 34 14 36
2 23 5 31 8 44 16 41 6 15 10 15 14 81 19 19 4 38 15 87 1 36 7 34 0 26 11 93 13 83 9 80 18 44 12 41 3 5 17 32
16 37 7 39 6 43 8 82 4 11 9 85 3 83 2 57 5 88 11 94 0 38 1 71 14 72 18 55 17 74 15 82 10 44 12 98 13 85 19 45
9 11 6 3 12 80 3 10 2 30 19 47 16 32 8 27 13 83 14 2 17 84 1 20 4 87 10 78 7 17 0 19 18 36 11 21 15 42 5 90
13 28 9 30 4 25 8 96 6 24 1 41 19 76 5 50 7 62 14 84 10 53 11 8 0 78 15 11 16 64 18 97 17 91 2 68 3 74 12 37
10 20 4 15 3 90 2 37 6 59 19 94 8 44 11 58 13 14 14 13 18 24 16 54 17 93 7 36 15 75 0 11 5 41 1 35 12 28 9 21
11 57 0 29 1 14 8 53 18 22 17 22 5 33 16 39 19 52 2 38 7 17 13 93 4 90 14 50 12 17 10 38 15 83 6 55 9 19 3 5
10 33 19 15 13 94 15 62 4 40 14 23 2 89 1 78 16 8 8 41 9 27 7 4 18 93 5 29 0 37 3 45 6 10 12 49 17 74 11 37
13 26 5 36 0 24 11 51 19 6 7 95 6 31 4 64 14 80 18 98 9 29 8 75 15 78 10 65 12 18 2 40 3 20 1 44 17 97 16 45
14 63 8 15 0 55 18 45 13 1 4 45 3 91 6 54 10 88 11 99 9 12 19 50 1 59 12 8 15 91 17 71 5 56 2 74 16 80 7 84
4 85 6 46 11 94 16 81 3 27 10 65 19 90 2 90 1 59 13 50 0 9 17 51 9 22 14 27 15 30 8 61 18 49 7 5 12 21 5 56
1 97 9 26 7 71 0 95 4 4 17 34 15 57 11 96 18 42 2 19 8 83 3 93 13 61 16 54 12 3 5 23 6 47 19 79 14 89 10 76
12 97 5 23 17 44 0 83 19 72 1 92 8 78 9 48 18 12 4 67 11 66 10 80 15 14 14 2 7 45 16 63 6 2 13 35 2 72 3 57
8 74 9 38 2 16 6 50 1 63 15 50 3 45 17 88 16 66 18 96 0 29 13 34 12 14 11 22 5 63 7 50 4 41 19 97 10 68 14 30
6 30 11 25 0 2 1 63 12 79 9 23 17 2 15 85 2 25 13 27 8 56 16 34 18 1 3 47 19 35 7 85 14 52 10 9 4 8 5 23
2 52 8 89 19 30 9 11 5 49 10 3 7 67 4 21 16 76 13 17 18 58 17 57 1 39 14 81 3 27 12 62 15 71 0 34 11 8 6 73
10 45 6 96 14 22 9 38 13 33 15 17 12 88 18 62 16 28 2 64 4 67 0 79 5 87 8 22 19 54 7 12 17 82 3 11 1 35 11 53
12 55 1 80 9 65 14 4 11 68 19 31 2 94 13 86 3 8 7 61 0 99 4 98 6 80 8 54 15 51 18 23 16 16 10 5 17 26 5 98
0 99 2 46 10 59 17 80 7 92 9 98 12 11 8 30 11 43 6 38 18 55 15 82 14 51 13 13 1 28 19 20 16 92 4 83 5 64 3 88
7 38 13 8 9 34 14 75 12 33 10 14 18 92 2 87 19 52 5 33 17 63 4 69 6 97 11 69 1 65 3 11 15 18 0 15 8 31 16 78
2 73 6 20 3 19 7 9 19 44 10 38 8 84 14 4 17 31 16 26 11 16 13 99 9 90 0 16 1 1 12 31 18 35 15 94 5 30 4 51
5 84 8 88 6 70 1 30 17 59 18 11 12 88 9 13 15 34 19 38 7 9 11 49 2 33 4 74 13 27 10 79 0 71 3 95 16 77 14 19
0 34 8 21 17 92 18 5 2 39 5 88 19 40 10 79 14 94 11 87 3 19 12 31 13 27 9 26 4 49 7 73 1 19 15 85 16 51 6 87
9 42 13 30 17 35 10 70 1 59 18 92 8 45 16 25 3 29 0 70 15 56 5 37 11 58 12 30 6 48 2 63 19 92 14 22 4 59 7 63
6 19 9 92 1 18 4 43 16 62 2 91 14 13 0 26 5 98 19 23 11 5 7 52 3 9 17 29 8 53 13 26 18 69 15 56 10 17 12 72
14 43 7 80 10 32 2 39 13 75 11 78 18 2 4 99 19 22 0 39 8 16 6 64 3 19 5 31 17 97 9 36 1 37 16 7 15 49 12 1
3 81 1 88 11 8 12 62 14 14 18 58 15 28 19 54 0 57 16 51 5 58 6 99 17 71 9 24 4 48 10 76 2 70 7 6 8 76 13 93
