30 20
5 70 6 99 4 68 3 83 17 42 14 4 16 65 9 57 12 75 8 61 18 49 7 1 1 70 0 18 13 48 15 17 2 58 10 46 11 41 19 57
3 82 4 28 6 56 10 63 19 22 18 48 13 74 11 65 8 67 7 54 14 92 2 12 5 50 16 90 0 42 15 2 12 98 17 31 1 6 9 17
2 1 6 66 9 30 19 86 7 38 5 1 16 65 11 17 0 84 8 85 14 42 15 46 17 63 18 25 1 52 12 98 10 23 13 56 4 20 3 80
0 55 17 30 15 9 10 58 19 25 3 5 7 90 1 52 18 44 8 20 9 26 11 53 13 86 14 4 5 46 12 4 4 62 6 92 16 90 2 53
3 97 16 14 14 32 1 42 0 44 12 67 10 12 13 81 5 42 19 16 6 19 9 70 8 81 17 52 11 38 2 8 4 63 7 52 15 3 18 45
5 41 6 39 19 25 12 11 11 11 13 5 0 66 9 87 18 3 15 39 2 81 8 86 1 42 16 83 10 61 7 57 4 34 3 86 17 23 14 95
0 5 7 7 6 22 18 62 15 23 16 89 10 10 5 59 8 95 14 17 9 98 4 54 19 62 1 26 2 62 13 38 12 32 11 1 17 37 3 95
15 59 14 22 18 49 13 5 19 54 11 41 6 12 0 5 10 86 9 90 2 9 17 62 7 65 5 34 8 41 1 27 12 56 16 73 3 98 4 89
14 42 0 87 2 96 4 91 7 7 13 39 12 61 18 41 15 57 16 89 1 76 6 27 5 8 17 35 8 16 19 51 10 79 9 6 3 94 11 90
16 86 14 18 5 90 6 40 12 25 17 58 18 44 13 4 7 63 11 38 9 59 1 18 15 4 0 27 2 33 3 17 4 52 8 39 10 17 19 4
13 31 7 85 18 27 16 26 9 43 11 60 5 86 8 21 4 92 10 43 12 39 2 25 19 56 14 18 17 93 3 50 0 67 1 78 6 5 15 44
2 26 19 59 8 85 5 44 18 46 17 63 6 23 12 13 10 85 15 70 13 48 3 15 11 36 14 82 4 8 9 6 0 3 16 67 1 6 7 75
5 60 13 81 19 75 8 86 11 90 1 29 14 92 10 63 6 52 7 2 18 8 4 28 0 50 9 52 17 36 12 33 15 54 16 98 3 95 2 66
19 53 15 18 6 96 8 79 5 20 0 31 3 34 14 32 17 17 13 37 7 98 12 42 1 10 18 88 16 36 10 60 9 90 2 33 11 16 4 26
1 32 12 1 10 22 11 59 16 99 3 72 6 52 7 74 2 73 14 8 15 11 4 13 19 72 17 13 9 54 5 36 18 50 8 29 13 67 0 31
10 1 0 80 16 24 11 41 18 47 5 34 8 56 17 45 6 63 7 27 2 68 12 76 4 29 1 68 13 43 9 93 19 34 15 29 3 9 14 62
19 96 4 36 5 13 12 56 13 96 9 14 16 1 0 70 11 19 8 83 3 59 6 30 10 89 15 96 1 95 2 95 14 40 17 32 18 11 7 18
8 1 14 90 10 16 17 25 18 95 19 56 16 14 0 94 9 46 4 12 11 30 2 94 3 86 15 14 6 1 1 7 5 46 13 38 7 75 12 84
10 64 13 87 12 96 16 65 19 46 15 92 7 9 3 52 18 72 5 62 8 92 14 51 11 93 9 7 2 32 4 56 6 51 0 50 1 12 17 45
12 49 3 82 11 86 8 6 10 89 15 81 0 56 7 12 17 16 6 49 19 39 4 85 18 22 2 91 5 44 1 17 16 27 13 77 9 10 14 13
9 17 16 5 17 53 13 98 6 37 1 71 10 14 11 94 2 21 5 42 3 8 19 69 15 7 4 41 7 1 8 13 12 83 0 95 14 9 18 98
7 14 5 37 3 57 0 76 11 57 16 15 12 51 4 96 15 78 9 26 1 64 2 43 19 48 14 41 17 23 18 86 6 6 8 48 13 31 10 3
14 71 1 92 13 28 4 31 15 41 18 57 12 59 9 35 19 76 6 61 10 91 16 27 11 52 3 86 0 41 2 46 7 42 17 99 8 69 5 29
14 79 2 25 0 40 15 91 17 91 5 11 10 68 7 95 6 78 4 72 8 94 13 9 12 40 18 34 19 12 9 13 1 15 3 58 11 92 16 52
19 17 11 38 17 29 7 82 12 73 1 10 15 81 10 6 5 10 14 53 18 55 2 36 8 53 9 42 0 98 4 38 16 83 13 80 6 3 3 29
16 35 10 32 8 36 11 5 18 99 13 57 5 72 14 98 12 87 0 17 7 34 19 69 4 90 17 63 6 44 3 86 2 80 9 14 1 42 15 59
9 31 15 40 18 25 10 35 14 80 3 31 1 84 4 62 17 80 16 91 19 51 2 71 7 37 6 94 0 65 5 39 13 33 8 73 12 31 11 7
4 79 0 61 2 53 9 4 15 66 17 2 1 32 12 1 13 36 16 46 11 10 3 63 18 34 6 17 5 65 10 71 19 26 8 32 14 81 7 49
7 69 3 78 6 17 0 54 9 41 10 85 4 15 1 3 12 44 18 80 2 99 14 23 16 52 13 18 8 74 5 35 19 9 15 76 17 26 11 38
4 4 15 78 2 33 5 45 6 34 8 6 7 67 18 45 13 13 19 33 0 78 14 13 16 5 17 36 9 11 11 27 12 71 10 39 3 44 1 40
