30 20
15 64 9 40 14 82 7 54 12 44 10 45 6 23 19 10 3 55 0 88 16 7 5 85 11 82 18 28 2 63 4 17 17 76 1 70 13 36 8 7
11 8 5 47 8 79 1 19 10 46 19 13 12 68 6 48 17 33 3 23 2 56 0 67 9 94 14 44 7 16 4 83 18 63 15 70 16 10 13 31
6 44 17 67 2 65 8 47 13 85 4 56 11 8 9 76 16 57 18 63 14 56 12 55 1 9 3 56 15 79 7 31 5 60 0 4 19 35 10 44
6 41 2 42 15 81 11 32 8 17 19 34 18 3 4 11 3 9 17 77 5 72 0 69 10 46 9 71 13 16 16 90 1 50 12 93 7 16 14 50
8 96 19 27 7 78 12 26 6 71 5 79 11 45 17 73 3 27 13 8 18 10 14 45 15 90 1 13 0 46 4 70 16 21 9 72 2 31 10 81
13 59 3 79 4 17 1 30 7 92 8 98 6 58 5 45 0 35 14 61 15 59 16 30 11 3 12 15 2 95 18 42 10 48 9 47 19 78 17 7
13 28 14 25 6 66 3 73 17 72 19 93 2 77 12 32 9 11 11 61 8 91 16 97 5 23 10 24 4 4 18 14 7 55 1 55 0 37 15 31
14 75 2 84 6 89 4 23 0 89 16 12 17 52 19 47 10 32 9 3 15 77 12 34 3 66 18 41 13 37 8 88 11 10 7 73 5 74 1 38
11 50 18 50 12 43 8 15 9 93 7 2 1 18 19 23 3 28 15 14 10 2 0 68 16 96 6 13 13 30 17 51 14 92 2 69 5 76 4 58
12 92 6 50 8 3 7 60 10 55 13 15 14 63 19 84 0 11 18 72 15 14 5 75 9 42 11 1 3 96 4 17 16 60 1 18 17 93 2 74
15 41 12 12 0 38 4 92 17 43 3 12 16 65 11 96 1 86 2 28 19 45 6 53 13 25 14 27 7 24 8 99 9 74 5 84 10 81 18 95
10 71 16 6 6 20 12 18 1 83 4 6 18 43 15 59 5 52 7 68 3 80 14 39 9 82 13 32 11 98 2 50 0 73 8 87 19 79 17 85
4 83 12 11 3 6 17 41 19 92 13 69 7 10 15 83 14 84 0 80 16 90 2 24 10 97 8 32 6 80 11 58 5 78 18 63 1 64 9 62
4 34 15 37 6 51 0 37 1 73 13 33 14 43 17 38 2 19 16 68 18 24 12 30 7 79 11 94 8 67 9 91 10 85 3 48 19 77 5 33
12 95 3 61 16 63 13 10 15 62 0 72 7 58 14 9 9 52 19 93 4 72 11 14 8 96 6 95 10 17 1 80 17 41 5 59 18 45 2 78
8 52 4 73 13 76 7 92 1 80 17 52 9 49 12 24 19 60 14 14 10 93 18 84 11 12 15 78 0 12 6 72 2 9 16 49 3 66 5 73
19 55 18 44 7 74 11 38 10 13 4 73 16 18 2 55 13 94 3 93 0 36 15 78 14 61 5 48 12 14 9 38 8 65 17 98 6 1 1 72
12 82 15 43 11 30 17 96 1 46 16 32 2 44 18 2 19 30 7 52 5 91 3 74 8 78 10 54 0 11 6 39 14 99 13 5 4 88 9 68
3 20 10 2 17 91 6 29 12 65 13 91 2 4 5 1 8 1 7 16 16 6 4 82 11 60 1 98 14 80 9 96 0 24 19 29 18 85 15 25
7 16 17 81 2 73 8 6 4 20 12 2 9 27 5 10 19 71 14 52 11 98 6 75 16 61 1 51 0 6 15 7 13 62 18 1 3 5 10 22
7 25 3 94 10 54 11 30 4 42 13 58 17 54 12 70 5 26 2 65 18 44 9 94 15 16 14 15 0 46 6 51 1 69 8 40 16 91 19 47
5 48 11 47 2 15 12 23 10 10 1 57 9 35 0 57 7 59 6 70 8 55 3 65 17 59 19 65 13 62 18 32 4 25 14 78 16 34 15 55
3 6 18 8 2 86 11 84 13 82 9 6 5 8 12 28 7 56 15 34 19 49 17 18 1 73 4 32 6 7 10 74 14 90 16 2 0 44 8 82
16 39 8 92 13 64 2 34 17 2 6 67 10 21 19 75 4 52 15 47 3 17 12 71 1 17 5 42 14 83 7 92 9 98 0 95 18 56 11 20
2 29 1 20 4 49 3 99 15 59 13 72 8 49 6 2 12 9 17 27 16 25 5 84 10 84 7 85 11 64 9 56 0 65 14 41 18 67 19 79
16 34 0 58 8 50 4 84 3 53 5 52 2 11 14 3 10 40 11 99 7 91 13 63 1 63 17 39 9 18 19 1 18 34 15 32 12 19 6 26
1 98 16 76 14 65 4 90 19 51 18 72 7 29 15 96 0 62 2 78 13 46 9 86 10 8 6 12 5 51 8 73 12 81 17 44 3 65 11 55
9 24 5 41 16 8 13 79 2 65 15 9 6 22 0 55 14 54 12 80 3 27 1 92 18 45 7 82 19 24 4 4 11 6 17 37 10 95 8 5
16 3 3 76 14 40 9 70 10 89 8 61 7 67 1 26 18 24 11 42 15 85 0 52 6 35 19 78 2 85 17 90 4 30 5 71 13 59 12 45
8 50 9 91 14 22 11 50 0 35 16 14 4 11 19 37 13 9 15 7 7 35 12 20 5 55 10 2 6 30 2 45 17 96 3 63 18 88 1 34
