30 20
11 1 5 66 15 88 12 93 0 49 16 22 18 29 4 28 17 29 10 20 8 1 19 48 1 54 9 27 13 25 14 76 7 83 2 92 3 71 6 63
16 61 11 5 19 4 18 99 12 88 7 17 4 89 0 56 8 92 5 62 3 34 17 24 2 40 14 58 15 20 9 34 10 16 13 30 1 24 6 90
0 32 13 50 14 14 3 31 7 14 10 53 19 6 12 20 9 31 17 70 16 24 6 54 8 1 5 60 1 71 15 71 2 93 4 29 11 68 18 63
4 86 6 44 0 93 11 18 17 58 9 93 12 74 5 93 10 81 8 8 16 88 19 76 15 50 14 65 13 33 2 52 3 89 7 92 18 19 1 22
11 36 18 43 16 32 7 8 3 18 12 11 19 6 0 60 17 28 1 25 8 46 14 22 2 31 10 72 5 98 6 61 13 1 4 52 9 13 15 69
14 56 8 33 18 84 4 47 0 89 16 77 15 16 12 32 1 83 9 55 6 23 2 98 19 34 3 17 17 97 7 5 10 26 5 97 13 43 11 78
6 95 0 90 10 25 18 75 1 44 19 11 3 46 7 38 17 70 11 28 14 11 16 30 8 69 13 61 5 48 2 37 4 78 12 8 15 46 9 23
18 5 5 35 1 98 9 62 11 32 2 16 12 34 10 56 8 40 17 8 0 76 19 23 3 9 7 25 14 23 4 76 16 3 15 39 13 88 6 9
6 57 12 39 13 89 19 58 9 37 4 31 2 74 10 57 16 56 0 95 8 13 3 54 1 19 7 31 15 85 14 96 18 91 11 13 5 73 17 38
2 23 14 34 19 95 13 43 7 57 10 32 1 84 16 30 3 93 11 35 6 48 12 74 5 86 17 67 0 53 15 98 18 69 9 45 4 56 8 58
0 95 17 61 11 8 15 80 14 44 6 23 10 39 16 66 3 17 1 19 7 92 2 25 9 25 5 5 8 97 19 38 18 11 12 42 13 74 4 7
0 50 13 80 19 66 15 15 9 68 10 27 8 11 5 12 18 97 4 22 2 86 12 32 7 40 1 86 16 29 17 42 6 30 14 79 11 94 3 82
18 48 1 86 2 85 11 4 9 46 14 98 13 64 5 51 19 40 0 23 6 61 3 47 15 53 17 66 12 23 16 98 7 96 4 5 10 51 8 12
1 83 4 90 10 65 13 15 6 45 3 76 2 92 9 23 12 49 8 89 0 74 5 25 19 83 18 95 16 2 14 65 17 68 11 77 15 75 7 18
1 84 12 2 15 1 2 46 16 97 9 43 5 63 6 86 7 8 19 75 11 15 18 13 10 85 4 99 0 32 17 55 13 43 14 94 8 21 3 43
13 52 19 8 18 6 2 82 16 23 14 53 8 59 5 73 1 4 17 65 9 5 7 62 12 60 11 20 0 47 6 39 15 85 4 11 10 27 3 84
10 14 3 40 2 65 19 33 0 5 5 4 16 28 1 36 12 31 17 54 14 80 11 63 13 15 4 60 18 74 8 84 6 65 9 18 15 61 7 73
1 71 12 1 9 27 11 18 0 53 3 81 14 73 6 95 10 92 8 73 15 52 7 73 19 55 17 79 13 13 16 1 5 30 2 30 4 86 18 5
7 65 5 29 19 83 10 76 3 51 14 72 9 30 18 87 0 53 2 99 16 51 13 51 12 77 4 33 1 38 6 47 8 19 11 79 15 40 17 53
1 80 0 88 10 28 5 55 13 61 7 41 19 32 15 87 6 65 17 75 11 38 2 66 16 97 18 8 3 73 8 67 14 69 9 79 4 56 12 72
11 18 19 99 2 70 16 75 6 10 4 79 8 83 13 11 10 83 5 29 15 52 14 58 12 56 0 84 1 39 9 56 17 47 3 60 7 36 18 78
14 84 19 57 10 27 16 28 11 60 15 43 7 32 18 7 0 16 4 17 13 63 3 81 5 37 12 36 8 91 2 37 17 3 6 40 1 97 9 6
17 20 18 46 11 77 16 58 1 41 5 89 9 60 13 71 6 12 19 41 2 23 10 41 0 5 8 45 14 96 4 89 3 74 7 40 12 40 15 72
14 63 17 41 9 58 2 89 3 71 7 65 4 43 11 16 1 49 5 74 10 70 8 84 12 39 6 18 19 83 15 5 0 96 16 41 13 11 18 73
19 68 18 95 1 28 17 16 7 42 14 82 3 83 5 87 10 38 11 54 13 39 9 98 0 99 4 2 16 45 8 29 6 92 12 72 2 77 15 74
18 38 4 21 8 89 14 20 19 79 16 89 10 52 17 92 5 31 13 80 12 50 11 15 1 38 7 72 6 11 2 66 3 90 0 1 15 35 9 42
10 93 15 1 11 83 4 65 0 39 13 96 6 62 18 95 5 13 12 11 17 27 16 53 19 64 8 61 2 96 14 1 1 67 3 8 7 41 9 62
12 66 7 28 19 51 17 24 1 94 2 80 10 67 8 58 9 46 13 88 0 55 15 87 16 42 11 32 6 76 4 66 3 25 5 16 14 72 18 62
13 78 14 38 1 58 7 40 17 82 8 99 11 74 12 48 0 78 3 35 10 32 18 54 9 38 15 86 16 6 2 8 19 31 6 30 4 52 5 35
14 78 1 40 10 17 5 13 7 88 0 76 9 71 11 48 15 34 16 39 13 6 8 57 17 32 2 94 4 15 19 98 6 40 3 9 18 12 12 70
