30 20
18 79 13 77 19 6 2 62 14 73 1 17 12 77 10 78 9 7 6 93 0 11 16 25 4 39 7 27 8 33 17 87 5 25 11 32 15 84 3 96
2 99 11 84 5 50 14 52 3 72 16 16 13 5 10 63 8 26 9 70 0 18 15 77 4 54 6 39 12 45 19 14 7 20 18 25 1 46 17 19
8 68 17 49 7 61 18 26 0 47 3 34 14 20 11 93 4 40 9 23 15 94 16 39 6 69 12 87 13 81 10 66 19 15 1 98 2 96 5 65
15 9 3 31 12 62 17 14 4 45 19 34 8 90 18 99 1 40 9 38 7 53 2 22 13 62 10 85 5 69 6 70 11 33 16 59 14 60 0 71
16 85 14 37 5 76 19 86 10 57 13 40 8 24 3 32 17 12 7 43 6 59 0 58 12 99 2 24 15 13 4 74 11 46 18 2 9 99 1 87
6 99 0 71 19 49 9 16 13 11 8 75 11 27 10 64 7 32 17 77 12 61 2 77 1 8 5 41 18 30 14 26 16 40 4 42 3 83 15 14
15 96 10 41 7 72 2 16 3 24 5 83 12 4 16 54 13 76 1 40 11 29 18 55 14 67 8 99 4 79 0 52 6 79 17 64 9 11 19 41
7 31 13 99 5 17 11 36 0 29 8 60 17 18 10 21 3 36 12 33 19 56 9 17 15 61 16 50 4 42 18 22 6 52 14 80 1 5 2 42
12 95 6 34 17 19 1 82 7 9 8 88 3 38 15 81 13 11 18 21 14 5 2 14 4 4 5 96 11 16 9 67 0 65 19 11 10 2 16 72
3 54 12 84 6 41 14 8 7 4 0 41 10 7 1 98 5 31 16 18 18 74 8 20 4 78 9 59 11 65 2 1 15 76 19 51 13 19 17 26
5 12 13 35 3 50 10 39 15 93 6 26 18 55 16 10 9 70 2 85 17 99 1 81 14 19 12 71 19 25 8 35 11 33 4 38 7 94 0 98
18 14 6 63 8 61 17 83 7 14 15 55 19 84 11 56 14 68 5 93 4 39 16 57 0 69 2 36 13 84 10 15 9 24 3 98 12 82 1 68
3 29 12 53 7 93 2 30 9 13 1 27 10 20 11 58 18 11 6 64 4 27 15 64 19 22 5 91 8 65 13 53 16 95 17 31 14 51 0 40
2 14 19 12 10 68 7 21 18 25 11 39 15 3 8 69 1 84 0 62 12 37 6 19 14 49 4 26 16 60 13 98 5 16 9 72 17 77 3 76
9 52 6 40 12 89 17 82 13 3 11 3 10 43 15 79 1 41 5 91 14 98 18 7 0 14 3 33 19 50 16 6 7 7 4 51 2 41 8 36
3 67 8 40 11 82 9 3 12 92 5 4 14 37 1 87 4 77 2 52 18 6 19 29 6 54 17 61 7 73 15 30 0 3 13 96 10 73 16 94
1 70 0 15 3 9 9 38 8 35 7 25 13 19 11 45 2 66 14 20 5 44 17 2 4 83 19 38 18 61 10 55 6 23 16 63 12 26 15 24
16 53 9 3 4 25 15 55 19 51 11 57 12 50 18 14 3 64 2 18 8 82 0 22 17 99 13 12 10 7 1 38 14 15 7 93 6 47 5 95
6 35 10 44 15 22 8 79 7 80 3 35 5 12 2 11 11 34 16 78 9 16 0 33 4 62 18 14 14 51 13 28 17 97 19 57 1 10 12 65
18 62 11 2 1 78 17 92 0 24 16 90 9 1 8 46 10 43 19 15 4 37 5 19 3 61 13 73 2 68 7 52 12 7 14 5 6 16 15 95
4 67 3 76 15 10 10 37 16 55 9 37 18 19 11 76 8 94 7 26 0 74 1 54 17 60 13 70 5 27 2 11 12 80 6 17 14 53 19 51
16 19 9 59 4 38 2 68 1 43 17 47 8 68 14 93 3 38 12 3 6 49 13 23 15 94 10 91 19 66 0 28 5 27 7 15 11 14 18 21
11 63 9 82 8 64 16 37 12 41 10 36 14 25 5 1 15 12 4 75 3 24 7 86 17 55 1 33 2 3 6 13 0 37 18 55 19 55 13 81
10 93 14 23 12 56 4 79 7 85 19 86 6 55 16 55 3 56 18 6 11 4 8 88 15 85 2 22 9 37 13 42 0 57 5 54 17 17 1 65
16 92 15 31 10 91 2 14 0 8 7 12 14 66 11 86 17 27 8 58 1 9 12 4 13 96 6 53 9 82 3 78 18 18 5 26 4 80 19 12
12 12 1 95 6 22 13 43 5 48 3 87 0 50 16 87 17 60 18 17 15 73 9 54 4 38 8 67 7 49 2 32 19 64 11 35 14 84 10 21
12 27 1 77 11 38 6 68 15 25 5 62 2 12 17 78 14 28 4 38 13 97 9 31 0 94 7 52 3 75 8 63 16 94 18 12 19 77 10 2
2 89 10 84 8 84 13 40 15 89 3 14 6 4 17 74 0 25 9 67 12 15 14 63 4 81 16 31 7 68 18 87 11 79 1 47 19 58 5 20
15 33 5 27 16 51 17 48 7 6 9 75 8 89 1 94 0 23 18 26 6 22 11 72 12 61 10 66 2 63 4 22 13 12 3 72 14 45 19 75
5 78 12 47 16 5 4 65 3 72 15 95 11 15 18 24 13 54 14 5 10 27 6 57 8 43 0 6 2 78 7 11 9 46 17 71 19 32 1 8
