30 20
17 52 16 16 4 22 8 69 1 26 6 95 5 44 0 98 7 33 12 66 11 19 10 17 15 89 18 40 13 75 3 28 9 1 14 95 19 95 2 30
4 86 7 11 8 90 6 20 11 96 10 72 17 62 15 68 3 37 16 47 9 6 5 98 18 70 19 88 13 63 2 62 0 65 12 10 1 1 14 7
7 32 14 83 8 67 10 31 16 15 15 47 12 20 9 24 4 20 11 24 2 46 6 82 0 61 3 78 1 50 5 50 13 77 18 86 19 95 17 76
14 17 5 57 1 11 16 9 13 15 18 68 17 31 2 30 3 56 9 99 12 85 6 35 8 89 7 71 4 14 11 63 15 20 0 59 10 26 19 6
0 44 14 8 11 31 17 25 18 33 3 6 1 66 13 85 9 47 4 17 19 28 15 38 16 62 5 24 2 40 7 19 6 48 10 86 12 69 8 69
7 71 14 27 8 94 13 92 1 3 3 54 10 84 9 74 0 98 12 44 2 36 16 94 6 72 5 38 17 95 19 33 11 51 4 59 18 33 15 18
17 28 19 63 16 64 11 3 15 91 10 50 2 8 14 32 4 27 1 42 6 88 0 56 9 68 8 48 13 15 5 72 7 60 12 42 18 72 3 38
9 8 18 12 7 18 6 26 1 73 8 30 4 10 12 95 15 88 17 33 14 38 5 44 16 16 19 13 3 28 0 67 11 18 13 65 2 45 10 70
0 92 9 65 2 18 8 34 16 34 17 46 7 27 14 6 3 56 4 55 13 48 1 14 11 84 19 41 5 90 15 11 10 27 6 60 12 10 18 10
9 43 18 73 19 46 11 57 0 5 4 42 8 50 1 35 16 1 17 49 15 24 2 96 5 13 3 68 14 26 10 4 12 89 13 94 6 4 7 91
3 21 10 43 19 5 0 19 5 3 14 54 13 10 2 7 6 43 15 9 4 51 16 92 1 88 17 31 9 76 7 66 18 16 12 31 8 54 11 13
3 57 18 16 0 68 2 37 7 93 1 55 10 64 8 21 9 40 6 37 19 52 12 62 11 34 17 57 14 81 16 73 4 61 13 80 5 97 15 97
18 89 4 10 19 56 6 40 13 45 8 21 14 86 3 45 11 76 17 43 10 55 9 50 7 82 2 62 5 61 16 13 1 48 15 83 0 81 12 24
15 76 7 9 18 79 0 34 5 73 19 9 14 92 17 93 16 13 2 50 13 66 1 72 3 68 6 20 4 70 10 12 11 89 8 43 9 3 12 89
14 53 2 80 7 70 10 26 3 15 13 86 0 26 9 55 12 46 19 84 16 73 4 29 5 47 6 12 18 57 1 97 15 94 11 55 8 28 17 83
13 36 4 26 16 48 3 81 17 75 6 47 5 46 1 73 18 24 11 37 10 53 12 51 14 81 9 57 15 14 19 76 2 20 0 59 8 4 7 34
1 80 2 87 11 96 14 9 19 93 15 99 18 2 6 78 4 30 5 93 9 83 7 41 17 12 12 49 13 12 10 6 0 14 16 90 8 60 3 97
11 11 8 79 17 25 6 63 12 6 2 17 9 9 3 90 19 28 14 89 0 53 10 91 13 58 4 89 18 32 16 45 15 80 5 40 7 9 1 77
14 96 10 81 11 67 9 83 5 5 0 72 18 29 6 8 4 48 1 83 15 77 13 44 19 4 16 10 3 69 17 60 7 81 12 77 2 85 8 68
12 77 15 95 3 40 13 76 2 12 1 13 11 50 14 24 8 10 16 69 19 8 0 15 10 8 5 1 18 92 17 40 6 36 7 98 9 61 4 11
10 92 14 44 18 74 17 19 9 11 1 18 12 56 11 61 19 56 8 5 0 1 5 75 3 66 2 31 7 65 13 24 16 50 6 26 4 40 15 94
12 24 10 59 8 79 1 29 6 5 17 62 14 53 19 58 3 14 4 93 9 27 2 2 18 52 0 59 7 84 13 2 15 19 16 51 5 26 11 85
3 74 19 48 13 41 1 84 10 65 4 80 0 52 5 9 2 66 17 45 9 96 18 60 15 32 8 33 12 80 16 48 6 85 14 41 7 42 11 97
0 83 8 51 10 26 14 86 12 69 17 29 7 67 4 2 3 93 15 27 5 87 16 27 6 23 9 42 13 8 19 69 18 47 1 45 2 6 11 45
11 51 12 93 5 48 8 41 15 25 3 98 19 98 9 32 4 60 1 16 18 33 2 9 17 19 13 95 6 31 7 18 10 73 16 22 0 42 14 35
6 95 9 73 14 29 15 6 3 84 19 3 10 94 16 1 4 2 17 32 13 46 12 57 2 94 0 53 1 37 18 5 5 88 11 15 7 33 8 40
2 16 1 42 12 56 3 10 14 14 18 1 0 31 15 92 9 39 17 32 5 36 8 65 10 81 4 33 7 3 13 10 16 22 19 3 11 96 6 34
15 15 3 70 6 82 18 17 0 68 2 58 14 6 4 18 16 34 9 54 11 29 8 92 19 54 5 42 7 86 10 40 12 38 17 13 13 93 1 53
8 64 15 68 4 98 2 82 12 73 6 3 13 78 5 22 7 99 1 84 14 68 0 91 10 49 17 95 9 93 11 25 18 28 19 14 3 43 16 32
9 47 19 99 17 73 18 66 4 24 14 70 1 42 10 27 11 10 13 7 7 37 2 50 16 46 6 80 12 63 15 68 0 27 3 29 8 68 5 80
