50 15
5 50 2 52 7 64 14 96 9 17 3 91 10 73 0 68 13 37 8 76 1 20 12 18 11 92 6 86 4 13
14 72 11 88 13 1 7 64 9 85 8 54 0 58 6 95 4 2 5 18 1 65 3 87 12 40 10 15 2 60
2 40 11 61 10 33 4 44 5 56 12 83 3 17 1 93 8 4 14 39 0 80 9 43 6 53 7 77 13 92
14 45 7 77 11 3 4 33 9 67 3 6 5 31 13 99 8 56 6 76 10 27 12 4 1 12 0 73 2 23
13 71 9 27 7 33 11 97 1 67 14 20 6 37 3 36 8 77 10 41 5 30 0 47 2 74 4 34 12 77
2 29 4 43 12 69 11 17 14 47 7 50 6 70 9 58 8 53 0 64 5 2 13 56 10 11 1 36 3 39
0 17 13 96 11 50 12 92 1 51 8 62 4 91 5 3 2 10 3 35 14 22 6 92 10 96 7 84 9 92
4 6 2 65 14 7 13 64 8 2 12 93 0 16 1 96 10 56 6 53 5 27 11 20 9 52 3 95 7 55
0 4 4 50 6 8 14 21 3 85 10 40 13 41 9 49 8 58 11 64 5 55 1 58 7 38 12 40 2 72
11 87 5 2 9 26 12 49 14 79 13 9 0 64 2 93 4 59 6 1 8 27 1 85 3 58 7 55 10 45
13 25 8 74 11 25 9 3 6 41 3 67 10 95 14 65 1 10 12 22 2 92 4 99 7 65 0 45 5 14
2 29 7 82 4 73 12 10 1 98 0 66 13 70 14 80 8 8 10 34 5 21 11 31 3 59 9 1 6 91
9 79 14 66 8 14 2 57 4 16 0 7 11 43 7 26 1 28 10 66 5 84 13 7 12 79 3 42 6 33
7 2 13 86 6 49 11 40 0 95 4 87 2 89 12 24 14 59 5 76 9 55 8 57 10 34 3 61 1 17
10 99 2 3 12 24 7 1 6 84 4 93 0 9 5 8 9 23 1 50 14 72 11 27 13 10 8 14 3 32
13 9 3 26 12 7 1 61 8 69 9 26 6 64 14 18 0 50 11 56 10 30 7 43 5 9 4 56 2 8
12 17 4 4 3 48 13 14 7 8 1 30 11 88 5 58 8 89 0 92 14 25 9 74 6 48 2 17 10 60
3 5 12 28 6 55 8 9 5 84 13 18 11 46 0 23 10 31 1 7 9 86 14 32 7 98 4 71 2 85
0 17 4 60 11 58 13 94 10 38 8 1 5 59 12 43 9 3 3 47 14 10 2 42 1 15 6 39 7 94
8 29 5 72 14 48 0 59 1 64 12 83 2 34 13 38 9 32 7 73 3 18 10 27 11 9 6 29 4 77
13 27 10 68 9 56 2 60 6 11 4 72 0 68 12 8 14 20 8 27 1 64 5 48 3 48 7 92 11 3
1 24 14 79 2 26 3 64 6 45 4 35 8 96 11 67 9 40 12 25 7 65 0 60 10 8 13 97 5 77
2 49 11 68 12 37 6 32 10 75 13 35 9 65 4 97 1 71 3 61 14 68 7 82 8 46 5 68 0 56
12 6 0 17 2 67 9 88 10 9 1 67 6 4 4 8 11 28 5 78 8 36 7 66 13 70 3 74 14 96
3 86 5 5 8 51 0 62 4 46 13 7 7 69 10 92 12 9 11 22 6 12 9 29 2 1 14 85 1 10
12 30 9 66 5 99 6 91 4 31 8 71 10 90 2 51 14 40 11 6 3 59 13 18 7 3 1 45 0 64
14 5 8 91 6 53 13 38 7 30 2 67 4 74 9 62 0 26 3 68 10 38 11 25 5 71 1 23 12 83
10 95 7 21 1 37 13 19 0 1 3 60 12 8 6 31 5 95 2 48 11 16 8 38 4 16 14 54 9 67
14 75 0 22 2 23 13 88 3 21 6 58 9 19 7 28 12 25 10 56 1 22 11 15 8 96 5 59 4 39
2 95 10 94 13 79 14 44 4 38 11 64 7 7 1 36 12 71 9 80 8 39 3 58 0 98 6 39 5 56
14 84 5 25 10 86 0 16 3 59 4 2 13 45 9 97 12 27 7 20 11 17 6 83 8 82 1 63 2 66
12 33 9 71 3 68 10 62 6 18 8 87 13 21 4 53 2 31 14 88 1 84 5 20 0 51 11 86 7 72
10 83 13 36 12 90 14 75 2 17 7 57 5 86 3 92 4 74 1 95 11 11 8 69 0 49 9 83 6 17
12 59 5 62 4 4 3 35 2 47 10 95 11 60 0 6 14 84 8 14 9 57 6 60 13 30 1 90 7 22
11 17 13 33 1 17 7 10 2 30 14 97 12 87 8 41 0 53 3 36 5 50 4 73 9 62 6 20 10 11
10 40 6 77 9 58 12 66 11 73 5 94 13 41 7 9 4 65 0 60 2 23 14 3 8 16 1 83 3 75
7 69 0 23 11 59 4 54 1 45 10 23 5 44 3 45 12 96 8 65 6 92 14 29 2 81 13 44 9 53
2 24 13 31 12 44 3 59 6 88 7 48 0 44 11 84 14 83 8 80 1 1 9 29 5 48 4 11 10 70
7 23 0 70 12 54 5 16 10 96 13 62 8 76 14 78 4 41 11 38 3 82 2 55 6 24 1 29 9 81
11 7 3 20 9 95 1 57 4 9 5 39 7 56 14 93 13 61 6 48 10 86 2 26 0 98 12 4 8 51
1 62 3 68 5 31 6 21 8 62 10 65 4 32 0 99 9 57 12 95 14 10 7 54 2 45 13 10 11 53
5 6 7 96 11 40 2 85 8 32 3 94 12 58 0 92 14 62 6 75 1 31 13 96 4 19 10 48 9 50
14 9 2 12 4 25 6 7 13 58 12 80 9 22 3 5 8 82 11 30 10 66 1 48 7 43 0 12 5 27
6 82 5 87 9 28 11 85 14 34 10 41 13 79 8 15 1 51 4 44 0 71 12 25 3 92 7 19 2 63
9 63 12 27 8 23 6 91 1 30 4 11 2 63 14 47 10 13 13 95 11 70 3 35 5 31 0 66 7 78
1 77 13 85 7 28 4 98 11 45 3 3 8 29 6 61 12 48 2 63 9 87 5 86 14 54 0 66 10 77
12 45 6 53 13 62 8 5 7 22 0 26 5 22 3 39 4 1 2 83 10 95 1 97 14 84 9 1 11 1
12 42 1 1 11 61 14 81 9 96 0 31 4 64 3 57 7 42 8 63 10 87 6 82 2 98 5 89 13 75
13 29 6 54 4 53 0 91 7 33 9 54 10 62 3 51 8 18 12 59 5 87 1 80 2 11 14 89 11 1
11 15 7 79 14 9 13 96 3 12 0 6 4 42 2 81 6 75 5 41 1 86 8 19 9 87 12 4 10 23
