50 15
12 40 6 71 8 59 5 18 3 25 7 28 9 64 1 73 0 90 13 63 14 39 4 28 10 48 11 43 2 76
0 30 8 96 3 14 1 44 12 9 11 13 13 12 5 90 7 40 4 92 14 63 6 24 2 44 9 32 10 24
2 24 10 18 1 95 14 82 4 20 11 90 9 10 6 63 12 84 5 67 13 68 0 30 8 85 7 17 3 22
13 18 5 60 11 44 3 9 12 12 2 12 1 64 7 50 8 24 9 43 6 46 14 21 0 56 4 6 10 33
9 59 1 44 4 47 10 94 0 52 14 41 6 26 5 86 11 40 12 39 13 28 2 58 3 47 7 66 8 38
9 53 3 12 1 83 2 76 12 56 13 24 7 39 5 11 4 16 6 53 8 42 0 34 10 22 14 52 11 52
5 78 9 23 10 88 11 72 13 60 12 32 3 63 7 11 14 33 6 55 8 66 2 17 0 97 1 41 4 60
3 24 13 65 0 93 9 55 5 38 1 49 14 41 10 38 8 36 4 73 7 37 12 48 11 22 6 49 2 95
2 87 7 62 10 98 5 91 4 59 1 90 8 2 12 85 3 28 6 45 9 93 11 94 0 64 13 95 14 2
3 79 8 75 5 77 0 88 12 88 2 91 6 28 7 82 1 11 10 93 11 10 4 96 14 77 13 29 9 44
7 94 14 21 2 87 4 55 0 94 11 6 3 74 8 89 12 30 13 86 5 90 10 16 9 47 6 53 1 77
1 31 0 7 5 44 13 4 2 53 6 18 9 35 7 64 12 2 8 60 10 91 4 24 3 65 14 45 11 64
5 48 1 50 4 32 13 18 3 17 9 38 8 31 7 7 0 69 12 99 10 88 11 14 14 86 2 63 6 43
14 79 5 62 10 3 4 71 3 41 9 71 2 30 7 61 8 41 12 76 11 71 6 7 0 11 1 89 13 17
10 29 14 88 5 43 13 15 6 52 8 45 9 2 0 80 11 27 7 6 2 54 4 6 3 61 12 52 1 49
3 8 8 11 11 12 6 79 0 12 13 55 7 44 14 4 1 5 5 77 12 7 2 73 9 88 10 66 4 86
1 82 12 80 13 85 4 56 8 67 9 52 11 49 0 57 14 44 6 13 10 5 3 32 2 94 5 97 7 62
5 37 12 71 2 71 11 65 3 48 6 65 13 94 8 65 14 45 10 19 9 70 4 50 0 96 7 46 1 42
0 64 4 82 12 90 6 69 7 25 14 52 13 63 2 12 1 21 9 12 5 51 11 76 3 69 10 21 8 42
4 12 2 27 14 74 8 2 7 95 1 78 6 89 3 33 12 63 5 79 10 49 0 13 9 71 11 32 13 61
7 29 1 49 2 13 3 87 12 69 6 22 5 90 11 19 14 46 0 24 13 12 9 28 8 79 4 70 10 96
4 14 14 4 5 96 2 95 3 33 12 8 8 81 0 5 1 86 10 89 11 16 6 11 9 30 7 12 13 84
14 95 4 38 2 69 9 51 5 33 7 18 0 85 8 96 10 92 3 27 11 79 13 73 1 90 6 90 12 86
4 71 5 5 14 3 12 89 6 35 11 7 8 80 0 92 9 9 10 12 7 18 1 79 13 52 2 95 3 31
4 84 9 55 14 76 10 82 7 69 13 57 8 12 5 34 12 19 1 94 6 14 2 58 3 94 11 65 0 37
10 37 13 60 0 15 1 54 3 94 14 12 6 11 11 5 12 54 2 77 9 43 4 71 8 38 7 44 5 20
11 34 0 59 12 17 3 32 6 47 4 30 8 51 5 43 10 62 13 75 2 41 9 47 1 10 14 73 7 1
1 86 3 31 9 56 13 46 5 40 2 98 10 57 7 90 12 38 6 8 8 65 4 82 14 16 11 1 0 21
11 46 13 92 4 52 9 32 5 23 12 24 8 94 7 8 0 9 6 19 14 13 1 63 10 7 3 14 2 78
10 40 1 49 13 62 8 55 12 3 11 90 0 45 9 10 14 25 3 9 7 29 5 9 4 73 2 24 6 67
2 43 1 47 6 41 12 80 7 70 8 98 10 36 14 97 3 97 13 37 11 97 4 65 0 69 5 10 9 63
13 91 6 37 9 31 14 22 10 51 0 47 11 6 4 76 3 96 5 50 2 16 1 87 8 82 7 58 12 31
12 18 14 61 9 63 3 51 6 4 7 71 8 8 11 50 5 60 10 11 0 83 13 56 1 39 2 27 4 79
8 42 10 5 6 71 0 28 4 87 5 36 13 30 12 9 7 37 9 41 11 53 14 42 3 91 2 28 1 43
1 93 2 24 11 48 5 56 9 6 12 44 14 94 7 6 13 72 4 71 8 84 10 56 0 82 6 29 3 82
3 69 12 18 7 13 8 39 9 69 5 27 10 95 2 84 14 85 0 4 1 72 11 68 4 96 6 72 13 53
10 32 2 25 5 41 3 30 0 34 14 70 12 97 4 88 6 35 8 36 1 76 7 28 9 52 11 89 13 74
11 56 1 82 2 20 9 78 5 72 4 24 10 24 13 1 8 71 3 24 14 18 6 69 7 85 0 93 12 50
7 71 14 16 11 18 3 40 0 90 5 77 8 97 9 53 4 17 2 35 1 12 10 92 13 21 6 3 12 68
12 19 14 54 3 30 7 34 10 42 9 4 1 58 2 2 8 34 11 35 4 9 6 96 13 15 5 48 0 58
4 44 0 52 13 67 2 28 5 29 14 46 6 89 8 65 9 38 12 54 11 58 7 24 1 3 3 94 10 27
9 75 1 71 4 54 14 44 5 29 11 33 7 53 3 46 13 84 12 86 8 97 6 77 0 40 10 67 2 89
1 97 7 70 9 61 6 78 12 30 8 72 10 62 13 12 14 22 11 29 5 82 4 53 2 48 3 17 0 64
8 26 10 82 1 69 3 21 5 6 9 91 12 44 4 24 2 11 14 35 11 74 7 61 6 23 13 47 0 60
5 11 8 32 14 23 10 64 9 20 0 94 6 1 12 64 1 34 13 36 2 86 7 25 4 5 3 95 11 23
11 60 5 84 6 66 2 9 3 57 12 61 13 28 0 94 8 83 7 52 14 54 10 90 9 88 4 53 1 77
6 74 5 85 0 19 1 98 4 7 3 91 11 47 2 47 10 36 12 49 13 94 14 27 7 81 8 52 9 26
3 79 6 46 7 19 1 99 5 5 4 27 0 56 14 64 12 96 8 88 10 26 11 30 13 50 2 61 9 67
3 46 13 90 12 32 7 9 0 44 8 44 9 64 1 17 2 7 11 32 10 23 14 43 6 42 4 10 5 31
7 24 5 42 14 81 2 96 3 89 0 98 11 84 10 34 13 96 6 54 9 26 4 90 12 27 8 53 1 74
