50 15
7 12 13 98 3 11 9 36 5 64 4 19 1 5 11 53 12 5 0 84 10 32 2 65 8 21 14 19 6 77
2 75 9 36 5 74 12 28 1 7 0 62 13 34 14 27 10 72 3 42 7 98 4 51 6 82 8 31 11 77
10 81 4 19 1 41 3 33 13 35 12 33 11 77 9 31 14 90 2 12 6 21 8 56 0 62 5 61 7 47
14 43 0 58 6 93 11 56 8 57 10 20 13 60 1 79 4 28 2 19 7 57 12 30 5 66 3 42 9 75
10 9 11 14 13 35 9 99 0 28 1 82 5 70 4 94 8 6 6 27 14 28 2 43 7 80 3 32 12 97
5 28 2 10 12 67 4 56 3 67 11 23 7 34 9 32 0 91 10 33 6 91 13 44 1 42 8 60 14 64
11 30 14 75 0 2 2 45 5 85 1 25 13 67 7 79 9 85 8 86 4 42 3 25 10 71 6 30 12 37
8 58 3 21 2 45 12 24 6 8 9 12 0 97 7 65 11 65 13 58 14 47 10 82 4 60 1 17 5 16
13 93 11 5 4 33 14 6 6 88 12 73 1 93 10 20 2 21 3 78 0 97 8 53 5 15 7 39 9 7
13 47 1 29 8 10 2 15 3 29 14 18 6 51 11 89 10 96 4 64 12 82 9 24 7 72 0 60 5 61
5 26 4 76 10 94 2 66 3 49 11 98 13 45 7 97 12 98 8 35 9 62 6 98 1 28 0 31 14 18
0 71 8 20 6 83 13 11 5 65 11 79 12 66 14 66 3 33 9 77 4 54 2 16 10 51 1 96 7 99
9 79 4 2 7 17 11 47 12 96 5 87 1 17 14 78 6 40 0 30 8 36 2 62 13 83 3 80 10 93
11 70 3 18 0 47 13 58 14 10 5 24 1 26 9 2 6 50 8 51 7 14 2 22 12 22 4 87 10 57
9 34 7 41 1 75 11 92 8 19 0 49 13 83 3 68 10 6 4 96 14 54 12 73 5 60 6 44 2 20
5 64 2 34 11 67 9 89 12 95 8 93 7 70 10 75 6 34 0 48 1 4 14 41 3 43 13 22 4 1
11 31 13 52 4 58 7 26 3 85 14 9 10 31 9 50 2 72 1 71 6 38 5 89 0 51 12 27 8 11
3 36 2 54 12 34 5 13 10 40 1 9 11 83 6 64 13 7 8 29 7 46 9 25 4 14 0 64 14 74
1 13 12 76 9 67 14 95 11 10 10 89 0 69 4 3 2 52 6 81 5 64 7 65 3 7 13 65 8 88
14 53 8 24 0 9 2 56 1 98 11 51 5 16 13 53 12 98 4 46 10 95 3 42 6 30 9 75 7 90
9 30 14 18 10 12 7 62 6 58 2 27 3 84 1 26 4 68 11 25 0 8 12 31 13 98 5 97 8 6
7 35 8 32 14 53 2 9 0 95 3 88 1 7 5 87 9 40 10 13 11 97 12 27 13 78 4 17 6 41
13 56 1 87 10 41 5 75 4 48 11 27 6 22 2 6 8 84 12 66 9 4 3 27 0 38 7 99 14 13
0 24 11 2 4 64 7 10 14 68 9 50 6 82 2 2 10 39 13 44 12 5 5 22 1 79 3 59 8 4
4 41 12 1 0 9 13 62 3 3 10 43 5 47 8 2 2 36 14 27 1 7 7 54 6 13 11 41 9 80
14 76 0 34 10 33 4 41 2 91 11 28 12 85 1 10 9 13 7 27 13 4 5 71 8 89 3 62 6 14
7 61 11 5 6 11 12 98 1 43 0 61 5 76 8 42 3 49 13 23 4 84 2 66 10 50 9 55 14 10
3 35 1 62 12 90 10 30 0 39 4 5 6 81 5 75 8 18 7 25 2 60 11 77 13 31 14 68 9 48
13 85 12 28 9 58 6 27 10 75 2 99 0 84 14 13 1 90 3 90 7 28 4 43 8 31 5 65 11 57
1 26 8 84 7 90 13 22 2 50 5 56 12 52 0 43 3 24 14 89 6 74 11 17 10 20 9 64 4 52
0 30 9 74 11 18 7 86 6 98 10 62 5 21 1 65 8 51 2 64 3 24 14 29 13 22 4 84 12 20
10 83 4 83 3 55 9 43 8 88 1 84 11 73 2 18 0 88 7 64 13 88 12 4 14 39 6 34 5 29
11 3 14 60 13 52 9 70 8 95 12 61 2 25 1 1 6 49 0 11 3 71 4 30 5 72 7 59 10 30
9 92 7 19 6 3 13 5 3 41 2 53 11 68 0 22 12 39 4 37 8 46 5 21 1 85 14 52 10 80
11 65 3 42 8 92 7 1 13 85 14 21 1 20 9 98 6 85 5 39 12 12 0 17 2 39 4 71 10 83
6 29 13 7 9 41 8 47 4 63 7 88 3 25 0 73 2 85 1 85 11 26 14 82 10 62 5 20 12 92
5 5 8 98 9 97 13 12 14 78 10 15 6 25 4 39 12 87 2 67 7 29 3 51 0 72 11 94 1 43
7 95 12 45 13 94 0 51 5 56 3 22 6 6 11 28 4 42 9 3 8 41 1 23 2 20 10 45 14 51
4 1 0 78 5 63 11 79 7 31 13 93 6 28 1 50 3 34 12 27 2 21 14 64 8 90 10 58 9 24
0 93 5 52 7 92 1 91 2 34 11 59 9 85 13 79 14 65 12 22 4 96 8 99 10 1 6 76 3 99
1 30 8 14 13 28 5 19 2 87 4 80 0 13 11 65 10 58 3 42 14 13 7 79 9 36 6 67 12 45
0 65 14 81 11 6 4 72 1 5 13 90 2 55 10 8 9 85 7 99 5 57 3 17 6 15 8 9 12 96
3 26 1 79 2 64 6 49 14 25 4 67 9 2 12 16 13 24 5 20 0 88 7 99 10 45 11 36 8 78
3 86 9 92 11 98 4 1 13 99 1 38 8 12 6 70 14 2 5 84 0 74 10 38 7 73 2 79 12 41
7 34 1 33 14 74 12 96 4 66 3 53 9 81 6 71 11 3 5 40 13 77 2 22 0 58 10 25 8 9
4 42 2 6 7 74 12 63 9 75 10 72 11 98 14 70 13 12 1 82 5 26 6 72 8 55 3 24 0 82
9 22 4 56 13 85 14 45 6 33 11 53 5 13 8 2 10 99 12 45 0 30 2 48 7 77 3 7 1 34
10 66 9 18 3 76 14 3 13 58 1 85 2 8 12 58 6 79 4 71 11 18 8 8 7 13 0 65 5 79
14 75 11 36 5 5 7 83 9 58 13 56 10 2 12 39 8 44 2 49 1 14 3 10 0 50 4 6 6 40
2 86 1 3 10 46 4 5 5 34 9 68 12 47 7 24 11 80 6 41 3 40 14 43 13 80 0 28 8 47
