50 15
6 35 3 69 0 46 12 27 7 97 8 22 5 78 11 10 2 84 10 14 14 55 4 52 9 94 13 88 1 2
5 96 4 42 7 76 0 91 10 78 2 79 9 36 11 94 8 59 14 47 6 25 12 8 13 80 3 8 1 26
9 7 13 47 14 10 2 42 8 84 12 90 10 38 0 9 4 77 3 62 6 62 1 35 5 57 7 3 11 84
4 41 3 48 11 87 8 59 10 91 12 94 7 36 13 6 1 72 5 72 0 81 9 14 14 99 2 51 6 46
3 41 7 88 13 26 14 52 9 21 1 32 6 26 12 74 4 31 5 19 10 46 2 51 0 29 11 11 8 64
1 36 13 99 0 69 12 83 4 61 3 58 9 91 2 83 8 61 7 67 6 15 11 86 10 96 14 50 5 70
0 56 9 46 1 17 5 72 11 74 6 74 4 86 3 2 14 62 10 21 12 52 2 86 13 52 7 67 8 99
13 62 11 36 4 57 2 32 6 2 7 24 5 66 1 46 10 88 12 21 9 64 0 89 3 52 8 58 14 34
12 95 10 80 3 90 2 98 13 68 8 37 14 18 11 63 9 20 4 15 5 38 7 85 0 18 6 81 1 94
11 53 1 43 4 86 10 81 13 46 8 52 2 90 7 50 14 37 5 46 12 13 9 38 6 37 0 54 3 32
5 79 3 33 11 70 14 96 12 60 13 17 9 15 8 33 0 3 2 63 10 99 4 56 7 90 6 85 1 63
14 71 0 32 7 88 13 45 9 21 1 96 6 10 10 25 12 39 2 23 5 81 11 53 8 60 3 53 4 33
13 22 11 93 3 50 9 31 0 43 2 48 5 97 6 79 10 59 8 98 14 81 4 66 7 46 1 61 12 83
9 10 13 80 12 29 8 67 11 10 7 20 6 39 2 33 14 81 1 36 3 2 5 95 0 91 4 87 10 52
0 54 14 65 8 7 10 70 2 37 6 29 3 62 1 87 7 46 4 25 9 56 13 78 11 79 5 99 12 82
8 68 14 82 7 75 3 56 1 71 10 76 13 33 5 28 6 98 2 46 0 19 12 41 4 38 11 67 9 94
3 43 8 62 1 27 2 63 5 98 13 73 10 16 0 69 4 2 11 61 7 61 12 25 6 42 14 40 9 40
8 86 7 38 9 76 3 64 1 38 6 98 4 24 11 15 2 96 10 29 13 6 14 72 12 19 0 91 5 98
9 60 1 24 7 46 8 63 2 59 6 33 11 93 14 81 5 35 3 21 12 84 10 82 4 79 13 6 0 61
6 93 7 82 4 20 2 23 11 11 12 69 1 41 0 86 9 13 13 70 5 32 3 46 14 18 10 1 8 76
14 5 12 96 8 55 1 17 0 96 9 43 10 79 13 27 6 63 2 15 7 48 4 64 11 92 3 64 5 7
0 30 10 87 9 58 13 56 4 33 6 4 12 26 5 6 11 65 14 63 3 61 8 39 2 73 1 62 7 92
10 6 14 9 4 26 6 4 12 1 0 53 5 4 3 30 1 67 8 18 9 58 2 98 13 22 7 40 11 62
14 89 10 82 6 47 11 43 1 41 0 91 5 93 12 68 7 51 13 77 3 57 4 60 8 39 9 91 2 78
14 11 8 90 4 40 10 43 0 14 6 27 11 67 5 59 1 72 12 42 7 84 3 3 13 42 2 14 9 42
6 35 1 60 2 75 0 37 12 34 7 26 9 58 5 53 11 79 10 10 3 62 14 14 4 2 13 48 8 6
1 1 13 43 11 93 10 88 7 57 3 75 4 30 6 48 9 84 12 57 5 78 2 72 0 20 8 77 14 19
5 42 10 45 4 70 2 42 3 90 7 6 11 80 9 60 6 56 13 82 8 76 1 15 14 70 12 96 0 77
11 17 1 63 12 30 0 55 6 14 4 75 7 70 2 22 13 19 5 39 10 65 3 5 8 86 9 10 14 8
14 78 9 19 4 64 1 65 13 26 2 15 8 67 5 37 11 50 12 19 6 90 3 96 0 82 10 41 7 75
0 35 11 92 12 30 10 61 5 55 3 12 4 70 2 36 6 56 8 49 7 47 9 59 13 58 14 74 1 16
3 89 11 28 10 6 13 9 7 22 2 95 6 16 1 8 9 41 8 97 0 37 12 37 5 29 14 84 4 67
2 71 7 11 8 90 14 24 3 28 6 53 5 62 9 31 11 34 0 77 13 40 4 4 12 15 1 54 10 1
8 44 6 78 12 58 0 27 13 16 2 85 11 18 4 38 10 22 7 19 5 69 3 74 1 27 9 29 14 50
14 25 9 69 12 7 6 73 5 79 10 59 0 1 11 59 7 60 3 33 4 11 1 30 13 9 8 87 2 42
12 7 9 56 4 69 14 64 5 90 11 48 13 1 3 10 6 93 1 73 10 22 2 74 0 57 8 95 7 92
8 64 12 89 11 54 1 31 3 63 9 51 10 29 0 56 6 95 5 41 13 44 7 81 2 24 14 74 4 19
2 87 12 68 5 79 3 34 4 37 6 81 7 12 14 33 1 42 8 62 9 88 10 8 13 28 0 69 11 50
6 95 5 32 7 88 11 38 10 1 0 22 4 57 9 83 3 44 1 20 8 23 2 77 13 74 14 6 12 84
4 33 1 5 8 17 5 77 3 71 2 61 6 85 10 54 12 33 0 80 7 23 11 32 9 57 14 22 13 4
6 97 3 38 4 13 2 73 1 83 14 7 10 28 11 21 5 91 8 83 12 37 13 80 9 45 0 15 7 59
13 35 3 48 12 45 4 83 10 34 9 68 2 63 5 29 7 5 1 94 8 34 0 3 14 29 11 77 6 87
0 41 11 31 13 67 4 69 3 4 10 53 2 19 12 65 7 65 14 65 8 65 6 72 5 72 9 27 1 77
6 13 2 62 11 78 0 29 4 26 12 15 10 9 8 52 5 72 14 46 1 93 3 97 13 6 9 16 7 11
3 87 13 8 5 41 14 18 12 19 2 4 6 70 0 8 7 48 8 19 11 38 9 94 4 23 1 40 10 64
12 68 5 7 4 14 1 13 0 89 9 92 11 47 14 32 6 67 10 44 8 46 3 87 2 50 13 57 7 20
5 23 3 50 6 86 10 17 2 30 1 20 11 70 9 49 0 37 4 60 14 20 7 10 13 78 12 64 8 40
12 98 4 54 1 76 10 64 2 26 7 57 6 27 11 45 14 46 9 29 13 33 5 54 8 39 3 21 0 58
4 27 11 12 3 38 8 40 13 51 1 71 9 8 14 75 12 18 10 14 7 77 5 91 2 74 6 95 0 88
3 70 6 13 7 3 14 80 1 11 10 15 4 80 11 96 8 80 5 21 9 58 2 43 0 86 12 80 13 14
