50 15
10 79 7 57 14 86 11 74 5 90 3 7 9 1 4 65 6 72 0 73 8 81 12 40 1 83 2 51 13 17
12 93 7 4 9 7 3 16 4 3 10 87 14 33 8 16 1 6 11 3 5 87 13 92 6 12 2 75 0 80
13 80 9 19 12 87 7 17 6 14 5 82 8 11 10 66 0 77 1 28 3 13 2 65 14 74 11 68 4 81
2 79 3 11 9 22 5 38 8 94 10 99 12 32 6 85 4 47 7 75 0 58 13 91 11 99 1 46 14 89
10 36 12 1 3 91 7 15 0 97 5 97 9 7 2 70 8 90 11 56 1 91 4 45 13 38 6 57 14 21
0 46 6 22 8 39 10 20 11 3 12 33 14 35 5 22 7 78 4 36 9 35 1 30 2 29 13 19 3 17
1 3 11 12 13 31 10 53 14 32 2 40 12 67 0 20 5 82 6 41 9 40 8 57 4 5 7 10 3 95
13 8 2 6 4 75 5 63 8 33 0 44 10 30 6 40 9 77 14 99 1 1 7 61 12 25 11 81 3 90
5 77 14 22 2 58 9 39 3 63 13 81 8 3 12 49 0 5 1 84 4 16 10 4 6 44 7 75 11 37
0 21 2 15 11 51 14 2 4 14 10 1 5 34 6 87 1 99 8 43 12 92 9 80 3 2 13 21 7 35
3 73 13 10 8 56 12 20 9 78 10 96 4 99 2 1 7 22 14 5 1 1 0 97 6 62 5 19 11 19
6 17 0 63 2 30 4 33 14 88 3 14 5 49 12 24 13 30 1 32 8 5 9 81 10 30 11 2 7 48
10 68 9 96 5 78 8 34 2 25 4 19 1 88 3 97 11 71 7 62 0 10 14 90 6 2 13 17 12 64
7 57 13 66 6 44 11 17 5 10 12 85 9 91 2 89 10 58 0 91 4 3 1 56 8 53 3 50 14 67
8 71 10 56 3 89 14 26 7 86 1 73 12 41 13 82 0 33 6 12 2 37 9 8 4 6 5 76 11 44
11 41 9 2 6 87 7 15 1 56 13 77 8 80 14 23 12 63 0 26 2 77 5 15 10 49 4 95 3 3
4 62 6 51 11 78 5 71 0 65 13 42 8 82 2 26 10 22 7 63 9 57 3 70 12 10 1 19 14 89
3 45 10 8 7 13 9 16 13 21 11 94 0 81 5 67 2 79 4 61 1 43 14 6 8 84 12 72 6 85
6 59 0 84 2 17 3 73 14 44 12 60 9 58 4 36 8 2 1 36 7 16 10 93 11 27 13 66 5 57
2 22 9 12 12 69 8 52 7 56 3 40 1 30 4 78 6 21 0 67 14 54 5 79 11 71 10 40 13 40
9 24 10 39 4 43 1 9 7 32 11 3 14 1 13 47 6 54 12 61 5 98 0 26 3 54 8 14 2 69
14 6 3 26 10 57 7 83 5 21 0 82 4 70 9 46 8 63 6 57 1 92 13 31 12 37 11 60 2 76
9 35 4 57 0 6 1 2 14 53 12 88 3 99 6 96 7 40 2 1 5 34 13 21 8 69 10 46 11 1
0 74 2 39 1 41 9 51 10 90 3 1 5 63 14 82 11 31 8 3 13 49 12 91 4 9 7 63 6 82
2 55 0 77 7 62 5 76 6 30 1 21 3 82 8 14 9 53 10 25 4 6 13 43 14 66 11 3 12 88
10 46 8 44 13 94 2 56 1 64 6 71 5 56 12 58 9 99 4 78 3 59 7 70 11 17 0 19 14 16
0 81 9 20 13 3 8 61 10 21 14 8 5 49 1 76 6 87 11 34 7 65 4 68 12 69 3 9 2 79
3 89 4 64 1 35 9 43 5 56 14 96 6 93 0 13 11 47 7 48 13 15 10 66 8 52 12 63 2 62
13 81 7 30 4 22 2 92 5 3 11 78 10 30 14 41 6 20 0 47 12 4 1 50 3 3 9 21 8 48
14 37 7 29 2 70 11 26 0 26 12 81 13 16 6 6 3 90 4 59 10 87 5 78 8 33 9 80 1 75
9 16 13 88 3 28 4 18 6 68 5 88 12 36 1 73 8 79 14 26 0 29 2 24 11 85 10 68 7 26
9 78 1 90 13 59 3 74 10 50 12 72 4 14 6 12 0 47 11 27 7 72 5 96 14 68 8 12 2 96
11 8 8 95 6 13 3 88 10 15 14 39 0 87 9 83 5 87 7 55 1 58 12 8 13 47 4 18 2 53
2 91 1 88 8 52 5 65 9 6 4 83 11 37 12 88 3 74 7 92 0 37 6 38 13 73 14 93 10 22
1 94 8 2 12 32 13 96 2 67 5 31 0 54 11 74 4 85 3 18 7 3 9 48 14 79 10 58 6 98
0 8 7 92 4 40 1 70 8 24 9 52 6 9 13 82 12 9 5 77 2 51 10 40 3 42 11 57 14 17
5 64 4 25 8 62 10 3 12 52 11 51 2 62 13 10 14 18 6 76 3 80 1 86 0 30 7 28 9 44
6 11 12 41 5 78 4 18 8 9 1 73 10 32 13 51 2 73 14 32 0 92 11 62 3 31 9 49 7 13
8 96 6 58 10 17 5 35 0 48 7 71 2 11 4 89 14 22 9 46 3 93 13 89 1 57 11 73 12 86
7 13 11 52 4 48 2 67 9 19 3 50 5 32 12 91 14 88 13 68 8 3 1 48 10 17 6 76 0 47
5 44 13 91 14 89 10 51 6 54 3 72 1 25 8 19 0 49 2 61 4 48 12 14 9 1 7 28 11 17
9 27 13 7 11 35 14 45 3 64 12 2 1 76 2 33 0 45 10 44 4 44 6 1 7 99 8 75 5 95
14 86 1 26 0 51 6 10 8 92 9 3 5 84 3 35 2 49 11 4 12 45 7 95 4 41 13 98 10 96
6 59 5 6 3 17 8 38 11 51 14 13 10 23 7 6 0 23 9 70 13 51 1 90 4 21 12 75 2 78
0 83 6 93 10 2 2 36 8 70 5 24 7 66 9 62 12 46 13 83 11 67 14 7 1 39 4 46 3 85
8 53 3 75 11 51 4 12 0 90 10 1 2 88 9 30 1 77 12 97 14 33 13 17 6 27 5 9 7 36
9 60 1 51 7 15 8 9 14 20 2 6 11 5 12 74 10 7 4 16 3 65 13 48 5 59 6 69 0 84
8 14 3 5 7 66 4 45 2 33 9 42 11 31 13 1 1 28 12 60 0 36 14 3 5 17 10 52 6 15
14 3 2 34 4 80 9 98 13 46 5 85 7 88 6 91 10 14 11 10 0 32 12 7 1 93 8 85 3 65
0 75 3 85 4 98 14 19 12 69 5 32 2 53 8 77 1 28 9 20 13 12 7 97 6 53 10 2 11 29
