50 15
2 55 11 4 3 76 10 73 0 84 4 18 7 9 5 86 14 3 12 54 6 8 9 30 13 48 8 42 1 40
10 69 11 70 4 39 7 87 6 14 2 58 3 72 5 84 12 53 1 38 9 31 14 42 0 49 8 72 13 89
7 5 11 9 0 38 10 83 5 40 8 78 4 32 6 24 13 79 9 87 3 8 1 6 12 67 14 34 2 57
4 89 13 20 11 76 1 94 5 5 7 37 12 64 2 11 0 51 10 63 8 76 9 92 14 41 6 44 3 47
9 50 5 42 14 53 6 23 4 78 12 8 10 42 13 28 2 73 8 75 1 71 0 92 11 93 3 19 7 12
10 15 12 52 13 97 8 37 0 89 1 38 4 82 9 23 14 48 11 33 7 24 2 89 5 80 6 14 3 92
10 2 14 10 2 76 0 15 12 51 4 89 6 92 13 27 3 7 1 49 5 84 8 62 11 7 7 65 9 35
10 85 12 55 3 76 14 81 4 7 11 56 0 46 9 29 6 45 8 41 1 49 7 81 2 82 5 63 13 71
7 59 3 82 2 79 10 42 13 86 11 83 12 12 0 1 9 11 14 37 4 11 1 8 8 26 6 65 5 52
13 49 4 97 3 69 12 77 5 1 8 31 9 98 2 27 0 51 1 86 14 64 6 88 11 17 7 51 10 63
1 75 3 63 5 86 9 99 4 25 7 56 2 14 6 11 12 67 14 5 11 71 13 82 0 17 10 68 8 40
5 53 4 98 8 4 3 57 9 45 14 1 6 54 1 77 7 74 12 97 13 53 0 59 11 96 10 32 2 80
3 71 0 72 5 27 13 9 4 32 12 40 11 97 6 87 8 23 9 47 14 60 7 91 10 14 1 76 2 92
3 71 13 3 6 46 2 74 11 51 14 69 7 79 8 23 10 10 5 6 12 58 1 27 0 20 4 73 9 81
3 91 2 88 8 7 1 55 4 83 11 9 5 38 6 51 0 33 7 69 12 99 10 37 13 78 9 12 14 49
13 71 6 23 3 41 7 36 8 69 1 42 12 42 2 54 14 58 9 12 11 92 0 41 4 18 5 1 10 44
2 50 0 50 8 75 7 51 12 91 1 20 14 48 13 25 6 86 4 14 5 70 10 91 3 30 9 28 11 76
10 13 1 29 13 93 9 30 5 68 2 35 4 82 14 58 7 89 3 64 6 58 8 49 0 4 11 12 12 71
7 72 4 75 6 79 3 44 14 61 2 59 0 77 8 13 1 32 13 72 5 20 9 28 11 97 10 19 12 99
2 23 6 36 10 65 3 33 9 62 13 94 14 37 1 20 7 29 4 51 8 56 11 3 0 64 12 17 5 63
13 57 0 61 5 40 10 63 3 99 2 76 14 92 12 7 7 16 4 36 6 59 1 69 8 69 11 90 9 14
10 26 13 23 9 8 0 63 5 2 4 18 7 58 3 44 2 19 6 51 8 97 12 98 14 11 1 75 11 45
8 83 3 43 11 88 4 5 10 33 13 20 2 38 6 94 5 14 0 17 7 41 14 85 12 1 9 82 1 78
9 11 14 18 12 55 6 75 2 95 4 9 11 86 13 43 8 95 5 40 3 92 10 21 0 34 7 93 1 98
6 61 9 71 5 86 0 98 10 54 12 57 8 67 4 98 14 45 3 83 2 28 1 78 11 12 7 88 13 34
1 83 10 11 4 30 3 62 5 18 0 41 13 35 14 61 2 74 9 69 7 32 11 58 8 80 12 73 6 79
5 67 11 30 1 53 4 9 9 84 8 87 7 49 13 78 3 48 14 72 2 26 10 32 6 16 12 45 0 71
5 57 7 17 2 63 14 87 6 92 4 89 9 6 11 5 3 73 0 20 12 19 1 63 8 6 10 79 13 18
9 77 10 71 14 82 6 80 7 40 13 45 8 30 2 17 12 28 0 72 1 36 5 99 3 58 4 66 11 53
10 31 11 22 1 55 8 98 14 61 13 62 4 61 0 88 9 38 2 42 6 57 3 56 12 98 7 18 5 43
3 92 9 97 1 50 14 89 13 49 10 96 11 5 4 60 8 5 12 52 0 88 2 83 6 22 5 65 7 17
4 61 8 21 10 33 6 63 13 72 14 64 2 48 12 25 1 99 9 91 7 77 5 29 11 83 0 58 3 26
2 37 8 59 9 38 14 72 6 98 4 15 13 12 0 28 1 21 7 73 3 72 11 57 10 99 12 90 5 98
4 57 3 57 2 77 6 63 14 63 12 89 11 76 1 17 10 96 5 15 0 94 8 13 13 98 7 8 9 88
10 23 13 80 7 28 12 44 2 92 8 99 4 42 3 39 11 39 0 36 14 61 1 64 5 66 9 78 6 66
8 62 5 89 11 12 3 46 9 30 7 75 13 98 10 49 6 45 4 71 12 26 1 32 2 17 14 89 0 51
0 98 2 67 11 84 5 1 6 42 1 19 7 90 4 42 3 66 12 38 8 93 10 12 13 13 14 43 9 58
6 19 1 69 14 26 9 36 3 91 10 91 7 92 12 75 4 5 8 28 0 63 13 93 5 26 11 3 2 70
1 59 10 25 6 37 2 80 4 82 8 45 12 25 14 87 3 85 7 60 0 42 13 79 5 39 11 19 9 95
11 8 10 42 1 1 9 7 4 29 14 58 6 40 5 41 0 97 8 99 13 8 7 35 2 78 12 36 3 48
11 50 2 7 5 43 8 3 1 29 14 66 4 84 10 22 12 41 3 58 7 77 9 79 6 99 13 33 0 55
0 20 1 51 8 95 3 16 6 83 5 23 4 30 7 45 11 49 13 85 9 84 2 65 10 45 14 28 12 27
13 93 12 28 14 20 1 87 5 56 2 67 9 60 4 72 6 85 7 9 10 47 11 82 3 83 0 84 8 52
13 39 11 72 4 18 12 78 5 76 0 66 14 85 2 99 8 14 3 83 1 52 10 83 9 40 6 7 7 79
6 19 8 40 12 78 0 81 10 27 7 49 11 57 1 85 9 64 4 52 14 20 5 49 3 4 2 65 13 98
3 80 1 14 7 53 11 75 9 88 13 47 0 22 5 33 14 43 4 73 10 16 2 84 8 97 12 32 6 90
5 52 1 59 7 18 10 36 11 70 4 73 0 20 2 59 14 12 13 21 8 93 6 61 9 92 3 2 12 13
1 79 6 35 10 63 4 43 5 2 3 30 13 43 8 97 2 51 14 37 11 15 0 9 7 60 9 66 12 62
7 20 6 81 5 69 8 50 0 76 14 18 11 8 2 51 12 38 13 23 3 33 9 23 4 57 1 44 10 65
9 87 1 17 13 44 3 24 6 88 2 36 14 57 8 5 7 43 10 17 0 25 12 14 4 82 11 89 5 64
