50 15
0 46 1 82 6 29 10 71 4 66 14 41 5 78 3 94 2 27 11 4 9 62 13 80 7 11 12 60 8 71
12 84 9 73 13 72 8 9 4 40 0 47 7 75 2 46 5 66 6 91 10 53 1 60 14 51 3 31 11 28
9 79 1 80 12 76 10 50 6 80 14 21 7 88 3 90 4 98 11 81 8 52 2 31 5 29 0 33 13 37
14 92 2 66 1 42 8 25 12 43 3 79 0 40 10 33 7 20 6 85 13 57 11 85 4 62 5 59 9 30
8 50 10 51 11 23 0 99 1 68 9 43 6 73 3 96 14 97 7 94 13 89 4 9 12 62 2 40 5 66
2 84 10 31 1 19 3 61 11 52 12 40 0 77 5 44 14 40 8 43 7 1 9 30 4 17 6 61 13 67
2 14 5 29 6 43 11 40 1 8 14 35 0 4 13 37 10 69 7 43 9 2 8 33 12 26 3 8 4 5
9 64 6 78 14 10 7 42 12 91 0 47 5 34 4 46 2 75 11 54 8 48 10 3 13 38 3 58 1 53
8 64 12 38 14 12 4 91 3 60 6 74 9 22 0 93 2 93 1 85 7 34 13 44 11 12 10 58 5 4
12 96 6 53 3 96 9 92 4 71 8 88 11 39 10 15 2 39 5 84 0 76 7 76 14 72 1 63 13 54
9 56 1 77 12 55 10 33 5 68 2 38 14 14 8 39 6 6 11 6 0 84 4 47 3 70 7 86 13 73
5 26 12 65 9 29 10 89 13 3 6 70 14 45 1 41 2 2 0 93 4 2 7 73 3 76 8 74 11 82
5 58 14 8 10 64 9 30 13 95 4 97 1 12 3 10 8 93 7 9 2 38 6 41 11 68 12 51 0 11
13 38 7 58 0 60 5 87 6 19 1 91 10 35 12 83 11 7 8 51 4 97 2 10 3 3 9 7 14 20
7 17 11 12 13 42 8 85 4 26 2 86 14 98 1 91 12 58 9 95 3 51 6 61 5 1 0 20 10 20
0 91 3 25 11 65 9 31 2 31 1 67 13 61 4 65 8 13 10 50 6 47 12 41 14 27 7 92 5 19
5 93 13 67 6 69 12 12 8 49 7 85 14 4 10 31 3 95 9 71 2 68 4 46 0 20 11 91 1 89
0 5 12 7 10 45 2 70 7 93 3 79 13 67 8 87 11 17 1 57 9 36 6 29 4 3 14 26 5 65
4 65 0 38 12 36 14 52 9 28 2 65 11 66 3 92 7 49 1 44 5 88 8 39 13 53 10 76 6 11
14 95 13 3 3 78 0 96 2 19 7 44 4 40 6 87 12 72 10 61 5 24 9 47 1 86 11 81 8 43
3 68 8 3 13 10 12 88 5 26 7 12 1 43 9 92 4 64 10 49 14 8 0 53 11 43 6 67 2 92
12 82 14 20 6 25 0 72 8 77 13 91 10 89 3 21 2 22 5 62 11 97 7 74 9 76 4 9 1 81
14 73 3 64 7 66 6 52 11 54 0 16 5 86 1 61 8 53 2 30 10 83 13 56 9 2 12 49 4 43
10 75 11 55 12 67 13 93 4 4 14 64 7 99 9 10 6 91 1 97 3 42 5 55 8 92 0 77 2 86
10 30 3 52 7 97 12 55 2 43 14 54 4 1 9 16 13 30 1 59 6 21 8 80 5 20 11 53 0 84
3 30 11 25 12 91 8 32 0 79 2 65 1 45 13 58 5 79 6 15 4 95 9 24 14 16 10 37 7 94
8 85 5 71 10 41 9 18 3 47 0 57 1 17 11 14 2 17 13 11 6 29 7 58 12 31 14 60 4 60
6 83 5 21 10 13 4 67 2 90 3 51 8 17 7 16 9 37 1 84 11 44 12 91 13 48 14 4 0 50
4 25 6 55 12 74 7 83 10 83 5 92 1 28 9 33 8 81 2 62 11 70 0 54 13 37 3 36 14 38
10 52 11 59 2 10 8 59 4 20 9 41 14 23 0 78 12 53 6 22 5 36 13 43 3 42 1 39 7 24
5 43 12 49 13 83 2 98 10 22 0 42 7 95 9 44 1 70 4 61 14 23 3 39 11 8 6 73 8 99
3 94 1 2 14 69 13 83 12 85 0 39 10 53 4 91 6 54 9 42 2 5 8 70 7 82 5 61 11 76
12 57 11 58 5 86 3 82 1 82 9 41 2 64 8 7 7 23 14 43 13 67 10 96 6 52 0 75 4 41
7 90 14 42 1 78 2 64 12 66 10 9 5 73 0 58 6 55 13 85 3 22 11 58 4 4 9 79 8 71
10 46 8 90 14 75 7 73 6 83 2 35 9 33 13 53 0 93 3 73 4 67 5 13 1 84 12 47 11 54
4 6 9 78 0 43 5 75 10 1 14 3 3 2 2 71 6 43 1 36 7 56 12 52 8 4 13 77 11 62
10 46 0 18 1 11 2 98 3 82 8 29 13 84 9 41 7 18 6 68 12 28 14 19 11 63 5 9 4 59
4 64 10 77 6 70 8 67 1 98 12 20 11 77 14 60 9 38 13 61 0 55 5 17 7 25 3 91 2 33
14 45 11 38 12 12 9 42 6 66 10 98 13 98 4 71 3 67 2 45 1 75 7 22 5 85 8 76 0 89
9 59 3 89 12 53 14 27 4 89 8 66 0 22 7 11 6 78 1 75 2 34 11 53 5 54 10 95 13 34
8 97 6 68 0 69 9 35 10 54 1 86 14 23 4 58 12 34 3 70 13 76 2 48 11 64 5 65 7 65
11 53 3 86 5 31 1 85 14 28 8 40 2 21 9 8 7 93 4 13 6 57 13 32 12 51 0 30 10 54
10 95 13 20 12 50 11 77 14 25 8 55 9 77 5 51 2 17 1 12 3 90 6 89 4 20 0 51 7 70
7 94 10 22 14 63 1 76 4 15 5 68 11 56 12 75 0 52 6 26 2 67 8 34 9 45 3 20 13 3
0 38 2 89 9 13 8 44 6 35 7 31 12 96 14 5 11 95 13 36 1 72 3 29 4 88 10 52 5 86
0 42 13 14 7 19 1 82 14 25 3 33 2 16 11 53 5 11 4 73 10 5 8 99 12 61 6 36 9 31
8 33 13 65 12 72 4 59 0 92 10 54 7 78 14 23 5 19 2 27 9 49 3 26 1 1 6 13 11 32
13 87 2 78 9 25 11 66 10 27 0 35 4 84 5 98 12 9 8 86 7 13 3 12 6 55 1 12 14 16
3 83 6 59 10 75 9 39 8 70 1 35 4 3 11 52 14 23 12 58 5 56 0 56 13 81 2 12 7 24
13 74 1 17 10 79 9 31 14 82 5 94 8 41 7 7 11 14 2 45 12 81 3 69 4 29 0 90 6 83
