50 20
5 1 2 87 7 37 11 3 17 37 8 67 3 7 18 50 1 12 16 22 15 78 13 2 4 49 12 88 14 27 9 60 10 86 6 95 19 69 0 50
13 62 3 16 8 46 14 9 6 93 19 78 15 32 9 84 4 71 17 95 12 10 7 92 5 52 10 25 2 73 11 44 18 91 1 52 0 27 16 52
13 49 9 55 6 76 3 35 15 26 11 51 7 10 16 63 2 56 1 33 19 70 0 5 4 30 10 79 18 2 8 12 12 55 17 36 14 34 5 71
11 27 18 25 15 99 9 57 2 84 13 64 6 96 19 66 0 42 7 15 1 85 8 63 5 79 14 1 3 35 4 7 10 44 16 94 17 33 12 19
4 49 13 48 9 21 17 9 2 88 10 58 5 68 19 76 3 95 16 58 12 33 18 83 6 91 8 76 1 17 14 37 11 66 0 88 15 13 7 24
17 42 10 3 15 43 1 68 8 53 12 40 3 66 5 5 16 19 2 34 19 33 13 40 18 8 9 67 4 30 7 82 11 57 0 9 14 90 6 59
8 93 19 25 6 81 7 68 4 51 18 83 13 42 5 84 17 52 2 4 11 90 9 50 10 40 1 58 0 11 15 96 16 65 14 4 12 63 3 58
0 44 6 94 8 86 17 44 3 6 19 97 15 16 12 94 1 43 4 27 9 21 10 79 2 88 5 9 13 15 16 58 18 24 14 98 7 81 11 93
6 75 8 94 3 19 18 76 15 38 14 69 19 62 13 50 12 86 10 30 4 9 7 34 0 44 17 59 1 86 5 76 16 22 2 56 9 17 11 21
10 69 4 22 0 4 19 91 17 84 3 14 2 59 9 34 13 27 16 58 6 96 14 31 18 43 1 59 7 16 15 75 11 71 12 5 8 9 5 8
16 98 7 97 15 48 6 72 1 66 2 46 9 61 0 89 11 53 10 99 19 12 17 56 5 60 3 36 12 94 4 15 18 52 14 62 8 52 13 93
19 93 2 62 14 16 5 60 11 41 8 53 4 84 15 98 16 24 10 60 1 50 13 32 0 30 7 95 12 66 18 37 17 65 6 6 9 4 3 94
11 25 13 64 0 36 1 90 5 17 12 91 18 40 8 71 4 55 2 57 17 33 15 98 7 59 9 19 14 31 19 86 6 94 10 44 16 52 3 21
11 77 10 3 0 42 9 3 19 28 16 11 12 46 7 79 17 15 14 90 5 21 13 87 1 63 6 74 18 6 4 76 3 20 8 79 2 20 15 54
4 61 8 59 3 62 19 87 12 77 17 37 6 14 13 85 7 47 18 10 9 66 1 76 2 22 11 29 10 8 14 76 0 24 15 70 5 63 16 83
19 10 0 28 5 14 17 26 2 65 8 82 3 25 13 20 14 84 11 91 4 44 12 20 10 90 15 22 9 44 6 45 1 56 7 60 18 99 16 31
17 50 10 63 2 14 1 63 0 81 15 64 18 80 12 68 7 63 4 47 14 47 9 52 13 79 5 68 3 18 8 45 6 22 16 93 11 98 19 68
4 5 3 80 17 61 10 33 14 91 1 14 2 37 9 5 16 63 0 24 5 23 19 41 7 44 6 31 13 15 15 57 12 97 11 21 8 1 18 94
0 5 12 23 8 65 13 90 4 78 15 78 19 20 11 86 7 17 6 17 16 6 17 27 9 51 5 6 10 3 18 45 3 37 14 53 2 48 1 60
18 60 1 38 8 37 3 29 12 65 4 10 16 46 9 23 11 28 19 67 5 8 7 23 15 25 2 98 17 71 0 60 14 3 10 22 6 1 13 55
1 22 9 63 15 30 0 34 13 23 14 2 18 89 5 58 17 37 4 59 7 74 12 11 2 50 6 15 19 15 11 81 16 22 8 48 10 45 3 60
17 80 2 80 11 67 14 96 4 78 13 73 7 96 19 98 6 32 15 83 3 59 1 87 16 3 0 98 10 58 8 32 12 5 5 14 18 65 9 88
8 27 16 45 4 15 17 4 12 30 14 59 13 1 19 42 7 43 0 80 15 61 11 12 2 34 6 89 5 60 1 44 3 86 18 10 9 74 10 48
18 25 10 60 1 65 5 95 11 26 3 86 13 64 9 94 8 99 0 17 19 6 17 52 14 57 12 60 6 87 7 42 4 59 2 22 15 18 16 2
1 43 14 75 0 33 19 97 13 23 6 58 4 1 18 90 10 62 2 50 11 20 17 45 12 9 16 7 3 71 15 18 5 32 8 30 9 79 7 13
5 34 7 93 1 51 12 19 18 33 10 90 6 74 3 23 9 82 19 74 2 84 11 19 4 50 15 18 13 42 14 41 0 38 8 40 17 9 16 84
14 75 6 38 2 27 15 18 10 56 13 74 12 78 0 18 19 25 3 38 9 87 17 6 18 23 16 82 7 68 4 83 5 22 8 54 11 42 1 68
6 56 3 42 7 72 13 43 9 49 18 87 8 39 1 28 17 99 15 36 12 34 0 3 14 15 19 89 2 83 4 38 10 64 16 83 5 18 11 58
19 18 11 41 12 69 0 26 8 76 7 25 15 71 1 27 6 51 3 58 17 37 10 90 9 20 18 85 16 6 5 39 4 85 13 61 2 82 14 34
0 69 13 97 14 33 19 58 6 8 7 36 4 62 10 6 5 50 15 32 12 68 2 82 8 16 17 18 11 59 3 16 1 85 9 18 16 64 18 45
18 6 5 1 9 61 2 55 6 5 10 19 3 52 16 63 14 20 7 21 0 9 4 98 11 78 17 3 13 68 8 4 19 49 12 79 15 61 1 79
7 87 11 48 1 12 19 81 13 61 6 49 8 42 2 50 16 32 3 38 10 74 17 94 14 64 0 25 18 15 5 9 15 88 12 57 4 39 9 5
0 69 10 82 9 16 17 48 3 36 13 63 8 58 18 76 7 5 16 47 6 96 4 83 2 44 14 17 11 2 5 61 1 66 12 76 19 44 15 59
0 63 4 48 10 11 6 79 15 83 17 64 19 73 7 88 13 95 9 59 11 41 12 41 16 68 1 9 14 45 5 38 3 24 18 81 2 52 8 7
7 59 9 44 11 94 5 99 19 7 16 7 15 21 3 81 14 97 4 13 18 13 6 16 10 5 8 23 12 52 1 4 13 92 17 51 2 32 0 77
4 35 14 18 8 62 1 46 9 5 17 27 11 70 6 95 15 5 18 5 19 83 7 51 13 43 2 14 10 16 5 64 3 20 0 57 12 72 16 70
2 18 13 38 1 60 16 97 15 89 14 76 17 32 18 1 3 45 6 45 0 91 5 77 19 87 7 79 11 39 9 88 8 76 12 96 10 13 4 74
17 44 9 39 19 98 12 28 10 95 8 37 14 66 3 27 1 72 0 91 4 11 7 21 16 4 5 91 18 33 6 51 13 93 2 61 15 40 11 25
16 61 0 34 8 81 9 49 3 71 15 73 13 73 7 20 5 8 19 35 10 39 11 22 17 33 1 63 18 95 12 8 14 70 6 53 4 44 2 26
1 43 5 44 18 59 3 31 16 82 19 41 2 51 15 70 8 6 12 90 9 7 7 23 14 90 11 40 4 38 10 77 13 82 6 49 0 22 17 30
7 43 5 82 4 90 2 46 6 37 8 49 0 18 17 79 1 69 15 79 11 5 18 93 10 87 3 17 16 36 19 54 12 38 14 9 9 44 13 91
5 70 6 94 11 4 7 31 0 72 10 73 9 21 8 40 13 25 17 3 15 5 16 3 3 24 12 71 1 52 14 87 19 4 18 20 4 20 2 46
7 89 4 30 5 58 13 94 14 11 0 85 18 1 12 10 8 17 19 99 16 79 1 96 15 24 6 56 3 84 9 58 10 36 11 18 2 30 17 10
5 51 14 27 12 54 11 83 18 55 0 63 8 94 16 62 19 17 13 56 10 7 4 23 17 57 6 21 1 48 7 66 2 85 9 51 3 18 15 65
18 64 13 40 4 86 3 50 7 13 1 57 2 34 15 1 14 71 0 4 17 8 5 14 9 4 8 97 12 83 10 38 6 35 11 39 19 98 16 32
1 5 18 4 4 72 7 42 5 65 0 87 17 71 10 60 16 27 19 29 2 70 15 48 14 36 12 10 8 8 13 74 6 23 11 29 3 18 9 98
2 70 19 72 1 3 6 94 14 77 0 31 16 97 7 24 9 8 13 44 18 52 11 24 15 54 4 32 3 86 8 76 12 23 17 81 10 42 5 98
4 66 0 23 11 24 9 41 16 27 8 13 13 12 18 1 1 6 15 47 14 36 17 4 5 45 6 69 12 74 3 79 2 11 10 21 19 46 7 14
1 47 17 35 0 92 14 45 15 31 19 17 8 63 3 44 11 1 10 43 2 39 4 32 18 6 7 14 12 92 6 66 16 19 9 53 5 40 13 65
12 43 0 65 5 42 1 72 11 55 8 38 17 76 7 75 2 72 6 53 16 36 15 94 3 59 14 64 4 74 19 28 18 20 9 65 10 49 13 92
