50 20
1 13 10 81 14 35 7 92 13 20 0 66 6 50 3 8 12 39 9 66 15 2 5 87 11 42 2 28 4 30 17 52 16 92 19 78 18 97 8 4
3 23 19 62 17 90 1 31 8 73 0 40 5 66 2 4 16 24 9 35 10 24 11 26 4 77 7 32 18 6 12 91 13 46 6 46 15 29 14 39
3 36 5 91 8 97 14 89 11 97 1 8 15 87 10 15 6 32 18 6 9 26 2 63 17 85 4 53 16 32 19 11 13 66 7 65 12 95 0 59
3 99 18 75 6 89 0 91 10 31 8 93 19 14 15 56 9 94 4 35 12 71 14 76 5 48 16 41 2 26 13 80 1 7 7 92 11 81 17 12
3 32 19 94 11 2 12 71 2 27 18 95 5 49 15 64 9 80 0 43 13 8 16 88 14 60 8 37 17 74 6 67 10 28 4 79 7 9 1 55
12 77 16 76 17 76 19 94 1 47 8 37 7 98 14 15 13 14 11 71 18 52 9 19 10 24 3 4 4 59 6 41 0 76 15 33 5 54 2 18
11 62 8 21 19 86 3 93 0 39 17 18 7 43 1 96 14 58 13 94 16 63 9 88 4 76 6 30 15 9 2 54 5 3 12 63 10 28 18 3
14 69 16 80 3 27 10 45 5 95 17 49 9 55 11 15 4 39 1 94 8 28 18 58 2 34 12 6 6 92 19 68 0 66 13 92 15 19 7 51
9 95 13 95 4 18 14 68 11 17 8 72 16 84 17 96 15 31 0 60 1 29 2 8 10 52 5 82 18 89 12 66 3 83 6 18 19 2 7 73
17 45 5 17 11 17 7 44 19 10 10 19 15 13 3 17 9 72 12 67 18 99 16 33 1 43 6 5 2 66 4 23 14 88 13 16 0 31 8 84
9 34 19 35 18 91 11 99 16 96 12 52 1 98 3 21 0 70 17 41 15 16 4 17 5 8 2 69 14 68 8 72 7 25 10 14 13 78 6 34
9 71 17 26 2 4 16 99 0 77 7 32 4 38 10 93 12 99 18 45 1 53 11 69 15 32 3 92 6 96 14 51 8 48 5 91 19 37 13 48
18 7 1 64 13 69 0 18 10 96 6 41 7 27 2 2 17 22 14 90 19 41 11 5 8 55 3 94 16 43 12 67 4 24 9 25 15 78 5 72
4 51 10 91 8 34 1 72 5 14 18 50 14 69 16 87 19 22 9 15 12 49 3 53 13 36 17 55 2 19 11 57 15 54 0 72 6 97 7 29
0 11 3 41 4 81 5 67 8 45 2 17 11 99 9 94 18 37 17 97 6 91 10 72 15 35 13 70 7 49 12 32 16 35 1 9 14 96 19 70
19 24 2 88 4 25 6 67 13 45 1 51 9 79 16 30 11 51 7 57 12 5 3 55 0 50 10 64 14 80 18 72 15 1 8 60 5 41 17 46
6 62 2 13 9 82 3 89 7 97 13 29 16 85 14 86 15 89 10 44 4 85 0 4 5 42 18 45 12 27 17 82 1 41 11 43 8 42 19 72
10 27 18 64 0 79 14 62 15 46 5 71 2 40 8 11 4 18 6 49 9 87 7 2 1 79 12 98 19 51 16 74 11 9 13 67 3 83 17 65
11 59 9 87 19 28 1 22 0 19 7 30 3 12 6 14 12 73 14 4 4 23 16 6 15 69 5 25 17 18 10 59 13 54 18 37 8 64 2 51
9 17 10 51 2 89 15 17 11 27 4 47 5 11 8 81 16 26 14 89 0 76 7 48 18 70 12 43 13 14 3 33 1 63 17 78 19 28 6 72
18 42 2 60 11 99 7 72 12 52 10 18 14 14 13 3 19 26 6 97 1 71 5 18 4 5 16 1 0 75 9 92 15 75 17 4 3 70 8 98
18 76 1 36 19 66 14 50 5 41 0 12 6 84 13 4 4 90 12 88 17 23 8 21 10 7 3 91 11 98 9 55 7 81 2 63 15 38 16 63
16 78 4 41 12 85 9 14 3 46 1 5 11 63 14 15 5 77 15 96 17 33 6 89 7 74 10 84 13 4 2 70 8 72 19 34 18 57 0 95
13 99 5 78 1 89 17 20 6 81 16 86 4 30 18 23 7 61 11 4 2 36 15 38 10 97 3 23 9 49 19 19 14 93 0 68 12 6 8 55
5 82 14 49 2 2 9 83 17 86 16 72 3 26 19 70 15 13 18 74 8 5 6 41 11 85 4 68 0 39 7 4 1 67 12 23 13 36 10 87
13 29 7 63 5 83 19 50 12 22 15 43 6 21 17 67 1 59 14 13 18 29 3 72 9 1 11 63 16 16 0 22 8 56 2 61 10 7 4 54
16 59 3 24 19 63 5 78 14 63 18 53 6 90 11 12 4 14 17 84 8 83 12 9 15 58 0 67 7 88 9 65 10 56 1 77 2 31 13 49
2 50 7 66 10 34 15 74 16 71 17 12 13 97 19 44 6 29 5 44 1 99 14 67 8 44 3 76 12 2 11 43 18 30 9 1 0 48 4 15
17 56 4 23 9 7 14 8 12 52 13 84 2 73 11 75 10 87 6 21 5 47 16 91 8 17 18 83 3 36 7 53 19 45 1 60 15 51 0 72
11 68 10 32 6 37 12 11 4 9 13 35 5 36 14 48 0 55 8 15 16 35 3 33 18 84 17 35 9 80 2 50 15 86 19 55 7 94 1 78
10 77 12 24 8 35 11 49 2 48 4 12 9 4 19 99 0 75 1 22 5 82 6 18 18 4 15 15 17 24 16 10 13 45 3 14 7 48 14 94
10 42 16 52 1 83 9 54 14 60 12 11 13 91 0 10 18 27 11 28 4 72 6 89 7 73 15 68 17 82 5 20 19 83 3 56 8 49 2 42
12 83 1 12 18 76 19 93 11 63 8 43 15 55 5 3 13 91 10 58 6 90 9 90 17 17 3 9 0 12 14 73 7 49 2 76 16 32 4 2
18 72 7 80 3 4 11 30 8 45 16 31 4 78 12 56 15 52 17 15 13 97 0 1 1 2 10 60 6 94 19 43 9 35 14 5 5 85 2 76
13 88 4 32 5 49 19 6 1 65 18 7 12 18 17 7 3 62 10 1 14 60 15 7 16 93 6 31 11 97 2 94 7 14 0 68 8 87 9 10
6 41 18 77 13 74 5 77 2 75 4 59 12 88 16 66 3 12 1 20 7 96 9 38 8 15 15 45 19 34 14 78 11 83 10 36 17 75 0 76
4 6 13 75 16 45 17 82 12 79 10 32 2 57 15 63 6 16 19 56 7 69 5 60 0 31 18 81 14 40 11 89 8 72 1 84 3 11 9 94
13 88 16 91 2 78 1 25 15 37 5 62 10 97 4 29 6 3 18 46 9 87 7 40 19 42 14 72 8 80 17 39 3 17 11 49 0 92 12 64
5 80 15 3 16 1 8 86 13 66 7 25 12 31 4 74 17 56 1 78 0 99 14 54 18 17 3 39 9 62 10 90 19 87 2 4 11 42 6 47
5 52 3 12 17 79 1 29 13 13 4 4 19 92 9 75 18 19 10 36 7 19 2 72 15 24 16 12 6 82 11 50 14 20 0 59 12 76 8 21
16 44 19 7 12 67 13 4 5 32 17 56 2 78 7 97 18 86 6 22 8 29 10 52 11 40 14 65 15 66 3 50 0 44 9 63 1 3 4 9
13 49 18 22 11 66 15 44 1 95 9 59 10 75 6 23 19 19 17 18 14 35 12 20 2 85 0 57 5 3 3 26 4 9 7 46 16 19 8 28
10 77 0 57 17 72 3 25 16 77 9 89 19 52 2 19 8 34 15 71 13 6 12 68 7 56 11 91 1 7 4 60 5 65 14 44 6 69 18 9
6 8 14 8 5 76 15 55 0 63 8 27 3 95 11 70 4 26 9 46 12 47 17 22 7 3 16 36 10 24 1 68 18 91 2 34 19 58 13 88
6 97 3 3 9 54 19 82 0 89 12 89 18 93 5 75 11 15 13 63 10 16 7 94 8 19 15 29 1 79 2 70 4 93 14 83 17 94 16 70
12 46 17 93 4 92 8 98 7 22 13 35 15 8 5 69 16 52 11 24 0 37 3 64 19 35 18 99 10 81 6 50 9 70 1 30 14 87 2 79
7 87 11 17 5 33 12 87 4 42 0 99 14 69 16 62 6 13 8 81 1 6 19 78 17 3 13 59 9 96 15 85 10 36 2 89 3 11 18 30
6 57 8 66 17 89 9 25 14 47 5 93 1 73 3 24 16 91 2 45 15 66 19 42 12 51 4 43 10 28 18 82 0 49 11 35 7 79 13 47
18 58 11 2 5 57 7 38 10 18 17 41 3 17 0 41 15 50 4 80 13 34 19 55 2 42 16 52 14 95 9 87 12 34 6 67 8 6 1 12
4 51 1 80 10 24 17 76 9 62 8 57 6 69 16 90 14 10 12 97 13 59 5 38 11 36 15 84 7 46 3 78 18 49 19 71 2 18 0 88
