50 20
15 51 11 11 16 25 18 41 1 97 5 83 9 93 0 11 10 38 13 46 2 48 8 61 3 45 19 14 4 13 14 10 17 41 7 19 12 91 6 83
2 77 4 45 12 59 17 24 6 16 15 8 18 27 11 46 1 30 7 21 9 41 3 72 14 65 19 15 0 23 5 99 8 81 13 23 16 25 10 58
13 87 5 50 16 94 14 40 18 90 2 50 3 50 8 57 6 62 19 42 4 98 9 47 10 78 11 38 12 68 17 12 1 5 15 67 7 68 0 25
14 30 9 22 0 65 12 26 4 98 18 80 8 53 17 20 16 56 19 10 11 45 13 73 10 66 5 56 1 57 2 64 7 53 6 52 15 86 3 90
19 9 0 60 1 23 15 39 14 71 8 59 18 95 11 72 4 86 3 18 12 85 17 91 13 80 16 87 2 72 5 18 6 28 7 11 9 43 10 16
13 40 1 92 14 10 16 28 5 67 9 87 18 22 8 75 7 74 17 84 11 1 3 54 6 53 12 54 10 97 4 47 2 68 19 27 15 47 0 67
17 60 13 89 11 84 6 11 19 10 8 90 10 23 1 82 5 21 15 16 3 72 2 76 0 46 16 83 14 30 4 98 9 12 18 76 12 4 7 32
3 45 16 73 12 43 7 42 5 65 4 93 0 33 8 37 17 28 19 70 10 45 13 31 11 52 15 99 14 8 1 3 6 79 2 8 18 80 9 79
16 26 7 93 0 77 12 25 2 75 18 48 9 97 13 49 15 34 5 69 6 66 14 71 1 92 3 65 17 61 19 95 8 45 4 63 11 9 10 98
6 58 5 25 19 7 2 40 14 45 0 84 3 27 4 74 16 39 18 31 15 33 10 63 11 57 17 28 1 73 9 24 7 51 13 72 12 28 8 64
19 38 14 20 11 67 6 40 12 28 10 69 15 37 16 19 4 45 8 1 0 70 2 81 13 80 18 65 3 84 5 8 9 49 1 56 7 18 17 57
2 81 9 56 12 59 11 3 6 56 17 17 19 15 5 15 15 3 18 84 1 88 8 13 4 18 16 11 10 24 3 50 14 82 7 99 13 56 0 27
17 13 9 99 10 82 13 76 6 93 7 86 14 89 18 27 2 54 4 98 19 67 5 63 1 59 8 26 0 66 16 93 11 3 15 93 12 57 3 59
13 12 15 92 1 17 10 27 2 33 16 48 3 13 0 39 5 97 9 46 8 89 12 61 14 31 7 56 18 10 4 97 11 20 19 57 17 3 6 32
5 37 17 85 13 96 19 7 16 60 8 6 15 34 2 68 9 79 11 39 12 35 7 80 3 32 10 91 4 18 14 98 1 41 6 64 0 55 18 28
13 6 16 51 10 42 0 68 7 61 9 71 4 61 19 87 3 50 6 5 18 2 11 39 15 65 1 33 17 91 8 76 2 87 12 29 5 67 14 74
11 1 10 67 6 65 1 73 5 19 19 35 2 23 0 73 14 7 3 70 12 32 7 84 4 39 13 36 17 82 18 88 9 68 16 42 8 46 15 78
5 53 10 19 8 45 3 48 0 83 7 30 6 26 11 99 15 66 2 71 12 60 19 98 18 3 4 92 9 39 13 79 14 69 1 51 17 6 16 23
18 9 6 17 5 46 14 46 4 42 16 51 3 40 2 26 0 14 11 44 1 88 8 71 15 82 17 58 9 5 12 42 19 21 13 20 7 74 10 28
14 75 13 42 11 46 15 87 12 18 10 93 19 38 0 95 6 3 17 63 8 62 7 3 18 79 4 59 9 27 5 68 1 43 2 68 3 46 16 7
10 15 17 36 4 53 5 62 7 1 13 77 14 3 0 41 12 51 16 86 15 31 9 73 1 32 8 78 2 42 3 8 11 4 6 1 18 81 19 63
19 28 4 90 5 88 3 19 16 62 13 81 15 56 2 6 14 25 8 88 17 47 1 61 12 41 7 94 0 55 6 99 18 72 11 94 9 88 10 70
1 70 7 16 5 23 18 92 11 38 17 47 2 19 16 67 13 40 14 15 0 73 12 64 15 53 8 33 10 35 9 72 3 2 19 40 6 4 4 39
5 78 13 82 2 29 11 69 1 55 0 16 4 98 8 71 15 71 14 72 6 19 18 82 10 80 17 54 19 52 12 6 16 82 3 15 9 62 7 76
11 33 8 75 13 49 9 22 19 81 14 86 15 43 7 13 10 62 3 92 4 59 6 76 16 21 5 54 12 84 17 68 18 73 2 11 1 98 0 19
1 8 18 44 6 83 3 86 4 16 9 68 12 6 7 87 0 38 16 34 13 85 15 93 8 90 14 15 19 75 11 91 2 52 17 18 10 4 5 99
17 44 19 59 14 77 1 51 4 45 7 81 11 57 9 62 8 15 6 50 10 28 15 8 13 61 0 71 12 96 5 64 16 43 2 18 18 63 3 97
11 13 7 89 4 28 10 58 18 44 16 92 19 33 9 72 17 22 15 86 0 38 5 1 14 41 3 66 6 35 2 78 1 90 13 60 12 95 8 96
16 29 3 31 11 19 8 91 19 5 10 96 1 51 7 44 5 41 17 38 2 66 13 99 18 39 6 42 4 25 9 94 12 3 0 80 14 22 15 17
13 37 2 20 19 85 14 15 12 77 0 4 18 83 4 16 7 72 11 62 15 44 6 76 8 60 9 89 16 8 1 79 10 1 5 99 3 46 17 73
2 63 9 6 18 91 14 53 12 36 16 58 19 10 7 59 8 50 0 64 4 26 11 40 5 71 6 16 3 28 13 56 17 33 10 86 15 39 1 53
12 21 6 53 5 46 10 70 4 55 7 65 18 79 1 68 14 58 11 70 2 24 9 51 8 55 15 3 3 26 0 23 16 74 17 88 13 18 19 2
11 82 1 8 7 33 15 19 16 23 14 25 5 14 4 90 3 79 0 28 17 20 18 20 10 18 8 80 13 55 2 54 19 39 6 2 12 73 9 51
13 75 12 76 17 61 3 99 6 83 16 55 0 81 9 72 14 1 11 90 8 61 2 2 5 43 7 15 4 13 1 61 10 81 19 81 15 77 18 23
13 99 0 31 1 69 11 46 2 51 17 14 12 32 5 53 16 2 4 89 19 56 15 69 8 11 9 18 7 94 6 47 3 91 18 26 14 40 10 61
13 73 9 70 3 21 8 83 14 72 15 71 5 49 7 92 0 85 11 69 6 65 4 66 17 55 18 35 1 98 19 65 2 18 10 96 12 8 16 1
8 84 10 5 5 43 2 27 16 77 6 71 11 17 17 72 9 19 7 46 13 93 15 66 0 86 18 42 12 72 19 28 14 93 1 21 3 59 4 58
7 56 9 65 5 83 4 45 15 69 2 48 6 49 12 45 16 1 0 7 14 86 19 43 8 53 13 45 10 89 3 43 17 26 11 24 18 87 1 22
12 11 5 69 1 31 11 94 6 68 14 95 9 19 7 5 15 14 10 90 4 8 3 52 8 12 2 4 13 84 18 65 0 40 16 34 17 10 19 3
4 60 15 28 19 54 3 90 5 3 14 20 12 77 13 59 11 30 0 34 18 15 10 78 17 77 1 28 9 10 6 59 7 68 8 70 2 40 16 92
10 82 1 60 13 91 16 4 2 59 9 81 0 32 14 28 7 93 17 2 8 57 4 30 3 75 19 29 18 6 11 36 6 38 5 92 12 90 15 89
17 20 18 54 4 43 12 8 6 4 10 68 15 19 2 84 16 42 0 49 5 92 8 11 9 46 11 70 19 61 3 71 14 41 1 81 13 8 7 41
6 19 17 99 16 75 15 6 5 33 1 60 19 90 14 55 13 98 10 40 18 72 3 27 12 80 2 2 8 30 7 85 9 37 4 70 11 27 0 32
4 35 2 1 16 22 5 63 8 17 12 92 17 64 7 83 19 6 14 33 6 89 3 63 1 38 9 73 10 5 0 18 11 59 15 3 13 57 18 49
15 22 17 66 4 16 8 8 19 89 11 84 16 29 9 63 1 52 13 77 2 34 12 23 5 71 6 65 18 61 0 24 10 90 3 98 14 12 7 73
0 74 18 18 10 50 8 54 5 59 11 55 14 63 4 24 2 6 19 95 15 72 6 66 17 5 7 38 3 23 16 3 12 22 9 4 1 96 13 12
0 51 10 13 12 68 1 64 11 26 19 46 15 28 14 54 7 20 6 51 16 47 3 5 18 39 17 27 4 74 5 80 9 45 2 12 13 71 8 46
10 88 4 65 8 38 0 84 16 37 5 76 7 38 14 4 9 25 2 60 11 97 1 82 6 2 18 51 12 37 17 90 3 96 19 70 15 38 13 5
6 84 2 95 7 27 0 14 9 61 17 61 12 60 4 57 19 90 16 63 5 81 8 4 15 95 14 36 11 62 3 46 18 68 1 33 13 76 10 30
10 58 6 99 3 98 12 75 13 80 5 21 0 20 16 46 15 19 8 43 7 20 11 69 9 26 17 32 19 32 14 32 18 1 2 9 1 85 4 17
