50 15
13 12 10 79 0 84 12 91 1 40 5 47 7 92 8 18 6 35 3 88 4 37 11 56 2 98 14 46 9 29
13 34 2 59 4 48 7 3 3 86 6 24 14 79 9 14 8 47 1 21 12 27 0 71 10 85 5 92 11 44
3 67 14 68 11 46 10 64 7 41 6 8 5 15 9 79 13 71 2 16 4 26 12 39 0 2 1 8 8 15
2 68 1 65 5 3 14 96 11 63 12 98 0 79 4 1 10 16 9 84 3 18 8 95 6 78 13 32 7 18
4 41 0 25 6 83 11 51 10 48 9 41 7 45 8 76 3 73 12 71 1 69 5 8 2 97 13 81 14 67
11 65 8 52 6 62 10 11 7 18 1 54 0 96 3 65 14 37 9 42 2 38 12 35 4 21 5 73 13 7
0 30 8 82 6 65 3 83 7 4 4 44 14 7 12 48 13 2 1 33 5 78 10 58 9 11 11 24 2 99
1 36 11 38 6 64 4 30 9 52 8 65 10 72 2 52 12 69 13 7 7 59 14 62 5 75 0 86 3 87
5 30 0 56 8 18 7 42 4 98 2 24 6 88 10 71 11 26 9 28 14 58 1 32 3 6 12 51 13 80
4 81 1 95 7 29 3 9 12 39 9 23 0 10 13 4 11 22 14 2 2 20 8 97 6 19 5 83 10 36
11 38 3 88 5 72 10 38 2 79 13 76 6 86 8 64 1 19 4 76 0 58 12 40 14 27 7 5 9 29
9 83 5 61 6 61 10 39 0 52 4 35 7 84 14 26 3 67 2 63 8 49 13 17 1 42 12 60 11 40
12 80 14 89 4 11 13 63 2 70 11 88 1 58 0 51 5 3 10 32 6 10 7 22 8 66 3 89 9 32
13 92 14 19 12 9 4 34 6 91 10 36 11 72 7 72 5 66 9 50 2 36 1 21 8 59 0 60 3 93
3 69 6 56 12 98 13 96 7 45 9 42 8 62 10 72 1 71 4 63 14 30 0 72 5 57 2 40 11 20
4 27 13 60 14 60 7 25 10 79 6 32 9 71 5 89 0 70 2 73 8 29 11 55 3 79 12 46 1 29
13 70 10 44 4 88 7 59 6 64 3 8 2 2 1 23 0 30 11 76 14 25 5 90 9 5 8 18 12 73
1 90 8 38 10 24 11 49 7 5 3 23 12 89 4 85 0 44 9 17 14 95 2 37 5 29 6 81 13 52
7 73 13 34 4 87 2 99 12 25 14 32 6 88 5 91 9 76 10 89 8 59 1 81 0 2 3 11 11 28
11 35 2 79 6 24 0 20 14 78 5 47 9 98 10 57 7 50 3 54 8 78 13 81 1 86 12 69 4 12
6 57 7 8 2 93 12 82 10 91 9 54 4 59 8 60 13 60 0 61 1 23 5 14 3 45 14 71 11 34
13 85 8 60 5 66 14 40 0 80 11 63 2 23 12 3 1 12 6 11 10 44 9 39 3 16 7 65 4 58
3 11 13 49 1 51 6 39 11 8 0 64 8 84 7 86 2 10 4 47 10 27 9 41 14 18 12 87 5 69
5 36 4 17 6 80 8 3 11 93 12 2 14 39 3 41 7 57 9 3 10 27 13 87 2 50 0 49 1 25
3 33 4 42 14 64 1 51 5 29 0 34 2 16 12 45 7 53 9 88 11 92 10 50 6 91 13 17 8 28
11 27 4 95 0 33 8 61 1 31 7 30 14 91 5 28 13 64 9 4 2 20 12 82 3 85 6 47 10 91
4 19 8 81 0 86 1 25 6 31 10 31 7 69 13 36 14 60 12 33 9 25 2 10 11 91 5 48 3 31
13 48 5 89 1 82 8 29 14 9 6 43 11 12 3 91 0 85 10 49 9 17 12 7 7 95 4 15 2 61
4 13 12 11 10 5 8 93 7 1 14 7 5 75 13 8 6 72 11 85 0 6 3 4 2 16 9 41 1 57
12 16 3 38 14 30 2 68 6 37 0 4 8 96 4 70 1 94 7 16 11 55 9 17 10 70 13 19 5 75
1 35 7 62 0 68 14 41 13 92 4 40 9 17 6 18 3 32 8 63 2 88 12 57 5 98 11 25 10 4
6 16 3 53 5 7 12 38 0 2 13 53 8 56 14 69 2 50 4 70 11 10 9 35 10 97 7 65 1 62
12 71 2 10 9 32 1 18 5 54 6 10 3 81 14 53 8 32 10 39 4 34 13 35 7 89 11 53 0 54
8 17 6 44 12 15 13 84 2 41 0 44 4 57 5 48 1 95 3 99 9 31 7 5 10 35 11 38 14 16
13 93 3 43 14 28 0 87 4 8 12 57 7 2 6 7 11 4 8 91 2 40 1 40 5 54 10 72 9 16
7 86 10 77 8 68 1 85 9 38 2 68 4 51 13 92 6 99 14 85 5 52 12 87 11 3 3 52 0 86
2 31 8 8 14 51 7 27 12 90 4 50 13 88 1 8 9 60 11 83 6 77 0 12 3 10 5 12 10 75
11 50 9 41 8 4 6 78 14 5 4 51 7 43 3 91 2 41 5 57 12 32 13 67 1 46 10 12 0 38
3 14 2 37 10 16 0 5 12 10 1 98 14 5 11 56 9 95 4 40 13 27 7 44 5 83 8 61 6 86
4 89 5 75 3 91 7 60 13 69 1 9 14 13 6 30 2 33 0 60 10 48 8 69 9 28 12 37 11 10
12 83 6 78 4 34 8 22 11 42 7 84 5 48 14 56 13 12 10 74 1 12 2 60 9 98 0 83 3 51
6 60 14 20 8 86 9 37 0 45 3 23 1 42 13 39 10 75 5 87 4 46 2 14 7 18 11 59 12 29
6 30 3 49 8 44 4 37 14 81 0 55 5 57 10 92 7 42 12 38 13 49 2 56 1 5 11 72 9 85
8 76 11 61 6 62 3 92 0 65 12 49 10 14 7 80 14 89 5 25 1 1 9 79 2 40 13 77 4 85
11 18 3 90 0 4 4 9 6 45 1 67 9 47 14 52 12 2 10 28 5 56 7 93 2 76 8 59 13 3
9 87 0 69 7 23 5 66 1 72 12 29 8 86 14 49 11 43 10 92 2 74 3 92 13 96 4 55 6 75
7 30 0 68 4 6 13 95 3 74 12 24 1 90 11 30 14 88 2 22 9 74 8 38 5 91 6 28 10 75
5 33 9 79 10 55 12 88 4 77 8 94 13 63 11 54 7 53 6 44 2 9 3 81 0 2 1 35 14 98
11 79 6 5 2 52 10 61 4 76 12 29 3 48 7 13 9 45 8 31 0 27 5 59 14 98 13 40 1 81
0 91 8 91 11 39 3 84 2 73 5 41 6 98 1 36 10 73 14 30 7 81 9 55 12 48 4 26 13 5
