100 20
1 54 19 83 10 89 5 55 12 48 17 3 9 18 4 29 2 35 15 31 3 41 8 61 0 30 16 38 18 5 14 71 11 49 6 66 7 98 13 6
11 89 4 17 3 10 18 90 1 12 8 57 14 38 0 73 12 59 6 74 13 10 17 25 2 94 7 43 15 62 16 58 5 89 19 35 9 66 10 92
17 39 16 69 8 55 0 58 4 74 13 97 12 72 7 23 6 62 2 80 19 82 5 10 1 99 3 43 11 47 10 30 9 9 14 61 15 32 18 49
14 31 12 17 5 30 9 76 2 70 13 77 4 34 18 50 19 44 11 20 8 35 0 14 15 67 6 47 16 8 17 83 1 51 3 24 10 92 7 74
16 42 5 77 3 39 11 34 1 67 6 44 12 81 7 48 13 43 14 90 15 67 0 25 19 96 2 72 10 92 18 13 9 47 17 63 4 90 8 41
0 98 1 19 6 88 13 10 7 78 18 61 19 2 8 87 15 71 4 64 10 83 5 41 16 69 11 90 2 18 12 55 3 71 17 62 9 40 14 98
2 4 0 64 15 28 9 93 10 17 8 17 6 55 12 7 17 38 18 47 11 34 16 54 5 68 1 85 4 13 14 27 3 67 19 15 7 27 13 44
14 43 17 92 7 4 16 34 15 26 5 14 8 44 9 17 1 37 18 8 4 51 2 9 11 16 3 9 6 51 19 32 10 63 13 44 0 22 12 14
10 17 11 90 17 53 16 61 13 36 15 3 18 62 19 70 14 45 6 4 0 48 7 99 1 60 3 16 8 27 12 63 9 99 4 95 5 56 2 20
7 37 15 69 5 4 4 10 11 73 3 66 1 44 12 6 6 30 2 90 19 89 16 26 18 25 0 58 14 33 17 25 9 44 8 76 13 67 10 24
14 93 18 78 10 57 5 92 12 65 16 15 8 78 11 15 15 80 4 87 0 95 9 81 1 24 17 56 2 79 19 9 13 30 3 92 6 64 7 26
16 85 15 74 10 75 12 50 14 52 8 16 0 42 1 76 19 38 11 73 2 3 17 10 3 97 7 3 9 37 18 56 5 55 6 32 4 23 13 35
17 38 0 62 14 96 11 98 13 45 7 54 8 69 19 39 2 40 15 86 1 47 16 18 18 98 4 61 5 58 3 46 12 93 9 74 6 43 10 60
15 11 2 99 11 74 13 35 9 90 8 34 10 79 7 12 18 43 17 74 12 36 4 74 19 60 1 32 16 4 0 48 14 67 5 58 6 30 3 8
11 42 7 72 1 21 2 12 19 9 8 62 15 87 9 87 17 73 3 11 10 50 18 65 4 89 14 62 16 39 0 91 5 18 12 35 6 96 13 33
2 99 12 17 7 71 19 61 11 48 8 69 18 92 10 10 16 81 13 60 6 14 3 35 9 91 5 89 17 75 1 98 15 75 0 76 4 75 14 53
8 16 11 77 12 41 17 85 15 32 0 60 1 91 3 48 2 65 5 15 19 90 9 1 4 70 18 38 10 54 6 85 13 15 7 93 16 29 14 81
13 33 14 65 0 73 4 5 1 44 11 62 6 82 15 76 17 97 18 12 19 84 5 28 7 15 12 38 16 92 10 38 9 36 3 15 8 33 2 64
3 98 9 90 16 13 18 14 0 14 17 91 15 64 8 45 1 24 2 99 12 75 13 55 11 38 4 51 5 47 6 66 10 31 19 48 14 16 7 93
7 82 1 98 18 73 15 44 2 40 3 41 19 92 8 64 13 60 10 49 14 82 6 51 9 48 11 94 17 54 16 78 0 69 4 68 5 55 12 11
0 70 7 61 2 44 1 72 8 2 5 35 6 30 17 77 14 27 13 10 4 12 11 20 19 29 18 69 3 13 15 22 10 98 16 65 9 49 12 78
2 93 0 3 16 78 4 19 3 49 14 64 7 33 18 50 12 19 10 52 6 7 13 38 19 42 8 25 1 96 5 9 9 4 11 49 17 76 15 58
7 90 19 27 5 23 1 39 6 70 16 15 13 12 10 38 17 70 14 30 3 86 18 10 0 20 8 88 12 33 2 83 11 8 15 14 9 61 4 72
13 84 12 51 11 91 3 76 7 40 15 93 5 53 14 64 8 26 4 57 10 89 1 17 6 11 17 38 18 1 19 36 0 17 16 92 2 40 9 46
14 68 12 49 7 85 17 67 0 55 2 14 18 42 13 23 15 80 9 72 8 66 1 73 5 89 6 62 11 94 16 29 10 14 19 51 3 85 4 37
8 78 6 49 7 27 16 53 9 59 15 37 10 16 11 59 12 2 4 8 5 67 1 16 18 10 14 15 19 45 3 89 0 47 13 83 2 97 17 5
6 65 17 78 1 71 14 43 0 66 12 60 9 1 11 27 7 27 3 24 4 87 2 9 15 95 16 65 10 29 18 96 13 3 19 45 5 40 8 65
13 55 2 19 0 87 3 68 16 35 7 47 11 56 14 35 1 31 19 30 5 68 15 85 8 93 6 62 18 37 9 35 4 1 17 13 12 43 10 70
9 7 14 22 5 88 12 80 6 55 11 66 3 93 16 84 2 56 13 18 4 29 10 87 19 55 8 70 15 59 0 97 1 67 17 31 18 45 7 91
3 68 10 50 0 76 12 31 11 20 8 23 5 78 7 65 14 95 6 65 4 32 17 93 19 90 15 21 18 9 2 34 13 69 1 19 9 13 16 94
2 54 6 7 17 70 3 93 8 10 7 94 12 2 5 61 18 70 13 83 14 9 0 32 9 16 4 20 15 70 19 4 10 87 11 56 1 53 16 99
11 48 7 95 13 60 1 5 10 20 2 49 9 7 15 21 6 75 4 39 19 67 12 14 0 17 3 64 17 76 8 83 5 5 18 29 14 42 16 69
17 94 1 31 9 36 11 69 12 69 18 79 15 2 4 24 14 25 3 26 6 33 7 70 10 7 19 64 8 97 16 90 0 78 5 25 13 55 2 99
19 29 5 72 9 12 3 80 6 62 18 21 13 97 8 63 7 98 15 38 0 15 14 94 10 98 11 77 16 22 1 6 2 80 17 71 12 14 4 25
9 87 13 29 7 31 16 22 17 53 3 14 18 73 12 20 11 64 10 86 14 57 8 19 5 88 4 84 0 13 15 86 2 59 6 90 1 37 19 87
2 48 8 83 18 99 9 58 4 8 3 25 1 94 7 90 0 48 10 24 15 36 12 83 17 9 6 24 5 80 16 88 19 28 11 58 14 40 13 75
12 78 18 21 19 53 0 83 16 13 1 58 7 22 5 44 10 99 6 52 2 23 17 50 15 72 14 56 13 73 11 98 9 22 4 78 3 27 8 85
8 43 2 40 5 16 17 65 3 43 14 39 11 9 16 15 19 85 7 58 12 92 9 10 18 11 13 56 1 71 15 99 0 53 4 87 6 85 10 80
16 42 11 4 18 7 7 60 10 98 5 34 8 99 2 40 0 91 13 26 9 41 17 70 6 76 4 86 15 62 1 92 3 80 12 40 19 76 14 51
11 1 19 55 3 27 5 66 0 2 17 60 6 26 10 63 12 18 1 43 16 14 4 28 2 63 9 41 8 22 13 41 15 2 14 96 7 45 18 43
5 66 17 72 11 88 0 46 18 60 2 27 1 72 6 9 13 87 4 41 19 9 3 25 9 91 16 28 15 2 7 95 14 75 8 60 10 88 12 97
10 64 9 82 14 38 0 49 19 1 3 11 17 78 1 43 11 86 7 3 18 81 4 40 5 73 15 21 2 96 13 23 8 99 6 48 16 22 12 4
17 81 7 91 12 64 14 35 19 41 13 54 5 93 10 52 4 64 9 65 15 13 11 73 1 29 3 87 16 28 0 53 8 33 2 52 6 15 18 42
13 11 11 14 3 60 2 4 14 54 15 67 8 49 1 43 6 20 5 40 4 8 16 38 19 67 18 9 12 89 0 27 9 5 10 91 17 60 7 4
3 12 13 85 10 32 2 12 5 56 17 31 9 10 18 69 1 85 7 64 12 3 11 66 4 23 14 22 15 25 0 70 19 81 16 42 8 62 6 34
11 51 0 29 16 55 4 72 7 68 15 32 5 78 13 90 17 96 14 32 3 25 9 53 6 49 10 77 1 57 18 77 12 48 8 18 19 56 2 70
13 49 5 39 3 83 9 41 1 33 10 2 19 25 11 44 8 45 2 80 17 82 14 71 7 28 12 11 4 29 6 47 0 94 16 22 15 66 18 50
15 31 2 62 6 46 12 42 11 3 13 67 3 8 5 23 7 77 17 62 0 97 8 96 10 64 18 78 1 93 4 51 19 3 16 95 14 4 9 95
2 25 6 51 7 4 14 84 8 65 15 40 11 64 13 15 0 54 10 84 19 24 12 5 17 74 3 19 9 61 4 73 16 33 1 51 18 80 5 80
17 52 9 69 15 62 10 33 5 10 14 34 7 54 1 22 0 57 2 35 4 54 8 59 16 58 18 20 13 84 12 43 19 6 11 39 3 8 6 88
16 70 11 14 18 84 14 23 17 37 4 16 9 16 10 74 13 37 12 7 8 33 6 46 2 95 0 7 1 50 3 16 7 44 19 28 15 17 5 40
8 15 14 69 15 6 11 82 17 27 4 81 13 22 5 7 7 15 2 23 1 95 16 18 0 96 10 84 12 29 9 59 19 63 18 23 3 73 6 32
2 59 18 76 9 45 3 81 13 33 6 55 4 82 12 27 5 53 7 42 14 90 16 28 17 85 19 3 1 18 11 74 0 5 8 5 15 84 10 9
4 32 16 14 1 34 0 38 6 23 11 82 19 14 17 19 8 23 5 30 12 92 18 72 3 10 13 49 10 50 7 76 14 29 2 11 9 58 15 72
14 20 2 33 7 87 6 14 16 77 18 32 19 51 4 97 8 42 0 47 9 31 12 49 13 97 11 65 17 18 5 63 3 77 1 41 15 95 10 9
13 36 0 14 12 33 8 78 5 73 6 26 18 45 1 2 10 56 9 94 15 3 17 7 14 22 3 98 19 45 4 94 16 2 11 17 2 17 7 44
7 13 2 60 18 20 5 24 17 18 8 34 0 55 13 86 15 58 14 88 3 4 19 17 1 37 6 96 16 19 11 95 10 43 12 21 9 15 4 56
10 10 16 35 18 76 0 96 14 14 15 90 13 58 12 34 6 39 2 28 5 24 1 42 8 82 7 36 4 45 19 89 3 43 17 5 9 39 11 42
12 17 5 33 19 25 14 40 2 44 15 59 0 46 11 82 6 40 17 82 8 11 10 14 4 97 1 56 16 7 18 13 13 26 7 61 9 92 3 81
0 16 12 82 14 89 10 51 16 50 6 95 7 28 5 24 9 39 3 73 19 7 2 5 8 41 11 36 18 24 1 64 13 18 4 29 15 90 17 33
14 76 17 69 5 7 11 78 12 70 19 48 15 87 1 90 8 4 10 58 2 88 3 52 9 4 13 86 4 33 0 84 16 68 6 88 7 89 18 51
16 37 4 15 13 25 6 69 3 19 1 11 0 98 7 24 14 71 5 61 11 72 15 73 9 69 10 68 17 50 18 95 12 41 8 9 19 2 2 61
4 48 7 94 1 80 17 96 18 62 13 86 9 13 8 25 11 5 14 50 19 15 5 1 3 16 10 45 15 43 12 12 16 4 2 66 0 18 6 36
9 22 10 42 18 58 0 32 2 51 1 60 8 80 12 66 16 96 14 24 17 32 4 37 15 2 3 14 7 81 11 91 13 41 6 70 5 78 19 92
0 11 16 24 7 59 2 76 12 33 9 96 1 99 3 71 14 75 11 58 13 36 15 35 18 98 17 79 19 62 5 76 8 5 10 98 6 33 4 78
7 55 10 87 3 89 4 8 14 99 15 25 2 47 13 5 0 7 1 54 11 98 19 56 12 71 16 33 9 92 17 49 5 13 6 76 8 77 18 8
5 26 3 62 10 63 17 21 19 89 14 68 13 78 11 15 7 42 16 60 18 51 0 39 1 53 6 50 4 4 12 40 2 55 8 8 9 90 15 37
6 95 5 98 17 52 16 59 14 65 10 28 4 12 19 52 12 64 18 98 3 94 15 61 13 25 0 18 11 82 1 88 2 60 8 92 9 96 7 24
8 98 14 38 3 19 2 32 16 99 7 23 0 69 11 22 9 30 1 22 18 71 4 45 19 99 13 61 5 95 15 45 6 66 17 71 12 52 10 92
10 48 12 27 2 1 14 13 19 11 8 15 17 71 4 32 0 74 6 96 13 21 18 90 16 13 9 45 3 66 15 38 5 58 7 63 1 34 11 86
18 32 12 22 2 10 9 7 16 70 0 52 8 90 3 52 11 37 4 63 17 57 6 59 7 40 10 76 15 4 19 14 5 70 1 63 13 88 14 28
10 33 16 55 12 47 3 64 5 75 7 25 14 73 4 4 1 35 19 9 2 62 15 11 17 83 18 16 0 83 9 57 6 19 13 15 11 98 8 72
10 62 3 54 2 84 13 44 0 25 1 81 16 99 18 11 8 31 12 73 6 28 19 61 15 37 17 93 7 9 14 92 9 59 4 42 11 75 5 60
15 95 11 29 12 11 3 36 7 71 8 74 6 29 14 89 1 50 19 12 10 76 17 13 18 97 13 36 4 46 0 60 2 33 16 33 5 52 9 22
10 85 1 77 2 3 15 29 8 92 16 98 4 56 3 49 11 84 5 53 7 70 6 21 19 81 17 68 13 58 9 14 12 25 0 52 14 90 18 6
6 69 15 74 14 50 5 37 10 14 11 57 0 29 8 72 7 78 1 47 9 72 4 46 3 65 17 79 19 12 13 64 16 10 18 89 12 16 2 26
4 43 11 51 15 36 10 30 5 1 6 9 17 15 0 82 13 64 7 5 8 13 14 56 3 96 9 3 18 28 19 47 2 50 16 91 12 99 1 69
17 99 5 54 2 99 15 63 10 85 18 5 7 46 9 84 4 50 11 96 6 49 13 63 16 57 1 13 14 11 0 24 19 72 8 9 3 53 12 5
9 48 11 58 3 32 15 10 14 39 7 66 6 65 18 84 19 36 4 1 2 90 16 28 8 83 13 90 12 37 5 4 1 64 10 54 0 61 17 57
5 57 7 87 4 53 1 99 18 44 14 41 0 44 9 48 6 99 11 14 19 20 10 56 8 91 13 18 16 21 2 94 3 51 17 11 15 81 12 50
1 99 8 12 5 73 13 9 17 25 12 99 7 43 3 48 2 90 15 66 16 6 4 22 18 31 19 20 11 22 14 53 6 65 9 85 10 76 0 79
17 30 18 33 15 67 5 9 3 19 19 61 6 56 8 18 11 27 13 52 2 84 12 6 0 45 1 11 10 82 9 6 4 60 16 21 14 64 7 95
1 3 7 12 11 7 9 92 10 22 15 31 4 75 18 79 13 57 2 9 19 84 5 51 0 97 14 55 3 46 6 98 12 92 8 89 17 45 16 55
12 32 5 20 14 1 18 6 19 17 6 45 7 35 1 17 4 70 2 79 0 78 10 65 3 24 15 58 11 33 17 86 16 26 8 94 13 50 9 65
0 16 7 88 10 33 14 20 1 75 9 92 5 69 19 81 12 7 17 76 11 37 8 46 3 7 13 1 16 28 2 34 6 45 4 86 15 16 18 93
14 17 19 63 16 51 1 1 6 89 13 38 0 86 8 96 5 86 3 26 7 59 9 11 18 53 15 90 17 13 2 95 10 17 12 88 4 80 11 66
16 12 5 31 15 9 11 72 17 93 9 43 3 33 13 80 19 72 2 92 18 3 12 80 8 20 1 62 7 62 10 63 6 68 0 31 14 15 4 67
4 3 16 40 0 22 3 68 14 96 12 60 9 8 17 86 18 1 19 75 8 13 15 23 2 83 1 85 6 2 10 31 5 13 13 51 7 84 11 94
8 92 12 95 16 90 4 82 7 72 18 18 15 51 2 50 1 87 17 28 6 21 14 85 3 93 0 92 11 90 10 58 13 90 5 14 9 13 19 60
17 93 14 60 8 21 11 75 10 87 9 1 7 94 13 84 18 6 5 64 0 71 1 66 15 63 4 50 2 76 16 40 3 71 6 48 12 9 19 86
8 38 13 73 19 17 18 5 7 83 5 6 1 71 3 7 17 26 9 12 14 19 4 15 6 6 16 91 2 3 11 17 10 68 15 9 0 18 12 70
3 51 0 67 5 2 13 1 16 91 11 91 9 82 15 53 19 35 7 66 18 5 8 42 1 46 14 84 4 26 2 55 6 26 12 83 17 64 10 78
14 10 7 39 8 99 13 89 5 88 10 4 2 83 15 57 17 72 16 76 1 19 12 4 9 92 6 40 11 57 0 95 3 22 19 63 18 41 4 71
17 16 15 67 14 87 7 88 1 85 6 67 11 52 4 88 18 83 9 63 16 6 19 72 13 23 3 62 2 20 0 95 12 59 8 64 5 76 10 29
0 71 6 81 14 55 13 11 1 75 3 28 17 52 19 28 11 35 12 10 4 25 10 94 5 67 2 14 15 34 8 58 7 21 16 87 9 48 18 91
5 99 16 29 0 52 10 70 17 96 18 88 11 3 2 80 3 72 6 14 15 26 1 16 9 61 14 56 12 70 7 19 8 52 4 7 19 70 13 73
4 56 11 51 2 4 13 10 1 46 14 19 3 76 19 7 17 10 16 24 0 90 6 32 7 27 8 65 18 12 5 2 10 3 15 90 9 78 12 12
2 14 18 61 8 17 13 28 4 89 12 54 3 24 15 30 1 51 5 94 19 11 7 8 0 70 6 79 9 52 14 35 16 41 17 85 11 26 10 88
12 10 17 82 15 47 16 5 9 68 18 66 7 92 6 92 4 7 19 8 1 43 5 51 2 89 11 98 0 77 14 25 10 37 13 67 8 20 3 31
2 9 6 43 7 65 14 10 1 16 19 79 11 52 16 23 5 24 17 50 15 58 8 87 0 27 3 90 18 11 12 84 10 31 9 91 13 36 4 20
