100 20
12 31 5 69 15 31 19 18 18 53 6 43 16 77 3 52 0 56 9 11 14 98 7 10 10 60 1 23 2 85 4 50 13 17 17 46 11 30 8 98
14 74 16 70 13 81 10 80 17 26 11 14 9 47 3 41 15 30 12 90 18 49 4 78 19 61 6 24 0 16 5 29 8 50 1 64 7 42 2 31
9 2 11 67 6 15 19 26 12 92 1 4 13 73 17 16 18 14 14 36 7 38 4 11 15 95 0 57 16 69 2 9 5 95 10 18 3 98 8 9
7 30 3 43 13 22 11 94 18 81 4 1 12 25 16 1 10 84 2 95 6 18 5 46 19 92 0 60 1 51 14 77 15 24 8 39 9 95 17 5
15 71 6 60 4 54 1 87 10 83 13 56 11 75 8 30 19 24 16 91 18 61 0 87 5 83 3 51 14 70 2 96 9 21 7 94 12 74 17 21
15 38 2 9 6 28 18 96 1 64 9 74 16 67 7 23 14 12 11 26 5 89 13 28 17 11 10 31 4 29 8 12 3 81 0 81 12 84 19 51
8 60 19 70 15 39 11 59 14 71 5 59 7 8 0 58 6 92 3 36 12 96 2 91 13 26 17 89 18 15 10 70 4 54 16 25 9 95 1 53
16 42 14 93 19 27 0 85 13 55 2 30 7 98 4 50 6 44 9 88 5 33 8 95 18 37 15 9 11 13 17 26 10 4 1 99 12 81 3 71
4 79 0 4 18 97 12 43 16 64 7 96 17 53 6 92 2 57 3 67 13 53 11 59 1 91 8 40 9 65 19 67 15 28 10 72 14 36 5 39
12 47 5 57 14 13 18 45 2 40 9 21 7 36 4 9 6 15 17 13 16 53 0 68 8 69 3 76 11 40 15 17 10 71 13 73 1 82 19 22
13 24 18 22 12 27 16 2 3 34 5 80 19 17 15 92 9 84 17 9 0 21 8 75 7 38 14 33 11 59 6 48 2 89 1 71 10 13 4 38
5 86 13 30 12 77 4 96 10 5 7 13 9 40 11 97 0 4 8 16 14 12 17 78 18 93 6 43 1 39 19 35 3 71 16 47 15 9 2 3
12 16 18 4 14 70 2 56 19 35 16 3 15 37 4 73 10 76 0 85 5 94 9 83 13 51 3 51 1 27 7 42 6 89 11 63 17 12 8 31
19 67 9 50 7 28 11 99 18 4 0 9 8 80 1 6 15 60 13 93 5 98 10 16 3 42 4 73 6 91 17 11 14 40 2 91 16 32 12 57
14 73 9 22 6 2 2 60 18 86 19 32 0 50 10 54 7 26 16 86 1 93 11 73 15 23 17 84 12 76 4 82 5 27 13 81 8 25 3 54
3 1 18 22 8 48 11 87 2 54 4 23 1 86 7 41 16 12 5 83 9 69 12 68 0 27 19 28 14 88 17 64 6 46 13 21 10 85 15 8
14 71 5 10 6 61 12 17 11 46 17 95 4 60 0 50 2 8 19 35 8 4 3 91 10 30 16 33 1 31 18 78 9 15 7 52 15 80 13 55
15 71 12 4 19 31 6 64 3 32 17 48 16 41 14 72 5 45 18 19 8 95 1 18 11 43 13 4 10 27 0 25 9 73 4 20 7 4 2 7
9 71 3 57 14 51 2 47 4 81 11 14 12 46 15 21 5 5 16 51 13 86 6 74 17 39 19 84 1 34 18 65 7 50 0 31 10 82 8 9
17 34 9 26 19 77 6 40 2 78 8 96 0 10 3 51 16 30 13 43 18 84 5 67 14 90 12 22 15 14 4 12 7 88 11 37 10 4 1 3
3 26 0 3 11 60 12 10 14 24 6 96 17 22 16 55 9 14 19 72 18 26 2 97 8 17 15 86 5 66 1 9 10 96 13 35 4 26 7 95
1 90 17 80 8 33 16 12 2 95 15 26 19 32 12 96 13 39 7 30 0 41 6 56 5 98 14 32 9 45 11 23 4 1 18 24 3 54 10 12
9 25 3 32 14 56 10 26 13 9 4 21 12 28 11 33 0 23 2 15 16 7 17 72 7 12 15 71 5 91 18 81 8 12 6 52 1 26 19 33
1 90 11 60 10 9 8 17 9 63 18 9 13 16 15 43 0 3 19 50 7 51 12 49 17 59 2 85 4 31 6 79 5 88 16 27 14 34 3 72
14 7 2 32 18 70 16 5 7 8 5 87 0 52 19 71 13 87 9 74 15 15 4 9 1 24 11 39 12 34 10 86 8 55 3 20 6 10 17 60
0 94 1 47 8 37 13 37 19 90 7 13 6 67 5 92 2 50 4 28 18 73 10 70 12 31 16 96 11 60 14 18 17 99 9 83 15 93 3 84
0 85 1 41 18 74 19 82 7 50 4 95 5 73 10 20 9 81 12 41 17 91 15 12 16 1 3 96 2 52 13 80 6 2 14 87 8 46 11 8
0 57 16 24 6 64 5 96 13 41 15 35 9 83 12 80 11 95 7 33 4 52 18 46 2 49 17 20 8 81 19 5 14 47 3 30 1 96 10 22
3 17 0 90 7 40 6 61 13 44 9 88 18 46 2 46 17 8 19 60 12 80 4 42 15 19 8 75 10 21 16 37 11 27 5 74 1 10 14 87
3 2 6 84 5 91 8 75 15 8 4 4 11 69 7 48 1 20 16 97 18 32 19 35 14 46 10 42 17 54 2 6 9 78 0 47 12 83 13 95
11 64 7 3 14 97 6 76 4 78 8 76 5 44 10 40 9 34 19 93 13 48 17 64 2 27 0 35 15 60 12 99 16 6 3 26 1 40 18 69
13 66 3 78 10 6 12 3 15 27 17 97 1 2 0 44 16 47 14 44 8 69 7 97 2 25 4 31 11 17 5 55 19 56 18 21 9 88 6 49
2 26 0 63 15 19 7 32 6 14 8 61 16 70 13 36 18 63 12 31 9 17 19 93 4 51 17 17 1 4 10 67 14 21 11 46 5 62 3 1
8 97 10 26 3 93 12 27 5 61 4 27 15 89 1 21 13 30 7 55 11 58 2 62 19 84 18 41 17 34 9 65 6 12 16 88 14 92 0 49
5 3 15 69 13 96 14 79 7 10 12 6 16 26 17 89 4 91 18 38 8 92 6 8 10 25 19 57 1 65 0 30 2 52 9 77 3 12 11 21
2 35 1 10 8 37 12 79 18 49 6 31 11 32 16 55 9 90 10 7 14 19 5 30 4 58 17 99 15 67 0 51 13 42 3 33 19 42 7 18
17 19 6 30 4 40 2 65 15 26 12 57 19 60 14 2 1 22 13 32 11 22 7 22 3 99 9 94 10 62 18 10 8 43 16 96 0 61 5 31
14 5 10 56 2 51 7 20 15 84 12 73 18 25 17 99 6 59 8 27 0 43 16 49 19 46 5 6 11 75 1 59 3 83 13 25 4 3 9 90
5 76 6 9 3 53 11 19 18 81 7 89 1 91 15 29 19 62 14 74 16 4 8 81 12 2 0 67 13 96 9 77 10 91 2 24 4 94 17 63
3 92 14 44 6 55 11 48 10 25 18 76 5 46 1 44 17 26 4 87 2 40 12 7 8 96 19 25 13 98 9 62 7 51 0 93 15 15 16 87
9 28 17 86 1 56 5 94 4 32 15 58 14 78 19 92 2 59 3 25 16 18 11 48 0 14 12 34 10 97 8 67 6 44 18 53 7 95 13 45
12 15 7 25 2 28 1 84 3 47 15 86 17 43 16 18 6 50 4 36 8 4 18 35 13 99 14 35 0 60 5 14 10 25 11 11 19 6 9 21
17 21 19 24 13 73 2 15 3 73 0 31 6 17 11 55 9 10 7 22 4 81 5 25 14 20 1 54 15 7 8 8 10 55 18 63 12 91 16 40
18 12 17 88 14 5 8 30 2 29 19 37 4 41 9 10 0 59 16 10 7 87 1 1 10 4 3 89 6 53 13 76 15 75 12 70 11 88 5 99
16 6 5 58 12 92 4 81 11 50 1 62 0 86 14 71 18 67 7 91 17 16 8 70 13 84 3 23 2 86 9 88 19 43 10 12 15 42 6 67
3 55 11 42 7 84 6 22 2 17 14 12 17 6 4 78 13 47 8 93 16 27 12 18 5 46 18 27 9 12 15 27 19 77 0 85 1 67 10 47
5 96 13 90 4 11 3 47 12 99 8 48 2 13 0 53 7 60 15 64 9 32 11 32 14 73 17 23 16 2 10 69 18 48 6 70 19 19 1 27
8 19 4 2 3 29 12 33 17 36 5 41 7 15 13 62 16 90 14 23 1 86 2 60 15 30 10 81 11 54 9 22 18 38 6 48 0 59 19 30
10 25 16 9 6 2 2 16 18 63 1 87 14 86 7 97 4 9 0 64 5 96 17 28 19 22 15 33 3 15 12 70 9 26 8 76 11 40 13 39
4 63 17 34 0 26 12 21 6 80 13 99 2 14 9 64 11 65 10 49 14 69 5 8 1 83 18 95 19 30 8 33 16 84 15 98 7 96 3 88
18 83 11 16 3 62 1 74 13 2 5 61 19 10 8 71 12 78 9 57 2 56 15 35 16 4 14 58 10 23 0 97 4 65 6 94 7 82 17 74
13 9 16 93 17 73 2 71 5 67 10 10 19 88 9 16 15 77 11 61 12 7 14 92 7 76 4 99 3 74 18 58 1 8 0 81 6 78 8 59
12 2 15 68 9 58 5 39 10 25 6 72 4 53 2 53 0 23 11 96 8 50 19 90 18 35 14 36 16 32 17 46 3 75 13 75 7 72 1 76
17 46 19 19 1 23 3 1 8 86 0 15 11 16 10 87 16 43 12 42 4 95 2 53 13 66 18 50 7 12 6 82 15 95 5 63 9 42 14 32
2 71 9 29 11 81 18 32 15 40 1 69 12 35 3 5 13 81 6 70 0 90 19 64 4 91 17 51 14 38 7 70 16 48 5 52 10 31 8 93
4 39 12 79 14 43 17 73 13 59 10 55 16 73 7 66 3 99 0 45 6 33 2 3 5 64 8 55 9 10 15 87 18 47 1 34 11 7 19 71
6 96 5 88 8 38 14 98 7 94 19 73 18 28 15 20 0 48 13 2 10 51 17 19 11 66 16 23 4 36 1 19 3 76 12 15 2 34 9 79
2 97 12 30 18 7 4 76 13 70 10 73 17 68 5 74 14 15 16 17 19 8 11 37 15 76 0 12 3 70 9 61 6 33 1 48 8 80 7 65
5 7 19 29 14 90 16 97 2 66 9 89 13 78 6 16 11 29 1 54 10 78 3 26 17 85 12 51 8 18 0 50 7 75 15 19 4 59 18 18
8 21 17 88 16 70 10 17 14 94 7 94 4 13 9 86 0 64 12 12 13 22 6 86 3 67 19 78 18 57 15 34 11 33 1 19 2 77 5 57
15 12 13 44 5 18 6 97 9 49 4 14 1 66 3 85 2 65 14 5 18 42 10 86 11 81 19 83 16 38 8 44 17 62 12 43 7 43 0 40
13 79 7 27 14 59 18 9 12 52 10 75 17 23 19 64 9 40 8 72 5 81 11 9 4 82 6 71 2 90 0 93 1 68 16 33 3 53 15 78
6 78 15 50 11 23 19 20 13 22 9 18 14 36 4 80 5 45 8 79 3 57 10 47 1 48 2 21 18 10 16 55 0 79 7 64 12 66 17 79
11 84 13 55 15 4 8 82 16 15 14 88 6 38 2 9 1 46 0 61 10 14 18 70 17 24 3 25 5 40 19 28 4 17 9 55 12 32 7 20
17 69 2 93 0 50 15 95 1 38 3 14 12 45 10 2 14 56 18 33 4 19 13 8 16 12 9 52 8 44 11 64 7 69 6 30 5 17 19 48
14 97 7 44 13 83 3 61 2 64 4 49 10 42 1 54 17 64 6 22 15 39 11 79 18 5 0 25 12 57 5 7 9 70 16 29 19 26 8 80
1 24 4 73 19 44 5 14 0 94 14 85 17 90 15 76 9 13 2 84 11 11 16 36 7 98 12 24 3 76 6 13 8 42 13 64 10 89 18 46
4 42 0 4 16 80 17 78 8 33 9 90 3 87 13 67 10 3 1 89 7 38 12 62 6 7 2 91 14 9 19 40 5 87 11 83 15 80 18 98
13 68 8 59 16 58 0 77 1 59 6 69 11 16 14 38 19 66 3 15 2 20 17 13 10 44 18 91 7 97 15 10 4 29 9 36 12 43 5 24
7 51 5 85 12 24 0 69 3 37 18 17 6 1 1 59 10 3 15 9 4 71 2 40 19 97 14 28 17 27 11 82 13 91 8 39 16 94 9 73
2 40 3 28 1 97 11 87 12 55 7 91 15 83 18 81 8 77 6 82 10 20 16 5 14 48 19 71 0 12 5 33 17 48 9 78 4 32 13 48
12 51 19 95 11 86 4 36 13 1 14 49 16 72 15 32 2 79 17 83 1 62 5 27 0 79 18 85 8 6 3 93 7 13 9 78 6 71 10 76
14 19 0 11 12 22 9 78 11 84 16 73 18 91 6 95 8 6 2 25 15 28 17 59 13 5 5 99 7 33 19 57 4 24 1 26 3 47 10 47
9 72 18 7 1 92 19 61 10 38 12 23 0 74 14 16 2 12 7 70 16 92 5 84 15 90 3 16 8 57 11 57 6 68 13 34 17 35 4 98
19 13 9 34 8 42 15 21 10 59 16 48 6 47 0 37 11 93 2 42 4 80 7 14 5 22 18 49 13 25 14 67 12 50 3 56 1 10 17 30
8 6 14 89 10 73 1 90 5 89 4 53 18 50 17 25 6 47 9 65 0 18 2 11 15 73 11 31 12 69 19 78 7 44 13 73 3 90 16 27
5 61 15 36 19 41 4 59 12 72 9 12 3 31 8 74 6 82 16 80 2 39 10 81 14 3 1 67 13 56 0 91 17 81 18 45 11 60 7 84
6 31 7 5 14 14 5 6 12 21 13 74 11 85 17 53 0 9 8 90 9 58 4 71 2 43 19 33 3 79 1 34 18 89 16 27 15 63 10 27
5 74 2 21 7 29 19 29 4 7 12 44 11 17 10 14 9 20 15 87 14 74 3 78 13 13 18 71 6 64 1 44 0 80 8 48 17 17 16 43
3 25 9 23 12 12 6 89 4 31 19 17 18 18 11 17 7 92 5 39 0 64 1 78 8 24 17 79 13 36 2 15 14 43 16 8 10 58 15 9
1 6 8 80 17 67 12 86 9 23 7 29 6 96 0 18 11 94 3 60 13 5 5 69 4 41 10 96 2 60 15 71 18 98 19 82 14 90 16 36
16 46 3 19 6 48 4 1 18 59 9 6 2 22 7 2 15 90 8 81 0 93 14 27 17 91 12 72 10 31 19 65 11 5 13 14 5 8 1 84
7 29 6 5 13 1 12 92 16 56 1 81 10 37 4 46 5 84 11 12 19 73 18 48 17 40 9 46 0 84 14 54 15 9 8 48 3 51 2 54
7 35 18 75 9 3 15 20 13 26 0 99 16 68 17 95 3 35 19 99 1 16 10 59 5 58 2 25 8 33 6 80 12 24 14 53 4 99 11 37
10 16 8 97 12 96 18 6 7 81 13 4 16 92 17 32 15 57 19 50 0 52 11 31 2 39 5 85 3 76 1 62 4 29 6 47 9 14 14 65
8 47 3 36 4 68 11 58 7 85 10 24 16 32 2 21 6 98 5 5 18 10 9 41 12 62 15 74 13 44 0 87 17 14 14 84 1 68 19 47
5 4 11 43 17 53 6 37 7 39 9 78 8 66 16 84 12 47 13 5 14 97 1 71 2 49 0 49 18 73 4 64 3 36 19 66 10 25 15 51
13 13 18 86 4 42 19 83 9 69 5 66 0 78 10 95 16 99 11 67 3 13 2 88 7 43 6 99 1 52 14 30 8 72 15 84 12 33 17 82
0 51 12 11 5 64 14 1 2 62 17 23 4 21 7 78 13 4 1 50 15 6 18 31 19 94 9 29 11 97 6 62 10 10 16 5 3 29 8 56
15 65 12 97 5 47 4 47 19 86 17 61 18 2 13 73 16 57 11 53 8 55 1 94 14 93 10 61 6 18 2 44 9 2 0 18 7 13 3 70
9 56 17 8 11 86 7 90 18 78 0 39 15 24 13 53 1 8 6 52 12 81 19 27 5 36 3 79 16 52 10 24 2 65 4 42 14 94 8 46
12 23 13 50 2 51 7 30 19 85 16 30 1 38 6 81 10 33 17 14 4 89 5 7 14 51 0 33 11 94 9 44 15 3 18 66 8 94 3 72
11 62 10 68 19 14 18 49 9 1 5 64 6 69 14 98 13 8 3 82 16 44 7 63 15 19 12 98 2 34 0 90 17 75 4 96 8 53 1 16
0 31 1 26 6 59 10 16 18 78 7 48 13 70 11 25 3 57 19 37 16 73 17 19 14 48 5 96 9 80 2 26 4 49 15 84 12 75 8 1
12 16 17 67 6 23 7 88 18 34 8 72 9 95 10 10 19 2 5 63 16 70 4 95 13 56 1 25 11 94 2 85 3 28 0 74 15 11 14 43
12 36 13 33 19 18 9 44 1 85 16 65 8 11 5 99 2 40 4 64 6 95 3 87 18 79 10 46 0 41 15 2 14 5 7 44 11 59 17 68
2 67 3 57 8 7 19 14 10 4 6 73 18 63 4 25 13 33 5 54 1 36 12 91 14 75 0 51 9 32 15 77 16 8 7 20 11 56 17 27
18 47 1 19 16 98 11 99 17 73 4 37 10 89 0 68 7 15 5 54 9 16 2 86 8 93 15 51 14 52 6 87 13 11 12 50 3 64 19 45
19 35 3 60 6 32 16 7 17 35 10 95 8 11 14 76 18 71 2 41 15 63 12 37 7 96 4 23 13 53 11 40 5 33 0 56 9 86 1 1
2 78 4 46 19 13 15 4 17 84 11 56 8 40 9 37 18 44 14 90 5 72 1 77 12 88 16 6 0 96 7 6 3 86 13 95 6 94 10 65
