100 20
13 77 4 3 16 55 10 12 6 6 2 96 8 49 17 4 14 14 1 75 3 74 19 94 11 56 12 50 18 52 15 46 9 96 0 27 5 38 7 12
3 16 10 16 5 40 18 72 11 80 15 79 16 41 14 80 12 25 2 6 8 86 9 38 0 87 19 57 17 17 1 25 13 64 4 20 7 61 6 37
2 19 1 23 9 28 0 45 18 28 16 57 12 25 17 61 7 86 10 59 14 41 5 83 3 6 4 66 13 80 8 55 15 17 6 68 11 59 19 44
12 47 4 73 1 55 8 97 18 24 2 95 9 12 10 70 3 57 5 68 6 92 15 27 11 67 17 52 7 44 16 20 13 49 0 35 19 8 14 85
5 66 11 4 14 92 19 22 16 22 2 50 4 50 10 22 1 23 6 20 13 69 18 73 12 24 17 10 15 52 7 74 0 90 9 83 3 48 8 91
5 47 4 91 10 30 1 46 15 88 11 37 18 91 17 78 6 25 9 71 7 56 0 65 3 90 8 36 12 65 2 46 13 30 14 12 19 71 16 88
6 71 5 29 0 52 4 9 16 29 19 13 1 58 14 63 12 97 8 4 2 45 7 36 3 31 15 71 18 89 13 17 9 77 11 96 10 94 17 40
13 97 5 69 14 59 18 7 0 35 10 4 9 94 12 16 1 1 4 5 8 36 15 57 16 38 17 54 2 62 7 66 11 21 19 31 3 51 6 32
5 65 10 74 7 5 12 97 1 52 6 81 4 81 3 7 8 59 14 8 0 18 15 39 19 47 18 38 11 77 2 33 13 44 9 62 17 2 16 87
17 35 4 37 18 87 3 66 5 69 11 80 0 16 15 84 13 15 16 20 8 15 6 88 19 93 1 32 12 86 10 64 9 89 14 67 7 38 2 20
4 59 17 12 13 71 0 13 9 18 16 69 12 53 2 27 19 64 5 72 6 85 1 17 14 18 15 79 8 64 18 13 10 65 3 89 11 84 7 64
14 44 19 64 3 18 4 82 6 25 1 31 8 43 10 8 0 45 13 82 7 62 17 34 15 61 5 10 16 31 12 19 9 79 2 45 18 26 11 31
3 84 7 81 8 44 16 74 2 71 10 73 5 82 18 11 4 23 17 2 11 31 6 26 15 95 13 6 12 56 1 1 0 62 9 78 14 34 19 80
10 62 16 99 0 17 2 44 1 31 7 53 5 93 15 18 11 52 8 30 6 18 4 96 17 16 19 60 14 82 12 66 13 92 3 57 9 2 18 34
4 26 8 1 6 25 15 4 3 60 0 65 5 15 7 77 9 45 1 8 14 29 17 15 18 27 11 61 10 37 19 15 2 38 16 56 12 97 13 77
10 66 18 87 19 81 2 84 3 55 16 61 8 46 13 59 15 30 1 80 4 89 5 51 0 81 12 88 17 34 7 93 9 22 14 2 6 33 11 77
14 62 12 87 3 56 18 73 15 44 10 29 7 98 2 60 6 27 13 97 0 62 17 94 1 50 11 79 9 55 19 32 5 19 4 81 8 24 16 19
3 70 16 49 17 78 5 7 19 75 4 84 0 36 15 49 18 18 1 14 8 20 7 34 10 96 13 29 6 52 14 64 9 22 11 41 12 15 2 68
11 96 17 58 8 25 18 45 15 37 7 25 6 98 13 48 2 20 12 7 10 52 16 96 9 19 3 69 1 50 5 22 14 9 4 40 0 88 19 47
17 29 0 17 14 15 7 90 1 65 11 20 3 61 8 73 18 27 10 56 15 33 9 99 13 79 2 96 6 30 19 21 16 4 5 85 12 14 4 95
2 82 17 46 4 44 16 14 0 49 12 36 1 85 5 55 3 22 9 65 19 43 6 70 10 89 8 88 14 17 13 41 15 57 7 10 11 60 18 95
6 33 0 54 1 8 8 44 16 83 15 92 14 66 18 12 11 97 12 89 19 37 10 96 13 88 2 9 4 42 9 45 7 95 17 56 5 92 3 74
10 93 19 9 8 69 9 34 0 69 18 99 1 14 14 9 2 64 4 14 5 44 16 56 13 84 6 80 17 67 12 14 3 98 7 56 11 43 15 44
14 7 1 84 6 46 15 15 4 85 13 44 3 82 9 52 8 93 16 29 19 54 0 22 11 94 10 79 2 52 17 23 7 65 18 17 12 53 5 71
10 81 6 91 8 36 13 53 12 44 4 43 2 39 19 42 18 14 7 24 3 91 17 29 1 90 9 81 5 90 15 8 16 66 14 11 0 90 11 11
0 14 1 12 15 54 3 3 16 86 14 5 13 56 12 64 6 93 5 84 9 23 10 42 18 5 17 91 7 59 2 50 8 90 4 78 19 86 11 55
8 86 15 41 10 84 18 19 0 10 1 7 6 67 5 82 19 23 17 31 13 51 2 62 3 99 16 20 7 88 4 50 12 88 9 2 11 84 14 42
9 95 6 14 15 24 4 77 12 23 16 67 3 35 1 98 5 50 0 23 17 87 8 48 10 88 11 33 18 49 7 78 2 69 19 22 13 87 14 84
5 55 14 27 11 53 13 50 19 23 1 46 8 27 3 99 16 41 6 99 0 96 18 34 10 43 4 87 15 28 17 82 2 28 7 2 9 34 12 29
6 65 1 16 4 67 8 34 16 68 10 13 5 67 19 84 7 84 3 33 9 49 11 39 18 60 12 68 14 88 13 40 17 17 2 92 15 69 0 2
15 84 7 50 18 45 4 96 12 83 8 97 3 5 10 74 11 58 1 72 6 93 13 22 9 21 17 1 0 75 5 82 2 94 16 49 19 62 14 55
14 83 2 24 19 42 4 80 9 12 17 8 18 44 8 38 3 3 1 56 6 86 7 99 0 37 5 39 12 45 11 46 10 58 13 65 16 48 15 6
12 60 9 97 8 86 13 90 11 7 15 28 3 4 6 53 17 60 2 43 14 54 19 84 7 6 10 92 0 55 1 43 16 22 18 69 5 78 4 7
7 85 14 67 19 23 3 61 17 43 11 56 4 54 16 15 15 24 9 33 6 93 12 16 13 17 8 89 5 59 1 11 18 45 0 42 10 96 2 4
2 55 9 44 18 74 12 1 14 98 5 21 15 35 6 25 0 91 11 73 3 66 17 70 8 92 19 36 4 22 1 67 7 77 16 34 10 71 13 21
5 56 2 22 17 72 7 48 3 14 0 26 8 9 4 18 18 48 6 49 10 88 9 3 13 36 16 62 11 53 12 3 19 64 14 82 15 27 1 56
4 59 14 13 6 77 11 24 3 27 7 79 19 49 10 11 2 37 8 37 9 81 1 57 16 44 17 49 0 77 5 54 13 1 12 48 15 22 18 42
2 41 8 68 18 48 14 1 9 45 16 40 1 74 5 82 17 27 13 85 19 83 4 83 15 5 12 62 10 61 3 94 6 52 0 80 7 74 11 89
14 62 19 74 6 10 11 87 2 32 7 57 9 25 13 66 16 14 17 13 12 25 1 81 15 49 10 82 8 96 0 92 18 27 5 75 4 77 3 29
11 6 8 39 12 41 6 18 1 1 4 11 15 24 10 4 2 76 5 35 3 54 19 42 14 68 0 28 9 75 16 95 17 50 13 64 7 46 18 69
12 70 13 2 2 5 3 42 0 51 5 93 4 59 15 15 14 22 7 38 19 46 16 59 11 74 17 74 8 56 6 68 10 30 9 11 1 32 18 4
6 3 3 69 16 70 12 16 14 41 11 80 9 31 10 57 7 29 15 69 5 3 0 42 19 57 17 2 8 28 18 43 2 36 4 51 1 81 13 48
17 28 1 66 5 27 3 41 14 72 16 29 7 30 4 55 13 97 12 40 19 67 10 11 8 99 6 16 18 27 2 57 0 79 11 56 15 77 9 46
12 12 6 51 5 41 8 96 0 29 15 79 7 72 3 61 10 84 1 6 13 40 17 68 9 21 2 93 11 16 18 61 16 72 19 2 4 25 14 71
7 6 0 33 9 59 10 40 19 63 16 69 3 12 15 32 17 20 1 75 2 59 12 87 13 20 8 95 5 46 14 20 4 49 18 61 11 4 6 2
0 16 12 31 19 12 1 45 16 46 17 14 14 72 4 69 9 29 8 36 18 45 6 95 15 68 3 91 2 97 7 99 13 17 11 45 5 40 10 47
9 65 14 14 11 27 0 16 4 74 15 61 3 6 17 37 10 63 12 11 13 39 5 30 19 64 1 64 16 53 8 18 6 59 7 69 2 60 18 92
10 70 3 73 11 72 6 79 15 19 18 81 1 74 14 1 5 82 12 42 8 37 13 3 9 13 19 46 16 78 7 80 0 76 2 5 17 70 4 58
11 71 2 92 18 43 4 96 17 34 12 83 0 14 14 36 16 26 7 96 1 62 6 22 13 63 9 69 8 38 10 30 5 37 3 88 19 7 15 9
10 26 9 67 16 43 2 52 3 33 14 50 7 27 15 20 18 49 0 73 17 34 5 40 19 3 11 34 1 17 13 59 4 23 6 31 12 3 8 92
5 49 18 80 6 19 16 27 7 44 19 88 3 83 14 30 11 57 1 56 8 67 4 39 15 72 0 72 9 10 13 85 10 27 12 71 2 12 17 64
14 50 1 66 7 63 17 71 19 94 15 96 12 27 16 45 3 45 18 38 11 26 9 27 0 72 13 46 8 66 6 47 10 28 5 96 2 87 4 76
19 20 7 22 3 48 18 40 6 8 9 99 13 53 2 43 5 19 4 12 1 99 10 6 14 47 16 20 12 4 17 37 15 97 11 45 0 11 8 30
15 42 0 96 17 7 19 3 14 84 3 47 18 1 5 64 2 97 8 74 11 73 12 60 6 17 16 7 10 20 1 93 4 18 13 60 7 7 9 96
17 74 0 26 12 43 11 46 16 75 7 51 13 76 1 84 2 78 9 97 15 23 8 3 18 90 19 43 5 24 4 86 10 82 14 51 3 97 6 10
6 48 8 27 9 19 11 55 15 82 2 15 1 44 4 16 14 45 19 23 3 33 10 69 17 83 13 80 18 36 5 51 7 4 0 58 16 90 12 91
11 36 8 91 15 24 7 47 17 88 4 11 2 39 14 16 16 95 5 41 10 42 18 25 19 22 9 14 1 14 6 72 12 97 3 41 0 86 13 53
9 75 19 70 14 54 2 51 3 47 4 22 7 87 17 77 6 20 13 86 18 70 16 14 5 64 11 20 10 24 0 89 1 19 15 50 12 42 8 85
6 59 12 74 10 54 19 87 16 97 0 17 3 21 18 47 5 42 1 76 4 63 11 55 2 19 8 60 14 92 9 8 7 90 13 62 17 34 15 79
16 53 8 36 4 23 1 95 13 5 14 72 0 89 3 22 5 85 19 43 6 9 7 63 17 58 10 6 11 4 18 51 9 17 12 37 15 46 2 57
10 82 13 43 16 63 0 43 9 7 19 14 15 10 5 71 8 67 17 42 6 72 4 44 1 61 2 53 18 11 3 49 11 33 14 75 12 75 7 95
13 62 1 32 12 35 18 11 11 38 7 60 8 91 19 4 6 70 16 42 17 54 3 92 0 99 15 22 9 8 10 66 4 62 2 98 5 94 14 71
0 39 14 83 10 56 18 33 2 62 16 92 8 50 1 35 6 70 15 75 12 91 11 62 7 43 19 80 13 18 5 80 3 73 9 72 17 75 4 3
1 66 7 18 14 70 5 31 3 8 2 75 19 21 4 75 6 33 10 65 15 12 8 12 0 19 9 92 13 43 11 47 17 9 12 71 18 86 16 11
17 6 5 41 6 31 0 12 12 14 19 85 8 18 18 93 16 85 4 57 2 12 11 93 9 2 13 16 1 82 14 85 7 27 10 3 3 93 15 29
6 69 18 52 19 96 10 47 8 62 14 31 13 36 17 19 16 92 9 32 3 17 1 17 12 96 0 44 4 4 7 39 15 72 2 32 5 61 11 85
17 65 9 17 18 48 10 96 0 64 14 14 11 18 3 27 7 21 8 25 6 37 19 41 4 90 16 29 12 98 1 58 5 19 2 38 13 49 15 79
17 82 11 54 4 39 16 35 7 29 8 60 14 28 0 39 9 3 10 82 12 20 3 65 2 64 1 25 13 52 15 98 18 2 19 75 5 25 6 50
4 78 10 21 8 84 15 74 16 41 5 68 18 39 14 57 12 10 6 69 9 21 7 15 17 73 11 8 2 28 1 92 3 77 19 14 13 49 0 79
3 55 0 49 1 59 5 98 13 5 7 39 8 72 14 21 17 56 15 16 4 57 10 21 6 99 18 15 9 96 16 56 2 51 11 72 12 19 19 87
12 84 7 14 0 91 2 41 14 48 11 20 8 56 4 23 3 16 9 79 6 26 5 15 10 43 18 84 1 53 15 91 16 40 13 56 17 62 19 8
17 39 13 27 18 7 11 15 16 82 10 5 9 29 14 99 12 90 8 13 5 5 15 7 6 56 19 27 2 84 1 18 4 16 7 50 0 22 3 83
11 54 8 13 7 41 14 53 2 12 13 46 6 26 0 27 15 31 9 27 12 35 16 42 4 96 17 13 5 98 18 31 1 58 3 13 19 3 10 27
13 53 5 94 14 64 17 96 4 44 19 26 16 89 2 91 11 80 18 20 0 77 7 38 12 13 8 44 1 12 10 99 3 20 9 15 15 78 6 55
1 77 8 10 18 18 13 11 7 63 9 45 10 62 12 32 4 34 11 73 15 49 14 96 16 5 0 71 2 79 19 33 6 14 5 87 3 40 17 28
7 96 4 47 16 32 14 97 19 42 12 16 13 13 3 59 15 38 6 69 8 13 9 54 10 22 5 26 1 32 18 39 11 28 2 39 17 8 0 70
14 22 13 88 9 44 16 66 2 36 6 34 10 19 17 56 7 88 15 4 11 86 18 18 0 12 12 97 4 31 19 78 5 90 8 72 3 90 1 86
15 59 6 1 18 14 5 88 19 83 9 22 16 49 8 16 7 93 0 79 1 62 4 36 3 89 14 78 12 86 13 7 2 49 10 48 11 13 17 20
19 39 8 42 15 15 7 79 18 32 5 35 2 67 1 56 0 29 13 2 4 35 6 54 11 3 17 72 16 64 14 6 9 85 12 82 10 66 3 29
2 21 0 79 16 10 3 30 19 66 1 43 14 84 8 4 13 31 11 47 4 83 10 29 12 28 18 97 5 31 15 46 7 22 17 79 9 94 6 36
13 41 4 45 5 58 2 2 8 21 14 67 11 96 9 81 12 38 10 91 16 16 6 81 0 75 7 63 19 91 15 77 18 21 17 39 3 85 1 27
4 67 8 9 16 94 5 83 10 60 2 19 0 88 18 21 3 2 15 44 7 95 9 90 13 69 6 71 17 42 19 94 14 16 12 69 1 82 11 60
18 61 8 35 5 99 19 2 15 50 14 75 16 88 9 43 17 67 4 69 2 98 6 33 3 2 12 86 13 80 10 26 7 48 0 96 11 29 1 17
7 90 11 27 9 86 16 54 0 12 17 28 5 77 15 74 14 16 13 25 4 84 8 27 10 36 18 9 6 72 12 25 3 55 19 78 1 45 2 5
14 94 15 40 11 45 8 35 9 10 10 89 5 83 2 28 1 88 7 84 12 35 19 40 3 39 17 55 13 31 0 28 4 90 16 45 6 19 18 57
15 80 12 30 1 37 13 22 16 23 5 26 9 70 4 99 14 50 11 54 10 51 18 1 6 80 19 65 2 4 17 60 7 45 0 9 3 61 8 64
5 39 14 71 8 87 12 83 15 59 1 40 0 9 7 41 4 52 18 71 17 12 13 25 11 9 6 87 2 92 9 3 10 18 16 8 3 7 19 6
13 85 15 78 7 88 6 5 18 3 11 72 14 90 0 62 17 62 1 66 19 63 4 70 10 32 16 35 5 21 8 3 12 90 9 17 3 10 2 18
10 47 14 41 0 16 13 83 5 3 16 20 11 81 15 80 9 57 1 38 8 61 2 49 17 87 19 93 18 54 3 69 6 55 4 4 12 15 7 88
19 80 8 78 11 14 1 17 15 69 7 46 4 97 6 48 17 57 2 21 14 56 5 36 10 52 3 28 18 95 16 45 0 59 13 28 12 81 9 42
4 3 14 26 6 90 11 24 19 80 8 92 17 42 15 30 1 91 0 33 18 21 7 61 5 19 3 60 16 86 12 9 2 1 10 34 13 75 9 95
13 22 3 18 7 80 9 81 11 27 8 39 6 17 12 61 15 80 10 54 17 89 4 17 14 21 2 6 18 81 5 93 0 51 19 89 1 1 16 57
9 15 15 69 8 13 5 66 16 93 1 2 4 5 6 69 19 38 13 4 10 39 2 61 0 20 17 25 12 6 11 1 18 89 14 81 7 39 3 69
19 45 13 65 14 31 10 49 15 16 4 65 12 88 16 18 2 55 5 36 18 78 9 61 6 6 0 45 11 85 8 16 17 55 3 39 7 26 1 28
17 95 8 22 4 80 10 39 2 49 1 12 12 20 6 16 0 46 14 96 15 34 5 48 19 86 7 34 13 3 18 92 3 38 11 39 9 63 16 90
17 38 2 29 11 61 6 81 10 91 19 84 4 25 18 67 7 87 9 42 14 77 0 46 1 51 15 48 5 80 16 61 12 29 13 41 8 93 3 86
18 29 13 95 5 72 10 31 7 63 15 69 16 10 2 47 12 12 11 35 3 93 6 53 4 23 19 71 0 48 9 84 17 38 14 27 1 2 8 24
6 99 3 21 19 91 5 83 9 48 11 68 14 24 4 66 15 88 8 79 10 40 16 25 7 82 12 13 13 78 17 96 2 77 0 74 1 65 18 86
6 20 17 42 15 43 5 88 16 81 19 98 1 53 10 73 4 86 13 36 2 68 9 91 14 68 11 28 18 40 12 88 7 76 0 98 3 62 8 30
6 55 3 9 2 82 10 6 17 28 15 32 1 58 8 52 11 71 9 16 13 90 16 88 18 68 4 14 12 90 5 40 0 73 7 44 19 74 14 72
