30 20
1 79 10 13 18 31 16 13 7 45 11 97 12 14 17 38 15 40 2 90 3 21 4 50 5 26 8 2 0 75 9 7 14 28 13 50 6 49 19 12
19 53 6 87 12 46 7 37 14 7 13 46 11 64 5 77 18 85 17 22 8 59 1 80 15 26 2 35 3 84 16 58 9 51 10 67 4 51 0 98
17 92 8 1 11 83 10 64 16 26 2 72 15 41 9 83 12 99 13 28 4 47 5 22 7 69 0 64 6 84 14 80 3 97 1 96 19 89 18 15
4 77 0 88 17 21 11 87 3 83 8 32 6 7 18 77 9 82 1 46 13 17 2 15 12 38 14 75 15 32 10 4 7 69 19 74 5 18 16 56
4 54 8 87 7 20 15 76 9 99 17 8 18 25 19 15 6 26 3 31 12 8 0 89 2 26 5 92 16 76 13 18 10 70 14 77 11 13 1 13
1 97 2 88 5 77 18 16 12 79 16 70 11 76 13 71 4 60 6 34 0 91 14 98 3 69 7 36 10 50 19 56 15 8 17 9 9 49 8 56
16 70 19 19 12 92 9 39 17 94 7 23 14 10 0 84 13 58 1 39 6 97 11 97 5 2 10 62 15 80 8 69 3 60 2 52 18 53 4 31
16 97 17 78 19 29 0 51 18 75 8 88 9 44 2 71 5 21 7 46 12 90 10 38 3 2 11 79 6 31 15 44 14 99 1 39 4 26 13 24
6 56 10 14 12 39 15 68 9 79 14 56 13 60 5 30 0 86 16 19 7 73 19 9 8 60 18 25 17 29 1 35 2 78 11 79 3 25 4 54
4 95 8 81 16 16 15 67 9 51 5 74 0 15 3 70 13 72 18 99 6 28 7 43 11 14 12 2 10 5 19 45 1 18 2 74 14 19 17 62
4 60 13 4 9 26 14 66 7 27 8 76 11 29 10 63 19 10 1 81 2 74 0 54 6 65 3 7 12 61 18 46 5 4 17 3 15 43 16 72
10 57 0 82 13 78 17 7 9 28 16 10 18 50 15 96 3 80 19 75 8 75 7 34 11 97 12 14 6 14 14 39 2 46 4 34 5 47 1 87
13 90 5 78 15 46 6 91 3 4 11 67 8 51 2 69 0 87 10 17 19 78 12 3 16 46 7 7 1 25 17 96 9 41 14 64 18 95 4 94
2 56 0 39 8 96 11 56 14 57 9 62 12 41 6 25 10 51 3 40 15 83 18 94 19 47 13 65 7 20 1 58 16 16 5 7 17 21 4 6
19 83 0 58 4 33 6 80 7 20 2 27 12 14 16 29 1 41 17 82 8 36 14 74 5 84 15 13 9 73 13 80 18 35 3 83 11 80 10 18
4 31 10 22 11 18 16 47 13 49 7 72 8 38 9 49 12 62 1 74 15 50 14 19 19 4 17 50 5 83 6 57 3 6 0 11 18 82 2 31
12 43 14 97 19 13 11 23 6 96 13 6 10 69 2 53 16 83 4 91 9 36 5 30 8 94 0 60 1 81 15 3 17 97 7 43 3 20 18 65
12 70 7 29 15 3 1 94 6 71 17 96 5 83 19 64 13 99 11 28 8 16 14 71 9 68 2 22 3 98 16 32 18 97 10 54 4 19 0 40
1 5 13 38 6 68 16 50 18 44 15 45 9 42 17 53 14 71 12 29 19 31 11 50 7 51 2 49 5 26 8 71 0 39 3 60 10 53 4 80
9 84 17 56 10 79 4 57 14 54 6 14 12 39 5 71 7 25 1 56 8 64 2 42 18 99 16 91 3 62 11 85 13 79 19 22 0 24 15 17
7 90 5 29 12 12 11 96 17 39 9 27 14 92 2 71 15 71 4 96 16 8 3 76 0 60 10 71 18 58 8 72 13 72 6 80 19 34 1 27
2 29 16 63 3 78 10 30 4 2 6 58 18 17 14 62 8 31 0 85 1 53 7 68 5 36 9 42 19 88 12 57 15 21 17 11 11 56 13 82
0 64 1 9 4 36 13 37 16 86 11 33 19 17 8 71 9 48 2 32 12 84 3 69 18 31 6 54 5 95 7 88 17 81 14 73 15 62 10 41
15 33 10 68 0 94 17 32 14 96 7 58 2 99 4 78 5 5 12 34 6 82 1 78 8 93 13 84 16 90 11 1 19 71 9 25 3 67 18 80
10 7 2 1 5 9 8 16 12 83 6 69 15 52 19 35 7 13 17 53 4 52 9 51 0 54 18 54 14 50 13 10 16 21 1 9 11 44 3 59
5 32 12 98 16 64 8 73 2 62 0 83 10 22 14 89 13 38 15 27 3 40 11 98 18 16 1 39 9 85 17 50 7 19 4 18 6 94 19 82
17 11 4 35 8 22 14 9 7 54 5 65 13 82 1 37 3 28 19 56 12 52 11 90 16 51 6 86 10 9 15 92 9 41 2 93 0 12 18 59
16 58 0 29 5 33 14 61 11 93 3 83 8 2 7 22 1 89 18 60 12 29 13 53 9 97 10 45 6 3 15 58 17 81 2 81 4 70 19 22
6 12 8 37 3 26 11 25 17 10 13 11 12 27 10 44 5 25 14 80 1 3 16 24 15 97 9 85 4 88 2 71 18 53 7 20 0 80 19 63
6 14 0 32 9 48 14 80 3 36 19 49 7 54 8 15 12 60 4 43 17 64 11 74 10 43 16 36 15 88 5 75 18 83 2 72 1 93 13 87
