30 20
16 41 12 36 4 61 5 92 9 71 1 67 18 62 8 84 2 43 14 74 11 44 0 60 19 64 7 37 13 91 10 25 6 5 17 74 15 9 3 54
16 52 18 14 4 68 1 18 7 45 5 20 2 85 10 6 6 85 0 26 19 43 14 41 17 13 3 77 13 83 15 77 8 50 9 92 12 56 11 59
7 7 3 5 0 64 17 51 1 11 18 6 12 7 6 47 4 5 16 28 9 60 11 11 14 94 2 21 5 54 15 95 19 2 13 82 8 58 10 31
13 59 8 54 12 74 4 60 7 57 11 25 10 45 6 56 2 31 0 66 15 50 19 53 14 52 5 81 1 48 18 91 17 2 9 45 16 98 3 97
11 29 3 55 6 87 10 70 15 57 12 6 19 69 14 9 17 14 18 71 1 52 4 34 5 69 8 10 2 74 9 50 16 54 13 10 0 25 7 67
13 93 11 81 4 51 0 92 9 44 15 87 19 37 16 29 8 19 3 20 17 69 6 10 10 37 14 22 18 66 5 61 7 82 12 31 1 31 2 48
5 15 11 33 19 44 8 17 9 28 6 9 4 81 10 9 17 24 13 57 14 60 2 50 12 55 18 11 16 78 3 20 15 93 1 19 7 69 0 49
5 17 3 24 16 28 0 38 7 61 15 30 18 75 1 62 12 68 8 98 13 91 11 57 14 51 4 53 17 70 6 88 9 25 2 95 10 4 19 53
18 88 12 48 5 36 8 87 6 57 4 96 1 43 3 62 11 27 9 95 10 96 13 78 7 16 19 14 2 22 0 82 16 86 14 93 17 71 15 73
10 2 18 66 5 84 11 22 2 34 0 49 12 23 17 22 1 78 7 72 9 19 14 16 6 41 13 20 16 30 19 6 15 11 8 89 3 96 4 58
17 50 6 2 4 50 2 27 16 87 18 14 19 89 15 75 8 17 3 67 1 16 10 9 9 96 0 94 13 60 7 46 11 69 5 97 12 52 14 23
14 78 17 83 5 82 9 96 13 45 0 37 11 17 2 35 4 19 3 12 8 57 18 33 1 86 6 61 7 56 19 50 16 84 12 64 10 69 15 80
15 86 13 28 5 23 6 37 0 63 11 54 19 19 10 16 2 71 18 51 7 14 17 62 12 85 3 98 14 68 8 51 4 97 16 86 9 1 1 85
18 95 7 26 4 81 9 28 3 6 15 10 19 15 6 63 2 48 11 31 1 72 16 73 8 53 14 6 0 36 13 81 5 3 17 16 12 57 10 63
10 85 4 29 19 81 5 97 18 85 0 86 6 38 17 92 12 79 1 59 3 86 13 14 9 86 7 61 2 27 14 19 11 36 16 56 8 12 15 27
11 27 1 67 0 59 3 72 2 41 16 87 8 65 9 87 19 66 6 9 15 31 17 86 5 13 10 53 4 55 18 81 7 27 12 44 13 26 14 92
6 28 1 11 16 54 19 77 3 81 7 29 2 93 0 29 4 63 10 42 14 48 18 24 15 98 9 83 17 63 12 27 5 84 8 18 11 44 13 51
13 33 12 51 6 63 2 67 10 75 0 93 19 92 16 73 3 19 18 88 11 20 8 51 4 47 14 13 7 12 1 31 5 92 17 49 9 27 15 52
13 73 10 80 3 30 4 72 8 52 18 75 1 60 6 30 19 44 2 33 15 69 7 32 5 89 14 81 9 3 17 76 16 31 11 74 0 44 12 38
9 92 19 54 11 81 5 42 18 89 15 59 1 75 4 40 2 99 12 99 17 26 3 61 8 94 0 22 6 1 7 83 14 54 13 97 10 19 16 74
19 55 3 21 0 36 17 92 8 15 16 95 15 67 7 75 11 32 6 62 2 41 13 90 14 64 4 2 10 77 12 65 5 47 9 11 18 4 1 36
0 94 14 69 5 32 16 44 15 77 2 22 19 4 9 77 18 22 12 19 3 59 4 15 6 79 8 70 1 49 7 95 17 44 10 93 11 25 13 94
9 64 13 39 14 75 10 65 5 42 3 36 1 12 6 55 19 73 0 80 16 5 7 80 11 64 2 86 4 15 12 82 8 48 18 34 17 79 15 80
5 40 12 50 0 13 18 71 15 42 1 20 6 74 17 15 3 13 7 97 11 98 2 28 13 28 9 17 19 18 8 40 4 34 14 59 10 50 16 32
12 34 9 16 2 6 1 32 19 98 4 32 5 84 17 94 14 83 3 71 7 42 18 15 8 11 16 13 15 98 10 34 0 36 6 60 11 35 13 89
7 64 15 46 6 94 8 12 1 45 13 77 16 21 3 85 9 72 5 62 17 84 2 7 11 36 10 83 19 85 0 95 14 17 4 48 18 60 12 61
6 42 19 4 0 96 15 15 1 89 9 44 13 38 16 68 18 88 4 92 2 21 5 53 11 17 14 42 3 40 17 63 7 47 8 1 10 77 12 78
19 72 3 87 18 45 17 96 16 52 7 81 10 42 8 80 15 38 6 93 9 64 13 2 11 86 14 1 12 48 4 24 5 72 0 53 1 30 2 19
5 8 6 98 1 74 3 52 9 22 0 40 8 41 17 7 15 80 4 98 10 68 2 48 13 74 16 79 19 77 12 7 14 78 11 85 18 23 7 51
5 18 4 71 10 11 9 41 8 26 0 5 3 9 14 8 11 74 12 99 1 18 16 31 17 39 19 78 15 31 7 13 2 99 6 43 13 37 18 26
