50 15
11 36 1 34 7 40 6 60 2 2 9 5 3 42 4 34 12 69 0 9 8 49 13 97 14 97 5 59 10 25
2 58 0 69 6 18 4 63 3 31 5 9 13 77 7 35 9 34 1 9 10 46 12 78 11 33 8 3 14 84
12 74 0 37 9 17 10 83 7 49 1 11 14 97 5 18 3 83 13 32 11 82 4 95 8 5 2 51 6 14
2 74 10 70 7 48 4 91 9 36 3 27 6 56 12 82 8 99 14 83 1 53 5 80 11 52 13 50 0 20
1 71 7 49 3 2 6 19 0 35 9 78 4 34 12 34 2 73 11 58 5 74 14 64 13 62 8 47 10 42
9 70 5 31 12 51 4 70 0 78 11 74 1 18 8 62 13 80 3 72 2 20 14 50 6 82 7 95 10 29
2 11 5 99 4 29 3 23 14 4 7 52 12 74 13 94 6 21 10 20 8 94 9 86 1 47 0 94 11 79
8 79 9 35 10 4 4 60 3 80 12 19 2 32 13 27 6 9 11 18 0 80 14 28 5 45 1 26 7 66
8 21 10 89 14 53 13 50 9 54 12 89 3 20 4 65 5 24 6 62 0 87 11 78 7 68 2 76 1 23
2 89 8 14 4 74 0 45 13 34 9 18 3 52 1 75 5 66 7 51 6 81 14 64 12 43 11 29 10 42
2 77 14 6 6 42 11 26 9 86 10 57 5 56 1 66 8 16 4 18 7 25 13 55 3 62 0 65 12 5
2 25 6 26 8 42 12 98 3 3 0 42 1 49 13 3 10 39 14 27 7 86 9 4 11 41 4 98 5 12
7 9 0 73 10 58 4 77 1 45 5 91 8 53 13 54 3 58 12 54 6 78 14 18 2 97 9 34 11 23
0 14 9 85 12 25 13 2 6 40 11 13 5 7 10 52 7 24 8 44 1 21 14 72 4 93 2 67 3 74
14 53 3 24 0 12 8 17 6 13 7 55 5 97 2 55 11 79 4 61 9 86 12 81 1 63 13 9 10 96
0 17 8 63 9 70 3 73 14 97 5 76 6 45 12 95 1 11 13 76 11 4 10 29 7 17 4 23 2 86
12 36 2 42 13 34 3 2 14 29 0 55 5 98 10 29 7 31 6 6 11 89 9 49 1 16 4 24 8 32
6 8 12 85 5 92 2 16 8 95 1 97 3 61 13 20 7 51 0 35 4 95 14 55 11 86 10 14 9 95
5 33 14 15 9 61 3 18 13 89 0 11 2 5 10 85 6 88 1 38 7 78 4 36 8 65 11 74 12 27
1 63 12 35 6 26 3 61 8 1 7 45 13 71 14 66 2 48 4 85 9 68 0 68 10 53 11 19 5 69
14 32 4 51 12 84 9 20 7 42 5 9 0 70 11 50 10 70 13 37 2 8 1 79 6 90 8 74 3 61
0 17 13 33 10 88 12 19 11 11 4 66 8 88 5 76 14 67 1 70 2 79 6 29 3 45 7 52 9 51
1 5 3 79 6 99 7 49 14 6 0 1 12 63 8 15 2 50 10 90 5 17 9 23 13 5 11 7 4 75
3 45 14 25 5 19 10 53 0 26 2 18 6 30 11 2 8 5 9 26 4 81 13 11 12 66 7 7 1 11
13 20 8 44 12 91 3 32 11 69 6 98 9 46 10 88 1 84 2 51 7 11 0 11 4 18 14 25 5 68
0 45 13 39 10 37 7 84 5 55 9 67 11 85 12 91 6 97 3 11 4 33 2 20 8 91 14 86 1 29
8 68 0 5 10 35 12 38 3 58 7 32 11 62 5 63 4 42 6 72 9 88 13 36 1 34 2 68 14 77
4 23 12 48 8 8 6 91 14 29 3 23 10 79 13 12 1 93 9 37 2 12 7 38 11 77 5 15 0 9
14 70 6 88 0 45 2 41 4 72 3 37 11 92 12 10 7 18 1 80 9 99 5 28 13 23 10 81 8 23
12 62 8 58 14 29 4 97 13 74 11 7 2 46 3 98 6 59 1 18 0 87 5 41 9 19 10 42 7 5
4 62 8 23 6 50 14 62 13 94 3 17 12 94 9 95 7 2 2 20 0 25 11 9 5 78 10 49 1 76
0 3 6 72 1 33 5 49 4 26 3 41 9 75 10 29 11 97 12 43 7 63 2 50 8 49 13 17 14 28
0 94 11 88 4 68 2 46 5 21 12 20 7 4 10 17 8 50 14 6 6 83 1 20 13 49 9 41 3 63
12 45 0 23 8 55 5 20 6 48 2 60 10 20 4 26 11 70 3 76 9 50 1 76 13 96 14 53 7 94
3 1 12 66 5 55 8 75 0 59 4 68 10 74 6 65 2 92 13 95 9 23 1 34 14 20 11 99 7 59
6 44 9 36 7 37 5 42 14 16 3 36 0 46 11 46 8 78 2 22 13 11 10 90 1 6 12 1 4 61
12 8 3 96 6 32 14 76 2 85 1 98 13 95 11 78 9 65 5 93 10 91 0 51 8 17 4 73 7 81
14 4 5 4 7 6 0 34 4 39 6 64 13 18 3 49 10 94 2 32 1 98 9 87 8 15 12 50 11 61
10 99 1 66 5 83 0 5 11 33 8 83 9 63 6 84 12 78 7 60 13 12 3 27 2 57 14 11 4 85
6 57 12 86 8 66 9 46 5 32 13 46 7 63 11 82 10 65 3 18 2 22 0 97 4 62 14 73 1 99
11 73 6 38 1 91 13 77 3 65 4 87 2 20 10 72 0 62 8 60 7 16 12 97 9 63 14 89 5 95
6 52 2 28 5 91 0 26 13 41 14 87 9 40 3 89 7 45 8 61 4 82 1 65 10 39 12 78 11 65
10 55 7 16 8 44 9 75 14 65 13 54 5 22 12 42 11 63 4 49 3 29 0 27 1 35 2 5 6 38
9 11 4 86 2 5 13 84 10 71 11 17 0 5 1 28 7 18 8 57 14 25 3 1 12 91 6 58 5 31
11 74 8 47 12 50 14 59 5 31 9 40 6 32 10 45 3 94 1 85 13 39 7 12 0 50 2 73 4 8
10 48 13 17 9 4 6 1 7 98 14 53 12 98 2 29 8 91 1 6 3 67 11 7 5 70 0 91 4 88
13 71 9 76 14 63 4 19 5 28 2 50 1 97 11 10 7 3 3 90 8 19 0 16 12 56 10 26 6 38
0 28 13 1 4 85 8 93 2 10 3 58 1 5 11 92 9 36 7 98 14 27 10 45 12 94 6 93 5 94
2 29 11 63 1 29 0 47 10 2 14 57 4 29 3 80 8 20 6 64 9 21 12 34 7 2 13 19 5 65
5 68 1 2 12 11 10 76 3 97 13 14 0 69 2 11 6 16 11 70 9 47 14 72 8 32 7 19 4 59
