50 15
1 5 12 9 5 91 11 23 8 72 13 1 7 41 9 12 10 99 0 69 2 33 6 62 3 69 4 42 14 76
7 94 13 91 1 10 6 22 8 72 11 75 5 93 0 12 14 63 2 92 12 18 9 28 10 31 3 28 4 75
9 35 2 76 4 89 3 93 5 75 12 15 0 30 6 29 10 18 7 26 1 57 8 76 13 78 11 30 14 38
14 74 13 58 0 36 2 18 5 54 1 18 12 26 7 74 9 94 11 84 3 30 4 21 8 61 10 52 6 34
1 76 13 85 7 2 0 97 11 9 10 81 9 11 3 38 2 2 4 57 12 86 6 38 14 25 5 91 8 71
8 67 12 52 13 72 3 18 5 32 11 12 1 77 14 93 4 30 0 39 10 42 9 9 6 30 7 88 2 6
8 88 3 72 4 66 2 80 6 32 0 44 1 28 13 23 14 9 7 41 11 25 12 16 10 84 9 55 5 54
7 64 8 44 2 47 0 74 3 37 12 84 4 19 13 63 1 95 14 63 11 30 10 75 5 42 6 97 9 77
4 89 5 4 6 63 0 5 14 63 1 69 12 65 10 90 9 1 8 40 7 30 3 75 13 92 2 98 11 59
7 12 12 71 5 88 4 31 8 74 2 86 1 30 6 69 0 66 11 2 13 33 9 87 10 20 3 83 14 72
1 59 9 93 4 79 0 29 14 15 5 50 13 93 2 56 12 71 6 53 10 24 3 86 11 9 7 86 8 87
10 26 12 10 0 31 6 15 11 63 1 84 4 9 13 58 3 16 5 46 7 33 9 82 14 63 8 82 2 40
0 94 12 17 14 29 7 86 1 89 13 56 5 51 11 89 4 25 3 94 10 62 9 35 2 47 8 27 6 64
6 68 2 63 11 71 13 76 12 87 14 72 4 16 9 68 7 81 0 14 10 19 8 38 1 94 3 71 5 5
2 30 12 79 14 10 9 68 10 96 11 27 13 41 1 27 3 43 0 25 8 48 5 59 4 46 7 44 6 53
11 56 9 39 2 84 10 45 1 48 5 83 14 94 6 67 0 59 7 56 12 71 4 11 13 64 8 36 3 86
2 35 3 74 9 46 12 14 0 64 6 65 13 11 4 16 10 57 1 25 8 55 14 25 5 75 11 82 7 61
7 28 14 81 10 21 0 82 5 53 9 20 2 18 4 7 13 99 1 64 3 33 6 92 11 78 12 72 8 6
13 53 3 56 11 52 8 35 6 4 14 7 7 58 0 12 10 17 12 63 1 25 2 24 5 97 9 5 4 6
6 75 7 47 5 74 4 58 14 76 1 21 0 77 10 66 9 41 2 83 11 65 12 81 8 57 13 10 3 41
2 56 5 72 11 70 6 92 1 85 9 40 4 83 0 65 10 45 7 70 8 93 13 25 3 87 14 59 12 79
0 58 9 30 3 54 14 16 1 25 10 44 11 9 6 25 5 95 12 26 4 75 7 76 8 1 13 19 2 55
7 7 10 12 1 51 4 31 3 17 6 8 5 72 2 35 0 80 11 52 13 90 12 7 8 67 14 6 9 48
10 33 14 55 6 44 2 18 7 68 11 92 8 72 3 55 5 50 4 85 1 37 13 27 0 25 12 35 9 6
3 10 11 30 9 65 1 80 8 48 0 48 4 96 14 69 12 3 5 85 6 33 2 59 7 61 13 32 10 38
7 63 6 56 13 82 9 62 0 3 3 73 12 43 4 11 8 36 11 70 2 19 14 11 1 36 10 81 5 14
4 33 14 80 12 90 0 6 13 75 2 89 5 67 8 42 3 22 6 19 10 49 9 36 7 96 1 2 11 36
4 28 3 94 7 37 9 95 13 55 14 81 1 5 0 30 10 56 2 60 6 43 8 47 12 38 11 96 5 31
10 17 1 94 11 83 12 9 7 86 4 48 0 57 14 32 9 34 8 67 13 24 3 62 6 27 2 7 5 25
9 28 4 10 6 55 2 11 0 58 13 53 1 83 12 11 8 84 3 71 5 71 7 13 14 21 11 60 10 35
0 49 9 57 3 97 12 74 14 88 8 1 6 48 11 86 2 5 7 89 5 43 10 25 4 84 1 16 13 73
10 4 3 90 7 88 9 14 14 33 1 66 11 99 8 44 5 29 0 61 2 55 4 50 13 33 6 44 12 53
7 37 5 19 0 67 8 92 2 38 1 51 11 34 4 22 9 19 13 83 14 46 6 47 12 14 10 97 3 53
13 98 8 23 12 96 2 24 9 3 0 25 1 74 14 58 10 78 3 60 11 1 7 42 6 74 4 93 5 34
12 14 8 36 7 82 14 40 6 6 10 85 9 7 1 1 3 55 2 84 4 33 5 82 11 19 0 98 13 73
13 6 1 51 5 56 0 47 3 4 7 2 11 61 12 91 6 46 10 8 14 10 8 45 9 73 4 76 2 29
8 48 1 17 4 29 6 23 14 37 0 49 7 71 13 61 9 98 3 17 10 14 2 16 12 71 5 42 11 72
3 8 11 13 10 7 14 83 8 29 2 86 6 67 12 70 7 77 0 21 5 39 1 40 4 97 13 97 9 40
0 11 5 13 1 74 11 89 2 81 6 92 10 23 7 27 3 62 13 39 8 16 12 44 4 2 9 89 14 80
14 88 4 95 5 26 9 95 7 49 3 98 2 59 6 32 11 7 12 15 1 83 10 84 0 21 8 68 13 76
0 86 12 80 3 88 14 66 8 80 1 86 4 79 11 54 6 89 5 82 13 7 10 59 2 40 7 41 9 88
2 15 14 84 11 82 12 2 0 86 5 45 4 34 7 96 9 57 13 9 10 50 8 84 1 96 3 72 6 17
10 61 5 24 1 63 11 85 4 59 14 50 9 4 2 1 0 4 8 47 6 30 7 29 13 45 12 56 3 58
13 14 4 12 10 76 12 85 9 17 2 3 14 31 0 92 6 33 7 71 5 36 11 10 8 20 1 47 3 78
6 79 13 15 10 51 3 94 4 63 9 91 0 89 14 6 12 57 1 44 11 42 5 70 7 38 8 17 2 4
5 77 8 63 4 14 6 26 14 99 13 48 1 28 0 47 2 23 12 12 10 43 11 36 9 99 3 73 7 49
2 61 9 81 0 3 1 44 3 21 11 59 14 79 4 61 6 99 12 17 8 18 5 44 10 93 7 45 13 56
14 64 8 11 11 42 6 64 3 6 4 76 12 41 5 6 13 56 0 65 7 68 2 34 9 51 1 47 10 79
10 77 0 47 12 84 9 32 1 96 13 90 7 64 4 85 8 60 3 28 2 78 14 45 5 57 11 85 6 71
3 77 9 35 5 42 13 93 4 13 7 4 0 60 11 93 10 93 2 32 6 52 12 4 14 40 8 35 1 65
