50 15
13 77 9 24 1 74 0 13 12 16 8 6 6 84 11 65 4 30 10 26 7 61 2 99 3 29 5 83 14 62
8 61 3 8 11 55 12 17 6 76 0 49 4 69 5 74 2 13 1 53 14 96 10 57 9 58 7 17 13 32
12 44 13 64 2 20 10 27 6 6 0 34 3 69 11 97 4 8 5 83 7 79 1 62 14 84 8 92 9 47
13 73 14 77 9 44 5 68 4 13 7 11 2 70 10 67 11 82 0 90 8 77 12 67 6 80 3 46 1 70
5 16 10 41 14 27 0 31 2 65 8 3 3 29 4 99 7 29 13 69 9 86 1 32 6 23 12 54 11 16
1 68 3 41 4 28 8 60 11 76 6 57 7 4 12 69 2 1 5 37 10 77 14 23 13 23 9 72 0 79
6 70 1 45 4 66 11 63 9 17 2 14 7 54 5 3 3 70 13 5 14 62 0 54 8 49 12 50 10 75
12 29 9 99 13 89 1 86 3 72 5 96 7 14 6 71 14 35 0 21 2 76 4 14 11 94 8 46 10 47
8 68 2 12 10 59 13 6 0 19 7 46 14 12 1 76 9 9 3 43 12 74 4 15 6 97 5 51 11 87
5 38 3 57 14 94 13 1 2 55 12 96 1 88 9 75 11 79 8 39 10 67 6 61 4 6 7 61 0 99
3 34 2 91 11 27 12 51 6 56 4 49 1 2 7 55 10 85 9 48 0 71 5 82 14 38 13 45 8 59
13 99 11 90 12 2 10 90 14 17 0 74 1 96 2 51 5 29 3 7 6 41 8 83 4 66 7 33 9 7
8 35 10 62 1 14 9 45 6 63 5 28 3 81 4 24 12 88 14 32 2 89 7 26 13 26 11 99 0 51
0 37 1 98 4 7 2 14 8 46 10 65 5 76 11 51 3 81 9 36 7 69 14 52 13 86 12 7 6 21
11 18 8 55 13 34 14 35 6 44 7 73 1 71 5 26 0 67 3 76 9 5 4 37 10 94 2 33 12 49
1 92 0 57 7 44 2 99 13 78 14 40 5 89 12 88 10 3 3 33 6 13 9 80 8 77 4 33 11 29
5 85 10 97 7 88 6 19 9 37 11 34 8 53 1 51 13 83 14 88 12 49 2 22 3 4 4 65 0 55
0 69 5 47 13 54 4 89 2 34 8 49 12 49 14 39 11 69 7 47 6 50 9 17 10 28 1 18 3 25
6 40 12 20 11 91 14 98 7 13 1 17 0 66 3 94 10 23 2 30 13 7 8 16 9 17 5 55 4 87
12 85 6 47 14 76 8 99 11 57 2 26 0 87 13 8 1 8 10 56 4 62 9 55 5 42 3 11 7 75
2 37 5 69 8 38 13 3 3 29 14 74 4 22 11 98 7 31 0 26 12 92 6 93 10 62 1 37 9 74
0 74 4 57 14 51 8 99 3 62 13 31 10 59 1 92 12 59 6 24 2 36 11 76 7 52 5 83 9 56
13 53 10 43 0 26 2 37 1 18 3 58 12 21 8 19 11 38 4 25 5 97 6 13 9 93 14 45 7 46
10 19 12 78 6 92 2 58 8 62 13 95 0 70 7 83 14 90 3 55 4 93 1 29 9 54 5 19 11 84
7 66 9 37 0 85 14 34 12 79 2 29 1 70 5 17 3 1 8 51 13 15 4 80 10 15 6 56 11 39
3 16 12 41 1 26 5 71 9 4 6 10 0 92 10 33 8 84 11 37 2 92 7 95 4 49 14 39 13 61
9 38 2 19 12 5 10 76 7 79 3 85 6 80 1 48 11 74 0 47 5 65 8 20 4 18 13 75 14 81
0 38 13 68 6 63 7 63 3 47 1 78 4 43 11 40 12 66 9 84 5 92 8 96 2 25 10 21 14 44
7 45 14 28 6 68 2 59 5 83 10 62 11 1 13 64 3 93 9 42 4 49 0 64 1 38 12 3 8 39
4 28 7 29 0 94 13 87 1 84 9 82 5 86 11 39 12 37 8 49 6 37 10 12 14 21 3 40 2 46
6 51 14 95 7 11 8 53 13 54 5 99 2 28 3 48 0 3 4 55 10 15 12 99 9 84 1 29 11 67
3 12 10 26 12 13 0 19 1 16 7 85 11 1 13 50 4 86 8 59 5 55 9 11 14 45 2 60 6 54
4 6 5 91 13 34 3 79 6 54 8 65 9 81 11 1 0 5 1 45 2 38 10 66 12 71 14 82 7 26
10 88 14 3 0 15 6 41 8 95 2 76 9 5 3 45 1 17 4 44 7 48 5 77 12 94 13 94 11 6
4 3 5 80 10 77 14 35 2 23 0 47 6 60 9 74 8 60 1 86 12 28 11 8 7 1 13 26 3 56
4 7 14 17 0 52 2 25 6 94 12 24 8 15 13 87 1 13 3 35 5 41 11 55 7 77 10 4 9 1
2 38 6 87 10 72 11 20 0 36 9 65 1 87 8 34 5 2 4 16 3 34 13 7 12 8 7 53 14 49
0 31 5 61 12 82 10 80 6 52 4 79 13 63 11 8 1 91 9 16 7 53 8 24 3 10 14 27 2 71
4 98 11 41 9 23 8 33 2 59 13 9 14 20 1 83 6 91 12 44 7 36 3 70 5 74 0 94 10 7
14 43 4 33 12 59 7 28 0 15 2 47 11 58 3 99 5 56 10 62 13 52 1 63 6 69 9 73 8 95
13 65 5 84 2 75 1 35 14 5 8 7 9 69 7 95 11 99 4 54 0 62 3 73 12 18 10 78 6 64
2 85 11 40 7 90 3 15 14 63 4 35 13 22 10 97 6 49 12 55 1 19 5 64 8 91 0 48 9 38
1 8 9 92 12 87 7 84 8 58 2 78 0 4 4 63 14 23 13 81 3 1 10 20 6 91 11 61 5 66
5 93 10 99 3 3 0 91 13 29 4 79 6 51 11 41 1 15 12 1 7 23 8 61 9 30 2 41 14 42
10 31 7 2 3 6 0 61 11 84 9 34 2 85 1 64 6 70 13 12 8 17 5 9 12 20 14 83 4 72
12 45 14 39 3 92 8 42 6 90 0 78 13 27 10 79 9 77 5 62 7 40 2 94 11 84 4 66 1 70
5 3 7 80 9 45 1 34 0 92 10 2 14 14 11 29 3 57 2 91 4 12 13 11 12 75 6 61 8 54
3 3 0 56 5 18 14 47 10 70 8 54 9 89 6 62 11 46 1 93 12 29 7 72 2 67 4 13 13 92
11 31 9 88 1 3 14 98 5 98 10 11 7 69 0 97 3 48 4 43 8 28 12 29 6 6 2 33 13 86
2 64 9 32 1 94 14 52 10 50 11 29 7 80 4 71 12 21 5 30 13 81 0 84 6 58 8 2 3 59
