50 15
13 18 2 68 8 77 3 67 7 58 4 60 12 61 9 57 6 17 14 65 11 99 0 24 10 72 1 47 5 31
13 90 1 30 0 50 12 14 4 70 5 34 8 3 9 85 3 12 6 35 14 69 11 42 10 94 7 41 2 25
1 89 11 5 5 27 4 87 12 48 6 23 9 63 13 45 10 84 0 66 7 97 8 12 3 61 2 53 14 76
12 27 5 18 4 92 11 23 6 91 0 67 14 23 1 5 3 47 13 31 7 79 10 87 2 96 9 83 8 29
10 41 7 67 2 78 14 64 1 85 11 87 3 74 8 47 5 9 13 82 9 71 6 6 0 77 4 45 12 59
13 28 6 6 4 39 5 83 7 72 1 8 14 70 0 85 2 1 10 66 12 80 9 15 3 29 11 87 8 93
5 95 10 48 12 82 11 81 13 76 14 20 6 18 9 15 2 95 4 79 3 80 1 49 8 16 7 99 0 49
12 89 2 66 8 5 7 97 0 7 14 37 3 32 9 34 4 81 6 53 10 95 5 33 13 82 11 39 1 70
13 42 0 67 12 12 5 57 2 89 3 45 6 99 10 47 4 90 14 75 9 75 1 95 7 28 8 50 11 18
5 53 1 53 9 86 14 89 3 92 10 54 4 13 11 31 0 73 2 27 6 18 12 87 8 62 7 63 13 98
3 66 1 34 0 80 10 1 7 55 6 99 11 51 14 46 5 88 12 31 2 78 13 38 4 21 8 11 9 74
4 5 10 77 6 33 7 30 13 87 2 25 0 61 1 16 14 24 11 32 12 89 5 17 8 21 9 58 3 26
0 37 13 61 5 38 6 57 8 37 10 60 1 99 11 77 3 76 2 4 12 10 7 28 4 72 9 56 14 99
5 43 2 79 7 79 6 48 3 2 4 94 8 52 0 15 10 61 9 30 13 48 11 68 1 19 14 3 12 10
11 10 5 42 8 67 12 40 3 25 14 66 1 41 7 66 6 99 0 86 9 74 4 74 2 13 10 34 13 78
14 13 10 27 9 19 0 53 5 25 4 42 13 12 8 86 3 27 6 34 1 86 12 63 7 66 11 77 2 97
2 9 0 79 5 46 14 67 10 68 1 90 12 49 13 42 9 26 11 12 3 69 6 53 4 11 8 77 7 89
14 34 7 99 1 47 4 1 8 82 13 71 12 75 11 90 5 29 2 11 3 35 10 73 9 35 0 26 6 37
11 64 4 20 10 42 2 17 8 15 14 73 12 47 13 67 6 81 0 66 1 50 7 47 3 44 5 55 9 44
5 90 6 72 8 11 0 58 14 26 1 87 4 8 12 74 3 72 13 21 7 14 10 29 2 27 9 69 11 30
13 75 1 40 10 2 11 33 4 70 12 64 6 68 8 23 7 98 14 90 2 42 3 5 0 69 5 85 9 13
7 16 3 20 10 61 12 60 1 4 2 83 9 78 11 43 6 55 8 12 4 23 14 76 0 91 5 52 13 42
13 64 1 24 7 24 3 85 10 88 6 81 14 15 9 69 11 13 2 86 4 65 5 18 12 22 8 3 0 3
4 96 2 84 6 50 8 97 14 2 9 14 1 92 0 39 10 30 5 87 12 55 3 74 11 27 7 32 13 43
6 6 4 1 7 67 3 32 11 29 5 70 10 11 13 81 1 10 9 31 0 71 12 61 2 85 8 95 14 75
7 76 8 76 13 78 14 90 6 75 5 60 10 79 11 97 12 95 4 58 1 15 3 19 2 30 9 88 0 9
7 59 6 42 2 28 8 83 13 88 9 36 12 53 11 94 4 49 0 34 1 88 10 62 3 71 14 69 5 11
3 90 4 54 6 23 5 68 7 38 10 53 1 61 0 24 13 44 9 22 12 50 14 59 2 41 8 59 11 16
6 12 1 57 12 77 2 7 5 69 10 66 7 98 9 37 0 54 11 16 14 51 8 40 13 25 3 34 4 74
8 40 5 28 14 68 4 70 10 82 11 75 13 20 2 21 9 90 1 78 7 27 6 37 12 48 3 98 0 91
9 23 14 48 11 53 2 91 3 83 5 9 0 59 8 83 13 8 12 64 7 95 4 67 1 29 6 83 10 20
2 66 10 30 3 26 1 90 8 94 4 37 9 82 0 52 14 42 6 93 7 62 11 96 5 44 13 17 12 34
3 62 5 18 6 59 1 98 9 2 14 48 7 55 4 84 8 30 2 53 13 51 12 59 0 35 11 83 10 7
11 50 5 44 3 82 0 8 14 68 9 63 6 28 2 45 13 78 10 55 8 75 12 3 4 43 7 46 1 46
10 28 14 16 8 50 2 85 6 22 3 70 0 59 4 6 13 25 7 36 5 11 9 12 1 96 12 51 11 96
6 13 14 6 10 73 12 92 2 1 4 76 7 6 9 49 5 87 0 95 11 26 8 10 3 89 1 41 13 49
7 36 14 82 6 20 1 61 0 82 3 85 9 39 11 36 8 89 2 15 4 27 12 85 5 66 10 99 13 69
0 65 2 85 1 25 3 94 4 22 12 35 8 28 7 30 9 93 14 21 13 83 6 71 11 25 5 30 10 18
1 86 12 40 5 40 11 36 7 51 3 40 9 4 0 44 10 16 4 75 13 89 14 92 2 77 8 93 6 80
7 30 13 94 11 72 12 92 2 6 14 17 0 74 3 79 4 16 9 93 5 81 6 78 8 66 10 66 1 76
6 34 12 11 11 29 1 13 10 41 9 60 13 52 8 37 3 92 0 41 7 39 5 12 4 6 2 11 14 21
1 55 12 7 3 27 13 90 8 65 11 91 7 77 0 15 14 54 6 13 4 4 10 48 5 53 9 16 2 49
12 52 7 89 14 1 3 27 10 78 2 67 5 5 4 27 13 44 8 40 1 84 9 9 11 33 0 84 6 45
5 94 12 78 6 57 13 77 10 59 9 34 11 51 0 17 7 62 2 22 14 77 4 52 1 98 8 68 3 80
7 89 6 53 5 56 3 68 0 30 1 20 13 5 11 15 12 43 10 67 9 22 14 38 8 99 2 82 4 27
1 18 7 45 5 83 10 32 9 95 6 11 0 98 11 95 12 97 2 41 4 75 13 8 8 80 14 96 3 24
9 35 6 91 8 9 0 74 1 6 14 53 7 14 10 78 3 95 4 36 5 74 13 39 12 13 2 97 11 39
5 46 7 36 0 34 12 89 8 50 6 19 3 71 10 31 2 27 1 6 9 27 4 35 13 96 11 60 14 80
12 68 10 88 5 78 11 88 13 94 9 20 8 80 0 15 4 47 3 47 7 85 2 62 1 22 14 48 6 56
4 65 0 57 14 9 1 56 13 63 5 78 8 98 6 95 9 70 11 93 2 47 7 60 10 31 3 94 12 34
