50 15
1 73 13 56 6 30 3 62 12 92 11 85 2 1 0 52 7 5 5 21 14 9 9 63 8 88 10 42 4 70
2 56 13 89 12 69 6 18 11 95 7 69 0 33 8 39 10 9 5 8 4 1 14 90 9 71 3 11 1 63
4 30 6 25 11 42 9 61 1 51 8 43 2 13 12 53 0 98 3 71 14 77 10 41 5 80 7 59 13 1
3 85 1 59 10 97 0 18 6 72 2 44 9 16 14 33 8 64 12 52 4 20 5 29 7 27 13 50 11 28
8 60 6 39 0 98 1 34 9 57 11 91 4 4 12 38 3 80 7 50 2 41 13 88 5 16 14 50 10 58
4 38 13 93 12 79 6 16 0 56 3 12 14 31 1 64 5 80 8 39 10 76 9 2 7 70 2 15 11 19
3 5 2 54 14 25 6 14 10 77 0 11 5 81 8 18 9 66 7 46 11 67 13 3 12 70 1 93 4 72
8 87 12 57 5 73 6 74 13 78 7 71 11 68 2 37 10 50 14 11 9 33 1 5 4 55 3 7 0 51
4 45 8 5 12 49 13 76 14 17 1 3 7 13 9 64 6 9 3 85 5 22 10 62 0 21 2 96 11 55
11 55 9 80 4 90 2 69 8 19 12 40 10 26 3 93 5 43 1 61 14 29 7 46 6 49 13 5 0 27
11 97 1 88 6 65 4 73 5 20 3 59 13 59 10 36 12 38 9 99 0 56 8 85 2 51 14 43 7 45
2 81 13 43 4 33 3 90 1 19 12 30 9 29 14 96 11 74 10 73 6 20 5 31 0 62 8 76 7 92
7 2 13 69 2 9 0 60 3 81 6 43 11 17 9 81 10 24 4 89 8 68 1 16 14 14 5 73 12 19
5 55 3 3 9 99 14 68 7 33 1 52 10 69 12 14 2 9 4 2 13 40 0 22 8 34 6 86 11 61
8 77 1 62 12 95 4 72 5 19 14 72 13 63 3 76 0 72 9 85 10 1 11 7 7 59 6 51 2 1
1 61 14 99 3 94 0 39 12 23 9 92 13 46 2 11 8 71 11 68 4 44 6 57 10 11 7 45 5 90
3 63 4 69 2 22 12 43 14 42 9 97 10 91 8 86 5 40 6 87 13 21 1 54 0 94 11 18 7 43
0 36 8 17 6 69 9 13 11 31 13 37 2 83 4 26 5 98 1 27 14 68 3 1 12 57 10 61 7 27
8 25 4 94 14 11 2 98 5 38 10 76 7 40 3 31 12 78 1 43 13 67 0 82 6 49 9 34 11 27
0 92 7 67 14 55 11 47 10 37 5 34 9 9 3 23 13 99 2 96 1 31 4 78 12 34 6 12 8 17
13 54 6 33 3 66 9 36 12 53 2 74 14 83 1 31 11 37 0 22 8 66 4 84 7 70 5 74 10 38
7 23 6 5 4 17 10 75 0 4 5 4 8 64 12 60 9 42 14 33 3 92 11 16 1 56 2 14 13 81
11 61 2 19 10 13 6 31 9 55 8 78 4 2 3 80 7 86 13 39 1 18 0 55 5 18 12 64 14 37
0 5 6 56 1 80 9 5 8 86 13 38 7 32 12 13 11 81 3 46 10 34 4 31 5 22 14 86 2 45
11 1 5 8 2 93 6 38 8 77 7 73 3 48 1 60 10 87 9 66 13 35 0 24 14 54 4 2 12 2
7 57 14 85 0 2 9 79 12 37 8 53 6 56 10 90 2 45 3 4 4 56 13 19 1 11 5 30 11 85
11 52 6 93 1 9 13 2 7 40 8 28 0 86 10 90 4 43 9 22 5 30 2 22 14 29 12 82 3 23
14 70 1 45 13 25 5 79 11 11 12 61 9 39 7 75 4 43 3 96 0 46 10 97 8 25 2 2 6 57
5 13 6 61 0 66 2 87 7 61 1 17 11 83 8 28 12 57 9 2 3 70 14 20 4 19 13 43 10 84
13 97 9 50 6 28 1 63 0 75 4 10 3 3 7 27 2 77 11 63 12 69 14 7 5 40 8 86 10 3
3 38 8 19 7 83 10 42 4 31 6 26 2 91 1 34 13 9 0 34 14 95 9 20 12 49 11 81 5 76
6 60 13 25 3 62 14 44 10 21 0 19 2 52 7 31 9 37 5 77 4 42 8 43 1 77 11 83 12 40
11 48 4 92 8 94 12 60 10 36 6 15 5 36 0 67 3 16 13 27 9 21 2 22 1 96 14 45 7 66
8 12 1 9 11 52 4 12 14 2 12 56 9 1 0 42 3 35 10 92 13 24 5 77 2 83 6 85 7 11
2 26 5 26 8 19 1 59 7 8 12 58 4 89 0 29 3 13 14 67 6 39 10 52 13 53 11 63 9 1
4 87 8 6 12 54 2 7 11 87 5 15 6 67 10 96 0 60 3 61 14 5 1 49 13 92 9 15 7 11
3 84 13 58 7 55 9 15 14 84 1 26 6 49 2 3 10 16 4 34 5 85 8 48 12 28 11 25 0 77
9 60 4 34 2 39 10 48 7 72 1 89 14 30 3 65 11 65 5 55 8 75 12 57 6 46 13 30 0 65
9 28 6 54 5 43 14 51 2 21 3 8 7 33 8 8 11 3 1 27 0 46 10 81 13 56 12 97 4 78
13 96 2 40 10 38 3 34 8 59 0 43 5 66 12 77 1 3 6 80 7 6 14 56 9 46 4 32 11 19
0 44 3 79 8 55 7 39 2 73 10 4 5 41 9 38 4 42 1 58 6 23 12 74 14 14 13 94 11 26
3 9 11 73 6 63 0 78 4 1 5 4 8 26 7 39 14 83 2 86 10 82 1 65 12 47 13 2 9 33
8 94 1 68 5 49 9 90 2 66 13 87 0 8 3 39 6 24 14 23 12 39 10 62 11 48 7 72 4 22
2 66 8 29 10 3 0 76 1 12 12 67 6 10 11 3 4 62 13 10 7 37 5 63 9 88 14 1 3 71
5 99 1 44 8 64 7 81 10 67 14 60 12 16 2 98 0 29 4 24 9 86 11 57 6 46 13 4 3 68
6 28 4 60 7 8 14 4 9 24 3 81 13 59 1 68 8 81 0 49 5 39 10 8 2 16 11 14 12 70
0 98 2 58 4 23 1 43 14 41 13 21 12 63 3 86 10 50 8 18 5 44 7 78 11 20 6 89 9 88
13 74 0 25 9 90 5 87 14 75 1 18 6 62 2 9 8 86 4 73 12 77 11 82 3 1 7 36 10 36
0 6 5 21 6 33 4 4 10 31 11 8 14 74 9 57 2 43 13 3 7 65 1 84 3 85 8 3 12 94
3 48 11 72 6 88 7 56 5 29 4 14 8 47 10 44 0 81 13 16 1 48 12 87 9 5 14 59 2 45
