50 15
8 67 10 52 0 42 1 24 6 51 9 5 12 6 11 12 13 86 4 34 3 12 5 2 14 94 2 77 7 16
14 26 11 25 3 19 1 80 10 49 12 83 5 66 8 81 6 66 9 27 13 28 2 30 4 22 7 54 0 95
3 8 5 97 8 50 7 54 2 47 1 63 14 22 10 67 6 42 0 71 4 56 11 9 9 45 13 8 12 73
10 85 13 92 0 71 3 58 5 46 8 52 4 57 14 92 7 99 11 88 1 72 12 3 6 43 2 76 9 40
8 21 6 15 2 38 9 8 3 63 13 17 7 26 12 42 14 61 10 49 11 64 5 25 4 61 0 62 1 22
6 55 12 39 4 89 0 79 1 55 11 37 8 2 5 13 2 94 10 72 3 74 7 65 13 38 9 78 14 18
0 36 8 84 4 58 1 89 10 64 9 61 11 30 2 42 12 30 13 65 6 19 3 81 5 95 7 27 14 44
7 34 10 44 8 21 1 25 14 2 13 90 2 55 0 40 12 60 11 38 4 40 9 42 3 89 6 87 5 24
2 45 6 34 4 67 1 19 0 21 8 84 14 65 5 56 12 78 3 23 13 53 10 82 9 34 11 26 7 4
6 4 13 81 8 65 1 12 7 2 14 62 0 67 11 50 3 21 9 30 5 63 2 83 12 67 10 67 4 93
14 10 12 64 6 91 8 76 3 28 7 94 5 75 4 84 1 19 0 82 9 98 11 89 10 55 13 90 2 5
12 72 10 51 6 23 4 12 11 31 14 22 7 74 8 66 13 4 1 1 9 29 5 71 3 50 0 21 2 16
14 20 0 14 1 7 13 5 4 57 11 62 10 7 9 78 5 57 12 59 3 3 7 48 8 77 2 33 6 87
4 57 8 70 11 81 10 1 9 44 3 19 7 51 1 35 2 33 6 89 0 24 12 52 5 38 14 36 13 45
2 5 1 97 8 32 12 5 11 36 7 93 13 18 6 30 4 97 10 50 14 3 0 51 9 23 5 73 3 65
4 53 8 54 3 37 9 16 11 83 7 56 14 15 1 83 0 50 2 22 6 28 12 48 5 13 10 31 13 89
3 38 0 94 5 63 6 85 8 73 2 88 12 27 13 52 11 19 14 34 4 28 1 81 9 37 10 34 7 26
8 85 1 88 11 27 0 68 4 66 6 38 9 6 14 74 3 43 2 10 7 20 10 2 13 78 5 25 12 81
13 23 8 28 9 61 1 25 12 77 3 84 14 31 5 41 6 56 4 54 0 19 2 60 10 10 11 87 7 63
11 83 6 96 9 79 3 87 4 7 12 2 0 70 10 32 14 92 5 12 8 58 13 94 7 44 1 83 2 69
9 37 11 42 6 92 8 4 14 51 4 72 3 31 10 88 0 88 7 77 2 60 5 72 12 78 13 32 1 30
0 44 8 47 3 39 9 17 11 80 4 73 5 16 12 19 10 48 2 27 6 76 13 58 14 48 7 78 1 2
2 61 7 52 11 56 1 35 14 62 10 58 12 27 13 95 5 86 3 3 0 95 8 79 4 53 9 94 6 87
3 98 7 56 6 9 14 85 5 49 9 60 4 9 12 17 8 16 0 98 11 19 1 16 10 67 13 83 2 99
13 77 11 89 10 81 3 6 2 52 0 54 5 49 14 25 12 58 4 41 6 34 8 51 1 8 7 24 9 93
11 35 7 6 12 29 1 71 8 49 9 36 10 94 14 54 0 34 3 16 6 93 13 27 5 45 4 23 2 89
11 58 2 47 9 65 4 82 13 71 5 3 8 36 0 26 14 3 12 98 1 33 3 13 6 31 10 85 7 2
7 25 5 24 12 54 13 1 1 95 4 81 8 31 2 79 0 88 3 12 14 36 11 59 6 3 9 22 10 46
1 98 12 18 14 65 7 72 0 14 6 21 2 41 11 30 5 51 4 13 13 18 8 47 3 84 9 90 10 26
12 50 1 35 3 61 5 1 8 47 6 43 10 88 4 55 9 29 0 99 2 42 13 99 11 76 7 11 14 53
14 80 0 64 13 86 4 28 8 64 11 7 6 20 1 48 10 27 9 23 2 72 12 20 7 79 5 65 3 49
9 47 2 57 4 73 0 62 5 99 12 17 11 68 6 68 8 84 3 80 13 54 10 13 7 66 1 56 14 98
3 80 0 99 8 91 12 3 6 62 2 23 1 88 7 24 9 35 14 58 13 51 5 17 4 59 10 67 11 31
4 26 9 67 0 92 3 23 5 18 12 85 10 91 1 48 6 34 14 13 8 31 7 20 11 1 13 15 2 90
5 21 13 97 7 57 11 12 10 29 1 26 12 24 6 25 4 96 0 82 8 95 9 36 2 57 14 60 3 45
6 23 4 54 12 42 8 9 10 47 9 8 14 3 11 37 1 58 0 70 2 77 5 86 13 74 3 7 7 55
5 80 8 77 0 78 4 98 2 9 13 6 11 69 6 21 3 27 10 60 1 47 12 41 14 68 9 72 7 3
3 45 8 41 6 87 4 97 1 33 9 46 0 59 13 80 7 72 5 2 12 16 14 62 2 25 10 93 11 45
11 79 12 34 0 9 1 42 2 5 6 65 8 75 7 97 14 93 9 65 10 45 5 64 13 49 4 21 3 49
2 8 13 21 11 70 10 93 9 29 1 90 14 9 12 89 7 39 8 28 0 35 4 15 3 25 5 10 6 16
9 82 4 80 2 18 0 37 12 76 11 36 7 4 14 78 8 14 1 9 10 35 13 86 5 47 3 91 6 98
14 35 12 47 11 18 8 57 1 16 5 2 13 8 2 90 7 59 10 34 6 37 4 17 9 8 0 78 3 20
12 41 1 96 4 64 11 56 6 99 0 10 8 37 14 53 5 15 3 6 2 60 9 80 10 4 7 8 13 16
8 31 14 33 0 57 1 37 7 11 5 6 11 60 10 61 4 7 13 6 6 31 9 18 12 8 3 8 2 2
11 81 8 29 3 4 5 22 6 55 14 30 12 19 2 14 7 92 1 39 13 53 0 32 10 2 4 37 9 35
5 80 0 25 9 93 10 54 3 34 4 74 8 5 7 15 11 64 13 96 14 40 6 20 12 45 2 67 1 64
7 84 2 92 14 57 9 12 3 47 11 67 8 88 13 82 10 19 4 67 6 49 12 77 0 63 1 86 5 14
7 59 10 6 12 56 14 10 13 97 5 47 2 47 1 1 8 40 11 69 0 31 6 99 9 56 4 48 3 50
14 10 7 32 4 53 3 44 1 56 9 89 0 28 13 39 8 44 10 18 5 26 2 34 6 72 11 33 12 68
10 66 13 8 7 89 6 19 14 4 12 71 11 79 2 55 3 55 1 9 9 56 5 8 4 10 0 5 8 47
