50 15
6 45 7 50 9 37 3 19 0 92 11 78 14 64 10 40 5 82 2 54 4 44 12 45 1 23 13 10 8 55
9 74 2 68 6 92 10 74 1 37 4 96 8 41 11 33 7 90 14 37 5 8 13 47 12 79 0 19 3 46
0 83 6 44 11 80 3 84 4 39 14 89 10 29 2 24 1 68 7 64 13 14 5 83 12 20 9 80 8 1
6 47 9 85 8 56 2 8 0 76 3 57 4 63 13 56 10 55 5 9 12 56 7 79 11 31 14 60 1 4
2 50 9 78 4 99 13 66 14 41 11 41 5 42 3 81 0 32 10 17 1 34 6 3 7 11 8 9 12 77
11 63 0 61 13 36 3 96 9 9 7 34 4 12 2 34 6 96 1 37 14 90 8 50 12 70 5 46 10 27
13 31 9 81 1 58 7 55 6 18 14 46 3 85 10 2 8 76 5 49 4 72 0 66 2 43 12 31 11 63
6 92 14 98 7 58 5 45 3 35 4 61 1 59 12 30 8 3 0 15 2 95 9 42 11 48 13 47 10 78
9 82 3 1 14 89 5 54 6 14 2 30 12 55 10 32 7 11 1 66 0 67 11 12 13 28 4 25 8 66
7 21 0 95 10 63 4 29 11 62 3 51 8 90 2 26 1 99 9 93 13 18 6 17 5 53 12 5 14 30
12 3 5 77 3 34 4 66 10 41 2 37 13 88 7 10 8 73 1 74 14 38 9 26 0 1 6 93 11 94
13 99 12 77 8 32 1 97 4 50 3 50 7 43 11 15 0 93 10 2 6 18 14 23 9 28 5 14 2 2
3 9 9 40 5 97 10 30 0 14 11 49 4 51 12 66 13 32 2 95 6 52 7 29 14 96 8 92 1 50
13 43 0 47 5 63 2 78 9 84 12 2 7 66 6 11 1 29 8 83 3 25 4 79 10 46 11 24 14 34
11 45 14 53 7 25 4 27 8 24 10 99 12 74 9 84 13 81 5 95 0 11 3 88 2 7 6 48 1 59
12 3 10 71 13 6 1 20 4 18 8 83 11 6 5 43 14 59 3 52 9 68 2 80 0 39 6 82 7 32
4 94 12 42 14 28 2 5 0 1 3 37 9 92 8 52 1 89 5 11 13 10 10 83 11 11 7 6 6 41
6 78 9 74 2 14 0 82 8 54 10 32 7 51 12 96 14 85 11 83 3 46 4 78 5 39 1 68 13 64
10 68 7 24 9 30 4 79 6 94 12 67 8 91 3 85 14 48 0 77 1 33 13 46 11 54 2 96 5 85
9 69 8 50 7 86 10 91 11 14 4 95 3 61 0 63 6 10 1 62 13 72 14 58 2 9 5 52 12 93
1 72 2 59 10 5 4 10 8 52 13 62 7 17 6 17 14 13 11 56 12 1 9 57 0 48 5 47 3 68
13 92 5 77 3 21 2 67 4 73 7 34 0 74 14 89 12 81 6 76 9 63 11 27 10 79 8 37 1 53
0 61 4 48 3 14 5 38 10 65 1 98 14 1 6 72 9 84 11 95 2 42 8 12 12 27 13 85 7 87
13 44 14 2 6 30 9 52 12 91 2 74 10 78 4 54 1 11 0 39 11 99 7 5 5 88 3 68 8 29
3 77 6 81 8 20 10 2 11 91 14 29 5 65 12 91 7 4 13 1 4 1 1 16 9 6 0 82 2 60
12 45 9 4 0 46 10 20 6 12 14 13 13 70 3 50 4 54 8 74 1 55 7 63 2 9 5 85 11 45
1 22 4 88 5 46 7 71 8 41 0 18 3 37 9 10 13 77 11 19 2 38 10 98 12 59 14 46 6 54
2 94 0 16 11 15 12 46 4 51 3 69 6 40 7 91 10 47 9 13 1 12 13 97 8 14 5 94 14 28
9 42 2 48 10 47 5 15 1 23 0 10 7 57 11 35 6 57 8 59 3 70 12 55 13 65 14 59 4 65
1 73 3 56 2 88 12 13 11 92 6 85 4 50 7 73 8 52 14 27 13 80 9 25 5 32 0 52 10 83
13 18 4 73 6 32 5 7 12 74 14 90 11 2 9 44 7 82 0 70 8 85 10 42 2 37 3 71 1 16
9 39 8 92 13 64 2 34 0 2 6 67 10 21 11 75 4 52 14 47 3 17 12 71 1 17 5 42 7 83
4 91 12 15 7 31 10 18 6 25 13 90 11 94 1 5 0 63 2 24 8 20 14 29 5 20 9 49 3 99
13 67 7 79 5 76 14 61 0 6 4 72 11 37 1 74 12 54 2 88 3 34 10 93 9 84 8 33 6 48
14 11 4 3 9 40 11 99 3 91 1 63 0 63 8 39 10 18 5 1 2 34 13 32 6 19 7 26 12 3
13 88 14 48 11 98 4 76 10 65 0 90 7 51 2 72 9 29 6 96 5 62 8 78 12 46 1 86 3 8
9 73 8 97 4 75 7 64 3 35 1 1 2 13 0 30 5 5 13 51 12 77 14 96 10 49 11 87 6 98
5 37 7 95 4 5 10 37 8 11 12 93 2 67 6 76 9 71 13 66 1 77 0 1 14 86 11 74 3 74
4 3 3 76 2 40 11 70 13 89 10 61 1 67 8 26 7 24 6 42 9 85 14 52 5 35 12 78 0 85
10 45 5 72 13 43 9 80 6 53 0 99 14 64 7 30 3 77 2 41 12 53 1 14 11 12 4 57 8 19
5 9 12 7 4 35 2 20 10 55 9 2 11 30 1 45 0 96 6 63 14 88 13 34 8 45 7 42 3 88
0 98 5 74 11 22 1 59 9 62 10 65 12 3 13 30 7 85 14 24 4 30 2 32 6 18 3 16 8 35
14 67 1 26 0 81 2 67 4 90 6 27 7 78 9 47 12 19 8 17 10 56 13 32 11 11 3 43 5 65
11 7 3 98 1 46 13 27 14 52 4 79 0 31 9 5 5 6 8 85 12 12 7 63 10 39 6 77 2 6
11 1 0 11 1 51 2 28 9 49 6 3 13 33 8 41 12 43 4 55 14 78 7 47 10 84 5 53 3 26
12 15 0 60 14 5 8 32 5 14 13 3 4 91 10 9 6 1 1 93 11 19 3 81 2 4 9 16 7 11
11 26 2 25 7 91 13 56 3 45 9 96 6 60 1 91 14 98 0 8 4 36 5 73 10 81 8 15 12 32
8 38 3 2 2 70 6 17 0 66 10 72 5 84 12 71 14 30 1 74 9 82 7 32 11 13 4 89 13 15
4 55 0 99 9 58 12 58 1 39 11 13 3 57 2 89 10 10 7 88 13 42 14 54 5 17 8 62 6 19
6 16 9 23 12 84 7 87 2 84 14 26 10 62 4 61 8 19 0 55 3 53 1 40 13 75 11 68 5 53
