50 15
5 51 6 17 8 12 7 26 3 89 4 6 1 62 13 4 2 37 10 76 14 72 11 24 12 93 9 30 0 57
11 37 7 58 8 95 12 87 5 93 14 68 2 44 10 84 1 35 6 25 4 50 9 6 13 29 0 57 3 46
12 38 9 63 7 99 4 45 3 21 14 40 13 55 11 75 2 53 10 86 0 92 6 30 1 42 8 2 5 15
13 62 0 43 14 92 3 43 11 86 12 9 4 60 8 60 2 17 9 6 10 79 7 24 6 98 1 29 5 76
8 93 4 85 9 96 0 82 12 76 2 29 6 82 3 62 5 70 1 36 13 66 11 91 7 75 10 29 14 16
1 89 6 74 8 84 2 11 12 10 10 22 9 56 4 53 5 16 11 4 7 66 14 31 0 77 3 2 13 65
13 77 5 79 4 94 8 20 0 15 1 40 10 94 11 55 14 66 12 4 6 80 3 68 9 62 7 26 2 79
6 22 5 52 14 37 0 43 8 1 11 55 1 43 10 78 4 74 13 29 9 28 7 82 2 78 3 3 12 23
10 63 13 39 14 19 11 9 5 81 0 74 2 6 1 93 6 2 4 34 8 49 9 96 12 56 3 68 7 4
2 92 12 93 7 87 4 20 9 69 10 22 1 2 8 51 3 81 6 75 14 35 5 90 13 73 11 35 0 98
3 25 11 15 1 82 6 70 10 91 0 97 9 45 8 82 7 40 13 22 4 33 5 39 14 71 2 98 12 80
2 10 8 81 0 61 5 35 14 18 10 2 13 33 3 66 6 81 9 2 7 95 1 47 4 82 12 17 11 46
11 14 1 40 12 11 6 25 0 12 8 2 4 71 10 5 5 7 14 46 2 26 13 80 9 40 7 57 3 92
11 29 7 52 3 22 13 54 10 25 0 73 6 13 1 2 14 38 4 37 8 96 9 13 2 65 12 58 5 14
2 79 10 40 9 77 6 39 13 9 12 98 11 49 3 62 7 36 14 72 4 4 1 36 5 86 0 3 8 16
1 68 11 13 5 42 13 70 7 55 6 75 4 65 14 4 9 99 0 93 2 69 3 86 12 98 10 27 8 21
10 33 1 91 13 65 9 49 8 95 7 93 14 79 0 37 5 37 4 95 2 42 3 55 11 90 6 76 12 64
0 17 6 91 8 31 12 41 10 30 3 87 13 29 14 82 1 60 11 33 9 43 4 42 7 82 5 9 2 71
4 97 9 84 3 52 8 73 12 13 5 55 14 99 1 9 0 4 2 56 11 69 13 49 6 53 10 92 7 94
5 45 12 66 10 8 11 55 0 35 6 87 7 2 4 13 9 60 13 9 2 58 1 24 8 3 3 40 14 60
11 36 4 34 9 70 14 16 1 7 0 3 13 33 8 49 3 70 12 29 6 14 10 78 2 92 5 2 7 75
9 7 5 59 8 19 2 71 1 60 11 53 6 26 13 19 12 12 10 30 0 37 7 82 4 34 3 39 14 58
9 6 1 97 10 53 12 6 14 35 0 43 2 5 8 39 13 9 5 18 3 38 11 72 6 18 7 56 4 60
13 80 9 94 12 19 10 80 14 51 11 43 4 90 0 36 8 89 7 58 2 34 1 48 6 46 3 69 5 16
3 11 4 68 7 66 6 95 13 45 2 84 11 83 10 62 14 42 9 96 1 64 12 73 5 88 0 61 8 30
8 78 3 27 0 28 12 73 9 45 7 39 13 51 1 5 5 89 10 96 4 91 2 9 11 89 14 71 6 76
13 88 1 41 7 97 9 3 11 29 8 78 10 49 0 33 4 3 2 96 3 16 5 56 12 55 14 65 6 42
6 38 3 3 1 93 13 22 14 81 2 61 10 1 5 4 12 1 4 86 7 44 8 96 9 8 11 54 0 15
6 21 11 44 7 14 5 94 3 61 0 43 13 88 14 24 2 31 8 17 10 60 9 63 12 67 4 71 1 48
7 42 11 87 5 36 4 3 8 87 12 3 2 46 10 46 9 75 14 49 13 8 3 22 0 19 1 12 6 60
0 53 11 19 12 77 8 76 1 70 7 6 6 42 3 92 13 74 4 95 10 85 14 56 2 99 5 96 9 70
13 65 14 56 11 63 2 36 8 47 6 51 4 86 9 34 5 81 12 58 7 21 1 81 0 59 10 15 3 67
9 66 3 4 7 95 12 16 13 56 2 34 6 35 5 63 4 84 0 92 14 40 8 55 10 85 11 52 1 33
7 33 0 85 3 20 2 90 4 10 5 97 11 26 10 29 9 62 6 15 14 15 12 81 8 8 13 14 1 2
11 68 9 54 1 71 13 99 0 62 10 8 14 3 2 56 12 44 7 89 8 35 4 28 5 27 3 97 6 13
4 65 3 79 5 63 11 24 10 77 2 50 1 82 6 80 9 22 7 23 12 40 8 72 13 63 0 82 14 53
10 38 3 17 0 93 4 58 13 16 11 19 7 39 5 44 9 37 14 1 6 54 2 14 8 41 12 47 1 94
9 30 11 32 8 68 13 8 0 52 14 63 7 32 10 33 1 99 3 30 12 23 4 11 6 6 5 42 2 12
14 29 2 34 13 10 7 76 6 8 0 83 4 7 8 70 1 13 12 39 11 91 5 60 3 87 10 80 9 87
10 17 14 68 11 93 13 62 7 48 0 17 9 49 12 57 8 97 6 2 5 15 1 32 4 42 2 78 3 31
12 67 4 71 11 74 13 87 0 19 7 15 3 70 10 19 1 79 6 90 14 77 9 98 2 69 8 77 5 84
3 42 11 26 7 93 5 7 1 56 9 6 2 92 13 44 4 10 8 14 12 22 6 17 0 41 14 56 10 37
12 58 5 39 0 77 6 48 2 14 9 62 8 5 10 46 3 48 7 22 14 3 1 30 13 36 11 95 4 10
14 47 12 79 9 99 10 9 3 28 8 4 6 82 2 13 0 82 1 36 4 10 5 73 7 6 13 51 11 89
1 73 10 14 13 13 5 80 11 46 14 22 7 43 0 43 6 41 4 84 2 8 3 74 9 38 8 66 12 48
2 85 0 86 10 54 14 6 3 49 12 74 1 22 11 51 6 41 9 19 7 10 5 41 4 46 13 90 8 13
12 20 1 40 2 32 9 89 8 30 6 32 10 85 14 43 7 74 5 33 11 69 0 25 3 17 13 77 4 9
6 18 11 56 5 35 9 43 3 30 13 47 0 51 10 11 1 16 4 68 7 68 12 5 14 20 2 68 8 19
1 17 4 37 10 85 13 9 3 52 2 16 0 5 8 27 6 58 14 2 7 64 5 86 11 36 12 67 9 59
1 14 5 62 0 12 10 38 13 22 12 43 11 59 6 87 4 3 14 80 8 45 3 88 2 96 7 40 9 2
