50 15
12 8 9 32 1 76 4 3 14 25 13 94 2 91 11 50 10 63 6 38 5 37 8 85 3 72 0 63 7 50
6 77 11 33 13 3 2 39 5 18 14 12 12 86 8 51 10 15 9 4 7 96 1 3 3 18 0 7 4 76
3 59 6 69 14 1 7 7 0 27 8 28 1 25 11 12 13 81 4 56 12 60 2 69 9 10 5 17 10 1
1 59 13 93 9 46 11 74 12 25 2 27 5 22 3 79 0 4 10 90 4 30 14 24 6 95 8 74 7 72
3 87 5 41 4 69 10 34 12 97 13 49 0 69 14 34 6 84 11 32 1 58 7 30 8 12 2 54 9 75
13 79 4 10 9 6 6 26 1 90 2 55 7 24 8 80 14 51 0 97 5 17 11 23 12 98 3 50 10 29
5 96 6 51 13 77 9 81 4 78 1 97 10 79 11 65 7 96 12 63 14 22 2 74 8 43 0 42 3 49
0 89 8 49 10 65 6 72 1 97 3 35 9 40 11 93 4 90 13 51 5 83 12 18 14 76 2 45 7 47
3 32 4 7 1 7 9 46 5 71 8 16 10 86 6 12 2 34 14 87 0 26 7 27 13 75 11 6 12 41
6 36 0 49 4 76 14 67 5 65 11 67 10 59 9 64 13 25 12 37 3 29 2 75 7 8 8 84 1 36
12 6 10 40 6 85 11 37 1 92 2 98 13 77 8 31 9 95 3 52 14 97 7 87 5 50 4 43 0 2
8 89 11 52 5 34 1 69 4 27 3 5 7 94 0 52 2 51 9 36 14 96 12 38 6 56 13 82 10 11
11 83 4 85 8 62 0 12 9 98 1 16 3 5 14 65 10 47 12 10 13 71 7 43 5 35 2 32 6 29
0 66 12 6 3 5 4 19 6 6 2 75 13 29 11 76 9 6 5 92 7 5 8 18 10 33 1 1 14 62
13 47 9 22 14 42 7 5 10 93 6 21 4 59 8 38 2 40 5 84 11 29 0 74 12 37 1 15 3 44
5 94 2 60 10 94 8 21 9 32 13 50 4 74 0 36 1 92 6 24 14 29 12 2 3 4 11 46 7 35
8 86 2 76 14 68 11 45 6 74 3 34 12 55 5 30 10 84 4 96 0 78 13 81 9 38 1 8 7 99
12 8 11 97 4 75 9 55 3 83 13 28 6 35 5 74 10 57 2 58 7 72 8 65 1 37 0 70 14 52
11 55 13 51 1 3 7 54 4 8 9 90 3 97 2 61 12 34 10 93 8 19 0 70 6 77 14 53 5 89
1 81 4 29 11 76 14 27 0 43 3 77 13 89 9 69 10 83 8 89 6 69 2 52 5 1 7 63 12 86
10 27 5 95 9 59 2 32 6 79 12 79 14 82 8 33 1 40 0 88 7 83 13 38 4 46 11 23 3 60
6 15 3 41 11 94 14 61 10 58 5 64 1 82 0 12 4 2 12 7 13 64 2 61 9 59 8 66 7 92
6 11 8 59 2 98 1 17 11 73 5 96 13 91 14 5 12 25 0 72 10 92 9 64 4 77 7 59 3 64
8 53 6 39 5 85 13 78 7 22 10 85 12 52 2 1 11 57 1 43 14 23 3 88 9 18 4 93 0 15
13 84 1 75 11 91 0 99 10 1 9 68 7 38 12 8 6 4 2 49 3 92 4 67 5 78 8 66 14 70
5 71 8 97 12 56 4 61 14 66 3 68 2 91 9 99 6 35 0 32 10 59 1 62 13 37 11 6 7 45
8 27 5 58 12 74 3 78 2 22 7 70 10 9 1 47 11 3 4 93 6 77 9 18 0 64 14 21 13 28
13 32 7 93 0 2 6 64 12 18 11 65 1 68 5 42 8 63 2 91 9 53 4 48 10 7 14 26 3 24
5 47 3 74 7 49 13 74 12 33 14 64 11 76 4 95 1 35 8 60 10 74 6 40 9 13 2 16 0 52
8 85 9 99 12 96 11 64 6 91 2 50 10 68 0 89 13 49 1 37 4 7 5 60 14 3 7 95 3 77
1 91 2 89 4 98 5 25 12 70 6 55 0 79 11 70 3 15 10 37 9 49 14 44 13 66 8 58 7 74
5 1 14 21 1 76 8 30 13 13 11 13 9 6 12 6 0 94 4 46 6 67 7 68 3 94 2 68 10 39
13 23 2 91 12 41 9 58 5 23 7 16 14 10 8 31 6 15 1 98 10 22 4 48 0 12 11 59 3 54
13 45 14 13 1 47 10 48 7 28 6 12 9 21 12 37 4 74 5 65 8 86 2 75 11 39 0 94 3 23
9 96 8 33 5 61 7 76 0 45 6 58 12 24 3 32 10 67 11 5 4 32 1 10 2 32 13 37 14 34
11 1 3 20 9 67 5 87 8 67 7 9 2 45 1 20 10 3 4 7 6 73 12 56 14 81 13 42 0 10
14 54 11 32 12 81 5 33 6 31 7 23 4 77 10 93 3 84 13 54 0 91 2 42 9 32 8 74 1 67
7 63 12 52 4 1 8 7 3 59 9 64 1 75 5 96 0 5 2 89 11 75 14 11 13 50 10 15 6 54
6 18 14 7 1 33 2 55 10 58 5 49 11 94 13 21 4 69 8 31 9 36 12 25 7 19 0 73 3 75
13 61 11 38 8 45 0 61 7 69 12 71 2 7 10 33 4 29 9 72 1 9 5 14 3 20 14 54 6 7
14 35 0 46 11 1 2 48 4 31 3 24 9 6 1 34 10 42 5 95 13 94 12 54 7 39 8 51 6 2
4 10 9 82 8 27 14 66 2 77 11 62 12 93 10 89 0 13 7 1 3 24 5 96 6 30 1 77 13 18
2 34 3 19 1 18 5 2 7 6 6 88 10 25 12 10 0 75 14 73 9 49 11 49 4 83 8 30 13 64
1 53 10 73 9 47 5 82 13 58 0 94 12 69 6 80 2 89 3 46 11 44 4 50 8 94 14 33 7 29
0 85 13 90 1 49 12 98 3 48 5 59 11 78 9 33 8 5 4 31 14 99 2 87 6 21 7 34 10 4
4 60 9 39 0 22 5 42 1 62 10 3 12 50 8 27 14 88 13 95 7 99 3 73 2 95 11 74 6 80
14 25 10 67 1 33 5 71 9 90 0 60 7 72 8 46 13 13 12 90 4 59 6 5 3 89 2 71 11 46
12 11 1 79 6 67 11 42 9 84 0 24 10 76 8 83 3 59 2 20 4 60 7 60 5 2 14 80 13 46
8 45 11 98 9 73 12 57 1 8 14 85 13 71 5 89 0 96 7 57 4 35 6 52 3 33 2 79 10 71
13 81 14 6 10 86 1 50 3 96 9 82 4 11 7 47 11 28 8 31 2 98 0 83 12 37 5 52 6 82
