50 15
4 84 7 15 12 22 1 8 10 38 8 63 3 42 0 6 14 31 13 5 2 36 11 99 5 74 9 27 6 33
3 23 10 53 8 98 7 73 4 59 9 4 6 89 14 70 5 40 2 35 13 88 11 64 0 75 12 55 1 47
2 41 3 83 11 59 13 54 4 81 0 60 7 10 12 85 6 52 5 12 9 13 8 69 1 88 14 35 10 34
0 86 5 75 3 56 9 79 7 13 12 18 14 31 10 33 8 18 4 98 11 1 6 64 1 95 2 93 13 13
9 97 10 89 1 54 6 80 8 73 12 68 7 98 5 83 2 67 13 15 4 84 0 19 14 55 11 40 3 94
0 62 5 73 11 82 3 43 6 87 7 99 13 19 14 64 4 6 9 37 1 63 10 75 12 73 8 4 2 70
10 90 11 13 12 50 5 88 0 36 2 43 9 96 7 62 8 75 1 31 6 53 3 40 14 1 13 68 4 33
3 32 13 27 1 33 0 32 12 14 2 96 9 94 7 66 5 90 14 29 6 50 10 65 4 31 11 2 8 77
13 81 2 79 8 11 10 50 12 94 14 60 1 97 11 83 3 91 4 2 5 62 7 27 6 49 0 90 9 54
10 47 11 35 7 40 6 11 1 71 3 34 0 97 4 96 14 95 9 28 13 66 5 34 12 65 2 7 8 58
14 85 1 94 0 19 12 66 8 80 9 91 6 93 5 21 7 94 4 95 3 43 13 53 11 70 2 41 10 85
12 87 6 43 8 46 9 2 0 93 5 73 11 17 2 3 13 93 1 68 14 87 4 66 7 86 3 20 10 73
5 89 8 83 3 3 10 53 13 29 7 8 0 62 6 17 12 58 2 34 11 95 1 32 14 72 4 27 9 1
9 83 13 96 3 39 14 28 1 5 2 61 0 79 11 15 12 53 8 68 6 49 4 25 5 8 10 10 7 46
0 62 8 17 5 76 6 50 7 23 12 45 1 7 2 62 13 64 4 82 3 60 14 25 10 79 11 68 9 70
8 99 2 99 1 65 14 28 7 54 9 65 11 44 13 46 12 31 5 7 3 39 4 58 0 58 6 62 10 51
12 58 4 31 13 26 3 77 1 69 2 2 7 90 11 69 5 64 9 33 10 63 14 54 8 73 0 67 6 47
13 27 12 15 6 51 10 6 1 7 14 30 9 83 4 73 7 44 3 16 2 83 5 27 11 69 8 47 0 37
4 55 1 17 0 59 13 23 2 64 9 99 3 50 12 61 11 15 6 61 5 41 14 14 10 4 8 29 7 85
6 90 12 78 7 47 9 57 13 66 10 33 0 25 11 90 5 52 1 43 8 29 4 67 3 67 14 31 2 15
14 11 8 83 6 78 10 52 2 16 4 76 11 84 12 1 3 91 0 70 1 6 9 72 13 78 5 92 7 87
6 86 7 47 8 82 5 63 3 21 12 70 0 35 2 98 14 95 11 74 13 7 9 44 10 57 4 80 1 82
7 82 10 2 8 60 2 85 5 57 13 59 9 98 3 17 0 33 14 90 1 54 4 34 6 4 12 81 11 73
14 65 12 31 9 98 8 60 0 6 13 64 1 89 5 27 2 1 3 15 10 41 7 66 6 29 11 59 4 79
14 71 6 91 9 36 8 59 11 21 10 80 5 70 2 17 13 57 7 57 4 20 12 13 0 42 3 6 1 82
10 43 1 23 4 20 0 51 8 24 11 63 9 87 5 30 3 28 13 9 2 13 6 78 7 69 12 87 14 99
9 76 11 23 13 10 7 6 0 13 4 40 8 55 5 17 10 48 6 68 14 94 12 7 2 84 3 60 1 85
5 7 4 22 9 17 11 44 1 51 14 98 7 3 13 41 8 33 12 73 3 16 2 13 10 53 0 53 6 40
13 23 9 52 1 38 8 60 12 76 0 9 7 8 14 17 3 60 6 8 4 52 11 38 2 38 5 58 10 3
12 70 13 33 14 22 6 44 9 15 7 38 1 34 11 37 2 88 4 85 3 96 8 49 5 43 0 28 10 82
4 51 5 44 2 31 14 78 13 62 1 17 6 10 11 8 9 11 3 55 10 73 8 6 0 45 12 75 7 49
8 18 3 4 7 80 5 99 6 91 0 75 13 76 4 50 12 18 1 46 2 23 14 37 11 43 9 6 10 24
2 98 10 91 9 97 13 39 0 95 8 18 1 62 5 87 3 10 4 12 12 60 11 25 14 22 7 3 6 30
7 24 13 67 4 13 3 92 5 58 0 98 8 18 2 42 6 49 11 47 12 9 1 2 9 32 14 39 10 57
1 17 13 65 4 19 5 68 7 55 12 49 14 36 6 96 11 15 8 96 3 86 9 86 10 45 0 59 2 95
3 43 2 24 8 24 10 54 14 46 0 18 4 86 13 49 9 25 12 87 5 73 7 74 1 97 11 67 6 84
13 66 2 40 0 30 14 28 4 85 8 97 9 66 6 25 12 8 7 38 11 71 3 32 10 77 1 3 5 27
12 58 11 96 8 90 14 76 1 87 5 37 6 26 0 60 13 99 2 63 7 56 10 77 9 98 4 10 3 64
0 61 14 62 6 70 7 24 1 29 11 4 8 65 3 74 5 96 9 30 13 64 12 45 2 32 10 23 4 42
12 66 5 43 0 40 14 90 7 95 1 11 11 38 4 70 3 62 2 32 8 79 13 67 9 89 10 63 6 79
5 12 14 86 1 45 2 63 13 81 9 74 12 88 7 6 11 85 3 18 0 76 8 93 6 51 4 54 10 55
7 55 2 17 0 11 3 86 11 92 12 96 4 89 9 12 10 5 6 26 14 1 13 69 1 75 8 18 5 51
4 88 6 25 12 40 1 39 5 38 3 95 13 78 11 30 10 20 2 67 14 24 0 4 7 83 8 28 9 56
9 4 11 14 5 34 14 50 13 13 1 25 8 58 10 1 0 87 7 84 2 92 4 41 6 8 3 17 12 21
0 78 5 33 2 45 13 80 1 83 9 58 7 98 12 47 11 67 14 95 8 6 10 70 6 36 4 52 3 20
11 45 12 61 3 84 5 84 8 84 14 26 7 31 13 90 2 47 0 32 9 65 1 55 4 1 10 69 6 50
13 2 9 37 7 56 3 40 10 32 11 48 12 83 8 85 2 30 0 87 6 22 5 96 4 48 1 69 14 97
8 92 7 65 2 24 4 2 14 21 3 52 6 90 1 9 9 10 12 20 5 53 11 96 0 20 13 73 10 46
1 86 4 93 3 22 12 68 2 68 10 72 11 53 7 73 0 62 14 4 5 9 6 45 13 30 8 62 9 80
2 5 10 75 5 26 14 72 8 36 3 92 13 16 0 6 11 77 9 19 4 69 6 16 1 81 12 53 7 96
