50 15
4 82 7 52 8 3 2 28 1 22 12 28 6 31 0 47 14 12 9 93 5 44 3 37 11 63 13 51 10 43
3 19 1 27 5 71 0 83 12 81 14 78 7 80 11 42 2 81 10 19 9 41 13 52 6 16 4 69 8 90
0 38 4 8 10 82 2 44 7 33 11 33 1 49 6 91 9 52 13 37 8 48 14 78 3 96 12 47 5 56
2 66 7 89 1 82 0 12 8 83 4 78 14 47 10 13 9 49 12 40 6 81 3 47 11 38 5 9 13 29
10 72 13 1 3 37 2 8 0 5 4 69 14 33 11 23 12 25 1 19 8 18 6 50 7 67 5 37 9 71
6 54 2 15 1 39 4 58 0 55 3 36 9 91 10 84 11 40 13 91 5 21 14 90 8 14 7 79 12 53
10 29 8 4 4 2 0 4 2 69 3 52 6 59 11 82 1 30 5 58 14 91 9 93 13 44 12 3 7 52
8 81 4 26 1 72 14 15 2 88 12 62 7 53 5 57 3 31 13 89 0 44 10 82 6 86 11 31 9 74
2 18 1 34 3 93 7 51 11 89 10 75 13 87 0 6 5 80 9 11 12 50 4 15 6 57 8 5 14 85
8 50 0 13 10 22 14 21 7 6 2 60 13 99 11 7 4 50 3 7 12 73 5 82 9 90 6 90 1 19
14 54 4 20 8 70 1 74 12 4 10 50 2 72 5 45 13 74 7 85 0 63 9 9 6 34 11 24 3 47
0 7 10 16 1 50 11 30 3 96 7 98 12 24 8 9 5 46 2 78 4 10 14 6 13 56 6 9 9 10
5 38 6 44 4 91 12 56 8 60 2 35 1 66 3 19 9 87 0 6 11 39 10 60 7 98 14 59 13 91
2 51 11 9 4 13 0 30 8 69 13 66 10 14 3 90 9 58 7 49 6 94 12 47 14 25 5 55 1 13
4 57 9 77 8 69 5 63 11 27 3 47 0 43 14 82 13 19 10 8 2 74 1 95 7 37 6 11 12 33
9 73 14 92 11 99 12 6 8 58 1 91 5 43 6 45 3 94 7 91 0 37 10 33 4 28 2 14 13 26
11 25 13 83 0 35 3 73 1 86 6 14 4 35 8 9 14 31 5 53 12 43 7 17 10 67 9 61 2 13
9 39 7 99 1 73 6 91 14 97 11 27 8 81 12 89 5 41 4 29 13 56 0 53 2 74 3 18 10 60
2 53 10 44 7 87 12 13 8 42 14 70 13 82 1 61 5 36 0 48 9 67 11 1 6 5 3 8 4 1
1 33 3 79 9 46 13 39 0 53 2 24 12 80 11 30 6 78 7 36 8 48 4 47 10 84 5 19 14 12
7 27 9 94 12 15 3 19 13 68 1 41 4 33 6 27 5 90 2 25 0 70 11 97 14 38 10 86 8 97
12 96 4 14 6 91 10 19 0 60 1 9 2 6 7 69 3 89 11 8 5 54 14 65 9 41 13 70 8 59
5 38 13 47 8 41 2 42 4 38 1 60 10 81 9 3 3 28 7 21 11 4 6 81 14 19 12 11 0 34
0 77 2 80 14 81 9 45 1 84 5 64 8 30 3 31 13 83 7 13 6 59 10 93 11 67 4 38 12 80
5 79 0 74 2 76 11 28 12 60 14 3 10 86 8 83 7 43 1 56 6 21 9 78 3 43 13 16 4 33
2 34 13 31 14 30 11 75 4 9 1 25 7 47 0 2 9 57 10 21 5 91 6 82 8 28 3 88 12 35
6 22 5 9 1 93 4 55 10 26 12 90 11 90 8 35 14 18 0 90 3 41 9 3 13 71 7 53 2 16
0 6 11 1 12 12 8 55 6 21 9 45 5 67 10 20 4 4 7 16 3 33 14 48 2 82 13 13 1 82
6 56 1 67 11 36 12 64 5 49 7 25 2 35 0 30 9 99 14 26 13 55 8 27 3 19 10 82 4 35
8 36 5 9 6 79 13 16 11 93 1 80 9 85 3 12 7 64 14 68 10 22 2 46 0 12 12 25 4 38
11 99 12 10 13 55 8 13 4 50 10 75 3 62 1 26 14 62 7 42 0 83 9 25 2 73 6 64 5 62
7 34 9 82 13 17 5 39 14 43 4 12 1 24 11 93 8 96 2 10 6 74 0 67 12 28 3 9 10 53
12 88 9 42 0 93 2 22 8 48 7 42 14 71 11 46 3 34 10 20 13 83 5 26 1 2 6 17 4 5
8 93 9 29 14 9 0 51 1 6 2 63 7 77 5 76 3 58 4 90 10 44 11 17 12 50 6 47 13 67
0 92 8 89 11 60 2 79 3 96 1 41 14 94 4 86 9 8 6 85 7 4 12 92 5 36 10 97 13 16
9 23 5 59 2 74 7 17 14 80 10 98 4 23 12 32 13 16 8 83 6 3 11 93 0 26 1 69 3 55
14 57 10 14 1 59 3 85 13 55 12 82 5 57 6 26 0 85 4 75 7 89 9 35 11 25 8 5 2 77
13 62 14 2 9 13 7 72 5 93 6 44 1 10 10 82 12 2 11 56 3 15 8 45 4 78 2 72 0 60
5 98 10 7 13 79 0 48 6 67 12 41 11 99 7 79 1 56 9 30 14 2 4 73 3 9 8 88 2 20
11 4 9 65 5 13 12 55 10 11 3 4 14 23 0 38 13 60 6 6 1 36 2 2 8 17 4 33 7 32
6 57 1 52 12 6 9 87 13 53 0 39 5 86 14 6 2 24 3 57 10 47 4 70 7 5 8 8 11 7
1 32 10 65 5 91 7 56 8 39 9 45 14 96 4 99 0 27 13 65 12 9 2 10 6 24 3 81 11 32
3 98 7 51 12 93 10 59 5 8 9 34 11 7 14 30 0 27 1 91 2 53 8 90 13 15 6 26 4 77
12 90 14 44 0 13 9 38 8 36 11 83 3 52 7 94 2 36 1 8 10 26 5 21 4 24 13 6 6 44
2 10 4 62 11 47 6 71 8 14 14 93 1 65 5 42 10 46 7 52 13 80 9 29 12 13 3 66 0 17
13 90 5 6 8 1 1 24 9 22 4 33 2 57 6 84 11 55 0 63 7 21 3 22 12 74 10 17 14 9
11 51 12 64 2 32 3 83 9 28 6 38 14 50 10 9 8 28 5 52 0 43 4 71 7 80 13 16 1 25
6 9 1 25 3 80 4 99 13 74 10 42 5 31 9 30 11 58 12 3 14 97 8 30 7 75 2 61 0 35
3 75 1 54 14 9 4 72 7 34 8 50 13 22 5 89 12 39 0 10 6 61 2 44 10 4 11 22 9 61
5 10 13 58 6 93 3 10 11 53 9 78 8 35 0 20 7 53 10 61 4 19 12 53 1 39 14 61 2 54
