50 15
3 29 10 98 7 30 4 17 9 60 0 8 6 63 12 40 1 19 5 29 14 78 8 93 2 89 13 49 11 70
9 40 3 89 2 4 13 99 5 92 6 35 14 28 11 11 7 75 10 91 0 61 4 49 1 87 8 98 12 40
11 9 4 44 12 8 2 63 5 89 0 61 6 53 8 72 14 80 10 51 9 78 1 33 3 65 7 60 13 61
11 42 9 1 6 43 0 23 5 17 1 2 13 61 4 69 7 42 3 64 12 86 2 2 8 42 14 7 10 11
5 29 11 17 4 92 2 16 7 91 12 89 8 92 0 20 14 51 3 11 6 6 10 35 13 23 9 98 1 38
12 68 2 81 7 46 6 58 13 30 3 5 10 77 8 29 11 83 0 49 1 37 4 6 9 58 5 70 14 91
10 55 8 87 3 56 7 97 9 57 14 46 5 77 12 73 6 10 11 9 4 78 13 35 0 11 2 97 1 55
6 10 0 37 4 75 13 52 2 29 9 95 11 40 3 11 8 88 10 66 5 14 14 63 7 35 1 66 12 45
11 59 3 65 9 11 2 5 5 33 7 47 0 72 10 93 8 22 13 65 4 13 1 60 6 30 14 84 12 54
8 78 4 8 7 24 12 35 0 40 2 66 6 58 14 31 3 56 13 93 9 69 11 86 10 85 5 63 1 19
13 49 14 89 10 45 8 12 12 11 2 28 4 10 11 57 0 20 7 23 6 24 1 35 9 14 5 23 3 5
9 98 13 86 4 74 6 93 3 6 10 14 5 49 12 94 8 9 14 51 0 61 1 87 11 77 2 55 7 18
4 56 1 51 2 24 7 80 0 14 11 64 14 15 3 94 10 55 8 71 13 32 6 58 5 12 12 82 9 46
14 85 1 45 13 49 11 66 12 80 0 76 2 94 6 36 3 66 8 46 7 70 5 29 9 55 4 69 10 95
10 9 11 79 13 14 1 54 7 88 14 56 8 48 2 90 5 74 4 7 0 30 6 58 9 87 3 37 12 15
12 46 14 64 0 17 8 34 10 7 6 51 2 76 9 65 1 96 5 16 4 82 7 33 3 15 13 13 11 2
3 2 8 18 7 83 13 44 2 41 14 3 11 86 1 48 10 8 9 86 6 65 5 42 12 61 4 34 0 40
12 68 7 77 8 66 4 59 0 56 14 83 9 70 2 69 11 50 5 88 1 34 3 67 13 91 6 10 10 41
11 52 1 38 6 46 3 92 14 12 10 60 0 69 2 5 9 87 8 15 4 23 12 92 5 30 7 81 13 68
13 97 9 96 8 3 12 26 1 51 2 7 10 8 3 44 6 75 0 73 5 77 14 52 7 79 4 3 11 27
1 7 5 36 0 80 13 50 4 75 2 71 10 98 12 54 7 31 14 45 3 1 11 12 6 52 8 95 9 74
12 85 14 80 8 27 5 48 6 29 1 60 10 58 9 52 13 35 3 53 4 9 2 56 11 19 7 29 0 78
4 87 11 25 10 20 5 64 13 75 6 58 2 35 14 96 12 47 3 81 7 84 9 34 8 5 1 1 0 29
9 63 8 23 10 48 2 28 14 17 12 16 6 81 1 29 3 65 5 63 13 54 4 40 11 73 0 96 7 94
8 45 4 68 1 48 10 87 11 60 12 28 14 64 9 13 3 81 13 12 7 45 2 63 5 86 0 17 6 2
7 29 2 33 12 66 3 60 6 94 11 33 10 91 9 61 13 26 14 3 0 75 5 18 8 60 1 92 4 59
12 48 10 50 13 60 2 71 11 69 8 27 1 80 5 62 14 91 6 41 7 27 0 35 4 64 3 55 9 42
2 83 9 32 8 89 3 15 4 70 0 75 14 39 6 80 5 69 11 59 12 13 1 9 13 36 7 7 10 61
10 48 9 34 7 67 6 65 0 21 2 14 13 29 4 8 11 50 8 13 5 69 12 51 1 69 3 2 14 71
1 11 12 31 13 77 10 96 5 10 7 84 8 94 2 61 3 59 4 26 0 5 11 13 9 29 14 43 6 1
1 35 4 36 5 22 10 13 8 14 3 92 13 42 11 94 0 93 7 13 6 76 2 63 14 69 9 26 12 40
10 33 3 76 2 24 14 44 8 46 5 22 4 72 11 42 9 71 6 77 12 7 7 55 1 68 0 92 13 62
5 59 12 84 0 45 14 72 11 54 7 77 8 90 9 6 10 8 13 32 4 93 1 62 3 99 2 1 6 33
14 40 7 22 12 19 9 37 10 8 2 50 1 1 4 21 0 61 11 44 5 23 8 98 13 17 6 83 3 42
2 2 9 62 12 2 5 66 0 18 10 48 13 70 7 57 8 66 6 80 11 22 4 50 14 45 1 98 3 22
3 75 7 36 8 24 0 15 11 32 1 88 12 19 9 59 14 54 6 17 2 63 13 61 4 81 10 7 5 22
10 45 0 95 2 45 4 38 1 18 3 85 9 77 12 72 6 17 11 66 13 10 8 98 5 34 7 93 14 67
14 31 6 81 2 49 11 10 4 86 5 22 8 69 10 40 3 96 13 2 12 35 9 91 7 72 1 75 0 58
12 96 2 1 13 26 11 4 0 77 6 39 7 24 5 10 3 22 10 62 9 16 14 93 4 71 1 80 8 14
5 84 9 77 7 76 13 41 10 98 4 5 8 96 11 17 6 19 1 84 2 78 3 6 12 75 14 79 0 10
3 93 13 32 11 60 5 15 4 82 10 72 6 13 2 16 14 17 0 81 1 13 12 90 7 75 9 85 8 69
7 52 10 25 8 80 1 74 14 58 5 12 12 89 3 38 2 13 9 68 0 56 4 54 6 96 13 2 11 24
4 53 5 2 1 22 8 53 13 52 9 56 3 88 0 22 11 80 6 95 10 23 2 39 12 76 14 18 7 59
2 62 9 42 3 23 6 44 7 44 0 18 14 61 11 95 13 62 12 11 1 73 4 77 5 23 8 43 10 34
13 29 8 87 3 66 7 60 6 30 1 39 2 12 0 16 12 16 5 77 10 83 4 35 14 48 9 70 11 98
14 79 4 63 5 25 2 4 9 87 3 10 13 11 8 29 1 48 6 92 0 53 10 68 7 68 11 24 12 79
12 26 6 19 7 76 5 61 14 9 1 77 3 44 8 4 4 33 10 61 9 2 11 44 2 64 0 77 13 29
1 94 0 15 14 99 4 85 6 9 12 9 9 96 2 73 10 8 11 4 13 7 5 44 3 35 7 88 8 30
8 21 11 26 6 91 3 90 7 23 2 39 4 19 13 33 12 2 1 73 10 41 0 44 5 72 14 51 9 46
5 96 10 58 11 43 8 11 6 56 3 58 7 13 9 72 2 64 1 8 14 65 4 23 0 62 12 11 13 21
