50 15
13 92 10 55 8 7 14 18 12 90 2 51 7 78 5 34 0 10 3 96 6 94 11 52 1 29 9 21 4 71
1 93 8 2 6 95 9 23 2 16 4 74 12 70 10 99 13 24 7 80 14 61 0 10 5 26 11 74 3 46
1 47 13 10 2 29 8 9 11 11 0 91 10 7 3 99 6 79 9 18 14 31 5 93 7 28 12 78 4 77
7 90 4 62 10 69 2 51 8 42 6 26 11 16 0 51 14 54 13 83 12 3 9 1 1 9 3 22 5 52
14 49 5 80 7 83 4 29 2 21 8 86 13 32 9 33 10 78 1 36 12 4 6 85 3 64 11 52 0 93
2 34 0 58 12 77 8 87 1 40 10 42 3 62 14 14 4 32 9 15 6 30 11 17 5 83 7 97 13 97
14 28 0 20 5 8 4 40 9 22 3 23 13 1 8 73 12 7 6 46 2 29 7 84 1 37 11 14 10 62
1 19 14 28 6 50 7 90 0 7 3 57 5 99 9 45 12 52 2 34 13 34 8 82 4 4 11 18 10 71
7 1 2 26 10 65 4 3 6 44 13 17 14 20 5 65 1 38 9 29 8 59 3 45 0 50 12 73 11 93
4 58 3 20 10 59 9 3 0 82 14 93 1 73 5 52 2 93 6 14 7 68 12 91 8 24 11 20 13 76
12 40 0 58 13 23 9 71 8 51 11 80 6 9 2 95 10 64 5 93 4 74 1 77 14 87 3 24 7 34
13 31 8 50 4 92 11 86 7 92 0 38 5 63 14 14 9 84 1 41 3 6 10 95 6 36 12 71 2 16
10 43 13 95 11 48 12 26 14 48 9 64 2 41 7 79 1 79 3 67 6 12 4 87 0 53 5 91 8 29
8 42 2 22 14 9 10 79 12 94 4 46 1 94 6 5 7 13 11 22 3 69 0 3 13 40 5 10 9 29
12 47 9 97 8 99 11 85 1 19 0 60 14 85 2 47 5 78 6 87 13 81 4 24 10 49 3 59 7 73
4 84 11 15 6 87 14 44 5 48 2 71 12 11 0 41 8 92 10 15 1 3 7 76 13 73 3 11 9 28
10 99 14 50 13 16 0 84 9 98 8 4 11 52 2 8 12 83 1 49 7 97 5 94 4 52 3 60 6 8
2 79 10 50 0 86 11 96 9 50 14 53 3 70 7 79 4 20 12 76 5 50 1 72 6 59 8 57 13 49
7 28 1 9 6 82 5 85 13 45 0 99 14 47 10 33 9 89 11 84 2 21 3 67 12 15 8 21 4 55
11 41 4 51 12 62 3 60 8 17 13 98 7 73 6 74 1 43 14 20 5 61 2 87 10 38 0 90 9 38
1 25 7 6 4 93 10 72 11 97 5 27 3 72 8 90 12 2 14 97 9 89 2 39 13 97 0 95 6 68
11 17 1 82 3 60 0 72 13 61 7 91 6 91 4 25 9 35 2 44 8 70 12 51 10 72 5 20 14 27
12 67 5 36 9 97 4 45 3 75 14 72 2 38 0 86 1 41 10 96 13 93 8 8 6 42 7 51 11 25
4 89 2 26 12 32 7 54 13 20 3 19 1 58 8 94 0 64 10 81 5 35 14 15 11 56 6 24 9 4
4 81 8 81 11 25 9 20 3 55 1 25 6 18 0 39 7 17 12 46 10 74 14 90 2 4 5 90 13 73
6 92 5 77 2 76 9 58 1 52 4 32 13 8 8 95 10 58 0 46 11 96 7 13 12 21 3 51 14 57
2 70 13 3 11 14 1 34 12 55 5 94 14 21 3 50 10 13 8 12 4 83 0 46 9 64 7 68 6 1
14 27 0 46 4 13 2 10 3 51 13 18 7 31 6 93 9 26 11 94 8 11 1 68 12 6 10 29 5 19
4 35 6 87 14 93 11 32 8 87 5 88 10 87 7 65 2 24 9 27 12 27 13 34 1 4 0 74 3 62
1 15 7 50 3 54 12 11 10 10 6 30 9 28 0 41 14 52 8 94 5 19 13 91 11 19 2 30 4 36
2 73 12 4 7 94 8 90 9 27 1 52 10 40 4 59 11 88 3 28 5 56 14 92 6 50 0 63 13 49
5 19 4 60 7 26 11 73 10 42 8 69 6 15 12 54 13 94 14 54 0 38 1 41 3 16 2 22 9 31
4 49 9 49 6 90 12 85 11 34 10 9 7 31 3 92 13 53 5 86 8 14 0 93 2 42 1 54 14 96
5 8 0 47 13 45 9 95 7 28 14 44 11 12 4 28 8 79 3 21 2 96 6 41 10 13 1 48 12 96
7 39 14 48 12 43 13 91 6 19 8 84 10 93 9 16 5 26 0 28 4 47 11 6 2 61 1 95 3 25
6 62 5 66 8 25 9 43 11 29 0 55 7 60 12 50 4 18 2 50 3 1 1 62 14 88 10 95 13 84
11 38 14 15 8 64 13 42 9 88 1 59 2 10 4 60 10 89 3 49 5 60 0 16 7 35 6 12 12 12
7 75 11 61 3 36 9 42 10 11 14 79 1 45 13 96 4 54 6 81 8 77 5 22 12 25 0 37 2 30
6 50 13 56 4 8 2 40 9 58 1 86 12 3 14 4 7 47 5 80 11 78 10 93 3 84 0 5 8 87
6 42 12 6 14 25 1 22 7 22 9 57 2 33 8 34 13 2 11 86 0 95 10 3 5 5 4 71 3 37
6 20 7 15 5 72 10 79 4 33 9 20 14 75 13 84 11 15 1 35 12 74 8 29 2 73 3 13 0 62
13 40 9 37 8 99 12 32 2 5 1 17 3 62 5 16 0 45 14 69 7 39 10 88 4 59 11 36 6 51
2 35 10 97 8 62 5 77 3 54 9 75 12 60 4 49 14 62 1 11 11 40 7 14 13 98 6 76 0 76
3 74 11 3 2 92 7 12 13 38 1 5 10 23 12 83 4 24 0 78 14 4 9 53 5 88 8 98 6 91
6 66 2 58 9 64 1 11 0 8 10 86 12 51 8 70 3 11 11 82 13 68 4 60 7 34 14 42 5 5
9 30 7 49 8 48 5 59 2 83 1 93 0 17 11 33 6 83 4 46 3 66 13 15 14 67 12 90 10 60
13 36 10 89 14 38 4 65 9 85 5 80 12 9 7 36 1 45 8 87 2 92 6 97 3 94 0 32 11 86
1 97 14 38 8 69 10 44 13 5 0 27 9 43 11 14 5 99 2 11 7 57 4 65 3 25 6 29 12 83
2 19 13 24 12 20 6 59 1 32 8 87 14 95 5 68 9 41 4 87 3 79 11 23 10 12 7 75 0 51
2 6 5 90 0 26 7 47 4 67 9 15 6 69 14 76 8 42 10 3 3 74 1 91 12 9 11 97 13 17
