50 15
13 73 1 76 0 74 14 60 2 97 7 13 6 77 12 36 8 67 5 87 3 45 4 97 11 21 10 71 9 15
11 1 12 99 2 46 1 73 9 9 14 37 6 4 8 69 3 81 7 34 13 21 10 6 5 81 4 93 0 27
6 31 4 45 2 27 13 8 7 37 8 47 0 25 10 88 3 98 1 77 11 16 12 47 14 78 9 92 5 23
9 51 0 75 7 62 13 12 2 69 8 4 5 92 4 67 12 37 1 43 14 99 3 95 10 53 11 93 6 5
0 83 11 88 1 3 8 21 13 24 7 77 3 32 14 86 2 88 9 62 12 55 10 49 5 68 6 7 4 51
14 12 9 35 12 96 5 77 3 85 13 14 11 43 8 23 1 8 4 78 6 39 10 95 0 21 7 39 2 38
14 8 7 72 10 73 9 43 3 54 6 43 4 83 2 43 11 68 5 3 12 7 1 18 8 3 0 48 13 9
9 64 3 36 8 79 7 51 12 99 10 13 11 13 2 16 14 80 4 4 1 84 6 68 13 52 5 6 0 28
3 5 10 9 7 8 14 60 2 66 5 7 0 60 1 64 9 22 4 35 13 87 6 37 8 85 12 64 11 79
9 57 7 49 3 98 14 35 11 4 2 96 0 85 12 65 5 92 10 8 1 73 4 10 13 89 8 29 6 44
10 67 8 24 12 56 9 59 0 83 11 61 4 16 6 41 3 41 2 73 7 87 13 83 1 99 14 75 5 19
3 76 9 53 8 79 11 11 0 60 7 67 1 59 2 19 4 48 10 69 6 66 13 3 5 81 12 93 14 6
10 85 13 70 11 35 6 40 5 59 1 22 2 23 7 50 4 79 8 79 12 36 9 16 0 25 14 94 3 53
13 12 5 75 12 56 14 68 0 57 8 30 4 88 9 5 1 20 7 76 2 39 6 85 11 86 3 26 10 96
6 52 4 22 11 33 9 38 14 1 12 76 3 26 7 25 13 50 5 24 0 42 8 58 1 33 10 51 2 1
0 74 10 6 3 75 13 12 14 66 11 31 12 48 4 41 1 73 7 99 8 54 9 23 6 11 2 79 5 2
7 71 11 31 13 70 6 27 14 96 0 8 4 75 8 81 9 63 12 99 5 73 10 10 3 31 1 26 2 87
10 53 4 13 9 24 3 97 0 7 6 78 14 90 7 67 5 37 8 56 2 28 11 65 12 50 1 28 13 96
4 38 3 15 8 14 7 58 11 21 12 83 0 84 2 77 1 90 6 95 14 25 5 34 13 78 9 34 10 28
9 15 5 30 7 19 14 96 2 97 4 36 6 31 12 12 0 48 1 38 13 11 11 75 8 92 3 9 10 47
10 37 12 94 4 93 3 23 9 89 0 82 14 72 7 47 5 28 13 6 11 9 2 10 8 18 1 58 6 53
14 47 5 72 12 43 6 10 2 16 4 64 7 28 0 66 1 25 8 16 10 73 3 44 9 34 11 35 13 77
5 29 13 65 12 80 3 74 10 19 0 78 7 9 4 84 8 98 14 71 9 88 6 5 11 30 1 19 2 34
1 16 2 83 14 49 4 84 3 52 8 86 0 85 6 41 7 9 9 88 13 76 10 93 5 16 11 53 12 59
0 85 8 36 6 96 10 67 7 59 2 8 3 46 14 63 13 20 11 59 1 49 9 74 12 46 4 78 5 7
1 36 11 64 0 3 5 43 8 73 10 23 4 87 7 8 13 23 2 61 9 8 6 41 3 57 14 79 12 64
10 80 12 72 4 31 11 30 8 83 1 33 7 98 6 6 2 2 9 88 0 22 14 46 3 30 13 16 5 73
8 12 2 61 0 84 1 75 4 2 7 68 3 14 6 17 14 53 9 98 10 81 5 79 12 51 13 9 11 66
7 68 2 53 6 92 8 57 13 77 4 84 11 7 9 82 12 14 0 52 1 82 3 63 10 75 14 83 5 2
2 8 0 47 1 66 12 72 5 55 4 64 8 24 3 55 14 14 10 19 13 85 6 13 11 1 9 36 7 75
7 49 9 73 1 57 3 69 2 12 6 28 0 49 10 84 8 23 4 95 5 74 11 49 12 90 14 26 13 31
13 21 0 72 7 14 2 42 4 56 6 40 1 17 9 97 14 11 10 22 11 46 5 86 12 49 8 68 3 32
0 91 9 13 13 43 8 83 7 22 6 67 10 66 2 14 11 30 5 63 14 86 1 14 3 72 4 31 12 12
0 7 10 19 9 71 3 28 6 62 14 98 4 85 1 95 8 37 12 36 5 19 13 28 11 55 7 56 2 49
6 96 7 55 9 8 0 15 2 4 1 41 11 84 3 27 14 29 13 77 5 54 12 52 8 75 10 49 4 36
14 15 8 81 4 58 1 2 6 57 9 70 3 92 7 18 11 10 13 34 0 80 5 48 2 51 12 22 10 59
11 51 12 46 2 7 4 28 0 24 6 87 7 38 13 61 1 22 3 43 8 1 9 9 10 70 14 26 5 36
9 69 10 63 0 27 6 38 5 75 12 79 1 29 2 11 13 69 14 81 11 59 7 73 3 79 8 15 4 7
7 81 4 8 14 11 10 8 1 23 5 20 9 36 3 77 13 43 12 74 0 43 8 12 11 48 2 60 6 96
0 19 3 96 7 79 6 3 4 46 14 51 13 32 1 21 11 15 12 95 9 44 10 27 2 55 8 32 5 29
9 39 13 26 4 16 6 52 2 35 0 53 10 69 7 15 8 18 11 67 14 33 3 97 1 82 5 80 12 28
10 1 1 68 13 10 0 13 4 22 12 9 11 34 6 14 3 67 8 70 7 45 14 5 9 84 2 76 5 10
4 37 9 55 1 67 13 76 11 46 8 86 5 86 0 79 6 5 14 64 10 94 3 58 7 14 2 33 12 90
6 64 4 66 2 80 10 99 12 96 1 55 11 60 9 63 13 87 14 17 8 40 0 5 7 1 3 21 5 43
8 68 11 61 14 19 9 49 1 60 2 79 0 92 5 83 10 21 4 11 13 58 7 1 3 58 12 51 6 8
14 7 10 9 4 74 0 59 3 81 9 33 12 45 2 46 11 29 13 76 5 80 6 12 8 66 7 48 1 8
13 27 7 91 2 41 3 31 9 77 8 10 12 8 5 15 4 10 0 25 14 4 1 8 10 93 6 67 11 35
2 11 10 72 7 32 8 31 3 99 4 89 1 54 13 2 14 27 0 88 12 92 5 71 9 79 11 87 6 30
3 70 2 76 1 21 13 14 12 94 7 58 5 23 10 38 4 20 9 72 0 46 6 57 11 84 14 24 8 59
6 42 3 62 4 9 12 18 7 86 0 15 9 40 11 86 8 88 10 49 1 78 14 78 5 11 13 9 2 57
