50 15
2 30 8 40 12 64 11 18 0 39 10 86 1 1 6 90 9 13 5 30 14 31 3 36 4 46 7 75 13 66
1 12 4 75 13 89 2 25 12 97 10 22 6 2 3 98 5 44 14 17 0 35 9 62 7 90 11 27 8 5
3 79 12 8 4 84 7 95 13 95 11 31 1 62 14 8 6 18 0 55 2 14 10 60 8 6 9 17 5 64
12 68 10 90 4 29 2 18 9 46 11 45 13 6 14 10 0 61 7 17 6 74 8 51 5 41 1 33 3 14
0 57 2 90 6 52 10 82 7 69 9 46 13 23 1 95 3 93 8 61 5 50 11 28 14 74 4 18 12 85
0 17 12 78 5 22 8 38 3 73 7 85 14 12 9 21 6 2 2 51 1 53 4 46 10 80 13 24 11 73
12 9 11 24 13 64 10 20 14 30 7 63 2 72 5 5 8 88 4 55 3 44 6 22 9 96 0 46 1 79
0 88 3 89 4 1 14 1 5 67 1 89 9 90 2 36 7 55 12 70 10 68 6 2 11 81 8 69 13 67
6 84 0 56 12 98 8 23 13 96 7 76 2 86 4 75 9 24 10 64 5 55 11 44 1 77 14 80 3 55
12 8 11 70 6 2 3 31 7 60 2 61 8 78 13 63 5 75 1 75 10 99 14 74 9 27 0 14 4 38
10 10 6 71 12 83 8 98 9 11 0 68 14 17 3 61 4 2 2 55 13 72 1 40 5 95 11 84 7 10
4 61 9 75 2 59 5 61 11 71 14 43 7 27 6 66 8 7 13 14 0 4 3 32 1 38 12 68 10 66
5 46 4 80 0 4 10 56 6 85 3 62 7 1 1 35 14 86 11 96 13 13 2 88 12 79 9 61 8 91
0 97 14 72 4 65 8 46 1 77 7 29 6 86 2 2 11 4 9 16 13 36 12 38 10 51 3 83 5 96
0 80 11 55 2 54 14 83 8 28 10 66 4 48 3 81 6 47 5 78 9 5 7 14 12 86 13 36 1 87
0 68 14 94 9 53 2 36 8 45 3 86 1 7 11 65 12 34 13 66 6 19 7 18 5 82 4 5 10 37
13 62 3 57 6 45 10 90 7 61 14 57 11 94 5 39 2 50 8 91 4 54 1 14 0 74 12 79 9 73
4 23 3 37 2 58 9 48 12 2 8 80 5 44 10 96 13 90 7 3 14 40 11 18 0 78 1 78 6 17
2 59 0 69 5 72 7 5 9 76 6 10 11 22 14 46 8 83 1 61 12 72 3 53 4 30 10 21 13 63
4 42 6 56 7 14 12 37 0 6 11 5 9 19 14 11 10 68 1 13 2 99 8 4 3 90 5 47 13 58
2 79 0 41 10 19 14 45 12 17 8 97 9 46 7 9 13 98 6 85 5 54 1 81 4 68 3 82 11 85
7 61 4 4 10 55 3 81 9 23 11 4 8 1 14 3 0 32 12 73 13 72 2 15 1 33 6 12 5 5
1 23 5 32 13 27 2 61 4 37 9 54 6 73 14 45 11 51 7 37 0 75 3 89 10 34 12 84 8 97
5 57 0 29 4 30 10 89 7 66 11 67 14 73 2 51 3 67 9 1 12 93 6 68 13 30 1 62 8 22
6 74 0 54 7 78 8 21 1 96 12 80 10 22 11 24 4 75 3 42 14 60 2 68 9 55 13 96 5 1
4 18 3 52 12 39 6 62 7 61 1 57 13 97 11 82 14 53 5 80 9 62 0 69 2 98 8 28 10 20
9 68 1 83 7 34 11 15 2 55 5 85 12 67 13 20 10 93 0 36 8 81 4 18 6 77 14 38 3 14
7 22 6 64 3 8 2 52 10 41 0 46 5 69 1 30 14 32 13 64 4 17 12 63 9 60 8 61 11 65
3 82 0 54 14 32 4 58 10 51 2 22 13 92 11 1 9 7 6 85 7 75 1 23 8 52 12 47 5 53
2 46 13 75 3 37 9 23 7 53 1 30 0 85 12 71 6 13 4 83 5 75 11 56 14 83 10 53 8 17
3 2 7 54 14 26 10 8 8 47 9 22 2 39 6 2 13 91 5 70 4 64 12 51 1 88 0 90 11 17
0 38 9 17 2 91 1 90 11 21 13 3 7 78 12 4 3 98 5 41 10 1 14 33 6 90 8 19 4 47
3 64 8 11 9 15 10 59 7 27 14 7 11 94 1 28 5 76 6 98 0 95 13 85 4 35 12 27 2 33
3 8 14 50 9 26 4 43 12 3 1 24 0 37 6 63 8 39 11 46 2 65 5 2 7 88 13 6 10 34
10 49 2 9 0 94 11 26 3 33 14 71 7 62 8 18 1 30 9 27 6 92 5 97 4 18 12 16 13 29
5 82 3 90 1 43 9 80 12 55 11 36 14 90 8 7 4 59 7 55 10 85 2 51 0 79 13 20 6 47
9 15 1 4 6 34 2 64 3 42 14 99 0 3 5 31 7 57 13 7 4 79 12 78 11 39 8 45 10 27
10 2 6 89 11 25 4 81 2 7 1 42 12 50 0 51 7 58 13 58 5 68 9 40 3 42 8 29 14 63
6 86 7 19 13 60 4 13 11 71 8 4 1 62 14 50 9 12 10 30 3 31 12 75 5 56 2 41 0 58
3 10 8 61 14 98 1 88 10 74 4 92 7 46 9 17 2 92 5 34 11 29 13 88 6 45 12 82 0 86
3 6 6 18 14 54 0 69 13 50 12 99 8 17 7 69 2 68 1 66 4 31 5 49 11 11 10 42 9 5
0 58 14 52 4 58 5 58 11 75 1 98 2 97 12 15 13 98 9 20 10 11 8 73 3 47 7 40 6 43
11 71 3 17 9 51 14 19 0 48 5 21 13 34 1 78 7 79 10 39 4 84 2 11 6 10 12 23 8 63
13 45 4 37 11 46 0 32 10 2 7 8 2 30 1 35 9 43 14 82 12 68 6 1 8 32 3 73 5 60
11 12 0 77 12 15 9 6 13 16 10 82 7 74 6 51 5 53 3 93 4 69 14 22 1 83 2 64 8 46
4 76 10 74 6 23 2 6 11 28 13 69 12 22 8 50 3 67 1 38 5 37 0 6 7 43 9 71 14 75
12 4 14 82 9 58 2 27 0 56 3 25 4 82 10 53 1 64 7 86 5 22 8 72 6 9 13 63 11 57
12 94 11 80 7 56 9 55 13 76 6 96 14 9 5 37 4 3 8 42 0 76 3 89 1 93 10 61 2 44
2 52 0 50 9 39 11 59 13 71 5 69 4 53 6 74 12 40 10 3 14 34 1 3 3 4 8 49 7 33
7 36 0 74 9 15 6 64 2 58 4 35 3 54 1 93 13 18 11 77 10 11 8 20 5 72 12 89 14 36
