50 15
3 32 7 83 5 6 6 6 8 27 1 55 9 17 14 61 2 52 13 5 10 35 12 48 0 91 4 33 11 33
2 67 10 91 8 41 4 98 7 84 3 33 5 52 9 67 13 79 14 32 0 56 12 87 6 59 1 98 11 41
10 94 0 55 8 71 7 21 11 72 1 71 14 98 9 2 13 62 3 77 6 49 12 19 2 23 4 36 5 68
5 59 3 39 4 48 1 89 2 47 7 67 13 22 14 2 6 19 11 4 10 31 0 24 12 59 9 85 8 66
7 69 0 59 3 69 6 35 5 77 10 97 8 83 13 8 12 94 14 42 2 32 4 99 9 67 1 87 11 32
11 15 1 43 2 33 0 89 5 78 7 86 12 15 8 41 4 76 9 5 13 60 10 14 3 33 14 10 6 85
3 72 5 46 6 16 13 20 11 35 1 11 10 69 8 75 9 98 12 72 7 98 4 99 2 98 14 25 0 56
2 79 12 34 6 72 14 43 13 36 9 20 8 63 4 69 1 95 10 58 5 98 3 3 7 29 11 15 0 57
13 89 8 79 3 69 12 9 0 1 1 82 2 73 9 33 14 95 4 36 11 68 5 23 7 30 10 85 6 90
0 70 6 13 5 14 8 85 2 98 7 6 9 48 11 74 1 94 14 89 3 23 4 14 12 9 10 52 13 79
1 26 10 2 13 22 6 57 7 79 2 26 3 8 14 37 8 12 4 92 5 54 9 71 11 20 12 47 0 52
6 79 11 11 10 85 14 16 2 33 13 83 8 61 9 93 3 54 0 60 1 21 7 76 12 72 4 67 5 87
8 36 7 90 13 52 0 64 6 70 3 79 12 65 11 11 10 16 1 90 9 55 2 2 4 7 5 40 14 64
12 21 0 23 1 94 13 66 7 23 10 42 11 32 5 79 14 3 4 30 9 36 6 13 8 87 2 35 3 34
4 17 10 5 13 65 2 47 3 81 5 63 14 62 11 4 7 7 0 79 8 13 1 33 6 69 9 28 12 9
5 21 10 23 6 3 3 1 11 80 8 63 14 59 1 46 0 9 7 72 2 90 12 77 4 57 13 82 9 19
13 99 1 74 3 76 9 77 8 88 14 13 0 53 12 86 5 28 4 75 2 77 6 11 11 68 7 40 10 81
14 35 9 36 12 24 13 87 11 49 7 62 4 77 8 56 10 96 2 62 6 21 0 13 3 98 1 19 5 52
8 55 11 5 10 89 14 80 4 7 3 35 12 69 6 69 9 75 7 19 2 84 13 1 1 54 5 60 0 81
4 40 7 68 9 15 1 55 0 42 14 70 10 6 12 35 8 6 3 62 2 84 6 64 11 29 13 1 5 40
12 88 5 67 13 65 0 19 1 42 7 74 2 12 9 30 14 86 11 60 10 79 6 39 3 73 4 48 8 83
11 11 12 58 8 72 5 62 7 12 2 18 9 61 6 69 3 85 1 47 14 4 10 21 13 37 4 5 0 82
14 86 1 26 9 37 6 4 0 13 13 52 5 41 8 54 11 17 7 31 3 20 4 38 2 92 10 17 12 84
6 43 10 12 4 96 8 53 13 10 5 84 0 74 7 45 14 52 9 70 11 14 3 88 2 35 12 55 1 27
5 11 10 74 0 29 6 14 12 89 14 54 1 26 4 98 11 40 13 38 2 5 9 16 7 77 8 12 3 30
9 64 14 25 2 9 8 62 11 94 1 51 10 91 5 69 12 14 3 87 4 23 6 78 0 26 7 30 13 22
7 3 12 58 1 35 2 47 0 66 10 72 9 97 4 68 13 64 3 14 14 89 5 16 8 42 11 10 6 52
11 71 7 10 4 86 2 90 14 27 13 61 8 71 0 98 9 47 12 78 1 74 5 52 6 12 10 88 3 1
7 91 9 27 11 58 4 89 1 38 13 13 6 45 3 16 10 42 5 90 12 47 0 65 8 68 14 53 2 78
1 6 4 91 5 14 2 52 14 59 7 76 11 38 10 67 8 89 3 98 9 6 6 33 0 28 13 70 12 12
3 93 2 76 5 39 7 51 13 51 14 84 9 73 0 24 1 93 6 10 8 33 4 79 11 88 12 31 10 19
3 48 1 47 0 28 8 81 9 56 6 93 13 92 7 92 10 58 4 36 11 95 2 56 12 67 5 78 14 76
5 90 12 12 14 23 1 20 7 38 0 69 10 86 4 51 8 70 13 62 3 42 6 7 11 8 2 39 9 50
0 97 6 38 3 70 7 90 4 83 9 22 11 91 10 42 12 56 14 87 2 79 5 95 1 38 13 76 8 12
5 69 8 20 4 42 10 86 11 69 12 24 1 13 0 70 2 83 7 51 9 37 13 94 6 47 14 19 3 61
5 86 9 92 3 88 4 74 14 70 11 12 0 82 2 5 7 96 10 5 6 12 1 28 12 44 8 38 13 96
2 79 6 58 1 43 12 46 10 75 4 31 9 10 5 49 11 93 3 63 14 75 0 55 8 77 7 88 13 2
12 29 0 60 1 25 9 29 13 28 6 74 8 28 7 13 11 70 3 94 14 30 4 9 5 18 10 70 2 18
8 33 12 76 14 47 0 96 3 8 13 10 9 87 4 22 2 34 10 41 11 54 1 71 7 37 6 21 5 44
1 12 14 66 13 62 5 13 7 98 10 18 0 58 12 66 2 43 4 74 8 85 11 13 3 76 9 13 6 69
12 73 13 12 0 74 6 22 14 13 1 44 7 95 2 17 8 69 10 24 9 85 4 43 5 95 11 92 3 5
6 33 14 52 2 44 1 27 9 11 13 61 12 98 10 90 11 78 0 69 5 57 4 60 3 34 8 10 7 78
2 41 7 5 5 48 9 4 10 38 14 13 8 18 0 22 4 75 3 85 6 2 12 67 1 38 11 34 13 61
11 2 2 54 3 59 7 2 9 7 0 1 10 90 4 29 12 94 1 50 14 6 5 78 8 87 6 19 13 37
14 23 2 30 1 21 8 26 9 58 10 39 4 20 12 37 7 3 6 92 11 16 13 24 0 43 3 19 5 28
7 80 0 92 13 64 10 98 14 20 1 41 6 23 11 64 5 27 4 44 2 55 12 66 9 7 3 96 8 13
4 72 0 45 1 63 10 52 13 72 8 74 6 65 5 32 2 85 9 42 11 49 14 86 12 16 7 68 3 97
4 39 1 72 6 67 0 81 14 95 3 15 12 44 7 6 8 12 9 14 2 37 13 97 10 47 11 73 5 14
12 55 2 94 3 54 0 84 1 97 14 80 6 90 5 97 7 67 11 64 9 51 8 22 4 56 13 12 10 46
0 89 3 53 5 34 8 27 14 75 11 18 4 34 10 13 2 3 1 44 13 98 9 91 7 25 6 30 12 52
