50 15
10 75 0 47 2 96 7 95 12 78 6 53 3 51 14 71 1 96 9 83 4 62 11 44 13 97 5 33 8 79
6 16 0 54 13 31 2 51 8 39 4 23 14 97 12 83 10 13 3 62 5 93 9 31 11 82 1 14 7 95
5 87 4 28 1 63 9 36 7 85 11 28 12 25 14 94 0 28 6 16 2 82 10 15 8 24 3 19 13 5
8 37 3 73 11 32 6 50 13 1 2 10 1 29 10 51 14 34 7 95 12 73 9 2 5 53 0 21 4 79
4 98 3 84 12 26 0 74 10 11 11 3 13 16 6 21 9 96 5 4 2 43 7 66 1 39 8 95 14 71
8 69 13 46 4 11 9 51 14 76 2 77 11 39 5 5 6 44 0 90 7 85 3 55 12 6 1 21 10 74
11 48 2 7 6 82 4 61 0 84 9 91 1 95 14 47 10 81 5 19 7 29 3 2 12 40 13 70 8 57
10 94 0 89 14 73 12 52 13 2 6 91 3 13 7 43 8 96 5 39 2 75 9 46 4 80 11 90 1 90
10 75 11 54 0 68 7 85 4 54 12 76 9 34 2 19 14 59 6 84 3 97 8 8 13 21 1 36 5 66
10 58 3 17 14 82 1 24 2 66 0 71 13 41 12 94 7 83 5 30 8 91 6 7 11 43 4 63 9 1
2 11 10 7 4 58 1 91 5 3 8 6 9 48 12 66 3 77 11 86 13 29 7 58 0 31 14 2 6 63
10 61 9 54 12 67 14 93 2 97 4 37 7 11 1 93 0 45 13 47 3 54 11 5 6 8 5 20 8 49
3 59 13 58 7 80 0 25 11 31 5 71 8 89 9 76 6 43 1 40 4 49 2 51 12 44 10 27 14 51
8 81 0 94 7 38 6 30 14 36 1 6 5 25 4 23 12 18 13 76 2 51 3 47 11 25 9 62 10 44
2 42 14 24 8 77 4 37 12 91 7 53 9 6 13 89 10 92 11 18 5 14 3 68 1 4 0 39 6 22
12 27 6 90 5 95 9 91 13 8 8 37 7 93 0 18 4 77 14 30 11 36 1 32 2 86 10 54 3 62
9 33 14 34 7 50 11 40 12 96 8 7 10 79 3 6 0 80 13 99 5 12 1 68 2 74 4 80 6 12
3 1 5 59 6 38 8 30 11 26 14 16 0 56 10 53 13 52 1 62 4 94 12 46 9 73 2 1 7 51
1 91 12 56 11 96 7 49 3 54 13 62 14 17 9 87 0 95 6 23 5 84 10 65 8 20 4 96 2 4
4 56 12 34 3 4 5 1 2 79 13 62 14 70 7 9 8 25 1 44 9 64 6 5 11 83 10 25 0 27
12 96 5 46 4 93 8 35 7 11 13 95 9 24 1 39 14 55 0 92 11 17 10 42 6 36 3 43 2 86
6 72 2 63 9 2 10 53 11 56 14 3 4 83 8 75 12 58 5 37 0 4 7 73 13 47 3 19 1 60
7 1 14 59 3 88 12 85 2 4 1 2 13 47 4 1 11 68 0 12 6 58 8 53 9 92 10 38 5 21
3 7 14 37 8 85 11 65 1 78 7 41 9 46 13 52 6 78 2 77 12 23 4 22 0 85 5 1 10 57
7 6 6 20 5 61 0 85 13 64 8 21 3 66 14 14 12 97 10 39 9 47 11 17 4 52 1 38 2 11
0 19 9 72 3 36 7 86 10 28 11 55 6 78 12 30 4 84 5 47 13 72 2 44 8 59 14 93 1 99
5 41 0 33 8 15 11 77 1 44 2 51 13 34 3 72 6 29 7 21 9 11 10 25 4 62 14 34 12 50
12 85 11 39 13 80 5 70 0 95 9 58 1 58 14 53 8 64 4 16 6 80 2 22 7 35 3 82 10 52
11 45 4 61 13 68 1 83 5 87 7 19 12 38 0 94 14 69 10 85 6 35 3 69 9 20 8 81 2 33
13 11 14 23 9 43 4 56 0 13 2 58 8 59 3 57 7 85 12 51 11 72 6 66 5 23 10 69 1 38
8 70 3 46 5 23 6 71 10 9 13 62 4 93 11 50 2 59 14 25 7 10 12 28 9 72 1 48 0 85
12 4 7 75 5 62 9 63 10 74 11 71 13 89 6 33 2 9 8 87 3 33 0 35 1 55 4 65 14 69
5 68 8 71 14 16 12 92 2 46 4 70 13 77 6 69 1 15 3 18 11 95 7 91 9 37 0 84 10 8
6 64 1 28 9 31 0 93 13 85 8 90 12 13 4 16 14 88 7 40 3 47 11 61 10 53 2 60 5 38
4 73 12 12 11 27 3 61 13 87 0 74 1 19 6 91 5 88 7 53 10 19 8 19 14 62 2 87 9 41
2 59 10 84 8 96 1 88 9 68 3 63 11 12 5 52 6 41 4 71 7 5 13 47 0 26 12 4 14 17
13 34 11 93 0 15 9 57 10 95 3 97 6 42 1 16 7 84 5 4 8 16 4 73 14 86 12 77 2 88
8 42 12 30 2 33 0 68 9 48 5 44 4 16 13 81 3 1 14 19 1 21 10 8 6 18 11 18 7 67
2 46 5 64 14 32 4 51 3 86 13 4 0 68 9 6 12 52 7 21 1 67 10 13 11 67 6 8 8 44
7 97 8 43 13 51 3 84 9 12 1 36 14 70 11 47 5 36 10 1 6 39 4 62 2 95 12 24 0 11
7 49 14 57 1 57 4 25 6 74 2 68 11 85 0 86 3 4 13 7 8 51 12 28 5 96 9 3 10 67
2 71 4 71 0 58 11 98 8 81 5 79 13 27 6 58 12 42 14 28 10 80 9 62 1 26 3 41 7 2
8 41 12 70 13 15 5 93 11 52 1 57 10 10 4 98 0 77 14 69 6 89 9 7 3 85 2 85 7 92
8 8 3 1 4 2 5 90 9 71 13 3 10 80 6 38 2 70 14 13 0 16 12 89 1 99 7 37 11 58
2 66 12 17 10 87 9 26 14 86 0 97 7 61 6 73 5 65 3 24 4 92 1 31 8 6 13 32 11 46
8 59 7 91 9 90 14 13 13 14 2 87 11 41 3 73 6 18 5 56 12 81 4 45 0 45 1 58 10 63
11 32 10 96 7 69 0 41 4 5 3 2 9 48 5 10 8 40 14 70 12 27 1 2 2 33 6 27 13 30
10 44 6 31 1 40 5 8 11 37 9 90 14 65 3 2 13 87 8 46 7 22 2 78 12 49 4 7 0 14
3 12 2 88 7 73 4 66 8 20 5 68 14 28 10 85 12 96 11 40 0 12 1 3 13 53 6 8 9 85
4 28 10 93 2 40 13 24 0 27 7 57 1 99 14 50 12 51 3 56 9 78 8 11 11 40 6 66 5 24
