50 15
11 95 8 68 12 57 7 3 0 42 6 57 4 44 9 78 13 38 10 60 5 10 14 57 3 33 2 52 1 73
4 65 13 47 3 79 0 57 10 35 12 8 11 43 7 7 9 51 5 20 8 46 14 20 2 3 6 21 1 92
0 80 8 99 6 51 4 61 2 2 1 53 3 56 11 12 9 26 10 11 13 17 7 55 14 78 5 33 12 35
1 54 14 79 7 35 11 72 6 63 9 3 12 42 3 72 0 75 10 97 8 94 13 30 4 20 2 52 5 69
10 99 3 24 11 65 14 37 4 79 12 88 6 65 8 57 2 45 13 97 0 89 7 81 9 23 1 42 5 27
8 3 14 8 3 98 9 78 7 56 1 14 2 73 11 34 4 86 6 25 0 32 13 16 12 51 10 50 5 83
12 88 5 4 1 54 4 76 14 80 13 58 0 4 2 61 7 82 3 47 10 41 6 8 9 95 8 71 11 82
5 42 9 30 13 24 6 40 11 73 1 33 12 53 2 62 8 30 14 98 0 94 4 12 3 80 7 91 10 51
4 54 6 95 12 13 14 98 5 20 2 80 9 36 13 47 3 26 1 46 8 38 7 97 11 43 0 63 10 82
4 96 2 89 12 32 6 39 10 75 13 83 3 11 8 86 5 20 11 55 14 68 1 30 7 34 0 29 9 28
3 12 14 90 2 67 4 57 10 3 9 91 11 6 8 45 0 95 13 15 6 44 12 88 5 4 7 63 1 6
2 25 0 19 3 86 1 97 11 78 12 38 5 22 7 95 6 16 14 80 4 35 8 63 13 36 10 60 9 30
7 30 2 16 13 48 14 56 3 7 11 27 4 46 12 68 6 1 1 93 0 11 5 99 9 99 8 12 10 35
7 7 9 32 13 44 1 70 12 91 4 85 11 1 0 50 10 20 2 67 3 64 5 64 14 74 8 51 6 4
7 3 3 13 14 34 13 91 12 11 11 41 1 23 6 29 5 75 4 49 10 18 9 77 8 24 2 65 0 39
13 7 4 17 0 38 9 32 5 37 3 24 2 30 10 26 8 30 7 29 11 52 14 33 6 29 1 66 12 54
10 88 8 69 9 99 7 42 2 52 4 8 3 59 13 18 14 39 5 6 12 86 1 50 11 98 6 47 0 79
2 78 1 16 4 23 9 88 0 7 10 18 5 46 11 90 3 43 12 30 8 77 14 24 13 70 7 43 6 45
8 19 9 84 2 42 5 73 10 76 13 17 4 57 7 60 6 34 12 44 14 37 1 15 11 70 0 91 3 42
11 14 2 35 1 97 0 66 7 91 9 49 6 16 13 26 5 61 8 35 4 87 12 30 10 78 3 29 14 26
14 76 8 49 0 1 13 69 1 21 4 51 9 93 11 84 12 51 2 54 3 91 10 81 7 41 6 77 5 94
14 72 11 32 8 75 7 29 1 19 13 13 2 99 4 4 3 80 0 3 6 28 10 77 9 27 12 21 5 53
7 95 12 95 1 81 8 54 14 92 3 97 10 46 6 88 13 64 5 8 9 41 4 17 2 67 0 81 11 34
2 64 7 76 8 40 4 76 12 32 9 41 6 42 13 75 14 66 5 52 1 11 10 28 11 15 0 84 3 58
5 83 9 50 6 37 14 8 12 13 11 63 13 50 3 4 1 34 4 96 7 90 2 25 0 50 10 54 8 2
4 25 10 35 6 39 8 4 14 93 5 3 2 46 3 53 0 26 13 97 11 3 9 68 1 4 7 95 12 1
13 22 2 16 9 81 6 9 11 19 14 33 5 66 12 4 8 72 1 97 3 91 4 65 10 8 7 25 0 94
5 88 13 51 14 38 7 56 12 5 9 78 10 61 1 74 3 15 11 56 6 47 0 25 4 15 2 55 8 76
10 53 11 85 9 61 1 12 12 94 5 56 3 23 8 88 0 89 6 72 4 28 2 14 14 28 13 26 7 5
1 48 7 17 5 81 11 76 9 77 6 92 8 11 0 9 4 34 13 34 3 97 10 80 12 5 2 85 14 31
1 31 12 98 0 61 3 83 14 94 9 61 5 82 8 31 7 73 13 26 11 3 4 35 2 92 10 1 6 33
5 1 12 35 2 38 0 45 4 46 1 63 7 96 9 99 3 71 13 95 14 60 6 73 8 33 11 30 10 17
11 5 7 98 6 51 8 13 3 70 2 77 1 86 13 81 9 56 0 79 10 2 12 23 14 10 5 20 4 32
12 18 14 5 13 37 10 16 0 89 7 77 4 27 2 53 6 31 8 53 5 6 11 55 1 84 9 22 3 30
10 5 5 41 0 93 7 23 14 84 3 54 4 50 13 27 1 53 9 70 2 11 8 36 6 17 12 23 11 88
9 24 10 18 11 7 13 61 0 13 14 58 4 66 6 16 3 5 5 57 12 7 8 54 2 51 1 22 7 10
4 20 5 46 6 50 8 16 7 33 13 60 1 97 9 30 12 15 0 14 2 15 10 96 3 72 11 45 14 58
13 8 1 44 14 7 0 18 12 58 9 43 7 31 10 71 4 34 5 24 8 53 6 36 3 93 11 92 2 4
10 49 12 89 0 82 9 4 5 6 2 56 7 93 8 90 11 20 6 85 4 1 1 1 3 12 13 56 14 12
3 91 8 69 11 18 1 99 14 81 0 35 4 77 6 28 10 32 7 93 12 96 2 26 9 20 5 96 13 41
10 99 6 96 9 25 12 18 4 65 3 49 8 78 14 83 11 43 7 37 1 55 5 20 0 63 2 53 13 9
3 11 11 78 9 73 6 27 7 4 12 59 10 62 2 33 5 8 14 14 8 46 0 97 13 72 1 96 4 60
7 35 1 34 13 3 5 28 14 8 10 8 3 34 8 62 9 5 0 29 6 77 4 34 12 9 11 21 2 20
7 97 3 4 8 77 13 47 12 23 9 44 10 93 5 13 0 37 2 52 14 30 4 21 1 23 11 80 6 89
8 6 7 55 1 64 9 14 2 3 5 29 0 76 11 86 3 50 12 71 6 46 14 7 4 8 13 14 10 11
6 77 11 27 13 70 8 3 12 85 0 39 2 34 14 86 4 89 9 54 3 99 1 70 10 51 5 73 7 99
6 2 11 45 14 42 5 17 13 88 10 46 1 72 9 57 8 88 4 76 7 1 0 84 12 97 3 78 2 97
7 26 2 99 0 84 1 34 6 67 9 31 4 4 8 1 10 80 13 1 14 93 5 12 12 4 3 72 11 39
4 89 11 65 0 41 2 59 12 76 9 67 5 22 8 17 6 89 7 57 13 48 3 80 14 28 10 71 1 17
12 49 10 38 13 75 11 42 6 36 8 30 14 43 1 94 2 50 7 30 5 16 4 93 9 4 3 17 0 52
