50 15
3 41 7 17 0 98 1 59 12 49 10 20 13 49 11 31 2 18 4 69 14 38 6 95 5 34 9 17 8 32
1 27 2 98 9 3 13 60 5 98 7 99 8 42 6 19 4 49 0 60 11 79 3 98 12 84 14 34 10 48
6 41 3 82 1 39 8 54 12 98 2 37 4 94 13 20 9 6 5 70 7 9 11 14 14 42 10 87 0 33
3 90 6 68 8 98 0 13 13 98 14 57 4 79 7 2 1 7 12 54 11 78 9 97 10 44 2 43 5 54
2 56 13 1 0 74 8 59 4 58 3 47 12 53 6 15 7 22 14 65 5 81 10 14 9 5 11 19 1 3
11 27 8 67 4 87 13 49 7 62 9 66 14 87 12 6 5 88 3 46 10 89 1 32 2 93 6 59 0 62
11 86 9 87 2 59 13 19 5 65 4 16 1 1 0 99 6 49 8 32 14 19 10 87 3 81 12 19 7 39
14 79 13 42 1 30 6 37 3 83 9 84 7 30 4 60 0 36 8 16 11 39 2 38 12 32 10 18 5 47
11 63 12 99 13 29 4 31 1 2 3 4 9 61 8 29 7 48 5 25 14 49 6 17 10 66 2 34 0 11
3 56 13 25 6 3 0 61 2 31 12 91 8 13 10 96 9 7 5 33 14 2 7 6 4 17 11 92 1 84
2 44 14 26 9 14 0 93 5 93 12 43 13 6 7 54 8 57 1 27 6 14 3 71 11 38 4 94 10 25
8 69 1 47 12 11 0 58 7 47 6 42 5 59 13 6 9 49 11 29 4 76 2 57 3 63 10 72 14 85
6 85 4 71 7 84 11 78 12 65 14 67 8 76 10 10 13 57 1 20 3 97 9 14 0 35 5 9 2 73
9 35 3 33 7 13 13 33 10 54 6 12 5 84 14 3 12 41 2 51 0 53 8 57 1 71 4 37 11 90
8 34 9 7 5 33 10 65 7 71 1 34 2 40 12 20 11 77 13 83 4 66 3 20 6 83 14 24 0 47
4 33 0 78 12 82 10 91 8 42 9 56 3 18 6 50 14 67 2 36 7 21 1 92 13 39 11 4 5 56
9 77 7 23 12 23 4 71 2 6 3 28 10 47 13 3 6 40 14 29 1 57 0 43 5 45 8 97 11 7
13 3 5 17 10 38 1 4 11 9 0 80 7 55 14 46 8 33 9 11 2 99 4 25 3 97 12 48 6 41
9 82 0 17 7 19 11 76 10 41 2 56 4 76 13 34 8 64 3 28 6 46 12 48 14 78 5 61 1 76
11 33 3 40 10 98 5 46 6 93 13 63 8 4 12 90 1 57 2 38 14 23 4 14 0 92 7 90 9 57
12 10 4 63 9 11 8 42 6 43 3 53 0 74 2 5 13 66 1 69 11 95 10 9 14 30 5 52 7 34
0 71 4 41 11 43 7 4 6 31 12 71 10 31 2 1 14 47 1 13 9 26 5 65 3 20 8 70 13 37
9 40 6 87 11 97 3 81 2 80 8 48 12 13 4 95 13 60 1 89 0 99 7 80 14 15 5 22 10 72
2 95 11 35 1 7 14 32 10 87 6 83 9 79 0 37 3 14 8 56 5 45 4 99 13 75 7 41 12 24
13 60 5 30 14 73 1 4 9 29 11 91 7 99 6 71 4 96 8 66 2 68 10 4 0 32 3 33 12 88
4 70 7 13 10 33 1 66 9 42 6 82 14 65 11 12 2 90 13 29 3 15 12 15 0 48 5 49 8 85
5 77 4 34 3 63 14 95 2 66 12 20 13 24 9 83 1 61 0 97 7 84 11 37 10 95 6 28 8 45
8 83 12 10 7 41 2 55 3 70 14 63 4 22 10 56 13 80 11 52 5 57 1 37 9 23 6 37 0 51
3 88 1 94 2 23 8 70 0 15 13 61 9 47 10 99 6 24 11 5 7 90 5 97 14 17 4 35 12 47
14 32 2 35 8 12 6 63 10 6 5 38 13 5 3 79 12 98 7 93 11 60 0 20 1 73 4 10 9 97
13 95 4 23 11 41 9 60 12 13 1 28 3 21 8 82 7 26 14 61 5 23 0 30 6 57 2 67 10 93
14 81 12 3 9 13 6 40 13 26 2 31 5 94 7 16 11 12 1 79 10 57 4 97 3 97 0 60 8 70
8 61 4 20 0 59 9 14 7 88 6 54 5 96 13 73 12 9 3 76 11 44 10 26 14 57 1 74 2 3
1 22 4 35 0 30 13 36 3 67 12 99 14 82 2 94 5 67 9 28 7 68 10 1 6 86 8 9 11 41
14 69 11 75 5 47 2 59 9 63 1 71 13 25 7 54 8 12 0 28 6 47 4 3 12 75 10 14 3 58
11 87 0 57 13 48 6 64 2 95 5 82 3 83 12 51 7 51 14 74 1 72 9 73 8 40 4 11 10 61
8 2 4 54 5 38 0 26 7 94 2 97 13 93 14 89 12 7 1 15 10 89 11 72 6 15 9 35 3 4
7 8 2 20 14 81 9 4 8 97 3 90 5 46 13 83 0 62 10 78 11 82 4 48 6 68 1 91 12 67
11 55 5 95 14 63 6 19 4 43 7 38 1 69 12 35 10 58 0 65 13 67 8 95 9 90 2 57 3 41
1 13 13 74 4 17 3 93 6 20 8 73 9 34 10 39 2 29 0 71 11 97 12 81 7 17 14 81 5 53
2 12 5 45 10 1 3 9 14 67 8 73 13 86 9 63 6 88 0 1 7 15 11 22 12 98 4 59 1 62
10 72 5 19 13 1 14 79 12 86 3 57 9 96 1 86 11 65 7 69 4 50 0 4 8 15 2 40 6 46
13 12 3 16 10 91 2 90 12 27 0 59 7 50 4 15 5 93 8 24 9 4 11 68 6 98 14 38 1 46
4 72 2 96 5 36 10 61 14 21 11 32 13 49 7 65 0 30 6 30 1 74 12 65 3 89 9 46 8 56
3 41 8 73 0 76 1 81 11 23 2 42 14 99 5 75 7 62 12 9 13 33 10 11 4 72 9 4 6 32
4 15 6 41 7 94 0 3 5 90 11 83 1 58 3 54 10 37 12 81 8 39 13 19 9 83 14 14 2 71
14 83 7 99 13 66 11 24 3 14 2 74 6 28 12 30 0 59 10 2 1 26 4 33 5 40 8 64 9 76
14 27 6 5 5 43 1 50 7 32 2 80 13 25 3 3 12 20 0 41 8 71 10 20 9 73 11 71 4 99
9 43 12 60 11 62 3 99 6 83 8 16 1 3 7 51 13 36 2 1 14 99 10 30 5 99 4 23 0 21
8 96 5 61 6 53 4 18 9 18 11 19 0 92 12 11 14 47 3 2 7 76 13 87 10 20 2 82 1 55
