50 15
12 92 7 45 14 55 13 64 4 41 8 27 0 70 9 30 6 55 3 8 2 22 1 6 5 61 11 80 10 88
1 47 9 53 14 30 13 70 2 91 11 14 5 9 12 26 8 15 4 40 3 38 6 24 0 26 7 30 10 62
3 34 10 11 2 90 11 43 14 47 7 63 6 47 1 70 12 89 0 10 5 35 4 98 13 89 8 29 9 27
4 44 8 36 7 19 5 36 13 51 11 91 3 61 12 89 0 98 2 61 6 52 1 28 10 73 9 16 14 38
6 38 14 89 2 53 11 96 1 39 5 75 7 77 10 51 3 38 12 8 9 26 13 87 4 46 8 99 0 80
1 38 5 81 10 8 12 36 9 52 13 33 8 22 6 92 2 87 7 87 14 16 11 54 0 30 3 82 4 93
6 18 10 63 4 24 5 60 2 37 0 82 14 29 9 31 12 92 8 5 1 3 11 78 13 56 3 39 7 63
8 92 3 36 13 9 9 24 4 99 12 84 7 80 6 19 5 13 11 40 0 12 2 91 10 27 1 3 14 16
6 43 12 44 10 96 5 39 2 46 4 34 1 95 13 29 9 19 14 82 3 85 11 11 8 64 0 89 7 86
10 91 0 45 5 59 1 65 6 60 11 86 12 67 13 90 7 87 8 18 9 98 4 96 3 56 2 65 14 45
0 23 13 26 14 97 12 94 7 17 11 54 2 78 3 75 8 54 9 80 6 30 1 27 5 14 4 45 10 94
3 50 6 94 14 17 12 11 7 18 0 63 1 38 2 47 11 31 10 82 5 44 13 22 8 59 9 94 4 7
5 19 3 93 11 21 10 15 14 50 7 21 1 97 9 15 13 63 4 38 8 74 6 21 0 55 2 62 12 75
5 90 11 88 9 23 7 41 4 84 1 55 0 63 3 70 10 39 12 37 8 19 6 29 13 36 14 72 2 92
6 1 2 56 0 81 11 59 7 17 8 80 10 8 1 12 9 13 12 16 14 1 5 66 4 10 3 32 13 85
10 36 12 70 0 26 5 25 4 80 7 66 9 87 3 48 11 15 1 93 8 94 2 19 6 94 13 5 14 93
2 33 13 83 7 91 9 28 14 10 10 58 11 16 6 27 8 20 12 45 5 5 1 38 3 36 0 3 4 92
1 67 10 24 7 19 12 48 5 52 3 47 2 54 4 27 13 16 11 75 6 16 14 85 0 52 9 36 8 6
10 48 7 46 2 72 12 50 1 55 3 3 14 99 13 62 6 40 5 88 0 13 9 7 4 81 11 29 8 40
11 35 14 56 4 9 9 12 6 2 13 32 5 13 3 52 1 25 0 20 8 46 12 9 10 69 2 12 7 10
2 38 10 39 0 94 13 42 11 2 14 43 7 27 12 21 6 61 9 42 4 75 3 84 1 95 5 42 8 23
1 74 7 37 12 46 11 5 9 48 3 30 6 66 10 34 0 6 8 61 2 86 13 62 14 41 4 12 5 22
10 18 11 99 5 14 7 73 8 65 12 62 6 45 4 93 1 59 0 88 13 65 3 13 14 44 9 31 2 72
14 69 8 94 10 7 11 12 13 87 6 68 4 60 12 18 0 14 3 99 1 44 9 27 5 87 7 12 2 47
5 97 3 6 12 45 2 43 7 59 1 54 14 24 9 11 8 7 4 88 0 46 13 49 10 4 11 60 6 53
5 65 1 95 9 17 10 71 0 52 11 59 2 64 13 67 6 45 14 98 4 23 8 80 12 58 3 63 7 88
6 48 5 39 8 70 4 13 12 41 9 75 10 71 3 17 7 40 0 52 11 29 2 69 13 13 1 5 14 29
14 65 7 82 5 91 9 43 0 47 13 55 11 33 6 45 1 89 10 2 4 20 3 59 2 43 12 27 8 6
7 95 11 35 2 44 5 86 6 32 9 53 8 28 4 92 1 98 12 87 14 68 3 88 0 89 10 36 13 47
10 53 12 16 0 73 11 60 9 97 7 37 4 29 2 28 6 49 14 20 5 86 3 62 13 2 8 67 1 17
10 20 7 19 6 40 14 16 13 98 1 39 11 56 5 37 8 54 2 71 9 54 0 25 12 75 3 27 4 98
12 36 9 56 2 11 11 36 0 15 6 4 10 60 13 5 8 39 14 75 7 17 4 54 5 82 1 25 3 94
12 68 2 20 7 7 4 96 14 24 1 8 10 68 3 26 6 97 0 79 5 31 13 40 11 3 9 95 8 57
2 98 4 11 0 43 13 91 11 14 9 99 12 51 6 5 3 1 8 68 1 54 14 93 7 75 10 51 5 97
7 19 1 51 13 6 11 99 2 91 9 12 5 54 0 89 14 66 6 53 10 93 3 94 8 60 12 63 4 8
1 91 14 27 13 65 6 70 2 30 0 95 3 4 10 2 11 35 4 75 8 57 5 12 9 84 12 87 7 83
6 61 9 10 14 91 8 97 1 14 2 42 5 1 3 51 13 59 0 47 10 15 4 16 7 43 11 78 12 45
7 65 9 73 4 97 12 86 1 45 0 96 6 84 13 20 10 80 5 22 11 7 3 99 8 3 2 89 14 34
1 1 9 86 4 3 7 33 13 2 12 39 3 94 8 54 14 22 10 88 6 39 11 39 2 96 5 86 0 32
4 64 1 34 9 87 13 90 10 16 3 68 11 87 7 81 2 56 14 34 8 59 12 80 6 41 5 30 0 76
0 42 14 80 11 88 4 75 7 79 13 86 2 59 9 9 3 30 6 59 1 61 12 88 8 26 10 10 5 20
11 90 3 70 8 4 13 73 14 99 5 9 10 58 0 89 7 57 4 31 1 65 2 84 9 21 12 35 6 26
8 67 10 25 13 92 5 78 11 73 6 25 1 81 14 16 7 22 3 47 0 40 4 73 12 52 9 14 2 55
13 83 3 11 12 17 6 75 10 14 9 89 0 20 11 50 4 36 2 71 5 91 7 11 1 95 14 30 8 53
2 34 7 23 6 53 4 75 11 76 1 23 13 45 3 46 0 51 5 45 12 9 8 38 14 18 10 69 9 38
4 51 8 11 11 43 5 63 2 37 9 56 6 69 10 29 3 36 1 52 13 15 7 38 12 47 0 56 14 86
14 91 0 29 3 84 10 30 6 8 1 37 8 48 7 11 12 76 11 33 2 24 4 25 9 20 5 19 13 40
12 37 8 73 11 24 4 8 6 28 9 65 14 56 10 35 2 2 0 56 3 75 7 79 13 3 5 67 1 44
6 12 7 70 9 10 2 9 0 18 8 83 14 32 13 69 11 35 4 29 3 40 12 74 5 46 10 17 1 79
11 34 4 85 6 23 14 92 9 23 1 61 2 86 10 22 7 19 0 94 8 20 3 7 12 70 13 64 5 27
