50 15
13 90 9 99 1 79 14 31 5 53 7 19 0 14 8 83 4 73 12 56 6 23 2 88 3 34 11 91 10 15
5 37 8 93 7 61 3 67 2 7 11 75 0 83 4 23 1 50 14 46 6 38 10 75 9 68 12 96 13 8
13 90 7 85 1 92 4 96 5 62 3 34 14 77 11 12 6 17 10 66 12 15 0 12 8 70 2 20 9 20
1 20 9 18 10 15 5 25 8 18 11 95 3 58 6 8 2 59 7 65 14 80 4 28 12 26 0 25 13 73
1 4 11 84 13 63 7 80 10 72 12 60 14 12 3 69 8 63 6 28 2 61 0 24 5 41 9 83 4 5
9 39 10 82 6 68 4 57 0 51 2 12 7 77 8 44 1 51 11 68 3 20 14 19 12 51 13 89 5 98
7 33 11 47 10 85 12 48 5 44 9 77 14 21 6 41 0 91 8 46 3 21 4 94 1 21 2 90 13 60
6 81 1 99 14 84 7 8 3 41 8 26 13 69 10 12 0 93 9 16 4 34 2 98 11 75 5 4 12 8
5 86 8 14 0 19 9 98 10 76 11 34 13 4 6 53 4 6 3 85 12 5 2 7 14 11 1 19 7 11
10 18 5 93 2 21 11 12 12 80 0 72 14 31 13 84 4 37 9 94 6 67 8 97 7 8 1 47 3 16
4 48 10 76 13 42 12 77 6 52 8 30 3 17 1 8 9 62 11 52 7 12 5 63 0 49 14 98 2 48
7 64 1 57 3 96 6 8 5 96 11 39 13 40 14 55 4 8 12 9 9 20 10 38 0 50 8 43 2 6
5 30 6 62 3 25 13 88 9 37 10 85 14 2 4 23 7 53 11 69 1 19 8 83 2 55 0 94 12 38
12 5 5 27 0 41 8 75 14 28 1 98 2 9 4 74 6 68 13 4 9 65 3 39 7 16 10 71 11 74
0 96 13 80 8 18 2 75 10 21 12 78 1 5 6 83 7 50 9 49 5 86 11 64 14 86 4 15 3 71
8 7 2 97 5 4 7 84 3 1 0 34 6 25 12 71 13 4 14 97 4 58 9 49 1 66 11 97 10 10
3 71 12 77 7 20 5 62 6 7 4 22 11 71 9 36 13 47 14 38 8 54 1 17 10 37 0 49 2 59
2 26 10 68 12 48 1 74 8 21 11 78 13 29 3 40 4 59 5 1 7 79 9 54 0 19 6 75 14 99
2 89 5 99 6 53 8 80 9 26 13 9 10 50 1 34 0 37 11 66 14 30 7 50 3 14 4 71 12 77
10 2 9 29 14 30 5 15 13 85 7 53 12 27 0 40 6 5 2 78 1 55 11 14 4 80 3 6 8 28
6 57 11 71 1 78 0 48 7 17 9 48 5 35 2 13 10 78 8 3 14 45 4 5 13 22 12 77 3 90
13 10 12 22 4 67 1 82 9 73 7 82 0 5 2 88 11 86 8 76 10 5 14 54 6 9 5 34 3 81
1 99 11 72 12 58 10 60 4 2 6 54 9 34 7 6 5 32 13 9 14 59 8 90 0 71 2 56 3 85
10 67 0 92 9 85 1 98 14 60 6 94 2 41 4 43 3 4 13 62 5 38 8 4 7 49 11 32 12 62
5 69 13 64 12 45 1 64 3 2 9 63 11 75 7 32 8 84 10 85 6 23 4 20 14 79 2 58 0 71
4 33 8 43 10 59 5 54 9 26 14 14 3 59 2 29 0 9 1 82 7 19 13 70 11 73 12 64 6 90
1 45 12 4 11 39 10 61 6 23 0 43 4 12 13 91 2 75 9 62 14 91 7 12 8 78 3 3 5 51
11 5 12 15 4 69 2 17 1 97 0 68 9 39 8 50 7 26 6 53 13 81 14 84 10 52 3 46 5 1
7 27 10 63 2 82 1 72 0 49 4 28 8 55 3 20 5 68 11 11 6 86 13 7 12 65 9 27 14 81
4 32 0 84 1 42 11 55 8 31 6 2 7 80 5 95 14 7 2 33 12 2 3 10 9 81 10 39 13 90
1 14 14 90 7 25 9 79 6 68 4 91 0 87 5 57 2 42 10 20 11 81 3 36 12 81 8 60 13 99
11 31 10 41 13 85 6 39 0 17 5 94 3 17 9 15 7 74 12 88 1 93 2 71 4 10 8 79 14 4
14 40 0 94 2 52 10 39 9 39 8 18 4 79 11 7 12 12 13 10 6 45 7 44 1 45 3 17 5 95
0 3 3 97 9 78 8 36 7 60 11 18 4 28 2 18 14 25 13 3 5 74 10 49 1 87 6 90 12 1
7 73 14 70 13 90 3 90 12 23 10 22 4 13 6 52 0 88 9 12 1 29 2 88 8 86 5 86 11 88
4 6 8 2 10 87 7 67 1 75 2 63 9 10 12 99 14 40 13 49 5 86 0 91 11 30 6 20 3 57
3 57 2 67 7 90 11 76 13 72 10 53 8 93 12 74 1 1 9 41 6 14 5 79 14 91 4 82 0 32
6 60 8 76 5 4 4 77 1 31 9 72 11 52 12 13 14 83 2 94 3 90 10 89 7 23 0 42 13 23
3 99 14 69 10 82 6 32 12 81 0 78 7 89 1 77 5 92 11 86 8 65 13 47 2 7 4 31 9 81
3 61 7 31 1 35 6 75 4 11 9 99 13 93 14 87 8 44 0 89 12 84 2 94 5 88 10 67 11 11
13 53 7 55 1 92 6 84 0 59 4 10 9 12 8 93 5 90 3 56 11 80 2 89 10 56 14 94 12 10
12 27 3 84 13 37 7 76 14 74 5 77 6 23 0 7 9 50 11 84 1 19 4 68 8 80 2 97 10 32
13 46 11 75 14 71 9 52 3 91 4 13 2 4 1 94 6 56 10 97 5 55 0 64 12 98 8 88 7 96
9 41 10 82 4 99 7 66 6 13 13 28 1 43 12 26 14 40 2 9 3 84 11 57 0 30 5 94 8 30
3 24 1 79 11 66 13 69 5 22 2 74 4 55 9 70 7 21 10 64 8 33 0 80 14 87 6 50 12 5
5 66 4 72 6 16 3 12 14 27 0 99 10 59 11 38 9 52 2 48 8 81 7 66 1 42 13 84 12 35
5 11 13 27 14 2 7 40 8 15 4 54 2 26 6 42 0 47 9 38 12 12 10 9 3 42 1 14 11 41
11 64 2 45 14 17 0 90 7 70 8 28 10 33 4 5 6 51 12 15 1 81 9 4 3 13 13 75 5 58
7 2 10 18 11 67 2 7 14 15 3 27 1 19 4 92 8 74 0 18 9 42 13 51 6 61 12 56 5 76
5 58 4 86 7 68 9 90 10 46 11 10 0 12 13 59 3 18 12 28 1 71 14 95 8 64 2 38 6 3
