50 15
13 79 14 44 10 78 9 1 0 63 8 68 1 55 11 78 5 3 4 70 12 15 7 96 6 66 3 72 2 65
2 72 5 82 4 89 7 31 9 30 0 70 12 47 10 95 6 29 13 69 8 55 1 58 3 86 11 8 14 53
13 23 5 7 8 48 14 51 0 12 9 28 6 54 3 98 1 52 12 16 4 84 7 81 2 30 11 24 10 82
4 14 9 82 11 13 14 16 13 58 2 82 12 50 7 17 6 91 1 1 5 20 0 24 8 85 10 89 3 83
6 27 3 22 13 55 0 75 10 99 4 5 8 59 11 46 9 18 12 36 5 20 1 57 2 16 7 93 14 70
4 3 6 64 12 76 2 51 11 65 0 39 8 63 3 92 9 6 5 1 7 79 14 87 13 93 1 3 10 22
12 57 0 97 1 85 11 96 9 31 8 13 14 41 6 66 2 75 5 53 13 18 10 12 3 74 4 39 7 90
6 93 5 30 7 85 10 32 8 59 3 68 9 47 4 38 2 74 11 41 14 10 13 15 0 98 12 8 1 79
7 71 12 43 1 19 6 1 0 62 8 4 5 49 4 60 11 32 14 87 10 94 13 5 2 80 9 70 3 25
5 60 6 31 4 98 12 24 13 71 7 20 14 54 3 99 10 57 8 83 1 50 11 83 9 67 2 48 0 14
14 20 10 20 4 99 12 96 13 98 0 45 9 22 11 40 2 41 1 20 3 66 7 34 5 18 6 2 8 20
0 8 1 42 9 13 11 43 5 94 6 32 4 88 2 55 8 89 3 36 13 57 14 70 10 7 12 75 7 48
6 89 1 66 3 72 8 82 14 76 13 63 2 78 5 83 9 54 7 30 0 6 12 72 10 4 4 50 11 8
8 40 5 69 1 4 11 41 6 88 10 65 0 14 12 67 2 93 9 19 4 41 3 38 14 81 7 31 13 21
1 64 6 45 2 65 9 53 3 28 5 26 10 5 0 21 14 73 4 64 11 5 7 31 12 81 13 95 8 70
6 13 7 8 13 51 5 76 0 97 14 34 1 68 12 58 10 87 11 58 8 25 3 47 2 91 9 86 4 2
3 66 7 11 10 21 13 49 0 89 4 88 6 41 1 67 8 80 11 39 2 66 12 25 9 91 14 95 5 21
11 4 7 58 6 20 0 87 5 26 14 27 10 6 2 29 9 32 1 12 13 6 8 30 4 52 3 40 12 20
8 93 10 97 7 88 9 99 1 8 14 75 12 27 2 97 0 38 4 28 6 52 13 38 5 45 3 66 11 13
2 2 10 27 4 55 9 77 3 33 8 87 14 70 13 37 12 90 1 86 0 88 11 24 6 2 7 41 5 78
13 72 6 87 10 32 14 87 8 19 0 48 4 22 9 48 5 51 7 99 12 20 11 62 2 93 3 57 1 39
6 75 13 43 1 33 5 3 7 35 11 48 9 68 8 15 4 22 2 82 14 64 10 56 0 47 12 32 3 55
4 78 5 46 11 79 6 30 10 82 9 11 3 29 1 47 12 24 8 21 13 77 7 55 14 53 2 45 0 41
8 54 2 80 10 15 5 44 7 71 11 8 0 92 12 22 3 30 4 43 13 55 9 21 1 81 14 52 6 78
9 43 2 77 11 15 1 15 8 67 3 61 4 49 6 42 5 24 14 84 10 9 13 77 12 99 0 43 7 16
3 65 2 60 0 8 12 88 6 24 7 1 4 68 14 77 9 61 11 40 1 15 13 96 10 82 5 30 8 45
12 43 2 73 13 19 4 65 10 58 7 61 5 38 11 44 0 15 14 26 8 33 3 54 1 43 6 57 9 26
14 41 7 33 0 8 2 79 12 8 11 93 3 49 1 1 5 31 4 35 10 34 8 8 9 48 6 21 13 51
11 13 7 8 2 87 1 85 9 56 12 13 5 57 3 69 14 91 6 37 10 40 0 48 4 77 13 32 8 95
10 92 3 30 7 23 2 52 5 6 12 84 13 16 11 91 0 19 9 11 8 85 4 99 14 71 6 3 1 34
3 2 6 18 12 22 5 76 10 23 8 71 14 91 2 14 1 52 4 17 9 48 13 75 11 52 0 61 7 37
14 79 1 42 2 36 11 97 4 70 3 57 7 29 6 74 13 9 0 64 5 78 8 86 10 38 9 61 12 40
11 92 14 30 8 63 9 78 12 92 2 11 6 48 4 3 5 10 10 15 0 76 3 77 1 97 7 39 13 12
13 57 0 61 5 37 8 79 3 9 4 99 12 23 9 6 2 78 7 54 6 97 10 33 1 69 11 68 14 44
5 19 0 19 3 86 7 79 10 2 14 10 1 33 9 85 2 1 13 46 12 82 4 16 6 19 8 50 11 73
9 16 12 3 10 45 1 33 6 25 14 1 13 54 4 84 0 39 8 73 7 27 5 79 3 37 2 50 11 4
13 26 1 98 8 21 11 53 0 17 7 67 12 44 2 80 6 56 14 73 10 82 4 51 5 4 9 54 3 47
12 66 14 95 13 9 8 3 4 82 6 97 9 80 1 2 0 10 3 12 2 83 10 54 5 64 11 19 7 21
6 34 8 19 2 44 4 13 9 45 3 97 10 81 13 6 14 23 0 40 1 50 7 54 12 1 5 69 11 44
11 78 8 10 10 66 14 26 0 74 6 33 5 28 1 5 4 40 7 67 12 90 2 6 9 66 13 37 3 42
8 65 4 95 11 88 9 6 7 15 1 26 10 15 2 12 14 48 3 14 13 12 6 97 0 6 12 87 5 15
14 32 8 89 7 56 6 59 1 39 3 77 2 49 0 42 11 91 10 22 13 65 4 13 12 88 9 17 5 63
1 3 6 51 10 10 8 31 13 70 7 35 12 90 2 8 0 40 14 56 4 61 11 63 9 4 3 22 5 54
3 67 13 95 6 81 7 5 0 89 1 71 10 11 14 30 11 42 12 55 4 50 9 12 5 41 8 97 2 46
6 65 11 51 9 70 5 83 7 54 14 41 0 87 4 91 1 17 2 15 8 63 13 59 12 99 3 65 10 32
3 99 4 25 1 75 7 32 9 64 5 79 10 19 2 93 11 13 0 42 14 34 12 32 6 32 13 17 8 59
5 74 12 22 9 73 6 39 14 84 4 76 2 17 8 1 0 70 1 94 7 76 11 61 13 76 3 82 10 68
2 96 0 21 11 54 8 37 6 60 5 68 13 54 9 3 1 27 12 72 7 65 10 61 14 14 4 73 3 17
6 15 7 14 12 12 5 66 11 4 0 40 13 13 3 62 8 1 10 51 14 84 1 63 4 92 2 67 9 98
9 56 10 94 3 63 1 78 0 20 2 90 11 4 13 12 7 54 8 20 12 38 4 7 5 2 14 24 6 60
