50 15
7 97 4 60 10 30 2 30 0 59 11 82 1 98 6 7 12 70 9 12 5 21 13 27 3 43 8 65 14 11
0 62 5 58 6 38 4 15 9 79 8 69 7 58 14 69 2 91 10 85 13 66 1 68 12 15 3 33 11 37
2 65 9 42 12 34 13 5 8 29 7 95 0 23 6 9 4 74 11 97 14 21 5 79 1 75 10 23 3 85
10 79 9 43 2 98 3 63 4 75 8 86 14 60 5 67 0 79 13 89 11 37 6 84 1 29 7 50 12 53
10 6 9 47 7 42 14 26 12 50 2 23 13 6 11 72 4 59 0 66 5 77 3 32 6 93 8 31 1 63
7 90 3 60 12 23 14 12 4 35 9 91 1 22 8 47 11 49 13 82 2 68 5 51 6 77 10 81 0 7
11 59 4 96 6 24 7 63 3 9 14 20 2 56 5 60 1 39 8 40 13 17 12 19 10 29 0 26 9 75
6 60 2 15 3 93 5 39 13 47 12 44 11 16 7 67 14 70 9 62 1 39 10 60 8 58 4 24 0 36
5 3 2 95 11 91 12 32 1 90 8 64 7 55 0 36 10 63 9 30 6 79 14 88 4 1 3 87 13 22
14 90 2 61 0 34 10 39 8 34 6 41 7 42 3 63 11 80 5 41 4 57 13 52 9 67 12 66 1 40
6 7 2 6 14 96 8 76 12 84 10 17 3 92 1 80 5 12 11 28 9 36 4 75 13 48 7 9 0 47
13 62 3 94 14 73 10 96 0 44 1 59 5 68 8 86 11 96 9 9 7 98 4 98 6 91 2 21 12 5
14 53 8 48 1 51 2 27 12 12 9 14 10 38 7 54 4 81 11 68 13 64 5 98 6 89 3 86 0 65
9 36 12 3 14 80 11 66 3 36 10 25 1 67 8 63 13 40 5 79 0 7 7 53 4 2 2 39 6 24
7 79 14 40 12 88 5 43 4 53 6 26 1 92 3 93 10 78 2 84 8 28 13 76 11 63 0 26 9 53
0 62 7 18 14 31 11 65 5 44 2 41 6 90 10 76 13 88 1 14 4 78 9 29 12 37 3 72 8 73
11 94 5 99 10 92 7 22 2 45 13 16 9 45 6 16 1 62 12 52 14 80 0 25 8 26 3 40 4 58
5 53 10 90 14 17 8 37 7 17 13 81 3 70 1 30 6 99 11 29 4 17 9 81 12 28 0 24 2 77
10 14 8 97 2 18 4 2 11 88 6 71 0 94 1 50 9 26 12 88 3 60 13 24 5 72 7 3 14 42
6 30 10 24 5 28 11 21 7 74 4 33 1 37 13 31 8 71 3 7 2 57 14 30 12 92 0 71 9 7
1 95 5 38 13 72 0 95 3 38 11 86 7 21 12 14 6 32 14 44 8 24 2 59 10 32 9 57 4 2
6 56 3 98 11 23 13 31 8 92 14 30 4 70 0 1 10 72 2 10 7 71 9 77 1 80 12 74 5 28
0 31 8 55 12 54 9 1 11 16 1 67 5 72 7 30 2 21 10 52 3 88 4 13 6 58 13 90 14 82
13 40 3 13 4 7 0 22 2 53 11 9 7 67 12 24 14 81 1 53 5 13 6 86 8 38 10 29 9 30
9 73 6 35 3 14 8 95 12 69 2 10 4 25 13 40 14 68 5 35 11 45 7 56 0 93 1 53 10 76
14 95 1 47 3 57 0 58 7 88 12 19 5 61 11 15 9 58 4 11 6 18 13 12 8 66 2 74 10 1
1 38 7 35 9 97 6 7 2 56 13 19 3 53 0 97 14 72 8 87 10 8 12 47 4 50 11 62 5 23
9 22 13 20 10 84 7 35 1 33 0 86 3 12 2 85 12 86 5 4 4 69 6 61 11 11 14 29 8 32
11 91 10 85 12 18 3 19 9 14 4 93 7 56 5 32 14 81 0 29 2 83 13 69 6 75 8 61 1 85
6 67 13 93 1 96 12 68 7 68 9 52 5 83 0 80 4 16 2 52 10 77 14 72 11 70 8 11 3 51
1 18 8 77 14 64 5 27 3 52 10 97 7 12 9 92 0 94 11 59 6 26 12 94 4 23 13 15 2 44
0 86 7 65 13 60 6 17 9 40 8 54 4 79 11 10 12 57 14 7 2 53 10 94 1 72 5 99 3 91
13 46 4 35 9 35 0 98 5 99 6 85 11 67 3 36 1 65 12 10 7 34 2 18 10 86 14 57 8 89
10 17 14 73 8 69 1 61 12 52 9 42 4 41 11 3 13 88 5 78 0 82 2 10 3 74 7 65 6 29
3 44 4 99 11 37 6 55 14 37 0 88 2 90 7 99 10 9 9 39 5 86 13 61 1 58 8 65 12 72
12 25 10 39 8 89 3 29 9 72 7 42 6 62 4 52 11 17 13 30 14 30 2 2 5 78 0 47 1 78
3 74 12 36 6 13 5 74 2 15 4 29 13 31 8 11 9 28 10 89 11 49 0 34 7 18 1 53 14 91
7 34 12 92 1 13 11 67 5 58 10 4 14 72 9 31 4 64 13 42 8 12 6 18 0 77 3 99 2 38
11 47 10 59 1 20 5 8 8 65 3 4 13 1 14 48 9 66 4 76 0 68 6 9 12 97 2 57 7 58
8 26 2 49 13 80 6 38 9 17 11 30 10 9 3 36 5 55 7 56 1 38 14 67 4 83 12 12 0 10
7 89 2 1 11 98 8 10 0 7 6 51 10 16 5 23 4 9 9 38 13 59 3 53 14 95 12 25 1 50
8 2 7 56 14 78 12 84 10 48 5 86 13 93 6 61 3 89 2 13 9 1 4 15 0 23 11 86 1 64
9 99 8 85 1 56 5 89 14 21 2 39 0 86 7 73 6 6 10 73 3 97 13 57 11 71 4 96 12 49
14 94 1 65 4 88 7 59 10 35 13 37 11 46 8 89 5 64 3 2 6 82 2 44 9 3 12 7 0 73
3 33 11 47 4 75 1 69 6 65 12 58 0 55 14 98 13 13 9 82 2 14 10 53 7 4 8 56 5 97
2 96 10 27 6 35 0 41 5 48 14 7 7 51 8 4 9 8 3 72 12 26 13 71 1 61 4 63 11 26
10 41 4 98 6 70 8 33 3 6 9 11 2 43 5 7 7 92 11 46 0 64 14 33 13 10 12 78 1 88
4 75 5 30 14 68 0 94 11 98 2 12 3 87 9 76 10 52 12 89 8 89 6 25 1 1 13 94 7 10
8 78 1 74 5 55 2 98 10 63 6 40 9 50 11 15 13 49 7 71 0 85 3 55 14 8 4 55 12 61
1 43 9 26 4 22 13 26 6 86 14 63 3 10 0 47 8 68 12 29 7 8 10 80 2 29 11 59 5 83
