50 15
7 27 2 95 6 84 12 90 1 25 3 35 11 7 5 68 8 8 14 45 4 40 9 51 10 15 13 56 0 87
4 92 7 6 6 93 11 47 2 48 5 49 1 16 8 96 13 23 3 39 9 76 14 19 12 15 0 43 10 45
4 69 11 25 6 4 9 82 5 49 10 37 8 45 3 58 12 55 14 27 2 35 7 21 0 27 1 36 13 82
1 85 7 13 8 87 0 93 10 99 5 77 4 87 12 20 9 82 11 94 14 12 2 8 3 83 13 95 6 18
2 88 14 39 8 63 1 16 7 11 3 75 4 51 6 25 0 12 11 78 5 19 12 76 13 32 9 73 10 40
13 96 7 29 9 54 14 11 12 83 5 54 8 44 0 92 4 29 10 57 3 18 2 34 11 62 6 76 1 58
0 17 10 21 1 16 9 35 2 82 14 65 7 10 6 75 4 42 5 41 11 43 8 11 13 14 3 18 12 31
9 51 1 83 12 38 14 40 13 12 8 99 11 7 6 33 2 59 10 15 5 27 7 12 3 9 4 10 0 90
10 88 6 20 11 67 3 85 14 81 12 99 0 56 2 50 7 24 9 8 1 33 4 12 5 66 13 82 8 34
7 97 12 15 1 40 4 9 6 40 11 99 2 68 10 25 8 55 9 7 3 9 5 40 14 68 13 46 0 29
7 31 3 28 0 76 6 44 2 27 11 69 13 10 10 33 8 52 12 89 1 70 5 94 9 82 14 8 4 11
13 43 5 56 3 91 2 48 12 11 0 49 11 76 14 4 1 58 10 50 6 89 8 73 9 27 4 80 7 80
3 30 0 7 6 12 2 3 14 20 9 53 12 94 13 75 4 67 11 87 1 85 10 11 8 79 7 7 5 54
0 7 8 30 4 31 11 68 5 97 12 31 3 10 9 21 2 52 13 33 6 76 14 33 7 72 10 85 1 68
8 95 10 15 12 12 7 4 1 63 14 59 5 89 11 72 0 64 6 2 4 53 3 60 13 18 2 50 9 85
8 17 14 86 3 43 9 31 0 54 6 76 7 49 13 34 11 40 10 53 2 39 1 36 12 19 5 8 4 34
2 17 13 35 4 98 6 84 9 60 10 55 3 18 11 67 1 27 7 11 0 54 14 34 8 37 12 32 5 63
11 74 2 58 9 88 14 69 10 76 0 18 12 28 3 54 5 84 7 73 8 59 6 52 1 29 4 37 13 55
10 85 11 18 9 52 4 5 14 48 7 95 12 4 0 70 13 4 5 99 1 44 3 87 6 1 2 20 8 53
12 52 3 14 2 80 14 77 10 14 1 7 4 70 8 25 9 7 13 60 6 70 7 3 11 38 0 5 5 97
14 4 2 87 9 88 4 90 13 70 6 20 3 96 11 17 1 41 10 88 5 9 0 56 8 3 12 90 7 84
0 15 13 18 6 99 9 26 2 32 12 51 5 76 8 39 7 41 1 87 11 72 3 56 10 93 4 16 14 24
0 77 5 35 7 70 4 43 3 72 13 15 8 89 2 36 1 32 12 22 9 8 11 29 6 27 14 66 10 24
1 52 9 98 6 54 10 34 5 53 11 1 4 69 13 47 0 41 12 69 2 13 8 65 3 33 7 82 14 65
14 51 1 44 13 92 7 12 6 55 4 84 12 18 11 49 0 53 3 33 8 24 2 62 5 12 10 55 9 62
9 24 0 6 14 60 3 22 12 75 6 28 8 50 5 77 11 88 4 84 13 1 10 41 1 25 7 8 2 28
12 98 3 64 0 7 7 53 11 35 6 89 14 79 5 29 2 3 10 76 1 70 13 64 9 91 4 91 8 75
2 23 11 60 12 28 8 87 13 1 6 35 10 20 9 73 14 89 3 5 5 40 4 46 1 92 7 49 0 12
3 72 1 13 7 82 13 10 8 2 6 38 10 37 0 70 11 97 9 74 2 47 12 28 14 17 5 63 4 91
12 14 1 22 0 35 14 27 7 33 9 33 13 14 8 98 5 74 6 24 10 54 4 6 11 38 2 35 3 87
14 24 10 51 0 48 12 63 5 51 8 4 2 22 1 73 6 8 3 42 4 71 9 17 7 49 13 94 11 71
9 64 3 52 11 80 7 83 13 15 5 7 12 34 1 69 14 12 0 81 8 68 10 26 6 20 2 7 4 57
1 94 5 60 0 90 9 73 6 72 14 30 3 30 2 33 8 50 7 96 13 67 4 35 11 90 10 72 12 29
1 26 13 92 14 65 5 1 12 25 0 39 8 30 10 44 2 63 11 42 3 56 4 95 7 17 6 95 9 41
11 2 6 1 9 94 8 53 3 67 14 65 4 3 7 18 1 23 2 23 5 65 0 76 10 59 12 62 13 92
2 55 7 69 12 48 1 66 14 83 11 8 9 13 5 94 6 13 0 92 4 90 8 89 10 31 3 73 13 32
11 40 3 62 1 42 0 94 8 12 5 35 10 75 7 93 6 92 2 62 13 42 12 26 9 30 14 78 4 96
13 57 9 61 0 96 14 88 8 44 7 40 12 98 10 51 11 59 1 87 4 41 5 46 6 11 2 13 3 6
0 21 5 87 1 28 8 28 2 86 4 90 10 90 6 72 7 21 9 58 12 39 3 72 13 44 11 14 14 72
6 74 2 91 11 68 8 22 14 14 7 95 13 3 12 52 3 24 1 80 4 56 9 74 10 76 0 36 5 98
13 8 11 63 4 53 9 13 10 8 12 79 7 39 0 90 5 4 8 27 6 25 2 68 3 58 14 11 1 81
5 75 9 93 7 60 2 73 6 27 10 50 13 4 11 9 14 24 8 60 3 87 4 25 12 78 0 84 1 75
3 39 12 86 4 31 6 50 9 80 0 94 11 58 1 13 10 79 7 67 8 70 5 63 13 23 14 3 2 4
11 3 6 51 1 46 5 91 14 62 9 13 12 38 2 62 10 8 3 4 0 9 4 46 8 52 7 12 13 87
5 35 12 58 6 15 10 96 2 55 8 46 7 62 0 26 9 10 3 73 11 88 4 87 13 77 14 13 1 75
5 35 10 45 8 13 3 59 2 96 7 80 11 54 1 62 4 62 13 16 9 17 14 4 6 95 12 86 0 66
14 39 13 65 1 7 0 14 5 86 10 49 4 9 11 50 3 95 9 2 7 50 2 78 12 6 6 50 8 90
3 2 2 73 7 88 12 90 13 89 1 97 0 11 14 9 5 4 9 59 6 61 11 2 4 16 8 53 10 91
10 78 5 11 2 22 8 60 4 31 13 33 11 63 12 2 7 66 1 36 0 18 14 4 3 58 6 32 9 46
5 94 13 33 8 43 2 55 6 72 4 92 9 80 7 62 0 66 1 47 3 55 11 1 12 7 10 42 14 62
