50 15
3 29 14 7 10 40 5 80 4 16 2 22 1 3 9 1 8 25 13 20 6 40 12 49 0 42 7 1 11 93
7 23 3 88 9 6 13 33 6 80 1 89 0 60 2 4 11 49 12 54 14 82 8 49 4 47 10 15 5 8
5 37 2 27 9 99 8 56 12 7 0 8 7 57 14 54 1 86 6 70 13 46 11 6 4 30 10 25 3 14
3 27 4 2 5 89 12 98 11 95 10 76 8 27 2 32 1 5 6 2 0 2 13 11 7 43 14 64 9 9
6 58 5 79 2 73 4 31 11 76 0 59 10 82 7 33 12 91 14 72 1 5 13 65 9 61 8 35 3 30
1 83 8 98 4 22 0 51 12 74 10 93 13 12 7 37 11 27 2 81 3 37 9 23 14 88 5 24 6 58
0 96 8 92 3 88 6 89 1 13 10 46 2 79 4 47 12 74 5 71 7 26 11 19 14 55 9 74 13 6
1 67 11 49 6 60 2 66 12 41 8 41 5 80 7 69 4 51 13 24 0 59 3 38 14 6 9 77 10 14
5 68 7 84 6 27 4 99 3 18 12 57 0 10 11 58 14 81 9 43 13 28 2 45 10 45 1 10 8 41
6 66 0 60 2 44 10 79 7 99 4 11 8 38 9 64 12 37 11 32 1 2 3 79 14 86 5 15 13 19
4 44 9 97 13 93 8 52 7 14 1 23 0 52 12 72 5 25 6 54 3 81 14 63 2 47 11 49 10 90
2 16 3 67 10 7 5 80 1 25 0 85 9 31 4 80 13 58 12 37 14 9 11 84 6 45 8 93 7 82
10 9 5 12 1 51 4 38 8 8 12 84 0 99 2 76 6 96 3 30 14 74 9 57 13 21 11 50 7 58
8 91 14 87 2 54 13 87 3 42 7 85 10 26 9 90 4 57 12 75 11 11 1 7 0 47 5 46 6 89
9 42 10 87 14 86 2 80 13 68 7 91 12 11 1 6 3 75 6 62 0 36 11 21 8 91 4 65 5 25
8 73 4 42 3 88 12 4 11 77 5 44 0 89 10 15 2 53 13 13 14 43 9 99 6 17 7 58 1 23
12 26 1 89 5 62 2 68 3 95 8 45 11 60 7 50 10 81 0 75 13 7 14 7 6 12 4 44 9 93
12 9 2 75 10 78 0 14 8 73 13 17 7 51 3 86 5 53 9 99 6 67 11 52 1 45 4 76 14 72
7 6 9 61 5 39 12 94 2 25 6 64 14 30 0 42 10 59 1 67 13 49 11 72 4 32 3 68 8 39
2 30 12 54 9 10 0 85 8 97 11 70 4 52 14 54 7 26 1 48 5 20 6 38 10 65 3 92 13 48
4 34 6 25 0 33 2 9 10 63 7 98 11 9 8 59 12 87 3 33 14 92 1 82 9 5 13 55 5 47
11 75 14 80 8 21 13 84 12 53 7 13 10 23 3 61 5 57 1 23 6 92 9 36 4 41 0 64 2 43
12 49 13 28 4 37 5 98 14 97 0 38 11 59 6 31 1 4 8 45 10 23 2 22 7 46 9 10 3 15
8 70 2 38 1 31 6 15 13 84 11 5 14 42 4 92 7 47 9 69 5 11 12 1 10 32 3 78 0 78
14 83 12 90 5 44 8 70 13 6 2 30 3 69 11 96 7 23 0 28 6 44 4 52 9 73 10 33 1 89
9 66 2 70 6 39 12 46 8 29 1 81 11 59 3 2 13 2 4 94 5 55 14 29 10 76 0 48 7 61
10 66 8 49 7 44 2 64 14 19 11 27 3 61 0 60 5 92 9 1 13 85 4 99 1 44 12 3 6 26
2 35 6 97 12 71 8 93 1 75 11 17 0 21 10 23 13 56 5 26 3 53 9 65 4 56 14 12 7 37
8 15 1 74 0 90 4 95 7 99 6 9 3 33 13 42 11 21 9 58 5 54 14 61 10 36 12 8 2 15
1 81 14 69 10 99 13 93 5 38 2 90 11 28 12 2 0 92 3 95 6 60 4 27 8 50 9 96 7 70
12 48 7 26 10 30 5 76 6 86 0 32 9 90 8 41 3 62 13 63 2 46 14 30 4 82 1 32 11 26
1 89 5 55 4 81 6 74 2 70 11 27 9 48 3 38 14 29 8 90 13 18 12 68 7 24 10 12 0 83
8 30 1 12 6 8 0 41 10 94 12 70 11 76 14 40 2 1 5 58 7 18 4 99 9 52 13 35 3 76
5 2 4 7 7 72 8 68 0 3 11 38 3 59 1 33 14 11 2 16 12 25 9 70 13 35 6 66 10 93
11 6 14 88 7 56 13 41 2 2 9 13 10 71 0 31 5 37 4 5 12 98 8 67 3 92 1 91 6 15
0 35 3 81 2 87 12 75 13 84 5 90 8 54 10 13 11 22 6 26 7 8 4 25 9 23 14 4 1 75
11 54 7 96 5 59 9 70 1 94 6 30 14 42 12 2 10 61 13 78 0 48 4 73 8 31 2 87 3 19
11 7 12 7 14 67 13 29 2 39 0 40 3 82 4 96 8 81 10 46 5 39 9 74 1 15 6 76 7 50
7 50 5 55 14 89 4 51 2 68 9 38 13 32 0 55 12 88 10 88 1 3 8 49 11 56 3 22 6 70
10 44 11 97 3 51 6 55 14 14 0 14 12 79 1 63 4 34 9 94 13 42 2 39 5 77 8 74 7 2
1 39 12 75 5 42 11 79 4 74 3 87 6 33 2 35 13 15 7 7 9 42 10 54 8 3 14 47 0 68
0 73 1 31 4 85 8 24 6 94 14 31 11 75 13 20 9 35 5 27 7 98 2 70 3 92 10 95 12 91
12 21 6 57 2 38 10 49 1 34 14 53 13 27 3 50 0 28 7 3 9 74 11 86 8 5 4 4 5 34
1 97 8 16 11 64 2 2 10 21 5 30 13 37 9 83 14 17 4 83 0 61 7 3 3 70 12 95 6 94
0 21 5 66 10 54 4 56 13 3 8 7 6 47 2 96 9 13 12 34 3 78 7 54 14 99 1 92 11 33
4 10 10 9 1 27 11 66 14 64 3 32 8 22 7 4 6 51 0 93 12 75 5 75 13 91 9 2 2 47
3 7 8 66 5 74 13 43 1 53 14 3 4 72 0 93 10 58 11 60 7 62 6 92 9 39 12 92 2 82
11 22 0 81 14 92 13 71 1 1 4 91 9 65 6 36 10 25 12 19 2 83 7 77 5 94 8 81 3 66
5 19 11 27 14 59 6 32 0 28 8 83 1 23 10 73 4 56 2 54 13 14 9 92 12 68 3 90 7 63
7 67 14 75 0 28 1 27 13 87 5 60 9 5 6 18 8 3 10 4 4 22 12 95 11 55 2 87 3 92
