50 15
14 59 6 16 12 49 1 90 7 56 8 81 5 69 10 33 9 40 13 15 0 53 4 72 11 43 3 97 2 61
12 47 0 26 3 76 5 46 14 44 6 32 10 57 8 70 13 73 11 54 7 28 4 24 1 75 2 52 9 75
10 94 3 52 4 72 12 9 11 68 7 84 5 56 1 41 14 30 0 59 6 24 9 44 8 21 2 86 13 87
10 35 6 36 3 3 5 95 12 79 0 76 4 34 8 16 14 40 2 65 1 3 7 23 13 98 11 57 9 65
2 21 9 41 7 26 0 40 5 1 8 94 10 12 11 10 14 35 12 41 13 67 4 86 3 97 1 73 6 41
8 77 6 83 12 8 0 94 11 43 2 97 7 69 1 43 10 66 4 41 3 70 14 3 13 83 9 54 5 96
12 9 4 11 6 10 5 24 0 76 11 55 13 75 1 20 3 38 7 87 10 26 9 66 8 12 14 81 2 70
14 28 7 89 10 3 3 82 6 79 13 6 2 88 1 84 12 3 4 95 8 33 11 42 0 85 5 54 9 57
6 57 4 97 12 67 7 27 11 36 0 65 14 90 1 50 3 41 2 28 5 33 8 68 9 22 13 5 10 23
2 43 0 6 14 9 11 3 10 91 3 24 12 4 13 48 9 90 4 75 6 39 8 11 7 63 1 75 5 74
9 64 2 62 7 1 5 16 8 41 1 69 13 98 12 97 0 9 10 5 14 35 4 80 11 84 6 43 3 30
8 50 6 21 0 72 7 39 5 16 14 27 2 99 13 45 3 89 9 54 11 75 10 50 12 29 4 27 1 53
4 42 2 92 7 18 11 39 14 33 3 23 12 19 13 73 10 84 0 50 1 53 6 67 9 24 8 39 5 32
4 63 3 55 12 66 2 96 0 76 9 78 11 9 7 26 14 94 5 35 1 2 8 64 10 76 6 24 13 88
1 17 3 51 12 38 6 58 5 61 13 33 9 33 10 3 14 29 2 26 8 65 7 18 4 24 0 62 11 70
13 3 6 65 0 92 12 51 14 76 5 97 10 63 2 72 11 54 7 56 9 5 3 10 8 20 1 91 4 80
12 91 14 93 5 87 4 43 0 83 6 59 7 79 13 81 10 15 11 32 8 4 1 30 2 58 9 51 3 30
5 7 12 19 2 12 8 32 13 94 1 2 10 16 3 31 14 85 0 75 7 40 4 64 6 9 11 31 9 52
14 12 2 63 6 15 11 76 4 41 9 57 1 79 8 55 0 7 12 48 3 77 10 49 5 39 13 74 7 84
7 48 12 16 4 6 14 93 2 22 8 96 1 64 5 28 6 86 0 96 10 60 3 68 9 57 13 35 11 50
12 2 10 22 13 33 11 5 8 76 0 26 4 58 5 1 3 17 2 96 9 99 7 36 1 71 14 7 6 56
3 96 5 67 10 26 13 60 12 15 4 13 6 73 7 86 11 55 9 99 0 21 2 98 1 81 8 84 14 85
7 46 1 60 4 2 5 4 9 2 6 14 8 73 11 98 14 77 10 49 12 95 13 29 0 52 3 84 2 46
6 89 12 51 8 20 0 69 13 77 9 33 7 68 2 73 11 77 4 15 10 10 3 17 5 35 14 99 1 84
9 10 10 58 11 72 1 41 14 59 2 55 13 7 4 1 3 33 8 61 5 68 12 69 6 99 7 17 0 13
11 50 14 19 8 12 0 57 4 65 2 54 9 69 12 50 7 53 5 51 10 33 1 89 6 89 13 33 3 72
0 33 5 11 6 49 10 84 2 65 11 75 3 40 14 81 9 78 7 21 1 62 13 2 8 20 12 63 4 14
6 7 7 84 0 30 9 94 8 53 12 1 1 48 2 24 4 73 13 45 10 48 14 73 3 81 5 23 11 96
4 25 11 95 12 44 6 2 1 84 5 93 13 90 3 71 8 70 2 73 0 55 9 65 10 83 7 11 14 93
10 72 13 43 9 24 2 40 11 6 7 52 14 71 6 53 1 79 12 69 8 65 4 78 5 83 0 22 3 40
13 63 12 20 1 51 3 26 0 87 2 69 11 59 9 65 14 57 5 86 4 66 7 61 6 6 10 73 8 39
6 3 2 50 8 6 7 62 14 11 1 47 4 68 12 95 3 68 9 95 10 95 0 24 5 67 13 25 11 11
6 94 8 50 13 60 1 74 0 23 7 5 9 47 12 57 2 63 10 33 5 50 14 99 3 56 11 97 4 78
4 53 8 16 1 6 10 25 3 54 2 14 0 9 6 37 5 69 7 31 14 79 13 83 9 37 11 77 12 35
2 87 0 27 8 13 13 31 10 24 11 1 3 24 6 72 5 62 1 4 12 85 14 29 4 87 7 44 9 21
3 32 5 13 1 93 4 49 14 5 8 36 13 64 10 33 11 96 0 94 12 25 2 76 7 27 9 29 6 56
2 78 10 74 13 49 12 14 5 20 1 80 11 15 8 53 14 50 0 96 3 33 6 5 9 44 7 74 4 50
14 87 4 48 12 33 3 60 8 79 2 90 13 68 5 42 0 29 1 29 9 4 6 20 10 22 11 68 7 16
10 55 9 26 1 15 11 29 14 31 12 13 5 23 7 16 4 15 6 54 2 78 0 69 8 66 3 15 13 9
1 13 3 84 8 46 2 25 10 68 4 5 6 24 7 33 12 12 13 67 5 12 9 26 14 38 0 44 11 98
14 93 9 38 3 52 1 37 12 75 2 61 8 19 10 12 6 23 7 7 13 91 5 67 11 12 4 85 0 98
1 99 7 85 10 4 13 53 11 13 8 21 5 13 9 7 0 47 6 49 2 57 3 70 4 72 12 4 14 59
1 98 9 83 12 24 6 21 4 12 13 79 10 14 5 70 0 17 2 30 14 62 11 97 3 37 8 71 7 11
5 46 2 7 8 50 6 81 9 31 13 59 14 21 10 29 1 11 0 48 3 95 4 59 12 48 11 67 7 64
7 1 5 61 11 43 14 6 2 37 1 13 3 41 13 46 9 45 12 36 6 92 10 92 4 32 8 57 0 50
8 48 13 68 12 95 3 89 5 11 7 31 4 62 0 55 10 75 9 29 1 25 14 51 6 37 11 93 2 62
8 79 14 6 4 51 12 91 2 83 6 81 10 90 11 86 5 55 1 40 9 83 7 60 0 38 13 40 3 62
3 1 0 45 11 32 2 91 13 40 10 52 1 43 9 93 14 6 5 98 4 61 7 49 8 77 6 34 12 14
14 49 12 1 4 77 6 43 7 78 0 53 13 40 5 19 10 23 1 79 8 69 3 59 2 60 9 41 11 19
0 45 3 44 8 14 2 43 14 13 9 2 1 60 12 13 10 57 11 33 7 32 6 42 5 18 4 77 13 45
