50 15
1 4 11 42 0 19 14 49 5 20 9 91 8 47 7 79 3 2 13 16 10 79 2 75 6 69 4 40 12 40
1 50 6 36 7 59 10 10 11 7 3 17 2 39 0 49 9 33 13 36 12 68 14 56 5 28 8 34 4 21
10 52 2 31 11 75 14 98 12 87 9 53 0 74 3 89 1 77 5 9 7 78 13 6 4 16 6 44 8 85
5 83 7 36 3 11 14 80 12 23 2 49 4 10 10 42 8 48 6 42 0 94 13 72 1 59 9 97 11 43
8 99 12 43 5 30 1 33 6 97 7 82 9 93 2 52 13 32 3 5 11 3 0 57 4 36 14 98 10 41
0 8 14 2 4 76 9 27 8 81 1 20 13 8 5 52 3 83 12 26 7 6 6 53 11 93 2 24 10 33
13 10 8 24 11 42 9 9 12 36 3 2 1 67 0 81 4 44 10 33 14 65 2 82 6 40 5 90 7 47
1 80 12 38 0 87 5 98 2 52 10 75 13 14 6 56 3 14 14 14 11 36 9 70 4 6 7 33 8 38
10 85 9 12 7 25 5 33 13 39 0 70 11 79 1 73 14 84 2 40 8 28 4 33 3 51 6 25 12 10
1 38 3 17 13 15 6 7 9 41 4 13 2 50 10 18 11 7 5 26 14 87 7 71 8 82 12 1 0 75
14 70 10 99 9 9 5 93 11 89 4 51 3 29 0 91 7 40 8 33 12 59 2 42 6 5 1 54 13 5
0 2 6 89 10 82 7 42 5 63 11 39 13 64 4 86 1 76 9 9 3 21 2 49 12 71 8 76 14 5
11 43 13 72 5 39 8 22 9 4 12 30 7 45 3 16 1 92 6 45 0 68 14 85 2 9 10 72 4 43
12 32 3 82 10 13 0 79 13 57 1 84 5 12 2 94 14 72 8 28 9 48 4 25 6 14 7 37 11 7
0 51 13 33 12 17 14 12 1 92 11 86 3 62 5 78 2 64 10 18 7 79 4 55 6 55 9 9 8 59
2 58 3 9 0 36 4 97 9 73 8 58 10 95 1 60 12 64 6 20 7 87 13 69 14 72 11 60 5 62
4 78 6 63 7 29 0 98 5 31 2 12 12 73 1 61 3 33 9 31 14 72 10 76 8 15 11 40 13 19
9 39 5 43 3 42 2 88 13 52 14 72 6 37 0 6 11 10 4 85 10 22 7 77 1 77 8 42 12 55
0 93 9 82 13 9 11 71 6 83 14 62 10 45 2 56 3 40 8 93 5 86 1 68 7 44 12 99 4 2
13 22 10 61 7 8 6 89 8 42 1 51 4 32 3 60 9 7 2 57 14 60 5 22 0 72 11 86 12 10
4 72 5 26 0 64 14 33 13 97 2 23 7 10 11 13 3 58 1 89 12 76 8 70 9 38 6 54 10 72
7 21 10 80 0 5 14 95 5 10 4 93 9 49 8 65 3 7 11 90 6 1 1 44 12 75 2 62 13 78
13 47 9 17 12 8 0 46 4 51 10 52 11 66 6 74 1 39 14 36 3 65 7 66 2 8 8 23 5 2
9 27 10 93 6 26 3 34 7 53 2 41 14 19 5 54 13 9 8 99 4 80 1 91 11 31 12 53 0 97
14 86 0 98 2 31 1 63 7 60 13 2 5 91 9 64 6 24 10 20 12 46 4 84 11 6 3 29 8 69
10 18 7 97 11 27 3 54 13 67 6 62 1 17 2 20 0 63 4 5 5 20 9 36 14 32 12 86 8 19
3 77 0 51 4 82 7 66 10 30 12 98 11 2 13 68 8 61 2 86 1 10 9 61 5 91 14 31 6 71
1 41 11 95 13 25 4 99 2 45 8 83 7 20 6 35 5 5 9 48 10 98 0 23 14 58 12 37 3 14
6 19 3 37 0 40 7 82 11 92 12 77 5 65 13 84 4 89 1 55 10 66 14 4 2 12 8 82 9 54
9 44 8 77 6 28 5 70 4 65 12 40 0 91 10 97 2 72 14 81 7 48 1 44 11 41 13 26 3 48
4 94 8 31 2 11 12 64 9 89 1 68 6 29 13 46 14 30 11 61 10 35 0 92 7 75 3 28 5 87
3 18 0 7 2 17 1 27 12 9 9 39 7 22 5 87 14 57 4 26 6 57 13 94 10 38 8 10 11 80
4 21 14 56 2 39 6 56 1 60 0 90 8 75 12 55 11 39 3 60 13 23 5 23 7 66 9 40 10 98
6 24 12 50 1 94 14 74 8 54 13 60 7 82 2 4 0 95 3 50 10 17 11 6 9 99 5 97 4 67
13 66 7 4 12 90 9 26 10 25 6 48 0 28 1 90 8 4 11 50 3 8 4 20 14 90 5 85 2 62
4 39 10 59 7 88 12 64 1 1 5 11 11 35 9 95 8 82 6 9 2 24 13 97 0 84 14 98 3 77
10 28 1 40 8 1 4 44 0 5 14 88 3 64 5 6 2 45 9 99 12 41 11 76 7 33 13 56 6 96
14 31 8 92 3 21 13 57 2 31 9 76 12 82 7 19 0 2 11 6 5 76 4 68 1 33 10 19 6 98
7 93 1 76 3 1 13 53 2 66 4 63 0 16 14 59 9 2 12 75 8 50 11 3 5 29 6 91 10 70
5 40 2 81 8 31 4 1 3 80 6 12 1 16 7 10 9 32 12 9 14 36 10 44 11 31 0 6 13 26
0 78 11 5 14 45 2 22 1 16 10 69 8 25 13 44 4 79 9 35 7 69 6 27 5 48 3 79 12 16
5 9 12 67 3 90 13 91 14 78 10 13 1 89 7 22 9 16 11 5 0 80 2 64 6 49 4 61 8 59
11 2 1 54 13 55 12 96 4 37 9 26 14 78 3 44 10 55 0 64 6 25 7 86 5 71 2 96 8 7
2 79 4 43 11 59 1 45 5 90 6 94 8 3 7 25 10 26 0 92 13 77 14 13 9 54 3 75 12 61
9 59 8 37 11 91 13 18 0 99 1 44 5 59 2 87 4 90 6 81 12 69 7 18 10 39 14 5 3 9
13 43 2 42 0 97 9 22 12 46 6 72 1 1 5 43 4 62 10 67 14 42 8 47 11 52 7 62 3 24
12 96 1 15 10 61 5 96 7 93 4 12 3 67 0 5 8 23 2 67 14 38 9 3 13 76 11 26 6 43
8 29 9 59 5 63 7 28 2 43 6 48 11 95 0 4 4 64 1 28 13 47 14 38 3 84 12 4 10 34
13 43 4 24 5 22 2 82 9 25 0 67 11 19 3 59 6 8 1 91 10 32 12 50 7 39 14 86 8 12
14 82 0 14 11 73 13 18 8 45 10 73 7 93 6 42 12 52 2 38 5 15 9 17 4 42 1 72 3 86
