50 15
5 97 11 92 13 59 8 53 12 64 10 27 0 90 3 95 6 74 2 42 7 83 4 26 14 65 9 56 1 69
5 40 2 46 6 23 8 4 4 96 0 39 9 79 10 37 1 84 3 14 13 86 7 27 11 75 12 43 14 21
7 82 9 62 1 75 12 64 3 86 11 24 8 68 14 80 13 22 10 27 2 96 0 89 5 92 4 22 6 84
2 15 14 13 10 99 0 20 12 17 1 55 13 84 8 93 5 72 7 23 9 92 4 33 3 91 11 76 6 8
7 65 12 61 8 36 3 99 4 9 2 79 14 33 1 41 13 77 5 62 6 85 11 45 10 73 0 15 9 47
11 56 0 84 3 32 9 67 2 31 12 55 7 81 13 48 10 33 4 86 14 28 8 35 5 30 1 69 6 17
1 13 7 64 0 49 14 94 13 56 10 72 3 13 5 90 11 37 8 5 2 95 12 66 9 67 4 81 6 84
13 58 1 36 0 88 4 83 2 26 6 52 12 29 11 68 3 53 8 67 7 41 5 81 10 40 14 60 9 10
2 47 9 3 5 22 1 42 7 8 14 75 13 38 11 57 8 97 12 8 6 90 3 11 10 64 0 56 4 1
7 49 10 23 3 69 11 39 4 86 12 95 5 97 1 97 9 41 6 97 13 14 2 2 0 59 8 87 14 1
5 69 10 87 2 50 3 58 7 74 9 30 8 65 1 7 4 51 6 63 0 65 12 96 13 80 14 97 11 30
1 78 8 57 6 6 9 12 14 21 4 70 3 18 7 32 5 10 12 24 10 26 11 69 2 95 13 97 0 15
10 24 1 85 0 42 6 51 7 81 8 97 13 27 4 8 9 30 14 58 2 57 11 50 5 18 12 14 3 30
4 56 1 57 12 64 8 53 0 14 2 27 5 39 7 4 9 35 10 11 11 47 3 82 6 77 13 69 14 48
9 7 8 99 0 79 11 68 2 86 3 70 12 39 13 17 4 46 5 98 6 2 7 73 14 28 10 76 1 7
2 30 4 40 9 11 1 65 0 26 11 40 3 33 7 75 5 86 10 87 6 91 8 29 12 66 13 62 14 40
1 93 9 14 14 5 4 4 13 96 0 59 8 11 3 25 10 19 2 40 6 18 5 25 7 62 11 38 12 10
8 42 11 59 6 87 1 62 0 81 3 86 10 89 13 50 2 53 4 94 7 48 14 7 5 34 12 41 9 97
4 40 11 31 1 24 14 76 12 78 6 9 13 98 2 13 9 79 3 13 5 40 10 9 8 42 7 9 0 48
9 30 5 71 14 4 1 51 12 62 11 85 4 82 2 29 10 35 3 47 8 4 13 44 0 69 7 85 6 95
5 39 12 25 8 3 7 72 3 24 10 10 0 58 4 53 11 25 14 56 2 57 6 45 1 94 9 17 13 93
14 78 7 40 11 55 13 37 12 37 6 84 3 9 9 74 10 49 1 47 4 61 0 96 5 65 8 90 2 2
0 61 7 79 1 59 3 74 9 62 13 79 2 65 5 17 11 35 8 91 14 20 10 87 4 20 6 42 12 9
12 28 10 92 13 10 1 1 14 38 4 15 8 77 3 3 11 61 6 9 2 13 7 61 5 14 0 1 9 77
2 16 7 99 9 36 11 37 3 12 10 57 8 8 0 41 1 28 5 61 14 34 13 83 12 71 6 30 4 63
10 29 14 69 5 81 0 20 6 49 7 65 13 85 8 77 1 72 4 74 3 14 11 59 9 78 2 40 12 5
14 40 6 48 10 99 11 90 13 61 12 23 2 15 0 20 5 21 4 38 1 78 8 42 3 85 7 46 9 18
10 52 4 68 13 88 6 23 0 98 5 64 7 4 9 56 2 72 11 52 1 24 14 57 12 48 8 49 3 8
7 42 9 35 3 99 6 77 12 25 0 48 2 82 11 4 4 66 1 94 13 89 5 92 8 76 10 47 14 97
4 50 10 42 13 18 7 30 11 48 5 9 3 67 12 43 2 13 1 83 14 6 8 13 9 61 0 59 6 54
1 52 4 78 7 31 9 49 13 32 2 43 10 39 0 89 11 67 12 85 5 13 6 56 3 16 8 25 14 71
13 95 4 65 0 95 8 60 12 25 2 70 1 60 7 23 3 1 11 37 9 70 14 68 5 30 10 86 6 93
9 58 10 30 11 99 12 74 4 55 13 57 14 72 0 34 3 5 7 78 6 64 5 42 8 40 2 75 1 80
9 2 6 27 3 93 11 71 1 19 5 17 4 92 8 35 14 96 10 24 12 12 7 47 2 56 13 96 0 36
6 86 9 17 13 38 2 22 4 28 5 18 11 41 7 98 0 28 12 82 3 51 14 29 1 58 8 79 10 84
14 25 0 40 3 82 10 41 2 16 6 60 12 33 11 2 7 74 5 35 1 48 4 59 9 27 8 60 13 14
11 6 2 80 6 88 1 16 0 25 5 75 14 66 8 87 3 62 9 80 4 78 12 91 10 47 13 48 7 40
4 30 2 7 13 99 8 56 5 71 1 19 9 77 3 94 10 28 0 70 14 16 12 65 6 78 11 90 7 31
11 13 0 96 2 67 7 97 4 57 9 52 13 63 5 70 6 49 10 44 14 20 3 99 12 32 8 51 1 11
10 36 4 33 9 57 7 88 8 54 2 56 13 65 3 93 11 91 0 94 12 4 6 62 5 16 1 86 14 76
6 47 11 54 0 96 8 21 9 15 12 43 7 81 1 55 5 80 3 71 2 29 13 47 4 66 10 36 14 31
11 94 8 5 10 56 3 60 0 17 1 86 14 82 6 83 4 29 2 79 5 56 9 28 13 72 7 5 12 67
7 49 0 51 4 40 2 30 9 96 13 36 6 95 3 5 12 73 14 99 1 30 11 33 10 54 5 89 8 2
14 20 3 23 7 98 5 2 13 55 4 97 12 9 1 2 6 84 8 25 9 61 0 81 10 38 11 95 2 96
14 54 2 71 8 66 3 99 0 34 10 57 5 48 1 35 12 96 4 70 13 13 9 7 11 1 6 79 7 39
6 7 9 27 2 10 11 58 4 73 8 53 7 10 0 98 5 99 12 72 10 68 3 51 13 6 14 30 1 30
11 15 3 59 7 42 1 91 0 90 13 70 6 40 12 46 8 61 2 63 10 65 5 32 9 12 4 55 14 61
7 65 5 93 13 5 3 50 12 27 4 94 0 96 8 1 9 61 10 33 14 54 11 91 1 63 2 92 6 10
7 91 11 37 12 4 2 46 14 88 5 30 9 96 13 1 1 78 6 11 10 19 4 81 0 46 3 5 8 3
3 80 2 98 1 67 8 53 12 76 6 78 5 98 4 76 14 99 0 92 9 81 10 22 13 1 7 80 11 50
