50 15
3 47 6 68 5 42 13 73 10 35 11 48 8 7 7 19 2 46 14 16 9 30 12 2 0 39 1 14 4 54
13 2 2 22 14 83 12 77 7 26 10 18 5 62 0 46 3 76 8 1 6 84 4 58 9 94 11 5 1 63
7 97 3 97 10 47 8 82 14 82 6 5 0 73 2 4 4 78 9 10 13 38 1 96 5 11 11 7 12 46
0 39 14 37 6 93 3 17 11 58 7 61 5 52 9 51 12 80 8 89 4 50 1 36 13 12 10 39 2 13
10 43 3 53 4 89 1 4 9 10 6 71 12 76 14 29 13 85 7 44 8 98 5 71 2 92 11 99 0 92
1 52 11 75 7 7 0 10 4 7 6 28 10 42 3 7 13 16 12 93 9 44 5 84 14 32 2 77 8 90
2 25 6 70 1 63 12 93 5 95 10 77 13 49 8 32 9 56 0 7 7 29 11 44 14 75 4 82 3 15
0 77 2 43 11 82 4 22 6 82 12 66 10 13 3 90 8 87 14 88 9 9 5 40 7 31 1 87 13 16
6 75 0 27 4 75 13 1 9 72 12 33 10 96 8 37 5 15 1 12 11 9 14 21 3 74 7 12 2 2
1 11 13 53 11 58 2 7 5 16 4 47 14 45 9 73 0 72 8 42 3 6 6 61 7 79 12 95 10 75
1 97 10 37 12 28 11 62 9 86 3 85 5 78 7 67 2 37 8 97 4 58 14 78 6 3 13 24 0 98
0 28 3 51 13 68 1 10 9 47 7 36 12 38 14 15 2 70 10 23 6 27 8 51 5 33 11 84 4 99
14 21 6 32 8 65 3 58 4 85 2 47 13 74 7 40 11 6 0 39 12 59 10 87 1 17 9 11 5 82
11 10 5 63 14 28 10 22 8 53 13 51 2 27 3 74 12 92 7 83 1 36 4 47 9 40 0 38 6 2
11 68 7 85 14 42 12 9 6 29 10 58 0 18 4 95 5 28 3 81 8 8 9 5 2 79 13 74 1 15
6 8 14 11 11 49 12 78 1 25 7 3 8 46 3 4 13 19 2 75 5 74 10 23 9 86 4 79 0 69
12 96 11 93 13 31 1 33 3 15 5 58 9 7 2 68 6 3 8 70 14 59 4 47 10 70 0 37 7 18
9 27 0 55 7 33 6 57 3 2 14 39 2 9 5 97 8 20 11 6 13 38 12 26 4 66 1 71 10 31
10 1 6 92 0 63 7 83 12 38 8 25 2 72 4 89 9 76 14 61 3 12 11 48 13 48 5 54 1 86
1 82 9 83 8 24 4 83 0 26 3 96 14 60 10 92 7 50 6 55 5 2 13 76 11 54 2 99 12 94
12 52 5 55 2 50 4 41 6 7 11 86 14 67 1 90 3 24 9 26 7 27 10 31 8 59 0 79 13 66
0 8 5 48 10 23 1 82 14 39 13 65 6 60 8 63 2 58 12 49 9 61 4 79 3 68 7 63 11 80
0 67 10 89 12 57 14 24 6 31 8 36 5 53 13 48 9 39 7 11 2 12 1 50 11 98 3 38 4 69
3 53 8 62 6 50 4 81 5 16 13 48 10 64 9 80 1 82 2 22 7 6 0 31 12 13 14 43 11 6
10 37 7 68 0 41 12 9 5 17 13 3 2 66 1 33 14 59 9 4 11 9 4 21 3 17 6 97 8 54
5 49 0 25 11 64 13 58 14 58 3 26 2 19 1 13 4 61 10 56 9 50 6 69 8 71 12 37 7 19
1 65 14 37 5 47 6 1 7 62 8 82 12 67 2 19 11 18 0 73 13 46 10 99 3 16 9 44 4 74
9 23 1 69 0 48 4 70 11 28 7 77 3 71 10 81 12 81 8 11 14 80 13 73 6 82 5 56 2 13
3 13 5 40 13 18 0 73 14 24 1 45 4 48 9 47 10 22 6 70 12 41 7 40 8 90 11 3 2 42
13 40 5 50 10 81 2 27 9 17 8 52 11 92 7 84 14 76 0 36 12 78 6 33 4 54 1 33 3 68
14 27 6 44 11 38 3 69 5 56 0 30 10 44 7 51 2 85 12 89 8 17 1 32 9 51 4 45 13 66
1 54 3 12 8 52 13 77 4 8 6 56 10 13 7 39 11 35 12 53 5 35 2 37 9 85 0 87 14 12
6 85 11 6 1 88 0 1 14 10 13 38 3 54 12 25 9 23 2 69 8 81 7 86 5 25 4 97 10 42
10 66 8 16 11 32 4 11 0 59 14 15 3 71 12 46 1 58 6 10 7 7 13 60 5 95 2 42 9 95
8 87 0 83 6 10 13 14 5 31 1 19 9 83 14 92 12 76 4 78 10 87 3 43 11 2 2 89 7 34
7 10 2 74 13 70 4 95 5 65 0 10 11 87 6 92 3 48 14 96 9 19 12 12 10 94 1 46 8 20
3 45 1 13 2 36 4 36 6 26 10 56 7 66 13 56 11 85 8 21 12 51 14 37 9 80 5 27 0 29
11 35 8 65 12 22 14 12 9 18 13 87 6 25 0 69 10 78 5 67 4 43 1 31 3 25 2 72 7 75
12 67 2 90 1 89 9 28 11 50 6 18 8 82 3 53 10 74 0 66 13 56 7 89 4 28 5 15 14 52
1 19 8 73 7 9 4 8 13 10 14 10 5 9 6 95 3 32 12 73 11 33 2 91 0 84 9 56 10 38
4 29 9 10 3 34 0 26 2 49 11 62 5 67 8 86 14 93 13 42 6 17 1 91 12 79 7 63 10 96
11 99 12 94 5 30 13 69 6 18 8 16 14 31 10 46 7 6 4 70 3 9 0 48 1 29 2 66 9 67
12 79 14 31 10 18 8 5 0 48 1 88 11 37 7 3 9 60 2 56 4 99 13 99 3 57 5 4 6 3
13 65 0 35 11 49 1 9 2 45 12 92 9 92 4 22 8 61 3 78 5 9 10 51 7 74 14 30 6 66
13 99 6 13 9 4 10 45 14 66 8 17 7 25 11 85 2 77 1 35 3 99 5 20 12 7 4 65 0 85
4 41 13 93 6 56 2 75 0 40 14 92 5 67 1 61 8 85 12 39 7 64 11 54 3 78 10 96 9 74
12 40 5 37 9 87 2 20 6 5 1 28 0 50 14 4 4 68 3 30 11 77 8 87 10 78 13 32 7 89
12 96 0 38 6 52 3 75 10 6 8 35 14 47 7 10 9 52 4 23 11 35 2 21 5 73 13 34 1 1
10 49 3 57 14 30 9 54 7 97 1 17 12 82 0 64 2 15 5 23 8 13 4 19 6 77 11 34 13 49
12 76 6 33 4 64 10 90 8 16 7 77 2 75 3 50 11 10 14 30 1 8 9 40 13 73 5 65 0 6
