50 15
14 43 3 40 0 10 4 57 2 27 5 19 11 43 9 83 6 64 8 88 12 3 1 48 13 49 10 55 7 87
10 31 1 65 4 38 8 3 13 78 6 37 3 69 2 94 0 55 9 42 7 41 14 86 5 10 11 86 12 55
0 88 9 60 2 97 7 27 6 59 3 93 8 56 12 95 13 88 1 56 5 47 10 96 4 56 11 46 14 90
5 42 10 17 11 74 9 17 4 38 1 82 8 81 13 20 0 7 3 87 2 42 6 71 14 89 7 70 12 55
13 91 9 85 7 65 6 67 8 58 1 50 2 85 5 50 14 97 11 22 3 94 12 8 4 3 10 61 0 80
8 95 6 75 12 98 10 67 5 61 14 39 13 83 7 54 3 10 2 20 9 11 0 29 11 61 1 7 4 78
4 46 14 10 6 70 3 99 11 35 8 94 9 34 2 26 13 78 1 57 0 71 5 24 10 23 12 78 7 73
10 49 1 92 12 76 2 36 14 10 5 41 0 4 7 65 6 87 13 83 9 37 8 14 3 60 4 97 11 71
5 22 1 45 12 20 2 94 7 38 4 43 14 47 9 94 0 95 6 7 10 32 11 31 8 62 3 51 13 9
7 78 12 54 13 8 5 74 11 36 2 77 9 15 10 22 14 94 8 44 0 5 3 46 1 70 6 83 4 23
8 47 1 51 13 30 12 15 2 94 0 41 10 7 9 50 6 77 3 5 7 21 4 58 11 21 5 10 14 1
2 43 0 55 10 11 13 18 4 89 6 84 7 8 8 57 11 25 5 4 3 61 1 79 12 46 14 7 9 3
6 72 11 46 2 95 4 85 8 2 9 72 13 60 7 96 12 43 14 61 1 74 0 56 10 74 3 97 5 55
3 44 7 71 2 4 10 66 13 50 6 35 14 5 12 25 8 47 5 88 9 47 0 76 4 30 11 2 1 58
5 10 14 76 2 71 0 43 7 66 3 91 9 8 4 80 8 24 12 92 1 28 6 29 10 40 13 17 11 74
7 65 13 35 10 24 1 73 6 90 12 62 14 51 9 94 3 90 11 76 8 24 0 6 2 18 5 54 4 16
6 4 0 23 12 45 14 26 2 60 7 91 4 17 11 78 1 41 3 7 13 65 9 83 8 81 5 88 10 21
9 61 8 79 2 11 14 67 0 59 6 93 4 27 13 28 5 38 11 47 10 12 7 20 12 39 3 94 1 26
6 99 2 9 13 47 10 13 7 17 4 16 1 54 8 67 14 66 9 24 0 48 11 68 3 31 5 19 12 32
9 62 7 8 0 98 8 51 14 72 5 52 10 70 6 27 1 44 13 32 11 37 2 4 3 7 12 62 4 97
13 78 8 89 5 54 14 85 2 84 4 98 6 84 10 30 9 6 7 24 11 51 12 38 1 86 3 84 0 40
11 91 3 46 5 17 8 4 2 70 13 84 10 4 7 64 14 30 9 15 12 38 0 66 6 7 4 28 1 67
5 73 4 35 1 49 3 17 11 52 12 12 14 9 6 55 0 77 7 92 9 87 8 95 13 37 10 25 2 26
11 45 10 90 2 20 13 61 0 61 14 38 5 63 1 49 8 81 9 73 3 47 7 69 12 4 6 67 4 64
3 1 2 63 9 13 0 62 5 61 13 65 14 5 12 94 1 62 8 76 10 72 11 11 4 52 6 18 7 13
11 46 2 52 0 74 12 95 5 15 6 42 9 23 13 55 1 95 7 56 3 16 4 74 14 53 8 66 10 80
9 17 14 50 0 2 2 2 13 28 7 46 10 18 8 57 12 24 11 91 6 48 5 35 3 25 1 3 4 8
8 89 10 8 14 8 12 75 4 75 6 49 0 35 2 11 9 51 5 53 13 2 7 10 11 37 1 36 3 87
4 38 11 7 13 41 2 5 6 77 8 31 14 71 3 49 0 98 10 30 1 77 7 98 12 93 5 76 9 66
10 67 13 92 6 33 4 17 9 10 5 38 0 96 2 30 8 39 12 71 3 9 11 92 1 28 14 90 7 28
12 84 7 45 13 44 9 89 11 43 14 23 6 97 3 12 5 40 2 32 4 26 8 12 1 33 10 35 0 94
11 75 4 69 6 46 1 56 7 5 5 44 8 10 13 90 0 35 9 48 14 99 2 37 3 83 12 85 10 84
11 84 14 82 3 32 13 5 8 66 4 71 9 18 6 31 2 88 0 36 7 98 12 9 1 11 10 89 5 65
8 20 13 6 1 27 12 38 14 18 4 43 7 37 10 77 11 80 3 16 2 37 0 27 6 96 9 31 5 20
3 80 13 56 11 42 12 54 7 29 4 66 0 19 10 54 8 91 14 20 9 46 1 61 2 70 5 81 6 52
12 45 3 26 1 15 9 88 11 24 2 18 13 44 7 53 14 95 10 28 4 98 0 32 8 7 6 5 5 72
0 31 8 29 4 28 3 3 12 21 10 3 7 63 13 84 14 68 5 8 11 3 6 75 1 47 9 96 2 61
8 37 10 92 13 89 0 71 6 80 7 25 5 83 1 69 14 7 12 1 2 14 11 88 9 91 4 21 3 50
11 43 1 54 6 78 4 8 5 5 3 64 12 45 8 71 2 33 10 89 13 41 7 21 0 18 14 74 9 21
13 11 14 95 2 12 12 72 8 22 11 28 3 78 9 63 5 10 7 61 0 63 10 52 4 5 6 38 1 63
1 28 7 80 3 53 13 82 0 68 14 82 12 81 5 68 8 42 10 29 6 15 11 13 9 92 2 38 4 65
10 21 11 13 9 40 8 2 4 31 1 29 3 61 2 41 0 28 13 87 7 56 14 5 5 29 12 39 6 41
0 49 2 39 11 65 13 98 1 4 8 11 10 82 12 26 9 86 6 49 4 10 7 38 14 58 3 77 5 9
8 76 12 34 7 8 3 76 9 93 0 80 2 70 4 52 5 44 6 48 10 77 14 15 13 95 11 87 1 82
5 98 2 9 4 6 9 16 8 6 11 97 7 77 3 64 10 60 0 8 14 37 12 37 1 36 13 51 6 73
10 26 14 66 1 40 13 34 6 16 4 11 7 46 3 29 5 3 0 31 8 37 11 44 12 29 9 90 2 55
7 68 11 67 2 62 8 75 4 78 10 69 6 36 13 89 14 35 9 93 12 87 3 6 5 3 0 62 1 34
8 63 11 37 0 12 1 70 13 80 7 18 2 52 14 67 12 43 6 2 9 5 3 17 10 18 4 4 5 11
14 2 7 92 3 1 11 34 4 77 10 87 8 30 12 78 6 44 5 4 2 90 0 4 13 56 9 87 1 35
9 3 2 94 10 78 5 5 7 40 11 74 14 85 4 19 1 38 3 24 6 55 12 36 0 86 8 43 13 21
