50 15
10 22 0 88 9 41 6 31 11 11 7 97 5 63 12 50 8 75 4 81 13 42 14 87 2 72 3 14 1 87
6 15 11 70 12 92 7 22 10 50 5 70 14 52 9 38 0 50 3 15 13 70 2 89 8 41 1 55 4 57
5 78 7 83 9 73 3 16 4 63 10 20 8 57 6 55 1 67 14 96 0 31 13 29 11 99 2 25 12 25
6 74 13 47 14 34 12 79 9 37 0 30 2 90 3 46 10 85 11 79 1 5 5 4 8 42 7 61 4 23
12 80 3 90 14 43 5 19 1 4 9 32 4 61 7 17 0 89 6 62 8 89 10 35 11 76 13 41 2 66
2 69 14 31 4 16 12 33 9 73 5 85 7 49 6 9 1 40 10 10 0 98 3 19 11 42 13 6 8 61
4 17 10 43 2 83 5 25 8 15 7 51 14 62 9 80 13 9 12 63 0 53 3 56 6 92 1 83 11 21
1 49 5 64 10 73 13 56 9 5 7 72 11 62 6 32 2 38 4 40 0 43 14 63 12 36 3 70 8 50
7 64 13 49 8 91 5 42 3 1 1 98 2 63 6 84 4 17 11 23 10 94 14 33 9 52 0 96 12 94
13 15 6 52 7 84 9 43 4 14 12 70 8 15 10 40 5 58 14 7 11 95 2 24 0 72 1 92 3 58
11 82 8 87 4 15 12 7 2 48 5 70 0 41 9 94 14 46 7 96 6 66 13 77 10 6 3 80 1 59
4 73 0 44 12 2 7 83 13 31 1 22 14 89 3 12 8 17 9 35 5 87 2 99 11 58 10 26 6 96
10 27 5 3 13 53 1 95 9 96 4 3 3 45 2 34 12 83 11 2 8 64 14 51 7 92 0 25 6 31
4 30 3 79 13 94 6 54 1 4 7 84 12 22 10 47 9 83 2 76 14 61 8 86 5 92 0 40 11 43
1 64 13 5 7 59 3 19 14 14 11 70 9 29 0 17 12 85 2 97 5 76 4 41 6 73 10 7 8 72
13 98 7 96 4 44 10 55 12 3 14 52 2 14 1 32 8 34 3 3 11 31 9 24 0 91 5 84 6 54
2 19 8 7 4 43 0 76 13 76 10 4 5 23 6 6 3 73 12 62 1 36 11 29 14 21 9 66 7 11
14 81 3 10 7 78 6 15 9 83 8 84 11 81 10 56 12 34 5 13 0 31 1 30 4 22 2 11 13 8
8 36 13 38 10 12 5 86 7 8 4 61 3 20 14 64 1 44 11 95 12 43 6 72 0 84 9 2 2 4
11 34 7 65 5 95 10 49 3 98 4 46 9 48 8 61 12 68 1 28 14 69 6 60 2 70 13 12 0 43
11 25 7 34 9 93 12 44 2 50 8 17 4 72 13 74 5 66 10 72 3 30 14 3 6 74 1 90 0 1
7 28 1 74 0 85 3 5 4 58 12 93 9 91 11 4 13 87 10 63 14 33 8 42 6 46 5 51 2 76
3 11 6 90 4 62 8 32 14 33 11 64 9 93 0 58 13 84 5 75 2 33 10 23 12 63 7 8 1 44
9 46 0 71 8 7 2 74 10 98 12 93 4 22 6 10 14 34 3 14 1 8 5 33 11 53 13 46 7 82
8 55 9 1 2 9 7 39 3 88 10 61 1 87 13 92 11 72 12 23 4 18 5 48 6 19 14 1 0 33
11 71 6 8 10 64 1 60 3 20 5 59 7 13 13 29 4 53 14 47 0 43 2 87 8 55 12 89 9 26
3 48 6 36 0 33 7 77 2 92 12 40 5 82 14 33 11 76 10 13 9 70 1 81 13 74 8 58 4 43
10 71 5 54 11 11 6 11 0 67 8 23 9 41 1 92 4 98 12 95 3 66 2 28 14 6 7 31 13 83
10 47 0 35 7 54 3 70 2 93 8 4 13 85 1 23 5 75 6 77 9 41 4 89 12 45 14 69 11 74
2 12 5 61 10 22 6 5 14 31 3 76 13 73 4 5 1 11 9 8 8 99 7 61 12 73 0 31 11 91
1 37 4 57 13 77 5 78 10 32 9 39 7 11 3 92 0 22 14 68 8 72 2 25 11 12 6 93 12 87
6 81 3 64 13 53 4 77 10 16 2 85 14 34 7 2 9 4 1 19 12 75 0 87 11 41 5 38 8 3
11 17 9 37 1 52 0 60 12 73 5 3 14 9 3 3 13 4 8 76 10 14 6 22 7 51 2 51 4 35
7 21 1 48 14 84 8 6 6 5 12 40 10 97 2 67 3 82 5 36 4 30 0 53 13 64 9 79 11 95
0 97 5 96 7 99 6 98 12 60 11 70 3 56 14 67 8 8 1 94 4 69 2 79 10 2 13 67 9 51
5 98 7 64 0 18 13 37 6 27 12 53 1 8 14 19 8 89 11 45 9 38 10 99 4 27 2 29 3 41
9 10 4 24 11 23 6 95 13 79 8 81 0 62 12 26 14 92 2 35 7 26 1 49 5 4 10 40 3 7
8 65 10 82 13 8 14 80 9 57 0 68 7 32 3 91 2 60 6 77 5 47 12 54 4 26 1 8 11 39
1 42 2 9 14 64 0 70 3 4 6 49 11 53 10 75 8 2 12 9 5 9 13 54 4 56 9 50 7 29
3 15 14 38 9 56 7 34 8 29 4 36 1 73 0 18 13 65 2 2 6 30 5 71 12 65 11 36 10 73
0 72 6 12 13 60 1 52 8 94 2 38 14 51 11 6 4 95 12 45 10 78 5 23 3 87 9 12 7 54
9 51 6 6 5 6 7 1 13 54 3 22 4 8 11 11 8 6 14 10 0 38 2 64 1 3 12 22 10 48
8 95 14 97 13 51 3 48 1 41 6 70 0 4 4 64 9 44 2 17 10 84 12 60 7 75 11 20 5 73
2 37 3 31 6 5 9 86 0 86 7 8 5 21 11 90 8 89 10 97 13 14 4 69 1 61 12 71 14 2
3 3 4 37 9 22 1 33 12 11 2 30 5 28 11 68 7 16 8 4 6 45 10 40 0 72 13 85 14 30
5 24 8 49 0 83 9 72 2 68 14 64 10 5 6 19 12 90 3 98 1 28 11 23 4 7 13 38 7 80
1 81 0 80 6 92 2 26 8 82 7 94 11 70 12 15 4 77 5 83 13 46 14 67 3 9 9 69 10 71
7 38 0 20 6 83 1 49 12 94 9 57 4 11 13 67 14 48 2 74 3 47 11 97 8 71 10 90 5 87
8 22 4 75 13 37 3 87 7 81 11 22 0 48 12 45 5 20 14 77 9 38 1 30 2 11 6 71 10 43
11 4 1 98 9 88 2 91 3 38 13 94 14 3 6 97 12 91 7 98 4 39 5 51 8 48 0 90 10 81
