50 15
0 3 11 1 3 24 5 14 13 79 7 12 10 62 6 81 12 98 9 13 8 86 14 98 2 63 4 37 1 19
1 64 8 76 4 72 0 97 6 27 2 61 14 1 3 61 9 52 13 23 11 18 10 27 12 99 5 38 7 43
14 2 12 66 9 22 6 24 3 45 8 94 7 82 4 87 11 71 10 54 2 72 13 64 5 99 0 83 1 42
9 87 5 76 0 45 14 56 4 31 10 82 8 49 1 42 2 12 3 11 12 8 13 21 11 32 7 77 6 52
3 49 1 32 10 66 12 13 0 94 14 85 2 61 8 97 4 58 7 53 5 73 11 80 13 31 9 96 6 35
14 61 4 12 5 48 13 83 12 82 8 14 2 21 11 70 3 15 0 9 10 3 1 69 9 99 6 6 7 83
14 22 6 54 8 98 0 71 10 84 3 20 7 31 11 56 2 55 13 70 12 79 4 17 9 89 1 29 5 60
4 36 5 56 9 43 0 3 10 96 11 49 6 85 13 98 12 20 14 55 3 96 2 10 1 65 7 51 8 66
13 36 7 93 4 73 5 55 8 89 0 28 10 85 12 65 14 85 2 56 6 90 3 1 11 38 9 21 1 44
1 26 2 8 0 26 8 99 9 79 14 8 6 20 13 90 12 74 10 1 7 26 11 85 3 1 5 43 4 37
14 67 12 66 2 63 3 88 8 20 13 55 9 92 0 60 7 56 1 56 4 29 10 15 5 79 6 94 11 59
12 49 3 89 14 21 2 6 5 55 9 39 10 71 1 68 7 84 13 60 6 29 11 68 0 41 4 76 8 42
11 68 1 56 6 35 12 40 9 71 5 41 3 36 14 8 13 20 7 99 2 18 10 8 4 20 0 69 8 15
11 42 14 92 0 60 4 15 9 19 7 1 5 49 13 50 2 28 8 37 1 93 10 57 3 86 6 40 12 29
10 36 3 10 9 53 4 99 5 35 13 37 11 69 14 45 6 93 12 87 7 98 8 86 2 15 1 33 0 11
0 87 14 64 11 11 10 58 5 46 1 8 6 50 13 92 3 17 2 73 12 59 8 36 9 58 7 96 4 49
0 31 9 92 8 96 1 8 2 6 7 87 12 9 4 60 3 79 13 86 14 28 6 58 5 59 11 42 10 18
9 15 2 97 7 34 8 67 11 48 13 16 1 67 4 55 12 60 5 2 0 35 10 39 14 75 3 5 6 16
3 15 11 79 10 33 14 53 13 28 1 60 12 82 2 33 7 51 4 50 8 8 9 40 0 55 5 12 6 14
12 30 13 43 5 97 11 44 6 32 7 2 10 23 4 1 14 62 2 17 0 12 1 91 9 32 3 93 8 91
4 72 14 50 8 65 10 49 0 66 1 55 11 23 7 72 12 87 2 48 5 52 13 68 9 14 6 47 3 92
13 94 14 23 9 7 6 66 0 80 8 30 4 12 3 22 7 92 10 41 1 1 12 89 5 68 11 65 2 28
9 41 7 50 6 90 11 45 5 82 10 1 0 63 8 98 14 86 4 98 1 22 12 11 13 67 2 78 3 26
3 20 10 97 8 83 4 40 2 70 11 91 7 28 5 98 6 87 0 3 14 9 9 97 13 67 1 31 12 99
4 40 2 56 3 47 8 8 11 22 7 95 6 88 10 7 9 78 5 14 14 5 12 40 1 57 0 62 13 47
14 94 5 66 11 46 0 56 4 3 1 90 6 62 3 88 2 64 7 85 13 60 10 52 12 97 9 7 8 37
14 15 11 52 3 15 13 65 10 16 1 60 6 14 12 20 4 58 8 97 9 41 5 33 2 35 0 82 7 52
12 95 1 4 4 38 2 25 11 74 5 64 13 60 10 76 14 49 0 60 9 82 7 55 8 63 6 97 3 15
14 90 11 72 9 35 5 90 2 56 3 91 1 30 0 87 4 19 7 82 13 59 12 43 8 12 10 66 6 10
14 36 8 58 10 83 4 36 0 14 7 68 11 57 9 2 3 83 6 64 12 50 1 70 5 9 13 44 2 96
8 42 14 76 0 56 9 39 6 90 3 98 1 99 4 99 11 93 5 43 2 91 7 3 13 31 12 58 10 27
0 83 9 51 3 59 7 3 10 80 5 78 12 78 1 36 8 32 11 48 4 19 14 97 13 27 6 5 2 74
13 38 14 17 0 56 10 38 1 70 6 9 12 65 7 66 2 41 9 24 4 63 8 32 5 6 11 74 3 22
14 56 12 53 13 41 11 58 4 90 5 58 3 11 10 59 6 33 8 48 7 12 9 76 2 91 0 87 1 98
8 71 14 29 7 82 6 36 10 51 0 43 1 90 12 55 9 92 11 45 2 64 13 21 4 40 3 64 5 30
9 19 7 70 0 83 2 77 12 53 6 22 8 96 10 84 3 46 14 30 4 70 13 2 1 2 11 14 5 54
5 50 1 63 6 92 10 39 7 27 2 67 0 63 3 35 11 36 9 39 13 19 8 66 12 10 4 55 14 79
1 57 6 3 5 7 12 9 10 64 8 67 2 30 14 1 4 61 13 63 3 82 7 61 0 59 11 16 9 75
10 35 11 57 14 83 6 62 9 99 1 40 5 41 2 83 13 74 8 17 0 83 3 4 4 50 12 76 7 41
1 6 14 19 10 50 7 57 6 31 9 1 0 47 4 63 3 49 2 47 8 73 13 91 5 69 12 13 11 29
12 19 6 81 4 52 2 35 5 57 3 63 13 35 1 41 0 21 10 23 7 4 9 93 11 38 8 41 14 98
13 45 1 38 7 65 9 60 2 50 3 20 6 10 11 19 5 97 12 76 14 76 0 37 4 80 8 93 10 80
8 43 3 37 5 34 9 74 14 93 7 82 2 65 13 51 10 98 1 59 0 20 12 15 4 88 6 98 11 83
0 45 4 16 13 42 14 35 6 47 12 1 1 27 8 91 9 45 7 55 5 91 11 50 10 42 3 92 2 74
14 29 8 24 3 94 1 59 0 51 4 47 9 21 5 27 7 55 13 49 6 41 11 22 10 58 2 44 12 21
12 55 11 91 3 39 0 99 1 13 14 91 6 81 9 23 4 82 5 69 8 92 7 46 2 8 10 65 13 82
6 10 12 82 3 55 8 8 11 16 5 31 4 94 14 62 7 60 13 19 2 91 0 73 9 82 10 69 1 66
7 45 13 42 4 64 9 95 10 25 1 84 0 3 3 33 14 14 2 84 11 76 12 86 5 66 8 51 6 29
3 29 4 56 12 97 5 49 10 76 9 40 8 23 7 24 14 13 2 65 1 80 11 15 13 71 0 90 6 63
13 59 3 29 8 16 1 82 14 24 5 15 12 55 0 14 11 81 10 30 6 82 2 22 7 52 4 76 9 84
