50 20
16 8 8 72 2 98 4 50 0 7 3 46 6 49 13 3 9 41 1 74 12 76 10 34 15 8 17 4 14 50 19 27 11 86 18 20 5 41 7 10
6 18 8 19 19 15 10 38 11 27 4 55 0 96 2 89 1 48 16 8 18 46 3 34 17 64 12 20 14 38 15 15 7 64 9 43 5 98 13 55
8 58 14 25 1 6 16 68 17 55 0 3 10 64 12 13 5 81 13 72 15 15 2 98 3 86 7 45 6 56 18 12 4 44 9 12 19 2 11 69
1 22 3 94 4 29 10 13 0 91 9 1 18 18 17 51 14 42 8 35 6 92 7 55 5 23 15 96 2 62 16 23 11 17 12 63 19 21 13 44
12 15 9 63 4 7 2 36 15 16 16 26 19 22 7 81 5 76 3 63 6 88 13 12 0 21 8 5 11 62 10 5 18 64 17 30 1 38 14 65
0 23 4 67 3 77 13 7 16 8 14 21 10 5 8 6 15 38 1 81 5 76 7 1 6 63 2 43 18 59 12 36 17 11 9 19 11 39 19 70
16 95 10 5 2 70 14 91 3 99 8 78 12 19 17 15 19 26 6 90 9 71 15 32 1 83 18 11 5 4 13 17 7 6 0 4 11 2 4 50
9 48 0 9 1 29 16 21 3 88 7 40 14 24 6 54 15 85 17 94 18 35 13 28 4 36 5 12 8 26 12 53 10 47 19 67 11 13 2 46
19 38 0 83 10 92 14 3 16 80 5 58 15 78 3 32 1 23 7 45 8 44 17 61 2 95 11 28 4 49 6 17 12 87 18 25 13 87 9 56
10 96 6 77 0 66 9 8 7 69 5 10 16 12 15 62 11 90 19 51 2 97 17 28 4 82 3 41 1 98 13 86 12 55 8 50 18 46 14 73
17 35 6 19 14 44 10 53 1 6 11 93 0 69 5 83 9 91 12 77 15 96 18 40 4 96 16 6 8 49 2 12 7 77 3 61 13 84 19 19
5 96 9 42 8 12 18 92 17 58 6 57 4 86 13 21 14 81 16 98 2 34 19 46 7 11 1 7 11 28 10 58 12 22 15 9 0 47 3 96
6 53 11 27 13 54 3 35 0 38 9 47 16 49 5 45 7 51 2 92 17 11 15 37 19 32 8 60 12 39 1 39 4 57 10 98 14 57 18 82
19 37 3 53 4 36 11 51 7 41 12 10 2 83 16 84 18 68 13 53 14 67 17 52 10 87 9 44 1 26 5 42 8 32 0 12 6 94 15 24
16 25 5 32 18 86 4 90 15 12 7 37 10 81 8 3 2 7 13 87 19 29 11 96 14 93 17 65 0 98 12 23 1 67 6 23 9 55 3 48
7 65 12 15 16 96 14 77 6 17 0 15 13 60 3 53 4 49 10 75 5 3 8 79 18 9 11 55 1 11 9 98 15 83 17 68 2 56 19 25
8 65 12 39 10 42 15 8 7 95 13 19 14 46 16 75 17 30 0 47 9 62 18 28 11 27 5 29 1 37 19 82 2 11 6 31 3 46 4 8
8 65 9 41 11 6 14 53 19 85 10 39 2 76 12 95 4 86 15 92 16 34 1 57 13 38 18 27 0 58 17 51 7 9 5 79 3 64 6 10
19 47 11 29 15 12 1 80 2 86 4 6 8 88 17 21 12 22 5 83 3 11 14 66 10 36 16 7 13 80 0 89 9 44 7 61 18 60 6 80
19 37 15 86 7 79 5 22 10 22 16 91 8 16 13 47 4 94 1 73 14 71 18 18 9 72 17 75 11 52 6 28 3 39 2 70 0 23 12 7
16 28 18 2 0 95 5 16 9 58 19 20 6 5 1 36 2 40 13 27 4 70 3 20 8 71 11 75 17 68 14 91 10 53 15 5 7 59 12 19
2 15 8 49 11 86 18 92 9 20 16 46 4 86 10 60 3 19 12 76 14 89 1 69 15 95 13 37 0 21 17 62 5 15 7 32 6 38 19 8
5 46 10 74 19 70 7 90 11 28 4 79 13 23 15 26 18 9 8 73 2 42 16 16 6 76 0 31 9 27 1 22 12 55 14 92 17 19 3 37
11 74 9 8 12 41 5 25 0 89 15 32 8 70 3 14 16 24 4 59 13 26 19 46 7 25 6 31 18 8 14 61 10 69 2 17 17 7 1 76
1 25 10 7 3 81 12 65 16 14 5 88 19 27 6 79 8 18 14 4 11 97 9 3 15 72 18 24 4 47 13 25 17 3 2 48 7 5 0 6
2 52 4 45 0 59 6 58 13 82 19 51 15 32 9 27 1 88 3 14 17 75 8 61 16 19 11 50 7 71 12 39 18 56 10 70 14 17 5 24
8 1 3 39 7 31 15 27 11 65 16 28 12 65 14 40 13 56 4 76 9 59 10 8 1 87 6 13 19 97 5 61 17 70 0 24 18 91 2 81
11 56 14 7 2 37 13 1 15 45 19 20 17 66 12 86 10 24 7 96 18 90 16 7 8 51 9 74 3 26 4 70 6 43 0 77 1 12 5 81
13 77 18 45 19 56 3 7 5 92 1 37 9 21 8 55 0 13 6 66 14 98 4 43 17 14 7 25 2 31 12 5 10 89 16 36 15 9 11 28
12 3 19 12 4 34 10 74 17 17 14 93 9 42 1 34 13 31 8 66 3 61 6 11 2 72 18 73 11 45 15 20 5 68 0 42 16 90 7 87
11 18 12 85 10 68 17 71 4 77 0 59 19 2 8 59 18 62 3 63 2 14 9 74 13 16 6 27 1 87 5 88 14 19 16 33 7 96 15 85
19 57 17 52 2 29 0 52 15 32 18 59 11 10 3 72 5 58 10 51 14 50 4 1 8 45 1 17 16 86 7 52 12 28 6 85 9 32 13 57
14 20 2 80 0 9 15 9 18 87 8 48 5 68 16 41 17 51 4 90 11 27 1 25 19 23 6 42 9 63 12 75 3 18 13 28 7 99 10 13
14 16 1 32 18 67 5 24 2 92 4 60 9 5 0 98 19 1 3 63 11 92 7 17 6 41 16 13 13 45 17 27 15 89 8 83 10 94 12 27
9 27 11 57 14 48 15 22 1 60 4 9 2 99 7 92 0 47 5 50 13 16 6 53 16 16 3 49 17 25 18 42 10 46 8 30 19 38 12 76
13 6 12 34 9 34 2 47 5 52 14 76 0 60 6 66 10 45 8 13 17 73 16 75 19 97 3 13 4 43 15 91 1 31 18 63 7 23 11 84
5 4 1 83 9 59 3 16 10 71 13 46 15 65 19 16 6 53 16 38 4 7 17 55 11 22 8 4 7 72 0 52 12 82 18 49 14 6 2 37
10 6 19 22 2 16 13 66 14 31 9 37 4 68 12 61 11 96 3 17 17 22 5 50 0 56 6 45 7 47 16 58 8 99 1 43 18 51 15 1
3 17 2 3 11 60 7 66 17 74 8 7 1 70 5 90 10 79 12 50 16 6 19 4 15 50 13 34 9 86 0 98 4 82 14 99 6 53 18 60
5 57 15 99 11 47 18 9 0 29 17 56 12 8 10 92 14 58 8 21 9 53 3 65 1 21 2 3 4 72 19 18 13 20 16 49 7 81 6 33
17 88 7 54 12 38 4 45 16 33 0 58 10 40 11 10 8 1 5 30 3 28 19 16 15 90 6 25 2 76 18 16 9 83 13 68 1 38 14 80
15 47 16 82 0 50 6 68 5 34 1 86 8 66 4 38 18 57 10 18 9 20 7 79 14 89 2 11 19 47 11 51 3 71 17 52 12 33 13 91
3 74 11 97 1 1 8 65 18 98 14 36 15 92 5 16 19 80 13 47 9 38 10 77 16 25 6 80 17 68 4 77 0 53 7 73 2 15 12 16
14 70 13 57 2 57 1 91 9 12 5 12 7 59 3 85 11 64 4 11 18 41 12 54 15 17 6 55 19 87 8 49 16 88 0 69 17 98 10 95
7 55 3 88 9 85 1 2 19 58 8 8 0 32 11 94 18 84 10 82 15 7 14 11 13 82 4 59 17 43 2 59 5 53 16 43 12 52 6 31
1 57 12 60 14 8 0 74 16 5 4 49 2 84 7 50 13 66 8 23 5 58 6 63 3 79 11 86 19 34 17 14 10 31 9 76 15 24 18 33
4 97 8 84 14 21 0 76 19 9 7 42 11 32 9 5 6 29 18 50 1 29 2 89 12 18 16 37 3 19 15 85 10 91 5 42 17 90 13 98
14 22 6 92 0 73 5 16 19 76 12 2 10 52 16 60 2 69 7 47 3 58 18 39 8 21 15 50 1 82 11 4 17 72 13 62 9 78 4 85
7 56 17 16 14 6 2 97 11 76 13 9 9 19 6 15 16 23 1 5 0 85 5 11 8 69 18 22 4 9 12 74 19 63 3 22 15 42 10 46
1 48 17 56 3 94 12 96 2 39 16 23 4 76 13 10 15 74 6 20 5 3 14 64 11 35 18 12 8 41 7 43 9 71 19 98 0 70 10 47
