50 20
9 13 5 97 11 14 1 45 17 98 8 79 15 17 0 84 3 28 14 13 13 65 19 96 18 98 16 10 6 10 7 26 10 48 2 27 4 3 12 43
18 67 7 49 6 2 8 29 2 90 11 15 19 4 5 15 13 95 16 55 1 16 14 20 10 26 15 40 0 84 3 25 9 82 12 71 4 22 17 92
6 18 15 85 7 88 5 51 17 60 19 17 16 16 2 79 3 63 13 41 8 82 1 93 18 96 14 92 11 99 12 76 10 49 0 47 9 64 4 13
6 1 5 44 9 29 17 75 13 27 15 29 19 75 4 68 11 93 0 58 7 16 18 10 2 43 12 67 10 47 16 3 1 56 3 43 8 55 14 84
13 49 7 23 14 55 18 49 19 74 8 74 17 73 12 60 6 91 0 47 3 20 1 50 11 4 2 24 4 85 9 37 15 11 16 38 10 99 5 78
19 91 8 49 16 51 18 27 9 43 14 55 12 89 15 36 4 41 0 98 5 48 7 29 3 61 2 56 13 39 17 5 11 88 10 58 6 71 1 86
2 93 15 98 16 79 17 28 18 37 19 87 5 46 12 46 0 54 9 80 4 83 6 72 1 66 8 54 3 48 10 19 13 56 11 69 14 33 7 23
4 47 12 18 7 39 8 76 13 61 17 23 9 15 14 74 6 87 11 37 5 60 16 67 19 34 3 61 2 30 18 69 10 2 15 76 1 82 0 82
12 56 15 23 14 69 0 39 10 82 17 69 9 50 1 56 5 19 3 57 4 10 7 4 6 21 11 91 13 81 2 44 18 22 19 24 16 40 8 21
6 4 2 15 14 96 11 7 13 78 19 39 10 1 16 47 7 56 17 45 9 89 3 8 18 37 4 30 5 12 0 40 12 60 1 12 15 28 8 79
6 65 0 69 4 36 8 8 15 53 11 39 5 74 17 66 18 70 9 60 16 72 13 41 12 9 3 61 7 10 19 93 10 17 1 50 2 76 14 28
1 60 5 79 2 22 9 59 17 33 16 68 11 26 8 26 7 64 15 84 4 55 14 86 0 87 12 85 13 31 10 81 18 5 19 67 3 14 6 29
19 49 11 73 7 86 14 53 2 63 3 47 6 13 5 38 13 55 8 83 15 80 16 86 17 92 12 3 4 5 0 93 9 58 10 14 1 51 18 64
3 41 1 48 8 95 5 36 14 64 12 17 13 69 19 42 6 91 7 4 2 30 11 41 9 48 15 60 18 9 4 96 16 1 10 2 0 68 17 66
0 94 12 35 15 98 4 32 18 2 9 98 7 72 16 89 2 94 19 77 5 26 14 32 17 13 3 47 8 22 1 54 6 56 10 40 13 88 11 52
19 13 4 68 14 2 16 58 13 46 7 57 9 58 1 99 8 12 11 70 10 71 0 36 3 42 2 43 5 60 17 72 12 95 15 45 18 92 6 65
19 91 3 51 8 92 15 75 16 6 6 63 10 10 7 28 11 26 12 41 2 86 17 28 1 60 5 39 0 88 18 38 13 23 4 60 9 62 14 86
12 77 6 77 9 96 10 52 3 30 8 61 2 93 13 34 1 20 16 67 5 68 7 74 19 10 4 74 14 97 18 79 0 11 15 3 11 24 17 46
18 28 14 76 19 72 7 5 16 41 11 17 10 78 3 38 2 63 13 40 1 17 6 39 12 32 17 2 8 78 15 27 9 82 5 19 0 53 4 18
2 56 12 17 14 32 10 34 1 9 19 60 3 72 15 66 9 22 17 79 8 8 0 20 6 19 5 36 13 86 7 10 11 98 4 5 18 39 16 88
6 85 5 25 11 29 13 53 14 38 0 32 19 71 2 25 16 66 10 91 7 85 17 25 4 5 1 8 18 26 3 26 12 58 8 27 9 74 15 22
2 95 11 95 15 17 18 35 7 42 3 59 12 59 9 73 8 18 16 42 5 33 13 4 19 45 4 18 10 92 6 64 17 44 0 28 14 88 1 56
12 92 1 32 11 79 2 40 13 48 17 61 0 78 6 45 7 92 15 69 10 22 18 26 16 94 8 41 9 96 5 59 3 45 4 88 19 80 14 3
0 35 12 14 16 59 13 99 15 45 7 83 1 58 8 26 11 47 4 70 10 73 19 39 5 45 17 70 6 35 9 42 14 63 18 67 2 23 3 66
4 29 3 50 17 10 10 60 19 35 14 55 1 18 6 84 18 1 12 60 2 98 8 65 5 69 9 32 0 32 16 48 11 20 15 30 13 22 7 68
15 63 2 41 0 20 18 13 3 50 5 82 10 56 8 19 7 34 14 29 12 35 16 30 19 8 13 76 6 94 9 13 4 4 1 34 11 93 17 83
19 1 12 29 3 35 7 6 4 7 11 65 18 35 13 77 9 36 16 74 10 62 15 55 8 80 14 7 5 94 1 53 0 43 6 19 2 42 17 44
15 81 18 36 19 58 6 31 16 35 5 41 3 17 2 22 11 11 12 45 8 25 17 30 13 75 14 44 0 53 9 13 7 38 10 12 4 62 1 86
11 78 7 99 15 90 6 87 3 1 19 51 17 81 18 95 4 97 1 97 9 45 16 15 13 69 12 57 10 93 0 85 14 12 5 84 8 3 2 98
15 69 17 60 11 70 8 75 19 55 18 37 6 40 7 63 12 65 5 26 2 85 14 6 0 94 10 19 4 75 1 92 9 4 3 37 13 48 16 31
2 10 6 16 13 18 0 62 1 46 18 46 16 32 14 15 7 47 9 11 8 43 11 82 17 54 4 91 19 47 5 28 10 40 3 63 12 8 15 26
2 67 6 72 4 90 16 7 1 50 5 36 10 64 9 66 0 38 15 58 7 87 13 23 11 96 12 81 17 71 8 96 3 22 14 97 19 88 18 66
19 13 3 40 18 97 9 25 14 23 0 86 16 80 8 38 5 26 11 67 4 17 10 95 2 89 12 87 7 21 1 43 13 87 17 76 15 5 6 12
1 25 14 19 5 46 17 25 3 92 19 40 7 70 0 64 6 20 8 98 4 37 18 99 13 28 12 63 15 29 9 44 2 97 16 56 11 1 10 29
4 22 7 75 17 86 3 45 6 29 12 9 9 21 2 39 14 48 8 30 19 6 15 87 16 77 11 1 5 12 18 26 13 27 1 27 0 62 10 51
14 42 0 11 15 43 13 42 3 11 19 4 5 38 11 87 4 44 12 76 10 42 18 45 9 64 1 6 8 90 6 89 17 63 7 40 2 34 16 76
7 25 12 63 13 38 8 85 19 22 9 30 3 12 5 21 6 71 1 58 16 49 18 58 4 93 14 98 10 70 15 42 0 50 17 68 11 2 2 96
7 88 8 26 16 7 14 50 2 52 4 90 19 95 15 63 1 93 0 44 12 60 3 64 10 55 9 89 6 67 17 58 5 5 18 25 13 8 11 74
8 8 3 66 13 26 5 1 14 11 7 94 15 78 4 18 9 66 10 27 6 83 16 10 1 74 2 21 18 99 0 7 17 84 19 72 12 6 11 45
11 76 8 97 5 59 19 67 15 44 13 79 7 17 10 39 14 64 16 99 0 45 3 36 4 77 18 23 6 93 1 16 12 36 2 4 17 19 9 3
5 91 6 6 9 1 1 13 18 73 16 5 12 83 3 98 13 4 10 54 0 67 17 9 2 36 8 47 19 12 7 58 14 96 11 29 15 23 4 85
8 72 14 35 6 92 19 16 17 50 3 10 13 8 1 30 11 55 5 57 12 43 2 2 15 68 0 55 16 30 7 91 18 66 9 7 4 35 10 81
15 43 9 10 3 25 8 17 13 68 19 39 4 43 2 63 17 11 12 17 14 60 18 43 5 37 1 48 16 83 7 70 10 39 0 54 11 47 6 10
7 86 8 75 14 10 1 68 3 22 5 2 16 8 11 65 9 41 13 20 6 84 15 41 18 53 4 75 0 19 17 19 19 94 2 67 12 65 10 58
10 73 13 91 6 52 0 60 18 98 1 89 2 45 11 20 17 85 4 34 12 74 14 39 15 42 7 97 8 72 5 85 16 21 9 95 19 50 3 61
4 41 7 8 15 52 3 33 10 29 9 33 16 89 0 96 13 17 1 22 17 64 2 70 11 48 5 63 12 43 19 38 8 73 18 89 14 1 6 43
7 98 18 98 16 27 14 9 5 10 6 34 9 94 11 75 19 66 15 27 1 58 0 58 17 2 4 79 8 55 12 14 10 72 3 39 2 58 13 54
13 35 4 93 7 41 6 60 14 45 19 92 11 2 16 86 17 63 12 68 0 40 2 83 1 46 15 24 3 17 10 88 5 22 9 52 8 55 18 33
0 58 13 50 1 91 12 96 14 8 10 45 18 84 16 6 17 89 15 90 8 2 7 83 9 47 4 49 11 97 3 71 19 23 5 99 6 9 2 51
6 14 15 42 14 99 9 33 17 69 2 11 13 23 12 75 4 8 3 46 16 74 11 93 10 69 0 38 18 64 7 48 1 57 5 17 8 79 19 27
