50 20
12 37 18 48 3 4 6 38 11 95 1 18 9 79 13 35 17 9 10 67 5 99 2 71 4 69 14 74 16 22 15 31 8 34 7 3 19 49 0 76
5 12 17 85 11 31 0 90 14 12 7 88 1 52 4 42 15 65 19 10 2 3 10 59 6 52 16 61 18 67 3 28 12 44 13 12 8 13 9 34
5 92 8 13 7 69 11 27 15 49 0 41 19 17 13 91 14 94 2 69 3 53 6 58 9 2 16 21 10 60 1 70 17 14 18 4 12 68 4 67
2 34 0 33 4 94 11 39 15 1 18 89 8 59 10 4 6 87 5 34 14 89 9 46 3 50 7 70 1 25 17 33 16 46 13 46 12 66 19 66
9 66 7 42 14 55 15 63 3 98 1 80 2 91 8 87 10 91 18 64 4 63 11 84 19 10 5 26 0 48 16 75 17 55 6 32 13 15 12 37
9 68 3 11 19 49 1 31 13 51 11 71 16 55 18 17 10 67 7 38 4 35 15 13 0 79 12 63 14 60 5 1 8 23 6 17 17 55 2 90
15 37 19 93 2 45 1 68 18 87 14 92 16 73 8 49 12 82 6 60 11 25 17 68 0 95 5 23 3 86 7 91 4 9 9 46 10 50 13 37
13 89 9 31 0 43 11 82 6 66 3 86 10 70 19 8 7 17 17 89 14 23 2 99 16 15 1 24 8 63 5 10 4 54 15 80 18 55 12 32
17 99 10 6 11 3 16 55 3 65 8 99 7 20 4 5 12 57 14 40 2 65 9 75 1 9 19 12 5 48 15 7 6 4 13 12 18 5 0 60
4 56 12 34 2 88 16 42 8 75 5 99 6 38 11 84 1 37 18 89 15 94 10 79 19 47 0 78 17 76 3 74 7 85 13 53 9 69 14 28
7 21 17 30 0 38 15 97 4 73 14 94 1 21 12 29 13 93 8 76 6 33 19 62 16 86 5 70 11 88 2 5 18 48 10 22 3 50 9 16
3 1 2 84 18 87 19 17 6 12 8 14 0 55 4 59 11 37 17 8 1 94 15 24 14 55 10 23 7 17 9 33 13 30 16 39 5 79 12 76
16 60 3 14 0 31 1 74 6 51 18 46 5 2 17 60 10 59 4 3 19 79 11 95 14 84 7 24 2 95 8 53 12 63 15 9 13 96 9 90
19 92 10 1 11 54 2 7 6 61 1 91 18 19 7 58 3 24 16 9 12 19 8 31 5 97 17 54 13 33 4 2 14 80 0 18 9 58 15 10
9 61 10 49 12 82 18 87 1 58 5 90 14 50 16 33 11 51 17 54 8 89 19 44 3 26 6 87 2 40 7 49 4 14 0 90 13 92 15 89
3 85 10 72 9 44 13 95 5 94 17 53 7 64 8 32 16 53 11 80 1 8 2 13 0 26 19 76 6 79 14 9 18 42 15 71 4 16 12 66
7 87 18 50 9 86 0 8 17 48 2 85 11 95 19 88 15 3 8 35 14 61 10 88 5 45 16 29 6 87 1 62 13 78 3 41 12 68 4 78
6 89 2 63 19 19 7 93 5 85 18 87 17 23 13 96 16 26 0 91 4 97 11 30 14 1 8 80 1 26 15 79 10 8 12 52 3 64 9 98
16 63 9 95 6 16 5 31 4 47 0 32 10 53 18 21 14 53 17 23 15 84 13 22 11 16 19 75 8 63 2 39 12 56 1 82 7 74 3 71
16 56 2 64 5 7 10 71 13 95 18 91 14 23 7 77 11 18 8 18 19 79 4 63 15 68 0 11 9 19 6 88 3 82 17 90 1 15 12 74
12 54 11 71 1 63 6 62 16 96 3 65 19 1 17 28 10 83 14 67 5 75 18 89 2 48 15 12 13 29 0 4 9 15 4 6 8 97 7 79
6 23 4 79 15 33 17 48 11 12 12 96 9 30 16 28 10 87 19 83 13 43 3 28 7 6 8 14 14 24 2 42 5 4 1 39 18 63 0 45
7 41 16 76 4 81 10 70 5 71 18 92 12 95 13 58 14 6 6 57 2 99 17 11 0 24 15 75 8 42 9 96 3 1 11 35 19 65 1 93
8 95 19 95 13 90 9 31 15 54 3 15 6 88 12 31 11 92 1 39 17 74 5 85 0 75 14 93 18 49 16 59 7 77 4 14 10 84 2 13
18 97 6 57 11 16 8 11 2 46 13 17 19 83 7 66 10 41 0 6 14 59 4 46 15 26 9 54 1 22 12 96 16 21 5 55 3 62 17 15
14 34 7 30 2 75 19 56 3 55 13 24 8 75 9 77 18 75 17 7 1 1 11 35 10 59 15 70 16 33 0 91 4 23 6 81 12 41 5 47
10 81 14 86 18 62 16 47 15 53 8 8 12 18 11 31 4 14 19 41 0 26 2 64 9 56 6 33 7 89 1 49 3 24 17 34 13 46 5 30
10 35 8 54 16 60 11 64 2 54 14 68 19 67 3 12 15 49 18 89 9 42 13 32 7 47 4 73 6 39 0 64 1 45 17 21 12 80 5 94
19 2 13 20 17 43 18 48 12 38 5 89 16 81 10 24 0 89 9 76 7 3 2 3 4 72 1 39 3 82 14 76 11 19 6 51 15 86 8 21
4 84 8 47 1 78 15 67 5 49 19 51 12 55 7 25 0 3 9 89 3 42 10 77 16 76 14 38 11 71 17 11 6 97 13 29 18 19 2 34
7 30 19 90 3 45 18 74 5 59 2 34 14 97 10 65 6 22 17 73 11 67 1 42 8 67 15 22 9 75 16 75 0 39 4 32 12 60 13 83
2 49 11 7 9 48 4 56 5 44 3 61 19 44 13 1 12 18 15 45 17 77 16 54 10 34 7 45 18 74 1 63 8 33 6 71 0 89 14 21
10 72 4 82 0 2 2 31 6 6 15 60 3 43 14 79 7 1 17 1 8 56 12 37 16 78 11 57 9 16 1 39 5 7 19 49 13 90 18 67
15 50 6 8 19 61 11 88 17 64 9 36 18 89 0 86 8 22 10 45 7 24 14 16 1 67 16 59 13 26 5 87 12 1 2 82 3 22 4 32
9 37 12 35 2 63 19 43 5 89 11 66 14 34 8 68 3 48 6 44 10 12 17 64 13 1 16 92 7 94 4 34 1 25 15 65 0 89 18 55
4 60 18 75 12 93 3 39 0 1 16 54 15 52 10 22 13 45 14 13 8 39 5 24 7 94 1 47 6 12 2 43 9 16 19 45 17 34 11 96
10 82 14 73 16 12 5 96 17 40 6 44 4 53 13 69 3 30 7 84 19 87 0 56 15 87 8 12 9 92 1 90 2 72 11 87 18 84 12 27
1 87 6 48 18 47 19 65 7 24 13 97 14 20 3 1 0 18 2 94 5 12 15 70 16 29 9 26 11 82 17 76 8 61 4 80 12 37 10 42
6 86 11 12 0 11 5 37 8 24 4 40 12 17 2 65 9 26 16 50 19 58 13 43 14 39 18 68 3 93 10 23 1 16 17 48 7 46 15 27
14 91 4 29 15 25 9 51 5 60 17 14 3 13 1 80 8 8 19 22 18 76 11 50 13 90 12 33 10 13 0 68 7 81 2 40 6 93 16 45
17 71 10 77 5 92 19 77 16 64 1 26 6 72 13 43 0 69 7 18 14 43 15 24 4 40 18 41 8 35 12 71 11 69 2 67 3 96 9 67
3 9 0 71 16 61 7 62 19 30 15 43 12 63 5 3 17 37 6 57 10 38 4 65 2 77 8 5 1 79 14 13 18 91 9 28 13 47 11 34
16 99 10 45 11 63 13 9 17 40 14 60 5 48 19 61 7 52 1 29 2 22 0 9 12 3 8 36 6 49 9 92 18 57 3 86 4 75 15 56
12 62 9 29 6 90 7 72 11 91 8 18 18 54 3 44 13 67 5 89 15 48 10 69 4 79 2 17 17 42 14 9 16 68 1 94 0 42 19 66
4 36 9 27 19 34 0 12 5 20 3 13 13 75 11 85 6 79 1 95 7 25 14 48 18 94 16 43 12 66 8 16 15 21 17 33 2 58 10 53
2 10 7 65 1 80 13 9 0 69 17 39 16 29 14 86 9 87 18 3 11 20 3 91 10 69 15 1 19 79 8 29 12 4 4 7 5 31 6 9
6 21 15 87 10 27 16 75 4 61 7 90 19 93 17 83 8 18 5 59 12 83 13 68 14 43 11 8 2 81 18 21 1 8 0 50 3 69 9 54
8 26 9 88 10 41 7 8 16 30 6 5 15 67 17 44 19 4 0 98 5 31 14 39 3 9 11 94 4 87 1 36 2 92 12 90 18 31 13 85
14 44 4 29 3 87 13 15 19 97 0 21 9 4 11 61 7 87 2 47 5 29 1 34 18 51 10 33 12 91 17 24 16 63 8 96 6 2 15 14
7 6 2 49 3 24 10 7 6 24 15 73 4 68 16 31 18 87 8 40 13 6 0 83 1 42 5 4 9 75 12 87 19 92 11 13 14 86 17 76
