50 20
10 21 0 42 4 76 9 99 19 80 14 73 1 95 3 50 11 14 12 63 17 45 16 5 7 64 2 99 15 55 5 4 6 11 13 21 18 65 8 39
4 90 7 96 17 99 8 30 5 59 14 3 1 19 11 81 2 87 6 22 19 75 18 21 0 52 16 60 3 43 10 36 9 16 13 44 15 80 12 86
17 3 11 43 16 76 15 96 14 76 8 91 9 16 13 99 0 2 2 74 18 53 3 87 4 22 6 38 5 73 12 82 10 79 7 52 19 13 1 5
4 18 8 8 2 69 14 25 11 56 12 23 5 11 19 82 6 32 13 96 18 88 1 96 16 84 10 68 17 63 3 38 15 61 7 8 0 72 9 80
12 1 0 49 7 59 15 54 16 14 8 30 9 80 4 77 2 27 1 15 17 33 5 28 3 40 13 57 11 88 6 41 19 39 18 24 10 8 14 80
6 16 11 64 16 17 9 39 2 69 15 73 19 73 14 73 17 71 1 40 13 22 7 5 12 32 10 19 18 28 4 59 8 60 3 62 0 44 5 38
13 9 19 61 10 22 12 75 17 20 15 20 1 71 11 11 18 47 0 35 4 90 2 47 6 59 7 2 14 92 9 56 5 89 3 30 8 47 16 22
7 38 5 3 6 54 4 25 14 40 1 32 8 61 2 57 12 86 19 80 10 85 9 41 16 25 17 85 11 30 15 19 0 28 18 10 3 83 13 34
18 74 12 38 19 55 9 40 13 68 6 62 2 77 11 13 15 22 10 16 0 91 8 68 7 55 4 10 1 53 17 94 14 13 5 96 3 87 16 32
11 43 16 69 15 70 5 43 14 95 18 25 17 40 6 46 2 66 4 59 12 96 9 73 10 63 3 20 8 6 0 14 13 15 1 28 7 95 19 17
8 40 10 8 2 66 0 93 1 26 15 44 18 98 16 75 4 27 9 21 5 32 14 54 12 61 13 17 6 81 7 26 3 89 17 66 11 79 19 49
15 21 19 98 7 96 18 2 3 33 14 3 11 51 5 60 6 5 8 64 12 44 10 76 4 63 2 46 9 40 1 71 17 29 16 97 13 5 0 61
16 98 3 93 0 10 10 48 7 69 15 29 19 65 5 51 4 27 18 47 13 19 11 58 14 99 12 41 9 71 17 90 1 39 6 24 2 99 8 21
16 39 3 22 17 37 19 54 6 20 13 98 8 74 5 40 0 66 7 43 1 91 9 81 14 83 11 67 2 16 4 7 10 39 15 2 12 76 18 68
3 66 4 32 9 35 17 92 2 50 7 40 16 95 14 97 12 26 10 95 13 71 0 46 5 59 11 14 6 56 15 85 8 34 1 46 19 15 18 27
2 30 12 50 15 25 17 3 11 8 1 76 14 75 3 30 7 18 8 30 9 76 5 68 13 52 18 2 6 17 4 62 0 60 19 56 10 90 16 66
6 17 18 84 4 14 5 22 12 94 3 35 2 65 17 49 0 85 1 11 9 63 19 2 8 79 11 58 7 74 16 37 10 17 14 75 13 98 15 29
12 6 15 57 6 62 0 32 11 21 3 80 7 68 16 76 2 15 19 55 10 12 9 82 13 25 14 75 18 60 17 2 1 95 4 48 8 56 5 2
10 88 16 86 2 62 0 52 9 3 18 53 17 89 19 67 1 24 6 41 14 12 8 92 7 4 12 56 11 75 5 12 13 58 15 86 4 16 3 88
1 48 8 59 15 17 4 50 7 68 0 34 6 82 19 40 14 92 11 98 16 87 3 87 12 61 2 7 9 44 10 23 17 86 13 51 18 90 5 89
17 54 6 45 5 9 4 56 7 66 19 2 2 78 12 98 16 82 11 34 18 31 8 43 13 45 0 62 3 3 9 56 14 20 15 67 10 82 1 21
2 40 11 85 19 89 1 75 12 20 9 30 4 68 7 81 14 80 3 37 15 90 18 88 8 11 0 51 17 37 10 74 16 82 5 11 6 13 13 89
3 13 6 36 5 39 11 9 16 8 17 63 19 12 15 8 0 38 7 49 1 71 8 53 18 24 13 48 10 33 4 91 2 57 14 14 12 31 9 26
9 88 17 14 13 30 11 73 10 68 15 20 19 72 1 9 2 73 14 16 16 17 3 82 7 21 12 5 6 50 8 25 0 30 5 22 18 88 4 74
19 72 7 80 2 59 13 78 10 6 14 27 17 24 15 44 0 49 3 25 6 8 4 4 18 2 11 35 5 96 16 53 8 73 1 73 9 26 12 90
19 86 17 52 3 15 12 13 13 18 15 25 16 73 14 68 10 28 8 18 2 14 4 87 9 68 1 70 7 5 0 91 18 71 6 98 5 2 11 95
19 85 10 68 14 12 0 91 16 50 2 36 9 57 7 13 4 34 6 65 5 74 18 47 15 34 13 77 11 93 8 48 17 93 1 40 3 50 12 4
10 97 4 72 0 9 6 53 18 90 9 20 16 89 2 58 3 96 8 65 13 65 17 45 12 76 1 73 5 58 11 29 7 29 15 23 14 82 19 47
16 17 12 71 9 67 4 39 19 89 2 9 8 56 17 27 0 59 1 19 10 83 7 93 6 34 15 79 14 30 3 72 18 77 5 16 11 45 13 54
13 87 4 60 3 63 17 36 18 28 9 66 7 13 8 67 19 7 15 41 14 57 16 76 2 67 6 89 12 95 10 23 11 81 5 51 1 77 0 86
9 36 19 18 11 56 6 28 8 41 17 59 7 79 1 75 12 71 2 81 5 64 14 35 3 47 10 48 16 43 0 61 13 67 4 59 18 59 15 58
2 92 10 48 3 77 19 90 4 8 5 15 12 3 0 23 9 37 15 74 13 55 7 52 6 69 8 13 1 29 14 91 11 22 17 18 16 78 18 5
14 36 15 56 0 78 6 17 9 80 13 27 18 79 19 94 17 50 2 19 11 80 3 85 8 19 10 88 7 26 4 80 5 24 1 2 12 55 16 61
15 39 8 61 0 12 4 90 11 6 1 61 19 97 6 59 17 12 5 19 18 33 13 83 7 97 16 40 2 42 12 26 9 35 3 11 14 7 10 46
4 93 2 71 11 57 18 84 7 35 17 44 5 21 3 44 10 60 19 2 12 82 16 79 1 63 6 27 13 25 14 35 8 10 15 14 9 22 0 31
12 75 4 83 18 3 2 81 11 46 6 24 1 96 5 38 19 34 9 8 7 20 15 77 13 78 3 33 0 29 8 57 14 39 10 67 16 69 17 20
19 1 9 54 4 87 15 87 18 84 7 95 12 36 16 9 6 13 8 99 2 69 14 58 1 87 13 54 0 6 5 89 17 19 11 78 3 52 10 20
4 73 17 65 14 42 13 70 3 4 18 2 19 59 2 18 0 7 10 80 1 12 15 80 6 46 8 12 16 3 7 74 5 19 12 2 9 88 11 8
8 86 16 17 1 2 9 97 11 77 12 95 18 69 17 69 13 32 6 23 3 74 14 84 10 95 4 21 7 81 19 6 5 97 0 77 15 70 2 77
2 90 11 95 5 77 4 13 19 28 3 33 16 24 6 36 18 79 8 9 12 83 10 90 13 14 9 29 15 79 0 62 1 70 17 68 7 91 14 80
5 79 6 55 12 58 15 18 18 59 7 20 4 56 11 95 3 72 8 67 0 96 14 52 2 69 19 12 1 47 16 78 13 49 10 42 17 13 9 60
5 31 18 28 6 29 16 67 15 58 13 74 19 99 1 63 8 61 4 20 0 59 2 82 10 62 3 10 14 37 7 17 9 51 12 53 17 58 11 24
19 74 0 28 17 54 9 60 4 55 2 36 14 13 18 48 5 9 3 23 6 24 11 86 16 6 1 18 15 32 12 35 10 54 7 42 13 46 8 32
10 37 6 37 12 88 11 65 17 67 14 96 16 95 13 83 8 23 7 8 5 67 9 27 0 66 19 34 4 91 2 37 3 59 18 15 1 90 15 94
10 97 5 58 6 42 11 94 8 40 1 91 7 26 16 20 3 44 19 15 15 52 14 62 13 52 0 48 17 9 4 2 12 96 2 66 18 46 9 60
8 86 0 27 15 26 5 86 3 4 18 66 13 62 2 28 1 86 9 42 12 12 4 56 16 2 7 49 14 77 17 87 11 84 10 93 6 84 19 55
7 52 13 18 3 1 12 91 4 61 2 60 16 9 11 76 10 64 1 99 0 28 15 96 17 51 5 67 19 69 14 55 8 28 9 41 6 66 18 40
0 75 2 24 7 85 13 44 10 89 14 58 3 31 5 41 19 60 1 54 12 79 18 93 4 89 15 13 8 16 6 25 11 30 17 56 9 83 16 31
3 34 7 56 6 97 14 35 18 82 5 15 8 57 11 83 17 21 16 54 12 71 0 80 10 78 4 49 19 91 2 37 15 67 1 5 13 81 9 43
16 74 8 1 6 12 7 97 10 29 0 52 18 23 9 85 13 72 19 67 11 73 14 83 12 50 15 20 17 62 3 46 2 92 1 74 5 67 4 37
