50 20
14 59 11 15 13 60 15 6 10 84 6 4 12 64 9 41 0 18 19 3 5 73 8 11 16 17 18 53 4 16 7 82 17 98 1 1 2 63 3 43
11 83 16 25 5 30 12 44 2 63 7 58 17 56 15 82 18 49 14 68 8 36 1 78 6 21 13 98 10 77 3 31 19 60 9 88 0 84 4 77
17 52 7 77 4 82 3 39 9 81 12 71 2 69 18 30 15 1 13 5 0 85 5 72 10 25 19 19 1 80 14 26 8 3 6 13 16 27 11 34
3 5 18 55 17 71 0 70 11 57 5 13 6 45 10 14 19 74 14 74 12 23 13 27 9 32 15 45 2 63 16 98 4 88 7 38 8 38 1 33
11 53 5 2 18 98 10 26 6 88 14 55 2 89 16 41 12 15 3 64 0 16 17 62 4 77 1 22 15 5 7 54 19 35 8 12 13 61 9 13
15 5 12 5 14 93 18 5 1 24 13 1 7 2 2 16 9 94 16 23 0 9 8 13 11 73 4 88 17 28 10 28 6 68 3 54 19 30 5 52
2 47 15 77 16 4 14 30 8 1 11 16 5 18 13 1 0 52 18 67 4 16 10 63 12 81 3 52 7 58 19 68 1 24 6 22 17 14 9 23
9 88 1 34 19 91 11 72 13 94 5 81 17 36 3 81 14 78 15 16 10 69 2 43 6 50 4 8 0 40 7 23 16 94 8 52 12 10 18 36
0 33 17 48 2 56 7 71 12 42 3 16 8 9 9 91 5 95 16 65 6 48 13 51 18 19 19 38 4 81 1 12 11 50 14 65 15 13 10 40
17 62 16 93 8 77 14 32 15 39 2 72 19 22 18 16 6 54 10 47 4 78 3 78 13 83 12 30 1 23 7 91 0 95 9 15 11 81 5 10
16 59 1 30 9 51 12 30 3 1 5 38 10 77 19 97 18 30 6 82 11 41 17 21 2 34 14 25 7 90 0 26 4 30 8 29 13 26 15 6
19 40 4 26 0 99 1 95 15 59 9 71 6 53 18 56 2 97 11 5 16 65 7 78 10 8 14 16 3 72 13 65 17 14 12 13 5 56 8 85
10 32 3 2 0 99 9 60 18 20 12 51 17 53 15 83 19 43 16 29 14 47 1 62 6 20 13 60 7 81 2 49 4 55 11 40 5 71 8 64
17 57 2 85 18 31 10 7 7 21 0 59 16 39 12 29 5 72 15 30 11 40 4 62 6 61 9 55 13 4 3 24 8 77 14 98 1 7 19 61
5 60 1 57 4 93 18 21 11 82 14 63 12 99 16 70 13 76 15 17 7 2 10 73 6 46 8 81 3 82 0 7 9 93 2 70 19 63 17 80
5 85 9 94 8 65 1 3 6 53 18 76 7 37 17 84 2 54 12 3 10 40 14 43 11 83 3 15 16 95 15 11 13 39 0 15 4 67 19 30
12 84 6 88 11 50 10 87 3 74 7 8 17 79 18 84 2 44 16 6 1 92 4 52 13 30 0 39 19 73 8 26 5 60 15 55 9 64 14 26
8 86 17 60 1 54 13 27 3 75 14 57 9 28 10 82 4 93 5 71 2 21 18 6 19 55 0 37 12 28 7 83 15 68 11 51 6 54 16 51
2 19 18 8 4 5 14 83 19 19 10 48 1 98 15 42 0 82 16 49 3 53 5 21 13 37 11 99 8 12 6 84 12 80 9 76 7 13 17 38
13 92 18 40 8 91 14 7 9 17 6 61 1 88 12 24 10 19 0 13 17 70 19 49 5 76 7 64 16 42 15 67 3 3 4 84 2 97 11 2
10 16 0 67 5 60 15 20 2 4 13 47 11 27 8 58 4 40 1 2 18 72 6 15 7 24 19 70 16 43 12 21 17 50 9 26 3 46 14 56
14 22 12 24 11 65 4 90 3 11 9 1 15 7 5 83 2 59 8 32 18 1 6 49 13 8 16 29 1 38 0 24 10 35 7 81 19 91 17 31
3 84 12 23 14 73 5 22 2 32 10 96 1 81 0 82 11 85 17 26 19 91 16 11 15 32 4 95 6 89 7 71 9 78 18 96 8 30 13 57
8 54 5 53 14 46 10 53 4 9 15 39 2 68 11 63 6 85 9 22 17 71 12 7 19 37 7 5 3 77 0 76 1 82 13 16 18 90 16 76
4 75 14 53 12 52 11 44 18 73 8 8 17 59 7 60 3 82 10 90 6 23 0 83 9 64 5 84 15 88 1 64 19 18 16 25 13 18 2 42
3 98 2 3 11 42 19 70 8 11 18 87 16 5 17 84 4 62 9 81 1 42 12 38 13 69 7 60 14 82 10 78 6 44 0 45 5 44 15 24
15 57 14 22 8 13 1 85 16 26 3 34 18 14 5 64 17 3 9 51 6 5 11 58 0 59 4 53 12 18 19 64 2 48 7 57 10 93 13 78
2 78 11 76 7 46 18 65 3 85 10 48 16 50 9 40 14 61 6 51 1 87 13 90 5 30 0 99 15 3 17 36 19 4 12 66 4 48 8 34
18 85 15 18 12 39 7 40 9 44 19 28 14 3 1 45 10 15 6 19 3 45 11 51 8 7 5 96 0 43 16 7 17 69 13 6 4 63 2 24
12 34 6 54 15 73 8 41 2 11 1 27 19 3 7 11 3 29 17 53 0 38 14 30 9 54 11 12 4 29 18 67 13 5 16 78 10 90 5 55
0 9 6 70 5 63 1 19 7 44 4 39 11 63 2 90 8 51 14 88 16 15 9 96 13 37 10 98 17 29 19 25 3 53 15 97 12 66 18 84
8 20 18 92 9 63 13 37 12 29 14 91 17 27 2 69 4 74 15 95 7 14 11 17 3 98 16 89 10 44 19 98 0 57 5 89 6 54 1 53
7 74 13 18 0 9 8 16 16 4 9 21 2 42 17 38 4 35 3 80 6 48 15 28 14 42 18 88 19 55 12 16 10 55 11 98 1 66 5 42
2 35 8 14 7 92 5 86 6 34 1 35 15 60 13 7 12 9 17 18 19 29 14 95 4 44 0 44 10 25 9 23 18 23 3 58 11 30 16 81
10 89 3 19 11 45 19 33 9 46 16 31 1 63 7 30 15 46 6 67 18 72 5 49 0 9 13 44 8 23 17 63 14 73 12 67 2 11 4 33
9 32 15 49 8 27 14 37 13 19 17 60 2 9 0 22 6 4 1 25 7 97 10 97 5 95 11 55 16 22 3 67 12 11 18 50 4 40 19 77
10 22 7 18 19 98 17 38 3 16 5 14 6 41 0 94 16 37 2 94 8 79 14 9 18 24 1 68 9 11 15 97 12 74 13 79 4 86 11 60
4 76 1 20 10 63 3 4 14 4 6 8 0 61 18 62 11 56 13 11 5 68 7 50 17 15 15 38 9 5 16 91 19 16 12 6 2 26 8 41
0 2 2 63 19 23 15 48 13 76 12 48 5 49 11 15 1 55 3 15 6 47 9 4 4 14 16 43 18 95 8 29 14 55 17 44 10 17 7 77
6 55 17 10 0 70 2 76 16 88 9 85 18 73 11 22 14 21 12 1 3 56 4 60 15 50 19 18 10 78 13 75 1 36 5 81 7 97 8 41
5 45 13 55 4 45 12 68 3 34 16 75 0 25 14 4 15 37 18 32 11 63 7 12 8 76 10 59 19 40 9 28 6 45 17 59 1 1 2 35
7 55 13 8 19 19 6 15 12 41 9 38 11 59 17 80 0 13 16 58 10 61 4 82 1 4 8 13 15 88 2 62 14 71 3 80 5 74 18 15
0 29 1 98 19 10 2 22 16 29 14 24 5 28 10 21 15 44 18 94 9 38 8 59 11 36 13 26 17 20 4 85 7 32 6 74 12 43 3 45
1 92 14 64 2 24 10 1 15 11 4 47 8 39 11 68 16 16 18 98 7 7 6 46 19 20 9 69 5 85 17 31 3 13 0 32 12 42 13 10
0 60 10 9 15 42 3 28 19 6 13 56 14 75 2 96 11 76 6 77 9 74 18 76 5 16 4 91 8 11 12 55 17 86 7 14 1 77 16 19
6 15 12 99 18 23 13 34 3 63 11 75 1 52 0 51 17 5 7 58 14 58 19 40 16 77 8 97 9 85 15 51 2 98 4 80 10 40 5 82
7 80 9 71 13 69 0 50 11 56 10 8 14 82 16 41 1 2 19 66 12 71 5 12 17 35 18 85 15 60 3 40 2 89 4 42 6 68 8 78
18 75 7 28 4 86 15 8 16 29 0 86 17 81 2 4 12 89 8 97 5 33 14 86 13 13 19 57 9 48 3 37 10 8 1 69 6 3 11 55
1 97 4 57 18 17 11 46 17 47 0 31 5 98 12 47 15 40 10 77 7 70 13 13 8 17 14 48 16 59 19 82 3 87 6 34 2 28 9 79
0 2 1 84 19 47 10 4 16 45 7 22 18 11 11 62 14 43 6 64 13 42 17 50 12 94 9 74 2 87 5 49 8 77 4 76 3 7 15 13
