50 20
8 55 16 67 9 35 6 40 11 11 3 52 7 10 1 40 0 38 5 41 10 90 12 22 15 33 17 83 13 75 2 52 18 35 19 62 4 26 14 63
14 40 5 10 1 74 3 54 12 7 7 91 18 34 8 81 19 90 17 47 2 56 15 96 4 70 0 54 10 92 16 36 9 94 11 51 6 1 13 88
17 28 19 94 13 7 11 47 18 46 15 80 12 3 14 13 3 81 2 57 5 96 1 76 9 36 16 5 4 58 8 2 0 28 10 86 6 76 7 88
15 13 7 95 5 11 13 39 9 4 14 68 1 12 2 53 0 86 4 88 3 2 8 3 6 73 10 47 18 87 17 31 16 52 12 6 19 6 11 6
16 95 13 62 0 95 9 5 4 81 19 6 7 30 8 3 2 11 12 53 14 72 5 76 10 52 15 98 17 31 6 90 1 92 11 6 18 84 3 63
10 69 3 40 5 62 13 46 15 73 4 8 0 88 8 2 17 28 16 16 7 81 2 31 18 2 19 28 6 25 1 4 9 26 11 20 14 60 12 26
7 74 17 38 0 57 13 66 6 5 5 49 11 76 9 67 1 64 14 10 3 33 19 6 10 22 4 77 18 16 2 18 8 1 12 99 15 94 16 17
2 70 4 95 3 59 15 17 11 14 12 89 10 42 13 70 5 91 0 47 6 92 1 89 18 23 14 89 16 67 17 32 8 10 7 61 19 99 9 11
7 79 10 44 12 2 5 34 8 95 11 19 19 19 6 4 13 23 9 27 3 34 18 39 15 33 17 35 0 28 2 56 14 12 16 76 1 22 4 69
16 63 19 57 11 26 18 99 10 4 9 1 6 97 0 31 15 33 1 72 12 2 3 13 8 16 4 23 17 14 13 49 14 83 2 3 5 92 7 75
6 5 12 63 8 36 14 87 0 80 1 33 11 76 3 22 16 63 18 21 13 92 4 21 19 76 5 34 10 80 2 24 9 72 17 9 7 71 15 66
17 78 0 56 19 73 1 39 13 1 5 31 9 51 10 2 4 97 11 6 14 44 12 78 8 16 3 82 15 59 2 5 18 14 6 90 7 67 16 30
17 40 10 18 11 76 8 99 7 29 9 33 14 45 2 56 3 36 18 64 6 95 1 40 16 6 0 71 5 99 19 74 15 23 12 13 4 52 13 97
11 62 10 28 19 98 6 84 15 67 2 38 18 86 9 83 16 32 0 50 14 41 7 61 17 9 5 71 12 66 3 74 8 21 4 50 1 8 13 32
6 58 8 29 16 15 12 17 9 39 7 63 5 26 1 38 14 95 18 78 4 82 17 90 15 4 13 95 3 43 2 29 10 14 19 72 0 26 11 82
6 23 18 80 15 64 3 50 11 1 12 33 14 67 13 67 4 94 16 47 8 22 10 69 0 77 19 87 17 28 1 83 2 66 9 3 7 30 5 81
4 46 14 8 6 33 3 21 2 68 10 72 15 39 5 46 17 26 9 17 1 67 7 25 19 27 8 94 12 73 16 63 11 42 18 59 0 4 13 1
10 21 8 12 1 33 16 94 4 18 15 87 13 42 3 10 7 59 0 15 12 10 6 1 9 3 14 41 11 86 19 31 17 64 18 30 2 83 5 17
5 47 13 90 17 13 6 99 19 48 3 10 18 90 16 10 7 56 10 16 4 92 2 33 9 66 11 40 14 35 8 64 1 81 0 21 15 11 12 29
4 26 13 21 3 80 7 82 11 97 14 20 18 6 10 46 15 13 1 22 2 26 12 67 0 21 16 55 5 35 6 95 8 77 19 93 9 96 17 50
6 72 2 29 13 34 8 99 11 71 16 17 5 67 14 58 12 6 10 12 3 85 0 14 15 55 4 28 1 30 9 27 19 22 7 30 17 79 18 75
11 12 16 56 9 38 2 48 6 71 7 8 12 43 4 22 14 89 15 98 1 11 8 82 18 29 5 14 13 64 3 21 19 96 0 32 10 84 17 62
15 70 11 25 9 57 3 95 2 50 13 76 12 51 16 14 17 35 1 36 7 11 4 74 8 5 19 46 18 53 10 48 5 94 6 66 14 71 0 5
9 61 6 37 7 43 4 89 0 87 18 15 13 24 2 94 19 8 10 58 1 65 16 97 3 22 11 73 5 67 8 58 17 22 12 56 15 46 14 3
3 51 15 3 17 40 10 20 4 10 19 69 18 97 7 4 0 79 16 92 8 34 2 63 12 40 5 47 11 26 13 25 6 8 14 29 1 78 9 55
2 64 18 59 4 78 7 54 19 56 16 12 6 2 13 67 17 78 3 39 12 43 1 88 15 77 5 57 14 20 0 60 10 61 9 79 11 97 8 41
0 15 9 65 5 19 15 9 3 79 2 14 14 11 19 59 12 34 6 70 17 16 11 81 18 55 16 67 8 93 1 81 10 69 4 62 7 91 13 64
11 91 12 3 6 61 14 30 8 25 16 7 17 54 18 88 4 59 9 10 1 63 13 45 15 51 2 41 7 76 10 42 19 5 0 8 3 6 5 36
0 62 6 43 13 94 7 5 15 81 3 44 17 54 2 69 18 8 8 6 11 56 4 6 10 20 1 52 5 66 16 39 19 18 9 18 12 76 14 56
15 97 11 50 14 49 6 92 12 76 7 39 8 84 9 10 19 9 17 17 5 46 3 10 18 60 10 33 2 78 4 66 13 15 16 89 0 39 1 35
12 42 16 22 9 98 19 10 13 40 7 10 1 2 2 71 10 19 17 46 5 76 6 65 11 22 15 26 18 87 3 42 8 82 14 78 0 55 4 47
19 47 7 78 16 35 0 35 6 86 1 89 13 20 15 9 12 6 2 19 17 81 11 13 10 99 3 75 18 81 8 50 5 72 4 53 9 10 14 76
4 44 8 9 14 79 19 72 17 87 13 48 5 3 10 68 7 47 12 18 15 63 3 22 1 58 18 79 16 1 0 32 2 4 9 6 6 47 11 67
3 38 14 64 0 76 4 19 15 5 7 74 9 1 12 28 13 24 8 21 19 62 18 18 10 91 2 80 11 15 6 64 5 61 17 35 16 10 1 73
13 95 16 11 5 32 3 54 19 58 7 30 17 86 6 32 11 14 9 97 2 79 0 36 15 30 4 27 10 50 1 99 12 51 14 90 18 88 8 67
13 60 6 59 10 13 8 57 7 24 4 95 14 8 17 20 2 97 16 89 1 91 11 58 15 66 3 6 19 18 18 72 0 11 5 40 9 49 12 39
6 80 3 87 17 78 8 90 12 35 18 43 11 4 5 90 13 4 16 14 9 78 14 86 10 90 15 59 19 29 4 17 0 4 1 80 2 23 7 91
10 62 12 34 9 13 15 94 4 80 0 5 19 89 5 36 7 86 2 27 13 49 18 6 11 72 17 66 6 36 1 85 14 97 16 82 8 17 3 50
8 38 16 55 17 66 3 76 4 58 2 45 1 98 6 34 9 68 14 37 10 66 13 25 7 25 0 77 11 79 18 64 12 75 5 83 15 9 19 55
14 25 13 23 5 2 19 85 8 20 7 37 4 83 2 26 6 87 17 29 1 74 9 46 12 10 11 33 0 88 16 90 15 23 3 71 18 11 10 90
17 69 5 75 6 72 3 8 15 32 13 19 14 22 19 3 12 19 1 74 7 5 18 95 0 54 8 47 16 52 9 62 2 18 4 9 10 72 11 57
7 67 6 23 15 10 3 87 17 42 5 85 8 22 10 72 14 52 18 96 4 76 1 45 2 87 16 79 13 22 19 30 9 23 12 22 11 6 0 81
9 1 11 93 4 50 3 96 15 41 2 68 19 10 14 59 1 37 18 84 17 6 5 99 16 95 12 91 0 10 7 69 10 21 8 76 13 53 6 28
11 79 0 98 4 84 13 64 16 64 17 23 6 5 15 91 19 38 8 60 1 29 9 55 10 30 2 64 18 40 3 54 12 24 5 91 7 9 14 23
2 80 4 25 3 68 7 33 0 68 14 94 1 73 9 85 17 57 10 57 13 86 5 19 6 75 18 98 15 9 16 16 12 21 19 8 8 65 11 16
13 11 6 71 11 48 9 94 16 61 4 97 19 64 18 75 10 22 1 85 12 86 5 65 3 28 8 54 7 47 15 67 0 17 14 4 17 70 2 66
18 78 14 35 8 15 10 37 5 31 1 85 11 31 2 37 3 29 7 63 12 11 4 33 9 15 17 76 15 58 19 7 13 52 6 70 0 67 16 97
16 76 15 55 1 56 12 3 17 63 5 84 6 64 13 13 18 13 2 34 4 51 14 54 0 47 11 88 8 26 9 35 19 73 3 49 7 19 10 55
0 23 13 27 11 8 10 91 14 21 5 53 4 33 6 33 2 19 1 22 16 75 12 2 8 56 15 41 19 50 18 69 7 21 3 68 9 18 17 32
10 43 1 94 9 42 11 7 18 82 2 90 3 74 6 96 0 64 12 65 19 75 5 27 13 93 15 6 8 71 7 95 17 62 14 51 16 38 4 86
