50 20
4 51 3 18 13 17 10 88 14 7 5 82 9 80 12 74 17 18 1 27 18 84 8 36 2 12 19 41 6 66 15 56 7 88 11 18 0 72 16 94
8 68 2 6 6 56 0 10 9 8 5 39 18 28 17 45 10 35 14 81 13 3 15 83 11 20 7 30 3 30 16 59 19 79 1 42 12 71 4 19
1 21 10 56 11 24 7 62 13 74 9 7 3 86 6 63 18 94 0 85 12 30 2 36 16 88 15 3 14 70 5 36 17 15 8 78 4 98 19 74
17 49 12 32 18 95 4 93 14 15 19 62 6 37 11 52 13 26 15 91 9 26 1 78 16 84 7 26 5 96 8 93 3 80 10 34 2 27 0 13
18 8 9 74 1 94 13 73 17 76 14 34 16 98 10 62 12 55 7 63 8 1 3 6 6 50 4 93 19 99 2 65 15 50 0 66 5 26 11 60
8 74 15 82 4 60 17 64 5 50 14 29 9 31 7 85 19 8 3 84 16 58 10 81 6 54 12 60 13 47 2 81 11 88 18 94 1 21 0 16
1 17 14 4 18 9 0 95 9 57 3 68 8 28 19 18 2 66 16 51 13 93 7 9 4 67 15 64 10 71 11 72 17 63 12 32 5 60 6 40
15 11 1 11 19 74 9 83 5 85 11 87 18 75 8 29 14 15 12 1 7 86 3 24 13 4 17 90 4 7 16 30 10 37 6 84 0 92 2 74
0 26 5 18 11 19 8 59 2 68 4 61 17 99 19 88 12 7 10 66 1 97 18 88 6 69 13 31 16 24 3 91 9 32 14 58 15 64 7 41
3 19 12 61 18 22 13 68 0 21 15 67 1 90 5 75 6 66 2 18 17 93 11 63 4 95 10 97 14 71 16 23 8 25 19 95 7 85 9 32
19 68 6 78 14 51 8 95 1 71 18 31 0 19 16 52 3 44 12 32 2 24 5 73 9 33 13 37 4 9 15 18 7 77 17 10 10 56 11 84
18 91 7 6 1 9 16 10 2 84 15 43 14 60 8 8 3 87 5 99 9 15 11 99 19 42 13 31 6 3 17 33 12 21 4 61 10 28 0 33
2 40 0 13 1 48 7 37 3 12 4 74 9 42 14 8 15 54 19 7 5 90 13 3 11 89 6 60 16 98 8 38 17 47 12 56 18 48 10 23
12 64 3 88 13 44 1 39 6 66 10 53 2 63 19 17 15 60 0 76 14 23 5 17 11 39 9 55 18 24 7 52 17 90 8 80 16 94 4 39
13 95 3 49 9 92 0 84 1 40 11 16 8 57 7 27 14 31 4 53 12 94 10 91 5 20 6 74 2 36 17 49 19 79 15 78 16 73 18 97
19 18 12 32 14 55 3 56 1 22 7 48 11 97 0 34 16 11 10 62 13 49 8 40 9 38 2 17 18 66 5 52 17 79 15 19 4 8 6 91
17 69 19 55 14 31 18 30 0 83 3 92 15 17 2 14 8 24 13 83 6 78 4 30 9 53 10 51 11 75 16 68 1 81 5 84 12 78 7 38
11 74 16 56 3 21 13 24 17 98 0 33 12 57 8 34 2 99 7 40 5 18 6 21 18 61 15 21 14 13 10 10 1 30 19 90 9 2 4 74
19 10 13 7 15 81 12 62 8 14 18 62 6 40 2 72 10 99 11 88 7 35 17 30 9 37 5 47 16 4 4 64 3 22 14 9 0 24 1 91
19 37 1 26 2 83 10 55 13 5 17 8 14 33 16 62 0 30 3 1 4 67 12 65 18 17 5 99 7 91 15 56 6 86 11 40 8 5 9 10
8 89 17 58 14 10 18 39 11 34 3 61 13 5 12 59 19 52 5 3 2 89 7 62 9 42 1 7 10 75 15 38 0 33 6 46 16 10 4 27
12 11 19 6 15 81 9 77 10 5 14 97 3 44 4 89 13 40 2 91 6 33 1 67 0 22 8 74 7 9 18 21 11 94 16 98 17 58 5 18
7 28 11 18 3 30 5 29 17 61 6 19 15 7 8 61 14 41 2 37 4 36 16 45 18 9 13 11 19 14 1 42 9 16 0 92 12 23 10 80
17 96 14 89 9 65 4 92 18 1 5 10 1 82 7 75 16 81 13 32 19 23 10 41 8 17 12 88 11 45 0 68 6 49 2 19 15 64 3 33
11 78 19 86 18 66 1 4 12 77 4 41 13 40 8 43 6 28 15 43 2 77 3 84 0 50 10 25 14 70 7 38 9 34 16 64 5 75 17 98
19 59 8 86 2 78 11 27 10 94 7 71 9 92 5 54 14 76 1 96 3 51 18 75 17 91 0 98 15 63 16 21 12 90 6 93 4 13 13 34
4 55 1 15 15 83 9 98 10 54 0 42 14 84 5 40 18 37 13 35 6 55 3 38 7 82 16 68 12 58 19 65 17 31 11 8 8 9 2 76
1 14 10 76 7 18 4 36 19 30 2 18 12 33 5 50 18 14 14 17 15 34 0 72 11 78 13 37 17 69 3 17 9 18 6 67 8 92 16 5
6 61 17 7 3 96 12 33 7 48 13 78 18 82 4 31 15 75 19 58 14 51 5 4 2 88 1 18 11 59 16 55 0 7 9 49 10 90 8 38
14 23 1 76 12 49 7 1 10 98 8 68 6 31 16 38 19 35 9 24 18 6 17 20 5 61 4 1 2 33 3 52 11 32 15 58 0 32 13 19
12 30 11 29 18 93 10 46 5 23 13 5 8 78 0 32 6 86 9 36 3 28 17 43 19 4 1 68 7 44 16 30 2 85 15 75 4 46 14 76
15 63 13 64 8 91 16 55 12 13 7 28 14 54 5 95 17 82 3 65 6 93 2 78 19 64 18 10 11 58 9 38 10 16 4 85 1 27 0 10
14 9 13 13 11 60 8 23 1 96 15 26 6 14 12 22 0 88 16 10 4 76 7 88 17 44 19 64 2 64 5 89 10 22 3 79 18 30 9 75
15 65 5 57 3 69 17 2 13 68 9 51 14 56 2 30 19 39 16 48 6 34 0 61 8 76 4 50 7 26 11 63 1 89 18 13 10 8 12 77
16 46 9 12 19 48 3 74 4 77 1 61 15 72 5 42 2 74 0 94 8 12 7 51 14 92 6 65 11 47 17 5 12 67 13 71 18 92 10 41
19 21 1 10 14 73 15 2 3 89 6 58 18 74 0 20 16 61 17 66 4 63 8 69 9 67 12 38 10 88 5 55 11 11 2 56 7 2 13 14
2 52 19 41 18 73 8 79 0 8 16 15 12 9 6 85 5 63 3 14 1 12 15 77 13 14 9 7 10 12 17 33 4 31 11 79 7 67 14 6
17 91 6 49 4 38 8 68 15 15 19 75 16 46 2 9 14 62 7 37 0 86 13 97 9 67 1 47 11 14 10 46 18 23 12 99 5 47 3 87
9 64 11 26 7 61 17 44 0 2 10 88 8 95 16 52 13 26 2 32 19 97 18 30 6 28 12 78 5 62 3 53 15 48 1 68 14 52 4 45
15 30 0 85 18 41 6 79 14 82 5 83 3 65 13 79 8 66 2 31 19 5 12 5 1 70 4 54 9 21 17 63 7 63 16 77 11 93 10 77
19 65 15 35 4 58 0 59 6 90 7 51 16 33 10 38 1 70 2 71 5 17 9 50 13 39 14 16 8 69 3 40 11 87 17 19 12 34 18 93
6 9 11 40 13 54 0 77 15 93 19 85 2 46 4 96 17 44 1 11 12 27 5 94 18 78 14 14 8 55 10 13 7 72 9 67 3 11 16 41
11 11 8 79 13 15 17 88 16 93 0 53 6 49 14 32 10 65 3 95 9 72 1 61 5 53 4 41 12 10 19 94 15 53 7 2 2 9 18 51
6 43 8 89 3 65 4 45 18 60 10 93 17 92 2 77 9 7 19 57 5 21 14 28 1 86 7 71 15 84 13 87 11 62 12 24 0 52 16 10
13 70 15 36 19 61 8 20 2 68 6 1 9 92 1 25 10 83 17 79 14 64 0 62 7 97 18 47 11 99 5 6 4 28 16 19 12 70 3 36
15 96 1 26 16 1 18 21 8 59 7 17 12 73 19 35 10 37 2 11 9 62 11 30 3 67 4 85 13 82 6 96 0 50 5 44 14 50 17 45
18 65 2 61 4 12 3 20 8 22 16 31 19 24 15 97 12 85 13 36 9 62 7 44 5 25 6 9 0 31 14 14 17 84 10 83 11 90 1 97
1 80 2 13 15 19 17 23 0 34 10 82 16 2 13 25 8 26 14 37 5 20 9 78 3 6 4 95 12 72 19 92 7 73 11 37 6 73 18 20
13 90 9 31 14 17 17 43 12 74 18 30 3 13 10 78 0 42 16 27 2 12 6 97 4 67 11 57 5 73 8 59 7 31 1 96 15 49 19 32
13 70 0 81 1 60 17 50 9 45 18 50 2 83 16 56 8 61 6 4 19 84 5 69 14 7 12 26 7 40 4 95 11 13 15 95 3 89 10 36
