50 20
19 61 12 73 1 29 3 9 17 15 0 3 10 28 7 90 6 72 15 26 13 82 18 3 16 80 11 80 5 21 8 64 14 90 4 29 9 85 2 52
1 81 12 64 9 63 14 58 5 37 11 72 3 99 18 52 10 82 16 26 7 98 4 57 0 97 6 60 13 34 17 56 8 14 19 55 2 31 15 33
5 91 19 42 10 5 17 59 0 63 8 57 12 4 16 27 2 89 9 67 6 3 1 54 4 35 13 14 7 91 15 8 3 63 11 13 14 59 18 26
15 94 19 92 10 61 1 58 11 41 2 37 3 51 0 55 7 60 9 59 4 38 6 54 12 41 16 75 17 23 18 6 8 69 13 89 14 40 5 30
5 73 4 10 13 63 12 88 8 55 14 58 6 81 15 30 18 20 10 86 1 53 7 62 0 54 3 81 11 19 17 63 19 12 2 87 16 41 9 87
11 33 4 97 10 67 13 4 0 87 8 80 18 44 16 98 2 12 17 1 7 71 14 46 15 21 5 42 3 87 9 41 6 62 19 58 12 70 1 73
2 56 18 64 4 5 7 24 15 40 19 6 9 79 11 57 0 93 6 95 12 70 16 66 8 79 1 80 17 35 13 13 14 57 10 86 3 65 5 72
6 67 12 4 1 50 3 73 7 47 11 16 10 9 9 19 16 17 5 99 8 73 17 92 2 80 4 12 19 21 14 65 13 50 15 25 0 69 18 99
16 67 3 73 8 88 6 48 4 63 14 9 9 49 11 62 0 85 18 95 2 75 1 96 5 41 19 56 12 11 17 76 7 94 10 32 13 51 15 38
9 9 7 78 14 35 15 97 8 28 16 74 1 35 0 77 4 54 11 23 17 18 18 42 3 37 12 46 5 9 10 43 6 7 19 79 13 98 2 70
18 86 0 24 7 40 19 84 15 95 2 36 10 80 17 47 6 72 5 81 9 31 4 62 12 44 13 66 16 18 1 44 11 91 8 6 14 25 3 70
7 67 18 92 1 29 14 85 3 85 8 22 17 46 11 11 2 56 4 22 0 39 6 2 16 36 9 81 5 90 10 20 12 65 15 19 19 76 13 40
2 87 11 72 13 14 15 61 9 83 5 68 3 42 4 54 14 40 19 60 17 28 16 85 8 26 7 63 12 22 1 12 6 28 0 71 10 48 18 25
3 34 6 77 4 86 12 83 13 27 14 44 16 6 2 67 9 71 19 94 0 6 1 81 5 23 11 34 17 40 8 66 18 95 10 26 7 75 15 38
7 38 12 29 2 39 10 69 3 76 1 48 0 99 4 82 6 88 8 55 18 31 14 84 13 45 9 31 15 67 19 2 16 87 5 27 11 48 17 79
9 85 3 66 11 87 16 86 7 16 18 25 0 68 2 77 15 66 4 37 6 44 19 12 10 89 14 67 5 59 8 16 13 54 1 26 12 92 17 50
14 31 13 26 3 93 18 14 2 84 12 23 16 72 7 45 9 80 11 75 10 53 5 51 0 35 17 76 6 89 19 33 4 59 1 31 8 37 15 88
8 9 19 44 10 54 7 15 6 21 1 29 5 61 14 16 2 91 13 86 4 70 9 43 16 59 0 75 11 24 3 5 12 47 18 33 17 55 15 45
4 25 5 23 0 31 7 13 17 57 12 83 15 41 13 91 1 41 3 89 16 31 18 93 14 72 2 14 8 17 19 43 11 86 9 51 10 26 6 32
7 83 9 8 6 95 8 78 13 46 14 90 19 59 2 40 16 91 10 10 1 18 4 89 5 24 0 93 3 4 11 45 18 31 17 15 15 23 12 15
5 84 6 53 9 32 13 75 17 85 10 95 14 47 15 70 16 83 12 53 0 81 3 54 11 57 2 99 8 24 7 7 4 84 18 94 1 49 19 14
17 37 12 65 14 99 13 70 15 87 18 62 10 44 6 64 8 9 2 79 7 35 16 60 9 96 3 1 1 36 5 25 0 99 11 15 19 14 4 21
8 42 10 47 12 95 11 23 18 34 2 66 9 52 4 38 16 34 15 71 3 78 1 84 5 62 6 6 17 16 0 72 13 56 19 83 7 44 14 53
2 30 6 74 18 50 14 79 3 93 7 75 19 22 16 1 8 39 4 21 0 93 10 42 13 57 9 51 15 73 5 19 12 80 1 7 11 39 17 97
17 70 11 94 8 7 9 72 10 32 5 16 13 52 3 26 14 56 6 95 12 76 4 51 18 86 16 42 7 47 1 11 19 67 0 83 2 26 15 93
17 74 16 23 10 94 4 23 5 41 2 12 1 64 12 7 0 22 3 51 14 12 7 8 18 38 13 71 19 1 8 11 6 65 15 69 9 76 11 79
11 1 1 43 9 77 13 90 19 94 5 70 12 38 4 46 7 63 6 1 2 89 18 15 0 94 16 31 10 27 17 99 14 51 8 2 15 26 3 12
15 33 13 53 10 40 0 57 19 40 6 26 7 39 8 56 11 19 2 80 17 96 14 71 4 72 5 74 18 87 1 12 9 83 16 97 12 36 3 84
17 77 3 29 10 19 5 84 4 52 0 65 6 11 15 23 14 1 16 10 18 71 1 81 9 48 11 43 8 80 19 6 2 34 13 51 7 34 12 28
12 43 1 59 15 21 16 1 0 14 11 29 6 5 4 86 5 70 18 30 8 73 2 23 3 47 9 11 7 34 10 45 17 34 19 92 13 35 14 28
17 7 8 56 13 55 11 76 7 14 5 22 6 12 15 26 9 21 14 57 0 24 1 27 4 15 3 14 16 46 2 51 10 77 18 86 19 35 12 79
10 20 13 16 17 7 2 71 7 68 6 64 0 58 12 74 16 4 15 69 4 52 14 40 1 77 8 25 19 50 11 71 3 9 18 20 9 65 5 99
9 19 16 25 13 87 8 30 0 3 19 33 1 49 4 52 14 45 11 25 2 21 7 19 12 15 15 68 3 9 17 93 10 83 18 79 6 88 5 77
5 94 14 34 4 38 9 45 3 13 11 20 2 68 12 47 8 70 13 49 17 18 0 56 19 60 10 92 1 51 6 42 15 50 16 4 7 36 18 26
7 25 15 45 4 43 19 71 5 59 16 37 1 51 12 70 2 45 17 57 3 12 10 89 14 74 9 36 18 70 6 18 8 58 0 69 13 80 11 65
6 68 1 67 15 84 17 2 18 32 7 68 11 37 3 86 8 45 16 96 12 90 14 86 13 55 19 64 0 67 5 89 9 17 10 58 4 84 2 99
12 84 7 51 0 93 5 98 9 37 1 70 2 20 19 49 6 38 15 88 3 84 10 12 4 92 14 95 11 11 13 35 16 52 8 84 18 47 17 49
15 25 17 56 3 68 6 53 16 26 12 13 11 3 18 63 19 6 9 49 4 27 1 91 2 47 7 3 13 70 5 95 8 96 10 43 14 33 0 30
16 3 2 25 10 23 19 15 4 69 6 51 15 48 13 95 5 68 1 81 0 41 17 42 7 51 11 34 14 91 3 46 12 65 8 52 9 16 18 6
0 55 12 47 16 66 11 90 15 36 3 17 8 22 6 77 17 69 13 34 7 62 19 12 9 6 4 91 18 26 14 16 2 92 1 7 5 10 10 88
2 7 7 71 5 44 17 46 10 60 6 14 9 96 4 26 13 89 12 11 8 65 16 86 14 18 15 50 1 47 11 53 3 9 0 10 18 31 19 41
11 34 4 42 3 51 16 63 15 5 8 70 10 77 17 76 7 11 19 20 13 12 18 63 12 36 2 49 5 11 6 56 14 75 0 56 9 68 1 77
3 27 14 11 0 69 10 55 1 87 11 68 5 98 9 16 4 27 13 13 2 9 17 98 18 34 8 44 16 98 12 85 15 84 19 31 7 55 6 74
8 86 16 48 0 45 14 24 3 94 9 3 12 13 7 8 10 93 6 87 2 61 5 43 15 47 1 45 19 67 13 13 18 70 11 67 4 49 17 68
4 30 7 32 10 22 14 45 2 5 17 88 9 27 16 69 19 25 15 49 6 18 5 56 3 15 13 93 12 20 8 27 0 98 11 76 1 10 18 19
15 95 12 85 5 5 3 60 17 54 6 11 9 60 7 97 16 72 11 96 8 93 13 76 14 12 19 5 1 36 18 92 4 67 2 99 0 21 10 5
15 87 2 82 19 2 6 20 10 44 3 74 7 67 14 8 9 98 4 51 0 55 11 68 12 31 18 7 16 16 17 13 8 39 5 16 1 4 13 56
15 98 8 35 10 19 17 42 7 54 16 56 14 23 2 9 4 88 19 70 3 41 6 22 18 31 0 55 13 89 5 35 12 83 1 78 11 12 9 30
0 81 17 85 5 23 11 78 15 57 6 58 1 43 16 94 9 8 8 94 2 31 7 66 13 4 14 9 10 86 19 65 12 41 18 51 3 89 4 99
13 4 2 3 4 72 15 15 0 57 11 35 18 72 7 8 16 37 14 8 5 58 9 4 8 75 1 95 3 46 17 99 19 66 12 43 6 38 10 65
