50 20
16 6 14 95 17 33 18 59 8 26 11 42 2 62 6 19 3 41 1 98 12 18 7 69 0 84 13 90 15 55 19 3 4 99 9 99 5 12 10 32
18 30 12 69 6 94 0 17 2 54 8 48 14 19 3 91 7 70 15 13 4 96 13 12 19 62 16 73 11 76 5 2 10 53 17 63 1 94 9 73
0 7 18 15 3 49 17 48 13 23 5 82 16 92 10 88 1 21 15 56 14 65 12 70 6 84 7 14 2 80 4 39 19 74 8 36 9 14 11 46
6 72 9 27 10 92 15 32 18 63 4 18 14 68 11 12 19 7 0 9 2 74 17 79 16 97 12 39 5 23 7 27 3 80 13 25 1 81 8 63
15 96 1 94 13 26 3 54 14 67 12 5 4 26 16 55 9 86 11 86 18 22 0 53 8 22 6 58 19 22 10 3 2 81 5 19 7 72 17 3
18 76 7 58 9 78 11 5 2 12 4 40 12 89 13 48 19 54 10 44 14 79 6 62 5 78 15 68 8 98 1 79 17 99 16 46 3 51 0 95
1 80 4 79 13 65 5 67 11 69 8 15 0 10 10 11 3 95 2 55 9 55 16 44 17 74 6 50 12 74 15 84 7 89 19 68 14 34 18 49
0 64 7 31 8 80 14 1 18 57 17 48 13 88 4 24 15 6 10 97 2 71 12 53 5 70 6 76 9 39 11 44 3 85 1 36 16 77 19 81
3 62 2 40 6 23 19 26 9 1 15 94 4 43 17 46 10 37 18 97 7 92 14 20 8 3 5 63 12 77 11 95 1 62 13 34 16 3 0 1
12 26 7 82 4 41 14 4 9 82 18 90 6 96 3 89 16 91 2 6 1 35 19 26 11 18 0 51 8 42 13 28 5 90 17 75 10 35 15 80
1 90 0 23 7 81 10 92 18 18 14 71 19 52 3 41 11 13 16 53 6 28 17 62 12 36 15 86 13 49 8 78 9 22 2 33 4 66 5 74
4 54 13 69 0 96 18 34 5 27 6 61 11 12 3 16 17 34 10 73 9 39 7 41 2 86 12 4 14 98 16 73 19 53 1 18 8 26 15 50
17 63 11 12 10 19 15 77 14 60 5 9 6 91 9 6 19 47 7 46 1 12 12 75 3 76 16 52 0 44 18 45 4 28 13 52 2 35 8 96
11 16 3 68 0 7 17 49 18 79 13 96 5 67 16 77 8 14 7 48 4 40 15 93 1 97 2 90 14 23 19 85 12 60 10 12 6 16 9 55
4 98 15 11 2 27 3 84 11 18 1 86 7 73 10 31 16 27 6 37 5 14 0 6 18 53 12 82 8 63 14 11 13 94 9 13 19 56 17 91
11 83 3 90 7 24 16 34 0 53 6 87 18 3 17 88 2 88 13 16 19 14 9 78 5 91 14 92 1 65 10 7 12 97 8 7 4 34 15 45
6 71 1 72 4 27 18 85 11 20 13 81 15 18 7 23 14 36 10 27 12 63 8 88 2 73 16 93 5 39 0 76 17 46 3 6 19 74 9 24
11 48 18 6 12 93 7 25 14 98 2 72 9 67 6 71 10 12 13 88 4 83 17 51 1 20 16 9 0 54 5 29 8 84 19 72 15 3 3 38
14 51 2 95 8 87 12 16 13 21 3 27 16 92 0 59 17 31 15 74 4 97 1 59 11 1 9 85 10 5 18 17 7 66 19 37 5 96 6 54
1 2 6 44 3 84 14 54 10 55 7 90 9 74 15 20 13 15 4 35 0 93 11 16 18 62 8 28 19 99 17 46 16 97 2 90 12 7 5 32
9 93 6 81 2 45 10 11 13 5 14 41 18 89 8 19 15 7 5 79 3 4 12 15 19 21 16 55 17 26 4 17 11 95 1 75 7 91 0 84
7 48 14 18 17 19 18 91 5 96 4 82 1 12 10 29 12 49 9 38 6 49 8 19 19 66 11 43 16 60 2 39 13 10 0 55 3 78 15 82
4 93 0 68 17 12 2 47 14 66 10 49 15 90 1 51 12 91 13 96 6 56 9 23 18 38 16 86 3 45 8 44 19 83 11 47 5 37 7 61
11 24 12 20 15 62 2 1 10 67 1 52 8 13 9 80 16 70 13 50 3 89 4 30 5 7 6 37 18 32 0 48 19 54 7 90 14 38 17 47
15 51 7 11 17 12 10 98 12 19 9 62 0 85 3 95 13 80 14 75 1 76 16 43 18 5 8 46 11 2 2 56 5 54 6 73 4 53 19 48
11 43 13 25 15 30 14 92 0 54 9 74 4 51 3 32 7 67 18 52 8 55 5 59 19 40 12 69 16 77 1 14 6 89 10 61 2 64 17 98
12 32 13 3 14 3 5 16 10 34 8 83 9 32 6 23 19 81 11 40 7 56 2 51 18 31 17 80 3 35 15 18 16 55 4 66 1 89 0 47
12 51 8 17 1 57 16 39 0 83 4 23 6 92 2 74 10 4 11 65 13 70 19 36 14 9 5 74 18 62 17 24 15 4 3 14 9 44 7 36
16 92 4 24 5 90 0 71 17 83 3 29 8 17 15 75 14 41 12 57 10 44 11 94 9 94 13 51 7 30 1 98 19 57 2 93 18 99 6 10
2 19 17 89 1 80 12 90 10 86 9 1 13 79 14 82 0 2 3 49 15 20 7 95 16 32 19 35 8 84 5 71 11 55 18 84 4 62 6 74
19 38 18 37 11 5 9 69 6 25 12 73 8 75 4 52 7 11 10 72 2 24 3 7 0 30 16 6 5 84 17 12 13 53 15 5 1 9 14 64
19 66 16 74 10 90 3 22 18 24 1 96 6 86 9 14 14 9 4 41 5 92 8 33 0 23 17 45 12 79 7 66 15 12 13 41 2 81 11 3
9 29 0 54 11 91 7 10 18 94 6 17 17 44 10 64 13 33 4 63 1 67 8 41 5 61 2 21 16 17 15 80 19 62 3 99 12 47 14 43
15 55 11 77 4 38 5 71 6 67 18 32 14 85 3 71 2 60 1 12 9 5 13 8 19 33 16 5 0 96 10 40 17 86 12 70 8 24 7 18
12 74 15 34 11 73 18 28 10 20 19 84 2 22 6 16 13 98 5 40 9 67 1 88 8 63 7 83 4 34 3 72 0 90 17 18 14 66 16 28
15 46 13 35 0 67 12 30 17 13 19 15 9 43 3 28 5 84 7 62 10 30 1 23 6 46 18 47 8 44 11 55 2 15 4 31 16 32 14 29
11 56 3 41 17 52 5 60 7 48 8 46 0 63 15 85 19 95 16 5 2 96 9 10 14 70 13 99 6 4 10 19 4 77 18 43 12 51 1 15
16 27 4 34 1 77 19 21 18 2 2 81 6 66 7 9 9 48 3 86 11 91 14 93 17 12 8 84 10 21 15 47 12 63 5 71 13 26 0 16
9 21 7 92 14 5 3 4 18 81 4 1 15 54 16 6 11 32 13 63 0 57 1 37 10 95 12 84 6 15 5 76 2 71 17 90 19 61 8 18
10 20 11 73 17 31 9 60 6 80 16 9 13 6 0 58 4 19 5 59 1 48 14 86 15 27 12 56 19 17 7 67 8 98 3 71 2 41 18 3
0 18 7 62 13 83 12 73 11 18 5 89 16 13 19 75 9 89 14 33 10 20 6 86 2 63 15 62 1 62 4 13 17 83 18 5 8 20 3 5
6 22 10 87 4 52 0 63 1 84 13 44 5 17 9 63 11 98 15 88 12 8 17 27 8 88 2 18 18 25 19 66 3 28 14 78 7 64 16 96
13 1 19 98 16 4 17 79 9 59 12 85 6 58 3 46 7 73 5 94 4 36 11 51 15 56 8 95 2 54 10 20 0 37 18 63 14 65 1 66
18 45 5 56 9 85 7 43 13 2 19 76 14 73 3 41 0 55 15 90 12 54 10 48 6 46 1 12 4 86 11 42 8 40 17 85 16 68 2 41
10 73 2 46 6 5 16 96 5 58 12 8 15 4 1 10 13 15 3 73 11 82 0 99 17 29 8 47 4 13 19 61 14 23 7 82 9 8 18 76
5 87 12 30 3 47 8 13 16 17 0 96 11 69 9 29 17 51 18 7 19 12 13 37 6 91 14 80 7 23 4 33 2 27 15 37 10 35 1 32
17 19 5 13 9 59 18 23 1 61 14 20 3 34 16 30 4 5 12 10 11 18 0 18 8 32 10 29 2 18 6 94 19 56 13 74 7 51 15 88
1 56 9 85 4 6 7 32 16 60 14 53 10 98 0 92 12 25 2 15 18 2 11 48 13 21 8 68 15 62 5 31 3 76 17 52 19 85 6 21
19 34 2 82 11 38 9 39 12 44 1 97 18 70 0 71 13 11 8 51 7 97 16 80 4 40 3 30 6 73 17 52 14 22 10 56 15 92 5 85
6 56 12 19 9 12 7 63 17 75 8 81 2 56 18 58 15 85 14 32 19 90 4 48 16 14 1 38 13 88 11 99 5 4 3 31 0 17 10 83
