50 20
15 29 13 83 6 62 19 86 1 30 0 32 18 54 14 73 11 58 16 62 9 65 8 88 3 74 12 68 10 13 4 48 17 35 7 1 2 29 5 61
2 57 3 93 18 95 6 16 10 58 17 76 7 44 19 64 11 20 13 27 4 6 8 34 14 69 1 97 0 8 9 83 15 79 5 62 12 84 16 92
11 46 3 70 18 90 7 20 4 95 13 21 15 25 5 22 9 43 10 2 2 21 12 81 16 45 0 57 8 60 14 33 17 36 6 95 19 33 1 76
3 54 15 41 10 5 11 25 1 50 16 16 12 94 4 53 18 71 13 88 5 68 19 41 7 28 17 60 14 76 2 57 9 4 8 69 0 1 6 37
13 3 6 70 1 5 9 62 2 54 4 49 12 50 11 75 19 86 7 12 18 38 5 22 3 10 17 17 10 85 0 18 8 95 16 88 14 95 15 96
17 41 11 65 16 88 15 16 8 63 4 96 1 70 2 76 10 46 18 67 12 65 9 27 5 48 0 12 14 72 19 16 7 68 3 12 13 59 6 6
15 79 5 73 12 90 6 72 10 54 16 30 4 51 19 3 7 38 14 57 9 94 0 1 1 55 2 96 11 88 18 75 13 79 3 39 17 67 8 61
2 51 3 56 16 49 6 2 15 55 10 85 11 48 19 71 4 82 12 38 7 45 13 59 17 54 18 88 5 91 14 17 8 35 9 58 0 4 1 98
15 39 10 74 2 52 13 60 0 46 16 35 6 60 19 59 14 39 7 50 18 94 5 62 11 14 17 73 12 35 4 62 1 14 3 45 8 63 9 28
0 37 1 98 13 7 2 14 19 46 10 65 5 76 11 51 17 81 9 36 7 69 12 52 14 86 4 7 6 21 18 97 3 78 15 62 16 85 8 10
11 94 17 33 19 49 16 3 4 20 7 23 13 91 8 37 14 91 10 50 2 19 18 38 1 42 5 96 6 30 15 74 9 75 0 93 3 96 12 92
11 6 15 37 7 43 8 99 10 52 19 85 13 22 4 85 18 97 9 88 6 19 5 37 16 34 3 53 17 51 12 83 1 88 14 49 0 22 2 4
0 34 16 49 18 49 4 39 8 69 17 47 14 50 2 17 5 28 19 18 13 25 12 6 7 47 15 77 6 76 11 24 9 3 1 37 3 14 10 21
19 16 17 17 12 55 15 87 16 70 14 26 2 60 13 19 6 11 4 18 10 40 8 60 11 93 9 22 7 33 18 55 1 33 0 24 3 7 5 54
6 86 2 50 19 7 18 91 1 12 0 98 12 14 10 42 8 37 15 14 5 75 3 49 7 2 4 23 13 81 11 91 17 37 16 69 14 38 9 3
14 74 19 57 16 51 8 99 17 62 12 31 1 59 10 92 6 59 2 24 7 36 5 76 13 52 9 83 15 56 0 47 11 50 3 89 18 18 4 23
1 46 3 12 7 51 18 77 5 68 13 68 16 37 2 17 15 11 17 40 12 28 19 8 8 15 0 60 10 16 9 84 11 18 4 18 6 90 14 19
7 27 16 3 9 28 2 40 1 2 18 75 17 97 12 1 10 13 13 6 14 66 15 37 0 85 4 34 6 79 5 29 8 70 3 17 11 1 19 51
18 16 16 41 1 26 5 71 9 4 6 10 0 92 11 33 12 84 8 37 10 92 19 95 2 49 7 39 4 61 17 79 14 52 13 65 3 45 15 63
1 18 4 75 19 81 0 89 6 24 11 30 2 79 15 64 5 50 18 59 10 32 17 66 7 43 13 21 9 37 3 33 14 19 8 80 16 72 12 10
17 40 15 92 16 20 7 66 6 70 14 94 0 62 12 27 9 84 5 27 2 48 10 49 4 91 11 23 3 80 18 45 19 28 13 68 8 59 1 83
18 86 9 39 16 37 13 49 4 37 3 12 19 21 1 40 7 46 12 59 5 64 6 82 2 84 8 86 15 62 17 74 10 59 11 17 14 98 0 82
5 71 15 3 8 2 13 66 18 8 1 74 2 76 6 96 11 33 0 51 3 32 19 92 16 12 12 26 14 13 17 19 7 16 10 85 4 1 9 50
4 6 16 91 17 34 3 79 6 54 8 65 9 81 11 1 0 5 1 45 18 38 10 66 13 71 12 82 15 26 19 80 5 6 14 49 2 92 7 65
6 44 8 48 2 77 17 94 13 94 16 6 0 26 11 23 5 54 14 85 15 47 19 70 18 19 3 56 1 58 10 74 9 67 12 50 4 14 7 16
8 9 14 14 7 45 2 27 10 47 9 43 13 73 11 17 19 77 4 64 16 46 17 68 12 50 1 7 3 17 15 52 6 25 5 94 18 24 0 15
2 38 6 87 19 72 11 20 16 36 9 65 1 87 17 34 5 2 4 16 3 34 18 7 12 8 7 53 14 49 13 54 0 3 8 42 15 63 10 63
16 1 7 86 6 77 15 49 19 49 10 1 8 75 2 80 9 51 4 27 0 2 14 81 18 42 3 15 13 98 5 41 1 23 12 33 17 59 11 9
15 15 4 47 7 58 0 99 12 56 2 62 17 52 10 63 8 69 14 73 18 95 5 96 19 32 16 31 1 79 6 87 9 33 11 76 3 85 13 98
6 76 14 22 1 75 0 26 13 51 9 71 18 10 8 80 12 52 17 81 16 46 10 39 4 54 11 36 2 98 19 74 5 45 7 15 15 85 3 40
17 18 10 6 7 8 19 92 0 87 4 84 13 58 16 78 14 4 18 63 15 23 5 81 11 1 12 20 9 91 6 61 8 66 1 56 3 44 2 10
6 23 3 61 15 30 18 41 2 42 5 58 17 76 0 15 8 2 12 21 13 83 10 22 19 10 4 50 14 13 16 39 1 87 11 57 9 33 7 35
0 76 10 44 12 91 3 12 11 95 19 42 18 48 17 45 5 82 9 45 14 39 7 92 2 42 16 90 8 78 15 27 13 79 6 77 4 62 1 40
17 14 19 29 9 57 11 91 7 12 10 11 1 75 0 61 13 54 14 7 3 36 2 38 4 3 16 90 6 56 15 29 12 25 8 37 5 84 18 55
4 88 6 14 0 58 13 39 2 91 18 14 14 52 15 27 9 19 8 86 3 94 5 94 12 74 17 31 11 95 16 33 10 31 19 88 7 3 1 98
14 30 1 18 13 64 10 32 15 94 4 52 18 50 2 29 17 80 12 71 16 21 19 30 8 81 3 84 7 58 11 2 0 59 5 5 9 36 6 45
4 55 1 71 17 1 2 58 11 36 15 87 16 75 7 58 10 16 9 28 18 4 6 8 12 15 13 52 5 68 8 10 3 99 19 1 0 12 14 14
7 91 19 34 18 55 10 95 17 44 6 6 14 98 8 5 2 24 5 29 4 5 12 10 15 91 3 33 0 54 1 79 13 1 16 20 9 12 11 48
17 21 10 11 7 52 0 43 5 58 18 74 2 71 19 39 15 35 1 75 13 84 8 25 3 95 6 6 16 79 4 95 9 75 11 36 14 7 12 61
17 36 16 51 1 69 10 23 7 54 14 44 9 73 0 25 5 8 18 39 11 34 3 26 19 36 15 92 6 69 12 83 4 83 8 79 13 21 2 90
16 31 19 87 9 83 18 16 6 95 1 15 14 16 2 75 4 10 12 33 17 74 7 21 11 96 15 22 13 61 0 53 5 22 3 83 10 73 8 26
2 75 8 35 1 76 13 18 16 6 17 27 19 77 14 18 5 63 3 50 0 50 10 51 11 41 18 83 15 53 7 67 4 52 12 13 6 94 9 45
16 27 3 85 9 17 7 14 19 59 1 34 12 13 18 60 10 61 0 94 8 90 11 44 14 62 6 91 4 91 15 69 13 57 17 94 2 15 5 77
16 30 2 80 11 31 6 85 0 96 14 17 8 24 7 15 19 5 4 24 18 65 5 10 15 95 13 49 12 10 9 82 1 39 10 95 3 56 17 86
16 1 8 65 15 46 17 62 11 81 13 35 9 31 3 72 10 12 6 52 7 70 18 61 12 60 1 76 19 46 2 14 5 71 4 72 0 83 14 64
16 76 7 82 9 46 13 71 15 95 11 8 14 22 18 22 6 62 3 53 2 99 4 63 12 99 1 18 5 32 10 97 19 85 8 66 0 22 17 35
8 40 17 51 5 43 19 35 14 23 7 34 11 30 3 99 10 65 15 5 9 38 6 94 4 95 0 46 16 53 18 89 13 45 2 39 12 53 1 6
11 51 3 30 15 67 2 86 4 86 0 89 16 26 18 75 6 75 17 1 5 93 7 68 12 61 1 83 14 79 8 19 10 4 19 38 13 21 9 99
11 59 17 31 15 3 9 6 7 37 5 20 8 97 2 14 13 18 10 23 14 67 12 62 4 57 0 81 6 14 16 51 19 4 3 89 1 15 18 50
4 51 18 10 3 63 1 4 8 24 11 92 17 41 19 55 12 84 6 21 13 53 16 79 7 2 10 13 5 48 0 8 14 19 2 61 9 23 15 21
