50 20
1 68 16 17 8 54 15 33 2 80 3 91 13 86 14 8 4 51 12 37 10 16 19 81 18 69 0 9 7 99 5 65 11 13 17 31 6 61 9 82
2 87 8 40 5 6 18 61 19 34 16 31 9 75 6 4 7 71 13 82 15 31 0 17 14 85 10 38 1 77 12 31 4 71 3 32 17 41 11 13
18 41 7 85 4 67 5 15 0 77 16 68 11 53 17 71 12 13 6 94 13 75 2 58 9 88 19 61 3 18 15 35 10 23 14 12 1 18 8 24
11 18 18 54 15 37 10 5 12 7 5 26 13 61 0 70 6 15 7 61 4 89 19 47 8 52 2 34 17 25 1 80 14 27 9 38 16 60 3 43
7 65 17 89 14 44 19 81 11 1 10 66 12 76 18 5 5 57 9 97 2 38 6 22 15 37 3 50 4 10 1 60 8 80 16 5 0 94 13 52
6 65 0 64 12 94 5 22 10 65 3 40 15 62 8 26 17 41 1 29 11 67 2 80 16 99 18 24 4 20 13 40 9 85 14 29 19 54 7 60
7 82 15 67 1 21 13 43 8 95 2 82 16 80 17 49 6 4 4 45 18 23 12 11 0 48 9 29 19 54 5 68 14 92 3 41 10 18 11 29
18 30 14 36 5 69 19 72 1 47 2 90 11 10 15 53 13 96 8 42 16 62 17 94 7 21 10 41 6 28 3 25 4 91 12 23 0 37 9 63
11 8 6 38 3 78 1 8 12 92 4 82 19 66 17 77 10 62 8 9 16 49 2 66 0 81 15 86 18 71 5 29 7 22 14 74 13 90 9 58
7 24 4 1 12 76 18 56 19 72 15 25 17 3 6 19 16 27 1 11 3 23 5 89 8 26 2 55 9 42 11 81 10 44 0 4 13 99 14 69
3 16 6 85 18 58 17 75 4 93 8 93 2 6 15 3 13 96 9 67 11 99 10 60 0 55 14 32 7 59 12 92 16 41 1 55 19 14 5 7
18 40 3 59 13 17 6 92 4 99 1 50 12 84 11 33 0 30 7 54 16 30 14 91 8 12 19 13 17 71 15 7 5 70 9 79 2 55 10 72
5 12 2 74 4 87 7 22 3 88 8 19 19 77 0 61 13 39 16 87 14 39 11 47 18 55 10 23 9 59 12 73 6 76 17 32 1 51 15 23
8 11 0 75 2 27 3 84 9 84 4 18 6 96 10 27 5 67 16 81 14 71 15 79 13 81 11 13 19 70 18 26 12 63 1 32 17 72 7 63
16 61 0 80 19 31 8 66 18 95 9 8 10 41 13 50 1 19 4 68 3 63 5 21 17 63 6 97 2 31 12 53 11 61 14 83 15 6 7 63
9 51 14 16 15 96 7 96 8 69 19 89 16 73 17 45 3 16 11 22 1 65 10 2 5 51 0 33 13 51 2 46 18 53 6 98 4 79 12 82
0 90 2 4 13 66 6 80 16 64 15 43 8 37 10 82 7 82 1 7 14 3 11 13 18 17 19 63 12 36 3 69 17 50 5 22 9 77 4 4
6 25 8 43 11 57 3 46 4 55 5 2 0 27 15 62 9 24 17 37 18 40 16 65 1 49 12 97 13 51 2 75 10 52 14 13 19 44 7 97
12 20 19 20 18 89 4 92 14 33 6 26 16 38 8 63 2 8 15 55 1 65 13 50 0 97 17 34 9 49 11 52 10 64 7 75 5 67 3 51
16 47 14 1 19 80 9 90 18 85 8 98 12 92 13 72 0 23 17 6 7 46 5 45 6 99 15 89 1 41 11 55 10 42 3 22 2 44 4 50
8 94 7 19 15 35 10 11 3 89 18 27 5 69 1 9 4 69 19 94 14 84 2 33 0 71 12 61 17 68 13 88 9 31 6 27 11 40 16 82
12 16 6 78 0 35 9 93 19 12 8 69 18 69 4 71 3 12 11 77 14 68 17 13 16 66 15 69 7 72 5 94 13 52 1 56 2 76 10 87
9 13 0 31 1 50 16 53 13 27 3 12 14 34 17 57 11 63 2 54 15 19 4 46 12 9 10 75 5 88 8 87 19 67 6 30 18 26 7 89
16 97 0 20 4 97 12 67 7 74 8 53 6 7 11 66 3 96 18 69 5 50 1 42 17 77 10 22 15 29 2 70 14 52 9 74 13 15 19 86
17 95 18 19 8 53 7 14 16 48 14 3 10 60 11 14 12 74 15 87 19 89 2 29 3 30 9 14 4 62 5 61 13 60 0 46 1 95 6 6
11 56 14 94 3 61 13 94 9 94 10 94 7 84 19 29 8 76 16 21 4 93 17 38 15 40 5 38 18 69 1 45 0 26 12 92 2 2 6 30
1 46 19 33 15 94 17 35 18 46 7 65 2 8 4 33 13 1 3 93 6 98 12 3 11 31 8 89 10 18 16 43 14 94 9 92 0 51 5 21
3 52 11 71 9 63 10 92 1 72 5 96 14 23 8 65 4 12 13 15 17 69 2 57 18 99 15 39 19 81 0 82 7 93 16 51 12 23 6 88
11 72 2 89 3 29 8 42 14 63 12 74 4 78 9 31 1 22 16 93 13 9 0 52 18 63 19 39 6 27 5 20 7 81 17 19 10 55 15 30
18 6 7 32 14 46 17 51 2 10 19 1 1 46 4 68 6 48 8 41 15 37 11 98 16 89 13 80 12 34 10 40 3 35 0 85 9 24 5 81
4 44 6 44 1 18 2 43 15 15 18 9 17 93 13 68 0 31 14 23 5 91 8 88 3 12 10 38 7 49 12 90 11 80 16 59 9 25 19 76
10 39 9 59 16 43 0 76 12 65 17 51 11 33 18 64 3 93 8 57 6 21 19 78 15 11 1 92 7 73 4 53 5 97 13 70 2 79 14 74
2 79 3 3 6 98 8 15 11 55 17 99 15 15 16 75 9 9 5 16 1 86 0 50 10 9 13 64 19 6 4 2 7 21 18 2 14 12 12 28
18 32 12 33 10 77 15 5 1 63 8 14 3 30 7 25 19 54 13 15 5 8 14 70 11 86 6 66 4 30 17 68 2 89 16 57 9 59 0 47
12 12 16 20 17 95 10 39 11 32 3 78 4 61 13 5 6 36 18 56 8 54 9 55 5 2 2 29 7 52 19 63 15 5 14 12 0 72 1 91
19 10 11 33 14 87 13 43 12 71 4 63 17 91 9 31 15 60 1 19 8 82 18 65 6 9 0 95 7 27 16 78 10 55 5 76 3 92 2 53
0 31 9 1 10 20 3 38 2 53 1 1 18 40 7 52 11 41 6 74 5 53 4 34 15 46 13 46 12 16 17 33 14 62 8 99 16 1 19 87
13 48 12 45 9 26 7 61 6 50 17 49 1 25 11 26 4 45 15 57 18 70 8 9 19 29 14 32 2 65 0 17 3 18 5 27 10 18 16 31
10 68 18 62 0 94 4 24 15 2 6 99 19 46 1 93 2 1 13 75 7 66 17 63 5 43 12 87 3 23 11 22 16 71 8 69 14 7 9 33
15 82 8 67 18 58 3 13 7 72 12 76 0 55 2 26 4 75 10 28 11 58 9 55 14 2 13 47 6 28 16 62 17 86 1 55 5 49 19 51
16 60 19 20 5 94 13 6 11 85 1 41 10 5 0 51 14 64 7 67 9 65 17 25 8 15 18 88 12 84 2 49 3 39 15 14 4 24 6 38
17 48 4 98 5 49 18 89 8 15 9 14 16 40 2 23 7 69 12 24 10 43 14 51 13 85 1 44 11 73 19 5 15 68 0 69 6 28 3 34
5 9 14 96 16 81 19 48 17 17 8 39 10 80 0 5 15 58 1 49 11 73 18 33 3 92 4 69 13 50 12 62 2 90 6 82 7 23 9 13
4 13 15 61 9 15 1 79 16 15 7 77 3 65 8 23 2 24 5 95 19 92 14 19 11 40 12 83 0 71 10 58 13 82 17 59 6 57 18 63
6 22 11 32 16 56 14 21 13 9 3 80 10 4 9 69 2 63 7 66 1 4 19 44 0 42 12 89 17 11 4 49 18 32 15 37 5 2 8 5
14 11 17 87 10 4 9 66 4 10 5 67 13 95 11 63 18 31 12 26 15 32 19 58 2 76 3 48 0 31 1 40 7 48 8 91 6 81 16 15
7 3 2 90 15 28 17 94 8 25 5 74 0 32 4 18 1 85 19 47 14 69 10 10 9 18 16 90 6 58 13 90 18 25 3 5 11 93 12 44
11 36 18 57 19 60 6 41 16 14 0 68 10 99 7 89 2 18 1 8 3 18 13 37 4 97 17 74 5 96 15 54 14 71 12 13 8 28 9 22
12 13 4 62 18 49 0 61 1 70 3 97 10 34 17 32 2 75 13 87 9 33 15 5 7 50 19 44 6 21 11 28 14 29 5 8 16 33 8 65
5 6 1 62 7 68 8 6 2 95 11 81 13 35 12 59 6 78 17 22 19 51 3 75 4 70 18 35 15 75 14 53 9 58 10 84 16 3 0 12
