50 20
3 16 10 38 15 29 19 79 12 32 1 49 18 23 9 58 17 95 16 97 6 15 11 69 5 90 2 58 4 30 8 28 7 3 13 83 14 67 0 30
18 65 3 92 10 99 1 41 9 17 19 78 13 71 15 65 5 78 2 23 16 68 12 82 0 99 17 35 6 46 11 57 4 75 8 68 14 75 7 25
14 95 6 26 16 67 4 52 1 79 3 20 11 76 9 41 15 47 13 47 19 27 5 35 8 45 0 33 18 26 2 80 17 94 7 70 12 5 10 38
10 19 9 23 7 74 5 69 3 88 8 98 0 65 13 84 12 26 11 41 15 62 16 56 6 20 4 30 17 85 1 86 19 3 14 92 2 90 18 68
2 88 8 34 11 35 19 42 12 42 6 23 5 1 3 89 0 60 1 43 15 72 16 78 10 5 18 42 13 22 9 35 4 90 14 53 17 88 7 31
4 85 17 72 5 32 12 85 9 54 10 96 18 29 1 41 14 74 16 64 0 25 7 96 2 41 13 38 15 67 3 39 6 30 8 41 11 34 19 24
4 6 12 3 7 47 0 38 11 14 13 90 19 39 1 42 3 9 10 39 14 26 16 74 6 17 2 10 8 32 18 89 5 68 9 94 17 47 15 34
14 31 10 48 18 50 8 14 3 26 9 99 7 78 5 50 16 16 19 35 0 20 6 32 17 69 13 88 12 70 1 45 15 44 11 91 4 47 2 30
14 67 12 60 9 2 17 4 19 14 10 59 13 15 0 93 18 39 4 68 5 24 3 12 15 90 1 90 7 41 11 23 16 92 8 30 2 15 6 22
0 18 17 64 12 71 8 67 2 74 9 21 5 96 3 40 15 49 6 5 11 17 18 41 14 67 4 99 19 45 1 88 13 17 16 90 7 64 10 63
7 17 19 45 8 96 4 85 0 9 11 81 13 95 9 82 6 41 14 60 17 51 16 2 10 66 2 25 1 36 18 53 5 70 15 11 12 9 3 9
3 40 9 75 19 49 11 78 4 97 13 18 2 48 15 93 10 76 1 6 8 36 5 3 12 87 6 61 18 36 14 35 0 99 16 81 7 93 17 15
14 36 19 29 13 76 16 89 17 15 1 98 7 31 8 78 5 28 18 34 6 91 3 26 15 55 10 68 0 39 2 2 4 14 11 59 12 22 9 62
18 62 3 53 1 12 6 55 4 91 12 13 13 72 7 19 17 32 2 98 0 32 19 11 15 64 8 27 9 26 10 6 11 58 14 28 5 63 16 86
18 40 16 44 12 77 0 4 6 69 9 5 4 14 3 56 19 36 8 86 7 35 1 36 14 14 13 85 15 36 10 56 11 24 17 39 5 32 2 76
0 54 1 74 10 72 19 97 16 43 9 99 2 43 11 25 8 94 12 53 3 63 14 16 13 41 7 94 6 45 15 25 5 79 18 67 17 27 4 72
19 41 12 51 11 50 6 2 17 34 8 42 1 35 18 65 16 79 14 25 0 58 7 2 4 40 15 1 10 27 9 3 5 61 13 12 3 44 2 36
3 83 7 90 6 66 14 90 8 50 12 71 9 15 19 31 17 75 15 57 5 42 1 52 10 62 4 26 16 65 2 85 18 53 0 32 11 9 13 19
15 22 8 81 17 65 9 54 5 84 2 9 10 42 19 5 14 64 4 8 18 21 0 98 3 6 7 70 16 21 13 51 1 96 6 12 12 97 11 29
3 84 16 97 12 10 14 80 19 59 6 65 5 75 2 74 4 50 17 64 8 99 15 62 9 91 7 16 0 16 13 5 18 96 11 1 1 31 10 27
4 34 9 88 16 88 14 89 18 45 1 24 8 89 19 28 15 47 7 23 11 68 3 52 2 70 17 32 12 17 0 43 10 82 13 50 5 81 6 27
15 33 8 24 19 92 12 99 0 49 10 60 11 97 7 54 14 11 6 38 9 90 18 43 13 56 5 79 16 65 1 50 3 4 17 66 2 83 4 75
0 39 2 20 8 4 15 19 17 6 10 45 16 17 12 83 13 30 9 64 6 60 7 16 4 10 5 35 18 59 3 4 14 23 11 26 19 82 1 71
8 92 18 31 19 1 17 99 6 59 4 16 10 82 14 23 7 71 11 81 1 27 2 48 3 89 13 43 0 73 16 5 5 38 15 70 12 7 9 30
9 29 5 21 16 83 10 67 14 49 7 81 3 13 8 16 19 79 13 98 17 38 4 4 12 14 1 73 11 96 15 28 2 90 18 18 6 86 0 39
4 56 9 24 17 96 3 81 13 77 18 66 12 67 14 98 11 4 1 56 15 89 2 63 19 2 7 82 8 84 10 89 6 59 5 94 0 19 16 12
19 25 18 67 11 10 12 60 0 44 14 5 16 61 4 27 3 40 15 31 5 45 10 46 17 90 9 69 13 31 6 97 2 89 7 81 1 72 8 22
19 67 15 51 1 45 13 49 3 85 5 74 7 67 12 83 8 62 18 86 9 28 4 93 11 55 10 21 16 15 2 33 17 46 14 71 6 40 0 39
1 55 8 41 2 10 7 3 16 97 3 68 12 12 4 65 19 19 6 52 10 30 13 82 5 57 11 95 18 17 15 91 17 22 9 84 14 13 0 75
9 51 12 46 4 97 14 67 10 36 1 53 18 27 16 41 17 77 2 84 5 79 7 71 0 3 11 13 15 46 6 8 8 37 19 26 13 76 3 87
4 43 11 52 7 83 19 33 17 48 14 26 13 52 0 8 10 17 18 43 15 16 1 20 3 4 16 22 6 5 9 80 8 95 12 95 5 70 2 60
0 40 6 22 18 50 4 76 3 15 10 68 8 17 7 94 19 16 15 1 5 12 12 89 2 6 13 84 11 46 16 1 17 67 1 58 14 17 9 20
18 19 15 56 8 40 7 20 14 57 13 89 11 64 17 26 5 63 0 89 12 36 9 59 2 84 10 81 3 66 16 57 1 18 19 28 6 17 4 99
3 48 11 91 8 57 7 37 17 82 0 38 14 13 5 28 4 4 15 56 12 44 9 23 10 94 2 45 19 98 18 81 1 64 16 78 6 12 13 74
2 54 12 79 3 51 17 10 7 42 0 9 18 12 15 22 13 56 16 77 10 14 6 2 4 34 5 81 19 84 14 42 11 54 8 28 1 69 9 73
0 65 6 35 1 21 11 9 16 19 8 28 14 94 19 35 5 72 13 92 3 15 12 28 17 99 4 48 2 20 9 54 7 10 10 99 15 97 18 9
12 12 11 50 2 22 17 81 7 61 16 94 8 69 4 54 13 91 15 56 18 57 5 61 6 54 1 67 3 19 10 93 0 28 14 50 19 92 9 6
11 34 7 64 4 87 9 21 15 94 12 52 16 29 10 32 3 70 0 98 8 56 2 6 1 53 13 48 17 67 19 73 14 1 5 6 6 77 18 35
13 44 17 10 18 6 3 90 5 22 12 64 4 20 11 21 1 73 6 43 10 37 0 81 15 57 8 45 14 35 16 9 19 63 7 7 2 23 9 16
14 78 17 79 9 60 16 84 13 19 6 6 19 37 15 1 5 5 8 37 10 24 0 17 2 78 12 80 7 51 3 31 1 83 11 9 18 72 4 78
8 26 11 15 4 1 16 27 0 90 2 1 14 37 5 33 13 73 9 7 10 1 18 72 17 20 3 59 19 33 6 52 12 16 7 5 15 91 1 85
1 7 17 56 7 89 4 44 5 19 8 93 6 54 9 65 10 36 18 35 19 65 0 98 16 16 2 63 3 82 11 53 14 25 13 58 12 11 15 33
15 67 11 82 5 54 16 73 8 27 17 55 9 24 14 27 3 83 19 25 13 82 1 3 4 70 7 10 12 42 6 9 2 4 18 25 0 54 10 39
6 12 15 38 19 93 4 36 8 75 17 52 16 79 10 76 13 7 5 50 7 65 1 63 18 50 2 41 9 17 3 93 11 34 14 53 12 72 0 87
11 72 0 98 6 76 17 22 1 33 14 4 4 62 7 29 13 84 2 92 16 12 8 74 18 49 9 9 15 63 19 16 10 17 12 36 3 47 5 56
12 83 5 90 8 78 3 49 16 68 1 52 2 39 18 89 6 12 17 75 13 1 11 23 19 92 14 17 9 65 7 58 15 15 0 26 10 50 4 84
1 75 12 51 6 93 8 66 15 13 4 39 3 55 2 84 16 57 11 67 10 8 9 42 14 37 13 25 19 60 7 40 5 48 0 56 18 21 17 96
8 39 18 99 2 69 5 68 10 10 17 63 14 53 19 66 7 24 4 73 3 99 16 54 6 38 11 52 12 34 9 71 13 89 0 6 1 93 15 52
10 24 19 77 15 23 2 26 17 56 13 29 11 46 16 50 9 81 4 11 6 80 14 71 7 96 1 67 3 33 8 6 0 60 18 36 12 19 5 24
4 85 19 74 3 63 18 79 17 7 15 4 2 80 11 30 9 84 10 4 5 72 1 83 8 69 6 52 12 73 16 67 13 58 0 82 14 35 7 26
