50 20
18 2 9 16 13 79 1 75 5 69 0 40 8 40 17 99 15 45 12 21 14 2 11 41 7 80 3 94 19 89 16 58 10 52 2 73 6 43 4 60
5 75 19 46 1 37 2 13 8 25 0 10 11 12 9 44 17 54 13 32 12 70 4 45 10 99 16 52 6 31 14 75 18 98 7 87 15 53 3 74
5 83 15 36 3 11 14 80 17 23 2 49 4 10 19 42 8 48 6 42 0 94 13 72 1 59 9 97 11 43 16 64 7 59 18 43 12 44 10 62
7 5 4 3 13 57 12 36 9 98 6 41 8 38 0 54 5 38 15 79 14 84 1 34 11 59 10 21 17 53 2 74 18 19 3 22 19 56 16 22
18 9 10 14 0 57 17 67 9 9 13 65 2 40 11 83 12 14 16 40 7 62 14 10 15 24 8 42 1 9 19 36 4 2 5 67 3 81 6 44
5 87 10 98 1 52 13 75 0 14 19 56 11 14 6 14 17 36 3 70 16 6 12 33 9 38 4 50 7 35 15 7 8 30 14 43 18 39 2 74
18 10 10 70 15 91 13 20 6 72 14 34 17 82 16 3 2 26 4 68 3 1 1 10 11 25 5 89 19 57 7 89 8 38 12 17 0 15 9 7
11 65 9 93 4 44 13 70 19 99 0 9 8 93 3 89 14 51 17 29 6 91 1 40 7 33 12 59 10 42 16 5 2 54 15 5 18 69 5 18
8 98 2 76 7 97 4 64 11 49 13 54 15 82 6 62 1 63 9 56 5 37 12 85 0 57 16 34 3 3 14 71 19 43 10 72 17 39 18 22
16 7 0 14 5 39 3 32 1 82 2 13 10 79 13 57 8 84 17 12 18 94 15 72 14 28 11 48 19 25 6 14 12 37 9 7 4 98 7 77
14 86 19 62 0 78 8 64 12 18 9 79 11 55 1 55 16 9 3 59 5 40 2 38 15 9 17 7 10 20 7 53 4 4 18 20 13 58 6 15
6 69 11 17 13 93 2 97 7 46 4 28 17 18 9 21 10 74 0 50 14 55 3 36 8 13 16 71 19 42 15 46 1 22 18 18 5 26 12 80
18 39 5 43 16 42 2 88 17 52 10 72 15 37 9 6 13 10 7 85 1 22 8 77 12 77 4 42 11 55 0 45 19 19 6 83 14 46 3 41
19 99 14 2 0 18 15 87 6 15 12 45 8 21 17 74 5 59 2 31 18 30 4 96 13 67 7 78 16 31 3 60 10 32 9 39 11 62 1 83
6 3 4 89 9 64 12 95 1 41 14 58 11 59 17 77 16 88 8 88 13 66 18 75 3 47 0 23 15 81 7 72 10 26 5 64 2 33 19 97
7 21 18 80 0 5 14 95 19 10 4 93 9 49 8 65 3 7 11 90 6 1 1 44 12 75 2 62 15 78 13 69 5 60 10 48 17 43 16 89
9 8 12 93 6 25 18 76 15 41 3 16 16 19 7 16 0 80 5 39 10 16 2 69 17 71 8 15 4 3 11 3 14 31 1 91 19 27 13 93
2 56 5 86 1 98 0 31 9 63 19 60 13 2 15 91 4 64 14 24 8 20 16 46 10 84 18 6 11 29 12 69 3 90 6 91 7 76 17 55
17 5 19 20 6 36 16 32 10 86 14 19 12 7 3 59 18 8 11 9 13 76 8 2 9 51 15 96 1 81 7 80 2 58 0 59 4 38 5 25
11 41 15 95 8 25 4 99 6 45 19 83 12 20 10 35 9 5 3 48 13 98 14 23 2 58 0 37 5 14 17 32 1 75 7 57 16 96 18 8
5 12 0 82 6 54 3 90 14 60 19 16 12 91 2 87 8 92 15 40 16 55 9 64 18 37 7 63 10 88 13 84 17 11 4 82 1 36 11 48
17 78 12 73 4 89 2 23 0 46 16 5 8 7 19 87 5 20 11 33 13 94 9 31 15 11 1 64 3 89 10 68 6 29 7 46 18 30 14 61
12 87 7 57 1 26 13 57 3 94 0 38 15 10 18 80 2 31 16 59 19 73 5 82 17 71 4 55 14 61 11 19 6 36 8 59 10 61 9 90
4 98 19 10 8 47 14 60 0 52 17 14 18 95 16 75 6 57 1 35 11 60 3 66 7 98 15 8 2 50 12 86 10 95 9 11 5 24 13 50
9 56 0 33 10 78 3 28 7 87 19 98 17 57 15 67 2 55 1 13 13 66 14 4 6 90 16 26 8 25 5 48 18 28 11 90 12 4 4 50
14 24 11 97 19 84 9 98 15 77 10 94 18 86 4 36 7 29 5 93 12 86 8 68 6 85 17 60 16 19 0 57 3 83 2 19 13 41 1 23
19 14 9 64 8 18 18 88 10 20 7 91 5 51 17 38 13 97 6 31 15 92 14 21 4 57 11 31 1 76 0 82 12 19 16 2 3 6 2 76
19 16 0 59 16 2 17 75 1 50 14 3 18 29 9 91 2 70 4 13 13 23 12 72 15 66 8 26 11 38 5 74 6 46 10 35 7 17 3 84
13 47 5 83 6 68 14 77 4 99 10 23 1 21 8 81 19 76 0 97 16 95 7 78 18 5 2 45 12 22 3 16 11 69 9 25 15 44 17 79
13 16 11 5 5 80 4 64 10 49 9 61 3 59 19 72 6 5 8 77 1 21 15 93 17 66 0 1 2 55 16 38 12 8 14 54 7 54 18 98
7 53 8 9 14 41 19 26 4 79 2 43 1 59 16 45 13 90 10 94 12 3 6 25 18 26 9 92 17 77 5 13 0 54 15 75 3 61 11 39
14 90 0 81 16 69 1 18 12 39 7 5 3 9 13 83 11 55 2 58 8 85 15 45 5 73 17 12 4 78 9 35 6 92 18 62 10 5 19 15
14 27 9 97 1 10 8 62 18 65 11 22 12 48 5 62 7 97 10 1 15 90 17 96 16 15 19 61 3 96 0 93 13 12 6 67 2 5 4 23
8 29 9 59 5 63 7 28 2 43 6 48 11 95 15 4 19 64 1 28 13 47 18 38 3 84 17 4 10 34 0 39 12 21 16 3 14 32 4 54
4 55 10 99 12 48 2 67 13 65 5 23 17 99 16 4 8 84 18 71 6 32 7 52 19 14 0 52 14 18 9 81 15 77 11 43 3 72 1 82
1 63 7 2 19 73 12 62 0 51 8 4 3 67 13 22 14 29 4 86 15 47 10 41 16 20 9 28 6 65 17 90 18 9 2 71 5 64 11 34
1 86 5 66 15 95 0 67 18 78 3 59 16 4 17 44 11 14 12 57 2 36 14 61 4 37 19 6 9 56 8 65 10 79 13 72 7 73 6 23
2 34 0 99 16 35 18 1 1 19 3 29 10 54 15 85 9 5 13 67 12 13 19 48 14 4 17 73 5 76 7 56 6 54 8 45 4 62 11 49
12 71 11 39 7 48 1 28 18 37 6 9 14 29 0 55 9 3 19 97 4 40 13 26 16 35 3 9 15 7 2 86 5 26 17 11 8 41 10 23
1 89 10 48 16 5 17 77 0 43 2 98 12 9 7 7 8 68 3 5 6 19 13 78 4 70 18 50 5 9 9 96 19 26 14 37 15 17 11 85
17 77 13 11 18 79 11 39 4 82 12 11 15 98 6 79 19 24 1 14 2 83 8 4 10 66 5 66 0 2 9 43 16 59 14 7 7 8 3 21
16 95 11 3 13 68 15 67 2 83 12 5 3 5 0 11 17 11 5 79 10 83 4 96 19 29 9 35 1 34 7 87 8 82 6 66 14 3 18 70
0 73 12 16 3 37 9 19 14 30 8 94 6 21 11 66 18 91 19 85 17 13 13 31 4 95 1 80 10 75 16 89 2 55 15 38 5 61 7 45
19 28 13 75 7 5 10 57 15 42 12 5 8 88 3 59 9 23 14 24 1 78 6 64 16 38 18 78 11 39 4 98 5 16 0 13 2 61 17 80
7 78 13 44 14 38 10 77 1 10 16 87 12 40 3 61 18 6 6 93 0 53 5 21 11 77 9 57 17 77 4 36 8 47 15 75 2 39 19 41
14 6 5 9 4 11 17 85 10 19 3 59 12 22 6 91 1 37 13 72 11 11 18 86 7 85 9 99 8 21 15 97 0 65 16 61 19 64 2 34
19 56 13 23 14 5 12 86 8 99 6 6 10 36 3 69 1 47 18 49 7 34 9 85 16 18 11 40 5 79 17 70 2 91 4 99 0 28 15 73
4 38 17 5 8 8 9 76 19 50 7 54 15 74 13 98 12 69 14 92 18 88 10 67 11 25 2 62 3 20 5 92 16 6 1 35 6 97 0 68
10 14 6 4 4 46 11 61 8 36 2 66 0 43 18 34 5 17 9 19 14 41 3 86 16 8 15 24 19 39 12 4 13 34 1 90 17 51 7 29
13 34 15 11 4 4 8 26 3 20 14 25 19 64 2 53 5 36 17 58 7 89 11 40 9 4 6 70 16 14 18 44 1 65 0 13 10 70 12 15
