50 20
4 72 12 26 3 35 14 42 5 30 9 45 13 83 2 47 19 74 7 92 17 22 6 26 1 56 15 19 11 69 10 67 16 68 0 94 18 42 8 92
19 14 12 40 7 76 10 77 4 3 3 26 2 94 0 56 18 14 13 34 14 60 16 1 8 42 5 25 6 33 15 63 9 17 11 91 1 78 17 65
2 9 4 96 6 89 0 68 3 50 14 95 13 45 11 95 16 68 17 97 7 62 5 32 19 44 12 61 18 29 15 13 1 91 10 79 8 82 9 47
13 69 14 74 4 9 10 68 17 87 5 18 6 69 2 26 18 78 9 28 0 61 12 27 11 46 1 73 16 20 15 18 8 94 7 79 19 15 3 57
7 8 16 67 18 75 14 35 2 90 4 10 19 6 10 14 8 72 15 63 12 77 11 30 6 68 3 98 1 50 5 16 9 49 0 7 17 69 13 50
19 51 15 49 2 22 0 85 12 75 6 50 1 68 9 8 18 98 11 8 4 17 13 79 16 57 7 23 14 36 3 15 10 72 5 41 17 50 8 26
6 32 2 54 12 55 10 20 18 56 15 89 4 5 9 28 16 10 5 80 1 24 14 58 13 1 19 39 7 68 17 83 8 58 0 30 11 34 3 28
6 69 10 98 9 52 1 61 16 89 5 48 12 75 2 49 19 47 13 58 11 92 18 98 17 26 7 39 3 6 4 6 0 89 14 19 8 52 15 1
19 26 8 95 12 93 14 52 7 48 10 51 13 44 1 25 2 87 5 3 9 85 18 56 0 89 6 82 11 3 15 9 17 99 3 33 16 68 4 24
18 60 15 88 3 92 10 90 8 43 11 62 7 75 0 77 2 51 13 13 4 69 6 35 12 5 16 78 14 8 17 46 1 89 5 49 9 94 19 78
19 88 14 82 1 93 15 96 4 74 18 14 9 95 0 56 6 94 3 68 8 20 7 7 16 17 10 88 2 74 12 75 11 42 17 68 5 71 13 48
8 98 0 7 3 76 15 55 13 9 11 73 4 72 19 71 9 71 17 64 12 50 14 45 18 30 6 67 7 54 16 73 5 17 2 22 1 39 10 72
9 1 19 75 18 15 6 49 3 96 5 58 2 75 16 63 8 90 14 90 1 33 12 77 17 43 4 94 7 58 11 50 0 40 13 37 10 4 15 63
18 1 2 35 15 5 4 88 9 8 19 10 7 53 14 85 13 65 1 84 5 95 8 56 11 30 16 31 3 78 0 39 10 42 12 13 6 43 17 28
17 73 15 18 14 48 19 71 6 92 1 49 16 26 0 69 5 72 18 14 11 65 7 22 9 39 2 28 8 78 13 11 3 11 4 11 10 31 12 90
12 12 18 26 8 92 9 94 11 81 16 75 4 63 19 80 7 84 17 11 14 45 15 36 1 64 10 85 0 44 6 30 2 18 5 11 13 89 3 85
8 35 7 59 17 4 9 68 5 21 16 23 3 15 10 15 18 64 19 81 14 16 2 46 11 46 15 2 13 33 6 93 1 79 12 29 4 29 0 42
2 4 11 14 14 8 3 57 8 45 18 76 7 81 17 57 9 14 4 30 16 57 1 74 10 53 13 93 5 19 12 28 19 5 15 11 0 75 6 40
9 22 17 19 2 83 15 31 4 14 13 3 0 63 5 61 18 81 8 24 3 40 14 75 7 38 6 43 16 74 11 82 19 72 10 34 1 57 12 78
14 70 9 65 0 60 10 43 1 23 12 54 4 48 2 21 19 98 17 59 15 21 7 20 16 80 3 33 11 93 13 98 8 54 18 57 6 16 5 94
8 32 18 77 6 3 10 17 11 44 1 37 0 74 4 64 2 85 16 52 5 14 7 17 15 9 17 33 14 45 12 14 3 79 13 83 19 31 9 18
11 51 12 27 4 42 0 82 3 59 7 93 1 28 15 77 16 78 6 96 8 15 18 1 19 90 14 17 13 87 5 16 10 63 17 33 9 23 2 37
12 31 13 35 1 12 9 9 11 95 5 5 15 88 0 21 18 90 16 51 3 69 19 5 8 34 10 20 7 46 6 94 17 73 14 49 4 12 2 28
13 7 3 24 16 66 10 85 9 84 1 79 15 94 6 97 12 51 2 49 8 48 5 76 0 3 17 10 19 91 14 61 11 23 18 74 4 52 7 74
8 98 16 54 11 96 13 6 9 2 3 28 1 5 0 66 7 99 4 45 12 37 14 82 2 73 19 4 10 38 6 39 5 79 17 48 18 75 15 19
11 94 6 32 4 13 8 44 10 79 5 39 16 58 2 53 3 60 0 9 13 23 17 10 9 30 1 27 12 51 7 13 18 55 14 96 19 35 15 16
12 3 1 28 17 69 5 79 2 96 8 19 18 78 6 87 0 80 3 85 9 75 4 74 11 23 14 24 7 94 10 58 16 9 19 16 13 47 15 98
11 84 4 89 19 49 16 6 10 65 8 86 12 67 7 45 6 45 3 58 14 10 2 62 17 3 0 85 18 74 9 13 1 82 13 90 5 7 15 62
5 61 2 80 15 28 4 78 12 98 3 81 13 81 9 29 16 17 18 57 0 65 19 77 6 58 10 73 8 5 11 62 17 68 14 75 7 9 1 7
10 99 16 18 15 40 3 32 4 37 19 12 13 65 17 97 8 65 18 75 0 91 9 12 14 20 2 6 1 92 7 90 5 47 6 50 12 30 11 29
14 31 11 92 18 3 3 11 19 57 8 98 17 33 15 98 10 77 7 35 9 88 16 57 6 35 13 80 5 36 1 7 12 98 2 49 4 79 0 47
0 4 15 51 13 78 18 74 3 61 14 76 2 24 9 58 7 49 1 2 10 31 16 13 19 55 11 62 17 56 5 87 8 59 4 7 6 3 12 80
12 4 13 27 14 81 7 25 18 35 17 92 11 88 15 21 9 51 4 65 8 66 3 19 1 64 19 92 10 79 6 74 0 98 16 21 5 85 2 57
13 37 8 6 18 93 12 98 4 31 19 34 9 21 14 89 6 88 3 51 2 69 17 93 0 21 5 49 11 77 10 18 16 70 7 24 15 54 1 41
5 96 9 19 17 88 15 43 10 39 3 53 6 73 7 16 12 16 4 67 14 24 16 34 18 87 1 76 13 29 0 83 8 93 11 29 2 17 19 69
10 23 7 85 2 75 8 35 18 79 12 75 16 82 1 89 13 89 3 94 17 81 14 98 0 96 15 88 11 74 19 29 5 16 9 78 4 14 6 72
0 41 9 92 8 46 12 14 17 3 10 7 13 8 5 18 4 50 3 8 16 30 2 81 11 84 14 42 18 4 7 74 6 92 19 22 1 12 15 23
10 8 16 55 17 16 5 52 2 13 7 45 18 64 4 92 0 61 14 46 15 89 9 12 6 27 8 47 13 36 1 5 12 99 19 74 11 32 3 63
2 41 10 47 9 57 17 8 14 13 7 66 0 26 4 98 11 34 5 3 16 65 15 49 6 30 3 31 12 74 13 35 1 52 8 79 19 75 18 58
0 1 19 9 12 78 18 76 1 19 11 46 10 44 17 65 6 44 5 65 15 57 4 29 9 94 7 82 14 49 13 2 3 11 16 99 8 51 2 43
12 49 18 69 16 59 1 97 6 24 0 30 4 87 14 34 15 89 19 6 10 79 11 85 3 42 5 24 17 15 13 72 2 32 8 65 9 87 7 74
5 55 9 68 6 61 12 6 2 99 11 39 0 23 15 44 3 12 17 1 18 41 7 81 14 12 10 78 13 37 19 45 8 11 1 28 4 59 16 9
3 33 4 26 19 45 14 40 2 71 18 82 15 70 0 23 16 91 13 23 5 16 9 83 6 67 17 73 11 56 7 95 8 46 10 83 12 97 1 68
14 47 15 75 11 43 17 7 18 41 3 74 12 85 8 51 1 53 16 91 13 95 7 35 2 54 19 88 5 94 9 61 0 33 6 32 10 32 4 67
13 73 5 67 2 73 3 77 7 57 15 41 10 81 9 1 0 86 1 78 6 66 19 92 12 95 4 44 8 90 14 9 16 89 17 32 18 86 11 94
1 47 13 52 4 62 5 11 18 30 12 34 11 53 9 5 15 13 14 73 17 62 6 62 19 46 2 68 3 8 16 76 10 53 8 75 0 62 7 40
1 32 19 74 2 92 4 22 13 49 6 38 8 33 14 23 11 91 9 82 16 28 0 20 10 60 15 2 12 34 17 7 3 94 18 84 5 66 7 35
6 57 12 19 18 41 8 95 1 57 9 4 16 6 13 70 0 9 3 41 2 57 17 5 11 74 5 93 10 61 7 37 19 32 14 11 15 63 4 4
3 3 1 19 17 40 19 1 5 76 2 38 16 78 13 2 7 77 4 66 14 55 10 20 15 4 12 41 18 69 0 74 8 76 9 56 6 38 11 60
18 40 8 46 0 32 12 31 17 93 9 32 4 17 13 34 19 20 10 91 2 59 5 50 6 27 16 60 14 33 7 26 15 53 11 42 3 81 1 13
