50 20
8 50 3 66 6 59 13 98 7 62 1 33 11 71 16 14 18 28 9 78 0 65 17 76 10 18 14 27 19 95 2 28 12 95 4 57 5 12 15 16
4 55 17 76 2 36 5 47 9 59 8 32 6 80 0 33 15 85 16 9 7 10 13 87 11 79 12 3 14 22 3 20 10 27 18 86 19 93 1 54
7 17 0 37 17 6 18 24 1 51 12 65 3 44 13 72 9 90 19 90 10 94 5 82 15 58 14 74 6 52 11 3 2 82 8 66 16 87 4 28
12 95 16 23 13 56 9 19 10 87 17 18 14 16 19 3 15 27 5 61 7 72 4 13 0 9 6 73 8 94 11 34 1 98 3 14 2 5 18 96
14 7 5 29 16 52 11 40 6 65 17 47 2 89 19 60 4 86 1 80 7 82 9 77 12 67 0 1 3 19 8 66 15 67 10 34 18 44 13 15
5 18 12 83 19 87 13 46 14 7 8 76 0 18 11 10 4 40 3 50 6 26 15 19 7 21 18 85 9 1 10 23 1 2 16 78 17 10 2 37
19 46 2 84 10 90 7 1 14 23 4 54 16 17 18 58 17 17 13 27 3 17 12 42 15 69 11 95 1 55 0 74 9 47 6 9 5 54 8 45
4 32 12 85 2 29 6 53 5 23 18 83 15 29 16 6 1 79 9 66 7 45 0 10 17 23 14 95 8 42 19 4 11 56 3 73 13 68 10 64
8 60 4 2 5 59 13 92 9 53 7 50 19 21 12 85 14 78 6 55 17 21 0 80 18 31 15 54 3 35 11 12 10 71 2 71 16 48 1 49
8 18 17 42 2 3 15 8 6 35 16 30 7 70 3 53 10 29 4 38 5 44 11 88 13 84 14 42 19 34 1 95 12 7 0 78 18 54 9 7
4 65 12 16 3 5 9 87 2 53 8 25 0 34 16 63 6 23 1 50 5 67 19 60 18 71 7 21 17 83 11 74 15 52 13 62 10 34 14 30
9 5 5 53 17 78 2 71 0 51 8 74 15 54 10 82 3 19 13 14 19 3 16 85 18 63 11 92 12 98 1 68 6 25 4 9 14 41 7 40
17 55 8 30 7 23 12 91 18 52 3 97 19 49 0 4 11 82 5 52 1 45 6 35 13 18 15 94 10 78 4 60 16 46 2 82 14 12 9 15
15 35 6 10 5 82 3 17 4 66 16 70 19 57 18 67 8 95 2 75 17 18 12 54 10 35 0 57 1 90 14 77 9 23 7 26 11 56 13 36
15 8 6 37 10 60 12 58 9 64 8 7 16 90 3 13 4 32 1 95 11 81 2 66 7 28 0 39 14 5 13 44 17 58 5 71 18 74 19 45
8 87 14 85 19 36 17 52 3 89 5 12 11 51 2 60 1 7 13 96 15 98 18 44 10 15 12 14 0 64 4 24 16 31 6 62 7 79 9 69
3 62 1 11 8 34 15 70 19 40 10 47 4 80 13 23 2 96 14 97 17 2 11 26 16 48 0 91 5 34 6 74 7 11 18 32 9 49 12 86
8 1 11 61 12 71 4 22 2 81 19 42 10 6 7 2 9 66 5 46 6 69 16 39 17 79 1 98 15 9 3 49 0 33 18 40 14 12 13 85
8 67 10 84 0 55 2 13 15 12 12 78 7 23 11 67 16 91 18 9 14 48 5 19 19 73 3 92 1 80 17 39 13 34 6 42 4 91 9 78
18 90 1 16 12 40 7 34 5 92 13 18 9 2 10 45 6 83 15 93 17 53 11 6 0 68 16 5 3 4 19 94 8 96 4 14 14 38 2 47
12 77 15 52 17 95 1 69 3 92 4 9 5 92 9 73 8 53 7 81 10 74 16 19 2 69 11 28 18 10 13 5 0 48 6 4 14 99 19 35
14 48 8 44 9 5 0 30 5 76 16 26 1 5 11 14 10 18 7 33 2 2 4 83 18 13 15 96 3 11 12 7 19 35 17 7 6 31 13 85
5 48 18 80 14 75 7 57 19 92 2 77 12 76 8 59 9 40 4 70 16 65 6 32 11 98 3 75 15 56 0 95 13 24 10 58 17 83 1 46
19 39 8 36 7 43 13 9 9 18 12 24 4 68 15 67 16 90 11 77 1 39 18 4 10 27 0 30 17 88 6 3 3 12 5 58 14 17 2 76
13 94 1 22 16 53 19 82 9 87 0 8 14 23 5 99 4 18 8 71 18 39 15 32 11 69 3 86 12 91 17 58 10 24 6 78 2 1 7 13
6 85 4 37 2 66 13 35 0 13 5 71 11 1 7 46 18 40 8 29 14 49 1 23 9 48 15 6 3 54 16 8 12 32 10 99 17 96 19 7
1 40 17 56 15 97 8 49 5 15 18 18 14 67 6 97 7 31 0 35 9 60 4 44 12 80 11 15 10 11 2 92 3 85 19 93 16 47 13 49
6 23 18 87 19 58 14 17 4 26 3 70 1 68 17 78 2 97 7 37 15 18 10 55 5 7 9 77 12 37 16 52 8 44 0 22 13 88 11 2
3 40 5 97 9 95 16 7 15 53 4 45 13 66 7 94 18 61 11 29 10 88 8 77 12 2 1 62 0 67 14 5 2 8 6 71 19 89 17 21
6 35 9 81 19 43 13 39 16 47 18 53 0 28 3 50 2 61 15 19 12 14 11 90 4 77 5 11 1 64 10 52 8 16 7 55 14 15 17 14
11 92 1 79 8 40 14 59 15 70 2 32 6 9 4 92 5 76 12 38 16 17 17 30 19 53 13 92 7 19 0 59 3 60 10 79 9 24 18 88
3 72 6 64 1 50 7 49 10 68 13 30 12 88 14 45 2 4 15 53 17 90 4 71 18 28 5 21 8 76 16 24 11 29 0 14 9 53 19 58
10 21 9 83 16 21 8 81 1 71 17 39 3 53 18 42 15 21 11 44 12 20 14 88 4 71 2 39 7 67 5 27 6 3 19 14 0 22 13 86
8 7 3 30 17 93 15 33 0 63 6 32 5 65 14 81 11 60 9 42 18 67 1 50 2 49 10 99 12 6 16 34 13 49 4 46 7 79 19 81
7 54 16 87 13 48 19 8 2 7 0 12 18 97 1 67 10 57 17 50 6 77 14 41 15 75 5 22 11 21 3 83 9 59 4 70 12 2 8 31
3 50 11 13 18 30 0 65 2 72 9 95 6 33 15 40 10 94 14 28 17 73 16 36 13 20 12 46 4 92 5 47 1 33 7 17 8 1 19 65
5 23 13 4 1 5 0 59 2 44 15 99 3 24 4 93 10 69 17 41 14 48 6 7 12 15 8 45 18 96 11 64 16 7 9 60 19 78 7 76
12 68 18 80 3 87 8 5 1 30 5 12 10 54 7 26 6 67 4 76 16 92 2 34 15 9 17 12 14 41 13 42 11 56 19 63 0 8 9 63
10 14 0 63 2 16 19 43 17 44 3 50 8 82 14 28 15 55 13 57 7 81 11 14 12 64 9 38 16 40 6 67 18 69 4 48 5 35 1 25
17 70 15 40 11 77 18 74 9 15 1 16 0 54 19 65 7 41 3 35 10 7 14 41 6 61 13 26 5 67 16 31 2 89 4 34 8 53 12 21
8 47 18 81 9 36 14 9 3 70 19 61 12 3 2 7 7 30 1 42 4 7 5 6 17 44 16 67 15 33 6 27 11 89 10 27 13 80 0 22
14 72 5 24 18 39 6 47 16 82 7 79 3 3 4 13 17 20 8 18 13 13 19 31 15 62 10 43 9 73 2 73 11 6 1 66 12 81 0 8
2 47 7 57 1 91 3 72 10 45 6 93 11 91 8 87 12 9 15 51 5 12 16 96 9 6 0 78 14 33 19 37 18 83 17 70 4 13 13 17
6 93 3 72 11 34 2 92 12 64 10 58 15 37 14 90 16 30 1 43 18 39 8 85 9 94 19 89 5 67 13 5 17 80 4 85 7 58 0 7
8 10 3 27 19 50 14 51 5 74 2 32 15 38 10 36 7 18 9 32 11 83 0 20 12 33 6 68 16 78 1 82 17 56 13 83 18 13 4 98
4 5 14 65 1 65 10 30 9 52 16 80 2 48 5 6 13 45 3 65 12 24 15 88 7 50 6 61 18 12 11 49 17 8 8 60 0 44 19 64
5 30 6 81 17 78 3 72 15 64 14 35 10 72 7 50 8 24 16 51 0 51 19 28 18 85 12 14 4 46 11 71 1 35 13 55 2 39 9 98
9 2 17 57 6 34 3 63 13 6 19 34 7 48 8 82 2 63 15 51 11 80 4 28 12 75 0 93 1 28 18 4 16 41 10 12 5 46 14 74
8 79 7 87 17 20 19 76 0 51 13 33 16 41 14 57 5 36 3 10 9 98 2 10 12 35 11 26 1 7 18 88 10 99 15 25 6 54 4 19
4 68 1 53 19 87 13 90 10 72 17 57 12 43 0 76 2 89 3 56 16 7 11 18 15 51 9 43 7 18 8 83 14 6 18 86 6 21 5 82
