50 20
9 79 3 40 5 28 18 63 6 6 0 82 12 27 1 73 19 1 15 37 7 66 8 98 11 76 10 33 17 26 14 16 4 9 13 72 2 3 16 36
13 72 19 38 8 26 15 57 6 97 18 41 0 80 14 90 1 32 9 42 2 93 11 50 3 19 12 83 4 43 17 46 7 32 10 15 16 10 5 90
1 74 10 58 5 20 17 68 11 23 8 24 9 1 16 44 2 32 7 90 12 72 0 91 19 80 6 17 13 62 4 5 18 11 15 22 14 81 3 56
16 40 10 7 11 78 4 15 8 33 0 24 12 86 13 1 19 13 18 84 14 98 2 14 6 81 17 13 5 73 7 94 15 44 3 20 1 97 9 23
12 6 15 16 18 87 0 81 13 28 11 28 10 56 8 49 16 52 19 64 17 58 1 14 7 93 4 76 2 98 5 23 9 88 14 13 3 38 6 42
9 35 4 72 13 20 0 92 10 27 5 43 15 50 7 74 17 23 11 34 12 53 16 6 2 46 8 43 6 25 18 21 1 75 14 59 19 16 3 89
1 75 16 26 4 63 9 25 10 11 6 69 18 74 14 77 15 90 2 19 11 25 13 47 5 32 3 5 12 24 17 70 8 55 7 98 0 12 19 37
19 31 8 76 18 42 1 2 16 90 15 37 17 11 5 14 9 28 2 26 13 16 7 61 4 46 12 70 10 65 6 45 11 53 0 15 3 29 14 58
10 27 7 30 12 71 16 16 3 58 5 94 1 67 14 10 13 32 15 93 0 18 4 94 2 24 8 76 9 70 17 45 11 38 19 24 6 42 18 79
12 5 13 19 6 77 0 65 15 33 19 90 3 79 10 90 11 20 4 26 14 31 8 55 9 8 2 80 1 54 17 9 7 80 18 85 16 69 5 81
11 93 9 90 5 28 18 57 13 23 2 43 3 15 19 54 4 93 6 64 0 49 17 34 12 7 7 66 16 74 14 44 8 46 10 79 15 53 1 15
6 71 12 34 3 38 0 31 19 6 9 27 5 25 15 77 8 39 11 43 7 61 1 33 2 38 13 4 18 73 14 46 16 95 17 33 4 44 10 1
17 79 7 73 3 99 5 89 1 41 10 91 19 17 14 76 2 3 4 33 15 74 18 50 16 67 9 1 0 76 12 45 6 99 13 34 11 90 8 75
2 7 5 56 17 6 1 50 19 71 8 62 12 83 4 88 11 67 16 92 0 1 7 9 15 1 18 11 3 98 14 19 9 71 13 54 10 45 6 3
2 92 5 40 10 64 16 4 13 73 9 14 7 30 14 91 1 29 15 66 3 65 6 24 4 2 12 16 0 18 8 57 17 80 19 73 11 94 18 55
1 98 15 81 13 83 7 13 19 16 5 97 16 55 9 83 14 35 18 11 17 46 2 13 8 75 11 12 4 35 12 19 0 56 3 12 6 62 10 54
15 64 7 32 10 18 0 15 8 17 1 70 11 17 3 47 4 3 14 92 13 80 6 77 5 62 2 22 12 46 16 95 19 80 17 12 9 37 18 86
1 96 10 35 8 3 7 59 13 26 16 93 18 7 11 69 12 87 19 8 15 99 0 93 3 58 5 32 2 61 17 97 9 15 14 29 4 43 6 40
15 9 0 92 12 20 19 15 5 28 9 55 11 2 7 80 8 67 18 84 13 59 17 12 4 29 2 15 6 2 10 41 14 70 16 29 1 62 3 75
3 36 9 92 5 76 11 20 2 14 14 63 12 4 19 18 7 55 1 50 4 24 10 94 13 99 17 91 18 67 8 42 0 30 6 34 15 3 16 85
0 47 16 7 8 27 5 4 6 94 14 67 13 40 4 7 11 94 12 65 7 88 2 9 19 50 9 74 10 42 1 76 3 34 17 18 18 92 15 4
9 88 19 9 1 95 10 16 11 49 8 16 7 30 6 67 3 60 17 40 13 94 18 15 4 32 5 97 2 44 16 72 14 49 12 50 0 18 15 44
9 29 2 96 0 16 8 56 14 39 6 62 3 19 13 26 1 93 11 1 19 68 15 66 10 59 4 63 7 4 12 47 16 29 18 86 5 72 17 55
7 52 2 1 19 23 14 50 12 4 3 45 10 1 15 81 6 9 18 55 11 34 4 50 16 48 13 44 17 14 9 80 8 33 0 55 1 51 5 59
11 27 7 23 0 19 13 8 3 49 1 29 12 34 8 27 16 19 10 8 5 46 17 94 19 7 15 53 18 93 2 11 6 75 14 73 9 64 4 72
0 47 19 71 11 44 3 82 8 83 18 72 16 5 9 44 15 99 6 80 1 55 13 54 4 40 10 68 5 28 17 25 14 67 2 6 7 19 12 52
19 74 3 15 6 54 13 95 16 49 12 64 7 17 17 60 11 17 14 58 0 59 2 99 15 61 8 5 18 83 9 7 10 81 5 82 1 10 4 87
1 80 18 81 12 36 9 64 11 85 7 12 10 98 4 14 2 30 13 21 19 68 6 59 14 67 0 44 16 39 5 24 8 22 17 65 3 81 15 10
14 20 4 13 18 5 9 93 11 22 10 31 13 2 2 32 1 73 0 49 17 42 16 92 5 1 7 62 8 84 19 18 15 93 6 56 12 45 3 27
5 23 10 44 3 10 8 69 4 62 6 68 9 3 12 57 14 84 1 61 13 79 11 58 15 31 17 75 19 13 7 3 16 60 2 44 0 33 18 48
6 70 8 6 11 82 2 42 14 18 13 89 16 68 17 1 1 96 7 23 0 43 10 56 3 37 15 33 9 94 4 56 5 5 18 31 12 2 19 57
19 81 4 89 3 29 0 51 1 74 11 45 5 33 13 27 9 44 2 77 7 88 10 64 6 38 14 48 18 82 15 28 8 52 16 80 12 52 17 29
11 22 17 8 7 78 16 85 6 47 12 62 13 41 15 19 9 56 10 55 19 18 1 22 5 80 2 90 3 7 0 1 8 23 4 48 18 37 14 9
6 17 9 58 12 88 0 57 17 51 7 17 10 31 5 14 3 83 14 41 8 20 4 48 19 31 18 77 2 22 13 43 15 5 11 80 1 10 16 49
5 72 8 83 7 48 17 44 12 45 18 10 15 83 3 14 11 45 19 21 13 37 16 96 2 78 4 23 1 24 9 81 10 9 6 40 0 12 14 32
19 14 3 62 7 43 10 52 11 75 13 17 2 47 1 58 12 7 9 54 15 45 5 55 18 70 14 47 4 19 17 79 8 30 16 22 0 55 6 60
12 27 8 37 19 68 3 54 5 66 11 55 2 84 14 6 6 92 0 9 17 73 7 58 1 34 13 45 16 37 9 76 10 9 4 86 18 18 15 56
19 4 7 93 6 15 12 28 8 41 1 24 14 79 11 87 3 9 17 6 16 85 13 54 2 10 15 28 5 62 0 85 18 25 10 21 9 2 4 52
1 48 7 30 18 40 11 86 16 16 15 32 17 23 14 38 10 74 6 82 5 81 4 38 2 9 9 3 0 80 19 29 13 61 8 5 12 83 3 60
6 30 2 73 17 84 18 79 10 99 1 78 3 36 16 45 4 80 5 21 13 63 9 96 19 78 0 94 7 70 14 55 11 48 8 87 15 50 12 50
17 36 14 45 6 79 0 6 10 91 5 67 8 85 18 13 19 46 12 61 11 96 4 17 3 56 2 23 9 78 7 65 15 85 1 75 13 27 16 64
11 46 12 33 18 51 2 46 16 83 14 58 3 6 9 31 0 46 15 6 7 97 8 64 5 78 17 49 19 27 6 49 1 39 4 67 10 17 13 97
1 96 17 59 4 82 6 69 0 76 5 28 14 78 19 78 16 56 9 78 15 54 8 54 2 12 3 71 11 27 13 19 12 54 10 44 18 71 7 6
5 89 6 90 0 45 12 9 9 83 16 39 14 37 17 18 10 21 2 47 18 56 19 48 4 94 3 40 13 96 15 73 11 35 1 62 8 88 7 23
16 41 6 91 18 38 19 37 7 80 11 24 3 90 0 13 8 95 17 87 10 6 1 3 12 16 14 65 4 73 5 70 15 20 2 44 13 93 9 53
5 84 17 15 19 65 15 5 9 58 14 40 1 29 18 37 10 41 12 39 11 95 4 80 16 61 0 32 7 35 2 34 13 66 6 69 3 11 8 22
1 92 9 31 16 48 13 23 3 14 0 60 11 31 7 52 6 82 2 40 17 48 18 33 14 53 15 83 10 96 19 46 8 7 5 49 12 17 4 29
11 71 13 56 19 64 10 66 15 40 18 2 17 87 4 67 14 56 0 55 16 11 7 19 9 6 6 96 2 70 8 40 5 99 3 65 12 81 1 23
11 4 8 43 7 3 17 19 6 36 4 57 16 80 1 24 9 81 18 17 0 56 12 65 15 45 5 30 13 51 14 32 19 73 2 20 10 25 3 58
0 61 4 65 14 6 18 97 8 25 6 99 17 60 3 99 9 78 11 38 13 89 10 52 1 82 5 51 7 89 12 29 19 1 15 99 16 65 2 38
