50 20
9 4 10 44 14 15 4 30 6 22 16 64 8 8 7 28 18 4 3 70 2 95 11 17 5 99 1 11 15 91 19 59 12 5 17 27 13 82 0 95
9 44 14 72 18 90 17 52 0 98 4 64 2 58 1 84 11 60 6 50 16 96 3 90 8 86 10 44 13 90 15 4 7 57 5 24 12 20 19 13
6 44 19 15 10 25 14 37 11 2 16 71 8 39 15 26 3 6 2 63 13 95 4 81 7 21 5 34 1 85 12 27 9 50 17 56 18 38 0 2
15 71 5 15 12 45 8 89 4 17 10 51 17 2 7 37 14 43 13 87 16 14 9 99 11 91 0 67 18 78 2 39 3 24 1 68 6 37 19 76
9 23 1 21 4 98 5 56 0 22 12 77 13 70 10 42 2 84 3 74 11 1 19 48 17 69 6 15 8 61 7 55 18 87 16 91 15 3 14 60
5 61 7 53 12 95 2 60 14 96 1 63 6 33 8 95 13 86 4 39 0 54 17 23 18 63 9 54 11 83 19 8 15 62 3 29 16 32 10 85
2 38 16 83 10 97 13 2 6 16 14 50 3 98 5 60 4 87 15 80 11 13 9 58 19 20 17 10 7 28 8 18 12 36 0 13 18 55 1 20
0 43 18 28 5 23 6 73 17 97 15 26 2 76 19 32 10 63 8 80 4 59 11 49 3 56 14 64 13 33 16 75 1 63 12 34 9 70 7 70
4 2 6 55 11 52 18 81 7 89 16 79 12 35 17 73 9 11 8 66 5 19 1 23 15 63 13 30 3 84 19 48 10 8 14 93 0 4 2 16
9 12 4 67 14 25 10 65 11 9 0 90 5 18 6 43 12 76 7 82 13 67 16 82 8 57 2 72 3 42 1 39 19 24 17 80 18 54 15 58
3 9 18 23 13 49 14 71 6 80 11 65 0 4 4 33 9 26 5 64 12 46 19 15 15 48 17 6 16 84 10 99 1 64 8 82 7 15 2 27
12 30 17 20 5 28 14 80 6 44 1 69 19 98 2 53 8 92 13 9 9 5 0 5 16 29 15 90 3 78 4 49 7 72 18 25 11 70 10 77
16 3 5 14 2 72 17 79 6 19 11 82 13 16 7 72 19 41 4 90 10 46 8 8 3 65 18 16 14 53 12 89 9 10 15 34 1 20 0 4
2 55 4 66 14 39 17 85 12 28 7 63 13 60 19 2 3 85 0 38 5 70 8 8 15 55 18 47 9 23 6 1 1 5 11 27 16 65 10 75
0 59 15 69 13 68 7 27 16 37 10 60 5 43 14 36 19 73 18 51 6 87 8 30 3 63 2 43 9 81 17 58 12 8 11 90 1 58 4 54
5 52 6 63 13 2 9 73 14 9 1 8 19 6 7 61 10 37 0 25 17 35 18 26 12 43 11 6 16 43 2 82 8 94 3 79 4 88 15 25
12 59 17 8 14 97 16 35 9 53 0 96 3 62 15 74 18 20 11 82 13 14 1 75 6 75 19 76 2 4 5 7 7 48 8 17 4 54 10 90
19 80 7 86 13 81 11 82 8 45 1 33 5 57 9 21 14 13 18 43 16 60 2 13 4 89 10 84 3 73 12 74 17 83 15 76 6 56 0 62
2 85 13 15 18 32 8 27 6 83 10 3 17 60 1 31 11 22 3 11 4 71 0 79 12 14 16 94 19 29 15 46 14 56 9 60 7 71 5 7
7 94 1 26 5 11 3 10 13 68 15 79 2 3 18 86 0 5 10 12 12 33 14 13 9 72 4 85 17 98 16 24 6 20 11 25 19 94 8 58
0 47 12 66 4 23 14 86 11 79 2 40 6 86 3 49 1 57 9 44 15 98 18 90 19 15 10 50 8 75 5 20 16 39 7 85 13 57 17 75
10 11 5 91 16 47 2 26 15 85 14 62 8 73 12 94 19 73 0 82 13 82 7 39 9 42 11 12 4 55 17 86 6 7 1 26 3 11 18 32
16 32 3 39 13 35 2 48 9 62 6 69 1 32 11 9 10 10 0 19 12 72 7 14 5 38 18 30 17 58 8 22 14 7 4 10 19 1 15 9
4 37 18 65 8 88 9 61 6 84 0 59 2 9 15 90 16 33 14 16 19 31 13 30 3 96 5 20 1 58 17 67 11 5 10 35 12 18 7 96
10 51 5 44 6 6 0 91 16 88 18 46 12 53 15 90 9 57 4 65 1 7 19 83 8 2 14 13 2 8 7 92 17 53 3 38 11 61 13 90
4 47 16 4 12 82 19 60 17 16 3 61 1 59 7 93 18 69 6 4 2 1 11 67 9 40 14 69 15 76 8 72 13 23 0 39 10 70 5 8
0 8 16 74 13 31 5 99 19 76 10 99 9 37 11 5 3 90 2 66 15 63 7 29 17 58 6 58 4 78 14 15 8 18 18 28 1 7 12 58
18 64 5 29 14 21 12 79 17 6 1 40 7 98 3 7 8 56 10 3 4 71 15 27 2 44 9 64 13 92 16 37 6 30 19 60 0 55 11 20
7 41 2 11 14 90 0 79 3 53 4 40 8 56 12 13 10 80 11 3 15 98 16 14 18 95 9 44 5 4 1 63 13 83 6 67 19 8 17 59
8 94 15 86 14 57 13 10 11 92 1 45 12 38 10 1 19 21 7 78 18 79 17 68 6 14 0 71 2 49 5 80 4 70 9 68 3 81 16 1
1 33 18 96 14 86 5 50 9 89 3 61 12 97 8 25 19 9 16 9 15 9 17 23 2 76 0 40 10 88 13 83 7 91 6 74 4 87 11 17
15 23 17 18 12 88 8 76 16 76 9 80 3 86 19 31 7 83 5 77 4 12 2 36 11 95 14 23 13 42 18 68 0 57 1 25 6 5 10 4
4 8 9 80 7 72 3 65 10 34 18 26 12 98 13 24 19 43 5 15 15 63 17 4 16 69 1 44 11 84 8 59 6 60 14 10 2 40 0 73
11 17 13 64 5 65 3 64 4 1 10 37 17 70 18 46 7 14 2 71 1 19 15 90 8 17 6 85 16 4 9 86 19 38 14 9 12 25 0 2
9 71 4 66 5 99 12 44 10 45 15 86 8 8 11 20 0 33 1 32 2 21 14 55 16 29 17 9 19 42 13 56 6 93 18 12 3 59 7 17
6 61 7 70 19 5 11 38 9 77 4 11 0 39 15 63 1 32 5 24 10 56 13 35 18 53 16 40 17 78 14 93 3 79 8 69 2 21 12 21
16 84 5 35 2 92 1 17 9 61 0 52 12 67 11 30 14 38 4 80 8 55 7 91 15 54 18 72 10 51 6 12 19 86 17 83 13 82 3 44
0 99 7 95 16 97 13 13 6 21 15 84 12 29 2 91 9 13 8 37 5 69 17 90 10 70 1 18 14 21 3 29 19 7 11 48 4 32 18 98
0 71 1 30 14 36 11 32 4 84 2 52 10 97 5 50 12 95 8 70 15 90 9 61 7 95 6 77 13 14 18 8 17 11 19 65 16 53 3 11
17 55 10 67 11 15 15 99 9 45 7 86 2 4 18 75 8 85 0 69 14 57 3 6 12 20 13 16 1 89 6 62 19 27 16 33 4 90 5 79
9 42 15 47 13 35 17 83 2 58 6 19 10 51 16 47 14 74 11 8 18 3 4 13 3 79 7 51 5 68 12 72 19 52 0 70 1 50 8 74
4 51 17 80 10 49 9 66 3 93 12 79 13 24 0 92 5 23 14 86 1 17 6 59 7 27 2 19 11 62 8 86 19 84 18 82 16 53 15 66
1 27 4 42 0 40 10 95 3 99 14 6 9 43 7 22 6 80 19 97 15 5 17 93 12 84 2 75 13 62 5 97 18 82 16 33 8 16 11 64
19 86 18 92 9 66 14 91 7 18 12 17 11 40 3 70 15 16 6 71 0 19 17 9 16 71 5 97 1 87 13 64 2 64 8 85 10 43 4 80
4 71 3 66 2 19 15 7 9 32 6 56 17 9 16 51 10 7 13 67 0 81 7 40 18 79 19 15 12 81 1 46 8 47 14 75 11 78 5 96
12 80 4 81 14 18 10 4 9 50 18 96 15 70 2 22 17 82 19 73 6 16 5 55 8 91 0 61 3 97 13 74 11 73 7 37 1 57 16 1
1 18 8 26 13 94 7 13 6 15 15 30 5 30 3 36 14 89 10 20 11 32 2 18 18 71 9 87 17 66 4 90 0 71 19 62 12 46 16 62
15 11 18 70 16 9 17 19 19 61 7 20 11 26 1 38 8 45 13 80 2 34 4 59 14 79 0 33 10 6 12 80 3 48 5 85 6 32 9 62
5 88 14 83 18 31 8 23 11 39 1 19 13 7 15 19 16 33 7 61 12 90 3 72 19 67 10 86 4 64 6 43 0 64 2 3 9 93 17 76
18 73 0 8 6 38 7 70 9 82 13 73 4 25 3 68 19 62 2 41 15 30 14 60 10 7 1 57 16 75 11 21 17 99 5 93 8 27 12 17
