50 20
8 99 12 12 6 30 9 98 5 56 4 58 11 45 14 89 15 54 16 2 3 79 2 60 17 12 7 42 10 55 1 37 19 95 18 70 0 27 13 7
16 58 1 61 7 84 13 27 6 31 5 45 19 23 12 89 8 7 0 86 15 57 10 1 3 27 17 51 4 96 2 93 11 89 9 35 14 93 18 47
13 98 19 27 15 3 4 67 7 20 2 52 1 56 17 98 10 38 5 38 0 87 8 40 6 42 9 55 11 50 18 59 3 48 16 7 12 87 14 37
17 48 7 9 15 80 9 93 5 7 8 87 10 98 11 12 3 59 14 38 2 41 6 61 12 63 18 45 1 95 4 88 0 21 13 81 16 16 19 6
5 74 11 93 2 8 15 6 4 18 17 61 14 56 16 79 9 84 10 26 18 48 12 89 3 60 13 88 6 2 0 19 7 21 19 42 1 61 8 27
18 31 5 29 8 21 12 23 6 17 11 9 13 16 0 82 4 71 16 76 1 46 2 57 3 51 15 84 9 10 7 43 17 25 10 2 14 4 19 93
0 28 6 9 12 40 3 45 9 3 18 87 1 96 13 93 14 59 15 22 10 35 17 60 7 81 16 43 4 27 5 78 8 94 2 18 19 84 11 72
7 33 1 15 10 75 2 10 18 50 9 23 0 32 14 90 12 9 3 75 5 36 16 87 11 54 8 76 6 97 19 52 15 51 17 89 13 85 4 34
2 92 17 52 12 70 19 90 10 53 0 13 11 8 5 87 14 26 16 54 9 35 7 55 6 43 18 2 1 37 13 41 3 10 15 3 4 68 8 94
18 87 19 29 8 67 4 91 15 21 7 69 14 18 17 19 12 41 13 6 3 49 9 63 11 65 16 90 2 40 1 63 10 75 6 80 0 15 5 33
14 14 19 87 5 74 17 50 11 37 15 58 8 16 0 54 1 58 7 72 12 9 18 73 3 70 6 67 13 8 10 81 2 86 9 14 4 70 16 17
16 91 2 74 4 16 1 23 8 83 6 82 7 71 12 15 15 50 19 97 17 12 10 20 9 12 18 5 3 94 11 55 13 61 5 3 0 40 14 90
17 45 4 46 9 19 11 33 14 46 0 19 5 92 1 91 16 52 6 4 19 70 8 72 12 61 2 86 15 77 10 35 18 4 13 70 3 21 7 86
15 30 13 52 18 63 1 94 12 41 8 36 5 13 4 8 17 52 9 38 2 41 6 23 7 50 10 87 16 20 11 17 3 66 19 62 14 22 0 4
13 67 10 70 3 34 8 35 19 17 2 99 7 5 1 53 5 72 4 28 14 41 12 27 17 7 6 30 11 87 16 66 0 57 18 3 9 60 15 32
4 46 19 10 12 29 2 38 14 71 1 42 9 51 0 99 17 73 6 42 10 66 8 60 15 81 5 44 7 13 18 67 11 47 13 48 3 50 16 27
18 60 3 90 16 3 5 40 12 72 4 47 6 74 13 63 15 20 1 82 7 39 2 49 17 67 8 82 0 56 14 55 9 77 10 16 11 75 19 64
17 7 11 28 0 7 4 27 7 78 16 50 12 12 19 13 9 5 8 18 13 81 18 50 2 21 1 15 5 52 3 88 14 23 6 94 15 73 10 78
12 25 1 1 14 37 13 20 17 99 19 34 2 94 3 67 6 52 8 75 16 66 18 63 11 85 7 84 0 55 10 5 4 83 15 63 5 96 9 18
18 27 16 1 3 82 2 42 14 64 7 30 6 84 10 91 13 66 9 87 17 45 4 24 1 66 8 36 11 16 0 16 12 45 19 17 5 62 15 79
14 8 16 27 10 53 12 56 4 16 11 77 15 27 13 83 8 90 3 16 17 31 19 8 7 64 6 97 18 54 5 78 2 36 9 80 1 33 0 76
10 7 9 61 14 99 13 14 11 97 4 54 1 98 12 86 0 81 3 42 18 38 17 70 19 50 15 19 16 52 6 69 2 62 8 57 7 92 5 94
16 33 0 73 17 27 10 61 14 82 9 33 1 56 12 78 6 91 15 92 11 28 18 43 3 95 2 78 19 97 5 45 4 81 13 58 7 89 8 8
17 12 15 24 16 75 6 65 11 80 7 30 9 15 13 37 4 34 8 65 10 96 14 54 3 40 1 69 0 44 12 27 18 54 5 61 19 1 2 19
0 24 14 41 1 74 17 60 3 47 7 14 16 90 11 81 19 83 6 52 13 20 9 57 8 24 4 47 18 79 5 88 2 81 10 45 15 44 12 34
17 13 7 84 13 85 14 33 2 62 15 48 10 82 19 40 6 48 1 87 11 37 5 11 3 96 4 29 16 32 0 8 9 92 18 18 12 81 8 78
4 99 13 7 3 15 15 7 10 59 16 37 9 32 7 56 14 34 11 65 1 95 12 66 0 67 8 45 19 4 2 92 17 38 6 73 18 63 5 57
7 38 10 40 15 77 12 89 13 65 19 77 8 68 11 32 5 99 1 70 3 14 6 42 18 30 0 24 17 78 4 33 16 13 2 1 9 85 14 92
15 46 2 54 5 35 19 37 11 58 9 17 14 62 10 11 6 43 16 95 4 78 1 42 7 9 13 72 18 1 3 42 0 91 17 68 12 38 8 71
18 7 8 31 4 88 2 8 11 93 16 85 12 69 14 79 6 27 15 20 10 3 9 42 1 59 3 37 0 19 5 94 13 46 7 58 17 31 19 96
14 25 3 14 13 69 0 17 6 66 4 51 5 68 9 60 1 81 11 36 16 51 17 87 18 85 7 12 19 68 15 47 12 60 2 6 8 34 10 61
13 45 9 1 19 61 4 45 6 30 18 8 5 58 0 8 12 21 10 35 11 7 17 27 3 8 1 33 16 85 15 26 2 96 7 19 14 58 8 50
11 40 18 50 7 26 12 98 14 6 2 3 6 12 10 50 8 20 19 74 4 3 3 6 17 74 5 6 13 41 1 59 15 40 0 42 9 36 16 57
13 59 8 81 18 84 0 60 17 38 14 79 1 69 5 1 2 9 7 15 15 37 4 19 11 35 19 66 3 13 9 24 12 31 6 42 10 97 16 40
13 53 2 56 8 32 17 89 7 35 14 2 10 4 18 90 0 61 15 73 5 97 3 64 11 43 1 66 19 30 16 28 9 81 12 62 6 98 4 85
5 11 12 84 16 94 11 49 18 29 0 29 9 32 1 37 8 27 3 14 7 36 15 91 4 99 17 10 6 94 19 36 2 67 14 42 13 58 10 76
12 83 19 22 3 92 10 3 5 75 7 13 1 50 18 78 13 59 0 93 17 20 2 26 15 63 11 46 9 73 14 22 6 62 16 87 8 30 4 13
3 58 13 62 15 53 9 35 6 52 19 43 14 1 8 52 0 37 5 76 1 7 17 67 16 10 18 98 11 82 2 85 10 55 7 76 4 98 12 82
6 47 19 23 1 18 2 74 3 3 14 38 0 87 7 41 10 56 17 88 16 20 9 48 18 60 8 71 11 44 5 39 12 70 4 9 13 62 15 24
7 85 13 20 9 39 14 2 16 66 5 47 0 8 19 71 10 76 17 70 12 51 2 8 6 63 11 31 3 44 4 82 15 16 18 10 8 93 1 42
16 4 1 49 9 78 4 66 0 79 19 74 18 76 8 47 6 18 2 12 15 11 17 81 7 91 5 68 3 63 12 58 11 52 10 99 14 60 13 10
18 80 3 94 16 72 13 6 9 11 11 45 15 76 19 99 12 10 8 88 4 89 1 3 5 90 6 47 2 70 10 35 14 45 7 71 17 33 0 66
6 52 14 77 5 50 15 61 13 45 7 51 9 40 0 67 2 14 4 34 12 34 18 65 8 4 17 78 19 85 10 83 1 73 11 17 16 47 3 17
9 23 14 27 7 47 12 74 19 31 18 54 13 48 8 91 1 98 0 92 10 36 11 26 17 27 5 25 2 11 16 39 15 88 4 68 3 68 6 60
17 47 7 12 6 45 12 86 11 57 2 43 19 74 8 86 1 58 9 28 16 45 10 40 5 70 18 66 15 3 4 51 0 32 13 1 14 17 3 78
2 10 17 7 11 92 6 90 1 36 10 3 15 68 16 49 5 33 13 51 9 80 7 84 0 7 8 97 3 90 18 24 14 91 12 9 19 21 4 67
16 10 18 43 5 87 11 15 15 55 1 67 17 43 14 57 4 67 12 64 19 6 8 26 10 97 9 35 0 5 6 67 2 21 3 57 7 90 13 53
9 17 18 82 6 96 12 98 13 26 1 47 16 96 11 63 2 31 4 8 17 12 14 6 8 6 5 20 19 29 3 8 15 33 7 92 0 77 10 77
12 84 4 7 18 47 11 90 3 93 13 67 1 91 16 92 6 83 5 85 10 50 8 63 17 29 19 80 15 44 0 95 14 92 2 23 7 14 9 53
3 9 10 57 12 36 0 72 6 49 8 89 7 43 15 76 1 29 13 26 5 46 17 94 18 37 11 1 14 13 9 85 16 94 19 9 2 33 4 21
