50 15
12 87 1 22 10 54 0 34 2 90 7 6 9 48 8 89 13 43 6 14 4 79 3 96 5 98 11 93 14 37
3 14 1 52 12 50 2 50 11 49 10 85 8 50 7 37 6 95 5 88 4 35 0 20 13 23 14 17 9 52
3 81 8 69 14 18 10 77 2 54 11 19 0 66 7 46 9 48 4 36 12 97 1 17 6 99 5 22 13 80
10 31 4 35 7 16 8 97 2 10 11 43 14 63 0 50 9 10 3 95 5 85 6 90 1 15 12 40 13 40
6 34 4 24 9 41 0 51 8 16 2 8 1 98 10 70 14 35 7 53 11 96 13 70 12 58 3 9 5 5
6 86 12 48 11 14 14 12 2 78 1 67 7 76 8 49 3 54 5 50 0 58 9 60 4 1 10 93 13 56
2 29 10 24 0 42 5 52 1 90 3 46 9 81 11 42 12 82 6 70 7 63 4 72 14 1 8 70 13 29
11 53 0 64 1 63 14 65 12 49 4 36 13 12 10 62 8 89 2 34 6 97 9 61 5 83 7 83 3 36
7 23 0 25 6 54 5 74 8 83 13 17 14 98 11 7 12 70 2 33 9 83 3 75 4 39 1 4 10 75
3 84 2 33 11 99 12 65 7 46 6 78 1 28 8 63 4 74 0 88 14 22 10 42 9 44 5 32 13 53
5 79 12 62 9 80 7 2 0 11 14 68 2 20 4 99 13 37 11 49 10 77 3 93 8 41 6 2 1 65
2 56 0 13 14 98 7 62 4 77 12 26 1 69 13 89 8 62 9 14 6 11 3 59 10 37 5 89 11 13
10 91 2 16 0 70 13 23 7 73 12 9 1 95 11 78 5 11 4 85 8 87 6 16 14 29 9 16 3 82
4 77 13 50 10 99 14 52 1 71 8 6 9 31 12 31 6 53 3 2 5 94 7 68 0 92 2 46 11 25
3 74 11 92 0 32 14 33 1 25 5 4 12 24 4 17 10 12 7 81 13 23 6 17 2 26 8 25 9 62
11 45 13 42 10 68 3 95 6 73 8 82 0 1 2 94 4 10 12 54 14 24 5 23 7 34 9 88 1 77
5 73 9 68 3 88 6 45 11 57 1 21 4 84 14 56 10 33 7 75 13 75 12 32 2 76 8 28 0 62
1 78 5 73 11 11 3 92 0 40 13 79 12 34 9 86 10 24 4 56 7 2 6 76 8 41 14 95 2 93
6 48 9 98 2 75 3 47 12 25 0 44 11 32 10 8 7 7 1 43 5 18 14 97 13 56 4 43 8 88
1 98 10 72 7 84 9 29 0 25 14 60 3 71 12 73 13 80 6 54 11 55 4 33 5 50 2 74 8 84
7 79 2 95 8 80 14 61 3 2 0 26 11 92 1 17 9 67 13 44 6 84 12 43 10 65 4 51 5 71
3 65 4 98 13 44 1 64 11 50 14 2 7 75 8 6 9 31 6 28 2 69 12 7 0 91 10 71 5 73
13 56 3 67 4 57 12 75 6 94 2 60 5 32 7 4 14 24 11 68 8 63 10 41 0 17 1 96 9 91
8 30 6 52 14 20 13 13 7 52 3 5 0 97 2 90 5 54 1 26 11 25 12 7 10 78 9 2 4 6
12 13 10 52 4 70 3 64 9 19 7 3 14 5 8 38 0 93 6 32 1 55 5 36 13 5 11 92 2 92
6 34 14 62 1 71 0 87 5 81 2 18 8 5 13 27 9 21 4 24 12 37 3 37 7 96 11 7 10 76
9 24 10 92 12 64 4 46 5 72 8 5 3 81 0 24 2 80 14 59 1 73 13 86 6 79 11 46 7 77
12 46 3 59 7 67 5 46 0 90 8 65 4 10 11 9 2 89 1 24 6 90 13 64 9 36 14 75 10 1
7 2 5 67 9 18 10 44 2 83 8 50 4 77 14 11 13 86 3 99 0 12 12 17 6 70 11 81 1 33
14 17 4 92 3 43 0 92 1 95 10 37 9 33 11 46 12 99 6 22 5 16 7 72 8 81 13 20 2 48
6 77 2 55 10 38 3 14 7 31 8 36 0 11 13 83 11 13 4 6 5 52 12 1 1 40 14 30 9 6
3 9 0 71 9 39 6 97 10 20 4 14 11 79 8 10 14 52 1 84 13 9 2 23 7 76 12 40 5 92
6 91 7 75 14 68 1 62 4 36 9 45 8 80 3 83 13 44 2 85 10 56 5 4 11 50 12 73 0 13
1 16 13 47 5 14 7 30 11 38 6 25 9 30 14 17 0 26 12 2 8 48 10 85 2 50 4 97 3 48
3 22 2 94 14 78 11 95 7 11 13 31 5 66 12 71 9 13 8 48 4 22 1 57 0 78 10 23 6 12
14 81 11 17 0 95 5 33 10 4 12 53 1 57 2 70 4 20 6 64 7 71 13 11 9 1 8 33 3 74
3 8 9 46 0 17 11 60 7 9 2 41 4 1 8 78 13 40 1 2 6 6 10 17 12 36 5 14 14 19
14 6 0 43 3 75 12 22 5 66 6 3 4 85 8 80 9 88 13 76 2 55 7 43 1 15 11 80 10 30
2 82 11 94 1 9 4 4 13 74 3 28 10 34 9 23 8 68 14 78 12 17 7 56 6 62 5 84 0 75
1 47 6 78 9 46 12 64 7 12 3 91 8 22 2 23 10 72 4 66 14 64 0 88 13 48 5 88 11 68
12 61 6 36 5 28 13 17 8 47 4 84 14 42 1 18 0 61 9 39 10 8 3 35 11 48 2 22 7 9
3 2 4 70 11 16 7 50 10 71 5 30 13 47 0 31 8 89 1 24 12 71 9 51 2 93 14 69 6 85
13 30 4 39 12 46 5 54 8 28 2 50 1 11 6 63 11 53 0 44 7 64 9 7 3 32 14 96 10 1
3 34 0 9 5 50 1 44 9 62 10 98 11 14 12 37 13 97 6 44 4 22 14 33 8 9 7 78 2 62
3 59 6 75 8 43 12 62 7 96 14 91 9 37 10 46 1 59 11 64 0 89 4 64 5 10 2 68 13 50
10 28 3 40 7 32 4 15 13 91 2 60 0 50 1 70 8 13 6 69 9 95 11 22 14 68 5 99 12 22
14 16 6 31 11 51 7 31 13 81 2 73 1 65 9 70 10 41 8 34 12 79 0 79 5 25 3 58 4 53
9 43 11 73 14 89 12 51 13 51 0 88 2 81 5 13 1 3 6 57 3 1 4 74 7 79 10 74 8 49
1 75 11 46 13 82 5 94 9 94 3 3 2 9 12 99 0 73 8 58 14 67 6 87 10 52 4 90 7 28
10 8 8 59 12 96 9 3 5 64 0 77 1 36 11 49 14 81 6 19 7 76 4 2 3 97 13 3 2 71
