50 15
11 16 9 69 14 73 2 4 13 12 0 45 10 39 1 88 4 52 7 42 6 43 12 66 5 59 3 18 8 74
2 30 10 14 12 32 7 5 6 89 1 66 3 58 13 25 11 47 5 19 4 77 8 47 0 4 9 26 14 70
0 72 4 65 11 22 10 39 3 83 13 84 5 66 2 1 6 68 12 23 8 82 14 91 9 43 1 95 7 76
9 40 8 13 0 61 4 93 7 20 5 79 6 18 3 5 14 74 11 18 13 75 2 33 12 57 10 94 1 92
9 20 1 71 14 22 3 63 0 86 7 50 12 13 10 7 2 30 4 41 13 49 8 31 6 85 5 57 11 96
8 9 13 67 4 80 7 67 11 7 12 52 14 31 1 55 2 68 9 20 0 4 3 50 10 62 6 13 5 92
6 95 8 38 2 31 7 91 14 9 9 39 13 3 0 35 4 72 11 35 5 49 3 48 1 7 12 10 10 30
9 55 4 48 5 87 8 34 13 41 14 26 6 49 10 57 7 46 3 32 1 55 0 62 2 17 11 58 12 70
2 20 14 84 12 93 6 43 7 25 10 83 11 15 8 14 9 28 1 37 3 34 5 28 0 23 13 63 4 54
13 10 14 88 0 24 11 6 7 86 6 59 12 3 9 18 5 88 3 77 2 86 8 93 4 30 1 54 10 37
12 37 3 45 0 76 14 42 13 50 10 3 4 78 1 29 2 52 9 55 8 16 11 24 6 44 7 10 5 87
12 80 1 68 4 45 7 55 10 18 2 56 3 51 13 66 11 47 8 33 6 51 0 67 14 20 5 61 9 35
14 39 12 14 6 36 0 20 4 72 8 68 13 8 1 30 5 86 9 90 3 87 10 12 7 96 2 42 11 14
9 72 4 54 11 2 5 67 13 81 1 36 0 43 8 58 14 44 6 52 2 56 10 60 12 28 3 11 7 88
10 21 5 89 8 94 12 20 0 64 9 42 1 56 4 71 14 50 2 74 6 27 13 45 7 15 3 64 11 39
0 19 14 34 11 15 13 18 4 2 5 37 3 85 10 21 7 98 12 84 8 24 1 1 6 27 9 42 2 20
11 61 12 64 7 56 8 6 10 19 2 52 5 50 0 21 14 92 3 15 4 90 9 63 13 3 1 38 6 66
12 9 6 22 14 34 13 86 0 9 1 49 3 96 9 66 5 74 11 77 4 39 2 64 10 13 8 73 7 24
3 23 4 79 1 5 11 73 8 40 12 15 9 33 13 85 10 46 7 66 14 43 5 18 6 94 0 12 2 12
9 37 11 16 3 46 0 40 6 63 12 61 2 3 13 3 8 45 5 83 14 69 10 42 1 68 7 25 4 35
0 59 10 70 7 97 5 30 8 45 2 33 13 23 1 13 9 49 14 25 4 5 12 60 6 54 11 73 3 28
8 43 5 51 4 63 6 59 2 76 14 53 9 7 13 85 3 96 1 73 11 95 0 80 12 42 10 74 7 47
10 67 5 88 4 60 11 13 9 81 6 22 8 71 3 72 12 78 1 30 2 35 7 12 14 78 13 9 0 6
10 98 7 97 0 79 1 52 3 17 9 9 8 45 11 8 14 96 5 59 6 98 13 73 2 46 4 63 12 26
13 40 4 36 10 34 8 4 0 97 3 65 6 89 11 91 5 22 12 23 7 16 1 27 9 49 2 83 14 57
9 12 13 12 0 1 7 78 8 43 2 37 12 71 1 49 5 38 14 45 10 44 4 21 3 72 6 5 11 2
2 16 12 51 6 58 1 40 13 65 9 57 0 64 7 59 3 82 5 58 11 77 8 90 14 87 4 95 10 48
0 93 5 61 8 12 6 30 2 59 9 78 4 9 1 4 11 76 13 19 3 46 12 79 14 97 7 5 10 86
0 20 14 47 1 1 9 69 11 27 13 26 12 93 5 32 10 5 3 64 4 55 6 99 2 91 7 4 8 70
2 11 1 38 14 86 6 79 10 30 4 98 12 30 13 37 9 71 5 52 11 54 7 17 0 18 8 11 3 84
10 39 11 31 13 40 6 54 8 70 7 83 5 78 1 49 3 12 4 28 2 33 12 59 14 6 0 62 9 24
12 10 5 78 2 54 8 86 1 49 10 15 3 68 13 52 6 73 9 15 4 24 11 18 0 89 7 53 14 33
2 69 4 1 14 36 7 79 12 69 3 8 9 58 10 4 11 59 5 96 0 25 8 52 6 11 13 92 1 44
0 81 2 64 13 87 11 97 1 86 9 48 10 48 8 85 5 15 14 82 4 22 12 59 3 87 7 51 6 17
2 40 12 60 11 10 0 6 4 10 14 88 3 3 13 47 6 48 5 68 8 20 7 12 9 2 1 74 10 35
1 17 6 43 8 42 0 50 12 7 9 50 13 3 11 11 7 33 4 74 5 99 2 10 10 72 14 85 3 43
14 46 5 85 8 59 7 33 11 5 1 47 9 80 10 16 0 40 2 58 3 71 13 5 12 29 6 47 4 57
11 34 13 50 5 41 1 30 8 52 7 9 6 8 3 41 10 27 0 67 9 17 14 30 2 4 4 71 12 96
4 93 11 16 7 42 8 74 5 29 12 68 13 32 2 31 3 38 6 87 9 37 1 14 14 8 0 2 10 48
6 15 4 15 9 83 2 22 0 90 5 85 14 19 11 18 12 99 8 21 1 86 10 95 13 33 3 25 7 6
2 10 10 74 1 99 13 51 9 94 3 94 11 63 6 18 14 44 5 26 8 88 4 51 7 14 0 51 12 83
13 32 14 32 6 12 1 30 4 83 0 55 9 94 3 80 2 65 12 68 7 96 11 10 10 48 8 72 5 52
9 60 12 83 7 53 1 81 14 88 5 96 6 68 10 65 0 64 4 84 2 60 11 64 13 51 8 21 3 8
8 66 14 45 11 72 12 13 2 14 5 65 4 27 3 91 10 15 9 61 0 61 7 11 13 30 1 42 6 87
6 63 8 1 5 69 10 33 4 75 11 74 2 73 14 34 9 19 0 66 3 60 7 12 1 89 13 65 12 80
10 10 7 66 0 32 4 95 11 87 3 53 14 76 1 16 9 31 8 18 12 67 13 91 2 79 5 42 6 79
8 97 13 87 11 64 1 24 12 33 4 71 6 52 2 1 0 79 3 86 9 88 5 42 14 37 7 74 10 68
3 28 4 62 9 37 7 76 12 12 6 96 10 33 14 40 5 71 0 29 2 3 11 58 1 39 8 65 13 88
10 30 14 4 3 17 9 66 0 50 2 28 4 38 6 42 8 16 12 57 5 53 13 49 11 66 1 23 7 34
11 65 2 10 12 51 0 21 1 50 10 92 6 99 9 56 3 35 5 85 8 43 4 35 13 47 14 62 7 64
