50 15
4 95 6 91 9 67 11 89 0 20 1 75 7 67 5 51 8 99 13 84 12 21 10 98 3 85 14 37 2 70
6 76 9 89 13 61 10 64 11 43 12 6 5 19 7 12 14 78 2 11 0 19 3 23 8 72 1 31 4 50
11 65 8 92 9 3 1 71 2 40 13 58 5 96 12 40 14 12 10 81 0 89 3 27 6 58 7 63 4 13
6 31 0 34 9 72 7 88 11 68 8 56 13 23 14 66 5 74 4 5 2 58 10 18 1 9 12 38 3 79
0 81 12 78 7 62 6 2 13 85 11 14 3 89 9 70 8 36 4 32 1 55 2 82 14 32 5 69 10 39
7 87 3 23 8 91 14 60 12 77 0 18 1 72 4 72 9 2 6 96 11 28 13 73 2 81 10 29 5 99
8 57 0 19 11 47 9 97 3 69 12 3 4 35 6 70 2 60 1 31 14 38 13 31 7 77 10 84 5 1
2 42 3 86 14 99 0 94 13 36 6 68 8 46 7 35 5 69 10 74 12 48 1 45 11 66 9 53 4 76
4 66 9 40 7 78 12 53 14 2 10 81 6 19 8 56 1 42 3 12 0 61 2 91 13 37 5 52 11 28
11 45 2 22 4 29 6 97 12 15 13 31 10 15 0 69 5 41 9 26 1 12 3 29 8 33 7 7 14 17
10 69 12 48 14 78 3 56 11 9 13 37 6 90 7 78 4 10 1 34 0 91 9 80 5 9 8 39 2 13
11 68 3 39 5 24 1 26 7 42 4 54 12 93 6 77 0 52 9 71 10 67 13 12 2 31 8 69 14 79
2 20 0 28 6 94 14 26 13 27 1 24 4 11 5 47 10 90 7 75 8 64 3 27 9 73 12 53 11 63
0 50 2 92 10 67 4 2 5 59 7 87 1 62 9 26 3 29 8 15 11 65 14 84 6 43 13 79 12 52
8 2 6 72 12 28 7 21 13 24 1 47 5 10 3 27 4 93 14 52 10 95 2 55 9 25 11 35 0 67
8 43 0 3 2 34 11 70 1 95 7 34 4 65 12 36 9 14 5 73 13 55 10 72 3 82 6 20 14 56
7 31 4 40 12 73 9 56 2 82 1 30 11 9 10 68 13 80 3 7 0 61 8 93 6 78 14 75 5 45
6 5 10 58 13 79 0 54 2 98 11 67 7 43 12 80 1 87 14 24 8 72 9 67 5 78 3 63 4 59
3 2 14 78 0 26 12 91 13 1 11 67 6 56 8 62 7 20 2 84 1 87 4 99 10 10 5 69 9 77
12 14 10 49 1 38 0 1 4 49 5 18 9 28 13 6 7 93 11 58 14 71 2 19 6 70 3 55 8 25
9 88 1 33 0 6 6 63 8 22 14 43 4 66 5 35 3 36 10 41 7 17 11 17 13 15 2 91 12 52
0 6 3 80 11 31 9 90 12 18 5 15 2 67 1 32 8 68 13 77 6 23 14 29 10 3 7 34 4 45
11 1 0 33 1 10 7 54 8 3 12 81 14 48 9 9 5 98 4 38 6 83 10 90 13 41 3 27 2 95
4 88 8 53 14 6 11 32 5 4 12 95 7 15 9 66 3 9 6 53 13 89 10 16 0 63 2 73 1 3
11 64 5 57 6 96 7 65 12 4 2 3 4 87 13 4 3 41 8 16 14 4 9 42 10 40 1 91 0 60
11 25 9 83 6 56 4 80 5 82 2 77 3 57 7 1 12 60 0 72 13 40 10 37 8 65 1 51 14 76
0 7 5 30 12 93 6 26 1 92 7 51 2 12 3 12 4 28 8 5 13 79 14 71 9 75 10 15 11 66
4 78 2 1 8 19 6 14 3 37 14 29 9 52 11 84 13 90 1 20 5 1 7 6 0 89 10 33 12 6
1 63 11 35 12 86 7 55 4 29 2 31 6 72 14 66 8 55 10 48 9 4 0 49 3 83 13 49 5 72
11 74 1 52 0 64 4 60 9 79 8 75 10 41 12 96 7 99 3 52 6 88 13 55 14 53 2 61 5 30
9 16 11 34 7 76 2 4 3 31 13 17 5 95 1 18 12 69 6 77 8 39 10 92 14 29 4 12 0 14
14 30 13 26 0 42 2 67 9 63 7 50 11 15 3 36 4 47 1 96 8 88 12 93 10 33 6 21 5 28
4 11 2 79 5 17 6 22 14 51 0 4 13 81 1 81 7 18 12 89 9 54 10 5 8 65 3 87 11 39
5 91 0 14 6 74 10 97 11 71 14 88 9 57 3 10 4 25 12 25 1 46 13 54 8 4 7 74 2 70
7 47 6 34 1 4 0 40 4 49 12 31 5 77 13 73 8 31 11 59 14 56 3 1 2 67 9 83 10 12
13 86 9 34 1 29 4 85 11 40 14 23 6 18 12 20 3 92 8 71 7 9 10 13 2 28 0 36 5 72
13 84 8 78 2 64 5 96 10 55 3 62 14 48 4 81 6 20 12 24 1 48 7 23 11 8 0 11 9 14
12 68 6 25 0 2 5 76 3 8 10 75 4 72 14 34 13 51 1 70 9 68 2 93 7 11 11 79 8 20
10 33 14 74 4 52 2 43 13 75 3 23 0 86 6 27 9 25 12 38 5 73 11 94 1 22 8 19 7 48
14 39 8 46 4 78 0 44 1 18 10 27 7 78 9 99 6 82 3 85 2 92 13 23 5 52 11 95 12 51
7 46 4 39 6 84 2 49 12 34 11 47 9 79 8 71 1 34 10 22 5 12 0 26 14 51 13 24 3 18
1 83 11 31 6 91 7 39 14 45 9 2 4 68 0 97 13 56 10 11 2 14 3 80 8 16 5 46 12 56
10 9 4 4 13 54 6 10 3 44 8 55 9 64 12 13 1 98 2 12 0 72 14 4 11 72 7 28 5 89
2 2 12 29 3 23 6 93 14 13 11 77 4 41 5 35 10 99 0 47 8 82 1 14 9 23 7 78 13 77
5 2 13 36 3 56 12 33 9 49 14 38 0 65 7 58 1 39 4 70 11 97 6 9 2 72 8 88 10 75
13 67 10 81 3 20 2 82 1 97 0 6 8 40 11 23 9 35 14 69 12 28 4 45 6 38 7 87 5 97
3 62 6 6 14 19 11 76 5 82 9 28 8 85 1 61 4 82 10 37 2 55 0 51 13 88 7 96 12 92
13 35 12 23 10 15 1 21 5 85 7 77 14 59 8 71 2 62 6 33 3 35 4 17 0 14 9 70 11 12
9 5 3 15 10 46 2 21 14 79 6 37 1 47 7 35 4 96 12 87 0 20 5 88 8 48 13 70 11 95
14 95 9 46 7 61 0 32 2 31 5 84 13 10 11 52 1 39 3 93 6 72 12 80 8 65 4 92 10 66
