50 15
4 59 6 62 2 87 7 55 8 7 3 37 0 85 13 93 12 98 14 33 1 35 9 50 11 20 5 54 10 29
4 76 0 91 11 83 5 37 12 82 9 63 2 89 6 71 10 40 14 2 7 54 3 7 13 97 1 11 8 10
12 80 0 57 2 49 8 36 11 46 9 14 13 67 3 46 4 60 14 84 6 62 10 43 1 47 7 1 5 52
11 83 9 98 0 90 14 90 3 53 13 38 2 83 6 49 5 48 7 9 10 83 4 35 8 93 1 17 12 60
11 31 2 79 10 36 7 68 8 1 9 3 0 91 4 81 5 79 13 13 1 40 6 15 14 77 3 2 12 16
13 35 2 41 7 70 6 6 14 8 9 97 5 21 3 60 12 26 4 86 8 91 0 15 10 23 11 63 1 64
1 97 13 63 8 19 9 40 7 54 12 36 4 2 2 74 14 91 10 80 5 15 6 19 11 93 3 76 0 52
6 98 3 28 2 61 9 20 7 16 8 4 0 80 12 48 13 42 1 18 10 89 14 38 11 68 5 27 4 60
8 58 5 20 14 34 13 79 4 45 11 53 2 60 7 42 10 60 0 78 6 96 3 75 9 18 12 78 1 50
2 37 5 61 3 58 11 83 7 91 0 94 4 70 8 61 9 23 6 73 1 82 14 29 10 70 13 57 12 35
9 24 12 42 14 93 11 96 7 13 13 61 4 94 3 47 0 22 10 33 6 18 8 96 1 64 5 53 2 74
5 47 3 37 0 5 11 26 10 43 12 70 6 17 14 99 13 10 8 17 9 32 2 46 7 39 1 44 4 59
11 23 0 94 14 51 9 29 8 18 4 36 3 23 6 63 10 51 7 80 5 7 1 17 12 33 13 73 2 48
7 56 5 87 10 14 12 47 3 47 9 68 14 41 2 36 13 28 0 35 6 85 1 1 4 21 11 22 8 69
5 21 10 66 6 39 12 8 0 17 3 13 13 47 7 53 4 41 2 8 14 18 11 56 8 81 9 86 1 96
3 4 14 37 0 23 1 86 8 52 11 96 10 77 5 54 12 8 13 89 4 56 7 50 9 34 6 67 2 64
3 52 7 52 4 39 6 26 13 93 10 21 0 32 1 70 2 14 14 75 8 82 12 98 9 41 5 86 11 90
2 80 6 4 4 75 12 77 8 85 10 49 7 49 11 31 1 25 13 36 0 48 5 82 14 90 3 67 9 70
14 49 0 33 2 36 9 36 13 70 7 86 1 30 3 48 5 93 4 57 12 55 11 46 6 7 8 52 10 2
10 54 6 1 2 18 3 15 13 52 1 15 12 3 5 17 4 72 9 28 7 56 0 73 8 13 11 56 14 57
5 20 2 30 1 31 11 92 3 12 13 69 6 77 9 10 8 76 7 24 10 24 4 93 14 59 12 35 0 75
2 95 8 23 5 74 1 94 3 56 13 2 14 61 7 64 0 21 10 33 12 73 9 75 11 23 4 95 6 92
0 22 1 34 12 17 4 80 8 63 9 90 6 40 14 36 10 74 7 57 13 36 3 66 5 61 2 60 11 40
0 36 7 98 12 96 6 72 14 8 8 55 2 50 3 22 11 30 4 64 9 75 13 76 1 76 5 23 10 92
8 66 11 95 14 21 10 80 1 62 3 99 4 26 9 58 2 88 5 98 12 55 7 98 13 6 0 35 6 65
2 25 9 52 12 53 10 58 14 44 7 38 4 51 11 70 8 87 6 44 13 70 1 18 5 34 3 26 0 51
14 62 10 27 0 24 4 25 11 92 13 19 8 88 3 76 6 31 9 74 1 90 2 91 12 5 7 64 5 32
3 19 0 58 14 22 5 88 12 2 4 67 9 28 10 50 13 93 1 33 8 31 11 28 2 82 7 12 6 73
8 87 2 87 9 16 0 51 4 91 1 25 11 23 14 93 13 71 7 86 10 28 12 97 3 31 6 28 5 59
5 26 9 36 2 20 13 80 3 55 4 25 7 95 1 6 8 17 10 39 11 33 12 56 0 68 14 31 6 61
8 37 1 98 13 36 14 95 12 24 10 4 3 66 2 90 9 35 11 50 0 72 5 12 7 23 6 76 4 64
7 68 11 56 10 61 13 4 12 88 0 4 4 29 8 35 3 64 6 88 9 11 5 12 14 89 2 87 1 99
11 4 13 95 12 10 14 40 9 12 7 39 0 53 1 66 8 4 6 91 5 95 10 47 3 91 2 99 4 67
8 55 2 20 12 31 7 57 0 30 10 1 4 64 13 39 1 45 3 60 14 9 9 48 11 68 6 13 5 72
14 57 1 17 6 30 0 74 7 2 10 72 2 47 8 74 9 61 12 90 4 34 5 96 11 41 13 88 3 42
0 72 5 2 1 38 14 21 10 50 13 24 7 42 11 18 2 45 4 75 8 18 3 77 9 85 12 15 6 31
2 52 1 60 11 33 14 39 8 65 5 94 9 83 0 6 4 48 12 50 3 28 7 82 13 77 6 93 10 75
3 65 13 15 5 74 14 61 10 19 12 62 6 51 8 48 0 12 1 22 7 70 2 37 11 98 9 89 4 32
7 95 14 91 11 38 6 72 10 36 13 2 5 82 12 86 4 35 0 83 2 78 8 50 3 1 9 37 1 98
11 80 12 76 4 64 5 44 0 79 6 52 14 56 3 37 2 18 7 27 13 32 1 17 9 74 10 51 8 12
0 11 14 59 9 91 1 91 5 54 13 64 2 4 7 82 10 62 6 74 4 28 8 89 3 83 11 60 12 38
8 15 11 19 0 37 1 53 2 23 6 93 14 71 12 44 7 52 13 69 4 7 9 66 5 76 3 51 10 73
5 53 14 24 3 97 4 47 0 10 13 16 7 18 6 11 11 13 9 76 12 34 10 5 2 64 8 66 1 11
8 95 5 60 7 21 4 26 3 80 2 58 1 10 13 54 14 13 12 54 11 63 0 37 9 26 6 67 10 72
13 65 6 46 3 1 4 56 11 64 12 6 10 24 9 96 8 40 1 63 5 70 2 51 0 28 14 6 7 85
9 77 11 21 4 16 6 56 2 71 10 25 8 90 12 70 13 23 7 19 1 88 5 47 3 6 0 43 14 64
3 92 2 53 4 74 9 54 0 24 6 21 10 31 5 41 7 45 11 35 13 42 12 71 8 2 1 14 14 31
9 84 3 72 2 92 0 66 13 68 12 80 6 49 1 57 4 86 14 59 11 30 7 6 8 77 10 28 5 26
0 91 9 24 1 36 2 53 12 59 14 66 4 67 10 75 5 30 6 34 3 95 7 87 13 25 11 90 8 7
11 33 5 57 12 92 2 64 10 48 7 50 0 94 3 15 14 49 13 69 9 53 4 86 6 87 8 31 1 75
