50 15
8 85 1 29 2 48 7 81 0 90 4 9 6 66 5 44 11 35 3 81 10 69 14 41 13 88 9 52 12 85
4 69 1 96 11 28 9 12 3 69 13 23 0 2 6 55 5 55 14 72 12 90 8 55 10 25 2 55 7 7
8 48 13 66 1 13 11 94 14 60 12 68 9 74 6 26 10 74 5 96 2 55 0 32 7 92 4 77 3 94
0 45 7 1 8 68 5 42 14 9 12 40 4 5 1 96 13 22 6 6 2 73 10 92 3 28 11 90 9 22
2 70 9 9 3 63 6 55 8 73 12 36 14 33 1 40 13 32 4 98 0 10 5 81 11 48 7 51 10 1
1 76 7 76 11 48 6 4 12 53 3 3 14 47 13 35 4 38 10 22 8 75 9 47 0 39 2 92 5 18
13 62 11 96 5 48 10 71 1 50 2 77 6 74 7 32 4 36 9 32 3 60 12 36 0 90 14 48 8 76
8 60 6 44 4 55 14 58 9 3 5 58 3 19 0 41 10 46 12 97 11 94 7 5 2 43 1 74 13 84
2 12 6 58 4 42 3 62 8 26 1 29 10 4 0 96 7 29 14 14 11 92 9 51 12 53 5 56 13 28
6 64 0 34 3 65 9 33 4 53 2 85 8 1 13 56 11 69 10 29 1 43 7 77 5 93 12 57 14 99
9 83 0 20 6 36 2 59 12 49 5 61 8 97 1 48 13 89 7 36 10 63 14 94 4 79 11 81 3 24
6 81 4 35 0 32 7 13 14 53 9 98 1 74 3 83 10 61 5 58 13 58 11 48 2 81 8 96 12 94
4 83 13 65 3 5 14 94 0 64 12 60 5 54 7 53 1 25 2 21 6 27 9 90 8 39 11 67 10 48
11 69 7 18 13 31 3 22 2 14 6 27 8 19 1 99 10 30 14 50 5 8 9 71 4 63 0 21 12 31
8 56 3 73 1 86 13 90 2 3 12 92 6 69 0 19 4 13 5 51 9 52 11 82 7 39 10 10 14 45
1 89 9 50 6 37 8 66 12 56 5 89 13 10 0 39 11 52 14 13 4 85 3 75 2 83 10 31 7 73
2 12 14 30 6 11 11 51 4 10 9 57 8 51 12 8 7 21 0 64 1 36 5 15 13 49 10 66 3 53
10 26 0 76 14 59 11 18 4 55 5 10 9 1 2 47 12 47 3 81 8 77 7 55 13 63 6 60 1 13
5 10 4 92 0 19 6 42 12 21 7 66 10 46 8 11 14 1 2 88 1 43 3 69 13 22 9 26 11 53
7 45 6 9 11 12 2 94 8 69 4 29 14 44 10 81 5 89 12 86 0 98 13 18 3 14 9 34 1 8
3 34 4 4 0 74 9 98 10 29 6 49 12 35 2 77 8 17 7 53 1 35 11 13 13 71 5 45 14 25
11 26 10 43 9 12 3 9 5 28 14 8 7 48 4 32 12 39 1 82 0 25 8 75 6 47 13 12 2 48
3 64 7 81 12 75 14 70 8 77 6 40 0 22 2 26 4 20 5 34 11 19 13 71 9 23 1 52 10 22
11 28 12 85 8 47 3 70 7 11 10 58 13 96 1 88 0 43 5 24 2 54 9 27 6 32 14 1 4 90
12 73 0 14 5 66 4 28 13 10 1 85 14 91 3 6 10 48 9 68 6 90 2 67 11 42 8 33 7 90
12 91 9 7 4 59 13 73 8 49 14 37 2 73 0 33 5 36 10 67 1 80 7 4 11 67 3 4 6 86
13 61 1 26 4 12 2 75 8 22 9 6 5 37 3 25 10 48 12 43 0 60 11 38 14 86 7 21 6 78
6 54 2 46 4 43 12 50 0 58 9 17 5 52 11 26 14 29 1 26 13 84 10 44 7 34 3 26 8 10
13 43 0 18 5 22 12 20 9 53 1 89 4 41 7 16 10 40 2 11 14 11 8 5 6 75 3 37 11 62
4 99 2 28 9 71 1 26 6 65 8 76 11 65 3 32 10 74 13 3 14 54 12 46 0 77 7 86 5 49
9 57 11 29 7 33 1 88 0 9 12 22 2 72 3 8 13 75 8 77 10 90 6 73 14 36 4 33 5 54
6 16 14 12 5 77 8 62 4 96 13 66 7 30 10 49 9 99 11 73 3 26 12 8 0 53 1 69 2 4
8 14 0 65 2 7 9 36 10 63 5 34 4 22 3 66 13 30 12 81 14 6 11 24 6 36 7 91 1 81
12 14 13 17 1 85 4 5 8 67 14 78 2 82 11 33 3 47 6 65 5 86 9 58 7 80 10 11 0 33
1 49 10 61 0 92 12 17 3 22 6 65 4 20 2 75 11 76 14 45 8 18 5 4 13 77 7 79 9 38
0 35 3 78 5 65 4 25 14 22 13 42 7 10 12 74 8 94 1 53 2 11 10 10 9 5 6 78 11 26
6 87 9 18 0 63 2 33 13 55 7 23 3 55 1 48 14 49 11 24 12 93 5 38 4 95 10 16 8 34
7 81 12 73 3 68 2 94 9 54 6 91 13 69 8 5 5 1 14 18 0 71 1 47 11 51 4 59 10 84
10 51 9 58 7 72 8 88 1 50 12 93 11 33 13 56 6 40 4 11 0 10 2 45 14 1 5 75 3 93
2 42 6 63 12 11 13 45 0 77 3 7 10 71 7 53 1 63 9 94 14 81 8 74 4 51 5 27 11 59
6 66 2 58 8 93 4 19 1 11 13 55 10 93 0 34 5 86 12 47 9 19 3 9 7 43 14 71 11 17
4 25 1 66 13 91 0 53 6 89 2 31 12 18 8 63 3 59 5 65 10 67 14 75 9 42 11 6 7 33
11 91 0 1 3 51 13 72 14 2 12 19 1 48 8 56 9 99 6 1 10 23 5 49 7 49 2 41 4 93
2 65 0 91 13 52 8 36 6 69 11 60 12 52 14 91 10 3 4 69 9 25 5 43 1 98 7 75 3 16
5 75 12 40 1 39 10 81 9 71 3 88 7 28 14 63 11 82 13 71 6 54 4 88 2 43 0 93 8 53
12 92 1 64 11 45 6 89 4 96 14 74 5 21 7 36 9 57 13 70 2 24 10 30 8 37 0 41 3 25
10 39 4 5 1 45 7 4 12 80 14 13 0 43 5 18 2 52 8 92 11 48 6 44 9 26 13 28 3 59
14 66 4 52 12 42 0 93 6 83 5 75 8 85 13 41 9 21 11 64 3 93 10 55 7 25 1 83 2 91
4 44 9 97 13 1 10 21 2 72 1 26 14 57 0 66 11 11 12 71 6 69 5 82 3 38 8 76 7 66
11 98 0 6 6 3 10 46 14 76 7 41 4 28 12 29 9 56 13 31 5 8 8 17 3 65 1 62 2 85
