50 20
14 63 0 88 1 42 2 70 9 93 3 55 12 67 19 25 15 47 11 5 6 52 13 40 16 88 17 5 7 78 5 20 18 9 8 73 10 76 4 32
14 2 6 9 17 20 7 70 10 55 1 87 18 8 8 66 0 4 12 66 19 30 4 25 3 42 15 61 9 51 5 43 2 13 11 53 13 98 16 71
3 85 19 59 10 97 0 18 6 72 2 44 9 16 15 33 8 64 14 52 4 20 18 29 16 27 5 50 7 28 13 10 11 31 12 71 17 12 1 19
0 40 14 72 11 16 16 23 19 9 15 31 2 52 17 73 7 56 9 86 6 36 5 70 1 69 8 98 4 63 13 38 10 93 12 79 3 16 18 56
3 5 2 54 13 25 6 14 10 77 17 11 5 81 15 18 16 66 7 46 14 67 12 3 1 70 4 93 19 72 8 36 18 29 0 14 9 77 11 18
3 51 15 11 4 43 12 66 17 93 5 16 7 6 9 83 14 29 19 26 2 28 10 30 11 15 8 8 18 19 6 38 13 71 1 76 16 45 0 5
14 85 2 27 5 60 4 30 10 55 16 80 19 90 18 69 6 19 15 40 13 26 1 93 0 43 11 61 17 29 12 46 9 49 3 5 7 27 8 78
10 51 4 43 5 45 6 92 12 49 16 76 14 23 2 97 13 2 17 38 1 47 15 82 7 26 11 52 3 92 19 54 8 44 9 81 0 43 18 33
7 59 2 62 16 23 9 2 15 69 11 9 12 60 10 81 13 43 1 17 18 81 14 24 19 89 8 68 0 16 6 14 3 73 17 19 5 52 4 70
13 14 12 9 3 2 11 40 19 22 7 34 1 86 5 61 16 57 18 90 10 95 9 60 17 1 14 3 2 91 15 50 4 82 6 80 0 27 8 92
3 70 13 22 10 67 14 46 6 30 5 29 11 17 1 13 16 99 12 87 17 49 7 75 18 22 0 61 9 99 8 94 4 39 19 23 15 92 2 46
10 82 16 61 3 78 14 94 6 44 18 51 2 1 13 63 9 69 15 22 0 43 19 42 7 97 17 91 8 86 1 40 12 87 4 21 5 54 11 94
0 37 4 83 18 26 10 98 9 27 19 68 8 1 11 57 15 61 2 27 13 33 5 7 1 30 7 8 17 51 3 57 12 1 14 6 16 41 6 88
4 75 16 41 10 33 5 26 18 98 3 44 14 95 17 56 12 18 0 29 2 82 15 8 13 5 19 7 11 7 7 15 8 50 6 90 9 92 1 67
3 47 12 85 2 55 9 54 1 33 17 66 11 36 19 53 0 74 8 83 4 31 18 37 16 22 14 66 10 84 5 70 15 74 13 38 7 9 6 38
10 87 8 75 9 63 7 69 13 23 16 42 6 6 14 48 11 22 4 26 15 2 19 35 17 13 12 96 3 12 0 56 5 94 18 98 2 29 1 21
16 85 15 3 18 85 7 7 14 92 6 85 5 85 9 36 2 76 10 51 8 5 12 56 1 80 4 5 19 86 11 38 0 32 13 13 3 81 17 46
14 48 17 60 1 87 19 66 8 35 5 24 2 54 3 2 10 2 11 12 9 12 15 92 0 87 13 36 16 22 18 76 12 66 7 54 4 29 6 99
2 85 13 25 18 14 19 85 4 27 12 14 16 41 0 1 9 29 5 19 11 8 10 42 8 70 3 67 17 29 1 69 6 38 7 4 14 52 15 93
4 20 1 63 5 16 19 77 15 89 0 35 18 30 12 67 8 72 2 24 14 70 7 45 17 25 6 79 16 11 10 61 13 39 11 75 9 43 3 96
18 13 7 61 19 66 2 87 8 61 5 17 1 83 17 28 11 57 15 2 14 70 12 20 9 19 3 43 10 84 4 98 13 5 16 48 6 20 0 51
3 3 17 55 1 73 10 99 5 69 18 85 0 20 14 90 4 98 19 87 16 4 6 65 13 15 9 95 8 25 12 28 7 10 11 38 15 19 2 83
0 33 15 42 6 12 19 52 7 2 13 14 17 74 9 15 4 60 18 25 14 62 11 44 12 21 2 19 1 52 5 31 8 37 3 77 16 42 10 43
18 36 10 15 6 36 11 67 4 16 14 27 12 21 13 22 8 96 5 45 0 66 3 28 16 47 9 99 19 79 1 13 17 90 7 48 15 94 2 89
0 11 3 65 4 15 11 25 6 27 9 81 8 20 2 60 7 99 12 67 1 45 5 68 19 99 15 45 18 19 14 1 17 37 16 55 13 36 10 84
4 87 15 6 13 54 2 7 11 87 0 15 3 67 10 96 1 60 9 61 18 5 19 49 16 92 14 15 17 11 12 93 5 83 6 82 7 82 8 30
19 77 3 76 17 61 11 93 8 45 9 48 13 5 14 4 2 24 0 57 5 80 6 1 4 49 7 88 10 98 12 60 16 34 1 39 18 48 15 72
11 16 5 57 16 28 8 54 18 43 12 51 7 21 17 8 1 33 0 8 10 3 4 27 6 46 19 81 9 56 3 97 2 78 14 74 13 10 15 33
19 6 13 56 15 46 8 32 12 19 2 15 4 40 5 7 10 7 1 71 16 94 3 78 11 96 18 80 0 93 6 74 14 94 17 50 9 8 7 2
3 74 9 26 6 88 5 40 4 27 1 81 16 35 0 80 18 54 15 15 17 9 8 73 10 63 2 78 14 1 19 4 12 26 13 39 7 83 11 86
17 66 13 87 14 8 1 39 16 24 2 23 3 39 19 62 0 48 18 72 15 22 12 63 10 59 11 62 7 23 4 19 5 84 8 54 6 25 9 93
8 11 17 97 13 72 16 63 14 4 6 86 3 63 7 60 18 77 9 40 2 34 10 86 12 88 15 99 5 44 1 64 11 81 0 67 4 60 19 16
13 4 18 24 4 81 16 59 7 68 15 81 19 49 14 39 1 8 8 16 17 14 5 70 10 96 2 83 11 99 12 58 6 57 0 22 9 11 3 73
16 49 14 34 8 79 13 68 12 69 4 56 10 21 2 52 0 95 19 10 18 74 3 25 6 90 9 87 17 75 15 18 1 62 7 9 11 86 5 73
0 74 15 57 4 43 5 3 16 65 17 84 13 85 11 3 6 94 9 43 19 37 2 80 8 25 7 41 18 79 1 44 3 36 12 75 14 19 10 85
11 59 10 45 7 98 13 17 14 13 2 80 18 47 6 86 17 55 9 44 1 77 19 27 3 31 8 63 0 30 5 47 4 86 12 79 15 2 16 96
11 88 18 71 6 36 0 27 12 45 17 90 10 9 9 27 7 43 13 44 15 65 5 7 14 89 1 13 3 56 19 46 8 89 16 27 4 9 2 53
0 3 18 29 19 44 1 29 15 64 14 17 13 35 6 5 2 28 4 50 8 37 7 38 9 45 10 70 16 68 17 56 3 83 5 73 11 48 12 25
12 15 10 58 6 46 7 84 3 78 15 38 5 93 14 93 4 6 18 36 13 4 0 24 2 9 17 34 11 8 1 10 19 95 16 60 9 1 8 38
13 15 7 27 4 72 5 28 2 52 12 2 15 9 3 31 6 57 0 92 16 55 9 10 14 95 11 46 18 98 8 86 17 21 10 88 19 55 1 78
8 99 2 40 13 92 16 12 3 67 14 43 6 16 4 93 11 73 17 23 10 15 12 27 1 34 7 20 0 75 19 74 5 49 9 26 18 49 15 51
11 38 1 9 12 76 3 7 9 4 8 46 18 83 10 29 6 34 4 19 17 84 7 72 5 4 13 31 0 2 14 79 2 26 15 50 19 22 16 84
18 4 14 42 16 67 0 9 11 68 3 96 4 98 1 60 15 47 7 25 9 54 12 98 13 21 2 43 10 19 8 5 5 60 6 82 19 95 17 36
17 80 16 62 19 86 14 46 0 84 1 64 5 84 10 13 2 86 4 13 7 61 11 1 8 79 18 55 9 99 13 68 15 31 3 12 12 60 6 22
15 67 2 67 12 8 11 79 5 99 4 78 7 55 6 90 0 1 18 78 16 8 14 74 3 82 10 25 8 16 13 3 17 71 1 94 9 59 19 72
16 11 17 56 8 28 1 91 9 63 7 21 2 16 6 92 5 68 3 48 15 53 14 22 0 78 10 96 11 50 19 58 12 91 4 73 18 95 13 16
8 56 9 43 4 8 10 48 1 54 13 35 15 47 18 71 3 58 11 86 16 33 0 58 6 35 14 44 17 98 7 28 12 50 19 84 5 26 2 89
6 28 9 10 7 71 18 72 2 89 5 96 3 71 11 79 1 11 16 23 4 36 19 98 17 34 12 87 13 85 10 28 8 51 15 46 14 61 0 88
3 26 8 62 0 22 10 5 12 7 17 30 18 97 14 90 5 28 11 63 9 27 15 3 13 84 4 65 1 88 7 89 16 62 6 28 2 32 19 78
3 55 18 39 17 78 9 11 10 53 1 13 19 44 6 95 2 12 5 86 11 66 4 95 14 11 0 12 15 89 8 49 16 80 7 32 12 89 13 44
