50 20
18 68 2 5 12 99 16 63 11 82 14 93 3 40 9 75 1 68 13 78 15 73 17 35 19 18 5 20 0 1 7 69 6 11 4 37 8 54 10 57
5 82 10 98 0 43 16 97 14 70 12 10 1 53 9 14 3 91 6 91 7 8 13 29 11 78 18 58 4 73 19 55 8 75 15 22 2 91 17 48
8 51 13 31 3 40 4 63 9 29 11 90 7 52 1 17 15 46 18 35 19 79 10 18 14 77 16 16 17 55 2 5 12 45 0 95 5 40 6 27
11 48 2 96 10 33 16 8 18 79 9 54 6 69 15 52 13 65 1 12 12 13 0 74 3 87 14 98 7 3 19 62 8 91 4 53 17 85 5 19
11 68 3 78 10 52 4 33 9 5 0 75 15 8 1 28 2 47 19 14 17 33 8 41 13 97 7 67 14 1 12 79 5 2 18 4 6 76 16 45
10 99 7 44 15 7 3 29 1 90 0 4 19 23 4 3 16 3 2 83 5 72 13 13 14 22 11 18 6 69 8 48 18 89 12 33 17 7 9 50
5 6 10 87 12 12 3 33 0 72 18 31 6 14 1 85 9 15 15 24 8 35 2 85 13 37 17 43 11 2 4 8 7 22 14 28 16 52 19 16
6 75 3 32 4 59 2 9 13 68 5 96 7 41 16 79 9 25 1 20 8 97 0 5 19 44 15 32 12 44 11 35 17 86 18 58 14 65 10 45
5 70 11 79 2 18 15 29 7 34 14 37 8 35 4 92 0 86 13 26 19 29 10 52 1 52 3 2 17 35 12 20 16 66 9 81 6 82 18 7
0 42 16 46 9 89 8 2 3 96 1 44 10 38 6 95 7 9 13 78 11 33 19 24 5 63 18 28 4 21 12 27 17 3 14 94 2 20 15 71
11 72 9 90 8 13 3 59 0 70 19 41 15 77 17 54 7 20 1 10 16 52 6 26 12 72 14 18 13 43 10 19 18 77 4 83 5 8 2 17
7 36 6 77 10 67 16 16 15 60 1 66 3 34 0 83 2 44 9 54 8 93 17 35 13 55 5 56 14 79 12 26 19 38 4 91 11 94 18 90
0 78 10 68 12 61 11 96 6 95 19 41 4 16 8 15 14 46 5 47 13 7 15 64 1 59 2 39 18 87 3 52 7 42 17 77 9 97 16 29
14 22 19 88 15 45 13 45 16 6 4 66 0 80 3 65 9 47 10 18 6 17 17 69 5 52 1 68 18 84 8 47 2 40 7 22 12 39 11 11
6 34 15 39 7 27 0 56 13 62 2 38 11 46 8 46 4 15 14 62 5 1 16 45 17 60 19 49 10 78 1 97 3 60 18 4 12 12 9 40
13 87 8 57 9 71 10 51 1 39 0 79 4 20 14 40 12 54 3 62 15 17 11 25 7 85 5 25 19 39 17 11 16 41 6 83 2 16 18 74
6 88 3 60 17 26 5 94 19 13 2 8 1 38 9 39 10 87 14 30 4 27 11 64 13 36 15 18 8 67 0 99 16 91 18 33 7 41 12 45
17 59 9 91 2 29 8 33 0 34 5 95 4 18 11 96 15 70 12 92 10 69 3 73 13 5 1 78 18 58 16 75 6 94 19 33 7 21 14 78
14 93 3 73 12 43 9 23 10 83 17 19 7 43 1 59 11 32 16 84 2 65 6 55 18 25 15 79 8 41 5 16 4 79 13 73 19 84 0 14
11 2 17 42 10 13 16 82 12 42 5 77 19 60 9 26 3 40 14 17 15 77 4 49 7 14 13 84 6 31 18 29 2 86 8 2 0 4 1 43
8 48 5 27 9 9 13 21 11 67 18 44 15 65 19 79 3 58 17 28 2 80 10 95 14 72 6 13 12 53 0 37 16 90 7 36 4 45 1 31
14 14 5 98 10 32 19 12 6 43 12 87 11 51 1 22 4 38 16 42 7 63 9 99 13 81 3 88 0 66 17 19 15 19 18 22 8 9 2 62
13 15 0 95 3 86 6 20 4 29 15 21 8 86 5 42 12 46 16 74 7 13 19 76 17 33 14 10 2 61 18 11 11 67 9 74 1 59 10 33
17 9 2 36 14 14 13 19 10 70 6 2 18 55 4 33 1 28 9 99 8 32 19 21 15 29 11 32 5 41 12 12 16 18 7 30 0 23 3 28
9 28 12 11 6 48 5 66 3 23 1 71 13 65 18 70 0 23 19 41 10 69 4 3 17 76 11 45 8 47 14 94 2 77 16 77 7 43 15 42
19 68 8 60 15 68 12 97 4 73 18 67 10 32 16 46 9 18 11 40 1 61 5 52 7 33 17 98 2 41 3 39 0 23 14 3 13 93 6 33
9 74 2 98 5 58 19 42 16 10 10 31 18 98 3 62 4 18 14 8 11 19 0 58 13 34 7 21 6 71 8 68 17 49 1 55 15 1 12 35
6 53 13 54 15 15 2 40 3 8 14 6 7 20 5 75 1 13 9 39 16 54 11 72 8 85 10 29 0 50 19 78 4 49 12 39 17 35 18 19
0 90 6 70 17 71 5 21 10 11 11 64 19 86 12 99 4 54 18 75 7 81 9 62 3 41 8 77 16 97 15 77 14 39 13 93 1 44 2 81
16 61 7 96 17 27 8 69 1 99 15 38 19 31 2 98 11 69 3 66 14 84 5 93 12 2 18 34 10 67 9 44 0 22 6 44 13 80 4 75
6 47 8 30 12 40 17 68 2 34 10 19 5 83 18 32 0 44 3 38 15 12 1 28 9 6 4 24 7 21 19 14 16 12 13 49 11 53 14 20
9 94 2 95 3 35 4 86 17 55 14 45 16 17 13 52 1 33 19 41 5 63 8 90 0 47 15 68 6 52 18 10 7 82 11 9 12 91 10 88
14 57 10 28 4 43 0 87 17 31 6 63 18 32 5 66 11 14 13 30 3 66 1 63 19 30 15 77 9 39 8 43 16 48 2 71 7 31 12 10
15 69 6 14 5 6 8 36 18 35 7 96 2 81 1 90 0 7 11 3 12 50 10 85 14 54 13 99 16 93 17 60 9 17 4 35 19 18 3 61
7 76 1 37 3 75 8 41 11 72 9 95 13 74 16 59 15 31 14 14 2 17 17 75 4 24 12 84 0 35 18 79 6 25 19 46 5 35 10 82
2 17 18 4 1 70 5 8 14 66 12 53 13 30 11 95 4 52 3 96 16 10 6 83 19 16 8 24 17 71 10 16 0 33 15 19 9 59 7 26
2 26 5 44 8 6 18 42 6 89 11 71 1 77 0 87 14 64 15 54 17 43 7 83 12 37 16 38 19 54 10 97 13 15 9 13 3 28 4 74
6 24 0 12 18 28 13 65 17 55 19 4 3 47 11 30 14 87 10 67 4 17 8 21 16 30 1 15 2 37 9 26 7 54 12 53 5 39 15 96
9 1 3 14 17 33 6 72 0 36 2 72 10 26 18 61 1 48 15 30 16 43 7 91 19 67 5 70 8 74 11 30 13 74 14 73 4 26 12 93
15 98 9 38 0 99 1 74 17 81 10 11 19 44 8 65 16 14 4 72 6 76 3 93 12 79 13 96 11 48 2 83 18 44 14 38 5 9 7 8
1 22 8 42 11 46 12 71 0 35 5 33 6 18 14 60 7 78 18 85 16 59 10 87 13 84 4 49 17 32 15 2 9 62 2 25 19 60 3 25
10 76 3 9 13 61 4 98 16 25 19 91 1 23 17 57 12 94 18 99 6 97 15 36 0 69 9 61 11 10 8 73 5 98 7 53 2 32 14 11
8 89 16 92 0 63 18 1 17 76 4 7 12 57 19 44 11 53 13 66 7 80 9 53 1 69 5 5 10 43 14 90 15 62 6 87 3 46 2 89
9 39 17 20 12 90 0 3 5 52 14 68 2 49 13 55 16 92 18 68 19 95 1 79 7 75 8 77 4 49 3 92 6 81 11 17 10 91 15 67
2 3 8 40 0 94 13 26 7 17 3 53 1 40 11 12 5 94 18 96 9 3 16 63 10 12 12 92 14 81 17 39 4 54 6 90 15 28 19 62
7 9 1 79 4 51 0 49 14 96 11 99 2 82 17 1 18 85 12 62 10 15 5 19 15 34 13 1 9 15 19 11 16 90 6 59 3 18 8 81
15 37 7 11 12 16 0 54 2 49 8 74 5 57 1 53 10 50 19 26 3 29 18 81 4 44 11 94 6 13 9 81 17 81 16 25 14 66 13 13
19 40 1 45 7 8 4 62 11 42 6 93 18 90 8 12 14 61 2 94 5 73 13 30 17 96 10 46 3 35 16 8 0 85 12 59 9 85 15 72
4 19 2 62 17 91 1 9 5 5 15 79 0 91 8 14 9 57 6 9 10 58 12 93 14 50 11 50 16 21 7 86 3 47 18 13 13 42 19 82
1 75 15 44 2 2 12 68 10 89 19 51 0 81 9 15 6 91 13 65 5 22 11 51 18 77 8 86 16 26 3 81 14 42 7 27 17 40 4 33
