50 20
8 42 5 34 12 4 9 43 11 22 19 59 15 67 2 97 0 50 1 92 16 93 17 6 10 78 3 76 4 72 18 16 7 39 14 28 13 92 6 58
17 64 5 79 9 78 2 99 13 90 1 9 11 30 4 57 0 16 19 35 7 84 6 71 15 71 18 88 3 32 16 32 8 97 12 33 14 71 10 25
17 13 0 92 10 50 14 11 2 63 12 72 11 1 5 29 18 19 4 39 7 28 1 83 6 15 3 81 13 19 9 5 15 9 19 89 8 1 16 4
19 58 1 61 14 7 17 13 8 13 13 54 16 65 18 69 9 59 4 13 7 47 3 65 15 86 6 50 11 51 12 99 0 71 5 43 2 17 10 19
19 78 0 65 3 42 1 27 7 82 2 67 17 98 4 77 11 74 15 86 14 19 6 68 13 85 12 37 5 46 8 6 18 75 16 27 10 14 9 82
2 78 11 16 3 17 0 94 9 92 17 11 15 52 12 46 7 39 14 22 18 65 5 18 4 74 8 56 6 35 19 30 1 90 16 68 13 15 10 20
3 32 11 33 16 43 9 10 10 80 15 27 0 19 6 87 19 34 17 79 8 56 18 66 12 57 4 87 1 58 2 82 7 83 13 30 5 20 14 15
3 38 12 84 2 43 7 42 19 76 14 94 15 62 1 94 17 22 11 11 4 67 5 23 13 82 0 5 18 49 16 16 8 96 6 33 9 84 10 89
9 62 18 53 16 23 13 81 7 2 1 2 17 54 15 42 0 45 5 54 10 28 12 62 14 6 8 42 4 21 11 46 3 25 6 79 19 44 2 52
12 98 0 55 1 29 19 43 2 63 8 43 11 4 6 35 16 22 15 62 18 46 7 73 5 27 17 28 3 20 4 74 13 77 10 51 14 46 9 74
16 69 12 78 7 26 18 13 4 44 17 17 1 10 2 59 5 89 13 51 11 92 0 5 15 61 8 90 6 13 10 99 14 5 19 26 3 44 9 8
12 59 11 34 3 72 0 64 17 46 15 6 5 97 6 95 2 37 9 22 8 55 19 45 16 18 13 55 4 94 7 66 1 89 10 48 18 3 14 67
15 45 11 99 9 19 14 47 0 39 17 60 5 85 2 75 19 58 8 14 7 52 10 10 13 79 16 43 1 20 6 5 18 15 3 64 4 75 12 69
15 45 13 64 10 14 2 89 9 16 14 34 7 79 12 26 18 72 1 73 3 45 16 70 8 72 19 55 17 80 6 9 4 44 5 76 0 68 11 41
0 8 5 82 19 74 1 2 9 45 7 76 8 83 2 98 4 81 3 93 15 67 13 40 10 91 18 69 17 63 6 57 11 39 12 16 16 83 14 61
14 27 9 84 3 58 12 39 7 60 6 86 13 47 17 82 1 2 5 12 19 68 4 87 15 42 8 46 11 97 18 68 10 45 0 77 16 84 2 17
11 60 3 19 0 2 5 12 16 40 1 88 13 42 17 78 7 62 8 19 19 89 12 52 6 58 14 99 4 68 9 63 10 61 15 93 2 85 18 92
16 88 8 70 12 38 0 85 14 35 19 10 10 35 5 69 6 43 18 99 3 42 1 37 7 42 2 22 4 44 17 70 15 36 13 95 11 39 9 93
17 64 6 67 15 30 16 14 1 24 9 82 19 5 0 93 14 68 7 17 10 97 4 76 8 75 13 84 11 27 5 82 18 34 2 70 3 99 12 5
19 25 11 54 14 70 13 15 6 44 5 98 8 11 7 95 15 47 10 8 1 55 17 15 2 4 3 6 9 77 18 5 0 85 16 84 12 50 4 25
7 48 3 86 6 29 4 94 5 37 8 39 11 96 14 70 18 21 9 51 1 57 15 36 10 68 19 93 0 95 2 81 12 46 17 62 13 45 16 84
8 96 13 54 18 5 19 10 5 95 16 11 3 76 1 91 14 99 2 35 4 74 11 71 17 5 6 57 0 13 7 45 15 30 12 4 10 90 9 98
8 92 18 90 0 25 6 47 2 29 17 67 15 39 7 50 3 24 13 22 14 46 5 77 19 59 12 94 11 33 4 55 16 7 1 24 9 85 10 67
14 93 10 60 1 55 15 20 0 62 12 94 9 50 4 17 8 57 17 88 7 31 2 36 11 70 19 25 18 98 16 41 5 66 13 55 3 48 6 74
5 69 12 2 19 59 1 19 3 61 15 63 14 59 8 81 0 79 9 87 4 34 18 9 6 92 16 13 17 1 13 44 7 70 11 26 2 21 10 63
1 36 12 57 10 42 13 37 9 81 18 97 16 33 3 31 17 87 19 28 2 1 4 61 0 48 11 16 5 42 6 71 8 47 15 18 14 26 7 60
4 21 0 56 3 24 5 10 17 8 1 56 12 56 7 85 6 52 19 68 2 94 14 70 13 13 18 66 9 99 16 87 15 4 11 97 10 60 8 97
7 53 12 69 0 96 10 97 9 95 19 92 17 90 16 20 4 72 18 96 6 58 1 43 5 57 2 90 11 77 13 18 14 82 3 14 15 25 8 56
15 15 14 55 12 31 7 30 19 88 4 65 10 37 9 54 6 31 3 53 17 41 2 19 18 65 11 24 5 67 16 60 8 85 13 46 0 58 1 8
16 51 11 79 18 55 13 49 9 5 3 96 4 87 14 11 7 21 12 39 10 86 6 43 17 1 2 63 1 68 8 3 0 38 15 92 19 27 5 84
8 3 1 80 3 98 17 85 7 47 11 2 4 40 5 30 19 18 15 61 9 58 16 54 10 4 0 40 12 85 6 71 14 53 18 48 13 90 2 1
18 91 15 67 10 6 7 58 2 8 11 86 19 98 1 64 5 80 13 33 14 85 17 77 16 65 12 93 3 66 4 15 9 21 6 93 8 52 0 13
1 78 13 74 5 48 3 85 7 24 16 60 14 50 18 60 2 51 11 74 6 20 19 87 17 72 0 6 10 46 12 88 4 78 9 27 8 35 15 61
19 10 6 53 17 66 14 37 2 54 13 59 3 48 15 47 9 93 8 56 16 97 1 86 10 66 11 51 0 18 18 11 5 97 12 89 7 45 4 59
12 44 13 50 7 18 14 47 10 62 1 91 4 97 3 9 8 44 17 49 16 22 18 48 0 12 9 61 2 64 11 75 19 22 5 2 15 19 6 31
11 34 8 13 3 57 16 2 19 39 17 9 0 84 13 62 1 47 15 22 9 91 5 33 7 69 10 9 4 29 6 42 2 34 14 70 12 85 18 29
7 14 3 80 6 10 19 90 8 29 2 79 0 66 14 95 5 58 12 65 15 86 18 23 16 12 4 28 13 98 9 42 1 98 10 5 11 64 17 10
2 51 17 36 4 51 5 29 9 36 11 76 7 34 15 26 1 49 6 49 8 1 0 88 13 37 18 78 10 79 3 84 14 66 12 61 19 27 16 63
13 91 11 13 6 32 4 43 7 23 2 70 15 12 5 49 1 48 0 57 16 21 19 47 3 54 14 12 9 48 17 64 12 37 10 24 8 79 18 37
15 31 9 71 6 25 7 10 10 4 2 86 17 86 11 73 16 92 12 15 18 10 19 52 14 94 1 75 3 20 8 70 4 14 5 7 13 89 0 4
19 90 15 21 5 50 12 45 11 49 17 82 13 27 3 74 7 60 1 55 0 89 14 82 18 65 2 21 4 70 8 61 9 28 16 32 10 88 6 40
7 92 0 91 12 21 2 81 8 83 16 7 19 39 17 7 6 26 10 43 9 16 3 78 15 35 5 17 14 26 1 86 18 43 11 5 4 84 13 39
3 10 11 8 14 57 9 6 1 41 4 62 18 61 6 55 2 53 17 28 8 70 10 59 19 21 7 37 15 3 0 82 16 3 12 89 13 12 5 94
5 89 15 13 10 50 3 65 6 35 9 7 18 68 17 18 11 61 1 80 2 65 4 75 14 14 0 82 7 74 16 3 19 39 13 53 12 8 8 75
19 79 11 94 10 76 13 11 9 28 7 58 17 18 14 42 4 72 18 71 1 57 16 92 15 62 2 81 8 60 5 30 0 80 3 37 12 92 6 19
12 66 4 67 17 24 3 11 10 84 19 43 15 88 2 80 1 82 13 5 6 27 7 99 16 74 8 30 14 58 18 43 5 72 9 22 0 88 11 40
16 28 4 52 15 71 1 15 5 76 8 70 2 60 17 19 19 71 14 33 3 34 13 37 9 13 18 77 12 66 0 72 7 64 11 51 6 64 10 32
14 34 16 67 15 50 19 97 8 65 4 73 12 56 6 74 10 81 11 12 5 97 18 63 9 1 2 21 7 74 0 21 17 11 3 78 13 58 1 63
11 51 1 78 18 28 14 86 7 21 2 4 19 61 8 14 17 12 9 88 0 35 6 90 5 32 16 85 4 73 15 8 13 31 10 25 3 83 12 52
19 2 16 91 5 85 1 73 3 46 15 44 18 85 2 15 7 96 17 70 0 18 4 74 6 20 14 13 12 14 10 22 9 73 8 56 13 28 11 92
