50 20
3 96 12 44 5 72 2 45 7 34 13 82 19 38 6 79 10 23 18 42 4 34 15 44 1 71 0 68 14 29 9 84 11 31 16 71 17 63 8 41
11 38 16 50 14 68 18 16 3 67 8 13 10 73 7 60 6 6 2 2 19 33 9 50 15 32 12 61 0 63 13 40 5 95 4 70 17 40 1 57
17 71 14 28 8 87 15 20 0 19 7 79 4 61 9 45 13 22 10 96 1 16 12 74 11 18 5 18 16 6 19 24 18 44 2 36 6 11 3 5
3 62 15 65 17 51 13 56 7 79 0 42 10 15 19 18 5 2 16 93 1 30 2 13 14 79 8 65 6 23 18 26 12 63 9 32 4 26 11 69
0 94 17 18 11 77 9 47 4 63 12 65 5 96 16 70 19 72 3 21 6 52 14 30 13 54 2 90 1 56 10 8 15 98 18 55 7 93 8 1
9 22 17 12 0 17 8 22 1 94 2 61 15 38 19 57 16 19 5 99 11 85 4 76 18 3 13 91 12 54 6 11 3 69 7 57 14 91 10 78
5 96 15 66 16 95 3 55 10 85 19 99 12 5 8 55 7 53 14 83 13 24 2 83 0 53 18 78 9 64 4 46 17 54 6 25 11 16 1 28
0 68 14 75 4 20 10 74 7 78 5 41 13 25 12 27 19 28 1 76 3 34 2 17 11 13 15 27 8 16 9 82 17 29 18 89 16 17 6 78
4 62 8 45 3 73 5 38 0 12 18 12 10 36 2 45 16 51 1 17 15 18 6 34 17 85 14 66 19 47 12 76 7 69 9 25 13 27 11 36
18 63 4 57 12 52 10 32 9 97 0 48 19 51 7 16 3 99 13 16 17 47 11 28 15 84 8 86 5 83 1 69 2 25 16 38 14 44 6 73
19 10 2 62 11 25 14 23 5 76 8 24 13 56 9 11 3 80 15 19 6 42 12 61 10 81 1 32 18 99 0 62 17 74 7 35 16 43 4 45
9 17 13 60 12 62 10 69 19 70 1 7 0 96 6 11 4 52 15 18 3 43 8 13 14 21 17 92 11 28 2 6 18 8 16 34 7 85 5 53
17 33 11 90 19 69 6 42 16 33 7 27 0 96 12 56 15 1 14 73 4 31 1 7 3 26 10 44 8 87 18 97 2 19 13 52 9 14 5 23
10 63 6 76 0 83 11 44 2 11 7 63 12 87 5 17 18 85 9 72 1 44 15 78 19 20 3 21 14 48 16 63 8 92 4 7 13 56 17 26
13 75 9 66 12 15 0 85 14 61 11 79 3 4 4 63 5 73 16 72 19 18 7 84 17 2 15 55 1 69 18 79 10 66 2 9 6 13 8 92
14 93 9 86 15 64 5 87 19 65 11 74 12 25 1 61 13 42 7 15 0 75 6 94 2 79 17 28 18 53 8 27 16 13 10 23 3 76 4 55
6 5 9 41 15 54 0 16 18 51 7 73 11 98 3 57 4 38 8 10 12 29 10 3 1 74 19 13 16 74 13 75 17 8 2 14 14 10 5 62
6 28 4 59 14 11 8 24 1 31 9 85 5 15 7 47 0 45 15 31 19 68 10 65 13 60 2 68 3 83 17 94 11 13 12 29 16 12 18 39
9 93 18 29 11 10 6 73 14 78 2 83 4 1 1 3 16 7 0 74 13 92 5 62 8 78 17 72 12 75 10 87 7 78 3 25 15 23 19 75
19 42 10 74 9 19 5 24 12 91 17 84 16 61 2 79 7 99 11 83 1 19 15 47 13 68 14 21 8 72 18 86 0 90 3 64 4 67 6 80
4 72 8 88 18 43 9 32 2 14 16 12 15 24 1 89 13 51 10 68 5 88 12 88 3 89 19 66 11 71 17 72 0 63 14 30 7 34 6 34
4 45 14 73 11 41 15 61 9 45 13 74 12 46 6 46 0 32 1 99 10 7 7 21 5 45 8 6 16 86 3 18 19 26 2 87 18 97 17 57
6 34 14 66 1 93 5 45 3 5 13 50 16 63 0 49 17 38 11 92 10 34 8 86 9 5 18 14 19 84 12 91 4 57 7 82 15 6 2 46
6 7 12 59 15 6 14 21 10 6 0 89 8 53 16 25 3 26 5 7 2 94 17 53 13 62 19 68 18 24 1 94 4 49 9 91 7 70 11 28
14 78 1 1 0 18 11 58 12 23 2 27 9 54 15 18 18 89 7 86 19 70 4 31 3 55 6 95 17 65 8 52 13 20 5 12 10 30 16 18
13 57 7 23 15 87 14 53 6 71 4 84 10 58 2 27 5 77 19 43 17 50 11 2 18 27 1 27 12 33 3 19 0 96 9 66 16 5 8 1
14 91 17 86 0 38 2 26 7 32 18 10 13 36 11 64 16 37 5 70 8 93 19 8 12 23 15 13 4 37 9 89 1 1 3 6 6 31 10 68
12 18 1 7 15 32 13 21 3 33 8 17 0 33 14 66 18 94 7 30 19 18 9 22 2 20 4 14 6 16 16 8 11 70 5 58 17 84 10 52
10 20 8 37 12 16 13 50 11 18 2 22 18 22 0 76 3 34 4 64 9 28 16 77 6 86 14 47 15 19 1 5 19 24 7 97 17 27 5 25
5 28 19 2 14 59 0 26 8 52 15 99 16 4 7 63 11 99 4 30 9 13 1 33 6 66 2 57 10 45 17 62 12 12 13 29 3 18 18 82
17 86 2 44 16 60 0 61 9 26 6 76 4 18 8 2 3 24 7 80 13 7 12 42 11 50 19 22 5 48 10 98 14 17 1 6 15 17 18 80
13 44 7 83 19 43 11 11 14 67 4 52 9 21 16 36 12 91 8 48 6 88 2 56 1 67 3 57 0 96 15 23 5 59 18 67 10 31 17 55
17 36 3 28 18 19 9 87 10 84 15 75 6 74 1 17 12 11 11 29 16 60 7 77 8 2 14 41 13 42 4 13 19 18 2 37 0 26 5 80
5 48 10 31 18 76 1 76 6 77 17 47 16 95 9 99 13 13 4 92 14 63 8 22 2 92 11 86 3 33 15 47 0 91 19 20 12 34 7 6
9 1 17 30 3 15 7 13 15 6 12 12 16 2 11 98 2 74 4 15 18 48 0 27 6 9 10 76 14 28 13 58 8 48 1 97 19 62 5 89
7 88 19 22 12 68 18 1 16 94 4 58 17 54 5 89 3 65 15 22 6 50 0 12 10 91 14 13 9 20 1 18 11 19 2 61 8 60 13 6
18 3 5 10 0 19 9 42 13 58 3 19 17 72 10 56 14 28 19 23 1 58 16 63 6 13 12 81 4 98 11 71 8 72 15 52 2 56 7 56
17 73 18 41 6 66 0 31 8 56 19 22 9 14 11 20 1 12 7 20 5 65 13 40 10 21 2 47 15 30 16 73 12 52 14 8 3 32 4 94
10 7 7 43 17 76 12 1 14 5 13 61 15 61 11 21 6 99 18 85 1 59 0 78 9 56 5 20 3 31 2 38 4 62 16 57 8 90 19 76
4 27 5 86 0 60 13 35 15 76 17 31 8 65 6 97 9 56 3 52 11 59 18 15 12 49 2 28 14 67 10 42 1 56 7 86 16 30 19 64
15 62 8 68 5 5 1 70 0 63 6 80 13 21 17 29 11 26 2 69 4 31 10 3 14 95 18 14 9 50 16 21 19 17 7 9 12 22 3 66
7 56 14 56 13 18 5 7 10 18 9 97 12 57 15 30 1 30 6 43 18 2 17 8 19 43 0 95 3 82 11 23 2 43 8 19 4 50 16 98
12 68 4 98 11 66 1 34 0 13 7 12 16 1 18 40 3 30 13 75 19 90 8 30 14 5 2 1 6 74 10 96 15 93 9 50 17 10 5 71
13 14 7 91 2 92 3 26 11 60 17 35 10 80 1 12 12 51 8 15 19 81 6 69 0 20 5 37 18 90 15 90 9 71 16 50 4 24 14 38
8 55 19 3 0 22 14 4 7 18 17 59 11 81 5 74 6 37 16 10 3 64 18 22 12 30 10 27 4 70 15 39 9 31 13 22 1 15 2 98
18 56 13 47 5 7 6 57 15 91 8 50 4 16 14 47 12 84 10 95 16 4 7 41 19 28 17 37 2 97 3 37 11 2 0 12 1 33 9 59
17 86 11 28 9 85 3 91 6 37 8 66 0 41 19 77 13 33 1 82 12 40 10 51 7 16 18 67 16 86 2 3 5 29 14 65 4 4 15 5
12 37 2 8 9 51 10 83 4 98 18 87 7 36 16 96 11 14 17 99 19 64 1 44 5 9 15 98 0 39 6 88 8 33 3 33 14 92 13 32
3 26 13 86 5 39 7 20 10 80 1 33 15 63 8 83 14 80 17 13 0 33 16 76 9 27 4 53 19 4 18 87 12 16 6 17 11 27 2 20
14 52 17 60 5 10 4 78 1 28 10 80 8 19 11 33 15 71 0 73 19 10 16 38 2 20 6 28 12 13 18 87 7 2 3 18 13 66 9 89
