50 20
12 2 7 79 15 56 1 71 16 17 6 2 18 32 0 22 19 99 5 66 10 82 17 33 3 9 13 43 9 94 8 6 11 40 4 44 2 50 14 61
17 56 1 3 11 58 15 77 9 34 0 97 2 3 6 3 14 42 7 1 13 28 4 81 12 19 5 4 8 9 18 64 3 9 19 40 10 40 16 11
9 4 3 8 2 40 17 2 8 57 11 78 15 14 4 29 6 83 0 73 1 10 14 29 16 59 19 19 13 50 12 43 5 26 10 3 7 31 18 19
16 71 2 5 1 94 5 79 12 91 8 35 4 54 13 16 15 96 10 43 19 21 18 66 14 33 17 4 11 60 3 85 6 19 0 89 7 9 9 96
1 2 16 79 4 88 15 19 8 16 7 77 13 98 2 53 5 33 0 41 14 16 12 4 9 11 11 67 10 86 17 31 3 49 18 96 6 67 19 15
16 45 11 28 14 63 18 99 0 83 5 88 10 73 4 22 13 66 15 36 1 9 2 50 9 38 6 43 8 7 7 64 19 70 12 50 3 14 17 55
15 50 2 54 16 26 4 54 12 79 8 37 6 46 10 90 0 90 14 84 18 19 11 66 5 48 17 98 3 48 7 86 13 63 1 39 19 67 9 23
1 56 13 6 3 68 9 20 17 51 0 26 12 90 19 86 6 23 18 69 8 96 4 47 14 78 11 75 16 41 15 96 7 99 2 20 5 39 10 32
7 72 11 24 0 29 15 97 8 86 14 64 9 14 12 84 3 22 18 84 16 89 1 83 5 41 2 89 19 2 13 6 17 54 6 32 10 55 4 17
19 71 2 41 10 21 4 91 15 8 7 54 17 57 9 27 8 36 3 84 6 40 11 16 5 90 1 96 13 77 18 14 12 85 0 82 16 30 14 51
8 13 4 29 2 94 13 35 14 8 17 42 0 54 6 19 19 83 3 77 11 29 9 40 15 39 5 95 1 50 16 25 10 37 7 66 12 34 18 29
18 38 7 80 15 83 1 92 11 32 16 10 9 51 12 47 4 95 10 82 2 67 0 87 17 80 3 49 6 47 13 77 8 58 5 78 14 64 19 27
15 41 16 33 6 82 18 52 11 31 10 6 13 31 14 93 12 16 17 30 8 88 9 68 1 68 5 55 4 96 0 22 3 50 2 10 19 56 7 89
7 70 17 58 18 99 9 21 10 66 3 7 2 38 5 7 16 70 15 81 1 67 8 74 4 43 11 20 13 72 14 50 0 94 19 5 12 29 6 10
15 6 19 6 13 28 9 93 11 55 10 99 17 10 6 92 2 20 16 77 3 65 12 61 18 59 0 46 1 99 8 67 14 18 4 58 5 5 7 43
15 77 4 93 3 13 11 20 14 90 9 77 16 92 19 81 8 91 10 82 6 2 0 35 1 21 13 43 17 48 5 70 2 91 12 61 18 59 7 64
5 90 14 48 10 31 13 48 18 88 15 1 19 59 8 41 9 47 12 19 11 57 6 72 7 25 16 29 4 95 0 52 2 92 17 48 1 74 3 33
19 32 2 69 14 52 16 12 10 83 6 24 4 40 17 96 9 25 18 6 8 74 11 44 13 90 12 84 15 27 7 57 3 28 1 92 0 1 5 94
3 83 10 43 5 82 15 2 14 73 1 13 17 13 6 92 11 67 19 83 0 33 9 63 4 4 18 39 16 7 2 13 8 8 7 13 12 5 13 23
9 84 16 24 14 96 7 63 11 22 6 98 19 52 3 84 18 14 13 61 0 91 1 69 15 63 8 52 17 61 10 89 4 8 5 68 2 93 12 59
5 91 17 32 18 1 2 23 15 82 10 43 14 37 8 48 11 29 7 29 1 33 9 14 3 37 4 83 6 79 13 63 12 77 0 4 16 19 19 44
5 88 8 66 11 32 3 43 1 14 4 27 16 57 19 24 0 27 10 59 15 86 6 56 17 50 2 62 9 60 12 43 13 50 7 81 18 40 14 31
16 66 1 15 5 69 10 63 9 21 11 52 17 71 4 82 15 69 18 69 8 30 14 26 3 28 12 81 19 97 2 2 0 51 13 25 7 4 6 25
0 27 5 91 17 69 9 89 7 4 19 90 3 53 4 85 6 38 2 72 18 85 15 53 14 17 8 55 1 74 11 71 12 69 10 48 16 4 13 80
17 81 11 65 6 68 3 67 4 34 18 96 19 2 15 96 14 69 13 18 10 83 12 77 1 47 0 74 9 48 8 42 2 1 16 24 7 81 5 80
11 99 1 40 6 10 10 68 7 45 8 46 13 64 0 31 5 79 16 78 17 52 18 74 15 89 12 39 4 67 2 78 3 27 9 74 14 28 19 85
16 59 3 49 12 2 5 7 15 77 8 82 10 78 13 68 11 94 7 74 6 20 4 68 19 59 18 48 1 34 0 79 14 24 9 46 2 74 17 67
8 7 15 62 2 96 3 21 13 20 18 82 9 7 17 97 16 50 1 76 7 90 14 53 10 7 4 14 12 97 6 89 0 44 5 34 11 31 19 68
6 5 5 50 0 36 10 17 15 53 18 53 1 59 2 57 19 85 14 35 7 24 4 88 11 80 13 46 3 74 16 16 17 48 8 35 9 24 12 62
1 11 16 94 19 84 4 81 15 93 17 15 3 76 7 58 0 77 12 30 8 20 6 51 5 14 14 92 18 21 13 74 11 11 10 56 2 99 9 97
8 33 19 1 0 83 6 6 7 28 10 77 18 73 2 63 14 16 4 40 12 60 1 40 15 79 16 18 3 58 11 50 9 66 5 29 13 20 17 45
1 82 12 79 16 49 6 25 7 70 13 83 4 39 17 63 5 74 0 91 2 41 3 1 10 13 18 35 9 43 19 42 14 81 15 41 8 78 11 42
15 71 3 40 12 16 6 11 4 20 18 51 8 64 14 59 19 84 13 28 16 80 0 34 5 11 1 96 11 92 17 98 10 83 9 11 7 77 2 92
9 96 15 96 7 91 1 4 13 16 14 56 17 31 19 25 6 15 4 63 16 69 18 84 5 49 10 52 3 47 12 79 0 36 11 23 2 11 8 28
5 34 16 40 7 85 0 6 8 22 2 45 15 83 18 95 12 84 10 27 9 94 19 97 14 18 11 98 6 99 17 34 13 65 1 73 4 24 3 72
19 36 10 3 4 48 0 54 7 14 2 27 11 54 15 74 8 75 13 13 12 41 16 9 17 43 1 67 9 67 5 86 3 86 6 2 18 27 14 56
11 88 5 48 2 72 14 95 6 66 15 44 19 67 12 79 3 56 4 90 7 93 9 6 16 12 13 20 8 91 0 49 18 12 17 7 1 82 10 97
8 39 11 6 3 70 9 38 2 48 14 58 5 98 13 41 18 45 1 45 16 54 17 70 12 85 19 3 7 10 0 94 10 22 15 73 6 51 4 41
14 39 12 75 13 89 10 48 4 57 7 29 11 17 3 29 18 85 16 49 8 3 1 33 9 4 0 54 5 92 6 31 2 17 19 45 17 45 15 13
9 96 13 86 8 35 10 84 4 65 12 24 6 15 19 28 3 40 15 56 16 53 2 97 18 9 5 75 7 78 17 1 1 83 0 42 11 1 14 67
14 51 9 77 5 35 11 30 4 37 6 3 10 35 7 64 17 10 16 7 19 25 13 58 18 36 2 36 12 89 3 56 0 90 8 16 15 22 1 2
9 74 12 44 10 18 11 53 4 25 14 48 18 2 15 46 7 38 2 7 19 48 1 54 17 66 8 18 3 49 0 36 5 37 6 18 16 56 13 46
17 56 2 97 7 37 8 76 16 90 11 10 14 89 5 34 19 55 1 58 13 15 15 44 0 84 18 48 4 14 12 68 9 98 6 60 3 2 10 25
13 93 4 99 12 77 0 53 11 62 18 74 5 27 17 3 1 46 14 39 8 24 9 87 19 5 10 34 15 69 3 85 7 29 6 71 16 85 2 26
18 31 3 62 17 76 13 51 5 66 2 55 7 58 1 55 6 48 16 90 14 31 4 70 10 53 8 51 15 65 11 26 19 69 0 82 12 2 9 3
13 62 6 44 12 1 2 87 4 83 7 5 0 82 15 49 3 5 5 29 11 83 10 42 16 82 1 9 18 91 17 3 19 87 14 74 9 5 8 47
5 3 4 56 2 44 1 98 7 29 0 65 17 86 14 89 9 59 8 47 6 18 3 77 18 15 11 16 15 95 13 14 16 49 12 70 10 91 19 57
0 3 13 57 14 95 10 87 7 21 19 89 2 91 15 1 4 90 11 53 6 81 1 60 18 60 17 56 9 54 16 95 5 67 8 78 12 86 3 45
17 41 11 89 9 21 1 80 15 16 8 47 12 36 0 12 4 97 18 7 5 1 16 4 13 66 19 32 10 78 2 42 14 4 7 37 3 60 6 44
14 59 5 81 1 95 19 90 10 81 16 24 8 54 18 15 7 6 12 79 0 3 3 39 6 21 2 41 4 34 11 98 13 9 17 44 9 57 15 83
