50 20
17 79 12 9 5 17 1 80 2 98 11 59 19 5 0 96 10 41 14 15 15 49 3 25 13 38 8 10 7 39 16 38 18 29 4 86 6 5 9 79
17 28 0 40 9 2 15 86 7 27 16 85 10 14 13 36 19 1 5 94 1 65 2 66 18 38 12 22 3 86 14 68 8 43 4 57 11 15 6 85
13 77 11 27 15 76 17 71 14 27 8 82 9 92 3 93 2 78 10 4 5 32 4 52 1 62 19 34 16 32 0 34 6 84 18 61 7 95 12 34
18 69 12 14 17 4 9 12 14 40 4 44 3 68 7 63 0 70 15 48 16 46 6 97 8 17 19 9 1 71 2 27 13 43 11 4 10 23 5 2
0 32 19 35 3 45 4 32 9 14 1 8 12 18 11 3 5 84 2 22 16 72 8 32 17 16 6 85 18 87 10 77 14 95 13 20 7 36 15 10
9 46 19 5 18 37 3 77 6 65 1 74 0 23 10 54 17 88 8 88 15 38 14 17 13 84 11 69 16 9 12 82 5 1 7 29 4 38 2 78
19 82 2 56 18 58 17 48 8 29 16 88 5 60 6 50 12 71 11 31 10 83 9 23 7 51 1 35 13 76 4 87 0 73 15 79 14 46 3 34
18 98 7 11 13 32 4 19 9 12 12 41 2 51 15 27 6 10 16 23 5 4 10 61 14 43 19 99 1 95 8 29 17 48 11 85 0 64 3 82
17 9 4 55 5 60 19 12 11 14 14 22 2 25 7 47 12 58 8 80 6 78 18 97 16 4 0 90 13 69 9 56 10 37 1 6 15 11 3 34
9 29 10 8 16 59 6 42 11 5 2 83 15 99 1 33 4 77 3 88 0 91 8 72 14 58 5 95 7 45 13 47 19 34 18 3 12 40 17 9
14 71 0 63 10 67 7 67 16 68 4 61 3 5 12 58 2 77 8 78 19 21 13 46 17 12 5 92 1 3 9 24 15 56 18 65 11 62 6 38
11 32 7 37 13 10 12 16 1 50 14 71 4 57 16 70 10 13 17 9 9 1 18 64 15 37 8 63 19 11 5 50 3 44 0 36 6 73 2 99
7 71 3 44 0 16 9 53 11 67 6 38 1 93 15 49 16 60 12 80 10 12 17 98 5 44 8 2 2 78 19 85 4 38 14 80 13 42 18 12
6 25 5 23 4 95 10 53 16 35 1 17 18 25 17 87 14 83 2 80 3 20 7 81 19 57 0 96 13 17 15 21 11 55 8 13 12 45 9 38
15 7 5 19 16 67 2 26 19 96 17 13 0 83 11 25 8 84 14 11 3 68 12 80 6 2 13 6 1 50 7 20 9 21 18 76 4 70 10 93
17 31 0 40 7 90 3 92 14 23 5 5 15 67 19 71 9 95 18 28 8 31 4 71 2 11 11 29 16 14 1 41 12 78 6 61 13 99 10 54
2 73 1 85 12 14 9 56 3 91 6 34 7 39 18 76 13 77 10 42 17 17 0 35 16 28 19 67 5 76 14 6 4 84 11 30 15 79 8 78
17 47 3 44 6 42 2 33 8 68 5 69 10 66 11 40 19 24 15 44 16 44 9 40 4 17 14 12 18 37 12 1 13 53 7 32 1 22 0 33
18 5 0 29 4 72 5 36 10 79 13 10 8 78 19 84 11 68 7 32 17 30 16 76 6 52 3 89 14 57 12 92 9 15 15 30 1 52 2 5
1 51 19 47 14 79 3 85 5 72 7 77 2 28 17 24 6 17 13 11 4 98 11 29 0 59 15 80 16 81 12 6 10 65 18 60 9 71 8 47
17 20 6 30 10 45 0 75 1 30 9 13 15 64 12 61 19 59 11 4 13 85 14 45 3 28 7 83 16 46 2 86 18 40 5 38 4 32 8 13
6 77 16 89 18 91 17 59 13 71 15 82 7 92 10 13 8 16 9 88 2 24 14 10 1 22 5 93 4 36 0 97 12 93 3 77 19 3 11 64
4 44 17 55 9 51 3 5 15 2 7 88 5 24 2 69 8 5 16 19 12 73 6 54 1 31 13 38 14 55 11 97 19 91 10 19 18 14 0 7
8 46 1 87 16 53 11 80 6 80 4 62 9 99 7 54 3 85 12 76 15 2 2 41 17 89 13 37 5 23 0 54 19 56 14 83 18 92 10 5
7 92 3 19 19 42 15 17 0 4 12 1 6 58 17 60 5 91 18 98 2 87 4 97 9 10 13 9 1 29 16 87 11 9 14 84 10 85 8 98
5 32 6 35 15 59 1 87 18 66 2 96 3 39 7 6 12 98 10 67 0 36 19 65 16 48 17 27 9 96 11 58 13 27 4 11 8 78 14 74
6 48 17 29 7 90 8 4 10 44 12 93 3 11 0 85 13 72 19 38 11 63 2 22 9 99 16 95 18 96 4 69 15 35 5 4 1 95 14 92
17 30 7 12 15 76 14 44 18 95 6 47 1 47 12 10 4 9 0 1 11 3 19 11 16 64 8 63 13 4 10 40 5 16 9 81 3 62 2 41
0 50 19 60 11 33 7 64 6 40 1 36 3 88 4 48 16 34 13 25 2 56 10 9 8 8 12 32 18 43 14 5 17 95 15 56 9 47 5 27
2 11 9 63 0 48 8 40 10 25 19 68 1 66 4 98 14 85 17 58 18 5 16 59 12 80 13 35 15 51 6 47 11 11 3 46 7 29 5 52
19 88 0 63 18 47 13 7 17 10 4 20 9 72 11 98 5 3 8 64 1 14 12 10 6 90 7 33 15 46 16 83 10 49 14 37 3 95 2 62
11 30 18 97 8 18 19 13 7 35 0 84 15 48 12 59 13 50 6 74 1 29 4 55 10 36 17 56 9 12 2 32 3 89 5 18 14 43 16 58
4 51 19 43 12 61 8 49 6 2 10 35 14 95 17 8 5 61 1 18 0 23 7 13 9 60 11 45 18 90 3 99 16 15 15 78 2 54 13 14
6 46 14 49 3 56 13 26 10 37 11 36 8 50 9 55 0 89 16 23 17 26 19 30 12 74 7 70 2 69 18 73 5 23 1 18 15 16 4 33
18 56 2 35 17 6 14 78 15 92 5 26 9 64 8 63 10 71 0 44 3 20 6 70 19 1 12 11 4 20 1 22 7 16 13 76 11 61 16 24
19 79 3 57 8 57 15 8 18 54 14 52 17 9 11 67 0 74 12 64 9 27 6 20 13 18 10 92 2 84 7 54 5 31 16 78 4 7 1 52
18 59 14 93 11 60 15 43 6 9 16 76 8 34 10 90 12 88 4 81 9 76 13 11 3 48 1 57 0 31 2 35 19 87 5 79 7 59 17 19
13 38 2 46 18 34 9 7 10 67 4 11 11 53 5 51 15 48 1 86 12 86 19 43 6 66 16 68 3 82 7 24 14 34 17 72 0 52 8 13
2 38 3 61 10 79 16 64 1 68 13 78 11 29 5 61 6 3 0 71 17 50 14 35 4 95 15 18 18 74 9 15 8 22 19 8 12 42 7 71
3 75 11 94 6 31 5 1 2 51 10 78 8 52 17 61 9 16 0 43 4 13 12 75 7 59 15 28 19 1 18 67 1 36 16 37 14 2 13 50
12 18 1 21 19 1 2 90 4 6 6 40 5 23 18 3 17 36 15 11 13 50 11 25 16 83 14 20 8 65 9 24 3 11 0 13 7 32 10 16
12 28 3 83 16 28 8 47 11 30 5 32 1 88 9 93 10 90 7 22 4 9 18 88 14 18 19 24 17 23 15 77 13 18 0 80 6 26 2 40
4 30 19 75 0 88 13 46 18 37 17 59 3 17 6 62 8 48 16 2 10 41 7 22 15 66 5 85 12 67 9 88 1 91 11 13 2 63 14 99
14 77 2 29 1 60 17 23 11 36 4 26 8 89 6 21 3 67 19 76 18 36 9 13 0 79 16 79 10 21 7 67 15 60 5 83 13 82 12 72
8 37 1 47 18 75 9 69 0 97 3 32 4 95 16 38 12 22 7 86 17 22 13 72 5 24 2 13 11 42 10 12 15 55 6 32 14 59 19 13
17 74 16 17 13 51 8 91 11 76 5 57 1 16 18 79 10 50 19 21 15 36 2 90 12 94 3 63 9 40 0 14 4 6 7 36 6 17 14 10
13 43 3 11 14 44 16 82 6 57 8 73 2 86 10 78 5 51 0 29 17 20 15 24 9 52 4 73 18 26 7 88 1 46 12 88 11 47 19 12
11 42 0 33 6 41 14 34 16 63 9 5 3 45 8 84 10 93 15 31 19 32 4 26 13 35 1 49 7 97 2 1 12 14 17 23 5 42 18 5
19 93 8 39 13 8 12 7 18 90 11 6 7 30 5 84 10 20 9 58 0 62 4 85 16 42 17 86 1 50 14 13 2 8 6 35 3 44 15 61
2 97 0 10 14 9 18 51 7 41 4 98 8 14 15 90 3 6 6 62 11 94 9 41 19 23 1 21 10 3 13 65 16 8 17 90 12 98 5 44
