50 20
13 48 0 49 5 55 3 87 12 21 1 29 16 79 19 10 18 7 11 72 4 93 15 66 2 39 9 83 14 42 6 30 8 27 17 61 10 98 7 30
14 80 5 13 1 60 6 70 4 80 9 19 12 65 11 5 7 19 8 63 17 41 3 29 2 47 0 88 18 60 19 97 10 27 15 59 13 93 16 56
5 42 19 17 11 74 9 17 17 38 1 82 8 81 16 20 18 7 3 87 2 42 6 71 7 89 12 70 0 55 10 30 13 89 4 73 14 57 15 27
1 58 7 2 18 66 19 30 16 27 11 38 4 63 17 69 15 13 6 72 5 62 14 11 10 30 8 51 9 74 2 93 13 21 0 95 3 75 12 98
11 13 16 79 9 31 10 46 15 10 8 70 12 99 6 35 14 94 17 34 13 26 3 78 1 57 7 71 0 24 2 23 19 78 18 73 5 3 4 10
2 87 3 83 7 37 13 14 10 60 11 97 1 71 17 59 16 31 14 6 18 11 12 12 5 99 0 66 6 86 15 88 4 22 9 32 8 58 19 11
2 41 12 83 9 41 16 15 3 87 1 1 6 15 15 7 5 71 10 78 8 54 19 8 18 74 13 36 7 77 17 15 0 22 4 94 14 44 11 5
9 94 16 41 1 7 8 50 17 77 10 5 13 21 19 58 15 21 5 10 0 1 12 71 18 69 6 18 3 35 7 33 4 29 11 94 14 28 2 50
18 38 14 31 15 43 13 73 6 70 16 97 0 76 4 72 3 60 10 8 11 7 17 54 1 92 19 68 7 94 2 72 8 46 12 95 5 85 9 2
3 44 7 71 2 4 10 66 19 50 15 35 14 5 12 25 8 47 5 88 9 47 17 76 4 30 16 2 1 58 6 38 11 83 0 18 13 72 18 49
2 74 14 5 19 63 5 71 9 35 16 95 6 21 15 90 7 49 0 65 3 26 13 4 17 77 11 70 10 83 18 10 12 82 4 65 8 17 1 65
6 18 13 5 15 3 14 71 3 8 4 55 2 4 7 23 12 45 8 26 16 60 18 91 17 17 9 78 1 41 0 7 5 65 11 83 10 81 19 88
0 20 9 39 16 94 10 26 18 90 13 83 6 76 3 36 19 48 2 15 17 37 5 61 8 72 14 56 4 24 15 32 11 4 7 28 12 3 1 70
5 98 12 84 18 54 13 38 19 89 15 88 7 62 10 8 14 98 17 51 2 72 4 52 9 70 0 27 3 44 6 32 1 37 11 4 16 7 8 62
10 98 6 84 17 30 8 6 5 24 9 51 18 38 19 86 4 84 13 40 14 63 7 21 12 85 15 60 11 70 16 88 1 78 3 91 0 7 2 11
3 99 1 12 12 38 15 67 11 36 17 36 19 65 7 8 8 1 18 74 14 73 16 35 0 49 2 17 4 52 9 12 5 9 6 55 10 77 13 92
10 90 11 20 13 61 16 61 14 38 0 63 15 49 18 81 1 73 8 47 19 69 3 4 7 67 12 64 6 34 4 50 17 79 2 73 5 18 9 29
0 11 16 52 6 18 11 13 2 98 10 16 14 3 8 42 15 44 13 85 9 6 19 7 7 95 3 9 12 29 17 94 5 79 18 13 4 89 1 46
12 93 2 20 9 22 11 42 19 65 16 12 13 28 5 27 18 76 15 76 1 25 7 53 0 71 4 97 17 17 14 50 10 2 8 2 6 28 3 46
18 89 13 8 15 8 2 75 4 75 9 49 17 35 6 11 8 51 10 53 5 2 14 10 7 37 19 36 16 87 3 82 1 9 0 9 12 66 11 63
2 98 8 93 16 76 15 66 14 10 5 94 13 37 12 28 3 65 4 51 6 30 7 48 10 21 9 94 17 16 18 80 11 89 0 9 19 10 1 19
12 1 19 16 9 62 18 17 0 33 13 79 16 16 10 78 11 62 2 64 3 50 15 23 8 20 6 67 14 15 4 68 17 30 1 38 5 84 7 45
17 37 12 20 15 98 5 19 13 75 18 69 1 46 8 56 2 5 3 44 14 10 11 90 6 35 9 48 10 99 7 37 4 83 19 85 0 84 16 81
18 5 19 66 16 71 8 18 15 31 9 88 3 36 4 98 12 9 11 11 14 89 6 65 2 6 13 81 0 35 7 74 1 29 17 94 10 40 5 89
14 12 11 69 7 60 4 56 17 68 10 69 13 75 15 40 19 32 16 34 3 94 12 93 9 28 8 80 5 56 1 42 6 54 18 29 2 66 0 19
13 45 3 26 1 15 17 88 12 24 2 18 14 44 19 53 15 95 9 28 18 98 4 32 0 7 8 5 6 72 5 3 10 17 16 47 11 75 7 48
3 89 11 35 12 95 17 64 19 44 10 69 4 31 9 18 0 92 14 35 8 71 15 61 7 1 1 60 13 85 16 19 18 10 2 38 5 63 6 85
3 81 12 18 5 76 6 38 17 37 16 66 18 86 14 43 19 54 7 78 15 8 0 5 8 64 4 45 9 71 10 33 13 89 2 41 1 21 11 18
6 28 11 78 18 63 15 10 13 61 17 63 2 52 8 5 12 38 14 63 3 16 5 77 9 79 7 81 19 97 10 23 4 46 1 79 16 11 0 32
5 41 12 42 13 80 10 19 19 34 4 21 11 13 16 40 1 2 3 31 18 29 14 61 15 41 7 28 9 87 8 56 17 5 2 29 0 39 6 41
1 26 10 86 8 49 0 10 2 38 12 58 15 77 18 9 3 8 9 74 16 13 17 29 13 90 6 13 11 44 14 59 4 66 7 95 5 11 19 69
8 31 1 79 9 92 15 5 4 67 10 90 3 7 5 85 0 48 12 16 13 4 14 45 17 37 6 35 11 80 2 98 18 9 16 6 19 16 7 6
14 26 12 66 1 40 15 34 19 16 4 11 7 46 13 29 5 3 0 31 8 37 9 44 17 29 3 90 10 55 18 78 6 40 2 67 11 39 16 99
10 6 7 3 6 62 3 34 15 90 18 72 0 59 4 33 19 87 8 91 2 5 9 83 17 3 12 39 13 65 14 68 16 12 1 69 11 38 5 66
15 33 6 25 4 28 14 88 2 51 13 84 7 69 19 56 1 2 17 92 18 1 3 34 12 77 16 87 10 30 5 78 9 44 0 4 11 90 8 4
11 74 13 85 16 19 2 38 12 24 18 55 5 36 10 86 19 43 14 21 9 6 1 62 17 52 6 74 15 9 0 38 8 41 3 69 7 38 4 11
19 77 12 90 0 40 15 37 5 65 16 46 6 37 18 57 9 49 8 88 11 7 10 30 4 92 3 93 2 41 17 32 13 88 1 88 14 93 7 49
19 52 14 58 0 66 11 44 5 35 6 20 4 1 2 77 13 92 7 29 3 73 16 79 18 96 15 18 17 85 1 56 12 95 10 76 8 68 9 56
18 18 1 47 11 97 6 34 0 53 13 26 9 20 19 33 2 51 7 93 5 62 4 54 8 17 15 4 17 59 10 10 12 23 3 40 14 68 16 30
6 2 2 19 8 30 0 76 9 15 14 22 12 89 10 47 11 74 15 25 7 7 18 42 5 25 3 16 16 60 19 23 4 89 13 39 17 41 1 75
5 48 10 11 6 3 13 48 2 33 16 99 0 23 14 8 7 20 4 48 1 90 17 50 18 58 19 62 11 46 3 69 15 87 8 65 12 13 9 82
19 41 12 18 3 55 4 51 5 80 0 2 7 8 17 38 9 85 6 76 11 62 16 41 2 11 8 11 13 22 14 13 10 94 15 96 1 52 18 55
2 14 19 98 17 60 13 83 14 39 4 76 9 28 10 43 1 62 7 97 16 33 15 71 0 18 8 83 18 72 12 15 5 90 6 85 11 47 3 6
10 8 14 25 4 99 17 95 6 41 19 78 1 49 5 54 7 42 12 27 9 94 2 43 11 3 0 43 3 12 16 85 8 50 15 17 13 90 18 90
1 31 8 24 19 61 4 74 15 10 13 73 3 18 17 65 14 49 12 12 2 78 11 62 6 45 0 48 10 57 16 96 7 72 18 72 5 31 9 56
11 80 9 10 13 85 19 50 1 47 7 7 0 10 12 17 15 87 4 85 17 15 5 30 2 68 3 68 10 64 6 94 16 42 8 85 14 47 18 33
13 22 19 86 15 9 10 70 9 47 5 79 2 37 16 47 12 82 14 1 3 96 17 24 6 1 8 17 18 7 7 64 0 28 1 44 4 53 11 29
11 41 1 64 8 34 2 35 13 77 3 36 4 86 0 5 9 70 19 36 16 22 5 24 10 92 17 59 14 73 12 37 15 19 7 44 6 24 18 73
1 71 7 37 4 51 10 69 5 19 13 42 0 72 3 6 2 3 17 13 9 6 11 66 18 47 16 36 14 22 15 73 6 35 8 83 19 99 12 60
5 75 8 73 19 30 16 19 9 10 2 3 10 9 6 28 4 6 11 16 0 64 7 67 18 16 1 86 12 84 15 90 13 15 14 54 17 66 3 93
