50 20
19 28 14 31 15 47 0 12 4 93 16 44 2 37 1 63 3 51 7 43 11 47 12 83 6 63 8 64 17 48 9 85 18 69 5 32 13 30 10 61
19 61 17 90 13 9 1 67 2 17 3 93 8 95 9 64 5 27 10 13 12 75 0 89 11 53 15 52 16 91 14 38 7 8 18 82 4 44 6 33
2 9 17 66 15 89 7 82 19 12 12 83 9 78 8 47 10 13 18 49 16 40 11 81 5 47 3 38 14 9 0 29 13 3 1 84 6 38 4 34
14 98 2 23 16 73 3 11 12 62 11 54 17 73 10 86 19 98 0 31 15 82 13 76 8 90 18 47 5 64 4 88 9 54 1 15 6 39 7 58
15 29 8 4 4 2 0 4 19 69 3 52 18 59 11 82 17 30 5 58 13 91 14 93 12 44 16 3 9 52 10 16 7 92 1 55 6 57 2 88
19 86 12 31 9 74 11 53 10 47 6 40 3 91 17 37 4 16 8 97 1 51 15 57 2 63 5 92 7 24 16 20 13 1 18 80 0 9 14 2
13 43 9 50 7 13 8 22 2 21 11 6 15 60 19 99 16 7 14 50 1 7 4 73 17 82 0 90 6 90 3 19 18 81 5 44 12 48 10 26
11 85 5 63 6 9 1 34 2 24 0 47 3 91 4 52 15 96 19 8 9 95 14 48 8 64 18 8 13 58 17 27 12 72 7 48 10 98 16 47
9 9 13 82 10 16 15 38 16 44 12 91 2 56 4 60 0 35 7 66 11 19 6 87 8 6 5 39 17 60 19 98 14 59 3 91 18 99 1 32
6 98 5 14 15 71 9 73 16 6 10 73 8 18 2 38 4 36 1 77 0 28 11 73 14 24 18 19 12 20 3 54 13 42 7 50 19 4 17 69
16 2 12 79 0 51 14 87 17 40 2 46 9 75 7 21 15 19 11 73 1 92 5 99 18 6 19 58 6 91 13 43 3 45 4 94 10 91 8 37
8 25 11 83 0 35 3 73 18 86 17 14 4 35 13 9 15 31 16 53 5 43 12 17 14 67 7 61 10 13 9 21 2 67 19 46 1 3 6 88
7 60 12 20 10 36 17 14 9 75 2 40 1 68 15 20 4 50 8 6 6 39 5 49 11 84 18 39 16 81 19 28 0 42 14 26 13 11 3 49
7 36 4 45 10 84 0 95 17 87 8 10 11 15 13 52 12 12 3 49 19 97 6 93 16 6 15 34 18 33 1 79 5 46 2 39 9 53 14 24
7 27 14 94 11 15 3 19 12 68 1 41 15 33 6 27 5 90 2 25 0 70 13 97 19 38 16 86 9 97 4 32 8 70 10 54 18 24 17 97
5 56 0 75 16 32 18 80 7 18 13 70 9 50 2 51 17 73 6 16 4 64 12 72 3 30 11 40 15 7 14 97 1 22 8 34 10 38 19 47
5 26 2 42 1 7 14 77 8 80 9 81 17 45 3 84 18 64 11 30 4 31 6 83 19 13 0 59 16 93 12 67 13 38 10 80 7 59 15 61
5 78 0 43 7 16 4 33 8 88 17 7 9 35 16 22 13 68 19 69 2 59 10 17 1 29 11 18 6 3 12 76 18 20 15 49 14 60 3 84
14 6 7 78 6 31 3 4 15 69 2 82 18 15 17 87 11 22 4 9 1 93 12 55 19 26 10 90 9 90 16 35 13 18 8 90 0 41 5 3
0 16 17 33 11 48 9 82 10 13 6 82 15 42 12 95 8 84 16 43 5 83 14 28 4 70 7 12 3 93 18 17 2 12 19 11 1 48 13 25
14 34 13 18 5 89 2 69 0 35 17 34 18 24 9 10 10 42 19 36 3 9 15 79 1 16 8 93 11 80 12 85 6 12 16 64 7 68 4 22
3 55 11 13 15 50 10 75 8 62 18 26 4 62 12 42 16 83 1 25 5 73 14 64 7 62 0 29 9 85 19 64 13 40 6 67 17 88 2 77
11 50 2 52 4 70 8 87 14 1 1 27 17 36 7 40 0 64 16 64 6 95 10 18 12 98 5 3 19 44 3 12 9 85 13 88 18 42 15 93
19 39 15 72 12 93 18 29 2 9 9 51 11 6 10 63 4 77 13 76 16 58 5 90 17 44 14 17 6 50 7 47 3 67 0 19 1 46 8 3
8 96 0 41 16 94 1 86 13 8 11 85 19 4 2 92 3 36 14 97 18 16 9 7 12 73 4 98 17 58 6 56 10 40 15 17 7 84 5 35
17 23 5 60 18 7 7 44 4 90 9 57 3 14 10 59 2 85 13 55 0 82 8 57 12 26 19 85 14 75 6 89 11 35 15 25 16 5 1 77
6 44 0 10 15 82 2 2 12 56 5 15 13 45 7 78 1 72 10 60 9 83 11 20 17 90 19 12 3 22 14 21 8 44 4 60 18 35 16 5
6 55 13 71 17 12 10 44 18 97 9 37 8 6 14 75 2 37 11 47 16 6 5 6 7 51 15 12 0 25 19 78 12 63 3 76 4 4 1 65
19 82 11 11 18 18 13 97 3 29 2 82 15 37 4 15 12 57 8 52 10 6 0 87 7 53 6 39 16 86 9 6 17 24 5 57 14 47 1 70
12 65 1 91 8 56 4 39 5 45 9 96 10 99 13 27 7 65 19 9 15 10 16 24 18 81 2 32 6 86 3 93 11 43 14 27 17 28 0 65
7 80 15 69 19 17 11 57 2 71 5 21 18 29 0 11 3 80 10 38 13 54 14 15 9 96 1 16 6 90 8 44 4 13 16 38 12 36 17 83
15 93 6 10 16 62 13 47 1 71 19 14 8 93 12 65 10 42 17 46 3 52 18 80 5 29 11 13 4 66 2 17 14 2 9 23 0 76 7 91
1 17 2 9 9 63 18 71 8 69 7 67 3 37 12 77 19 41 6 37 11 82 17 49 5 56 13 60 0 26 15 73 4 47 10 79 14 81 16 51
7 71 15 58 10 98 3 68 12 38 17 9 11 25 14 80 9 99 0 74 1 42 18 31 5 30 2 58 13 3 19 97 8 30 6 75 16 61 4 35
3 61 1 44 2 4 16 22 15 61 8 94 4 61 9 17 5 68 11 67 12 26 7 89 14 56 18 66 17 65 6 95 0 80 19 99 10 28 13 14
16 19 1 92 0 32 10 52 13 25 7 41 9 15 15 73 8 50 2 32 5 51 17 49 11 17 14 41 6 98 12 59 4 78 3 13 18 93 19 91
0 84 2 60 17 43 14 53 7 51 6 95 4 55 11 16 1 78 9 85 13 23 5 8 15 21 10 54 16 8 8 65 19 62 12 74 18 39 3 28
3 59 10 71 17 13 4 33 5 56 14 22 0 52 1 36 13 85 6 75 8 87 19 96 18 6 11 23 9 47 12 98 16 56 7 72 2 62 15 19
11 39 8 98 7 94 17 4 10 11 18 24 15 81 9 3 2 87 6 70 5 77 12 99 1 47 4 8 16 39 0 32 19 85 14 20 3 66 13 3
3 95 4 91 11 24 14 51 18 19 2 68 7 51 13 13 12 92 6 60 15 62 16 31 10 2 0 62 19 95 1 4 5 79 17 7 8 32 9 50
12 94 17 31 10 96 3 31 1 69 5 56 11 97 9 79 16 93 2 89 6 20 7 97 14 38 4 21 13 8 18 44 0 60 19 72 8 8 15 3
3 33 17 77 7 60 16 15 15 34 2 55 4 27 13 59 5 26 6 18 12 56 14 12 19 27 0 19 9 59 10 97 8 13 18 65 11 33 1 43
3 64 17 41 6 93 19 7 14 44 9 32 16 1 5 55 10 48 7 4 11 61 13 5 1 87 8 59 0 7 12 1 2 53 4 93 18 72 15 16
13 93 0 16 5 7 9 66 17 35 18 88 3 86 2 59 11 32 16 12 15 15 8 38 14 64 6 68 1 62 10 24 12 12 4 28 19 83 7 21
7 91 11 44 3 31 2 85 10 40 19 41 18 55 15 32 12 46 6 5 1 28 17 56 14 3 16 75 4 45 9 78 13 85 8 1 5 22 0 62
10 61 18 24 2 59 11 71 13 90 17 39 16 17 19 81 5 62 12 75 6 23 3 4 0 62 1 36 8 17 15 37 4 87 9 62 7 79 14 95
15 22 1 26 7 73 12 96 8 46 9 45 11 92 13 86 17 78 18 90 4 49 5 37 19 85 6 58 14 7 0 26 10 52 2 60 16 4 3 75
16 86 6 85 18 45 15 29 10 90 9 60 17 51 8 83 14 48 7 7 1 49 0 62 2 50 12 74 4 28 19 19 3 33 5 86 13 23 11 57
0 58 8 47 6 82 7 3 2 55 5 95 11 18 9 57 15 57 4 84 16 85 13 41 19 49 1 22 10 65 12 91 18 10 14 71 3 43 17 28
14 89 17 7 16 70 5 85 2 68 4 8 13 79 18 34 19 35 6 39 8 46 15 38 1 17 12 36 9 81 10 75 0 31 7 38 11 20 3 28
