50 20
13 14 16 83 5 73 9 56 17 23 1 88 19 34 8 91 18 15 7 98 0 26 4 83 3 47 6 44 12 27 14 45 2 25 15 32 11 64 10 76
4 31 19 49 16 22 13 73 2 66 17 87 6 7 18 86 3 13 9 50 8 97 11 20 0 91 12 2 5 90 14 85 7 92 1 96 10 62 15 34
8 74 14 71 5 86 15 20 12 18 16 15 17 25 19 18 7 95 11 58 4 8 0 59 3 65 6 80 10 28 9 26 13 25 2 73 18 42 1 91
18 63 14 28 9 61 1 24 16 41 17 83 3 5 6 55 8 38 10 75 15 64 2 97 19 19 5 19 4 41 7 75 11 70 0 46 12 7 13 11
13 96 5 17 18 63 7 12 19 37 2 4 9 15 6 27 8 46 17 18 10 51 11 68 12 51 4 23 1 49 3 28 0 24 16 19 14 49 15 60
10 81 14 99 3 84 19 8 6 41 8 26 0 69 15 12 12 93 2 16 17 34 13 98 4 75 16 4 11 8 1 94 7 45 18 62 5 22 9 79
17 19 2 11 11 59 8 92 16 92 13 35 4 33 15 90 0 9 12 2 19 44 7 52 9 7 18 63 6 44 5 33 10 13 1 69 14 39 3 43
9 48 14 60 3 97 12 51 16 33 6 76 11 43 19 38 8 8 4 74 7 23 0 36 17 78 10 70 15 40 18 73 5 60 2 42 13 60 1 21
19 98 1 61 9 36 6 48 11 90 7 29 14 11 10 13 5 73 4 63 17 72 8 89 18 72 2 62 15 41 13 19 16 64 0 57 3 96 12 8
7 19 6 15 9 15 17 30 10 62 14 25 11 88 15 37 1 85 13 2 2 23 0 53 18 69 8 19 4 83 3 55 19 94 5 38 12 25 16 41
13 16 14 71 8 74 15 28 0 31 5 51 4 5 17 25 16 30 2 73 1 7 3 70 11 88 7 30 18 14 10 17 12 46 6 29 9 8 19 92
7 14 4 95 8 24 18 58 5 47 1 92 11 7 2 59 9 44 0 7 3 97 13 4 14 84 16 1 19 34 12 25 10 71 6 4 17 97 15 58
16 54 2 17 15 37 6 49 11 59 18 58 3 71 13 68 5 17 8 41 9 32 19 21 12 42 7 12 1 20 10 40 17 35 0 1 4 52 14 83
16 5 15 62 1 35 14 51 5 69 13 84 6 13 10 89 3 99 4 53 18 80 11 26 19 9 8 50 0 34 2 37 12 66 17 30 7 50 9 14
14 27 10 40 5 5 9 78 16 55 18 14 17 80 15 6 11 28 8 77 7 99 13 73 12 2 19 96 6 66 2 5 1 16 4 20 3 70 0 27
1 16 17 58 10 93 4 48 14 81 5 64 9 55 6 23 18 10 3 22 12 67 7 82 13 73 16 82 11 5 15 88 8 86 0 76 2 5 19 54
18 99 12 72 13 58 11 60 4 2 6 54 17 34 7 6 5 32 9 9 14 59 19 90 8 71 0 56 2 85 3 28 15 36 10 67 1 84 16 93
9 89 18 8 15 79 4 12 11 37 13 60 19 97 12 8 17 69 16 64 0 45 7 64 6 2 2 63 14 75 5 32 1 84 10 85 3 23 8 20
4 33 19 43 14 59 5 54 10 26 17 14 3 59 2 29 0 9 9 82 1 19 7 70 13 73 15 64 16 90 11 59 12 7 6 52 18 23 8 97
1 62 17 91 6 12 7 78 15 3 0 51 5 90 3 98 16 45 12 10 18 35 13 36 8 86 4 58 11 28 2 72 10 21 9 96 19 48 14 9
2 47 8 27 7 63 16 82 15 72 3 49 5 28 1 55 9 20 6 68 19 11 18 86 12 7 4 65 10 27 11 81 17 95 0 93 13 13 14 15
8 10 3 81 0 39 4 90 14 98 18 55 13 15 7 57 12 90 10 92 1 71 11 34 16 23 6 42 15 37 5 26 17 9 2 13 9 80 19 99
12 10 0 35 11 65 19 31 3 41 6 85 14 39 9 17 16 94 2 17 18 15 17 74 13 88 5 93 10 71 8 10 1 79 15 4 4 96 7 56
0 10 12 45 5 44 9 45 2 17 10 95 17 56 13 35 8 53 6 36 14 96 15 73 3 79 16 34 4 42 18 49 19 40 11 34 7 48 1 87
17 82 0 54 8 85 3 89 15 48 9 76 18 39 11 10 16 76 14 33 19 67 5 40 2 44 10 2 4 98 6 86 1 73 7 70 13 90 12 90
18 6 8 2 10 87 7 67 1 75 2 63 15 10 12 99 14 40 19 49 5 86 0 91 11 30 6 20 3 57 17 94 13 3 9 92 4 66 16 76
18 53 17 93 0 74 3 1 2 41 6 14 12 79 5 91 4 82 14 32 15 63 7 64 8 20 1 51 10 29 16 87 9 46 19 68 13 94 11 49
7 25 11 84 4 14 2 70 8 52 16 6 5 4 14 99 0 32 1 54 15 74 9 23 3 12 19 49 6 2 12 21 10 22 18 87 17 3 13 79
11 3 6 38 9 74 7 15 12 65 14 68 0 34 2 23 17 1 19 91 4 84 10 87 5 58 16 61 18 31 1 35 8 75 3 11 13 99 15 93
13 53 7 55 1 92 18 84 19 59 4 10 9 12 16 93 5 90 3 56 11 80 2 89 10 56 17 94 14 10 12 66 8 97 15 86 6 44 0 81
10 19 7 68 15 80 2 97 18 32 13 28 6 77 11 28 1 8 3 66 16 20 0 36 9 87 5 15 14 69 8 77 17 25 4 10 19 53 12 29
8 69 17 58 9 15 15 53 16 53 10 49 18 40 14 77 6 18 4 23 3 91 7 50 2 12 5 83 12 30 1 41 0 82 13 99 19 66 11 13
14 28 17 24 3 79 16 66 7 69 4 22 9 74 11 55 8 70 12 21 18 64 2 33 0 80 6 87 1 50 13 5 5 62 10 60 15 20 19 73
5 48 4 81 6 66 9 42 18 84 0 35 13 2 11 93 10 86 14 95 3 11 1 88 19 18 15 70 7 77 16 4 2 97 8 11 12 5 17 91
9 92 2 21 18 88 7 41 17 51 14 65 16 67 19 28 11 35 0 29 3 64 13 45 8 17 6 90 15 70 12 28 5 33 10 5 4 51 1 15
16 15 2 27 4 19 10 92 11 74 1 18 3 42 7 51 13 61 15 56 8 76 0 71 9 44 17 75 6 88 18 40 5 5 14 77 19 4 12 42
17 64 15 38 12 3 2 9 13 48 14 93 6 97 4 88 9 43 5 8 16 55 18 89 3 43 11 46 1 62 0 52 8 38 7 21 10 94 19 63
4 37 3 39 9 70 19 93 0 3 2 58 5 46 16 61 6 27 10 31 7 53 13 20 12 18 18 43 17 44 1 11 8 23 14 44 15 3 11 18
8 47 10 73 7 9 1 81 16 84 17 52 19 67 3 59 2 13 13 56 15 56 5 74 14 25 12 94 18 1 0 22 9 68 11 72 4 16 6 43
13 48 16 20 12 15 5 71 3 89 9 58 14 24 19 7 6 13 18 80 11 16 7 5 0 92 1 90 4 28 8 65 15 98 2 56 10 78 17 36
12 28 11 32 18 52 3 36 0 85 15 36 4 71 8 76 2 54 13 15 19 48 10 60 6 56 1 34 9 75 14 7 16 34 17 81 7 46 5 57
0 60 19 18 3 5 16 26 12 7 18 29 17 43 14 78 8 95 1 50 10 49 4 1 7 40 15 79 11 45 9 84 2 31 6 22 13 64 5 2
12 21 2 61 9 45 10 17 17 62 16 1 5 29 6 1 11 92 15 38 19 77 13 81 4 50 1 34 3 13 7 59 14 23 18 10 8 50 0 70
6 77 15 65 12 12 5 28 17 74 16 43 13 3 2 95 4 15 9 56 18 67 8 39 11 16 1 23 10 18 3 60 19 10 7 32 14 52 0 72
0 34 8 59 10 8 18 60 19 42 15 42 16 74 5 98 11 90 13 51 9 81 4 20 7 19 3 8 14 55 6 11 1 95 12 36 2 97 17 19
7 63 9 23 5 55 4 50 12 13 2 11 8 65 0 76 16 33 18 16 3 75 19 46 10 74 11 92 1 80 6 91 14 48 17 62 13 13 15 30
7 15 6 28 5 2 9 84 0 65 14 66 2 53 8 90 1 92 12 60 11 90 13 69 19 35 4 57 18 59 15 95 16 95 17 1 3 88 10 59
16 65 19 90 1 36 5 74 3 64 10 90 15 7 6 27 8 80 14 33 13 9 9 66 0 43 12 32 2 30 7 20 11 94 18 22 4 52 17 59
17 86 8 95 15 76 12 55 13 18 14 71 11 47 4 79 1 13 0 98 7 82 3 42 19 15 2 76 9 71 16 31 5 17 10 45 6 98 18 41
14 60 5 68 3 9 2 64 18 6 1 54 0 9 17 20 13 16 15 85 12 40 6 49 16 94 8 93 7 92 11 45 10 46 4 62 19 48 9 52
