50 20
9 70 13 40 6 11 1 72 10 25 8 63 15 97 12 41 4 5 7 53 14 31 11 31 17 3 18 62 19 99 16 7 0 96 2 28 5 54 3 17
14 19 6 40 9 39 2 27 10 55 7 63 16 19 15 89 1 12 8 60 18 63 19 93 4 13 11 74 0 95 13 60 5 1 3 17 12 68 17 56
18 77 3 11 0 67 7 24 19 53 10 67 17 63 9 50 2 73 5 18 15 48 1 86 12 1 14 27 11 7 8 3 16 98 6 44 4 97 13 6
0 9 3 65 15 30 19 37 4 22 1 35 13 74 5 49 12 69 2 62 9 42 17 7 14 70 6 20 7 55 10 40 11 12 16 27 18 46 8 54
18 22 9 8 2 25 4 65 17 66 5 77 12 54 11 85 6 45 8 31 1 38 7 27 14 57 0 57 10 79 16 53 13 21 19 53 15 91 3 96
6 19 18 75 4 19 13 70 10 57 9 31 3 35 19 72 17 52 11 99 15 94 14 92 8 84 16 55 1 21 12 95 5 85 0 58 7 68 2 39
14 42 4 68 0 65 3 72 1 34 13 2 12 55 5 81 17 44 11 94 16 62 7 15 6 44 19 19 9 30 10 45 18 24 8 39 2 22 15 90
15 95 7 91 8 36 13 74 0 93 18 80 5 28 1 54 12 1 10 20 2 33 14 17 6 80 11 56 4 89 16 65 17 1 3 44 19 13 9 11
12 78 19 37 10 85 4 20 13 37 5 58 9 92 8 67 3 19 11 24 1 69 16 55 6 53 0 74 14 31 7 4 2 31 15 46 17 86 18 56
9 91 18 85 19 77 15 80 10 44 16 87 1 2 2 45 4 57 8 62 12 6 6 92 3 5 5 8 0 63 11 47 7 66 13 43 17 47 14 39
13 29 1 27 19 50 6 48 7 19 18 51 8 71 10 43 15 9 4 19 2 50 11 71 0 13 9 36 3 53 12 40 16 33 17 67 5 21 14 65
8 9 2 65 10 3 4 82 19 59 17 49 7 90 16 82 5 70 15 40 3 67 0 28 13 22 12 19 11 44 18 16 14 35 1 91 9 69 6 81
18 37 11 6 8 96 3 56 14 96 6 68 1 52 10 87 16 69 7 17 19 55 9 5 4 11 17 89 2 22 12 85 13 85 5 69 15 60 0 65
10 24 4 73 14 47 9 21 5 84 12 41 7 3 0 37 8 38 3 35 18 22 13 37 15 61 1 39 19 69 2 73 16 53 6 67 11 69 17 64
17 18 18 38 16 14 3 15 0 57 4 97 12 51 2 78 11 12 14 99 10 58 8 91 6 87 9 14 1 33 7 29 19 72 15 62 5 87 13 80
7 71 13 68 3 36 16 84 14 63 8 24 17 63 11 50 12 87 4 57 19 61 18 10 9 22 2 1 5 47 10 78 0 43 15 54 6 91 1 24
0 2 2 42 7 71 14 89 1 19 19 70 15 33 12 51 6 64 11 99 9 79 18 12 13 82 4 24 16 4 8 92 5 85 17 90 3 37 10 93
11 39 14 56 15 79 1 9 13 84 9 44 7 67 2 97 18 27 12 73 5 86 4 63 17 44 16 60 6 84 10 48 3 99 8 88 19 65 0 34
12 26 0 2 11 30 19 56 1 81 15 50 9 56 8 28 10 26 2 65 13 48 14 65 17 50 3 90 6 21 16 13 7 20 5 57 18 2 4 37
8 40 16 3 11 47 18 91 15 59 3 19 9 84 14 79 5 7 17 78 13 54 0 71 10 12 7 58 19 32 12 50 1 59 2 85 4 11 6 87
11 99 14 78 9 75 18 65 4 75 17 91 8 69 7 35 2 38 15 95 3 29 16 7 5 81 0 12 1 53 6 67 10 23 19 71 13 14 12 15
0 39 13 77 3 44 4 97 18 27 2 22 5 84 12 75 6 41 8 12 17 33 19 83 14 60 7 26 9 6 16 25 15 71 1 81 11 45 10 66
3 31 4 49 11 12 17 48 19 95 12 67 15 99 5 77 6 89 8 19 10 20 16 65 14 30 1 61 18 87 2 55 7 12 0 10 13 47 9 26
0 44 1 5 13 37 15 20 19 84 7 69 8 4 3 55 14 23 6 20 2 92 12 1 9 89 5 9 4 36 10 85 18 36 17 84 16 47 11 6
11 85 5 12 16 20 9 33 7 3 6 30 14 32 18 71 8 82 2 84 17 28 1 39 13 41 12 96 0 92 19 48 4 56 15 50 3 9 10 66
13 21 12 41 14 72 5 91 3 96 0 68 9 81 18 26 2 54 17 93 10 54 16 68 1 75 4 58 11 40 6 67 7 12 8 5 15 50 19 84
19 50 3 94 14 46 4 40 9 77 17 96 8 18 18 77 12 73 10 69 15 22 16 8 0 25 7 15 6 16 1 60 13 6 2 78 5 13 11 85
17 73 4 71 13 86 3 25 11 34 8 97 18 23 0 91 16 76 5 65 7 53 1 5 15 30 6 17 9 42 2 25 12 17 14 2 10 31 19 17
16 4 13 59 7 33 6 93 17 9 2 12 3 35 9 42 5 69 4 76 1 25 10 22 8 98 12 10 11 79 19 18 15 8 0 4 18 28 14 10
2 16 16 23 10 36 15 42 8 61 7 74 9 34 3 90 12 62 5 33 17 70 19 65 1 46 6 9 4 43 0 90 18 77 11 76 14 71 13 85
13 65 19 51 8 61 14 71 11 97 6 32 9 51 16 31 10 14 3 10 12 20 0 20 15 97 5 71 2 56 4 92 17 60 18 54 7 83 1 91
14 46 11 70 3 74 7 87 10 69 5 62 6 64 17 46 13 69 1 11 12 89 0 19 8 79 19 12 16 88 15 3 2 24 9 83 18 73 4 39
15 36 14 52 4 45 11 28 18 10 9 14 13 82 16 28 12 84 7 75 6 37 8 78 19 51 3 45 1 67 10 74 0 88 2 8 17 93 5 85
9 7 0 81 7 36 3 10 18 63 5 68 15 23 10 82 13 51 8 87 2 66 4 33 14 93 17 16 16 91 1 72 19 49 11 84 6 78 12 25
16 62 14 62 5 81 10 63 15 81 3 51 19 35 6 19 0 41 1 77 13 46 18 41 17 66 8 72 2 46 7 36 11 7 4 73 12 95 9 69
9 73 0 60 14 19 18 83 5 58 7 28 3 69 19 50 12 89 15 36 4 24 13 91 16 76 11 20 17 43 6 30 10 92 2 75 1 3 8 40
10 12 19 55 3 26 7 33 1 77 12 1 15 85 0 8 6 55 4 34 5 95 2 63 18 65 11 69 13 3 16 46 8 5 9 49 14 45 17 96
6 47 19 88 14 74 4 3 5 57 15 14 18 68 10 11 11 18 0 8 7 10 3 43 2 34 13 95 17 98 8 10 12 34 9 72 16 32 1 92
1 97 0 1 4 39 17 44 12 10 7 77 11 17 19 54 9 14 16 77 3 49 2 88 13 4 14 59 18 37 5 66 8 42 10 66 15 18 6 57
12 19 10 41 1 11 19 30 3 1 18 81 11 52 14 33 17 6 8 7 0 54 4 83 6 91 2 15 15 85 5 21 7 45 13 20 16 75 9 92
1 85 4 29 9 25 0 53 12 64 7 76 8 93 11 47 19 43 16 57 6 72 2 47 3 53 10 35 17 66 15 68 14 75 18 78 5 88 13 33
6 16 4 85 9 47 14 39 10 57 0 11 19 13 2 8 18 39 13 35 17 97 7 63 16 7 3 85 11 87 8 58 12 55 1 8 15 36 5 16
16 32 15 13 14 71 17 35 4 39 12 87 19 30 5 41 1 38 18 29 7 47 2 36 0 37 11 47 9 39 8 72 13 80 10 55 6 5 3 33
14 11 9 97 3 84 0 63 12 69 5 4 7 30 16 63 10 63 19 57 17 31 11 84 2 37 4 39 18 9 13 14 8 71 6 87 15 43 1 38
9 13 12 95 0 32 4 95 16 18 3 54 18 98 14 72 11 73 5 19 10 65 17 11 2 20 8 5 19 40 6 73 7 75 1 94 13 93 15 87
10 2 13 11 18 6 14 9 7 27 11 58 16 89 1 53 4 41 19 95 9 49 15 6 8 49 2 53 0 53 3 92 5 14 12 75 17 42 6 79
4 93 16 95 17 34 5 20 0 8 9 49 15 57 18 75 10 35 12 49 8 1 2 88 13 90 11 44 7 85 19 64 6 7 1 99 3 77 14 86
1 18 5 49 4 92 14 12 16 33 9 30 3 52 6 29 19 66 17 20 10 69 13 25 2 80 18 66 8 52 12 44 15 89 0 53 11 56 7 82
9 51 0 17 3 69 1 72 2 78 16 56 8 58 7 84 4 21 14 49 19 77 13 84 12 66 11 20 17 31 6 62 15 86 5 72 10 47 18 42
10 48 4 56 15 93 13 43 3 87 9 44 8 68 12 35 7 34 1 63 19 75 6 60 14 82 17 26 16 48 2 15 18 16 5 55 11 20 0 87
