50 20
6 92 18 46 16 18 7 56 9 53 14 73 8 58 3 94 10 48 17 71 12 84 0 13 2 67 1 88 13 22 19 76 11 30 4 24 5 45 15 24
1 74 12 29 13 98 10 7 17 14 8 15 5 36 0 39 19 19 7 88 18 64 9 37 4 88 6 28 11 89 15 29 16 66 2 10 3 14 14 54
2 66 0 92 12 13 8 49 10 27 6 44 5 24 14 9 16 12 13 56 15 54 3 34 1 11 18 20 4 47 9 95 11 2 17 3 19 32 7 45
5 36 14 62 16 2 7 51 3 47 13 71 12 93 18 48 19 63 0 76 2 72 15 5 8 73 6 87 17 9 4 72 11 55 1 3 10 17 9 92
0 96 12 49 5 58 19 67 15 48 13 11 2 32 14 90 3 46 18 79 11 50 7 16 9 95 6 32 4 46 10 95 8 29 16 13 17 42 1 37
1 14 0 43 11 86 4 31 6 26 12 29 13 22 19 54 7 67 16 30 18 70 15 3 17 46 5 91 8 56 2 37 10 91 9 86 3 19 14 85
10 84 0 82 2 73 5 95 1 30 16 35 15 28 19 66 8 76 4 72 11 41 7 88 9 43 13 27 18 73 12 74 6 88 17 42 3 44 14 24
1 64 18 41 10 45 15 29 6 21 11 89 8 92 16 45 13 38 0 91 14 29 19 42 5 46 7 85 9 85 3 23 17 5 12 71 4 60 2 60
12 18 5 40 8 67 7 87 1 59 19 31 15 63 16 49 2 73 10 51 0 31 17 79 11 67 4 28 14 83 9 95 13 88 18 33 6 70 3 42
3 37 12 74 1 19 19 81 7 92 13 83 2 9 18 46 15 9 6 27 17 10 14 33 5 60 0 19 4 11 10 53 8 23 16 65 11 39 9 28
17 57 5 13 2 87 11 44 13 42 14 88 8 79 0 40 9 83 10 99 7 79 18 81 1 17 12 76 19 77 4 87 16 64 6 78 15 62 3 64
4 48 2 28 15 46 12 53 19 18 7 57 18 17 13 5 14 20 16 27 1 26 9 35 10 25 8 99 17 89 5 77 6 10 0 45 11 42 3 44
6 46 17 71 3 36 8 53 14 91 18 61 1 44 9 47 12 10 10 21 7 78 13 47 5 76 15 94 16 57 4 63 11 89 2 74 0 18 19 10
16 36 17 56 18 77 1 49 2 36 4 6 5 63 12 75 11 7 13 9 6 15 10 14 8 21 15 17 14 1 9 89 0 80 3 20 19 3 7 31
10 90 0 58 1 12 4 73 7 45 11 17 3 9 12 10 9 65 5 65 16 84 18 70 14 64 17 5 15 7 2 61 19 11 8 62 6 4 13 60
18 39 17 16 19 68 15 46 1 85 8 54 4 12 11 62 0 34 7 77 6 62 14 4 10 4 9 19 16 78 13 76 3 9 5 48 12 81 2 29
14 71 12 35 19 37 11 89 3 28 6 71 18 4 15 68 16 74 1 39 9 9 7 33 4 99 0 40 13 6 8 81 17 65 2 78 10 60 5 6
14 24 7 80 15 7 19 80 12 43 8 59 9 76 5 11 6 39 0 59 2 39 4 89 18 54 3 61 13 25 17 18 16 98 11 30 10 54 1 44
16 13 4 40 10 4 7 53 14 25 15 3 5 85 3 85 12 99 9 19 17 88 19 32 13 35 6 48 0 62 11 64 2 54 1 71 18 42 8 39
3 62 18 64 14 26 7 50 16 91 9 5 12 31 13 2 6 57 11 10 19 74 17 47 0 88 10 11 5 63 4 57 15 59 8 47 2 77 1 23
19 12 16 54 6 91 11 11 18 3 10 83 1 52 3 56 12 59 7 22 9 51 17 9 14 69 15 93 2 10 13 84 0 83 5 18 8 73 4 62
3 83 16 52 12 91 15 64 8 60 0 49 19 69 1 94 10 90 11 86 9 24 18 18 7 6 5 6 13 10 14 63 4 53 6 45 2 77 17 80
0 31 14 53 17 65 6 49 16 45 5 59 4 95 18 3 15 46 8 63 1 33 11 8 12 98 2 33 19 31 13 42 7 44 3 95 10 50 9 59
16 85 6 26 7 53 19 93 2 74 1 1 11 8 18 85 12 54 13 75 0 7 4 20 9 39 17 1 8 86 10 27 5 57 3 25 15 16 14 99
12 74 3 27 4 62 6 84 2 17 16 18 8 19 1 77 15 63 11 24 10 94 18 31 17 32 13 11 14 61 19 86 5 30 9 96 7 10 0 54
14 58 13 38 1 57 8 70 12 14 3 46 17 47 6 29 19 15 16 38 10 35 2 43 9 70 5 71 7 5 11 57 0 13 4 11 15 71 18 32
6 54 1 19 17 22 15 15 18 67 4 77 14 60 16 36 7 93 9 62 2 95 19 13 3 26 13 4 10 43 5 23 8 8 11 27 0 4 12 96
6 25 1 86 7 66 5 65 12 94 18 34 9 92 10 14 8 62 2 10 17 37 0 86 13 3 3 27 15 99 11 59 14 14 16 69 4 19 19 51
7 24 15 81 18 53 12 70 1 10 14 97 4 58 8 57 0 41 13 33 2 90 9 75 6 12 16 51 5 37 3 28 11 52 17 22 10 71 19 45
8 88 14 67 2 93 4 80 19 75 9 82 16 28 12 10 6 3 18 92 1 52 10 33 0 97 13 61 3 8 5 43 11 41 7 42 15 1 17 66
2 42 10 25 16 1 0 8 7 62 12 85 9 62 17 71 4 18 14 10 5 35 18 96 8 6 1 81 15 23 6 99 3 51 11 61 13 19 19 90
3 94 10 57 2 51 6 87 0 82 1 43 7 52 13 94 5 97 11 14 18 32 15 21 4 35 17 11 12 97 9 2 8 76 14 59 19 84 16 13
1 91 3 44 16 46 10 81 0 84 18 37 8 12 19 93 5 66 2 78 11 98 13 2 17 53 12 58 14 19 9 20 4 12 6 52 7 97 15 75
4 89 16 35 9 71 17 25 3 41 15 6 14 20 10 53 12 45 6 41 19 22 18 54 2 90 13 79 7 98 0 54 8 72 1 11 5 67 11 55
3 55 18 49 4 88 1 55 12 55 10 55 5 11 8 78 14 47 15 3 11 66 7 75 19 27 6 21 0 31 17 10 13 41 16 76 9 95 2 78
10 50 15 41 7 78 18 7 9 64 19 34 6 36 3 77 2 43 16 41 1 72 11 27 5 1 13 53 8 1 17 18 12 93 0 22 14 1 4 17
11 96 6 24 1 75 13 95 9 81 7 19 0 68 10 40 16 33 5 75 8 4 14 3 3 27 4 24 18 59 2 77 17 13 19 44 12 32 15 45
11 99 12 75 15 25 7 17 4 92 14 35 13 24 10 82 18 88 19 77 0 95 3 96 2 54 6 1 9 23 16 34 8 34 1 37 5 17 17 17
17 9 9 13 15 99 4 64 16 64 13 46 12 79 1 9 8 16 19 45 6 20 14 4 10 94 5 31 3 4 11 79 2 63 0 78 18 77 7 46
17 69 11 10 4 89 5 26 2 30 14 2 7 51 19 81 15 5 0 4 10 93 18 30 9 10 3 40 12 16 13 16 16 78 6 97 1 7 8 11
15 39 3 92 9 58 6 91 11 92 17 72 4 12 0 46 10 6 12 72 18 16 16 65 2 12 19 5 14 31 1 75 7 76 8 4 13 37 5 64
0 9 2 75 19 79 9 36 7 13 8 6 3 91 6 29 4 85 18 58 17 88 5 42 13 77 16 69 15 27 14 56 1 54 11 50 10 97 12 44
7 87 4 84 2 46 14 46 16 54 5 81 12 91 11 4 0 58 13 7 10 54 1 13 18 26 19 31 8 54 6 83 15 29 17 25 9 5 3 32
6 84 4 58 3 85 8 26 0 98 17 68 10 78 13 31 9 92 19 25 7 50 12 63 14 13 18 52 5 27 2 37 16 16 1 73 15 43 11 89
8 1 18 5 10 98 6 79 13 69 9 22 4 46 3 39 1 79 19 4 5 45 7 10 12 65 2 18 15 97 11 92 0 14 14 2 17 56 16 43
4 72 12 61 18 88 9 69 19 36 14 12 7 36 8 74 2 37 5 40 6 3 15 67 13 32 0 85 11 89 16 98 3 64 1 31 17 97 10 82
4 99 7 22 11 93 16 44 15 23 5 29 2 84 0 22 3 98 1 25 14 4 17 75 19 65 13 22 8 38 18 89 10 63 12 39 6 26 9 45
19 18 15 86 12 38 7 56 5 10 18 11 14 8 3 86 10 73 17 22 0 70 13 45 6 70 11 58 1 39 2 91 9 97 4 16 16 69 8 31
17 95 16 90 10 66 0 83 5 77 3 45 8 90 2 98 12 63 14 94 13 3 4 35 18 38 9 39 7 4 1 95 6 83 11 11 15 58 19 83
4 22 7 9 14 37 18 19 10 65 16 94 6 79 2 92 19 32 12 10 11 15 15 58 1 39 13 62 0 12 8 52 17 93 3 49 5 74 9 76
