50 20
17 68 2 11 12 47 3 55 1 4 9 76 7 89 0 70 11 57 13 97 16 39 8 42 5 36 4 46 19 65 10 49 14 35 15 61 6 51 18 6
2 52 13 76 15 90 4 9 18 71 3 78 0 40 19 23 7 46 11 18 16 10 12 26 9 49 14 64 1 23 5 28 17 10 10 49 6 10 8 32
9 12 17 67 15 8 5 3 18 33 10 7 4 21 3 14 8 88 6 90 14 18 13 78 7 9 12 66 19 92 0 65 16 23 11 30 1 90 2 53
17 61 12 10 4 64 6 88 3 44 2 60 1 29 5 11 15 41 8 74 16 32 13 12 10 29 18 38 9 47 14 67 19 12 0 47 11 76 7 7
7 61 18 88 5 41 14 81 12 40 17 6 19 9 13 85 8 42 6 22 9 6 4 22 11 90 16 15 3 38 0 30 15 71 2 40 1 59 10 7
18 93 8 99 9 88 5 64 16 24 7 48 13 84 0 29 19 70 10 3 6 71 4 91 3 8 15 92 12 9 17 97 14 48 11 48 2 9 1 59
1 35 14 76 19 10 3 36 9 33 11 65 5 83 10 15 2 82 17 65 13 24 4 48 8 16 7 24 18 50 6 65 15 32 12 71 16 85 0 13
15 23 9 83 3 85 8 23 19 28 0 78 18 61 16 9 11 50 1 84 17 92 2 71 7 18 10 9 6 89 12 5 14 23 13 25 5 49 4 18
2 45 16 40 12 36 8 2 3 18 14 96 4 68 10 11 13 88 1 78 17 48 5 27 0 91 11 72 19 25 6 21 7 27 18 22 15 95 9 41
14 81 5 59 6 49 9 98 16 23 17 31 12 87 3 47 15 79 19 27 13 48 4 74 11 74 2 7 1 94 0 73 7 31 8 83 10 29 18 25
3 67 11 78 8 98 13 79 4 68 7 22 16 34 5 39 19 93 0 68 12 8 17 65 6 68 2 92 18 11 14 8 15 18 1 67 10 39 9 58
4 11 14 33 17 10 8 88 10 24 5 3 11 33 16 11 12 79 13 2 3 72 9 4 19 92 7 1 1 74 6 61 0 21 18 72 2 28 15 36
19 75 6 8 11 30 7 72 2 67 12 76 0 94 5 32 18 18 15 38 8 88 16 69 10 2 4 14 3 31 1 61 14 35 9 34 13 62 17 70
7 75 14 47 9 55 15 47 1 2 6 24 0 9 4 24 3 39 16 10 13 84 18 37 17 43 10 47 8 62 12 48 19 56 2 82 5 9 11 97
17 93 12 26 7 52 15 34 3 78 19 11 18 51 4 26 10 21 13 29 14 99 2 54 11 63 16 82 1 45 6 60 5 94 9 23 0 56 8 51
7 92 9 85 13 4 0 96 8 30 3 18 12 69 4 44 19 37 2 62 16 98 5 10 1 15 15 49 6 14 10 78 11 73 18 61 14 69 17 86
10 50 15 1 8 18 17 93 19 23 11 1 13 5 7 72 18 84 5 34 14 60 4 91 6 73 16 76 9 54 1 65 0 6 12 10 3 71 2 35
14 63 10 4 3 62 5 4 12 17 1 29 0 94 7 10 13 18 18 85 9 17 2 77 15 84 19 56 17 18 16 73 8 61 11 1 4 44 6 24
9 20 11 7 4 74 16 93 0 39 8 42 14 72 19 7 13 29 12 69 1 19 5 34 2 73 15 60 7 2 10 66 3 28 18 97 6 53 17 57
2 83 6 7 19 90 3 49 4 60 15 48 5 90 17 84 0 55 14 42 10 33 18 37 9 52 1 41 16 16 7 74 12 97 8 59 13 16 11 17
16 23 1 38 9 58 19 36 6 48 15 67 3 93 2 38 18 33 10 39 14 7 11 75 4 29 12 70 17 18 13 4 0 43 8 66 7 11 5 7
11 5 16 96 2 6 19 35 4 70 1 33 5 83 18 1 9 62 10 40 7 90 15 2 3 51 6 1 17 65 14 45 8 43 0 61 13 79 12 28
14 86 6 89 10 4 17 49 18 27 0 11 4 39 13 8 11 24 19 53 2 65 9 91 1 21 5 98 3 20 15 75 12 86 8 7 7 65 16 18
15 44 11 90 5 84 9 48 2 19 3 4 17 87 18 27 19 34 1 66 7 41 13 13 14 62 12 35 8 74 6 98 10 67 16 13 0 74 4 44
4 84 19 69 2 25 11 51 5 94 16 81 6 99 3 39 13 57 15 93 1 12 8 35 12 34 0 47 7 70 17 14 10 37 18 39 9 65 14 63
3 45 0 80 9 71 5 62 13 54 8 96 7 39 16 71 6 91 18 89 10 90 15 35 17 35 1 70 19 1 11 69 2 21 14 21 12 75 4 76
13 56 19 11 1 82 5 26 8 15 18 74 7 30 4 45 0 92 3 79 10 65 2 48 17 61 16 20 11 54 9 29 6 18 15 56 12 92 14 88
11 68 1 55 8 45 16 11 17 8 18 54 2 56 19 49 10 40 15 22 13 82 6 2 9 50 5 78 3 92 14 46 7 14 4 49 0 2 12 37
0 93 3 63 15 58 1 84 4 54 19 35 18 61 7 42 9 12 10 91 14 60 17 92 8 22 6 82 2 72 5 46 13 22 16 35 11 16 12 6
10 62 9 72 0 9 1 25 15 38 13 42 14 45 16 96 3 69 8 52 19 82 2 6 18 47 11 82 7 81 6 64 4 46 5 88 12 25 17 71
11 40 6 65 18 12 1 32 17 81 2 80 3 93 16 32 0 6 19 83 15 58 4 66 8 50 13 10 10 5 5 46 12 66 7 20 9 8 14 48
15 17 14 59 5 20 7 81 10 91 19 2 16 6 11 40 13 42 12 77 4 83 17 13 18 22 0 55 9 13 8 38 6 25 1 33 3 71 2 82
9 3 3 21 13 73 14 49 4 1 15 97 12 57 18 61 7 80 11 15 10 58 19 39 17 9 2 19 0 64 1 82 6 11 8 16 16 4 5 44
19 70 0 39 15 89 11 93 5 6 4 36 10 81 16 17 12 98 1 32 14 50 8 39 7 8 6 19 3 10 9 35 13 90 18 31 2 18 17 93
17 44 11 56 14 74 3 71 0 4 12 76 1 18 16 84 15 4 13 63 10 26 6 24 2 47 19 1 5 19 18 46 8 4 4 16 9 8 7 32
5 12 4 67 2 27 10 25 0 39 19 88 17 98 6 13 16 51 15 60 13 5 12 24 9 17 7 32 3 44 11 38 1 39 18 19 14 70 8 52
7 25 12 95 17 26 6 81 4 54 11 70 13 10 8 76 15 94 9 93 1 68 16 72 18 25 3 67 14 12 19 46 10 57 0 95 2 31 5 28
5 13 4 86 9 67 0 54 15 22 19 7 1 64 8 49 7 91 10 90 2 83 12 78 11 61 14 47 6 49 16 89 17 43 3 96 13 70 18 14
10 64 8 7 16 26 0 32 19 21 1 42 14 4 9 25 6 10 11 81 2 66 7 27 18 31 12 49 17 69 5 96 3 47 15 49 13 1 4 24
11 85 7 9 3 39 16 56 15 11 17 70 12 74 9 91 1 55 8 96 18 89 4 43 2 26 10 85 19 4 0 98 14 45 13 99 5 36 6 84
3 38 9 91 6 6 17 1 1 70 15 53 7 3 0 34 5 30 2 65 4 82 8 76 10 46 18 19 14 29 11 23 13 85 16 99 19 23 12 83
9 34 13 19 2 63 1 16 4 24 12 41 16 11 5 87 15 73 8 45 6 2 0 27 3 86 18 69 7 2 17 85 10 24 14 17 11 44 19 9
4 10 12 68 16 26 5 15 0 50 3 55 15 12 6 95 7 64 11 24 9 69 17 44 1 62 14 37 8 55 2 24 13 26 18 36 19 37 10 13
2 36 16 76 1 87 18 79 10 10 4 62 12 81 3 77 8 83 14 84 15 97 5 38 17 73 0 41 9 19 6 42 13 69 19 47 7 31 11 75
11 99 17 84 8 28 5 79 15 73 7 5 12 17 1 54 9 7 4 46 14 61 16 35 13 40 10 52 2 59 0 4 18 35 19 95 6 1 3 28
0 50 4 77 16 45 17 35 9 88 7 53 8 55 12 31 11 1 10 69 5 44 18 33 3 77 14 87 13 17 15 22 6 84 1 37 19 33 2 75
15 60 6 43 3 89 1 86 11 10 19 50 18 13 9 54 2 19 7 50 5 82 12 55 17 41 8 50 10 85 14 3 13 50 4 95 16 17 0 88
15 62 16 59 11 19 19 56 9 72 1 30 7 86 4 10 14 39 12 34 13 34 2 31 0 13 5 88 8 80 18 21 10 38 17 37 6 96 3 52
13 95 12 68 2 35 18 1 8 50 4 66 6 15 11 62 0 59 15 61 10 3 9 38 7 84 16 39 17 11 14 43 3 92 19 93 1 23 5 46
11 73 14 64 3 74 6 78 8 42 1 20 16 22 19 7 12 15 17 44 10 81 18 84 2 94 5 26 7 21 15 5 0 54 9 55 13 63 4 21
