50 20
14 72 4 65 18 2 16 52 11 92 19 17 10 82 3 47 0 68 15 25 1 73 12 59 8 7 13 79 9 2 17 31 5 54 7 10 6 90 2 41
15 37 1 51 10 66 5 55 11 41 16 48 7 66 4 84 0 6 18 52 19 85 3 23 14 7 9 48 17 51 8 12 2 28 6 54 12 98 13 52
4 14 15 82 12 13 14 16 9 58 16 82 17 50 6 17 1 91 5 1 0 20 19 24 10 85 3 89 13 83 18 65 2 62 7 68 11 33 8 48
13 36 3 20 16 57 8 16 1 93 0 70 10 27 11 79 17 34 5 80 6 23 9 13 19 67 4 59 14 70 12 56 7 87 18 6 2 46 15 20
9 39 8 92 6 32 0 31 18 90 7 56 4 80 3 95 15 44 13 91 1 6 14 69 10 86 5 52 19 73 12 4 16 40 17 68 11 15 2 49
14 56 18 74 11 60 13 71 19 75 4 89 6 36 10 49 17 77 12 22 1 48 8 61 16 81 5 62 9 30 7 93 2 30 15 85 3 32 0 59
6 71 13 43 1 19 17 1 7 62 15 4 4 49 8 60 16 32 19 87 9 94 18 5 11 80 14 70 10 25 5 54 12 6 0 83 3 52 2 9
12 57 14 83 9 50 16 83 18 67 1 48 4 14 8 92 3 93 15 97 13 54 7 51 5 12 2 42 11 11 6 59 0 20 19 72 10 72 17 63
9 47 1 10 5 12 18 72 6 66 19 41 12 91 15 39 0 3 7 25 14 72 13 13 2 8 8 42 16 13 11 43 17 94 10 32 3 88 4 55
6 89 1 66 3 72 18 82 14 76 13 63 17 78 5 83 9 54 7 30 0 6 19 72 15 4 4 50 16 8 10 59 11 16 2 47 8 14 12 85
5 65 13 14 6 67 16 93 8 19 15 41 1 38 3 81 10 31 4 21 0 38 7 3 2 44 17 12 19 47 12 76 11 27 18 76 9 97 14 83
1 38 16 5 18 99 14 97 2 93 0 79 13 68 17 58 15 79 12 86 9 48 8 17 6 68 19 34 4 43 10 32 7 52 11 82 3 24 5 62
19 7 15 45 2 27 16 46 8 36 18 26 5 78 17 37 13 66 11 11 1 21 7 49 12 89 10 88 14 41 3 67 4 80 9 39 6 66 0 25
11 29 5 32 9 12 0 6 17 30 6 52 15 40 10 20 16 41 14 48 7 25 2 44 13 52 1 79 3 65 18 56 4 92 12 69 19 77 8 96
7 1 2 35 10 94 16 75 3 4 5 37 18 27 4 70 12 3 8 60 19 91 0 2 13 27 9 55 17 77 6 33 15 87 1 70 11 37 14 90
12 87 14 19 15 48 8 22 9 48 6 51 0 99 4 20 10 62 5 93 17 57 13 39 16 91 2 30 3 23 18 99 11 78 7 74 19 13 1 59
9 56 19 47 0 32 10 55 15 96 5 11 7 86 8 93 16 90 18 25 6 14 1 97 4 69 11 35 14 82 17 33 12 48 2 84 13 39 3 90
2 28 0 43 10 17 11 90 16 82 7 22 19 53 8 54 6 80 17 15 15 44 9 71 18 8 4 92 1 22 5 30 12 43 3 55 13 21 14 81
18 15 2 15 1 67 4 61 14 49 17 42 8 24 6 84 19 9 5 77 9 99 7 43 10 16 13 99 0 5 12 80 16 53 15 29 11 64 3 87
7 82 0 30 10 45 11 32 16 19 12 28 3 99 17 11 2 4 19 30 8 9 6 68 18 40 13 86 4 31 15 12 5 21 9 77 14 9 1 42
3 15 4 68 16 90 1 34 8 12 9 88 18 68 13 8 14 60 7 88 2 10 17 94 15 59 10 57 11 67 6 1 5 41 0 33 19 8 12 79
14 75 11 13 17 8 7 87 15 85 5 56 3 13 9 57 16 69 0 91 12 37 8 40 4 48 10 77 2 32 13 95 6 19 19 92 18 86 1 20
14 11 2 85 8 99 0 71 1 3 7 34 11 63 19 70 10 5 5 28 3 5 15 85 17 3 9 41 6 74 12 70 16 96 18 99 13 88 4 27
1 32 14 79 16 42 7 36 3 97 10 70 17 57 13 29 8 74 15 9 19 64 0 78 9 86 5 38 18 61 12 40 4 48 11 13 2 54 6 14
11 76 7 77 1 97 10 39 4 12 15 85 3 30 18 50 14 56 17 99 13 99 8 40 9 70 2 82 6 44 12 9 5 12 16 73 0 34 19 51
3 14 5 4 14 17 19 34 2 62 16 41 4 19 15 19 10 86 6 79 11 2 17 10 7 33 18 85 1 1 9 46 13 82 8 16 0 19 12 50
1 84 17 39 18 73 13 27 6 79 14 37 3 50 15 4 16 48 9 68 19 63 10 42 4 54 0 95 8 83 11 11 7 92 12 74 5 42 2 52
16 70 15 66 0 22 4 41 18 46 5 94 17 66 7 95 19 9 1 3 9 82 11 97 6 80 14 2 13 10 8 12 12 83 3 54 2 64 10 19
17 40 12 50 9 54 18 1 4 69 11 44 3 54 6 6 2 71 10 97 8 3 14 83 1 21 16 58 7 66 0 10 13 71 5 5 15 21 19 51
13 62 7 49 18 68 12 17 5 49 15 57 19 86 0 17 11 8 3 53 17 93 9 26 16 65 14 95 8 88 4 6 6 15 10 26 2 15 1 12
14 32 8 89 7 56 6 59 1 39 3 77 2 49 0 42 11 91 15 22 13 65 4 13 19 88 18 17 17 63 10 98 5 42 16 63 9 41 12 21
14 14 13 87 4 75 11 17 3 22 17 55 2 57 7 8 1 94 12 39 19 55 6 26 9 67 18 95 15 81 8 5 16 89 5 71 0 11 10 30
17 41 6 87 14 91 4 17 7 15 19 63 9 59 15 99 5 65 11 32 13 38 1 6 2 68 8 82 16 47 18 90 3 69 10 92 12 47 0 12
5 82 18 24 8 8 11 64 17 53 19 28 6 83 2 15 7 18 14 33 10 69 3 30 12 99 15 61 13 19 1 27 0 46 4 74 9 22 16 73
7 89 6 69 11 75 12 58 1 52 8 19 17 41 2 1 10 42 4 96 14 21 19 54 5 37 18 60 3 68 9 54 13 3 15 27 0 72 16 65
18 40 7 13 0 62 3 1 17 51 5 84 13 63 12 92 19 67 8 98 11 99 15 80 1 43 4 11 2 62 16 38 9 50 6 77 14 42 10 86
9 30 17 46 5 36 16 26 8 64 18 46 15 7 1 50 2 4 19 11 12 86 13 38 14 58 3 76 10 18 0 86 11 21 4 78 6 23 7 8
9 6 10 4 5 18 18 84 8 29 11 35 4 19 2 52 15 79 17 39 6 12 7 85 16 42 0 12 3 85 13 67 14 55 19 58 12 60 1 56
7 64 10 33 16 61 3 20 6 44 19 11 9 28 2 60 18 21 14 67 17 80 4 80 8 98 12 62 15 23 0 97 5 23 11 30 13 25 1 85
13 28 19 59 18 14 11 85 6 42 17 61 10 51 8 14 2 73 1 27 7 22 12 46 4 68 16 6 15 23 9 73 3 37 14 85 0 9 5 45
18 35 15 23 2 81 4 90 7 70 0 58 17 53 1 29 10 27 12 11 9 90 6 18 5 44 14 68 13 82 16 76 19 90 11 68 8 5 3 58
17 28 5 26 11 4 12 18 13 2 3 17 15 29 16 91 4 13 10 70 19 78 1 44 9 70 7 3 18 30 2 72 14 95 0 98 8 19 6 67
1 13 5 27 4 34 7 82 19 73 17 51 16 69 11 47 13 20 2 57 8 68 15 90 10 44 9 18 0 46 12 79 3 39 14 57 6 54 18 73
6 75 17 79 16 23 2 78 9 24 11 21 10 39 4 77 12 33 7 23 8 42 18 66 0 25 19 78 1 4 3 45 13 69 5 66 14 27 15 1
3 23 10 98 4 82 9 66 17 26 14 98 18 1 1 8 13 28 2 99 8 50 12 46 19 81 11 20 15 11 5 55 7 5 16 59 6 99 0 33
2 67 4 42 10 96 19 18 17 91 11 69 7 70 15 85 18 30 14 81 0 76 12 29 8 83 6 83 3 69 9 89 16 75 5 94 1 79 13 97
10 34 15 24 4 98 7 26 2 1 13 40 3 14 0 58 5 98 19 55 1 18 11 47 16 97 9 95 6 95 18 49 17 57 14 27 12 18 8 86
9 9 12 49 16 31 17 95 8 64 18 2 19 63 14 5 5 26 11 19 13 2 10 57 0 74 1 21 6 26 7 95 4 81 2 76 15 18 3 29
10 33 8 37 12 14 14 69 0 3 5 89 4 71 16 52 7 26 1 54 19 41 2 10 17 78 11 49 6 34 13 85 15 73 9 43 3 30 18 46
1 3 8 45 5 95 2 71 14 19 12 59 11 85 0 94 3 97 19 51 15 42 9 14 4 1 16 85 10 64 7 69 13 9 18 88 6 1 17 96
