50 20
19 92 8 24 3 17 17 85 4 97 6 27 14 83 9 19 5 22 0 17 2 98 13 34 15 37 12 18 7 95 18 86 10 34 16 20 1 12 11 5
13 45 14 79 0 3 17 94 5 13 19 31 7 4 6 85 16 2 4 55 9 91 10 23 8 26 3 7 11 73 2 51 12 67 18 28 15 79 1 66
9 52 0 68 7 93 15 50 19 59 16 18 14 43 12 12 11 2 17 27 5 67 18 57 4 48 6 55 2 8 3 93 1 37 8 85 13 67 10 29
18 37 3 33 4 47 8 68 6 40 15 72 2 59 11 56 7 59 1 36 19 88 0 28 17 25 10 18 12 2 16 74 14 94 9 73 13 7 5 22
14 98 10 81 4 80 5 41 6 25 15 91 7 88 3 34 17 2 18 93 2 42 8 36 9 8 16 84 0 84 11 94 19 12 1 67 12 7 13 2
0 21 19 73 2 4 11 55 4 53 7 56 17 18 16 28 3 8 13 52 1 66 12 81 8 45 6 73 10 54 9 58 18 84 15 10 14 63 5 36
5 11 0 4 17 82 19 86 4 46 3 14 14 12 15 16 12 82 10 26 9 47 16 86 2 79 8 38 1 46 7 24 18 74 13 15 11 11 6 81
5 29 7 80 17 44 1 32 11 25 10 64 19 72 8 81 2 37 0 38 18 16 13 89 3 42 15 75 16 50 9 54 4 9 12 85 6 72 14 95
13 56 1 64 14 54 5 14 16 77 11 5 4 73 2 65 12 49 9 67 17 90 0 7 18 51 10 92 6 69 15 6 3 45 19 65 7 62 8 62
16 72 5 87 0 71 3 85 14 1 17 67 9 21 18 63 2 90 6 62 8 69 1 78 10 26 15 49 11 6 7 90 12 28 19 22 4 58 13 71
17 74 14 51 19 7 9 83 2 10 12 39 10 16 13 15 6 61 5 73 7 72 1 41 15 19 18 24 3 88 11 45 16 50 0 52 4 3 8 8
8 84 5 98 4 30 0 55 6 5 3 83 15 57 17 8 9 82 16 33 14 60 13 86 12 48 2 16 18 79 19 41 10 24 1 95 7 8 11 5
12 79 16 92 1 58 5 14 10 98 2 43 4 75 6 87 7 96 0 38 18 90 11 67 19 21 8 53 15 64 9 52 14 76 13 83 3 84 17 89
5 7 9 9 18 38 12 48 15 68 17 61 11 36 0 94 14 80 4 56 10 23 1 13 19 47 16 22 3 41 6 27 13 75 8 8 2 42 7 49
19 51 9 75 13 64 18 9 4 22 8 15 3 61 14 8 7 57 0 10 12 39 2 24 16 97 5 44 17 26 1 88 6 45 10 33 15 70 11 12
14 30 6 93 16 15 18 87 4 13 5 12 13 2 17 19 9 73 2 94 0 45 11 39 10 76 1 33 3 60 19 27 12 35 8 19 7 69 15 53
15 40 1 61 6 59 17 45 11 21 9 29 2 93 16 52 7 69 10 68 4 41 12 12 19 49 14 50 8 26 3 27 18 27 0 74 5 91 13 94
18 9 13 6 2 45 12 91 1 9 0 7 6 67 15 51 19 83 16 72 7 60 8 28 10 50 9 16 17 16 4 73 14 94 3 25 11 59 5 70
17 77 7 10 0 3 12 91 15 59 11 21 8 89 6 95 1 66 4 62 5 39 13 99 2 90 3 25 18 22 16 35 19 31 9 98 14 45 10 89
15 15 12 53 4 1 0 63 2 48 6 85 14 50 1 71 7 39 13 95 9 98 5 49 8 38 18 39 10 71 3 51 19 95 16 25 17 60 11 74
4 55 17 49 2 18 0 35 12 31 18 3 1 26 7 90 8 53 5 4 6 81 3 65 14 17 13 74 15 63 9 94 16 94 10 50 11 57 19 96
18 56 1 91 0 31 12 92 17 53 10 94 16 86 9 39 4 10 13 60 3 61 19 24 6 84 8 22 7 50 5 15 2 14 15 88 14 74 11 91
1 25 6 65 18 39 7 8 19 84 10 19 12 81 8 19 3 50 15 4 5 86 0 15 16 17 11 85 9 28 4 90 2 85 14 85 13 24 17 95
4 95 18 45 19 17 6 11 2 76 8 60 0 33 15 52 5 66 13 53 12 28 16 98 10 14 7 41 17 10 9 46 1 31 3 77 11 92 14 88
18 89 15 21 7 16 10 77 4 30 0 67 9 35 11 16 14 48 8 55 12 49 5 73 2 53 16 48 1 8 6 63 17 99 13 49 3 14 19 64
9 63 15 91 3 90 5 33 1 24 2 8 18 48 13 37 8 88 12 76 16 83 14 33 11 64 6 55 17 32 7 57 4 65 10 90 0 55 19 79
0 72 19 85 15 20 9 26 5 95 12 43 1 9 11 20 8 31 3 78 14 6 13 34 6 52 16 28 10 30 4 12 18 13 7 1 17 47 2 27
18 87 7 46 15 73 2 80 13 36 9 17 19 98 16 53 0 83 5 36 11 45 12 74 17 84 4 84 10 58 14 39 1 87 6 75 8 10 3 56
2 34 8 43 7 31 1 92 0 40 11 62 18 47 4 61 5 45 14 97 19 73 9 74 17 30 13 97 16 4 12 36 6 61 10 29 3 78 15 13
4 83 12 89 15 80 9 67 10 76 6 42 14 25 17 43 7 92 3 18 0 79 13 71 8 60 11 48 5 88 16 98 19 59 2 41 1 63 18 67
0 21 2 28 1 28 15 41 6 98 8 96 3 24 10 46 9 9 12 30 19 41 14 18 16 7 7 70 4 60 18 29 13 64 11 52 17 79 5 9
3 25 1 73 5 41 7 99 17 52 2 96 11 42 6 85 4 43 18 87 8 99 15 55 14 64 19 17 10 15 0 34 13 86 12 99 16 87 9 70
2 62 9 16 16 46 17 32 5 57 6 46 8 94 3 15 11 15 7 90 18 27 4 47 12 9 14 12 13 13 10 77 0 44 19 32 1 10 15 95
13 76 18 3 11 25 14 2 1 16 16 5 15 59 4 4 12 17 8 31 9 46 6 56 19 9 3 76 2 12 0 57 10 30 17 1 5 10 7 86
15 59 8 21 4 73 19 47 5 70 6 53 0 3 18 83 11 29 9 65 16 83 10 9 3 73 13 76 1 27 14 81 12 13 17 40 7 35 2 79
16 34 2 57 14 33 1 38 6 63 10 78 0 16 17 71 18 57 3 18 11 76 8 76 15 62 19 9 13 65 7 94 4 61 9 63 5 72 12 36
10 45 7 94 15 52 11 45 14 62 2 3 6 39 5 38 1 63 4 50 17 40 3 28 19 27 18 62 8 60 12 82 16 1 9 66 13 7 0 61
4 67 15 77 9 69 11 50 7 63 3 97 8 87 16 51 14 98 10 94 6 65 19 43 0 88 5 13 2 69 13 30 17 29 18 2 12 8 1 70
19 99 5 29 0 16 4 71 14 23 18 12 15 59 11 75 7 11 17 39 2 54 8 64 6 25 13 17 1 19 16 8 3 22 12 86 10 34 9 10
7 77 14 6 9 58 6 2 1 89 0 91 13 72 16 14 18 5 2 77 17 52 5 84 19 51 15 8 8 94 4 47 3 76 11 4 12 72 10 28
18 5 12 66 10 88 1 64 15 32 14 29 0 28 7 22 11 61 9 80 3 68 19 6 17 56 5 23 8 46 16 11 2 2 6 57 13 78 4 58
14 81 4 9 0 74 16 80 7 45 11 83 6 83 10 53 17 61 2 61 19 95 1 24 18 39 5 80 9 88 12 88 3 74 8 63 13 71 15 96
15 2 8 58 13 75 9 16 12 93 6 3 2 40 1 41 19 95 7 86 16 72 11 14 18 84 14 24 17 12 3 80 10 10 4 76 0 74 5 10
14 55 2 7 0 53 3 33 8 80 18 13 15 29 19 10 17 80 9 37 4 91 16 65 6 62 10 4 11 39 5 54 1 83 7 21 12 82 13 90
16 28 13 6 6 98 17 86 5 32 18 41 19 25 3 46 11 76 9 17 4 13 12 7 14 22 8 44 15 60 2 12 0 72 10 96 1 96 7 96
11 8 17 63 5 68 1 79 16 95 13 8 19 34 6 18 2 99 8 1 18 20 9 29 4 7 15 69 3 97 14 47 0 63 10 1 12 85 7 9
4 28 2 41 13 66 0 8 1 61 9 40 5 33 11 22 10 31 18 26 17 37 7 47 19 72 16 49 6 44 8 51 3 74 15 63 14 65 12 51
5 91 16 29 6 84 18 83 4 90 19 38 11 8 3 48 2 1 12 41 15 31 1 42 14 41 13 61 17 68 9 92 7 10 0 13 8 88 10 32
14 91 6 96 4 42 3 23 17 80 16 90 1 53 12 71 0 83 9 83 15 21 2 30 5 42 7 88 19 61 8 63 13 34 10 39 18 68 11 67
7 68 4 58 5 68 10 76 11 8 19 67 15 10 0 55 16 13 14 43 6 7 17 23 1 72 13 61 18 96 8 93 9 37 12 93 3 68 2 11
