50 20
2 42 6 11 10 19 12 11 11 14 19 48 7 38 13 18 18 13 4 29 15 68 14 12 9 56 8 72 0 61 3 48 17 8 16 71 1 38 5 33
10 80 16 86 12 64 2 14 15 27 3 96 5 59 6 98 1 19 0 96 8 79 13 92 7 35 19 4 18 18 4 76 11 49 14 11 17 19 9 87
0 73 1 56 2 10 5 86 9 56 17 47 18 37 8 19 3 96 15 28 14 45 16 84 11 19 12 68 7 4 6 51 19 56 4 41 13 20 10 19
4 86 18 63 16 22 9 88 15 75 12 78 5 37 19 42 6 63 8 8 10 84 1 74 2 76 13 55 7 35 14 13 3 25 0 4 11 81 17 89
17 31 15 40 1 53 14 35 2 5 11 92 4 95 18 25 5 44 13 30 6 55 12 89 8 99 0 49 3 38 19 15 10 2 9 31 7 35 16 96
10 75 5 81 13 65 1 54 8 76 7 85 12 13 18 22 16 12 4 56 6 99 11 8 0 80 3 32 14 34 9 82 19 67 17 72 2 46 15 64
8 26 5 98 10 70 12 43 2 30 0 70 19 37 14 64 3 68 1 6 9 20 4 17 17 90 13 93 18 83 7 74 16 75 15 36 6 4 11 37
5 93 0 85 11 71 10 87 2 93 9 85 8 24 19 59 6 30 12 67 16 20 1 70 15 31 17 26 4 80 3 30 13 10 18 62 14 96 7 29
18 49 6 21 11 51 12 83 5 2 1 35 13 35 2 19 4 59 16 24 7 72 14 98 19 36 15 18 10 13 8 8 9 67 0 91 17 84 3 48
11 59 14 84 6 99 10 38 2 80 17 65 0 16 8 27 16 40 7 23 19 91 3 24 13 75 5 93 15 77 4 61 18 43 1 1 12 80 9 27
9 86 14 73 2 8 0 17 11 78 3 74 17 98 1 45 16 52 7 21 8 83 15 3 10 19 13 96 5 73 12 5 4 69 19 49 18 23 6 61
17 19 9 52 10 92 13 40 11 27 1 45 12 33 8 58 2 25 6 34 15 63 5 37 16 87 19 78 0 95 4 2 7 84 18 2 14 61 3 79
9 67 12 21 11 45 3 35 2 26 16 45 1 61 19 17 4 28 5 9 7 11 13 88 14 44 18 35 0 79 10 26 15 87 6 73 8 55 17 84
8 14 2 34 9 58 18 64 16 47 1 80 4 96 5 91 19 12 3 21 0 73 17 34 14 82 6 28 12 91 7 34 11 8 10 97 15 47 13 98
3 22 5 45 14 12 0 7 15 82 17 98 12 77 11 76 19 58 1 90 18 33 6 31 9 67 10 98 7 61 16 4 8 72 2 84 4 30 13 28
18 6 15 37 5 99 0 85 3 54 14 20 16 6 4 80 10 51 7 59 9 3 19 60 12 73 11 91 2 68 6 70 1 64 17 95 13 19 8 6
6 23 9 34 16 34 10 30 19 28 2 77 4 52 5 32 15 99 0 44 1 95 17 26 14 37 8 12 7 38 12 24 11 55 3 30 13 71 18 90
1 25 4 20 9 86 12 31 17 41 18 80 2 29 16 41 8 12 5 73 14 77 19 56 15 31 0 88 11 16 6 66 3 40 7 30 10 28 13 62
2 35 16 85 13 38 17 82 14 68 5 71 10 47 1 70 3 12 18 9 12 90 9 46 11 69 4 10 19 6 15 55 7 93 8 1 6 46 0 81
6 8 17 32 13 97 19 52 2 32 9 40 4 55 1 30 7 28 11 74 3 85 0 70 14 57 5 1 10 45 8 64 12 76 18 66 16 11 15 88
13 31 19 47 16 86 11 55 6 76 18 10 10 47 3 68 15 28 9 25 7 4 1 54 2 93 14 41 17 78 5 54 8 61 0 28 12 62 4 95
10 71 6 41 0 79 17 41 7 2 5 27 16 13 9 93 1 59 15 33 13 74 12 45 19 33 14 43 3 62 11 80 18 63 2 67 8 41 4 96
1 28 3 17 0 84 2 82 15 89 4 38 14 89 9 68 18 6 8 4 19 70 13 14 6 74 11 42 7 59 16 4 10 22 17 61 12 36 5 49
9 77 8 84 4 46 14 49 12 84 18 26 13 28 10 59 3 96 11 13 5 45 2 54 15 88 19 29 1 29 0 49 6 73 16 16 7 32 17 21
15 8 17 3 18 69 9 53 1 76 16 54 7 72 12 67 4 81 13 78 10 19 19 54 11 64 0 50 5 55 8 82 3 72 2 91 6 81 14 91
14 90 10 44 5 53 4 86 13 63 19 30 3 88 11 69 15 51 1 77 8 45 16 9 17 17 6 66 12 75 7 52 18 26 9 22 2 79 0 58
15 20 6 46 0 78 9 90 4 46 3 83 12 98 16 20 18 80 7 91 2 25 1 55 19 74 10 86 8 81 13 16 14 40 5 53 11 39 17 25
17 73 7 45 10 89 0 76 15 39 13 7 6 95 2 23 4 57 16 72 9 7 12 61 19 27 1 88 5 30 11 36 8 75 3 78 18 91 14 5
19 74 1 15 18 46 15 13 4 26 11 27 17 86 5 2 2 52 12 67 10 91 13 46 7 58 6 46 16 34 8 93 14 77 3 1 0 70 9 89
15 95 17 60 19 37 9 50 7 86 3 5 6 41 12 43 5 83 16 89 13 1 0 34 11 82 18 37 8 39 10 69 14 34 1 66 4 13 2 31
10 70 3 82 0 8 19 90 18 16 7 94 12 45 15 3 13 84 1 8 16 53 17 5 4 50 5 38 2 48 14 99 6 31 11 78 8 52 9 75
17 50 14 73 9 11 0 98 5 70 12 57 3 34 16 38 2 86 8 52 7 92 4 41 15 12 6 90 1 33 10 58 11 17 13 5 19 35 18 83
5 1 10 67 2 99 4 54 14 72 9 5 6 48 11 55 0 92 18 71 1 19 12 72 16 71 15 42 13 6 7 34 8 85 17 50 19 84 3 72
15 4 6 48 8 22 7 45 3 34 9 67 19 48 14 94 0 87 2 5 1 1 11 6 5 29 10 37 16 28 18 27 12 40 4 12 17 28 13 23
6 71 15 12 19 93 3 94 18 2 14 49 9 74 17 60 13 31 7 67 11 87 8 36 2 51 0 11 10 12 4 77 16 14 5 71 12 31 1 97
11 89 6 41 19 67 9 97 12 82 16 52 2 43 18 36 7 56 14 5 8 47 0 93 10 47 15 5 1 15 5 30 3 48 4 38 13 15 17 2
12 89 7 23 4 37 1 84 19 70 11 8 8 53 17 22 18 18 14 26 0 29 6 86 3 40 10 3 5 32 16 48 13 98 15 1 9 91 2 9
15 15 18 81 19 91 10 2 8 5 17 93 12 16 16 46 13 76 2 36 0 10 7 78 4 45 6 69 11 29 5 97 14 40 9 1 3 81 1 2
2 13 8 25 19 85 3 98 9 1 13 49 5 5 6 62 0 61 7 53 4 1 11 62 18 89 1 32 16 10 10 51 14 80 12 15 15 61 17 39
16 40 0 57 17 80 7 89 14 40 12 82 13 18 8 19 19 34 11 15 1 85 6 69 4 92 15 23 10 31 2 47 3 56 5 30 18 46 9 49
12 76 18 78 5 24 16 50 17 37 9 82 2 49 1 54 14 47 0 20 11 16 15 76 6 51 3 50 19 71 13 90 7 9 4 53 8 65 10 59
3 99 9 60 7 5 14 26 10 3 1 35 18 54 5 93 12 35 2 22 13 15 4 59 19 58 11 75 8 83 15 24 17 97 0 75 6 54 16 81
5 57 1 52 2 10 3 96 19 89 18 23 15 11 11 33 8 80 0 60 17 36 12 23 7 21 16 49 9 21 13 9 10 94 6 54 4 84 14 17
3 46 11 70 10 9 6 91 7 31 13 27 16 82 0 37 15 66 2 51 5 77 17 70 1 13 18 54 12 75 14 79 4 61 9 94 8 55 19 18
16 96 12 49 2 64 10 39 11 13 18 84 4 46 0 64 7 6 6 76 17 56 15 8 8 97 5 85 9 88 3 69 13 42 19 37 1 72 14 39
10 37 14 50 5 13 17 45 4 5 16 86 13 95 2 97 1 49 18 57 19 90 15 39 0 84 3 27 11 92 6 37 8 73 7 39 9 5 12 3
18 51 19 71 12 67 7 66 0 35 1 13 11 52 2 82 14 60 5 77 16 86 13 20 6 52 9 5 4 82 17 33 8 12 15 55 3 72 10 65
6 54 18 53 7 54 12 13 17 33 0 5 1 80 14 14 10 8 13 28 9 98 8 49 16 61 3 38 2 5 15 33 19 98 4 96 11 81 5 67
10 62 3 40 0 84 15 41 16 81 2 21 7 45 12 17 9 3 14 12 5 77 1 30 13 87 11 90 4 66 19 47 6 20 18 36 17 21 8 16
19 3 0 20 5 19 9 1 13 36 4 85 2 85 14 72 17 10 6 57 7 2 15 33 16 29 3 74 10 59 1 53 8 17 12 86 11 13 18 55
