50 20
4 8 9 22 6 96 0 69 13 35 8 52 2 18 15 84 12 52 17 94 14 62 3 95 5 2 11 98 7 15 19 68 1 35 10 52 18 22 16 10
1 31 5 94 13 44 12 67 4 69 17 14 6 57 9 96 7 64 3 65 2 32 11 56 0 82 18 20 14 25 19 86 8 93 15 86 16 75 10 81
13 32 2 89 1 62 18 20 0 69 4 16 5 42 9 76 10 27 7 38 6 27 17 88 16 69 15 5 11 50 14 23 19 52 8 75 3 79 12 94
6 54 16 39 14 16 2 59 18 80 17 76 12 40 8 57 11 46 5 76 9 52 13 39 4 98 7 89 1 16 10 58 0 88 19 17 15 82 3 46
0 44 9 52 11 18 12 12 18 73 17 25 10 28 2 34 4 42 7 48 15 42 5 76 19 30 8 31 16 84 14 86 3 60 6 46 1 74 13 71
11 79 10 66 0 68 15 3 12 39 18 84 8 71 1 33 4 81 13 41 7 98 2 42 17 24 16 14 5 85 14 4 6 94 19 36 9 31 3 67
4 56 17 83 10 84 7 43 15 30 5 11 9 72 0 23 11 7 18 90 12 78 6 61 13 34 16 49 2 71 19 50 8 21 1 88 14 41 3 89
8 88 19 16 10 11 12 64 2 73 0 56 17 37 15 28 3 15 5 59 7 53 13 12 16 92 9 76 1 76 11 24 4 83 14 38 6 71 18 88
7 6 5 14 3 61 19 77 10 43 6 71 14 87 1 88 4 3 8 89 13 38 11 88 2 7 12 88 17 15 18 1 0 54 15 60 9 63 16 92
2 70 8 47 12 25 11 22 17 47 10 43 14 80 7 76 0 60 4 46 6 46 9 31 1 23 19 1 13 96 5 60 16 80 18 8 15 19 3 1
12 92 13 94 11 97 17 83 8 79 10 64 19 43 7 83 4 92 2 44 9 78 6 49 3 43 1 30 18 21 16 20 15 96 0 69 5 72 14 67
15 89 18 26 2 32 12 36 7 46 11 55 1 67 10 5 5 90 3 84 14 38 8 74 13 91 16 56 6 91 9 8 0 78 17 4 19 12 4 63
8 99 9 76 4 44 6 43 7 31 11 92 13 25 15 8 18 46 12 54 14 79 19 62 1 70 0 38 17 1 16 45 3 18 5 13 2 6 10 87
18 57 17 18 5 13 7 95 9 44 12 94 8 25 1 15 3 78 2 83 16 14 14 83 15 86 11 56 19 96 0 67 10 11 4 91 6 25 13 12
9 55 1 3 13 4 18 64 5 95 4 22 6 20 11 16 15 86 3 71 10 80 8 8 19 42 12 24 2 76 14 7 17 43 16 17 0 85 7 6
8 73 6 69 9 60 0 22 1 35 5 95 14 29 17 48 16 7 11 77 12 72 7 82 3 67 2 4 18 43 13 2 19 89 10 78 4 15 15 94
17 71 12 4 6 6 14 89 7 74 16 83 15 98 11 26 10 91 0 82 19 33 18 14 3 33 4 98 5 86 13 87 9 88 8 37 1 55 2 48
6 25 7 85 19 29 3 84 10 7 1 67 16 4 4 86 15 85 11 20 12 84 17 34 13 98 5 75 8 48 14 47 0 17 2 15 18 3 9 91
13 22 3 58 8 51 17 84 2 66 15 28 14 15 11 59 7 21 18 48 5 78 9 13 10 37 4 78 1 55 12 77 16 52 19 2 6 90 0 79
12 8 11 99 4 46 7 15 0 93 15 94 16 92 14 93 18 4 8 30 5 70 9 14 19 70 6 32 3 42 17 27 10 85 2 94 13 85 1 69
15 27 9 29 4 75 12 52 3 61 10 30 14 13 7 28 5 59 17 13 2 91 19 90 8 39 0 18 6 15 16 2 11 32 1 31 13 40 18 5
3 26 18 44 10 5 13 18 15 58 12 21 11 27 14 11 17 5 6 35 0 52 19 65 9 30 5 55 1 97 2 27 16 38 4 31 8 41 7 48
13 57 14 95 1 85 6 18 12 12 0 26 9 84 4 71 18 85 7 5 15 43 10 3 2 67 19 92 5 87 8 51 3 19 16 22 17 26 11 74
9 13 18 55 8 71 16 43 7 62 6 54 15 67 14 50 17 12 5 73 11 13 13 31 1 85 3 51 0 83 19 18 2 6 10 52 12 61 4 84
5 69 16 67 6 99 18 2 15 95 13 53 12 17 8 88 3 34 17 40 11 67 0 71 9 57 2 43 14 91 4 76 1 64 19 16 10 16 7 77
2 60 3 50 13 8 15 85 10 11 9 11 1 42 12 59 14 65 17 6 18 11 16 24 6 20 5 55 19 34 0 42 11 51 8 64 4 74 7 24
1 65 11 95 19 59 2 19 17 89 6 42 8 84 5 84 7 81 0 37 18 79 9 11 3 64 10 93 15 65 4 49 14 90 13 23 12 61 16 37
5 94 14 83 9 11 1 43 12 71 13 29 11 87 8 1 18 65 3 31 16 20 17 61 19 56 2 87 0 36 7 20 15 67 6 93 10 37 4 28
9 55 2 90 1 47 12 52 14 77 19 3 17 19 16 64 10 48 15 64 13 51 11 37 0 78 4 75 6 61 18 19 8 97 5 47 3 88 7 28
0 50 9 39 16 42 19 73 14 70 8 74 7 12 1 49 11 37 6 70 13 54 18 95 2 55 17 35 12 26 10 30 5 31 15 13 4 63 3 52
18 96 4 60 6 5 2 14 0 44 15 60 16 69 17 9 5 48 7 87 13 43 3 89 10 18 1 70 11 59 19 72 12 89 9 96 8 40 14 73
18 59 6 46 7 44 9 24 13 15 10 36 3 25 8 18 17 42 5 3 12 38 0 33 11 68 15 9 16 62 1 36 4 95 2 18 19 93 14 34
5 16 1 55 17 21 19 77 12 98 9 32 18 32 3 23 11 89 13 32 0 23 4 20 10 54 2 42 15 39 8 34 7 17 6 89 16 22 14 2
13 83 12 66 16 44 10 8 0 75 19 56 7 3 9 85 8 1 15 4 1 66 5 33 4 87 6 10 18 47 2 3 3 75 17 93 14 35 11 46
10 97 4 70 13 72 8 73 3 76 12 61 5 39 17 64 16 2 7 86 9 44 6 32 18 23 0 89 19 21 14 33 11 68 15 87 1 71 2 75
6 39 19 48 7 3 2 73 0 40 9 93 10 6 12 59 17 10 18 90 5 52 8 85 11 15 13 94 15 51 3 47 1 67 4 53 14 40 16 13
8 49 4 97 15 10 14 74 6 67 19 72 10 75 13 30 2 53 7 61 5 31 18 1 1 57 3 38 9 30 12 81 17 17 16 32 0 90 11 90
18 12 2 3 8 64 15 66 3 61 4 91 12 43 14 87 9 19 7 71 10 38 6 95 13 75 16 90 1 92 11 1 19 53 0 55 5 46 17 12
16 17 12 2 18 46 7 40 3 11 17 4 5 33 0 60 4 77 11 40 15 48 14 32 9 19 1 9 8 30 10 99 2 84 6 19 19 69 13 89
15 24 6 83 8 26 13 10 11 92 4 17 7 45 18 92 10 3 17 46 9 73 5 2 19 35 12 61 3 29 2 96 16 6 1 15 14 39 0 97
6 10 3 27 17 94 14 35 1 16 13 25 2 70 15 23 12 41 0 16 9 84 4 5 8 33 19 54 10 3 7 77 18 63 5 21 11 97 16 12
14 84 11 46 19 8 10 38 3 81 12 99 15 38 18 31 7 97 6 50 4 87 5 40 17 50 8 19 16 33 1 95 2 29 0 59 13 62 9 88
1 13 10 29 18 57 14 33 2 87 16 62 4 69 15 40 3 49 13 31 12 97 6 55 0 19 19 7 9 44 11 70 5 37 8 40 17 47 7 76
12 63 15 72 7 67 19 4 13 80 4 79 11 96 14 60 2 34 17 11 10 28 6 99 18 77 1 88 8 47 9 9 5 36 3 72 0 76 16 22
14 83 17 11 16 49 3 29 15 29 1 93 8 87 0 9 11 75 5 37 7 34 18 27 4 59 13 39 6 57 2 80 12 59 19 15 10 54 9 42
1 77 16 25 15 93 7 10 3 77 2 29 4 37 11 91 13 92 17 22 9 76 10 11 8 11 5 71 18 2 12 8 19 72 0 7 14 92 6 27
11 42 1 8 4 11 6 65 12 36 15 54 0 79 10 99 16 22 17 55 7 12 5 88 13 65 18 51 14 7 2 20 8 52 3 1 19 19 9 41
17 68 19 30 16 7 15 94 10 79 1 69 14 60 5 93 0 67 9 40 7 70 11 97 8 43 13 19 18 52 2 93 4 13 12 44 6 19 3 38
10 19 14 19 9 1 3 46 1 35 4 17 18 92 11 26 5 9 6 61 7 87 13 46 19 83 2 56 17 10 8 96 12 35 16 98 0 99 15 17
1 7 15 88 0 31 9 39 13 25 12 10 4 26 18 42 19 24 17 30 14 18 6 19 3 63 11 53 5 78 16 80 2 46 8 27 10 20 7 5
