50 20
17 25 16 91 18 71 10 11 4 71 15 63 0 87 3 32 12 24 11 20 14 92 8 1 1 12 7 14 2 43 5 30 6 93 13 10 9 52 19 15
0 83 5 76 4 25 3 80 17 54 18 11 10 78 9 52 13 82 19 71 14 15 11 43 16 60 12 81 6 54 2 35 1 53 7 64 8 74 15 6
6 37 1 88 18 98 17 26 12 9 15 60 11 2 5 95 2 53 7 72 16 67 8 88 13 49 4 15 14 1 19 68 10 84 0 49 3 75 9 39
17 26 2 49 1 31 16 78 7 41 10 96 9 92 15 44 11 20 3 31 14 5 19 57 4 88 6 80 12 33 8 74 5 86 0 17 13 11 18 29
8 93 4 24 9 42 10 50 16 48 5 54 14 92 2 53 17 31 6 28 12 82 3 16 0 92 19 31 18 30 7 75 15 43 11 80 1 74 13 14
16 83 3 67 15 83 8 55 14 58 10 23 18 92 19 49 12 65 4 12 11 84 2 64 0 98 5 10 1 36 17 54 7 77 13 62 9 7 6 53
17 9 1 34 7 95 14 89 11 89 0 21 16 92 2 73 19 80 12 50 5 90 8 36 15 49 18 98 10 94 3 37 9 81 4 73 6 25 13 99
16 98 14 12 0 69 11 3 9 13 17 53 1 35 4 97 15 43 2 50 18 75 12 57 3 99 8 59 6 99 19 43 13 81 5 44 7 29 10 84
1 53 15 53 16 52 12 24 5 45 13 11 0 46 19 72 11 40 14 53 2 60 9 46 6 10 3 1 7 34 18 78 17 14 4 24 8 25 10 78
18 95 4 92 17 84 3 54 10 85 14 85 11 23 0 95 16 1 2 42 7 96 19 77 6 21 8 82 5 43 12 72 13 98 9 17 1 48 15 12
1 35 3 30 18 43 4 67 14 15 12 6 11 17 2 72 8 14 9 74 0 49 16 60 13 42 10 12 19 51 7 3 17 42 15 53 5 78 6 62
10 20 9 9 18 71 7 35 19 39 0 74 3 9 5 73 4 26 13 60 11 4 6 86 16 52 1 89 2 89 14 89 12 95 15 60 17 98 8 23
1 97 12 64 16 19 14 22 7 30 5 99 10 1 18 67 4 27 17 26 2 2 6 76 0 95 13 18 15 59 3 46 9 61 19 7 11 93 8 81
14 4 11 64 18 19 0 87 1 2 16 78 17 56 19 47 9 35 4 13 12 90 15 28 10 21 3 46 6 42 13 35 7 47 5 4 2 14 8 59
5 57 19 2 18 21 14 95 16 80 12 98 10 46 4 54 0 88 1 2 6 62 11 96 17 25 2 6 15 58 9 68 8 88 7 90 13 73 3 34
7 40 3 56 9 31 18 26 11 69 19 36 5 92 10 74 17 64 15 79 1 85 0 30 14 62 13 92 6 14 16 33 12 63 8 21 2 42 4 28
2 20 0 90 6 64 11 50 16 97 7 47 15 60 5 18 19 28 13 75 1 29 3 95 9 41 10 55 18 26 8 30 14 60 4 46 17 42 12 2
3 99 7 26 11 74 5 85 12 56 4 52 18 31 19 92 15 98 17 83 8 57 16 7 13 62 0 39 9 81 14 1 10 47 6 27 2 98 1 66
3 15 6 13 10 97 13 89 14 77 7 68 5 2 11 66 9 32 18 97 2 91 4 53 0 66 16 54 15 64 12 32 19 56 1 72 17 4 8 31
2 96 19 91 7 96 11 62 1 94 3 88 18 81 12 35 17 75 9 93 5 62 16 52 0 13 10 56 15 29 6 88 13 93 4 50 14 82 8 36
1 68 15 76 14 86 19 68 13 15 11 83 7 29 10 30 3 7 4 44 9 7 12 13 2 20 0 33 8 99 5 26 17 89 6 42 18 32 16 54
6 64 19 15 12 14 7 14 8 83 2 28 13 71 17 13 0 27 9 98 11 60 1 94 10 37 14 83 5 78 3 13 16 70 4 12 15 59 18 56
3 3 19 90 10 10 12 38 4 61 16 31 13 40 9 18 0 80 18 13 8 81 5 60 7 17 17 37 1 20 14 97 15 58 2 37 6 67 11 4
7 11 10 64 12 93 19 12 1 55 16 80 15 6 0 35 3 43 8 31 2 77 11 44 17 99 6 55 9 64 18 75 4 53 13 71 5 99 14 8
19 68 8 37 15 10 13 29 18 26 9 72 4 93 12 53 0 50 16 66 7 83 17 39 6 58 11 46 3 63 1 91 2 94 5 78 14 61 10 60
11 83 2 66 16 33 8 70 5 82 19 99 17 88 9 36 13 69 7 35 6 67 4 9 10 45 3 8 14 74 0 20 15 61 18 20 12 96 1 67
10 97 16 52 13 76 2 23 1 14 7 87 17 27 3 50 18 82 0 23 15 69 19 78 6 36 11 34 14 89 4 77 9 99 8 72 5 62 12 93
3 17 18 27 16 22 17 50 15 33 10 80 7 27 9 28 11 83 1 8 0 51 19 93 14 40 8 73 13 32 12 14 4 20 6 42 5 88 2 4
6 67 18 30 4 85 0 97 1 62 12 11 16 71 3 27 2 23 19 47 14 8 13 55 11 67 7 4 8 5 15 54 10 38 17 98 9 90 5 86
8 25 9 46 1 95 6 77 11 83 5 50 17 1 2 78 4 23 3 55 16 96 13 83 10 27 14 3 12 63 0 62 18 72 19 91 7 74 15 76
5 85 13 40 11 97 3 80 10 76 18 36 17 76 9 4 2 12 19 29 0 42 4 43 7 39 16 15 14 70 15 30 6 55 12 31 8 80 1 30
18 80 14 83 16 78 1 88 7 99 3 92 15 87 9 27 6 93 2 12 8 65 13 81 5 97 17 42 0 45 11 76 10 79 4 89 19 92 12 35
12 48 15 50 5 36 3 62 10 18 9 5 6 82 19 80 1 92 13 59 8 51 14 49 7 97 17 81 0 17 2 97 4 41 16 48 11 7 18 63
16 1 0 46 11 16 14 38 13 47 17 91 5 95 15 82 18 1 2 13 10 90 9 37 3 72 19 84 4 38 8 45 6 30 7 95 1 90 12 36
1 53 3 61 6 70 9 24 10 24 14 15 2 53 19 43 18 37 16 13 7 9 5 43 0 31 17 72 11 30 12 18 15 90 13 33 4 57 8 87
19 50 11 90 0 78 17 99 13 85 14 9 8 68 1 23 7 46 18 22 5 54 4 96 15 94 3 44 9 63 6 17 16 31 10 40 12 72 2 60
2 3 15 35 16 31 11 84 7 65 1 37 18 49 17 36 13 7 12 30 10 90 3 79 5 6 14 96 9 17 0 68 4 56 19 30 8 3 6 45
2 17 17 14 18 37 3 48 1 23 16 2 11 80 13 24 14 32 15 82 7 44 19 82 10 43 12 94 4 54 5 10 9 11 6 32 0 87 8 89
18 84 14 23 16 83 0 88 13 99 11 50 15 8 17 90 10 94 1 99 6 8 5 9 9 77 19 67 2 87 4 63 7 19 12 78 8 41 3 71
1 6 9 22 18 93 13 33 3 40 7 97 8 33 4 42 15 13 2 83 0 89 6 12 5 86 11 81 10 16 19 9 14 27 16 98 17 65 12 21
4 94 2 56 16 70 6 13 9 50 8 13 15 36 5 52 3 1 17 85 13 69 11 47 12 32 19 8 0 70 14 32 7 62 10 17 18 3 1 84
4 13 9 90 12 54 11 82 7 5 3 77 6 35 14 7 13 16 8 98 1 92 2 39 16 8 18 85 0 45 15 1 19 2 17 99 5 33 10 78
14 39 15 79 1 59 3 27 17 81 19 51 10 80 18 24 5 89 7 41 2 50 16 50 9 95 8 42 4 73 12 69 13 11 11 17 6 66 0 67
3 40 15 74 7 93 13 55 12 44 1 46 17 34 6 90 16 90 4 16 2 36 11 72 18 94 19 78 14 82 8 42 9 42 5 45 10 22 0 74
2 71 13 67 15 38 4 17 16 79 10 17 3 16 11 29 8 74 5 55 6 83 7 24 0 33 19 18 18 68 17 82 14 97 1 24 9 94 12 83
0 32 19 75 7 85 12 70 5 88 3 94 6 75 14 16 2 24 8 74 9 3 11 14 16 43 15 74 10 82 1 57 17 37 4 89 18 85 13 58
17 65 18 40 3 98 15 17 13 18 0 65 4 50 16 60 2 70 12 97 7 34 10 55 5 50 6 95 11 97 9 77 8 39 14 69 19 58 1 74
8 13 12 81 10 76 2 29 19 40 6 29 14 67 3 77 9 14 16 48 11 49 5 84 4 16 18 35 15 6 13 63 17 59 7 86 1 39 0 46
18 98 12 22 10 69 16 66 19 13 14 63 1 42 9 85 2 15 4 21 13 72 17 19 15 75 5 38 7 82 8 97 11 95 6 11 3 21 0 81
7 75 8 37 1 63 5 31 19 72 2 23 6 39 18 35 9 57 10 78 16 25 3 64 12 8 14 94 0 55 13 21 11 11 17 85 4 26 15 89
