50 20
11 49 3 13 4 77 15 1 17 7 5 1 6 3 16 7 19 64 10 95 9 89 1 6 18 72 7 90 12 14 14 5 2 98 0 91 13 71 8 68
1 53 19 94 8 29 15 2 2 94 0 73 10 36 14 24 4 69 5 99 18 35 9 99 3 72 11 43 12 16 17 38 13 5 7 74 16 60 6 20
19 75 2 80 11 31 0 83 15 98 14 28 10 97 3 11 1 79 12 77 4 6 17 29 13 16 6 44 8 19 9 18 18 74 7 57 16 69 5 20
14 71 9 92 5 49 0 55 17 17 16 42 15 92 18 22 11 28 12 59 4 68 7 46 1 59 10 92 3 49 19 78 6 90 8 84 2 58 13 41
11 66 7 40 2 79 17 80 3 41 5 62 14 85 13 55 12 80 16 12 1 32 6 38 18 64 0 73 4 40 10 78 9 46 15 33 19 57 8 93
12 87 18 27 7 2 2 12 16 51 17 84 6 8 13 60 11 15 15 34 5 63 19 32 0 22 14 64 10 70 1 7 3 23 8 62 4 36 9 10
7 61 1 51 14 83 11 62 6 30 15 86 18 77 3 29 8 2 19 37 2 10 0 95 9 33 13 54 5 40 10 79 16 75 17 75 12 99 4 3
0 94 1 24 15 39 2 28 5 25 4 31 16 32 6 83 17 16 9 5 18 31 14 93 11 81 12 65 19 23 3 44 7 35 13 65 8 27 10 27
15 9 0 75 18 56 5 27 16 26 13 5 8 71 2 24 4 10 12 12 1 35 9 84 3 42 6 46 11 13 19 51 7 5 14 7 10 76 17 20
10 47 15 55 1 57 14 9 8 51 3 93 9 23 18 99 19 23 6 30 12 42 13 85 17 45 2 13 11 6 16 26 0 4 7 23 4 50 5 4
6 45 13 86 4 68 17 48 2 61 9 8 8 48 5 8 16 30 0 74 3 89 10 92 18 61 7 48 19 26 1 24 11 85 12 60 15 98 14 91
15 1 3 98 12 59 14 79 6 6 10 62 1 58 11 2 5 57 0 51 18 33 7 65 9 2 13 24 16 85 8 6 4 51 17 22 19 14 2 60
7 37 8 79 18 46 14 94 1 51 5 74 11 41 16 50 12 81 6 14 10 75 15 48 4 31 3 76 0 21 13 58 2 17 17 43 9 74 19 17
2 10 17 20 6 58 7 5 18 45 0 32 10 84 5 86 8 53 3 9 14 30 15 6 9 50 11 23 19 6 1 92 12 41 16 22 13 76 4 12
14 34 1 69 4 84 19 61 8 18 7 41 9 83 17 63 6 57 16 10 5 3 11 83 15 14 18 50 0 32 12 54 3 3 13 65 10 33 2 53
18 4 11 39 12 75 0 4 16 64 14 14 15 79 9 46 5 88 8 34 3 50 6 72 10 37 4 60 7 32 13 25 1 59 19 59 2 28 17 11
2 58 1 68 14 10 8 15 17 20 4 79 15 48 11 53 18 39 12 43 7 72 10 80 16 78 19 49 0 2 9 39 5 13 3 60 13 87 6 35
4 89 2 73 19 58 7 45 17 94 1 19 15 95 0 65 13 54 5 70 14 57 18 97 10 26 3 37 11 53 16 37 8 96 6 96 12 86 9 92
1 40 18 94 2 9 7 99 6 31 19 96 13 88 4 24 5 68 3 13 15 13 8 85 10 23 0 26 17 39 16 7 12 19 14 89 9 97 11 72
17 62 6 41 19 72 8 74 14 92 3 76 9 14 15 20 0 69 13 61 12 79 4 3 2 93 16 45 1 58 18 94 5 16 7 93 11 90 10 28
6 32 10 68 19 44 18 12 11 94 5 6 9 27 17 1 15 9 12 54 0 95 3 69 4 68 13 56 8 99 1 40 16 64 2 68 14 7 7 51
18 20 10 42 0 63 19 29 2 6 11 6 16 3 3 11 12 52 8 88 7 86 15 8 17 31 1 43 4 81 9 14 6 98 5 1 13 39 14 34
14 74 17 81 18 54 8 51 5 25 16 79 7 38 19 33 2 72 10 77 6 21 15 72 4 67 3 30 0 26 13 40 11 32 1 54 12 72 9 39
10 67 2 48 19 57 1 92 13 62 6 76 11 29 0 3 15 97 7 12 5 41 14 86 16 44 9 69 3 64 12 23 8 96 4 24 18 11 17 64
5 18 2 10 6 40 0 28 15 89 4 14 9 87 16 17 14 77 7 20 17 58 19 10 13 75 8 99 1 58 12 27 11 65 10 6 18 84 3 12
0 86 9 85 15 39 16 84 14 67 13 4 5 96 10 72 2 36 17 38 18 54 8 23 7 1 4 19 12 73 6 53 11 35 19 59 1 74 3 79
10 27 18 6 14 70 7 53 9 20 11 92 3 15 19 90 8 65 12 40 1 63 2 76 0 33 6 5 13 83 17 8 16 88 4 60 15 64 5 56
8 88 2 77 17 84 9 6 13 6 7 51 19 92 6 94 1 82 16 11 5 26 3 93 18 76 11 68 4 22 12 61 0 9 10 45 14 79 15 19
4 8 15 14 0 55 12 85 6 22 18 57 7 4 3 77 19 42 10 4 11 96 1 29 13 52 5 21 14 82 9 15 16 80 8 49 2 8 17 79
6 16 0 58 5 72 11 15 3 59 14 30 8 61 7 95 1 43 4 25 19 61 10 87 16 25 15 2 2 4 12 63 18 58 17 73 9 10 13 93
12 1 2 17 18 4 19 73 7 21 11 35 10 48 6 4 9 80 13 10 1 54 8 30 16 33 5 11 3 22 0 72 4 67 17 55 15 19 14 22
18 94 1 59 14 33 15 94 10 79 9 70 0 50 2 51 6 69 16 52 17 40 7 4 8 68 19 68 3 15 12 92 5 2 13 31 11 43 4 90
14 40 1 34 0 99 4 21 12 89 6 34 2 68 8 31 7 67 15 47 16 38 18 14 19 13 13 61 3 14 5 31 9 61 11 27 10 54 17 59
15 17 18 42 5 52 8 93 10 80 2 83 17 52 16 90 13 35 12 83 6 31 0 80 3 86 4 69 7 67 9 1 19 30 11 5 14 13 1 77
16 16 2 12 0 72 15 30 12 44 3 92 1 76 19 3 7 84 5 68 4 30 11 36 13 17 18 67 6 42 8 8 10 97 17 26 14 48 9 57
18 79 13 46 16 34 4 55 11 93 15 34 2 87 9 24 19 63 7 3 8 70 17 99 3 90 1 8 12 34 14 65 5 88 10 67 0 3 6 1
7 45 2 77 15 86 1 7 11 21 3 87 5 63 17 1 13 72 6 73 8 91 19 53 9 34 0 83 14 19 12 93 10 71 16 48 18 50 4 87
14 90 2 40 3 48 0 34 13 53 16 24 1 78 4 88 6 30 7 54 15 17 8 61 18 71 17 61 10 83 19 24 12 34 5 88 9 15 11 85
16 1 18 79 5 86 15 13 17 43 3 99 7 43 2 30 1 91 12 5 13 21 11 69 10 76 14 6 19 1 9 38 6 96 8 3 4 83 0 96
13 53 4 1 12 39 5 50 6 63 14 56 10 52 18 6 3 25 8 86 15 5 9 69 17 96 11 55 2 18 19 58 7 77 16 31 0 7 1 24
10 18 18 61 0 29 19 17 1 41 13 39 11 96 3 79 17 57 7 51 2 86 9 51 16 41 5 16 6 76 14 9 8 62 4 76 12 12 15 80
11 21 1 20 10 31 12 38 7 53 19 22 8 13 16 15 17 92 6 41 9 80 14 67 13 45 18 65 3 78 4 61 2 53 0 56 5 20 15 41
17 71 8 14 7 25 18 96 3 39 5 93 1 5 2 58 4 53 15 99 0 78 9 28 14 4 16 18 6 63 11 19 13 66 12 32 10 67 19 67
10 80 13 29 5 21 14 42 1 44 0 88 12 15 17 13 6 71 18 30 16 12 8 15 9 88 15 92 7 57 4 36 11 82 2 82 3 24 19 83
18 95 13 99 7 97 19 87 17 24 16 59 3 36 2 1 6 67 14 83 8 16 12 6 5 96 15 2 10 70 11 91 4 61 9 96 1 12 0 55
1 29 3 10 12 71 9 75 6 96 16 88 0 39 5 55 19 77 7 31 4 74 14 88 17 41 10 59 15 47 13 68 2 66 8 64 11 11 18 16
3 36 14 7 7 24 18 16 17 59 10 75 13 23 15 71 0 35 11 50 16 98 1 13 2 70 19 16 8 8 4 62 12 41 9 13 5 97 6 13
6 59 14 24 16 2 9 20 1 43 7 49 2 84 8 20 0 78 19 70 18 45 12 66 5 42 17 80 10 2 4 84 15 26 11 81 13 22 3 99
18 59 12 35 4 8 11 94 16 58 9 35 5 6 1 10 13 41 19 18 6 36 17 26 15 61 7 74 10 48 3 67 0 67 8 11 2 55 14 36
18 40 4 72 11 99 17 19 8 91 3 80 13 76 6 65 5 37 9 88 2 89 16 20 19 31 12 8 14 59 1 7 0 91 15 61 10 52 7 54
