50 20
6 93 11 32 1 54 17 39 15 91 19 86 10 75 18 30 4 54 3 6 12 32 7 72 0 17 9 63 13 60 16 16 5 81 2 70 14 46 8 23
10 88 7 34 19 87 11 91 6 62 12 73 0 88 5 44 13 76 17 78 2 91 16 18 8 46 9 16 4 1 1 27 15 67 14 91 18 25 3 27
19 86 10 42 3 3 0 42 6 2 14 49 4 76 9 69 18 27 7 88 11 12 13 31 17 23 8 87 12 41 5 91 2 36 1 71 16 2 15 53
1 46 13 85 4 4 11 6 10 73 18 78 0 25 17 49 9 65 6 51 15 10 19 45 14 80 2 25 7 43 12 31 16 94 5 45 8 97 3 65
8 75 4 68 17 17 18 58 5 62 3 34 12 66 2 50 13 66 19 29 14 38 11 74 10 77 1 2 6 66 0 35 16 93 15 63 7 42 9 30
16 69 9 28 18 10 15 78 0 92 17 5 1 45 10 82 12 24 2 24 14 6 19 11 13 95 11 65 8 46 6 14 7 77 3 96 4 60 5 40
8 54 5 27 18 47 16 31 2 63 9 54 19 76 7 37 13 61 1 9 10 71 3 35 6 51 17 44 14 51 15 51 4 40 12 41 11 36 0 86
4 95 9 50 16 86 8 85 14 7 13 22 1 64 11 46 10 53 7 72 18 9 2 52 5 59 15 16 3 90 6 56 12 77 17 1 19 79 0 3
15 56 2 86 6 10 1 39 3 76 17 56 4 96 0 6 5 75 12 24 14 72 13 63 16 44 11 88 18 67 10 44 7 9 19 20 8 50 9 29
18 58 16 50 14 39 11 26 0 72 19 75 17 35 8 15 5 65 4 42 10 13 13 90 9 68 12 94 15 41 3 39 1 85 7 84 6 57 2 18
18 12 11 23 17 73 9 37 8 92 12 36 1 72 6 73 14 40 5 23 15 4 2 32 0 47 13 66 3 45 16 90 7 63 4 41 10 44 19 18
4 73 16 23 13 39 12 25 5 60 3 73 1 43 11 29 2 8 7 83 0 71 19 68 8 48 6 19 10 21 14 31 9 90 18 62 15 86 17 74
8 71 2 96 0 25 18 31 19 12 13 83 4 60 3 55 17 83 1 9 11 30 14 53 12 72 9 4 7 21 15 73 16 28 10 9 6 25 5 10
19 69 13 70 7 16 6 40 3 23 11 78 14 37 0 74 9 75 5 36 4 78 2 10 1 66 8 29 18 6 10 31 16 25 12 41 17 84 15 27
19 67 10 84 1 83 13 7 7 92 12 40 16 55 3 82 11 17 4 25 15 59 9 40 8 70 2 50 5 76 17 52 14 6 0 25 18 92 6 54
0 86 3 37 7 18 15 3 19 89 11 34 9 34 12 61 18 48 4 97 1 21 5 23 6 9 16 73 13 34 8 25 14 55 2 4 10 18 17 50
6 31 3 75 17 53 2 33 9 43 4 7 14 24 13 90 19 91 1 92 18 15 16 43 15 85 10 70 5 91 8 25 7 20 12 4 0 30 11 22
17 64 15 11 2 77 3 84 4 86 12 7 9 13 0 90 11 76 18 57 5 42 8 13 10 69 7 38 6 96 19 93 14 5 1 8 13 3 16 58
19 49 4 71 11 94 3 70 8 89 12 39 0 36 16 72 7 15 18 74 10 14 6 22 2 97 9 86 15 17 5 79 17 93 1 43 14 82 13 88
17 88 15 19 16 61 14 16 18 32 3 4 8 44 9 6 1 66 7 76 12 90 13 6 2 21 19 62 4 20 11 23 0 34 10 39 5 69 6 33
10 38 4 73 15 16 14 6 1 38 17 46 11 60 12 33 3 39 16 36 8 14 7 72 5 37 2 64 18 14 0 6 19 65 13 89 9 64 6 2
17 19 4 74 7 97 0 2 9 45 16 27 2 23 3 2 18 66 15 29 5 11 12 65 8 43 14 29 19 88 10 71 1 96 13 2 11 3 6 23
4 37 14 74 2 84 11 65 12 33 3 60 6 59 17 83 7 10 13 71 15 85 9 80 19 26 5 10 18 3 16 57 10 68 0 89 1 96 8 11
8 52 9 99 6 38 3 4 14 46 19 95 2 48 13 35 18 81 0 19 16 25 17 67 5 38 11 33 4 56 1 51 15 38 10 83 7 54 12 36
5 82 1 67 11 93 17 83 14 68 10 23 16 32 3 39 12 40 8 69 4 62 6 19 15 30 2 49 9 73 13 17 19 80 18 38 7 58 0 72
16 60 4 66 0 6 2 28 3 78 18 11 9 61 1 85 15 49 19 3 5 99 11 92 8 72 7 75 12 45 6 23 14 41 17 44 10 85 13 70
12 5 10 56 0 49 11 60 18 79 3 28 4 7 8 67 5 3 19 56 1 48 17 97 16 1 9 85 14 52 7 2 13 64 6 8 15 19 2 18
9 3 0 45 3 60 13 49 8 26 17 98 4 4 18 32 12 78 15 96 16 50 6 30 5 80 10 64 19 36 14 22 2 18 7 10 1 63 11 19
14 17 17 41 19 87 8 43 15 97 16 66 7 89 11 69 5 35 18 45 10 47 3 20 0 16 12 28 1 75 13 22 2 6 9 23 4 96 6 46
11 43 1 45 16 97 4 31 18 94 3 39 15 20 14 42 2 61 0 4 13 78 9 40 19 69 8 93 7 35 12 60 6 69 5 65 17 10 10 71
11 58 6 22 12 28 14 57 1 94 15 42 3 76 16 31 13 92 8 3 0 8 9 44 19 75 18 82 7 4 10 7 2 62 17 33 4 25 5 8
19 32 0 72 3 51 13 30 14 18 15 45 17 75 16 84 10 50 2 14 11 46 9 83 8 95 5 36 7 34 18 49 4 41 6 27 12 62 1 94
12 75 16 58 19 22 18 72 8 10 6 53 13 58 17 77 14 90 5 22 7 41 4 42 2 80 1 84 9 89 10 1 15 96 3 34 11 6 0 47
16 14 3 30 7 45 6 8 9 83 14 40 2 64 8 66 0 77 10 87 12 26 13 85 11 59 18 57 5 56 1 56 17 48 15 24 4 6 19 26
0 86 3 93 8 77 5 89 1 70 10 74 14 74 12 54 6 7 11 59 19 45 9 88 15 45 4 52 17 5 16 6 7 80 13 46 18 87 2 56
19 63 10 53 15 32 14 96 13 87 18 8 17 42 0 32 11 11 8 44 12 29 4 57 5 42 6 48 1 63 3 26 16 83 9 82 7 27 2 35
5 49 1 96 15 56 19 93 2 67 8 40 10 32 4 42 3 91 0 35 18 98 11 15 9 89 14 52 17 27 16 44 12 53 13 85 7 31 6 87
3 90 14 19 19 50 9 28 17 97 13 69 7 32 6 92 2 96 11 33 10 87 5 92 12 88 18 86 1 92 8 72 16 80 0 19 4 55 15 44
5 14 17 20 4 5 13 95 9 19 8 9 16 25 12 83 14 12 3 55 18 31 7 24 0 25 1 5 2 57 15 63 10 73 11 97 19 54 6 47
8 21 19 94 9 8 0 15 17 90 12 31 6 31 7 63 15 44 13 84 4 48 18 42 2 88 3 61 1 16 16 33 14 53 5 28 10 78 11 20
11 35 5 35 1 26 13 39 10 37 15 19 2 35 4 38 3 5 9 31 19 6 14 44 17 81 7 68 16 50 12 75 0 57 8 60 6 39 18 68
10 2 17 57 12 68 13 14 6 65 4 92 7 19 8 9 1 45 16 37 18 90 9 88 0 32 2 8 11 32 5 93 15 34 19 9 14 98 3 64
8 91 12 44 14 96 1 41 3 6 5 63 17 41 15 96 4 25 9 55 10 46 6 13 11 43 2 20 13 52 7 80 18 67 0 8 16 2 19 12
16 73 13 63 8 53 6 11 9 39 17 34 12 38 0 31 10 33 3 89 18 3 7 3 19 78 2 59 1 11 14 52 4 47 5 60 15 53 11 55
15 73 16 85 10 99 11 59 14 63 5 89 18 75 1 25 4 93 3 22 13 1 17 89 0 57 7 97 8 15 12 3 9 54 6 18 2 65 19 96
16 85 17 22 12 99 2 49 10 91 9 68 0 34 8 21 4 58 5 86 19 83 3 22 13 88 15 2 7 64 1 30 11 49 14 47 18 2 6 68
17 47 16 97 11 11 5 53 6 99 15 22 13 33 10 78 12 79 9 69 4 14 2 23 14 34 1 55 8 87 3 37 0 51 18 37 19 90 7 14
11 70 13 36 8 54 5 14 0 1 19 30 18 10 2 83 10 42 17 29 1 91 3 35 16 55 12 43 15 20 4 5 9 11 6 5 14 9 7 44
18 8 11 94 17 43 4 21 2 20 3 82 1 94 16 66 14 75 13 5 5 47 0 67 12 57 6 95 7 11 15 13 8 72 10 8 9 22 19 79
4 18 9 27 13 92 6 25 12 30 10 21 19 5 16 29 15 61 1 23 2 73 3 66 11 49 5 72 18 50 8 41 14 27 7 36 17 89 0 41
