50 20
3 76 14 89 2 91 12 8 19 40 4 35 13 21 6 45 9 51 7 5 11 63 1 43 18 27 8 13 0 43 15 14 5 90 17 81 10 78 16 10
4 84 5 85 9 9 16 45 2 18 15 87 11 62 3 14 8 95 17 56 14 5 6 11 12 8 7 3 1 32 19 20 18 89 0 18 10 10 13 36
5 95 16 64 10 92 7 55 4 84 13 65 11 93 19 12 8 73 6 10 18 61 3 18 1 14 9 31 14 55 12 72 17 25 0 94 15 35 2 61
8 55 0 69 4 20 1 15 9 11 12 39 15 66 16 67 17 34 2 16 11 7 18 28 3 83 10 36 13 75 6 31 19 59 5 65 14 91 7 94
14 51 17 11 6 67 9 95 12 66 2 40 7 69 4 75 18 48 5 38 19 7 8 12 11 47 10 99 13 16 1 47 0 79 15 96 3 53 16 52
1 22 15 39 13 83 19 62 17 13 5 69 18 3 7 90 16 28 14 67 11 92 8 54 6 73 9 45 0 70 10 60 3 38 4 34 12 3 2 78
9 41 19 24 5 47 17 91 2 26 7 61 14 40 12 37 1 97 0 38 4 2 18 21 6 25 10 93 3 29 16 33 13 81 8 2 15 15 11 16
0 22 9 91 15 93 2 56 13 47 4 92 11 61 3 29 16 45 19 56 1 63 6 2 10 99 7 33 14 60 5 29 8 75 12 32 17 79 18 14
19 80 6 89 7 57 15 76 18 3 0 3 2 34 9 86 1 49 3 25 4 56 16 39 14 87 13 79 12 67 11 68 17 82 8 37 10 5 5 32
8 45 13 37 2 11 4 27 12 34 18 94 15 55 19 14 9 89 3 75 7 61 14 68 1 4 11 39 0 50 10 52 17 28 5 57 16 15 6 55
9 77 13 26 17 2 6 94 0 23 5 80 12 86 10 69 1 13 3 11 15 34 18 34 8 98 14 47 7 21 2 93 4 85 16 12 19 9 11 79
3 21 17 89 18 17 1 21 4 46 16 46 13 93 9 57 12 20 0 21 11 56 15 36 14 26 19 36 10 41 8 76 2 36 7 68 6 75 5 50
15 58 5 90 2 33 12 34 19 65 16 76 9 41 17 33 3 35 8 51 4 55 18 16 14 71 1 7 11 74 6 23 13 35 0 60 10 80 7 40
1 42 17 65 4 70 13 29 14 78 3 84 16 3 0 30 9 97 19 65 7 5 10 74 5 96 8 64 11 48 15 2 18 98 6 42 12 42 2 85
12 9 3 76 6 73 10 71 15 92 19 2 5 47 2 69 9 28 8 39 4 50 7 97 17 95 16 73 18 58 0 49 1 12 11 83 14 45 13 40
8 8 9 2 2 89 4 45 17 44 6 63 10 44 5 97 12 24 1 9 15 11 19 27 18 27 14 41 7 74 16 77 0 72 11 27 3 69 13 50
8 26 18 25 10 46 3 49 16 71 14 41 9 67 1 30 5 34 19 13 15 21 7 95 13 50 0 6 2 2 12 19 6 12 17 80 11 12 4 75
10 11 0 55 16 25 8 5 4 38 9 58 12 57 18 53 3 78 15 19 5 5 11 74 1 86 7 7 6 49 17 99 13 35 2 59 14 38 19 46
19 28 7 4 18 59 1 56 17 82 4 69 10 63 13 18 15 45 12 7 11 80 16 68 5 53 0 34 2 32 14 16 8 73 3 77 9 9 6 5
8 50 17 81 5 67 4 33 14 50 1 50 19 49 15 19 9 19 18 13 7 52 13 94 11 27 12 81 2 60 6 33 10 18 16 36 0 42 3 63
9 34 5 74 12 1 11 13 8 17 19 40 0 14 1 48 6 55 17 72 10 74 2 91 14 30 3 93 18 17 15 14 7 43 16 12 4 19 13 8
5 17 19 7 8 20 18 80 12 32 14 91 7 93 0 68 15 86 4 18 1 16 13 30 3 62 16 18 6 85 17 65 2 39 11 13 10 29 9 45
0 66 1 63 17 61 15 66 12 73 11 75 16 45 18 31 14 35 7 61 4 52 5 61 2 10 9 53 19 94 10 70 8 57 13 14 6 50 3 27
15 85 7 46 16 11 0 54 6 37 2 69 11 8 13 80 4 85 1 42 14 2 19 95 9 31 12 80 17 55 5 83 10 86 3 2 18 1 8 63
2 36 13 94 8 22 16 37 12 39 11 82 0 7 17 48 4 90 1 66 10 92 3 20 6 14 7 74 18 62 15 4 5 23 19 53 9 93 14 86
4 52 10 32 0 13 14 39 6 84 1 64 5 26 3 22 15 22 13 71 9 57 8 79 16 84 17 74 2 70 12 80 18 55 7 74 19 5 11 1
18 32 7 87 16 12 10 20 8 68 0 15 11 21 9 44 1 9 4 48 13 39 14 62 3 62 2 63 17 64 12 16 6 40 5 15 15 28 19 77
0 20 5 59 18 68 16 6 12 41 13 90 14 52 11 96 10 42 15 94 8 24 6 37 1 14 19 82 17 55 2 8 7 16 9 24 3 48 4 44
6 28 19 6 17 77 3 16 9 15 4 87 11 97 7 46 18 12 10 20 13 42 5 24 15 41 2 29 12 47 16 71 1 93 8 75 14 42 0 19
10 55 1 65 8 95 13 57 18 27 7 14 19 54 2 73 5 27 11 53 12 63 4 18 14 79 15 42 3 92 6 83 16 71 9 64 0 3 17 61
15 93 14 99 10 67 17 73 9 97 12 51 2 69 8 50 16 66 3 40 0 80 4 34 19 11 6 29 11 57 13 27 7 76 5 62 18 95 1 24
15 74 16 50 5 20 6 44 13 38 17 81 12 16 19 37 2 73 4 6 18 19 3 95 7 78 1 29 14 57 9 94 10 65 11 42 0 90 8 24
15 33 4 41 13 48 2 53 3 8 9 67 1 73 19 80 8 72 12 77 10 82 17 2 0 21 7 66 6 55 11 24 16 82 14 52 18 45 5 25
3 48 4 79 12 52 0 52 10 82 16 34 7 76 2 52 11 59 9 5 14 62 5 60 1 56 6 52 18 4 17 46 8 16 13 47 19 23 15 73
5 94 7 33 15 1 6 52 1 35 17 63 3 39 18 80 12 80 14 99 4 57 11 47 9 48 2 53 13 81 19 57 8 66 10 51 16 29 0 79
16 68 12 19 5 28 6 63 11 25 14 71 2 31 8 34 0 92 3 71 10 96 19 29 1 23 9 97 4 84 13 9 15 15 17 72 18 26 7 94
8 67 5 3 17 72 13 65 0 62 18 35 19 22 15 88 9 32 3 87 6 38 4 95 7 49 11 68 16 38 12 36 1 42 10 3 14 88 2 33
3 66 8 14 14 12 5 69 2 87 15 89 1 84 0 90 17 26 6 6 4 95 11 93 9 62 19 4 10 41 13 57 18 80 12 71 16 34 7 50
11 9 0 90 10 30 17 75 8 27 16 74 3 80 9 55 7 42 1 90 12 28 4 79 19 93 5 41 13 22 18 68 15 92 14 36 2 83 6 15
18 76 11 97 10 14 13 28 1 94 17 28 14 54 12 2 8 82 0 59 6 69 3 19 15 64 2 56 4 66 19 65 16 90 7 39 9 99 5 74
12 63 2 79 0 98 10 28 19 23 8 53 17 16 13 6 16 62 4 27 15 41 3 53 18 89 7 50 1 74 9 58 5 27 11 21 6 98 14 90
15 80 6 3 7 4 13 67 11 56 2 53 0 23 9 1 3 75 19 15 8 74 17 20 1 59 10 20 14 74 12 49 18 44 5 38 16 5 4 9
4 71 12 48 2 49 1 47 18 77 13 20 0 93 17 60 19 43 10 70 9 37 3 35 16 67 11 64 14 92 15 85 6 36 7 95 5 97 8 31
7 39 15 60 9 37 12 14 4 67 3 94 17 23 13 40 18 1 14 25 8 86 16 11 6 12 5 27 2 17 1 61 19 96 11 82 0 3 10 67
8 62 1 6 10 25 17 63 16 15 13 40 3 24 7 96 14 47 2 12 0 7 4 86 19 46 11 79 9 57 18 61 5 8 6 45 12 94 15 38
7 25 5 39 17 54 18 26 3 54 11 4 0 87 19 24 1 72 13 66 16 68 10 4 8 53 15 38 6 3 9 82 14 14 12 74 2 49 4 10
18 28 11 99 2 14 1 43 16 26 6 80 7 96 3 47 4 4 0 28 5 43 17 41 12 7 13 70 10 86 15 77 8 84 14 37 9 36 19 69
3 37 5 67 11 20 1 27 14 41 18 30 12 66 9 59 4 64 2 88 16 37 6 46 10 74 7 56 15 52 13 47 0 37 17 24 8 24 19 64
13 20 2 52 4 89 10 87 11 62 3 36 18 49 16 96 15 3 9 78 6 57 5 89 1 72 7 78 12 4 19 10 14 56 17 77 0 14 8 45
17 57 6 16 8 93 3 13 11 6 1 90 9 56 12 88 5 34 0 34 19 91 10 81 14 21 15 11 16 67 18 78 4 90 7 57 2 25 13 88
