50 20
2 73 7 76 9 13 1 9 10 98 14 84 11 1 6 85 3 52 12 26 16 54 5 97 15 59 18 90 17 53 13 67 0 76 19 50 4 97 8 68
17 62 1 70 4 69 0 97 3 54 6 59 18 68 9 30 7 41 8 44 13 4 19 23 15 35 14 2 16 45 2 8 5 99 10 64 11 72 12 2
16 32 12 53 19 84 13 98 7 19 11 98 8 27 9 83 14 79 3 76 18 81 2 60 4 99 0 86 17 41 10 69 5 26 15 37 6 77 1 65
7 24 0 81 3 74 17 46 6 48 13 57 2 76 14 87 16 16 5 11 18 38 15 66 19 44 4 19 1 24 9 40 11 61 8 38 10 25 12 14
9 23 3 14 10 11 1 72 7 47 15 70 14 14 11 81 0 58 6 99 13 42 5 98 12 28 18 91 16 39 4 39 17 44 2 21 8 79 19 45
13 56 2 75 10 93 18 29 5 75 15 59 4 60 0 98 9 16 19 88 6 66 11 53 16 14 14 36 17 53 7 26 8 78 3 35 12 42 1 3
18 13 11 97 6 39 17 37 7 86 19 99 4 21 16 61 9 35 12 62 2 81 10 45 13 79 1 67 5 82 14 30 8 53 0 13 15 16 3 98
16 74 13 93 11 10 6 91 5 30 3 9 4 26 8 52 18 42 9 48 15 18 2 2 19 17 1 38 7 41 10 47 0 31 12 65 14 46 17 14
19 83 1 52 5 86 8 73 10 56 17 75 2 23 15 15 9 3 12 56 18 40 0 22 16 81 6 51 13 60 11 45 7 85 4 16 14 97 3 95
12 98 0 3 16 92 5 43 9 72 10 13 13 97 6 31 19 46 15 77 7 88 1 64 3 58 8 60 2 87 11 23 14 4 18 85 4 23 17 23
17 19 6 64 10 24 15 31 16 49 0 50 14 84 5 22 11 93 2 8 1 40 19 95 9 51 4 85 3 3 18 90 7 18 8 51 13 5 12 59
19 73 15 29 0 72 3 21 5 65 10 3 8 89 7 27 18 72 12 68 9 42 11 41 17 21 1 99 16 43 6 9 2 55 14 42 13 74 4 41
13 29 15 53 10 64 6 60 2 36 8 70 11 32 4 71 14 88 0 58 5 17 17 71 3 10 7 94 9 65 18 10 16 30 19 12 1 97 12 24
15 70 18 91 16 11 13 30 14 84 9 66 11 48 0 16 5 91 19 4 7 84 12 38 17 11 2 38 1 25 4 86 8 48 6 87 10 19 3 34
19 58 11 91 16 40 7 91 18 20 15 39 0 77 12 18 9 44 17 35 6 13 8 92 4 16 2 78 14 15 13 84 1 38 10 33 5 29 3 26
2 56 8 87 11 6 10 25 12 69 7 78 1 26 17 34 0 14 9 3 6 4 16 42 18 82 5 17 13 34 19 90 4 14 14 6 15 69 3 39
10 48 17 98 11 82 0 31 2 3 14 53 1 27 12 98 4 58 9 38 18 37 13 80 15 94 7 74 8 8 16 20 19 31 5 92 3 17 6 53
17 71 1 17 5 22 12 89 6 26 11 21 8 88 10 27 15 38 7 28 0 13 19 30 3 99 4 9 13 10 2 80 18 2 9 79 14 25 16 12
19 76 18 87 3 19 9 80 14 27 5 78 16 63 8 21 4 45 12 65 10 93 13 26 2 83 17 58 11 30 1 56 15 79 7 61 0 50 6 72
4 20 14 68 0 99 16 23 12 97 15 66 10 91 11 31 9 79 8 27 18 96 17 29 13 96 19 95 6 30 3 53 2 2 1 68 7 83 5 58
15 1 0 35 4 41 19 39 11 41 16 53 9 18 13 66 10 97 1 16 2 90 17 80 12 68 8 12 14 45 7 22 18 38 3 16 6 67 5 85
4 96 17 88 13 90 14 90 11 26 10 98 19 48 15 36 12 71 2 6 9 75 8 13 18 93 1 64 0 59 16 91 7 92 6 93 3 30 5 63
14 27 17 9 8 56 4 14 16 24 6 19 7 77 19 84 9 69 3 9 13 83 0 75 18 27 11 3 2 5 15 47 5 62 10 22 12 21 1 51
16 89 7 80 9 21 17 25 0 78 13 84 8 57 12 32 4 6 3 51 6 3 11 65 10 47 14 68 15 53 2 59 18 68 1 44 19 21 5 77
8 96 11 5 14 15 7 58 17 55 1 34 10 45 9 93 6 81 18 80 0 10 4 51 12 88 3 57 2 21 16 14 5 86 19 46 15 19 13 30
19 47 7 46 10 90 0 82 2 95 3 84 1 12 16 75 4 34 18 36 5 70 13 15 15 43 17 57 9 54 12 28 11 75 8 6 6 11 14 78
19 89 18 36 1 22 11 73 15 39 12 91 10 81 14 90 0 74 13 66 4 97 5 36 8 96 16 69 6 48 7 78 17 31 3 32 9 70 2 46
0 31 7 92 12 19 17 40 1 85 4 52 16 12 11 55 8 75 10 3 5 17 14 14 18 11 13 44 19 87 2 86 6 43 9 19 3 82 15 98
17 80 14 70 9 55 7 96 10 7 2 16 3 95 12 50 0 86 8 31 18 52 4 26 19 76 6 80 11 32 15 44 1 4 13 81 16 87 5 25
10 99 8 37 18 43 15 54 6 61 19 72 0 15 14 73 13 97 12 29 7 50 16 64 17 76 2 75 3 94 5 82 1 54 11 64 4 84 9 42
10 57 11 21 18 57 7 62 6 79 2 99 1 60 5 74 4 84 19 50 12 58 17 84 8 47 9 6 15 68 14 36 0 61 13 66 3 86 16 94
4 82 0 25 3 72 7 49 10 32 8 1 5 83 11 96 12 8 16 6 9 7 14 74 17 82 6 89 18 72 2 67 19 68 15 42 1 54 13 84
2 52 18 62 4 23 17 10 7 65 1 39 19 71 10 57 13 90 14 70 12 80 3 89 6 54 0 19 8 76 11 75 5 96 16 55 9 53 15 16
9 78 6 51 13 49 16 51 15 65 1 44 19 18 14 13 12 78 4 35 0 80 2 15 11 90 8 29 5 50 7 87 17 6 18 54 10 5 3 15
9 29 4 85 11 15 8 45 0 65 15 75 3 74 6 68 2 9 17 68 16 46 1 95 18 89 14 24 10 51 13 5 7 50 12 88 19 15 5 1
7 74 3 47 17 50 14 66 11 27 8 4 5 54 4 47 2 58 6 31 1 5 16 28 9 88 10 53 0 50 12 41 13 20 18 74 15 37 19 63
4 62 2 42 16 98 18 37 3 22 7 50 9 41 15 43 5 40 14 15 19 79 8 37 6 44 17 54 0 91 12 51 13 28 10 7 11 33 1 59
18 19 2 62 13 51 16 34 15 44 9 89 0 66 17 74 11 73 10 73 1 91 3 35 12 81 19 95 6 91 14 71 4 81 7 5 8 49 5 68
2 39 3 79 5 51 15 90 9 67 16 87 11 15 0 33 18 57 17 44 8 77 7 16 10 42 4 74 6 92 1 11 13 4 14 36 12 18 19 3
7 17 10 37 18 96 17 33 0 2 16 37 12 60 13 74 14 45 6 98 2 45 11 96 1 30 19 84 8 75 5 51 3 78 15 29 4 29 9 44
16 33 8 53 1 16 14 25 12 43 0 85 3 41 9 27 19 9 4 91 11 41 2 94 7 32 17 5 10 14 15 74 18 76 5 55 6 52 13 99
12 39 8 64 11 3 1 69 19 88 13 21 9 86 6 2 0 70 5 8 16 89 18 4 2 73 7 43 10 49 3 27 4 53 17 96 15 72 14 25
3 77 4 67 13 61 1 69 19 66 8 15 16 54 10 43 5 53 18 93 6 2 12 48 14 35 17 91 2 93 7 92 9 62 15 89 11 36 0 19
7 57 13 10 1 92 16 81 12 73 15 4 9 89 4 1 2 98 5 2 0 84 10 81 14 6 6 41 18 65 8 39 17 17 3 24 11 61 19 77
10 83 6 88 0 62 11 56 1 33 19 80 8 44 16 85 2 82 3 26 7 14 4 89 18 58 13 97 9 13 14 95 17 81 5 98 12 13 15 64
2 58 1 74 13 61 10 66 0 42 3 61 14 73 4 58 5 17 12 66 6 58 8 34 19 53 17 49 16 45 11 84 18 65 15 83 9 95 7 80
16 47 6 9 1 57 3 25 12 89 10 67 9 59 5 7 4 51 17 27 19 21 8 23 0 33 2 26 7 73 18 3 15 5 11 37 13 10 14 21
2 33 18 98 11 55 9 17 12 26 14 32 17 80 19 52 15 78 16 24 7 54 3 84 13 92 1 84 0 66 4 49 6 26 8 93 5 30 10 17
2 79 4 15 0 7 15 88 17 86 1 9 11 50 5 7 10 12 9 34 19 51 6 22 13 2 18 70 12 62 16 47 7 40 3 72 14 89 8 98
10 13 5 50 2 30 19 55 7 70 3 98 15 5 9 99 18 79 1 51 6 78 8 64 17 25 0 74 4 46 13 1 11 31 14 40 12 58 16 5
