50 20
14 34 3 69 9 9 13 49 1 97 16 97 15 59 12 25 18 51 2 76 10 98 7 65 17 37 6 56 11 43 4 54 8 52 0 1 19 6 5 70
8 27 6 25 16 77 0 67 2 60 18 72 7 7 17 78 4 73 1 80 10 86 19 59 11 74 12 37 14 17 5 83 9 49 15 11 3 97 13 18
2 74 9 70 6 48 15 91 7 36 16 27 10 56 14 82 12 99 1 83 13 53 11 80 18 52 5 50 8 20 17 44 3 8 4 33 0 61 19 19
11 42 6 97 14 88 16 77 4 61 3 49 1 18 2 45 9 69 7 46 12 82 10 22 17 56 0 58 8 39 13 15 19 62 15 33 18 49 5 70
14 60 5 18 2 89 19 82 17 64 3 11 10 99 18 29 8 23 16 4 0 52 11 74 6 94 12 21 7 20 15 94 1 86 13 47 4 94 9 79
18 81 13 59 8 56 10 5 14 99 4 22 16 15 3 7 19 70 15 47 17 28 12 58 11 95 5 67 2 49 9 45 6 42 0 23 7 51 1 63
11 12 9 22 4 3 3 89 1 14 18 74 16 45 8 34 10 18 14 52 15 75 12 66 0 51 13 81 6 64 7 43 2 29 5 42 17 80 19 35
14 5 12 7 3 21 17 61 13 49 2 11 19 76 18 10 6 28 10 75 11 46 1 91 4 76 15 22 5 9 9 64 8 66 7 96 16 42 0 12
12 9 0 73 17 58 4 77 1 45 7 91 8 53 18 54 10 58 6 54 2 78 14 18 11 97 5 34 9 23 15 95 19 47 13 16 16 94 3 45
14 52 0 24 12 44 13 21 17 72 4 93 16 67 2 74 6 18 19 95 5 72 9 96 7 73 8 66 10 78 18 50 1 96 15 40 11 63 3 86
14 15 1 12 6 57 4 3 19 83 15 90 12 61 0 81 17 31 13 98 11 46 8 59 9 17 5 63 3 70 10 73 7 97 16 76 18 45 2 95
19 36 2 42 16 34 3 2 17 29 0 55 5 98 12 29 10 31 7 6 6 89 14 49 11 16 18 24 9 32 1 80 4 62 8 30 13 72 15 73
6 61 16 20 3 51 10 35 17 95 18 55 8 86 5 14 2 95 13 23 1 11 19 69 15 77 4 61 7 46 14 39 0 25 12 45 9 13 11 2
9 1 7 49 3 89 6 8 14 86 2 65 12 98 13 31 1 95 19 9 10 70 18 2 8 30 16 68 17 4 15 80 11 63 5 35 4 26 0 61
12 71 17 56 18 69 4 15 15 65 2 14 16 89 11 8 8 32 3 51 10 84 6 20 7 42 5 9 9 70 19 50 1 70 14 37 0 8 13 79
0 11 14 66 8 88 13 76 16 67 18 70 15 79 17 29 19 45 11 52 10 51 1 72 2 18 6 34 12 45 3 47 7 13 9 6 5 25 4 26
1 7 9 75 2 23 13 38 5 29 10 64 14 49 19 99 17 22 12 34 8 67 18 44 11 51 0 27 15 17 4 16 3 12 6 75 16 45 7 25
12 58 3 11 6 39 1 86 2 33 10 20 13 44 4 91 19 32 15 69 11 98 0 46 8 88 17 84 14 51 5 11 7 11 16 18 18 25 9 68
12 11 10 33 11 20 18 91 8 86 5 29 0 6 9 75 15 19 7 46 16 48 2 24 13 68 6 54 3 28 4 62 17 94 14 92 19 63 1 50
18 9 3 19 8 32 6 63 9 62 11 23 17 48 2 8 7 91 13 29 19 23 12 79 1 12 5 93 0 37 4 12 15 38 16 77 10 15 14 9
19 37 12 92 2 10 15 18 0 80 16 99 11 28 4 23 17 81 6 23 3 84 14 81 7 24 1 11 9 80 5 79 13 31 18 13 10 33 8 19
3 5 11 37 16 14 10 93 5 73 14 83 15 18 19 13 18 43 9 21 1 21 7 5 17 53 12 38 6 54 8 73 4 43 0 19 13 43 2 62
6 88 1 67 14 63 3 71 12 3 19 72 16 33 15 49 2 26 8 41 5 75 11 29 18 97 10 43 17 63 7 50 0 49 4 17 13 28 9 35
14 83 4 20 18 49 1 41 7 63 5 39 0 95 19 73 2 59 15 40 12 97 16 98 13 74 6 29 8 54 11 94 3 44 10 60 17 95 9 39
9 42 7 51 6 8 18 63 15 85 3 87 16 5 13 25 14 2 11 1 2 66 0 55 12 75 19 59 4 68 17 74 5 65 1 92 8 95 10 23
5 37 9 42 11 16 17 36 7 46 4 46 6 78 3 22 19 11 8 90 2 6 18 1 14 61 16 8 10 39 1 85 15 55 13 97 12 12 0 94
12 78 9 12 4 64 6 75 11 90 14 90 7 98 15 3 10 6 2 13 5 96 3 87 1 63 13 25 18 65 8 66 19 92 16 42 17 1 0 68
1 45 17 50 6 92 12 95 16 99 8 66 3 83 13 5 9 33 4 83 5 63 18 84 11 78 2 60 19 12 15 27 14 57 0 11 10 85 7 64
13 82 18 65 11 18 1 22 15 97 5 62 12 73 14 99 6 79 7 53 8 81 19 82 16 81 10 59 9 57 3 35 2 17 0 72 4 97 17 30
19 17 12 44 5 2 8 80 2 7 4 7 18 6 15 45 1 95 16 33 3 37 14 52 0 28 11 91 9 26 6 41 7 87 10 40 17 89 13 45
16 55 18 16 8 44 9 75 17 65 19 54 5 22 12 42 11 63 15 49 3 29 0 27 1 35 2 5 6 38 4 81 10 59 14 6 7 27 13 17
15 71 10 20 18 15 2 21 4 44 12 54 9 32 19 87 16 5 1 78 13 52 6 55 0 38 3 73 7 35 11 74 8 47 17 50 5 59 14 31
10 48 18 17 9 4 6 1 7 98 14 53 17 98 2 29 8 91 19 6 3 67 11 7 5 70 0 91 4 88 13 78 16 41 12 48 15 27 1 97
3 19 8 16 18 56 4 26 11 38 19 82 1 85 12 20 6 81 16 90 5 33 17 73 2 99 10 78 9 32 0 44 7 81 13 84 15 59 14 90
11 67 13 28 15 10 2 83 16 31 1 23 6 54 8 29 5 63 14 29 10 47 18 2 12 57 19 29 9 80 0 20 3 64 4 21 17 34 7 2
18 97 10 14 11 69 5 11 0 16 3 70 13 47 16 72 15 32 2 19 6 59 14 13 12 25 9 53 17 29 8 92 7 63 4 61 1 37 19 99
7 51 12 81 8 62 6 19 4 56 0 32 13 11 17 23 11 48 3 52 2 94 10 87 15 63 16 7 14 40 5 64 18 64 9 59 19 79 1 37
8 91 6 37 1 92 4 1 0 65 10 68 2 34 3 77 18 11 12 12 5 18 15 44 7 31 13 57 14 72 16 6 17 30 9 91 11 35 19 59
14 7 6 38 9 86 10 94 16 98 2 73 15 67 19 22 5 8 0 12 11 37 7 60 18 19 8 60 12 27 17 80 3 31 1 17 13 64 4 88
4 99 15 15 3 88 18 29 1 90 2 15 6 87 13 10 5 91 12 23 0 16 16 58 17 44 8 94 19 77 14 29 11 57 9 46 10 10 7 10
5 63 4 79 1 27 9 11 0 59 17 47 6 14 12 79 3 26 11 24 7 71 18 7 15 52 16 94 19 8 13 52 2 88 14 98 10 55 8 88
5 4 16 96 14 31 15 68 0 35 11 33 18 38 13 86 1 8 10 95 17 73 3 93 19 49 2 6 7 66 6 27 12 70 8 81 9 41 4 65
18 11 13 79 7 66 5 29 17 61 4 35 0 71 8 65 11 33 15 90 14 17 10 8 12 43 19 80 6 71 3 91 2 97 1 23 16 58 9 37
11 87 17 91 0 26 8 43 10 98 6 12 19 54 2 72 4 80 7 18 18 46 14 15 15 27 1 70 12 87 13 96 3 7 16 2 5 69 9 62
18 9 11 63 6 18 4 21 0 50 19 10 15 49 2 93 3 60 1 54 5 14 12 24 17 23 7 65 14 35 13 35 10 51 8 11 9 32 16 45
18 14 8 91 16 14 3 95 19 23 6 16 11 12 7 38 13 12 12 96 14 9 15 86 10 99 2 77 0 3 1 70 5 40 17 57 4 68 9 79
15 91 12 45 16 73 4 36 14 46 1 95 19 92 18 87 2 51 13 6 0 18 7 20 3 94 6 80 5 64 9 24 10 28 17 17 11 77 8 54
18 55 1 50 13 92 14 2 8 24 5 10 15 87 6 49 7 34 10 63 3 36 12 64 19 28 16 1 17 18 0 93 4 25 11 93 9 58 2 78
3 51 12 59 4 92 8 73 11 2 1 6 14 57 18 32 7 58 2 70 13 53 15 46 9 54 16 76 10 91 5 26 17 72 0 1 6 55 19 55
11 64 7 92 8 14 2 68 19 8 16 61 5 7 15 60 1 78 18 70 10 94 14 47 9 53 3 62 0 44 4 43 6 29 13 66 12 45 17 84
