50 20
18 37 2 15 15 51 9 44 8 66 1 99 11 28 6 85 17 14 5 35 13 79 4 25 0 67 3 46 19 51 12 94 10 81 7 84 16 55 14 98
4 2 17 9 16 97 18 89 9 31 1 43 14 24 3 15 5 85 6 67 13 8 2 21 12 56 15 90 19 99 11 22 7 61 10 4 8 18 0 20
5 84 11 8 8 59 6 2 19 31 0 93 15 32 9 31 12 9 16 77 1 18 4 50 18 3 13 3 3 84 7 1 14 47 10 43 2 13 17 64
15 65 13 49 17 29 5 85 11 94 14 22 4 25 7 32 2 48 6 26 18 41 19 97 16 37 0 94 3 50 10 34 8 93 1 44 9 77 12 32
11 92 14 48 4 15 9 56 15 62 8 18 7 15 1 66 19 44 3 48 17 78 18 68 5 89 6 17 0 76 10 54 12 4 2 7 13 36 16 64
15 37 11 23 9 1 10 4 5 64 12 12 6 84 8 55 2 25 14 64 4 16 1 33 0 50 16 64 7 14 19 35 13 10 3 13 17 23 18 32
13 80 15 5 4 35 2 80 6 61 3 72 0 59 9 80 14 83 16 76 19 66 17 27 5 8 7 79 1 35 10 25 12 1 18 14 8 4 11 39
5 67 17 76 19 52 16 41 10 26 9 30 14 97 13 19 15 10 18 62 12 33 11 10 7 55 0 75 4 3 6 49 3 16 8 57 2 80 1 80
6 57 9 29 5 7 11 26 3 55 19 85 1 81 2 22 18 70 13 65 12 80 14 50 4 50 0 42 17 88 10 52 7 11 8 50 15 87 16 83
17 29 12 86 0 34 11 17 1 90 5 2 6 94 18 7 13 80 8 46 7 13 19 97 2 43 14 5 16 72 3 99 9 16 10 54 4 93 15 12
10 90 12 16 9 21 14 36 3 81 8 51 0 75 2 8 16 75 11 6 13 25 4 22 1 83 5 39 6 77 7 74 15 69 19 61 17 86 18 3
18 87 11 9 9 6 1 66 16 24 5 81 7 58 3 91 17 45 14 45 6 78 4 12 2 22 10 90 19 14 15 87 0 70 13 96 12 27 8 59
16 33 13 55 18 17 17 7 10 59 19 56 9 40 8 46 3 13 11 84 4 4 0 48 1 39 6 78 12 58 15 19 7 52 14 60 2 90 5 52
15 47 9 27 8 72 2 52 14 44 10 10 19 37 12 77 17 66 1 47 4 17 7 64 5 2 0 98 11 59 18 71 16 53 3 35 13 86 6 3
5 31 19 58 0 71 7 1 11 39 2 39 4 32 8 32 13 84 12 39 16 60 15 6 9 76 1 55 6 37 3 62 17 76 14 75 10 85 18 95
15 84 2 41 8 85 6 69 0 7 1 44 5 67 9 51 16 15 17 76 11 69 18 7 10 20 13 68 3 13 4 5 7 37 14 25 19 36 12 72
13 94 10 38 2 63 6 11 4 72 5 39 3 60 9 3 12 19 17 23 19 13 0 91 1 51 15 28 18 25 8 27 7 25 11 68 14 54 16 88
8 23 5 69 16 74 3 58 10 4 12 68 19 9 17 39 13 27 15 34 18 99 1 57 0 34 7 48 6 71 11 71 14 80 2 93 9 89 4 84
1 16 16 33 15 83 0 81 4 55 6 27 17 96 8 97 18 19 19 69 10 52 14 86 7 33 13 49 5 64 11 65 2 61 12 26 3 51 9 91
7 80 10 71 2 18 4 72 17 56 11 45 1 60 0 63 15 13 8 23 3 77 14 3 12 12 13 67 16 20 9 47 19 79 6 90 18 82 5 27
13 74 12 42 1 80 11 43 16 38 6 33 8 53 15 48 19 10 3 41 14 29 9 50 0 23 7 87 4 31 10 51 18 33 17 57 5 57 2 38
13 97 16 52 5 69 4 68 1 59 17 79 12 17 14 25 0 16 18 48 9 3 3 5 19 30 15 29 7 82 11 98 8 31 6 90 2 84 10 58
2 60 15 67 19 57 10 97 1 18 4 51 3 85 9 81 11 40 16 14 18 33 14 89 13 30 6 44 5 17 17 87 8 48 0 32 7 9 12 62
19 36 10 45 16 73 9 48 14 79 5 47 2 20 8 62 17 16 6 28 0 88 12 88 13 81 1 29 11 68 15 11 18 76 4 35 3 17 7 93
5 98 11 85 10 95 4 70 2 75 16 13 3 91 15 92 7 98 19 62 18 55 9 19 13 15 17 62 8 85 0 71 12 40 14 63 1 31 6 3
8 64 10 7 17 52 3 76 16 18 11 21 15 90 1 79 5 72 2 46 18 94 13 1 14 25 9 56 7 5 4 44 19 52 0 8 12 18 6 26
19 21 12 17 1 95 15 8 3 87 2 21 16 3 7 23 9 36 6 48 8 59 13 65 10 56 11 37 4 32 18 17 5 41 0 10 17 45 14 27
10 57 4 14 7 52 17 68 2 90 1 38 3 12 18 28 5 20 12 32 13 56 14 63 11 56 16 2 15 98 19 28 8 97 9 3 0 59 6 70
14 88 3 18 0 26 15 60 9 26 19 84 1 43 16 78 5 20 18 93 2 35 17 26 6 43 8 70 13 31 10 13 7 79 4 54 11 93 12 11
10 58 5 87 4 94 14 22 1 74 11 28 7 94 2 69 15 51 0 31 19 64 6 95 17 13 3 37 8 83 13 73 12 57 16 71 9 38 18 22
15 38 16 45 19 49 4 35 13 65 3 40 12 39 11 85 2 51 10 58 7 29 5 60 1 66 18 39 8 46 6 80 14 30 0 50 17 8 9 74
3 38 5 61 4 8 13 13 14 67 7 21 0 72 15 23 17 3 12 4 9 30 6 5 1 77 16 7 8 20 11 63 18 54 2 59 10 80 19 65
12 59 5 58 1 13 14 59 6 9 0 82 9 7 4 10 2 20 17 39 3 84 10 8 11 19 8 42 15 23 13 8 18 56 16 7 19 71 7 11
10 85 16 57 18 54 9 58 3 15 14 6 4 46 7 88 0 30 17 28 15 99 1 55 13 10 6 54 5 4 8 91 19 79 12 60 2 98 11 99
11 18 8 57 16 75 18 67 19 69 12 13 6 75 7 30 17 56 4 7 0 14 5 60 13 96 2 9 14 19 9 23 3 71 15 45 1 79 10 45
17 10 18 40 0 26 19 67 2 33 1 56 8 61 16 74 9 42 14 36 11 31 6 67 12 10 13 64 3 60 4 23 5 11 15 34 7 52 10 25
12 15 14 38 3 14 17 54 16 42 19 53 9 79 15 97 5 86 18 5 1 47 13 30 2 62 10 41 0 44 4 78 7 78 6 73 8 28 11 42
7 48 10 62 18 26 15 71 3 52 13 6 2 91 12 73 11 86 9 96 17 68 1 85 16 90 6 31 19 75 14 41 5 68 8 91 0 43 4 98
15 82 12 67 9 73 14 14 8 15 16 1 5 72 7 25 6 43 10 94 18 97 0 80 2 3 4 43 13 95 11 76 19 7 17 90 3 25 1 30
6 68 10 76 3 54 8 66 15 34 18 80 0 18 7 3 16 86 4 83 9 41 11 56 2 65 14 12 19 7 5 53 17 36 1 41 12 10 13 20
6 98 16 49 14 40 3 35 19 98 0 57 2 38 18 9 7 53 15 73 12 85 4 42 5 38 13 94 1 20 17 2 10 42 9 42 8 3 11 49
7 91 16 9 5 88 19 28 14 72 8 21 10 68 4 65 18 68 2 10 13 54 0 31 3 58 9 95 11 20 1 58 17 56 12 16 15 67 6 63
10 69 6 77 14 93 9 38 12 75 18 87 7 42 17 25 2 57 4 69 8 13 0 36 16 59 11 85 13 33 19 64 3 73 5 68 15 19 1 10
9 93 2 58 8 63 19 53 10 97 12 82 4 67 16 24 7 58 14 46 15 72 13 98 5 21 11 30 1 98 0 41 6 88 3 61 18 24 17 99
11 79 12 5 0 47 4 90 16 49 10 27 18 31 6 16 3 81 19 39 13 35 8 34 5 73 17 36 7 73 9 85 1 86 14 29 15 73 2 14
2 24 3 1 9 28 7 40 1 19 19 82 16 26 6 51 5 84 12 81 4 79 14 98 13 12 8 66 15 35 17 48 10 72 18 13 11 86 0 24
1 93 0 5 9 3 5 18 3 14 17 27 2 6 4 60 10 44 13 70 16 39 12 74 11 87 7 36 14 7 6 74 8 20 19 11 15 93 18 94
4 22 2 11 16 42 10 67 9 24 3 88 0 86 15 69 13 28 18 83 7 17 12 17 19 79 6 73 11 76 5 41 17 85 8 29 1 68 14 40
2 83 14 65 5 84 6 49 11 87 7 70 19 63 1 97 15 3 13 94 18 42 10 18 4 8 0 14 16 27 3 29 9 71 12 15 8 16 17 76
5 90 11 94 2 42 15 72 6 16 14 56 10 47 13 68 0 37 16 11 12 39 7 86 8 80 4 87 3 65 18 49 19 68 1 78 9 65 17 10
