50 20
6 27 14 30 3 65 13 6 9 75 8 71 16 33 11 40 12 10 19 52 18 50 7 69 1 2 2 5 15 38 4 26 0 12 17 42 5 51 10 10
0 25 14 70 7 90 10 34 6 27 16 69 5 54 1 42 19 68 18 77 2 76 17 41 4 16 9 29 11 86 15 31 13 11 8 13 12 70 3 34
1 82 12 38 5 99 16 54 2 98 10 97 7 32 15 14 11 35 19 50 18 45 14 93 0 82 8 79 17 14 3 99 4 88 9 70 6 53 13 74
16 27 9 31 2 11 14 51 18 77 10 90 6 69 12 27 11 7 5 84 17 41 19 74 7 22 1 3 8 19 4 55 0 19 15 62 13 94 3 12
13 69 2 83 9 25 0 35 17 76 8 61 3 92 4 66 11 60 18 47 5 49 12 9 7 8 19 4 1 41 6 29 10 53 15 41 14 96 16 48
9 59 16 14 10 67 5 50 4 37 11 29 15 45 12 84 6 82 18 14 13 68 19 7 17 22 3 84 2 70 14 30 1 61 7 93 0 10 8 98
18 96 16 41 0 22 4 33 2 16 13 19 8 74 12 52 14 65 7 66 3 71 6 22 5 48 10 61 1 99 9 69 15 12 11 39 17 79 19 21
10 55 9 8 1 91 14 89 8 26 5 78 17 57 0 67 12 37 3 97 19 97 2 97 18 14 7 14 16 13 11 39 13 52 6 95 15 19 4 80
4 25 12 62 15 85 0 13 6 41 14 90 13 33 11 26 9 63 2 93 8 54 16 19 1 24 10 23 3 79 19 70 7 5 17 62 5 18 18 25
3 43 15 53 7 73 19 54 18 88 10 35 4 69 2 99 8 15 9 60 17 79 14 25 13 62 16 44 11 74 5 54 0 81 6 41 1 45 12 74
8 19 18 4 10 81 19 1 12 84 6 44 9 31 13 22 15 21 11 64 5 24 1 96 14 4 17 75 7 8 4 92 3 28 16 74 2 33 0 30
3 68 7 51 12 63 15 16 18 59 1 91 6 66 0 65 19 78 14 32 17 49 10 4 9 28 13 54 16 91 2 72 11 10 4 24 8 52 5 28
13 46 6 30 3 62 4 55 18 75 15 25 7 39 2 4 12 61 9 57 17 69 19 67 14 96 10 82 11 67 0 62 1 10 8 26 16 93 5 91
19 84 5 93 14 26 0 49 3 26 17 77 11 14 10 98 9 52 13 58 6 51 1 38 16 47 18 35 2 75 15 45 7 10 12 66 4 74 8 3
19 75 4 82 9 51 14 89 2 38 5 22 17 64 11 71 15 27 16 85 7 45 8 69 1 37 13 75 12 8 18 91 10 60 0 20 6 99 3 57
0 12 4 85 13 2 17 57 9 10 5 55 12 51 2 13 7 16 10 95 15 55 8 86 16 14 6 97 14 66 1 76 11 86 18 18 3 55 19 62
3 43 5 21 19 46 18 59 14 60 0 25 10 2 7 48 9 51 8 79 2 13 6 25 17 73 15 82 16 63 1 72 13 47 4 51 12 69 11 90
0 1 3 47 12 18 10 45 2 77 1 94 7 85 17 82 14 96 11 32 9 45 16 93 4 2 6 85 19 30 8 2 13 2 5 25 15 10 18 96
9 86 0 39 12 21 2 68 1 34 16 81 19 50 13 85 14 11 5 81 17 85 4 71 18 72 8 89 7 23 3 22 11 92 6 41 10 16 15 92
8 31 16 6 9 64 6 64 12 74 13 74 7 15 3 62 17 88 1 54 14 29 2 97 19 50 15 76 4 8 0 2 10 20 11 56 5 99 18 95
19 52 10 89 0 17 6 44 1 5 3 18 2 14 9 74 16 2 4 24 11 5 14 5 17 96 18 54 5 58 15 11 13 53 12 99 7 80 8 94
15 80 11 21 9 83 12 56 1 30 0 13 4 18 10 83 5 28 17 52 18 76 19 35 13 36 3 69 16 81 2 99 14 9 7 61 8 30 6 20
1 84 10 72 16 46 18 16 3 64 14 45 13 24 9 52 7 25 19 61 12 79 5 31 17 37 4 12 11 16 6 64 0 51 15 88 2 3 8 43
9 93 1 96 13 66 8 61 7 28 16 79 6 27 19 96 15 76 11 35 12 18 3 41 17 36 4 11 14 62 10 14 2 42 0 24 18 8 5 84
7 16 2 41 14 19 16 3 17 31 3 15 11 91 1 77 8 20 18 96 9 88 19 52 15 85 4 8 6 21 13 28 0 81 10 45 12 5 5 37
18 43 13 63 9 22 16 1 11 3 0 81 17 35 5 29 4 96 1 78 15 84 2 98 8 28 10 91 6 14 19 52 14 70 7 88 3 12 12 35
8 42 9 29 16 42 2 16 5 3 4 34 12 60 19 94 6 32 0 31 7 14 17 66 10 85 13 91 14 56 11 89 1 53 3 17 15 99 18 51
13 19 2 80 17 72 9 20 7 96 11 36 12 56 15 87 16 52 18 71 0 7 5 98 3 74 6 43 1 33 4 87 10 75 14 86 8 11 19 90
6 26 1 48 19 88 16 99 3 37 9 88 7 25 8 83 13 56 5 83 12 83 4 51 10 36 14 64 15 30 17 64 0 82 2 89 18 39 11 95
0 47 19 77 12 51 3 40 4 98 13 27 16 19 1 29 2 38 9 27 11 53 14 97 17 72 18 98 10 63 15 45 5 23 8 95 7 97 6 37
4 21 13 57 18 39 12 42 0 90 2 77 15 12 1 90 5 45 14 59 16 31 19 72 6 25 17 81 11 91 3 88 9 86 10 8 8 69 7 60
10 32 13 61 5 35 8 42 9 39 12 14 16 10 19 98 4 78 17 53 14 5 15 76 18 86 6 96 11 57 3 50 7 85 2 51 0 43 1 61
18 35 0 36 10 82 1 7 7 30 17 9 19 61 13 65 6 58 16 67 14 31 4 71 12 72 9 47 5 28 2 24 3 43 15 2 8 74 11 75
16 38 2 48 17 2 5 36 1 47 10 67 8 24 12 25 3 42 6 38 9 89 4 11 18 16 0 54 15 27 7 49 13 25 14 70 11 50 19 5
2 43 7 42 16 13 15 76 3 37 0 59 14 86 19 31 11 97 17 19 18 20 12 40 1 50 5 75 10 12 4 94 8 21 6 60 13 56 9 37
7 67 14 10 12 79 16 49 9 98 2 70 17 44 0 61 11 2 6 66 13 61 19 33 1 99 3 49 4 25 15 80 18 81 8 69 10 25 5 48
18 60 16 29 0 52 15 72 9 69 12 9 2 57 4 35 14 74 7 65 10 65 8 74 19 49 5 21 13 31 1 21 17 90 6 75 11 56 3 25
0 22 15 52 16 37 14 81 4 24 13 73 6 17 17 90 19 37 5 15 3 82 1 95 12 18 9 33 18 16 11 83 2 47 10 17 8 62 7 12
10 6 0 67 13 87 12 10 7 94 18 36 4 86 8 67 1 95 17 15 5 87 14 45 15 5 9 38 6 92 2 82 16 94 19 46 11 9 3 23
11 2 16 33 6 79 10 11 8 54 18 56 13 62 0 31 12 2 7 70 19 23 4 76 5 87 17 57 3 18 15 26 9 39 2 39 14 90 1 3
6 48 3 81 16 28 4 95 10 32 19 60 8 34 1 4 17 40 5 99 12 3 2 53 13 56 14 47 18 36 9 23 7 21 0 51 11 56 15 7
11 37 7 16 1 90 10 24 3 67 14 5 0 96 13 88 8 67 6 19 18 1 2 38 19 70 17 32 4 89 16 15 12 25 15 38 5 72 9 36
17 37 11 96 14 10 18 2 4 5 12 57 1 28 16 78 5 48 8 36 19 45 0 88 9 40 10 83 15 26 7 30 6 44 2 59 3 36 13 78
8 77 11 61 14 25 16 72 18 28 10 88 15 63 6 3 4 80 2 64 1 62 19 87 3 20 13 8 9 59 7 63 17 55 0 72 12 27 5 52
14 13 19 44 12 79 10 45 3 32 4 71 15 66 16 47 2 64 8 61 9 5 18 13 5 92 11 39 7 68 1 63 0 66 6 84 13 39 17 95
3 98 15 92 16 24 1 36 4 71 12 62 11 5 9 9 0 63 5 27 14 23 10 95 2 33 8 59 19 17 17 27 7 27 13 5 6 56 18 69
17 48 19 29 4 25 5 40 7 36 9 44 12 78 13 96 0 45 15 4 18 61 3 56 8 53 14 58 6 58 2 20 1 31 11 46 10 33 16 32
15 93 8 39 11 91 18 61 10 39 1 71 3 88 19 24 16 13 17 54 14 81 13 41 2 4 6 49 12 68 4 87 0 58 9 82 5 30 7 42
0 82 8 46 18 87 16 9 5 59 13 89 7 46 11 50 2 69 6 26 10 40 14 71 1 38 15 8 3 2 9 86 17 33 12 17 19 66 4 9
15 89 16 51 13 98 11 94 6 3 1 14 7 8 0 58 17 23 19 92 3 5 9 2 5 68 4 80 14 58 2 32 10 2 18 74 8 17 12 85
