50 20
7 8 1 45 14 40 15 51 2 15 4 56 3 87 12 77 6 83 18 52 13 43 9 78 19 62 17 17 5 28 8 96 11 89 0 12 10 38 16 76
19 26 3 3 13 26 7 64 10 85 1 96 5 25 4 13 8 66 18 69 9 25 2 4 15 82 14 49 16 37 11 45 12 58 17 55 0 27 6 35
5 12 7 8 14 83 19 95 0 18 1 41 10 40 8 67 12 75 4 82 11 55 15 1 16 94 2 74 17 2 13 9 6 77 3 97 9 23 18 45
12 85 16 84 4 69 13 89 3 82 9 74 1 54 5 39 19 11 6 9 8 64 10 96 17 29 2 54 11 11 0 83 18 54 14 44 15 92 7 29
0 17 6 21 19 16 9 35 2 82 11 65 15 10 7 75 5 42 10 41 14 43 16 11 18 14 12 18 17 31 4 16 13 45 8 56 3 3 1 75
15 12 8 9 5 10 6 90 3 72 19 48 0 98 18 38 7 27 1 83 9 67 12 51 16 80 4 42 13 1 10 93 17 3 14 90 2 12 11 88
14 62 4 37 18 34 8 32 1 97 15 15 3 40 5 9 13 40 12 99 2 68 7 25 0 55 9 7 17 9 16 40 19 68 11 46 10 29 6 24
3 8 6 11 13 64 8 86 7 78 0 97 15 80 14 88 9 45 11 14 16 91 19 71 10 5 2 58 18 2 12 76 1 47 17 23 5 62 4 80
12 5 4 9 13 63 8 63 2 49 9 79 15 40 19 36 17 15 0 36 6 42 7 20 11 30 18 7 5 12 14 3 1 20 3 53 16 94 10 75
17 7 8 30 4 31 11 68 18 97 12 31 15 10 9 21 2 52 13 33 6 76 14 33 7 72 10 85 1 68 3 74 0 69 16 96 19 53 5 44
8 53 15 60 7 18 1 50 17 85 18 9 13 82 19 81 4 28 10 81 2 16 12 9 11 23 9 42 14 67 16 19 5 58 3 42 0 54 6 73
2 9 6 65 4 17 19 35 3 98 15 84 1 60 7 55 13 18 11 67 8 27 5 11 10 54 0 34 9 37 18 32 12 63 16 46 14 33 17 52
14 84 6 73 4 59 10 52 15 29 17 37 9 55 16 47 2 81 11 4 12 19 18 70 0 95 7 38 1 85 3 48 5 99 19 78 8 16 13 39
1 98 2 79 10 48 4 95 9 18 17 50 16 52 6 14 7 80 14 77 12 14 8 7 13 70 5 25 19 7 15 60 11 70 3 3 0 38 18 5
6 17 19 41 14 88 4 9 2 56 12 3 16 90 18 84 10 33 13 17 11 45 3 32 8 99 1 50 15 54 9 53 17 3 5 20 0 94 7 44
8 96 0 21 17 91 7 81 4 68 6 37 10 96 2 62 14 52 16 85 3 67 1 45 15 2 13 77 11 35 12 70 9 43 19 72 5 15 18 89
6 82 11 33 1 44 19 14 4 52 0 98 17 54 9 34 2 53 16 1 3 69 14 47 13 41 10 69 15 13 7 65 8 33 12 82 5 65 18 70
10 83 13 22 17 69 16 60 1 90 11 69 9 23 7 80 14 75 6 29 19 67 15 24 12 82 4 46 5 73 2 67 0 47 3 24 8 6 18 60
0 73 11 56 2 47 18 69 6 2 9 43 1 39 4 81 8 62 17 86 5 3 13 98 15 64 3 7 12 53 14 35 19 89 7 79 16 29 10 3
2 23 11 60 12 28 19 87 14 1 17 35 10 20 9 73 16 89 3 5 5 40 4 46 1 92 13 49 7 12 0 85 15 86 18 47 6 47 8 6
16 17 3 63 8 91 1 89 19 80 11 80 9 67 0 26 14 61 13 28 2 49 7 76 4 21 6 30 12 83 17 37 5 97 15 32 18 59 10 74
13 83 4 94 19 39 16 37 1 18 12 32 9 19 11 24 2 51 10 48 17 63 3 51 18 4 15 22 6 73 5 8 0 42 8 71 7 17 14 49
14 80 11 83 3 15 9 7 12 34 16 69 7 12 5 81 15 68 18 26 17 20 0 7 8 57 10 33 13 32 6 46 2 30 19 15 1 62 4 33
9 35 14 90 5 72 13 29 11 35 12 28 1 34 16 74 18 80 15 82 0 37 19 49 10 66 17 74 6 90 4 11 7 86 3 97 2 75 8 15
16 1 3 53 9 19 17 81 6 32 18 3 2 30 19 27 10 2 0 1 5 94 15 53 13 67 4 65 7 3 11 18 12 23 1 23 14 65 8 76
12 48 11 66 2 83 9 8 1 13 16 94 7 13 17 92 5 90 19 89 0 31 4 73 8 32 10 86 14 23 15 17 18 81 13 51 3 85 6 92
1 98 0 43 14 23 16 90 4 78 17 8 2 24 9 96 10 76 7 59 18 9 3 55 15 25 13 65 11 57 8 61 12 96 19 88 5 44 6 40
0 21 5 87 12 28 8 28 2 86 4 90 9 90 19 72 7 21 11 58 3 39 15 72 1 44 16 14 18 72 10 69 6 23 13 94 17 91 14 29
18 56 17 74 2 76 19 36 5 98 10 40 14 54 12 65 11 41 8 40 15 3 9 48 4 41 7 52 6 37 16 97 13 94 0 31 3 60 1 46
2 62 10 8 7 16 9 74 11 41 13 76 19 52 16 10 1 29 3 75 8 93 17 60 5 73 4 27 14 50 15 4 18 9 6 24 0 60 12 87
0 50 14 80 19 94 15 58 11 13 4 79 1 67 6 70 10 63 9 23 18 3 7 4 8 8 5 41 16 20 13 66 17 46 2 97 12 68 3 94
16 85 15 55 9 73 5 33 12 37 7 51 17 88 13 5 10 73 3 17 4 16 18 48 1 75 11 48 19 26 6 3 14 35 2 58 8 15 0 96
2 97 12 32 16 12 7 11 10 84 4 35 11 45 19 13 17 59 0 96 18 80 14 54 15 62 9 62 1 16 3 17 5 4 6 95 8 86 13 66
17 50 13 95 12 2 5 50 19 78 0 6 18 50 1 90 14 75 16 3 4 95 10 83 3 87 9 45 11 44 7 2 2 89 6 83 15 47 8 67
8 3 11 24 6 98 3 48 19 64 4 99 1 46 14 18 5 40 12 65 0 52 10 48 18 49 13 57 15 15 17 78 2 11 16 22 7 60 9 31
5 94 16 33 8 43 15 55 6 72 4 92 12 80 19 62 0 66 1 47 18 55 10 1 14 7 17 42 9 62 2 25 13 20 11 80 3 64 7 98
14 69 0 54 1 71 8 46 7 12 9 68 4 70 10 43 2 45 19 75 13 59 15 95 17 85 16 90 12 26 5 46 6 64 11 15 3 53 18 97
13 58 1 91 7 36 10 61 0 14 11 9 2 40 4 2 14 49 8 48 17 84 12 16 9 94 15 22 3 61 19 46 5 90 18 77 6 16 16 61
7 35 18 8 11 82 14 93 13 71 4 46 12 48 6 64 8 66 9 77 10 98 17 20 15 97 16 79 3 61 2 85 0 13 5 58 1 2 19 44
5 86 18 69 3 69 9 70 11 66 7 80 16 4 4 22 15 95 19 38 2 75 10 30 12 37 14 83 6 12 13 54 1 70 8 1 17 52 0 75
11 6 2 15 18 43 5 10 8 41 9 65 17 86 1 16 7 65 0 76 10 2 13 71 6 46 3 45 12 97 15 85 4 62 14 87 16 81 19 54
8 67 7 61 6 16 4 81 14 62 5 17 1 54 2 56 17 76 15 95 16 27 3 58 11 49 13 79 19 30 12 23 18 62 9 67 10 68 0 85
4 84 6 1 14 54 19 12 12 32 15 90 8 46 16 46 9 46 17 22 2 96 18 83 11 78 0 98 13 70 10 45 7 87 5 22 1 31 3 55
9 3 5 90 11 19 12 13 7 65 2 38 14 35 4 11 19 17 1 66 15 99 13 31 6 75 17 42 3 6 18 57 0 40 8 3 10 69 16 14
17 94 8 45 0 21 19 61 4 89 5 54 18 66 10 2 14 71 3 30 1 22 15 87 2 13 9 89 12 15 13 36 6 52 11 47 7 29 16 51
11 83 10 75 14 53 12 48 18 52 6 84 17 11 8 57 0 38 4 1 3 25 19 77 5 21 13 59 9 69 15 36 2 37 7 28 1 99 16 18
8 97 0 52 9 99 18 54 15 49 2 33 5 83 17 17 3 63 12 31 1 62 19 59 4 23 10 60 13 88 16 94 6 44 7 29 11 59 14 13
16 58 19 71 10 71 9 48 4 97 11 82 3 42 8 74 18 43 0 93 15 27 13 19 12 69 17 80 1 12 14 50 7 34 2 87 6 16 5 39
18 27 13 14 10 81 2 59 12 90 16 81 8 58 5 58 3 68 1 72 0 36 11 42 4 98 14 34 19 16 9 92 15 60 7 20 6 95 17 88
0 8 18 24 5 39 10 45 14 35 1 94 2 20 13 55 16 4 19 49 8 30 15 31 6 35 9 61 17 75 3 85 4 22 12 97 11 67 7 17
