50 15
4 1 10 86 12 89 6 80 11 69 7 25 14 79 9 19 3 63 2 98 1 16 0 67 8 12 13 28 5 43
5 98 13 38 10 74 4 32 9 13 3 94 7 2 8 70 6 12 14 14 2 23 1 34 12 68 11 81 0 90
4 75 13 1 7 22 12 30 2 1 3 6 6 71 14 57 1 67 10 94 9 86 5 72 0 49 8 85 11 38
4 32 6 30 7 16 13 83 14 5 3 19 12 44 5 19 1 26 2 24 11 59 8 66 0 47 9 52 10 8
11 7 14 57 9 71 5 68 0 90 8 43 2 40 3 57 6 50 4 25 10 24 13 34 12 70 1 99 7 88
1 79 3 68 9 14 5 34 2 86 7 92 8 71 12 10 4 35 10 76 0 42 6 4 14 28 13 15 11 46
0 34 9 61 6 16 10 5 2 66 8 42 11 25 4 72 12 88 14 29 13 18 3 7 7 41 5 26 1 47
7 44 13 39 5 42 6 2 8 5 14 38 1 44 9 22 11 17 10 59 4 36 0 91 2 68 3 98 12 68
11 68 12 13 6 66 13 97 14 75 2 14 9 58 4 51 3 47 0 56 7 62 8 80 10 59 5 32 1 13
5 67 6 5 0 15 11 72 1 59 13 79 4 56 9 85 7 56 2 40 10 80 14 67 8 20 3 76 12 96
4 33 8 50 9 60 0 71 7 62 3 31 6 77 2 15 13 72 11 29 5 35 14 19 1 52 10 90 12 80
10 10 0 10 11 22 12 97 7 66 3 40 5 46 13 73 4 18 14 78 6 91 8 53 1 16 2 53 9 21
1 33 11 21 5 62 9 11 13 51 8 96 0 74 3 42 4 41 2 26 14 13 7 56 12 98 6 5 10 79
2 75 8 97 0 2 4 72 1 36 9 90 6 20 10 97 3 87 5 25 12 66 13 14 11 79 7 32 14 69
5 96 2 47 9 62 8 99 4 76 7 25 1 66 3 43 10 66 14 79 12 68 13 5 0 9 11 15 6 28
3 51 0 77 2 41 14 62 4 13 5 46 11 65 12 98 13 90 10 17 9 98 6 26 8 23 7 12 1 38
0 40 9 63 5 64 14 37 1 87 6 9 3 42 7 17 8 53 11 27 13 58 4 40 10 7 2 20 12 19
13 97 2 80 3 28 8 2 1 43 0 4 4 63 12 20 6 96 9 52 11 40 7 21 10 53 14 58 5 46
7 30 0 4 10 42 3 94 6 38 2 5 4 32 5 9 11 26 1 23 14 99 9 55 8 28 13 25 12 68
8 89 7 48 13 70 4 79 14 69 6 33 10 34 5 24 11 41 0 97 12 36 2 13 1 63 3 91 9 45
1 49 3 38 10 2 7 25 9 17 8 69 12 25 2 23 6 73 5 24 4 66 11 11 14 54 0 71 13 90
7 39 0 43 3 46 14 51 9 33 12 90 13 71 1 3 5 52 11 73 4 82 8 19 2 73 6 84 10 93
4 54 6 61 0 85 3 4 9 62 5 8 10 44 8 51 11 45 13 19 14 6 12 82 1 41 7 78 2 26
3 68 2 40 0 18 9 82 5 90 4 33 12 29 8 21 14 51 6 13 11 37 13 25 7 63 1 22 10 53
13 43 11 18 2 78 6 81 8 31 7 26 4 21 5 47 10 93 1 28 14 51 12 44 0 29 9 88 3 94
6 55 10 34 0 71 3 98 5 31 1 89 2 31 8 38 9 3 7 71 11 72 4 11 13 12 14 76 12 61
9 10 5 77 12 72 10 62 4 1 14 75 2 45 7 73 13 76 1 52 3 36 8 52 11 71 6 4 0 44
9 16 5 14 12 61 8 91 1 70 14 39 2 53 4 81 11 58 3 59 13 3 0 81 6 79 10 96 7 9
9 23 1 52 3 26 4 29 6 28 10 22 12 24 13 1 2 20 11 48 5 96 7 94 0 28 8 41 14 95
0 49 12 59 1 36 4 52 6 55 7 96 2 50 5 80 14 46 8 27 11 14 9 6 13 42 10 94 3 52
1 73 4 70 2 33 14 72 11 51 12 90 0 25 7 69 5 21 3 6 8 87 9 20 10 99 13 18 6 60
3 41 7 63 14 22 4 56 10 48 2 18 12 70 0 98 5 58 8 85 6 6 11 80 13 59 1 80 9 96
7 74 3 39 0 75 14 6 10 72 12 63 9 52 2 76 1 63 4 21 13 57 8 93 5 21 11 21 6 93
12 26 10 64 3 98 4 40 5 90 0 17 11 15 1 47 6 26 2 20 9 24 8 59 7 9 14 19 13 72
14 48 1 97 8 99 13 63 2 11 9 71 3 44 12 52 5 61 11 67 7 11 10 76 6 98 0 31 4 85
9 17 1 20 2 72 12 21 13 20 4 98 3 44 6 50 5 48 7 64 10 68 8 53 0 36 14 70 11 24
3 26 0 60 12 54 5 19 1 31 2 10 4 11 6 11 7 44 11 60 13 15 10 33 8 17 9 4 14 85
7 32 5 90 3 88 4 91 2 37 12 64 9 69 0 41 13 13 10 36 6 77 14 66 11 54 8 1 1 46
5 89 7 85 9 76 14 47 4 52 3 94 2 38 1 12 6 67 12 10 8 82 11 45 10 78 0 13 13 92
10 66 3 14 2 22 12 40 6 21 0 1 1 76 8 52 5 5 4 78 11 33 13 26 7 79 14 23 9 17
14 8 10 69 6 31 8 28 5 46 0 12 1 49 2 7 11 24 9 57 3 59 7 92 13 57 12 94 4 45
5 63 10 61 1 38 9 66 0 55 3 21 8 48 2 14 7 9 12 63 4 24 13 52 14 32 11 2 6 26
2 71 12 20 7 80 6 90 5 9 0 39 8 9 4 22 1 6 10 67 3 17 14 39 9 21 13 7 11 19
10 56 9 74 13 85 6 62 14 9 7 27 3 37 4 33 5 73 1 48 12 76 8 65 0 17 2 43 11 12
1 52 11 66 0 9 4 45 3 60 2 30 13 23 6 19 12 86 10 22 9 49 7 96 8 87 5 85 14 12
9 76 1 20 11 13 6 26 5 52 0 80 12 35 2 98 10 17 8 30 4 86 13 58 3 28 7 20 14 95
8 77 5 58 2 6 9 21 12 8 0 41 3 24 7 72 11 1 10 29 14 66 13 6 1 5 6 44 4 68
14 4 6 60 7 23 13 40 9 49 11 7 10 2 0 25 5 21 2 33 3 19 1 87 12 47 8 18 4 85
14 16 13 97 10 5 4 77 7 65 8 84 11 10 12 26 1 31 3 38 2 39 6 15 0 99 9 55 5 24
12 89 3 6 1 91 4 43 7 62 13 17 14 17 8 38 2 82 5 31 0 42 11 59 6 19 10 18 9 32
