50 15
2 39 10 14 8 53 6 71 4 20 13 86 11 95 7 39 14 1 0 12 9 59 3 54 5 93 12 53 1 45
1 51 0 3 8 14 4 94 11 90 6 17 2 16 10 71 13 36 9 80 12 52 14 34 5 38 7 32 3 57
7 17 8 33 0 79 1 59 11 80 10 19 9 99 5 98 13 51 4 45 12 84 3 5 2 81 6 75 14 97
11 4 8 96 13 97 9 52 1 35 6 45 5 41 10 72 3 66 7 37 14 51 2 90 0 54 12 15 4 16
12 92 2 15 10 28 11 32 13 65 6 47 7 25 4 79 1 74 8 72 9 92 14 5 3 74 0 1 5 68
8 73 10 59 5 83 6 82 9 88 7 56 1 93 13 15 14 13 12 7 4 26 3 9 2 29 0 35 11 46
14 78 8 35 11 7 7 89 0 66 3 53 10 21 2 5 9 5 13 94 5 30 12 87 1 34 6 8 4 57
8 38 6 27 3 30 14 38 0 5 11 19 4 47 2 27 7 27 9 40 5 22 1 25 12 64 10 47 13 20
14 21 0 69 11 21 13 41 9 38 6 72 1 1 3 94 2 38 7 19 12 47 5 17 8 17 4 58 10 44
7 96 1 85 13 45 5 9 9 77 4 47 14 41 11 95 10 30 8 92 3 59 2 51 12 10 6 91 0 51
7 43 8 15 6 15 9 97 0 7 12 41 3 85 11 33 14 77 13 28 1 78 5 32 2 39 10 79 4 70
14 24 3 8 6 54 9 48 2 88 1 10 5 42 0 53 4 53 10 45 7 91 11 69 13 14 12 8 8 95
10 17 6 69 9 56 1 66 2 91 12 75 3 66 5 76 11 58 8 98 4 81 14 57 0 36 7 26 13 99
11 24 5 48 9 30 6 32 3 78 8 36 10 61 2 69 4 90 13 1 7 43 14 61 12 47 1 41 0 81
2 6 1 2 13 74 11 9 0 61 9 92 5 41 6 33 4 28 8 32 3 84 10 93 12 54 7 98 14 21
2 48 14 95 4 36 10 7 5 16 0 94 7 98 12 68 6 35 11 62 3 71 9 17 13 73 1 58 8 53
3 15 10 95 12 70 5 32 11 81 14 79 13 82 4 61 6 93 9 50 2 3 1 17 7 37 8 34 0 73
4 67 1 94 14 77 2 83 7 82 3 11 0 43 9 85 12 55 13 27 5 89 11 97 10 2 8 29 6 88
0 51 14 47 10 50 1 70 12 33 13 70 11 10 6 18 5 57 9 95 2 35 4 94 8 66 7 31 3 37
9 8 6 86 3 41 0 92 14 48 7 2 12 9 13 84 11 43 8 61 4 80 1 12 10 13 5 53 2 38
3 80 12 8 6 2 1 91 4 69 7 33 0 76 13 23 8 63 2 65 14 41 10 51 5 62 9 47 11 58
3 13 7 94 9 13 5 74 13 20 0 92 11 74 12 25 8 90 1 22 4 70 10 82 2 35 14 61 6 60
10 76 9 73 2 25 12 70 1 8 3 6 13 39 4 98 5 62 14 24 7 42 8 66 6 19 11 19 0 29
7 92 2 24 0 98 1 57 14 1 5 11 6 97 13 11 8 28 11 48 12 24 10 13 3 87 4 40 9 80
6 14 10 57 8 7 4 38 1 58 3 43 9 67 5 21 0 68 12 90 2 78 14 41 7 85 11 99 13 23
12 92 11 7 5 83 14 81 0 30 1 32 2 48 9 70 7 81 10 4 13 75 4 53 8 14 6 36 3 94
4 27 10 5 1 45 5 63 7 96 14 44 3 4 0 47 12 78 8 77 2 82 11 79 13 27 9 29 6 53
12 8 8 62 7 80 5 8 3 13 2 76 6 98 11 88 1 58 4 7 0 70 9 74 14 11 10 70 13 4
11 52 1 14 4 72 0 32 14 82 8 15 7 2 13 36 10 45 5 20 6 81 3 44 9 42 12 22 2 96
9 38 11 82 12 13 0 34 2 21 7 77 3 53 13 89 14 57 5 60 4 7 8 52 10 4 1 85 6 98
14 69 3 33 4 40 11 86 8 49 5 4 10 66 7 39 9 76 1 50 13 17 6 3 2 99 12 40 0 57
9 18 5 35 8 79 14 1 10 91 3 81 12 65 1 19 11 69 0 34 13 98 7 36 4 51 2 52 6 30
6 36 4 91 11 5 10 66 5 72 1 21 7 55 2 76 13 8 3 28 14 86 8 3 12 65 9 81 0 81
3 37 10 28 8 3 0 65 6 34 14 92 9 40 7 13 2 97 4 78 5 2 12 81 13 27 1 25 11 54
2 1 9 80 0 48 3 60 1 6 13 98 5 16 11 18 14 11 12 95 10 88 4 8 8 1 7 71 6 80
5 78 6 91 4 4 10 48 13 34 2 22 9 72 12 66 3 14 7 55 11 4 8 19 0 43 14 46 1 67
9 72 2 5 1 98 5 94 13 67 6 29 4 23 7 79 3 59 11 91 12 69 14 47 0 54 10 16 8 1
1 67 9 75 12 7 13 4 0 37 7 60 11 65 14 59 4 15 8 25 2 21 6 33 3 71 10 61 5 35
10 76 2 46 7 62 9 41 8 34 3 22 4 50 13 5 6 92 5 60 0 9 11 35 1 19 12 47 14 36
0 4 11 24 6 8 10 50 12 52 4 84 5 16 1 45 2 29 14 22 3 53 7 64 9 16 13 5 8 27
10 11 9 29 7 32 0 5 2 4 8 15 11 50 1 36 6 6 4 37 13 37 14 18 5 31 3 89 12 76
3 59 12 81 4 49 1 52 6 16 9 79 8 7 2 98 5 7 11 19 0 74 14 67 10 79 7 57 13 53
11 92 13 31 5 89 1 31 2 35 6 58 4 59 12 84 8 45 9 27 0 50 10 66 7 97 3 47 14 96
3 34 13 52 0 40 8 23 9 45 5 46 7 80 6 29 12 34 4 11 1 27 10 66 2 94 14 50 11 67
6 63 13 35 4 10 9 40 10 42 0 82 5 30 8 22 3 51 12 54 14 59 11 37 2 46 7 12 1 69
0 53 1 81 12 52 3 29 10 77 9 38 5 40 13 18 7 26 4 17 8 5 2 23 11 44 14 19 6 71
2 37 8 62 12 98 5 57 13 18 7 31 11 20 14 59 6 1 0 72 10 77 3 47 1 47 4 85 9 47
6 2 8 1 10 47 13 64 11 75 0 17 3 57 7 86 14 98 5 31 1 83 2 31 12 26 9 20 4 30
10 10 11 41 8 84 12 66 14 37 6 59 9 18 0 23 2 44 4 68 1 70 13 70 5 65 3 35 7 96
9 61 2 17 3 72 0 90 10 52 12 55 8 90 11 7 14 45 5 3 13 16 4 51 6 39 1 95 7 20
