50 20
8 52 15 94 16 88 9 2 3 93 0 89 6 33 11 39 7 43 19 23 14 23 13 53 10 66 5 94 18 93 2 33 12 23 17 90 4 10 1 47
19 36 14 62 7 18 0 20 1 26 18 2 10 20 8 67 6 4 13 66 2 34 17 7 15 47 16 10 4 42 11 84 12 90 5 38 3 9 9 77
18 41 19 48 17 87 8 59 10 91 12 94 7 36 13 6 1 72 16 72 0 81 9 14 15 99 2 51 14 46 6 33 5 20 11 69 4 26 3 55
15 31 11 19 3 46 17 51 18 29 7 11 4 64 2 44 0 85 10 88 13 3 12 43 19 47 1 14 16 62 6 82 14 48 8 39 9 66 5 33
14 67 6 17 4 93 3 58 7 56 5 46 2 17 19 72 12 74 0 74 17 86 13 2 15 62 1 21 18 52 11 86 9 52 10 67 8 99 16 79
7 66 13 46 6 88 17 21 5 64 19 89 4 52 10 58 18 34 2 38 16 99 12 95 1 30 15 95 11 78 3 34 9 49 0 69 14 57 8 37
8 13 10 26 2 78 4 81 9 53 16 43 12 86 6 81 14 46 3 52 11 90 7 50 1 37 19 46 0 13 5 38 17 37 13 54 15 32 18 29
19 12 3 44 18 23 6 55 15 59 14 53 9 62 12 56 1 4 13 40 7 96 11 98 0 32 5 20 8 71 17 32 2 88 16 45 10 21 4 96
11 74 14 22 9 93 13 50 2 31 19 43 6 48 0 97 10 79 4 59 7 98 1 81 18 66 8 46 17 61 16 83 15 82 3 90 12 49 5 16
13 35 16 31 15 20 1 86 19 52 6 26 11 88 18 45 8 49 2 7 4 54 5 65 7 7 0 70 9 37 14 29 12 62 10 87 17 46 3 25
8 75 5 56 3 71 10 76 7 33 17 28 15 98 18 46 13 19 6 41 2 38 0 67 12 94 14 58 19 37 11 63 9 79 1 37 16 44 4 8
5 69 3 2 10 61 12 61 1 25 11 42 14 40 2 40 4 16 9 32 0 28 15 37 18 95 7 74 17 3 16 63 19 63 8 80 13 43 6 71
5 11 10 49 8 1 16 79 13 76 6 16 3 49 17 38 4 18 18 10 7 94 2 63 9 26 14 66 0 93 11 18 19 60 15 24 1 46 12 63
2 29 4 21 9 42 13 17 0 5 16 93 7 82 5 20 17 23 15 11 10 69 12 41 8 86 14 13 1 70 19 32 6 46 3 18 11 1 18 76
17 48 10 64 1 92 14 64 9 7 8 2 13 30 12 89 5 15 0 83 7 10 16 47 15 30 18 60 3 75 6 55 2 18 4 44 11 23 19 17
18 12 13 77 14 23 6 94 10 6 8 9 19 26 2 4 11 1 16 53 0 4 9 30 4 67 12 18 3 58 15 98 17 22 7 40 5 62 1 2
11 41 19 91 2 93 15 68 12 51 17 77 4 57 18 60 1 39 13 91 5 78 6 20 0 47 7 9 9 6 16 58 10 11 3 37 8 26 14 31
2 21 1 79 12 75 9 32 5 35 10 86 3 91 0 35 4 60 14 75 6 37 16 34 15 26 19 58 8 53 17 79 18 10 13 62 7 14 11 2
7 84 8 57 1 78 18 72 11 20 19 77 9 19 10 19 2 14 4 61 13 16 3 17 12 25 6 95 15 73 17 90 5 27 0 70 14 6 16 3
13 48 9 67 7 49 4 13 17 30 1 63 11 7 6 41 15 87 12 53 16 30 10 90 18 97 8 64 0 31 3 12 5 30 2 17 14 63 19 30
19 66 14 78 18 19 9 64 2 65 13 26 5 15 12 67 11 37 16 50 3 19 17 90 10 96 7 82 4 41 1 75 6 63 0 79 15 55 8 79
0 58 12 74 16 16 1 90 7 10 4 7 14 94 6 56 8 48 2 23 19 13 17 83 5 34 18 89 3 17 13 96 15 4 11 89 10 28 9 6
2 71 5 11 19 90 8 24 12 28 7 53 9 62 0 31 16 34 4 77 1 40 17 4 3 15 6 54 14 1 13 56 11 65 10 62 15 15 18 29
17 27 16 29 6 50 1 68 19 1 11 49 12 38 15 23 18 35 13 16 8 69 9 84 0 86 4 31 14 73 2 3 3 24 7 74 10 16 5 84
12 74 4 33 3 29 13 72 11 70 15 86 17 99 0 63 9 42 7 28 10 7 16 56 18 69 1 64 6 90 19 48 5 1 8 10 14 93 2 73
15 31 17 63 14 51 10 29 8 56 13 95 1 41 3 44 19 81 0 24 18 74 5 19 16 5 12 25 7 63 2 31 4 14 9 34 6 14 11 48
3 46 1 75 6 22 0 10 5 94 16 20 18 34 10 64 7 9 8 94 19 12 13 77 11 6 14 60 9 22 15 86 4 95 12 32 2 88 17 38
4 33 1 5 8 17 19 77 18 71 2 61 13 85 17 54 15 33 0 80 7 23 9 32 12 57 6 22 16 4 11 26 14 77 10 28 3 58 5 71
4 37 1 80 10 45 14 15 11 59 3 60 12 49 2 27 6 21 19 4 16 68 17 75 7 63 18 11 0 4 5 56 9 84 8 40 15 16 13 3
4 88 8 94 6 69 3 73 13 66 15 94 10 47 18 27 2 41 11 31 7 67 5 69 0 4 16 53 12 19 9 65 14 65 19 65 17 65 1 72
2 29 6 26 15 15 14 9 8 52 13 72 0 46 4 93 10 97 11 6 12 16 5 11 16 88 17 91 1 15 19 81 9 44 7 15 3 89 18 25
15 25 13 18 14 24 5 65 16 2 3 49 2 56 6 51 1 30 8 59 19 64 4 59 18 68 11 7 9 14 10 13 17 89 12 92 7 47 0 32
19 23 3 50 6 86 10 17 2 30 1 20 11 70 18 49 0 37 4 60 16 20 7 10 13 78 17 64 8 40 9 37 14 37 12 74 15 13 5 93
9 33 1 54 4 39 18 21 15 58 2 58 8 68 6 56 12 52 17 6 3 59 11 71 10 12 13 37 14 51 16 6 7 77 5 58 0 11 19 57
5 22 10 58 15 5 0 11 13 25 11 75 8 81 4 45 1 25 18 44 17 86 2 32 7 32 12 97 19 52 9 67 3 36 14 70 6 13 16 3
12 83 11 43 1 40 16 1 3 93 19 71 13 72 2 22 8 53 9 24 0 17 17 12 4 47 18 47 7 64 15 75 14 5 10 72 5 71 6 73
13 15 6 48 7 81 17 62 12 72 8 9 11 56 3 56 2 6 15 1 10 82 18 46 9 66 4 67 5 53 16 11 14 29 19 62 1 40 0 21
1 18 0 29 5 41 19 25 18 24 6 59 2 76 15 89 7 74 13 29 14 31 10 96 16 34 3 55 12 22 17 65 8 82 4 13 11 88 9 20
19 36 10 86 14 75 16 84 3 54 1 31 18 15 15 53 11 66 7 59 8 47 5 92 2 21 0 23 4 57 13 92 17 68 9 26 6 16 12 55
11 84 3 59 5 20 16 7 1 3 8 3 14 34 9 33 2 62 4 69 19 22 13 12 0 93 12 11 18 48 17 11 15 59 10 30 7 15 6 86
15 11 11 93 8 28 19 70 1 71 9 52 10 21 7 87 18 86 3 38 17 78 4 26 5 92 0 78 13 28 12 24 16 33 14 68 6 56 2 47
15 42 16 93 3 24 2 91 18 15 9 76 10 62 19 67 12 20 14 77 1 81 7 91 17 6 4 23 0 45 11 90 6 9 5 86 13 52 8 68
6 11 10 94 14 30 11 72 3 57 15 97 19 78 16 38 4 82 13 30 18 9 17 49 5 62 12 47 7 58 9 64 8 44 1 68 0 48 2 16
7 72 12 22 0 43 15 75 19 2 9 83 11 64 14 56 16 91 8 95 2 67 1 84 4 91 6 37 13 67 5 46 17 66 18 33 3 88 10 76
8 7 13 36 9 35 19 38 6 99 7 77 16 16 1 12 11 89 10 91 17 6 5 6 12 49 14 61 2 42 3 95 18 72 0 77 4 81 15 79
10 83 9 24 6 61 0 12 3 41 16 19 17 4 8 46 18 2 19 1 15 43 12 9 2 16 1 60 13 11 7 96 4 93 14 84 11 89 5 20
16 36 14 70 1 98 2 44 13 29 15 33 5 41 10 85 8 90 7 88 11 97 18 68 0 53 3 55 9 59 19 91 4 57 12 56 17 6 6 80
17 83 1 72 3 32 7 44 12 5 0 94 11 44 15 48 16 74 8 18 5 68 6 52 9 55 14 38 13 10 19 90 10 77 2 36 18 12 4 36
9 62 11 89 16 39 13 22 0 78 7 35 1 10 17 70 14 26 3 52 2 36 19 30 18 1 8 81 4 40 10 83 5 52 12 50 6 65 15 80
8 53 16 46 17 64 3 97 11 31 5 29 2 10 9 99 12 92 19 26 18 88 1 42 4 25 14 32 0 88 7 89 13 1 10 35 15 82 6 84
