50 15
6 14 12 80 0 5 5 19 4 80 8 69 7 52 11 16 10 22 13 69 3 26 9 95 1 44 14 98 2 33
3 39 0 25 5 77 11 95 4 41 8 96 2 68 1 60 9 58 14 72 6 8 13 16 10 73 12 54 7 67
10 98 5 70 14 88 12 63 6 62 3 65 4 10 11 1 7 7 9 94 13 83 0 39 8 4 1 7 2 67
9 31 10 15 8 47 7 20 1 24 11 20 14 24 5 46 13 82 4 61 12 78 2 50 6 50 0 77 3 86
1 38 6 43 14 86 5 13 12 64 11 92 2 37 9 23 13 99 8 8 10 49 3 54 4 17 0 57 7 11
6 41 3 54 2 9 11 85 5 69 10 67 8 50 13 23 1 97 0 98 12 20 7 79 9 61 4 51 14 21
3 17 4 28 6 38 8 62 12 24 7 40 13 19 0 48 2 86 10 69 14 69 11 63 9 22 1 98 5 20
7 71 13 27 8 94 12 92 1 3 3 54 10 84 9 74 0 98 14 44 2 36 6 94 5 72 4 38 11 95
10 42 4 6 13 88 6 56 1 23 0 44 14 35 5 65 7 1 12 28 3 63 2 64 11 3 9 91 8 50
7 48 12 23 14 40 8 55 6 94 10 70 11 16 5 46 2 3 0 74 13 37 3 31 4 8 9 12 1 18
14 28 11 79 12 82 4 2 7 82 2 72 3 50 6 45 13 29 10 85 1 65 9 39 0 9 8 58 5 87
7 27 8 6 0 56 11 55 9 48 4 14 2 84 13 41 1 90 14 11 6 27 12 60 5 10 3 10 10 46
4 75 13 81 1 4 0 7 11 45 9 8 8 84 14 43 2 73 5 46 3 57 10 5 12 42 7 50 6 35
10 35 12 79 14 58 7 36 4 3 9 48 13 20 11 91 3 70 2 46 5 17 0 86 8 22 1 94 6 21
11 13 8 63 10 96 7 75 0 82 13 68 14 54 6 44 3 95 1 9 9 53 5 17 2 39 4 22 12 51
0 68 3 37 2 93 8 55 10 64 9 21 5 40 1 37 7 52 13 62 11 34 12 57 6 81 4 73 14 61
11 99 8 43 3 98 4 69 6 91 7 87 9 9 12 85 13 56 10 89 1 10 0 56 2 40 5 45 14 21
12 23 13 6 14 7 8 28 11 94 5 42 6 22 10 50 1 12 0 92 2 66 4 8 3 52 7 25 9 66
1 93 6 13 9 50 8 66 14 72 10 68 5 20 2 70 3 12 12 89 0 43 13 3 7 89 11 95 4 12
2 26 9 77 0 50 3 20 10 94 4 71 14 64 5 73 6 55 13 53 1 80 7 70 11 26 8 15 12 86
7 4 13 2 6 43 11 48 8 26 1 71 2 63 12 1 0 16 10 82 3 71 4 47 9 38 14 4 5 76
10 34 8 88 0 18 13 71 9 57 7 70 4 26 5 83 1 2 6 84 12 23 11 64 3 73 2 90 14 58
8 30 1 93 12 83 2 41 14 12 11 49 0 12 10 6 9 14 13 90 3 60 7 97 6 82 4 3 5 82
3 48 13 38 9 26 1 11 6 79 0 25 2 63 8 6 4 17 12 9 11 90 5 28 7 89 14 53 10 91
8 33 7 46 6 81 10 99 4 70 13 46 0 75 11 78 5 87 3 26 12 12 1 67 9 67 14 43 2 96
9 77 8 85 4 68 12 48 0 70 1 10 3 29 5 73 6 45 14 4 13 7 10 47 2 35 7 87 11 70
10 76 5 12 3 13 11 50 13 24 7 10 2 69 1 8 14 15 12 8 8 1 9 92 6 40 4 36 0 98
12 99 10 94 1 72 11 99 14 29 5 97 0 7 9 83 8 35 13 79 7 41 3 92 4 44 6 74 2 19
3 58 9 30 7 45 8 8 13 47 4 7 0 30 14 22 6 26 10 54 11 93 2 50 5 78 12 47 1 38
13 5 8 62 4 53 9 58 14 14 6 93 1 27 5 2 11 52 7 59 0 84 2 2 10 19 3 51 12 26
5 59 13 68 14 16 10 26 1 67 0 51 4 58 8 28 12 34 6 74 2 48 7 41 9 84 11 65 3 80
1 29 4 84 8 64 3 12 12 49 10 88 0 88 5 91 7 79 14 61 11 84 9 42 6 9 13 75 2 81
12 87 13 27 6 23 0 42 3 8 8 69 14 47 10 45 9 6 7 45 11 11 1 86 2 76 4 15 5 29
11 52 3 25 8 67 5 80 4 51 1 93 12 48 9 41 2 25 6 98 7 98 10 32 13 60 0 16 14 33
2 53 0 74 6 89 4 71 1 69 13 38 11 32 10 54 14 32 9 46 5 41 3 59 8 45 7 14 12 49
6 94 8 53 14 37 0 5 1 88 9 15 2 33 10 40 4 66 12 60 13 19 5 65 11 71 3 63 7 70
2 16 1 42 12 56 3 10 7 14 13 1 0 31 4 92 11 39 9 32 14 36 6 65 5 81 8 33 10 3
11 79 8 72 0 82 3 21 12 85 2 92 4 8 5 79 7 54 10 14 13 31 6 42 14 15 1 70 9 82
6 47 1 62 13 1 8 92 9 38 10 38 4 81 5 29 12 84 2 90 7 36 14 77 0 14 11 31 3 33
4 99 0 84 8 68 10 91 9 49 6 95 3 93 5 25 2 28 12 14 1 43 11 32 14 40 13 3 7 55
1 84 11 71 6 9 9 33 2 26 10 48 4 73 13 47 0 99 3 73 8 66 12 24 14 70 7 42 5 27
10 56 3 28 6 86 5 27 11 90 14 90 8 99 4 32 1 47 0 47 9 1 13 30 7 80 2 89 12 9
1 75 11 36 4 18 8 69 13 19 0 75 5 37 3 15 14 19 12 45 10 78 9 94 7 55 2 80 6 3
7 89 3 32 9 68 14 58 2 7 4 21 5 17 10 83 1 62 13 75 6 51 0 80 12 46 8 25 11 82
6 47 3 88 1 13 10 93 2 27 8 91 9 33 11 18 13 65 0 84 4 29 7 89 5 14 14 2 12 53
11 35 0 50 14 88 8 8 3 36 9 73 5 66 1 88 4 66 6 13 13 58 10 83 2 45 12 68 7 90
2 15 14 77 4 95 9 14 7 59 10 44 3 81 13 38 5 41 8 92 1 50 12 65 11 74 6 49 0 87
5 84 2 69 7 27 11 52 8 73 12 81 1 95 13 78 3 84 14 34 0 66 9 16 4 53 10 15 6 3
7 51 5 32 11 91 13 38 0 45 12 31 8 18 3 33 1 27 2 79 6 33 10 83 4 12 9 42 14 83
5 57 13 72 0 45 14 10 7 74 4 67 6 94 11 61 12 33 3 62 1 89 8 55 10 73 9 87 2 41
