50 15
8 20 4 92 13 67 10 44 5 78 2 41 9 36 0 61 12 92 7 71 14 67 1 62 3 84 11 43 6 74
12 54 5 55 4 46 8 3 10 95 13 83 2 37 3 37 7 65 6 89 1 54 11 28 14 11 0 51 9 17
10 77 0 83 7 77 11 50 6 92 3 56 5 59 9 51 14 53 4 4 12 85 2 51 8 13 13 10 1 92
13 11 6 6 14 7 8 47 10 5 0 28 7 60 3 11 2 94 1 21 4 54 12 95 9 2 11 82 5 58
2 74 4 84 12 81 11 21 14 38 13 39 8 69 5 87 1 90 10 83 9 87 6 59 0 54 3 74 7 60
8 74 6 19 5 20 0 87 10 26 14 25 1 47 11 4 2 5 4 19 7 27 3 79 13 15 12 87 9 29
14 52 4 34 7 69 2 10 12 74 10 50 13 54 9 10 0 25 11 67 3 27 6 9 1 28 8 97 5 22
13 93 11 81 4 51 0 92 9 44 5 87 2 37 7 29 8 19 3 20 12 69 6 10 10 37 14 22 1 66
9 15 14 86 11 61 10 56 5 60 3 98 2 93 8 51 12 3 7 70 4 14 0 15 1 33 13 44 6 17
3 31 10 68 8 99 0 68 14 7 9 90 2 39 5 39 6 29 12 15 13 18 4 66 7 12 11 98 1 25
11 98 3 91 9 57 5 51 0 53 10 70 14 88 8 25 6 95 13 4 7 53 4 62 12 51 1 3 2 97
9 50 4 77 5 73 3 97 14 88 6 48 1 36 11 87 10 57 7 96 12 43 2 62 13 27 0 95 8 96
6 90 1 18 12 69 0 73 7 2 10 95 2 36 14 6 13 49 11 59 4 72 5 79 9 23 8 59 3 78
14 11 10 89 8 96 11 58 9 10 7 20 0 79 13 74 6 89 3 33 2 81 1 31 5 61 4 84 12 21
6 50 9 2 4 50 2 27 13 87 5 14 11 89 0 75 7 17 8 67 3 16 14 9 12 96 1 94 10 60
8 66 12 32 4 21 3 95 9 27 2 44 14 58 6 78 7 83 11 82 10 96 0 45 5 37 13 17 1 35
7 40 13 46 4 91 10 95 5 56 1 56 2 30 6 46 11 62 0 44 12 82 9 78 3 92 14 18 8 9
3 62 14 85 11 98 1 68 2 51 7 97 8 86 5 1 10 85 13 94 12 18 9 36 0 84 4 79 6 92
7 97 6 95 4 26 3 81 11 28 14 6 2 10 9 15 1 63 13 48 8 31 12 72 0 73 5 53 10 6
5 84 7 14 4 20 6 59 11 44 2 4 13 92 12 36 14 71 9 65 10 85 1 29 0 81 3 97 8 85
1 78 2 14 6 7 0 75 8 44 5 25 7 76 4 44 9 94 10 48 12 41 13 36 11 47 3 10 14 74
3 27 0 44 11 26 13 92 5 64 2 50 8 58 7 76 1 5 9 66 12 6 10 7 14 70 6 79 4 85
10 54 5 77 9 81 1 29 7 93 6 29 3 63 0 42 2 48 14 24 4 98 12 83 8 63 11 27 13 84
3 82 13 48 7 22 6 17 10 45 0 61 12 47 11 58 14 47 1 33 8 51 9 63 4 67 2 75 5 93
1 64 6 53 10 60 9 72 5 41 7 56 11 32 3 80 12 8 0 13 13 20 8 94 4 73 14 18 2 84
13 81 5 3 8 76 14 31 3 74 12 44 6 38 9 43 7 12 10 8 2 84 1 80 11 26 4 55 0 53
9 92 6 54 11 81 5 42 10 89 7 59 1 75 4 40 2 99 12 99 0 26 3 61 8 94 14 22 13 1
8 5 4 62 0 10 12 97 6 24 9 7 3 59 2 73 10 92 1 43 13 26 5 73 14 45 7 3 11 30
10 65 8 47 11 11 7 4 1 36 9 29 4 30 3 18 0 53 5 63 2 23 13 32 12 35 14 99 6 7
0 94 1 69 5 32 11 44 7 77 2 22 8 4 9 77 13 22 14 19 10 59 3 15 4 79 12 70 6 49
3 34 8 57 2 92 11 8 7 40 0 37 5 57 10 90 9 23 1 79 13 14 6 23 14 89 12 12 4 10
7 34 2 79 11 80 10 90 3 86 12 64 5 89 8 2 4 20 13 89 9 79 1 62 6 19 0 21 14 57
2 98 12 28 0 28 9 17 5 18 13 40 14 34 10 59 8 50 1 32 6 67 4 38 3 73 11 11 7 91
2 6 1 60 13 34 5 16 6 6 7 32 4 98 3 32 8 84 12 94 11 83 10 71 0 42 14 15 9 11
7 56 5 3 3 58 1 65 9 21 12 38 11 4 6 49 4 89 13 42 0 95 10 42 8 64 14 46 2 94
3 84 13 13 11 6 12 54 0 15 8 60 2 76 9 35 10 18 6 38 7 53 14 78 5 15 1 76 4 42
8 88 10 92 6 21 9 53 11 17 5 42 0 40 13 63 14 47 1 1 7 77 3 78 2 44 4 73 12 48
2 72 3 87 1 45 0 96 14 52 7 81 10 42 8 80 13 38 6 93 9 64 11 2 12 86 4 1 5 48
13 80 10 62 1 77 14 66 8 40 4 58 3 36 0 77 11 28 12 11 7 8 9 98 2 74 6 52 5 22
10 84 8 3 14 84 7 72 2 34 5 36 12 60 3 67 4 59 1 64 13 53 0 91 6 74 11 88 9 50
13 78 2 31 0 13 9 99 11 43 14 37 4 26 3 30 1 80 6 22 5 58 12 67 7 66 10 16 8 93
0 15 5 12 9 86 6 36 7 26 3 30 13 11 8 21 2 45 4 90 11 43 12 93 14 3 10 15 1 46
14 9 1 13 8 14 6 45 11 82 10 63 9 92 7 61 5 23 2 79 4 49 12 25 13 17 0 22 3 28
10 98 4 74 11 59 6 7 7 39 9 89 8 42 5 68 14 61 12 76 2 65 3 77 0 64 1 46 13 93
6 93 8 89 10 22 7 79 5 25 12 24 4 69 13 41 0 19 9 18 11 3 1 17 3 61 14 56 2 64
8 27 10 13 12 13 9 61 11 69 3 54 1 31 13 91 2 72 7 92 14 21 4 13 0 98 5 82 6 70
2 64 8 2 14 62 4 15 13 93 7 27 5 76 1 91 0 48 9 47 6 90 10 89 11 17 3 52 12 5
11 40 12 78 0 35 8 26 9 9 7 45 5 39 1 85 2 61 6 88 14 70 3 11 10 36 13 7 4 46
12 93 10 33 4 44 9 13 7 25 3 46 1 26 6 56 2 86 8 34 14 69 11 30 13 92 5 73 0 50
3 11 5 61 12 38 14 48 0 2 8 44 4 55 6 63 7 8 9 93 2 54 13 92 10 73 1 37 11 68
