50 15
7 11 14 18 5 95 11 14 12 81 1 98 4 45 9 76 10 40 6 26 2 11 0 49 3 97 13 21 8 28
0 38 5 8 13 33 12 56 8 8 1 12 7 37 10 76 6 97 14 43 3 39 11 37 2 38 4 38 9 39
5 21 13 94 6 82 2 35 9 23 12 95 8 44 10 9 14 51 0 81 7 80 1 88 3 39 4 98 11 78
12 65 6 71 7 67 10 57 4 40 14 52 11 97 2 59 8 74 0 95 9 3 1 58 5 12 13 8 3 26
6 56 11 88 7 96 2 21 14 72 12 33 8 19 10 89 9 51 4 26 1 13 0 38 13 38 3 87 5 66
7 50 9 15 14 42 0 3 6 82 2 67 8 10 4 82 10 73 1 57 13 69 3 79 11 79 12 19 5 3
3 33 12 43 5 20 0 31 2 70 1 83 7 86 10 12 13 55 6 17 4 28 8 3 9 17 11 70 14 42
4 87 11 80 1 73 10 50 6 19 2 33 12 24 8 23 9 45 3 36 13 30 5 53 7 93 14 8 0 41
11 66 12 31 0 75 5 42 6 22 8 41 1 85 2 79 7 2 10 88 9 73 14 98 3 46 4 86 13 84
3 94 11 85 7 37 5 2 8 13 12 56 6 48 1 71 9 54 0 66 4 62 14 74 2 82 13 91 10 61
14 98 13 42 10 82 9 95 8 3 11 67 7 86 4 11 12 30 6 57 3 7 2 2 0 71 5 61 1 81
14 36 12 56 8 34 5 50 10 67 2 46 11 29 0 91 4 2 1 37 13 62 3 67 9 53 7 64 6 1
2 1 7 25 9 84 10 62 5 40 14 26 3 7 6 31 13 57 12 25 8 20 4 39 11 16 1 45 0 12
6 39 7 72 13 28 5 3 0 84 1 40 4 24 12 47 9 65 2 55 11 27 8 61 14 69 3 34 10 48
9 21 11 94 6 46 2 52 5 14 7 69 14 72 8 30 10 20 12 89 0 45 4 10 3 26 1 69 13 4
7 88 2 64 11 30 1 26 12 90 9 9 13 66 3 24 0 90 6 3 14 39 5 15 10 40 4 25 8 54
8 4 3 48 13 83 1 94 10 65 4 41 11 89 0 66 7 77 5 33 12 12 14 46 6 94 9 5 2 59
5 99 12 80 6 88 4 63 8 38 2 68 3 32 10 84 7 87 0 84 13 66 14 80 11 49 1 35 9 45
9 21 8 81 14 38 0 5 3 53 6 36 12 31 10 95 13 43 5 13 4 62 11 13 1 62 7 99 2 41
8 60 2 94 0 48 10 39 3 40 7 64 12 15 13 49 6 87 1 82 9 15 4 35 5 65 11 27 14 13
8 31 3 42 1 8 14 56 9 93 11 13 10 66 5 83 12 36 13 82 0 88 4 45 6 91 7 60 2 44
11 39 2 60 12 86 1 35 7 49 8 95 5 90 14 84 10 62 13 69 4 94 3 54 6 94 9 13 0 56
4 57 14 94 10 92 13 80 11 96 9 21 5 94 3 26 8 65 12 82 1 10 2 19 6 52 7 13 0 96
8 87 1 9 0 71 14 74 13 31 9 78 10 48 7 2 12 90 2 4 11 24 6 2 5 81 3 5 4 41
3 32 2 38 1 56 9 84 13 8 11 20 14 60 5 71 10 57 12 75 8 26 6 47 7 23 0 94 4 68
2 47 13 96 8 6 12 6 10 50 4 65 14 13 3 85 5 43 6 59 9 53 0 70 11 32 7 58 1 38
8 11 6 86 1 59 10 84 12 68 9 24 13 25 0 90 4 80 14 82 11 21 5 76 3 10 7 14 2 58
4 73 1 24 9 34 11 95 14 88 2 8 5 51 0 88 7 98 3 2 12 59 13 75 10 78 6 7 8 49
14 98 10 60 9 35 2 11 3 44 6 3 1 53 4 16 0 21 8 37 11 19 7 9 5 66 12 5 13 20
10 72 7 14 5 95 1 69 3 64 6 85 11 19 13 41 12 92 4 20 9 10 0 86 2 98 14 74 8 52
4 91 2 89 9 50 0 11 7 40 3 5 10 71 11 49 14 55 8 15 5 13 13 10 6 57 1 48 12 49
13 85 9 63 7 88 8 57 4 6 11 80 1 71 2 54 5 62 3 26 12 2 10 34 6 78 14 32 0 84
14 37 8 14 7 15 5 51 0 14 11 98 1 25 13 63 10 84 4 23 3 1 12 18 2 49 6 46 9 89
2 99 3 49 11 41 7 53 12 51 1 31 5 60 6 24 13 28 0 50 10 1 14 37 4 27 9 38 8 83
4 33 1 41 7 18 12 85 0 1 9 96 6 68 10 45 8 51 14 80 11 95 13 25 2 8 5 75 3 43
13 13 5 30 0 49 2 5 3 41 6 3 9 11 7 72 4 66 12 40 14 61 8 18 1 29 11 3 10 51
8 2 0 33 11 44 1 35 10 34 14 41 7 6 13 51 6 79 3 12 5 98 9 81 4 16 12 71 2 26
8 89 1 97 9 83 12 79 2 15 4 8 3 78 6 43 7 90 0 97 10 80 5 18 11 7 14 45 13 20
1 38 6 91 8 96 4 9 5 78 11 23 7 29 14 38 12 70 2 56 0 79 3 51 13 13 10 47 9 40
8 38 1 27 2 2 11 98 6 46 10 21 0 9 12 60 13 99 5 40 3 42 14 81 9 61 4 10 7 19
8 95 4 44 13 87 0 51 2 73 10 12 1 86 5 37 6 1 9 24 7 60 11 87 14 19 3 14 12 60
4 46 8 25 5 44 14 60 3 94 0 37 1 24 6 5 2 11 7 89 10 45 12 28 9 56 11 86 13 67
14 83 4 91 7 8 1 32 2 67 5 53 12 69 11 79 8 34 10 77 9 54 3 26 13 23 0 7 6 60
6 30 3 8 0 97 9 94 8 70 4 61 7 46 13 17 5 8 11 35 1 29 14 42 2 4 10 84 12 36
12 82 13 47 2 96 6 32 8 3 3 61 10 52 1 34 4 57 5 39 0 93 11 35 9 27 7 95 14 27
14 8 6 45 1 66 13 42 12 42 10 51 0 75 9 75 11 88 5 9 2 25 7 90 4 61 8 32 3 61
13 76 2 93 8 93 7 97 4 58 6 69 14 5 9 68 12 80 0 38 11 7 1 46 10 16 3 47 5 1
6 71 1 33 7 56 4 40 10 68 12 15 3 61 0 34 13 85 14 25 8 18 2 38 11 80 5 12 9 55
7 96 13 30 1 52 10 99 0 35 2 3 11 35 5 53 9 24 12 66 8 90 6 73 4 98 3 92 14 96
0 65 14 59 12 85 5 25 4 43 7 80 8 52 13 50 6 16 1 62 11 9 9 78 10 64 2 74 3 13
