30 20
6 56 18 26 7 15 10 75 2 43 11 68 0 67 17 94 19 42 16 22 9 63 12 93 5 96 15 86 13 68 14 38 3 39 4 4 8 19 1 33
6 59 18 64 1 45 17 41 7 59 11 52 19 78 4 59 5 47 2 86 15 22 0 44 13 49 12 89 8 44 14 61 3 8 9 83 10 44 16 50
19 76 1 78 15 41 4 36 14 20 17 98 0 18 18 49 12 18 10 78 2 60 13 16 3 12 5 10 11 2 9 85 7 83 16 38 6 10 8 28
13 9 2 2 0 4 14 30 6 48 17 1 19 61 8 82 4 51 11 11 18 82 1 6 10 51 16 98 7 36 9 45 5 26 3 32 12 24 15 5
1 56 6 96 17 77 4 69 10 7 7 84 2 19 11 9 15 46 9 11 16 67 13 98 19 90 3 92 14 86 18 25 5 79 0 25 12 6 8 77
5 47 19 41 0 83 14 97 3 38 8 60 4 5 7 96 13 81 17 5 10 38 15 88 12 63 11 56 16 12 18 71 1 63 2 20 9 48 6 55
19 25 13 43 12 64 6 60 17 36 15 39 2 70 7 63 1 9 5 72 10 47 16 84 0 59 8 53 11 63 9 38 18 69 3 30 4 89 14 70
7 68 14 9 4 49 8 56 0 91 17 23 19 73 3 44 9 88 10 81 16 12 18 27 12 20 13 18 2 7 15 84 11 83 5 44 6 96 1 75
19 47 0 48 14 18 18 93 7 80 13 66 17 61 15 92 2 29 5 24 16 97 3 6 10 35 6 8 8 67 11 90 9 73 4 84 12 27 1 10
2 19 7 17 4 33 6 36 3 73 18 9 19 17 1 15 16 52 9 5 12 98 13 62 10 23 8 49 17 16 0 25 11 54 14 53 15 92 5 43
8 69 17 82 1 36 16 46 0 67 9 28 3 54 4 42 14 28 10 27 12 12 7 73 5 53 15 6 11 90 18 29 6 23 13 33 2 32 19 18
18 78 9 27 17 83 1 57 8 35 6 49 2 84 12 2 19 5 13 20 14 52 0 40 10 26 11 37 7 44 5 32 16 22 15 43 4 89 3 2
7 13 10 44 8 81 14 49 11 68 4 3 9 38 6 20 0 39 1 72 15 73 12 83 16 60 17 59 3 91 13 86 5 92 19 59 18 48 2 32
6 81 1 19 19 34 8 13 0 37 9 43 16 25 13 78 4 6 12 13 18 47 5 57 10 85 7 34 17 77 15 52 3 66 14 69 2 84 11 2
5 61 14 48 12 15 7 15 10 31 9 45 8 37 6 92 4 62 2 60 17 13 19 28 15 19 0 98 3 78 13 39 1 71 16 59 18 45 11 72
4 26 0 87 17 17 6 75 11 89 1 79 10 21 15 21 5 22 2 23 13 80 19 83 14 96 3 46 18 84 16 61 8 52 7 67 12 38 9 21
10 55 11 99 18 95 8 60 19 86 15 88 14 25 5 58 0 91 6 96 13 40 7 81 17 52 4 38 1 33 3 79 9 99 2 64 12 31 16 40
19 3 7 42 0 5 16 93 10 66 13 39 4 88 8 50 12 44 11 8 9 62 14 51 1 26 17 52 5 27 18 29 3 48 15 43 6 22 2 94
5 57 9 82 10 84 0 53 4 17 11 42 17 75 19 75 3 82 8 87 1 82 12 99 15 74 16 44 14 44 13 83 2 5 6 55 7 64 18 49
11 93 19 37 15 4 8 20 2 12 5 52 7 63 10 61 16 49 3 83 6 37 13 66 14 35 4 9 12 26 1 57 9 33 18 35 17 55 0 70
2 54 9 61 5 97 18 93 4 64 11 62 8 11 3 92 10 39 6 52 14 26 15 48 7 56 19 57 16 74 1 1 17 65 0 76 12 78 13 14
8 44 4 28 14 67 6 79 16 28 2 84 13 92 3 49 0 60 5 39 10 8 15 47 7 16 12 81 19 15 18 24 17 46 1 2 11 91 9 40
0 39 2 37 15 75 13 84 1 16 8 69 9 69 16 52 18 94 4 16 7 55 12 68 10 32 6 89 3 55 17 77 11 33 19 96 14 43 5 59
15 74 10 80 3 94 6 15 14 21 5 22 19 23 0 1 16 99 9 94 7 17 1 18 11 92 2 83 12 25 18 51 17 84 4 6 13 82 8 21
14 10 6 87 1 93 7 88 10 75 11 87 16 71 12 13 0 77 8 9 13 86 2 4 15 47 9 35 4 81 18 11 5 11 19 42 17 70 3 94
5 50 16 64 7 25 19 82 8 59 6 3 13 19 10 49 4 45 1 80 2 85 3 63 18 66 11 82 12 60 9 60 17 12 14 3 15 82 0 96
0 85 13 40 7 40 6 20 10 84 1 55 19 86 2 38 15 90 3 84 17 40 11 47 5 90 12 8 9 31 18 69 4 59 16 82 14 98 8 56
6 65 11 26 8 24 9 79 1 89 5 15 15 54 7 71 14 68 10 35 17 66 18 16 12 17 13 92 19 93 16 86 2 84 0 62 4 15 3 47
8 58 13 39 3 30 17 55 0 64 15 63 1 69 12 22 16 97 5 6 18 38 10 96 4 4 2 19 11 86 19 24 9 29 14 70 7 33 6 98
1 21 18 65 5 26 2 4 4 40 9 64 19 10 14 36 6 15 0 81 10 56 12 13 17 98 11 22 8 30 15 64 16 20 7 84 13 62 3 27
