30 20
14 90 3 7 13 67 12 1 6 15 9 83 17 29 2 98 7 35 10 78 15 96 18 32 16 97 5 70 19 96 8 30 11 51 4 74 0 96 1 28
0 44 10 13 18 41 5 96 17 15 16 14 8 70 9 23 4 1 3 38 12 18 6 62 15 55 2 78 14 60 1 8 7 6 11 93 13 74 19 76
11 1 10 61 3 18 8 58 5 78 4 27 18 54 6 64 2 62 7 26 1 59 14 23 9 63 13 29 17 32 12 95 16 72 19 14 15 2 0 10
10 88 13 56 18 41 4 57 5 4 1 34 15 85 14 67 19 28 8 41 11 7 12 65 9 79 7 48 2 63 16 75 3 79 17 69 6 70 0 4
8 57 1 52 9 89 16 2 11 85 0 20 3 85 2 22 6 77 7 58 14 50 17 56 15 78 12 52 4 1 5 34 10 64 19 39 18 11 13 50
18 85 14 3 15 61 16 46 7 82 2 16 9 37 6 65 1 55 8 88 4 65 12 54 3 24 0 71 10 76 11 64 13 16 17 57 19 14 5 87
15 76 16 37 13 27 17 45 19 28 7 90 12 50 2 40 1 26 14 14 11 91 18 42 10 65 6 37 8 78 4 57 9 17 0 13 5 76 3 42
17 72 8 32 11 36 3 64 16 99 1 79 6 91 2 12 12 77 15 90 9 88 0 36 18 74 7 15 19 78 5 27 4 36 13 80 10 70 14 26
1 68 19 56 8 86 12 77 14 60 15 70 6 40 3 42 9 13 7 93 17 6 16 98 4 15 13 85 0 55 11 45 18 1 10 82 2 82 5 27
2 41 3 68 17 17 14 72 8 80 19 69 15 8 13 3 5 75 1 31 7 31 9 57 12 6 0 45 11 15 6 80 4 53 18 61 10 32 16 19
19 12 13 83 8 53 5 76 15 63 9 45 18 61 7 83 10 13 12 24 17 68 3 35 2 42 1 67 11 2 4 13 14 61 16 92 0 8 6 3
14 98 2 24 8 28 4 93 6 35 1 13 3 20 12 9 18 46 16 66 0 84 11 19 17 87 9 1 15 57 7 64 19 75 5 11 13 58 10 24
17 49 8 66 16 22 12 11 3 54 4 46 10 32 15 52 2 43 9 48 11 46 19 20 13 62 6 31 14 47 0 75 18 69 7 59 5 47 1 41
11 31 2 80 6 30 3 52 16 32 7 87 19 6 14 88 1 80 4 98 5 15 18 6 0 74 17 39 9 64 10 20 15 17 12 70 8 22 13 62
0 42 3 73 18 49 17 86 1 6 7 20 8 62 12 42 11 10 9 71 15 95 13 11 5 89 16 3 4 68 10 89 2 9 14 36 6 66 19 85
7 16 17 95 16 15 3 6 8 75 10 91 18 33 13 27 14 8 0 66 12 83 19 45 1 95 9 67 5 59 4 18 6 7 11 94 2 24 15 24
3 61 15 1 6 26 11 54 2 22 19 28 1 15 8 57 5 97 7 12 14 27 9 76 16 63 4 11 12 30 10 28 17 22 0 23 13 80 18 88
15 17 5 45 6 42 2 43 9 23 18 44 11 39 10 85 16 51 12 74 14 32 3 92 13 64 4 9 7 32 1 29 17 70 8 42 19 4 0 32
4 29 8 69 14 75 6 65 11 24 2 22 9 5 16 90 18 30 3 38 17 41 0 14 10 7 7 38 15 44 1 95 5 53 13 87 12 69 19 92
3 98 1 27 7 57 2 86 13 49 17 8 4 7 8 29 19 35 5 95 14 45 16 19 18 73 11 23 10 92 0 73 6 79 12 27 9 70 15 73
17 49 0 37 15 95 14 83 19 90 11 22 2 86 10 44 18 78 8 79 12 46 7 38 4 69 1 67 13 5 3 69 6 99 16 78 5 97 9 8
10 55 5 18 1 81 13 5 3 47 2 45 9 78 11 22 15 12 12 64 16 37 14 32 7 87 18 62 6 21 19 71 0 85 17 89 4 68 8 77
11 74 18 84 17 59 2 17 12 77 7 12 19 99 5 89 15 32 16 69 14 79 4 67 0 29 6 62 1 83 8 66 10 6 9 27 3 30 13 73
9 82 3 40 18 63 19 73 13 52 10 1 4 23 6 24 8 70 11 49 0 76 2 76 14 59 17 84 15 26 1 33 12 84 16 11 5 65 7 80
10 27 19 98 9 82 13 78 18 1 12 73 11 68 3 79 15 24 5 81 2 31 0 63 6 76 17 56 7 45 14 82 16 93 8 50 1 76 4 80
12 68 11 22 1 19 15 37 8 23 17 7 6 78 5 1 7 88 16 47 4 99 3 8 13 38 14 1 2 9 19 24 18 93 0 17 9 60 10 65
1 77 14 93 5 65 18 92 4 4 17 25 12 21 2 5 16 94 13 37 6 12 3 14 19 56 7 87 9 64 0 61 10 94 15 39 8 25 11 71
17 51 18 70 2 34 0 81 5 19 12 63 3 33 10 65 13 23 11 40 6 29 15 71 9 6 16 30 19 61 8 43 1 34 14 62 7 93 4 81
5 35 10 8 6 82 4 45 8 19 14 44 17 14 16 65 3 40 13 62 19 51 15 64 9 82 7 37 11 50 18 56 0 89 12 17 2 12 1 48
2 62 9 76 19 49 5 50 6 56 18 79 1 87 8 14 16 74 11 1 0 95 13 32 4 54 7 57 15 32 10 41 17 54 12 7 14 61 3 20
