30 20
9 28 18 44 3 27 7 97 1 18 16 89 19 79 13 84 11 12 2 39 4 63 17 49 10 66 12 67 6 66 15 7 0 95 5 56 14 90 8 27
6 21 11 53 0 33 9 30 10 80 12 16 1 32 18 12 3 15 17 28 2 70 16 58 19 45 5 17 15 80 14 80 4 24 8 6 13 32 7 15
7 56 19 67 2 24 10 32 14 74 1 20 6 67 15 94 9 68 16 64 5 46 18 96 11 22 0 36 8 64 4 65 12 11 3 17 17 69 13 84
12 36 14 71 11 49 8 84 19 94 18 40 10 42 6 55 4 64 1 48 3 60 0 95 2 73 15 32 13 43 17 40 16 15 9 1 7 79 5 42
16 26 11 55 10 49 3 50 9 55 8 70 0 11 4 98 19 86 13 77 12 28 7 44 2 45 14 31 5 6 15 74 6 1 18 76 1 20 17 64
14 41 11 1 10 73 2 4 0 80 7 15 19 31 4 22 6 54 3 21 17 26 1 5 8 98 12 22 15 19 16 60 18 14 9 88 13 78 5 35
2 24 11 5 1 97 13 53 0 49 5 48 3 4 8 83 10 84 6 2 9 62 16 56 15 38 14 49 7 88 17 60 12 49 4 73 19 69 18 52
5 2 2 5 6 97 0 2 9 14 11 25 17 29 18 86 16 33 19 17 4 40 7 69 14 45 3 25 10 12 13 7 15 49 1 20 8 58 12 68
7 56 10 18 4 69 12 1 6 57 8 6 9 3 19 22 0 72 3 42 17 42 14 60 5 7 2 98 11 49 15 89 13 75 16 24 1 31 18 61
10 39 17 20 15 94 14 4 3 38 0 7 13 88 11 65 18 42 12 79 2 37 8 47 19 36 4 76 6 6 1 55 16 28 7 97 9 23 5 40
19 80 12 85 1 2 7 11 18 7 11 95 16 93 10 83 3 68 0 10 15 26 9 52 5 48 8 11 6 25 2 70 4 89 17 11 14 95 13 32
17 44 11 23 3 7 5 65 9 37 4 32 15 94 0 83 1 50 16 90 13 56 18 91 19 61 8 36 7 57 6 69 2 80 14 97 10 26 12 11
12 95 4 4 11 68 14 27 18 20 10 64 8 66 0 78 2 19 3 84 13 37 6 6 19 4 1 9 7 7 5 65 9 16 16 53 17 19 15 75
11 57 9 58 10 59 17 21 8 73 5 97 4 21 16 37 13 46 14 57 19 89 6 57 18 96 2 28 12 66 15 73 0 83 7 99 1 47 3 59
11 26 19 99 0 90 9 34 15 59 12 45 17 25 10 16 6 70 14 71 3 99 1 35 8 89 16 92 5 80 13 81 7 33 18 60 4 58 2 42
19 50 6 56 8 45 16 4 5 58 0 29 4 43 2 26 10 3 18 16 15 36 17 79 13 82 11 96 14 29 3 91 7 42 9 44 12 23 1 7
3 47 8 21 12 31 4 66 14 93 1 82 19 25 0 96 10 2 6 3 18 85 16 19 2 81 17 42 9 56 7 55 15 55 5 78 13 70 11 56
0 88 3 82 2 60 10 1 15 79 16 91 9 31 12 9 1 23 13 31 17 37 18 49 11 34 14 42 5 37 4 22 6 62 7 73 19 59 8 84
2 20 0 25 15 95 11 93 3 56 9 90 18 58 14 60 1 89 10 35 7 30 6 60 8 2 5 35 13 22 17 2 4 46 12 55 19 16 16 57
17 53 5 11 4 73 19 57 14 48 15 98 16 25 13 73 2 18 10 47 9 88 11 44 7 43 1 87 0 31 12 1 6 5 18 20 8 56 3 95
19 31 6 16 18 49 9 84 8 60 16 22 1 73 4 54 17 63 13 76 0 72 5 12 3 8 2 48 14 40 7 86 15 21 10 36 11 22 12 79
3 65 0 58 11 9 6 25 15 12 13 71 5 16 14 71 9 1 12 42 10 76 7 46 19 97 16 18 18 40 8 83 2 66 17 36 1 42 4 30
17 65 6 45 10 84 3 28 11 57 15 81 12 97 7 45 18 80 8 10 4 57 19 35 1 86 9 49 13 43 14 36 16 34 0 11 2 48 5 88
10 93 6 34 9 30 18 12 17 51 4 37 0 94 14 67 15 50 1 82 16 77 19 76 11 66 7 1 3 1 12 34 5 60 8 49 13 64 2 81
10 7 14 81 13 76 7 12 8 64 19 65 12 24 17 94 16 83 15 21 3 55 9 55 11 92 4 55 5 82 1 90 6 10 2 4 0 24 18 9
19 21 9 20 1 80 17 89 2 41 7 7 16 50 18 16 14 13 11 81 3 26 4 24 15 46 8 95 13 72 12 86 6 46 5 5 0 56 10 83
16 34 4 11 1 18 6 42 17 50 19 55 10 94 18 12 7 22 15 7 13 98 14 74 12 35 5 5 2 83 8 21 0 52 11 41 3 78 9 74
8 30 10 22 7 70 14 40 0 96 5 90 9 20 3 60 1 72 16 49 19 27 17 72 18 80 15 99 12 24 6 34 11 57 2 11 4 43 13 24
3 55 2 69 1 60 18 24 15 34 14 98 13 60 12 87 5 75 11 7 17 36 6 10 16 46 10 85 9 13 0 36 4 26 7 42 8 5 19 52
2 71 4 5 5 71 6 4 9 62 18 75 12 56 10 89 19 67 16 15 8 65 13 81 17 44 7 5 11 46 3 83 1 48 15 70 14 95 0 47
