30 20
17 89 13 42 7 46 8 1 2 42 10 31 12 55 19 95 6 2 18 83 14 40 16 53 9 47 1 49 11 82 5 94 4 99 15 59 0 70 3 94
1 50 5 34 15 75 14 50 7 4 19 31 11 56 13 42 10 27 3 42 0 33 18 10 2 69 12 59 4 53 8 8 6 67 17 58 16 80 9 9
2 76 3 13 6 86 16 41 5 32 0 17 1 20 8 16 10 2 15 28 14 40 7 94 17 61 9 76 19 57 11 80 18 88 4 89 13 82 12 69
19 88 7 88 15 24 6 64 12 95 17 82 8 49 1 50 10 79 0 54 3 54 4 70 16 98 14 69 18 50 11 22 5 29 2 92 9 84 13 23
18 73 5 22 19 96 6 77 10 80 12 94 9 92 1 50 11 37 3 32 0 72 2 28 15 70 13 45 7 23 4 64 8 15 16 91 17 29 14 75
17 58 5 96 6 7 1 65 19 79 3 43 7 50 11 15 14 48 0 10 15 86 2 31 10 27 8 1 4 4 12 84 9 37 13 23 18 98 16 16
7 48 16 36 10 54 0 99 17 69 5 78 2 84 3 79 19 64 13 86 1 83 6 35 12 97 15 19 4 98 14 2 9 39 18 73 11 24 8 22
6 56 13 69 8 79 4 2 17 67 1 17 18 40 0 94 10 78 12 99 5 42 14 60 9 1 19 40 3 41 16 88 15 12 11 21 7 15 2 42
16 49 8 69 19 73 7 11 12 1 11 89 17 85 10 40 9 72 3 28 2 54 5 45 15 68 4 60 6 59 0 76 14 45 18 7 13 50 1 15
12 22 10 85 5 35 9 44 0 30 3 77 13 92 16 10 7 31 18 24 17 33 14 91 4 37 8 12 11 41 6 54 1 27 2 28 15 34 19 30
15 2 19 6 1 8 6 32 10 62 17 53 9 7 14 35 5 33 2 53 11 40 8 51 7 40 12 26 4 20 3 85 16 59 0 41 13 23 18 21
16 93 0 24 11 68 6 71 3 71 14 93 10 44 2 39 19 15 15 70 18 67 7 16 9 91 8 42 12 13 17 30 4 30 13 38 5 39 1 29
19 5 1 67 14 49 4 54 5 77 7 44 0 34 13 35 2 40 3 28 6 89 9 68 15 91 10 23 16 9 11 97 18 26 17 45 12 98 8 78
0 61 19 57 7 79 5 17 14 11 15 17 9 91 16 85 4 74 12 14 10 24 11 17 6 58 1 14 18 91 2 43 17 43 13 36 8 69 3 91
10 50 17 98 12 59 4 60 15 92 19 25 18 56 13 85 0 39 9 27 3 1 16 59 2 9 11 81 14 25 1 77 6 43 8 62 5 17 7 67
13 23 8 78 12 19 19 95 18 91 5 84 0 70 3 46 14 37 2 12 4 94 9 1 15 83 16 64 6 56 10 75 7 81 17 72 11 59 1 30
12 11 18 34 15 78 4 43 17 90 5 79 9 82 10 80 2 96 6 57 13 61 8 23 14 87 11 74 0 15 19 8 16 61 1 76 3 93 7 31
6 19 19 90 3 65 10 86 7 95 12 20 17 84 8 4 0 31 5 45 4 61 18 97 14 92 11 47 9 64 13 42 2 3 1 38 15 13 16 61
14 6 18 21 19 96 6 83 1 49 16 42 3 50 5 47 8 52 9 52 4 72 0 47 11 96 10 80 12 25 13 99 2 1 7 99 15 53 17 33
10 7 0 25 17 81 6 39 3 86 4 9 2 50 13 27 8 26 7 21 16 24 19 84 11 72 5 46 1 1 18 63 9 63 15 32 14 45 12 30
3 30 8 93 2 27 14 12 19 55 6 32 11 82 1 3 12 7 18 41 10 32 17 99 7 10 0 76 4 9 9 42 13 41 5 99 15 26 16 65
10 45 11 56 16 78 12 39 19 28 2 54 9 48 14 72 6 15 8 46 13 66 17 15 15 16 0 58 7 57 1 46 18 65 4 21 3 42 5 67
5 3 19 34 10 90 18 84 2 73 12 73 9 19 13 43 4 19 1 75 17 41 7 57 3 30 11 27 0 46 14 82 16 75 15 5 6 37 8 50
12 78 8 9 17 84 16 26 3 23 18 70 11 79 7 36 10 59 14 59 19 9 1 7 13 8 4 10 9 75 15 20 6 31 2 99 0 86 5 32
19 7 8 90 15 82 16 52 7 32 4 95 2 24 12 83 5 28 10 13 17 93 1 29 0 64 18 59 13 93 6 42 3 79 9 16 11 87 14 43
9 76 3 36 10 58 18 51 13 16 19 62 16 62 7 51 4 9 12 37 5 33 11 57 15 67 17 58 2 74 0 43 14 7 8 11 6 56 1 66
19 37 4 85 10 47 3 35 1 5 0 72 2 36 5 80 14 78 12 96 17 31 7 71 8 84 11 34 9 32 16 73 15 72 18 28 13 83 6 94
7 42 17 39 12 5 11 67 13 42 1 79 4 78 16 90 14 83 6 41 19 98 8 29 5 31 15 88 0 4 3 87 9 68 18 33 2 61 10 80
11 83 19 76 9 20 14 35 10 91 7 52 0 36 18 2 15 76 3 17 2 11 6 6 17 40 13 59 16 84 5 30 12 52 1 32 8 76 4 74
13 98 7 41 19 70 2 40 10 76 0 95 17 13 15 73 12 51 3 24 6 50 11 56 5 40 4 18 14 98 1 37 16 20 9 31 8 90 18 9
