30 20
3 21 13 19 6 39 5 48 8 54 2 94 9 91 0 96 14 99 7 55 4 60 1 64 10 3 12 8 18 54 16 25 17 27 11 55 19 63 15 49
18 97 6 39 10 49 7 49 19 20 1 94 8 66 9 16 0 62 5 44 12 21 2 64 3 93 15 66 13 59 17 58 14 34 11 31 4 15 16 37
7 63 19 60 6 64 8 27 12 12 4 20 9 79 5 68 1 36 16 43 17 24 14 17 13 57 18 46 10 64 2 73 0 63 3 7 15 9 11 84
7 68 15 5 2 85 6 79 0 53 14 69 1 50 12 80 5 18 17 90 3 61 16 32 8 27 4 10 11 6 13 44 9 72 18 87 10 47 19 66
10 7 9 29 19 96 13 93 18 28 12 68 7 19 15 39 17 74 11 27 2 79 0 7 14 20 16 54 6 11 1 45 3 48 5 9 4 78 8 71
13 91 1 92 10 63 6 13 2 8 16 63 12 51 4 75 17 17 14 34 0 17 9 82 19 84 8 89 18 36 15 91 5 73 7 92 3 60 11 39
16 11 6 18 10 92 12 23 3 52 1 81 19 75 0 14 13 74 4 95 15 49 9 30 14 30 17 73 11 62 18 15 2 73 8 31 7 64 5 94
7 97 14 6 1 46 12 21 16 88 8 14 10 63 2 9 13 1 11 75 17 51 19 57 5 6 15 44 9 46 6 57 3 12 4 68 18 31 0 9
12 14 13 49 6 64 15 29 17 30 10 18 3 80 8 28 0 71 5 19 7 4 19 48 4 8 14 27 18 11 2 66 11 37 1 41 9 57 16 85
16 18 12 87 18 55 6 15 1 83 5 14 9 74 0 47 3 89 11 50 13 27 19 32 10 57 2 33 4 59 17 81 15 86 7 96 14 60 8 77
3 12 11 34 4 48 15 60 6 62 9 66 12 79 10 18 7 97 0 43 19 97 1 26 16 38 5 72 17 26 14 15 13 55 18 94 8 25 2 88
9 42 16 22 6 60 17 21 11 99 3 51 1 19 19 4 7 78 4 40 18 65 5 57 15 76 8 42 13 60 10 48 2 90 14 71 0 92 12 6
3 29 6 12 9 57 12 66 15 35 13 2 4 13 18 97 8 40 11 34 19 57 14 32 5 33 17 65 2 16 1 45 0 18 10 90 7 28 16 71
12 58 4 24 0 78 17 74 11 66 9 72 16 44 5 9 7 40 2 47 8 36 15 79 13 39 19 43 1 55 14 93 10 95 18 63 3 81 6 21
16 98 0 79 12 48 10 46 8 80 14 81 13 76 17 26 4 26 2 80 19 24 1 3 18 75 5 17 6 83 3 21 11 80 9 94 15 39 7 60
14 55 8 52 19 98 18 43 16 10 13 69 7 81 11 81 15 60 10 33 5 43 3 25 12 84 2 18 4 83 17 67 0 80 9 28 1 75 6 92
10 73 15 47 1 85 6 73 2 41 17 26 7 1 12 11 5 28 18 78 14 50 16 23 8 63 9 24 3 16 0 57 19 31 13 79 11 12 4 56
8 75 19 16 14 43 18 56 4 48 6 35 10 77 12 93 16 38 15 46 5 25 9 83 13 85 1 95 17 46 0 77 7 24 3 21 2 49 11 34
6 69 3 18 4 34 5 82 15 31 11 41 7 87 14 73 2 99 8 14 10 35 0 44 9 97 13 8 12 65 16 23 18 4 17 59 19 80 1 8
14 94 4 58 3 95 5 56 2 8 8 89 17 70 19 41 0 75 15 13 18 11 13 78 1 53 16 32 7 14 12 86 11 21 6 55 10 71 9 21
9 36 18 17 0 8 13 76 16 50 10 16 15 79 6 70 17 5 19 38 3 90 11 73 2 21 8 79 1 98 14 43 12 76 5 27 4 91 7 37
12 25 3 45 10 52 2 18 15 54 19 39 1 71 7 77 4 90 8 19 13 54 17 41 9 70 14 30 11 97 5 28 6 4 18 72 16 7 0 4
13 3 1 51 4 31 15 33 12 95 5 29 17 14 14 19 19 50 7 79 3 86 0 83 6 49 8 84 11 68 18 71 9 99 2 82 10 65 16 25
9 82 12 80 8 67 4 94 10 37 14 7 1 99 5 93 11 18 19 16 13 23 18 38 17 54 7 44 2 70 15 45 3 24 0 86 16 6 6 50
14 49 2 99 17 75 10 61 8 19 4 43 18 65 3 8 9 8 1 26 19 15 13 51 11 93 6 66 15 49 5 73 16 11 7 18 12 36 0 82
15 15 6 50 18 74 12 38 13 93 2 82 10 20 0 24 7 77 3 6 14 78 4 88 8 71 5 37 1 36 19 38 9 68 17 56 16 96 11 32
16 5 7 91 14 41 12 97 13 13 19 72 18 29 10 70 0 30 9 69 17 8 5 16 1 27 3 68 6 82 8 89 4 92 15 32 11 38 2 57
10 86 9 89 16 94 5 15 14 14 11 35 8 56 2 61 17 32 4 89 0 69 7 3 19 87 15 54 12 46 1 3 6 71 13 82 18 84 3 33
2 65 13 94 3 22 9 86 18 53 0 61 12 79 17 86 8 37 7 77 19 93 4 62 14 2 11 33 6 15 10 41 16 60 1 92 5 70 15 97
5 86 4 53 16 37 11 79 19 89 6 75 2 14 10 23 7 6 12 28 1 67 18 15 14 2 17 66 0 69 15 93 13 90 9 43 3 8 8 64
