30 20
12 26 8 14 0 96 1 46 7 61 11 93 3 19 9 60 13 69 17 42 14 44 2 16 19 80 6 56 18 87 5 66 10 5 4 45 16 44 15 2
14 61 3 30 1 92 0 64 7 16 10 36 15 53 13 82 16 63 11 26 9 65 19 51 5 74 17 65 8 21 4 39 18 56 2 78 12 3 6 99
16 15 15 11 14 53 4 63 0 81 7 20 3 37 19 68 12 19 1 20 8 61 10 87 2 71 17 2 11 28 13 72 18 4 9 2 6 86 5 30
13 95 10 9 0 26 7 92 1 42 8 93 11 39 15 79 6 86 2 3 9 76 5 77 16 57 18 9 19 54 17 42 3 15 4 80 14 41 12 69
14 11 10 94 7 80 12 90 15 54 4 15 19 60 6 88 17 57 18 20 9 65 3 55 11 48 13 61 2 22 16 28 1 90 0 53 8 65 5 92
1 84 8 94 7 27 9 67 18 28 16 6 14 7 11 5 5 42 17 40 3 17 2 36 10 91 0 95 15 12 6 22 4 2 19 6 12 18 13 24
10 13 8 47 14 95 11 17 17 1 1 6 18 46 12 55 3 88 2 15 0 64 6 21 13 36 15 99 16 62 19 73 5 92 7 73 4 50 9 13
6 2 19 5 3 76 10 89 12 42 5 53 8 87 7 97 4 40 18 11 2 50 0 52 13 59 15 2 14 24 17 66 9 79 1 32 16 89 11 96
16 36 0 27 9 73 10 81 1 12 18 19 4 28 8 31 15 22 7 5 19 76 17 60 11 89 3 56 13 48 5 12 14 69 12 59 6 36 2 37
4 34 2 79 0 38 6 8 9 47 11 60 10 82 18 50 3 97 13 10 12 24 16 95 8 72 5 11 15 84 1 55 17 88 19 77 7 63 14 81
15 60 3 20 6 72 17 53 12 42 9 89 16 64 19 95 2 87 4 96 1 18 7 28 14 16 8 78 18 22 10 9 0 80 13 12 5 44 11 28
14 75 7 99 6 6 8 32 16 37 9 21 18 53 0 53 1 46 13 42 3 65 10 53 4 45 12 72 15 32 11 84 5 52 2 98 17 76 19 10
2 19 5 1 1 97 12 94 17 84 10 79 7 26 8 84 15 56 4 60 9 1 14 11 16 90 6 25 19 68 3 8 13 95 0 55 11 10 18 1
15 66 1 15 3 47 12 16 19 88 11 87 4 56 13 25 14 54 8 66 18 16 5 70 0 33 2 87 7 9 6 46 10 11 9 34 16 3 17 49
12 50 13 63 1 36 5 46 14 82 0 94 10 35 6 79 2 5 15 60 3 48 4 13 9 44 19 70 17 38 18 20 16 93 7 2 11 52 8 27
6 79 1 98 13 52 16 62 10 45 4 1 5 33 18 88 14 86 9 7 15 11 19 7 8 80 17 39 11 25 0 3 3 45 12 16 2 30 7 1
2 43 3 9 4 47 14 99 5 78 11 57 16 4 10 84 8 35 17 90 13 1 18 35 19 21 15 29 6 32 1 12 12 28 9 30 7 64 0 9
6 6 19 88 7 41 14 18 9 11 0 88 11 55 13 56 5 23 12 15 17 47 8 35 15 50 10 39 18 78 16 37 3 30 4 58 1 71 2 51
6 18 14 88 2 66 13 49 16 56 4 69 8 71 11 7 0 7 18 65 3 78 1 29 12 2 19 52 9 99 5 59 7 47 10 96 15 67 17 40
17 32 7 44 19 1 13 24 9 64 4 40 16 74 6 48 2 86 10 88 12 8 8 76 15 68 3 30 1 62 14 48 11 2 0 29 5 90 18 18
2 32 5 77 16 23 15 70 4 62 9 92 11 78 3 51 8 22 12 11 7 33 6 54 14 82 17 53 18 67 1 33 19 20 0 17 13 83 10 85
7 68 1 73 0 66 9 12 3 2 10 8 18 13 11 39 13 47 14 61 17 17 2 95 12 90 16 58 19 45 15 12 4 66 5 16 8 74 6 52
9 68 4 47 16 12 11 43 12 33 17 28 6 19 14 32 5 68 10 98 18 68 19 40 8 26 2 2 15 30 1 53 0 52 7 65 3 94 13 55
7 21 19 3 13 27 8 21 9 96 11 93 2 81 0 50 5 20 6 10 1 17 17 27 4 90 12 46 3 98 16 52 10 50 15 1 18 26 14 6
16 48 10 9 3 65 18 23 19 82 2 89 12 7 14 5 5 17 13 60 17 86 6 66 0 50 15 64 8 48 1 60 7 28 11 42 9 36 4 75
18 52 9 49 17 79 14 40 12 63 7 4 13 54 4 11 11 44 2 32 10 33 15 7 6 21 16 7 3 29 5 82 8 24 0 68 19 83 1 20
5 44 9 81 19 82 16 12 17 14 18 74 7 8 0 30 2 31 12 36 10 46 15 82 11 96 13 9 4 81 3 91 6 64 14 99 1 10 8 23
11 77 18 50 3 86 5 22 0 98 9 86 12 42 6 58 13 32 10 61 2 71 8 58 17 36 19 99 14 33 1 35 15 34 4 26 7 4 16 76
15 61 5 92 6 34 14 22 11 48 12 95 7 46 17 74 4 76 10 27 19 42 2 63 3 49 13 85 0 62 16 23 8 86 18 40 1 27 9 62
14 65 16 4 2 17 5 47 7 19 15 51 13 44 12 80 10 47 1 56 19 17 18 78 9 1 11 73 8 86 6 48 4 88 3 4 0 15 17 19
