30 20
3 28 8 70 6 83 13 31 19 7 17 92 1 91 2 19 4 12 5 9 9 32 18 80 7 37 10 67 14 56 11 62 15 90 0 81 16 41 12 81
5 48 7 41 0 21 15 87 3 65 9 40 16 62 14 15 11 94 6 9 8 37 2 24 1 89 17 94 13 26 18 21 12 62 4 50 10 23 19 44
8 21 10 27 5 32 4 27 0 11 12 49 6 52 18 19 2 12 13 36 11 49 14 32 9 16 19 71 17 16 3 13 1 77 16 71 15 41 7 30
15 47 12 15 3 20 14 42 5 61 0 47 7 67 10 56 16 5 13 50 2 44 6 75 1 83 8 98 18 86 11 84 19 29 9 5 4 69 17 92
16 12 7 20 6 95 11 85 4 97 17 43 14 42 9 73 19 75 10 64 12 30 0 83 8 9 5 10 18 6 1 20 2 86 13 33 3 93 15 97
5 22 10 85 0 53 3 57 14 10 16 91 9 11 19 90 4 20 17 52 13 16 11 59 8 98 18 38 6 85 15 18 1 37 12 10 7 64 2 73
11 57 2 86 12 25 18 73 7 26 10 96 8 59 6 6 9 79 5 38 3 51 13 40 4 58 15 24 16 62 19 95 1 56 14 89 0 6 17 5
13 53 6 87 15 49 12 52 19 51 0 98 7 7 1 85 18 30 3 23 11 78 9 55 17 3 4 81 14 51 10 95 5 98 2 18 16 26 8 79
18 93 5 49 19 91 8 21 2 50 14 6 12 25 0 44 16 11 10 68 17 57 1 60 9 45 4 55 3 31 6 59 15 89 13 12 7 79 11 21
4 51 16 77 2 70 10 72 1 66 7 93 13 58 17 10 19 64 14 79 3 79 8 41 18 58 15 33 5 10 6 2 0 95 12 55 11 8 9 23
8 97 13 63 3 78 6 61 5 37 11 89 14 1 12 95 4 78 16 3 19 23 15 41 0 73 10 22 18 21 2 58 7 82 17 51 1 45 9 88
4 24 10 58 14 56 13 39 9 38 12 95 1 5 0 61 7 69 17 98 11 36 5 21 19 21 15 79 3 29 6 73 18 81 16 78 8 79 2 76
10 93 0 41 5 94 14 37 4 21 17 18 13 98 11 43 9 47 15 67 16 84 7 35 8 97 6 9 2 8 19 58 18 42 12 1 1 83 3 73
0 23 5 12 2 97 18 60 9 29 7 7 17 83 16 20 14 44 15 35 13 71 3 12 1 67 11 41 6 93 19 52 12 38 4 59 10 62 8 79
5 52 10 30 6 32 17 95 7 50 14 43 9 32 11 43 13 62 1 35 0 63 2 26 4 80 15 11 3 16 8 52 18 74 12 39 16 75 19 36
10 40 18 78 3 34 7 45 12 58 2 76 14 67 1 21 4 87 17 95 19 1 0 10 13 49 6 94 8 64 9 61 16 9 5 8 11 10 15 38
5 72 18 17 16 35 0 10 7 79 4 48 11 14 19 5 15 8 14 39 8 93 2 86 12 20 9 23 3 34 1 39 10 32 6 51 13 68 17 20
11 15 10 25 4 56 6 69 3 8 8 91 19 89 16 45 12 92 13 62 15 9 2 54 7 22 9 51 5 17 14 19 0 85 1 77 18 18 17 25
4 85 11 3 13 38 14 85 12 73 1 3 0 71 7 76 2 95 6 43 3 47 8 31 5 93 18 6 15 41 16 33 17 6 9 8 19 16 10 89
3 89 4 28 5 11 11 90 10 10 0 94 17 2 16 11 19 86 8 11 13 33 14 36 1 3 12 80 7 51 6 72 9 85 2 89 15 65 18 91
18 2 14 70 15 44 1 84 7 51 9 79 8 2 2 74 0 57 5 79 13 12 19 55 3 33 17 12 6 5 12 24 11 48 4 51 10 14 16 98
17 45 10 2 1 50 5 71 3 82 16 61 9 75 6 62 19 15 15 91 13 9 2 26 18 20 0 56 8 72 11 34 7 98 4 43 12 46 14 67
13 66 2 98 1 4 4 53 19 91 0 71 17 2 9 12 16 67 18 92 3 20 5 91 12 76 6 30 11 78 14 48 7 38 8 34 10 37 15 2
4 57 1 11 3 69 13 52 11 96 2 58 19 67 18 34 17 93 10 11 9 72 5 7 16 8 7 36 8 99 15 35 0 95 12 44 6 45 14 75
6 55 9 32 15 23 12 56 2 33 10 34 5 36 13 8 16 83 3 28 11 89 4 98 0 93 18 92 17 15 7 70 1 1 19 12 8 73 14 16
17 55 8 8 10 14 0 30 3 73 16 44 1 47 15 64 4 37 11 9 13 47 5 71 7 51 19 92 14 87 6 69 12 38 18 29 2 41 9 35
18 8 4 89 0 80 16 51 5 75 6 48 10 82 2 35 1 95 19 54 14 5 7 49 11 17 9 87 17 62 12 8 3 45 8 11 13 62 15 52
6 24 0 87 5 62 18 61 19 28 11 21 12 17 16 16 14 86 7 91 9 44 10 75 3 37 15 82 8 54 13 35 17 73 1 23 2 57 4 20
18 51 5 78 7 55 13 65 4 11 6 94 1 66 8 43 9 54 19 8 10 58 0 99 14 43 15 5 11 88 16 78 12 31 3 11 17 22 2 90
6 86 13 24 7 44 8 98 0 51 18 13 4 87 12 37 11 75 16 62 9 41 17 45 10 9 19 68 3 45 2 45 1 64 5 46 15 2 14 42
