30 20
1 7 19 19 13 46 7 16 12 30 3 2 11 39 18 14 5 54 14 33 8 68 6 8 10 62 2 5 4 74 9 29 16 2 0 28 17 65 15 29
4 17 17 24 7 57 8 16 3 56 2 50 13 79 14 74 0 96 11 45 18 41 1 68 9 26 19 13 12 35 10 97 5 97 15 47 16 82 6 82
11 55 3 35 13 9 5 24 6 4 12 39 8 37 7 93 4 17 18 58 10 61 16 52 0 51 14 80 15 89 9 50 2 36 1 12 19 39 17 13
13 98 15 71 14 92 16 99 6 92 9 45 4 2 3 67 12 15 18 49 1 78 19 66 10 80 2 16 17 1 5 99 7 57 8 15 11 9 0 67
7 97 8 4 15 79 9 6 14 83 1 30 5 39 16 58 11 34 6 83 0 89 12 44 3 74 10 25 2 70 19 63 17 93 18 95 4 77 13 49
4 2 6 76 13 97 10 24 0 77 17 43 15 82 3 22 12 82 14 66 7 13 1 90 11 87 19 88 18 9 2 40 5 31 9 87 16 16 8 60
6 33 12 96 4 37 18 15 11 12 0 9 14 21 8 74 10 12 9 2 19 90 3 63 16 29 13 62 5 18 1 92 17 56 2 10 15 92 7 35
13 42 9 6 15 61 1 79 8 95 5 75 4 18 14 18 19 64 17 40 11 67 10 28 2 51 18 3 6 34 7 91 12 17 3 44 16 38 0 4
1 98 19 3 17 28 10 51 15 55 9 93 6 44 0 13 12 64 13 71 2 28 11 51 16 68 4 10 14 47 8 36 5 38 3 15 7 70 18 23
6 74 11 40 5 6 14 39 2 59 12 87 9 17 13 11 3 82 4 55 16 23 8 49 19 21 15 97 0 36 17 20 18 55 1 38 10 90 7 49
12 38 4 2 13 73 17 19 19 11 15 39 1 70 10 39 7 40 11 57 16 69 2 29 0 9 14 98 6 25 9 34 3 29 18 88 5 31 8 4
13 2 3 19 5 70 10 59 18 31 17 28 0 22 7 29 16 42 6 53 15 75 9 8 2 11 11 49 4 78 12 25 19 3 14 46 1 4 8 19
12 96 11 93 15 31 1 33 3 15 5 58 16 7 2 68 19 3 17 70 14 59 4 47 10 70 0 37 7 18 13 75 18 95 8 42 9 28 6 50
18 97 14 20 16 6 19 38 13 26 11 66 7 71 0 31 12 31 2 67 3 75 9 26 6 74 17 96 5 41 8 33 4 84 10 98 1 69 15 34
0 75 11 35 5 11 10 65 9 28 16 63 1 37 15 80 7 98 18 93 3 56 6 32 8 63 2 15 12 95 14 41 4 82 19 83 13 24 17 83
13 75 6 89 3 62 7 77 18 41 4 96 2 71 19 52 12 55 17 50 0 41 15 7 16 86 11 67 14 90 9 24 8 26 10 27 1 31 5 59
0 49 19 61 11 79 4 68 7 63 8 80 5 86 1 7 18 84 16 43 6 67 10 41 2 36 13 89 3 94 15 45 9 62 12 62 14 28 17 65
1 68 14 11 0 92 6 58 18 61 10 12 5 96 2 3 11 61 8 58 15 39 12 43 7 62 13 53 16 62 4 50 9 81 17 16 19 48 3 64
10 9 12 22 5 86 17 76 14 70 13 37 15 68 18 41 9 9 4 17 3 3 6 66 8 33 19 59 0 4 2 9 1 21 7 17 16 97 11 54
11 61 12 56 17 50 0 69 13 71 16 37 15 19 19 40 6 99 5 61 14 55 3 29 2 84 7 33 1 38 4 19 18 97 10 71 9 80 8 47
9 53 16 38 7 83 11 66 15 37 1 65 18 86 19 7 0 6 6 23 5 9 14 57 13 33 12 27 2 23 4 69 17 48 3 70 10 28 8 77
5 50 13 20 12 6 1 50 19 57 0 54 3 13 6 40 10 18 17 73 18 24 11 45 2 48 9 47 4 22 15 70 14 41 7 40 8 90 16 3
2 52 7 92 17 84 10 76 5 36 8 78 13 33 14 54 12 33 15 68 18 92 9 21 0 7 19 53 11 18 6 61 4 16 1 38 3 50 16 55
11 17 19 32 9 51 4 45 3 66 13 6 12 60 17 63 14 21 16 11 1 75 5 12 8 87 0 64 6 64 10 56 18 3 15 78 7 49 2 22
1 85 9 87 2 12 13 69 11 77 0 70 10 15 3 99 8 57 5 5 18 88 16 19 6 9 4 24 12 86 17 74 14 71 19 40 15 71 7 47
0 32 3 48 5 8 11 2 19 28 9 3 10 33 13 13 2 11 16 22 6 84 7 45 18 38 12 85 14 32 1 62 4 66 8 16 15 32 17 11
1 98 5 29 0 15 18 9 15 16 8 87 13 83 3 10 2 14 16 31 10 19 7 83 11 92 9 76 19 78 17 87 14 43 4 2 6 89 12 34
13 65 2 10 16 87 5 92 18 48 4 96 17 19 15 12 7 94 12 46 0 20 11 22 6 30 3 77 14 31 19 4 9 41 10 59 1 42 8 40
13 44 19 52 18 36 3 19 17 49 2 91 11 31 7 35 1 52 16 50 10 35 5 65 15 22 4 12 6 18 9 87 14 25 12 69 8 78 0 67
19 53 12 74 10 66 2 56 17 89 9 28 6 15 18 52 1 89 14 98 3 97 15 71 16 94 5 81 0 25 13 8 11 58 7 41 4 33 8 81
