30 20
3 57 14 44 17 78 13 38 9 60 11 10 8 57 4 33 0 52 10 73 6 21 7 98 16 43 2 83 15 12 5 79 12 30 19 8 18 50 1 37
0 72 19 49 14 84 3 98 12 55 4 37 7 22 18 90 16 81 15 48 6 10 17 91 5 80 8 99 11 51 13 61 9 2 1 53 10 56 2 12
5 3 11 42 1 72 9 75 18 97 16 94 7 30 10 20 3 52 15 69 13 34 0 19 14 92 12 85 8 78 17 30 19 41 2 53 6 59 4 29
19 97 7 56 17 54 9 7 14 35 5 35 13 10 6 79 3 12 16 9 2 97 12 78 8 58 15 3 10 8 11 98 0 78 4 56 18 14 1 73
15 17 1 6 12 88 16 4 10 54 14 76 2 80 4 58 3 4 6 61 9 82 8 47 17 41 7 8 0 95 13 71 5 82 11 16 18 64 19 33
15 40 6 73 5 33 14 53 2 62 13 30 19 98 9 94 1 12 7 80 3 91 10 51 8 98 16 58 17 91 12 43 18 49 0 95 11 53 4 88
6 43 17 63 1 82 13 80 4 12 12 81 3 59 8 3 11 64 16 12 15 65 5 40 18 90 7 98 10 43 2 14 14 52 9 74 0 96 19 89
10 82 13 82 19 38 4 79 3 13 2 2 6 92 8 36 12 72 17 97 1 31 0 82 5 10 18 43 14 56 11 42 15 26 7 12 9 90 16 67
19 57 0 45 6 58 13 25 10 19 14 86 1 97 16 78 4 38 8 22 17 95 15 16 11 80 2 35 5 63 7 36 3 60 18 30 9 75 12 59
6 12 4 35 18 59 15 43 9 66 10 77 1 10 14 72 0 54 7 83 2 85 19 92 11 66 17 32 3 98 13 35 12 81 16 52 5 21 8 28
16 9 3 61 6 83 4 93 18 15 1 23 15 52 14 81 9 16 17 98 12 1 5 90 0 3 7 13 2 34 8 91 11 11 10 41 13 23 19 29
14 7 4 17 19 38 9 32 5 37 3 24 2 30 10 26 8 30 18 29 17 52 15 33 6 29 13 66 1 54 12 32 11 90 16 54 7 66 0 3
10 79 15 16 17 96 18 27 13 38 0 49 5 12 14 24 12 57 9 65 1 58 8 36 19 38 6 26 3 7 2 44 4 86 11 52 7 34 16 88
17 67 6 33 15 83 12 33 10 91 18 57 0 82 3 60 11 19 5 84 1 42 2 73 9 76 13 17 16 57 14 60 4 34 19 44 7 37 8 15
13 91 1 49 7 16 2 26 12 61 0 35 18 87 19 30 9 78 6 29 5 26 8 33 11 14 4 55 14 17 16 22 10 65 3 75 17 43 15 67
13 77 12 94 16 14 2 77 3 26 19 55 5 11 18 29 8 51 1 47 0 63 17 33 9 10 6 34 4 40 15 54 14 27 10 23 11 72 7 32
11 26 8 9 13 51 1 10 18 79 14 47 0 22 3 99 5 95 10 95 6 81 12 54 15 92 19 97 2 46 16 88 9 64 4 8 17 41 7 17
15 42 2 75 9 66 8 52 6 11 19 28 4 15 18 84 7 58 0 72 17 63 5 14 1 2 10 44 14 33 11 75 16 47 3 38 12 41 13 79
4 2 19 45 15 51 7 35 18 36 10 85 13 51 17 23 12 2 14 31 0 31 9 45 16 90 5 64 8 6 6 75 2 17 3 88 11 55 1 25
9 67 16 37 1 87 19 76 12 95 4 3 15 6 17 22 0 16 13 81 3 9 8 19 18 33 5 66 2 4 14 72 11 97 7 91 10 65 6 8
9 25 4 15 12 55 7 76 11 95 10 37 19 55 8 75 18 97 5 58 17 24 15 29 6 13 1 72 3 66 0 97 14 79 13 79 16 50 2 92
15 80 14 15 10 29 9 84 13 80 5 4 17 89 8 19 12 28 0 32 11 88 19 52 1 70 18 76 7 31 6 5 3 22 16 48 2 17 4 81
14 31 11 98 16 61 3 83 13 94 8 61 5 82 7 31 9 73 12 26 4 3 2 35 19 92 6 1 1 33 18 12 17 98 15 69 0 93 10 46
3 62 18 55 17 29 9 39 2 65 0 97 16 86 1 57 13 10 8 97 5 21 7 69 11 66 19 65 6 42 15 71 4 51 12 64 14 82 10 47
10 39 11 14 17 18 18 5 4 37 15 16 6 89 0 77 12 27 1 53 13 31 16 53 5 6 14 55 9 84 2 22 3 30 7 94 19 58 8 32
3 70 18 11 13 36 10 17 4 23 7 88 2 43 15 86 16 34 14 85 1 93 0 61 5 15 9 39 11 14 19 38 12 23 17 19 8 85 6 42
1 89 8 22 18 26 16 29 5 96 17 99 13 41 9 52 7 37 6 20 14 46 0 50 19 16 12 33 4 60 3 97 2 30 15 15 10 14 11 15
10 24 11 53 15 36 8 93 9 92 1 4 2 11 7 93 13 75 0 23 19 83 16 6 17 5 14 98 12 76 4 97 5 37 6 60 3 79 18 47
12 7 19 83 1 66 15 45 17 22 0 6 8 53 11 63 14 58 9 46 10 63 7 74 5 57 13 98 4 86 16 91 3 69 2 18 18 99 6 81
7 25 12 75 17 99 6 96 11 25 19 18 9 65 3 49 1 78 5 83 15 43 16 37 13 55 14 20 4 63 0 53 2 9 10 57 8 55 18 86
