30 20
2 53 6 14 12 69 7 98 1 64 9 99 8 8 3 82 4 1 14 84 16 41 15 40 19 93 13 67 18 39 11 83 10 52 17 98 0 86 5 21
10 50 19 44 0 58 1 96 17 93 15 82 8 55 13 60 3 21 7 2 12 88 9 54 2 68 6 43 11 26 18 46 16 65 4 47 14 82 5 26
3 41 1 49 15 3 2 65 19 89 12 68 14 67 7 23 18 92 0 5 10 78 17 35 4 88 11 70 6 28 8 69 9 10 13 91 16 48 5 23
16 31 8 43 0 29 12 96 4 50 10 97 19 86 3 30 7 51 13 35 15 39 18 90 5 87 17 50 6 69 9 12 11 74 2 96 1 21 14 44
13 31 8 9 6 43 15 61 12 60 2 29 17 18 5 82 19 29 9 7 16 97 0 57 4 13 10 1 18 32 11 18 1 6 7 7 14 52 3 45
9 96 16 8 6 30 7 73 10 52 17 96 13 90 12 15 1 23 4 30 14 86 18 58 19 67 8 65 3 82 5 82 15 81 2 9 11 59 0 9
19 76 1 56 7 6 3 84 17 88 4 34 6 3 15 75 10 70 16 12 0 75 14 10 13 14 11 66 12 50 2 78 9 92 5 78 18 91 8 93
11 12 19 90 15 10 7 99 13 68 5 78 8 77 3 83 9 66 2 63 18 20 1 13 17 6 0 6 14 37 4 12 10 7 6 1 16 33 12 47
1 18 17 44 7 22 8 22 12 4 4 13 18 69 19 53 13 72 10 17 2 69 14 30 16 87 5 58 9 77 15 54 11 52 6 89 0 64 3 18
4 66 16 52 6 41 18 49 1 74 15 24 19 12 14 3 2 71 3 81 0 9 12 47 11 53 9 36 13 93 17 90 10 42 8 4 5 4 7 13
17 83 12 82 16 3 19 44 18 61 15 18 6 87 9 93 8 13 0 36 11 8 3 25 2 68 13 95 1 1 4 81 14 61 10 63 7 60 5 9
7 58 16 41 19 53 11 30 8 35 4 72 15 24 9 68 1 98 6 29 2 91 14 29 18 33 0 63 13 7 17 84 12 55 10 9 5 58 3 87
7 33 10 30 15 14 13 70 5 56 6 70 4 77 0 47 19 15 12 69 2 59 3 59 16 66 18 97 1 12 17 78 14 44 8 87 11 40 9 61
13 64 15 26 7 18 19 61 0 30 3 25 8 25 4 66 17 90 12 3 16 24 18 83 14 56 10 89 11 89 6 60 9 96 5 34 2 91 1 97
14 28 15 27 11 11 9 43 13 83 17 49 8 11 6 55 4 71 2 51 0 25 16 68 19 11 12 92 5 6 1 81 7 44 3 39 10 38 18 99
18 60 0 32 8 96 6 55 2 88 3 26 19 99 14 83 10 67 16 54 15 35 13 27 12 53 9 72 7 15 5 15 4 47 1 33 11 34 17 24
5 12 12 69 8 53 0 48 9 55 3 74 14 98 1 21 17 67 13 91 18 74 4 56 2 25 16 62 11 59 6 41 7 39 15 80 19 34 10 14
5 57 2 24 7 22 18 82 12 93 10 65 3 71 9 37 14 40 11 74 0 55 1 8 6 83 13 51 15 25 16 30 8 32 4 27 17 28 19 12
16 45 10 12 19 97 4 81 13 90 12 43 6 27 7 52 11 80 1 36 14 11 0 43 8 74 3 34 18 71 2 28 17 12 9 24 15 50 5 94
0 74 11 20 16 35 9 99 7 80 2 43 1 18 5 36 19 92 15 43 12 71 18 15 8 8 6 75 4 20 17 28 13 98 14 24 10 86 3 50
7 3 2 20 13 36 19 48 16 50 11 39 8 70 0 81 14 56 12 51 6 7 5 87 10 77 1 47 3 76 9 94 4 74 17 14 18 28 15 28
18 15 4 79 5 54 6 28 7 59 13 89 9 55 17 43 8 64 19 84 2 82 16 63 3 7 12 34 14 5 10 27 11 85 0 23 1 6 15 41
9 19 0 96 2 32 3 9 16 22 13 60 11 40 8 7 5 15 17 73 12 71 10 47 14 27 15 67 18 46 6 75 4 79 7 87 1 66 19 10
19 55 1 79 11 99 10 37 9 69 8 88 13 88 17 39 2 62 4 30 7 96 5 33 0 80 18 7 15 14 6 24 12 24 14 63 16 40 3 90
12 3 17 61 16 78 7 14 6 82 19 42 5 53 8 85 18 84 15 50 13 16 1 55 14 57 3 43 2 86 11 91 4 49 0 31 9 69 10 77
16 42 2 95 6 89 13 32 3 8 15 8 8 30 18 39 5 14 17 69 14 66 4 67 0 88 1 5 11 19 12 6 19 31 9 67 10 35 7 56
16 86 6 58 10 30 19 82 0 27 15 71 18 31 12 59 4 16 13 1 14 26 1 3 3 68 17 92 5 80 2 6 8 84 9 81 11 86 7 48
8 94 9 40 10 48 11 18 0 9 14 41 3 36 17 5 16 76 1 72 13 54 19 20 4 26 12 48 15 21 6 36 5 50 7 32 2 49 18 62
5 50 17 28 15 62 10 10 1 72 11 84 6 70 16 43 14 51 12 90 4 83 2 92 7 98 9 62 8 14 0 2 13 53 19 50 18 53 3 44
18 81 10 51 19 52 1 83 16 62 9 67 12 34 2 76 14 57 11 6 8 57 0 99 15 81 13 33 3 81 7 23 17 52 6 39 4 56 5 29
