30 20
12 90 15 35 5 77 9 93 8 69 0 38 14 67 11 77 2 76 18 5 19 10 17 30 4 36 3 70 16 9 6 45 1 79 10 89 7 7 13 44
10 43 16 34 14 66 19 78 9 47 18 96 12 77 3 33 2 96 4 24 5 69 11 69 6 31 8 57 17 35 7 77 15 30 13 62 1 51 0 28
5 87 9 22 18 89 0 8 15 36 10 27 14 29 12 62 4 76 11 39 13 23 6 26 8 37 17 40 2 98 7 73 16 44 19 26 3 1 1 54
12 27 10 83 5 88 6 41 1 27 4 27 7 91 15 94 9 50 11 46 16 83 8 29 18 45 0 45 17 71 3 5 19 97 14 75 13 17 2 73
12 50 2 54 7 35 8 35 3 76 4 50 19 26 15 1 6 73 5 52 13 12 17 68 11 78 1 67 18 99 14 33 16 28 0 82 10 99 9 74
12 96 11 63 1 11 7 3 10 3 8 33 16 45 4 62 18 18 15 23 9 90 6 8 14 57 19 48 17 82 0 13 5 81 13 62 2 2 3 60
15 38 5 11 13 67 4 80 14 80 10 88 17 26 2 92 3 99 16 19 18 60 19 47 6 89 7 16 12 51 8 41 1 91 11 86 9 49 0 87
9 35 16 43 4 65 18 13 15 50 13 17 8 44 2 85 17 67 14 46 19 39 3 35 5 18 10 32 1 20 11 35 12 7 6 30 0 81 7 79
14 18 3 16 11 66 10 90 8 34 0 79 1 67 7 43 12 73 6 64 16 82 2 82 17 44 15 23 18 50 5 10 13 57 9 72 19 54 4 68
7 24 10 14 2 72 17 58 0 37 13 10 8 57 19 22 1 31 12 63 18 14 15 30 11 22 16 49 3 28 6 94 4 51 14 4 5 65 9 91
18 62 17 17 5 61 9 11 2 54 19 57 7 41 13 85 10 39 11 9 14 13 4 77 6 79 1 65 15 91 0 61 16 17 12 82 3 16 8 42
5 85 2 93 6 91 17 56 0 78 3 34 4 99 9 19 8 16 12 67 10 91 15 12 11 63 13 59 1 88 18 52 14 76 19 97 7 3 16 82
2 96 1 48 12 15 17 45 14 92 7 68 10 4 15 88 11 68 5 30 8 85 3 62 6 40 19 6 9 85 4 61 16 67 0 72 13 65 18 88
9 2 5 16 0 50 13 50 7 34 8 98 16 33 4 40 12 87 14 71 2 75 18 46 19 66 11 82 1 44 17 89 15 57 10 95 3 60 6 54
2 23 3 18 17 42 11 31 4 57 5 45 18 67 8 55 14 40 19 41 9 19 6 71 16 43 12 37 0 45 1 90 15 68 13 40 7 94 10 90
2 98 5 74 17 24 4 81 11 24 12 92 19 80 15 70 18 32 7 52 14 2 16 58 3 39 1 52 8 97 6 49 13 4 10 35 9 36 0 12
12 13 13 45 10 48 2 54 3 43 5 99 11 56 14 77 9 14 15 28 16 47 6 97 0 99 8 32 18 72 4 76 7 12 1 37 17 82 19 72
11 74 4 91 3 4 1 34 12 53 17 22 18 53 15 71 7 14 14 80 13 70 2 11 0 52 16 54 10 49 9 18 19 27 8 58 6 57 5 75
7 33 0 35 14 79 5 64 16 35 19 67 13 29 17 88 1 73 2 3 9 30 15 20 6 79 18 89 4 96 11 78 10 20 12 40 3 22 8 89
4 26 2 46 17 45 3 46 7 40 5 49 13 38 15 42 11 21 16 73 1 82 18 33 9 7 6 24 14 44 12 52 19 40 8 79 0 66 10 83
11 74 16 94 17 27 14 90 6 14 15 31 10 98 0 45 19 83 13 19 7 29 5 66 12 74 4 99 8 94 9 8 1 85 18 1 3 76 2 3
5 49 19 17 9 16 16 88 15 91 6 8 8 81 17 85 14 6 13 3 11 59 18 74 3 43 10 88 2 84 4 91 0 46 7 62 12 65 1 14
5 38 10 10 1 74 18 30 14 24 2 82 13 56 3 65 7 61 8 15 6 13 16 37 11 93 4 22 17 34 19 55 9 10 15 76 12 20 0 12
0 20 5 69 17 20 11 2 2 84 19 5 8 53 3 76 13 87 15 31 10 76 6 26 14 45 1 37 7 76 12 11 16 78 9 50 4 87 18 52
1 36 13 70 14 31 3 38 10 92 9 57 18 20 15 16 2 22 5 36 0 33 19 16 17 85 7 27 12 73 4 35 16 86 8 41 11 41 6 60
17 66 0 88 12 3 7 97 5 43 18 58 10 61 11 68 6 81 16 15 8 96 2 68 15 51 13 88 4 29 14 2 19 63 9 68 3 68 1 61
4 2 16 8 2 84 6 82 9 61 11 96 5 97 7 85 0 74 17 89 18 38 13 23 8 66 12 52 1 67 3 60 19 25 15 77 10 22 14 98
3 47 16 65 4 33 2 36 12 58 1 92 19 89 8 17 10 37 15 23 5 94 18 44 11 83 9 21 0 80 17 41 7 89 14 13 6 92 13 20
14 4 3 41 11 38 5 72 13 43 7 99 1 69 6 43 15 87 2 96 9 97 0 61 10 56 12 31 18 49 19 23 8 91 16 51 17 66 4 30
5 89 16 71 19 88 9 82 15 66 8 38 13 8 4 40 0 45 3 93 18 43 11 89 12 35 6 43 17 72 1 4 10 29 14 43 2 57 7 97
