30 20
16 48 7 6 10 76 2 94 3 93 5 1 15 47 11 27 14 13 12 65 4 93 6 38 17 91 13 8 9 8 1 54 0 88 8 11 19 3 18 5
9 65 6 44 19 36 12 78 3 85 2 94 1 61 14 7 0 78 4 12 18 8 8 98 7 62 16 92 11 62 5 96 10 75 13 27 17 33 15 49
5 38 9 30 8 97 16 45 10 54 0 80 13 60 11 21 19 22 1 46 4 8 3 57 14 93 2 76 18 68 6 77 17 12 15 78 7 94 12 28
2 11 7 87 19 76 3 72 12 40 15 10 16 31 14 35 13 72 8 31 1 64 18 7 5 40 9 99 10 42 11 78 17 86 6 80 4 44 0 92
3 67 11 93 1 77 5 24 2 74 14 31 16 70 8 77 12 27 18 94 0 54 15 2 10 76 9 54 19 42 6 94 13 46 17 87 4 7 7 36
9 63 10 40 4 39 19 25 2 60 12 29 3 87 16 2 13 60 5 41 7 53 8 36 0 71 14 4 1 99 18 48 15 95 6 10 11 38 17 53
7 26 9 21 18 12 14 89 3 79 5 98 2 98 15 21 13 59 19 47 12 85 0 60 6 13 8 38 1 79 16 41 17 26 11 62 4 71 10 19
16 37 17 86 7 27 1 87 11 57 9 89 5 29 6 82 3 25 18 10 0 23 8 14 19 27 4 83 10 2 13 35 12 14 2 12 15 9 14 33
13 57 9 33 17 98 0 67 5 62 6 14 3 89 14 49 16 78 7 79 11 73 2 62 8 87 10 18 12 4 18 31 1 63 15 17 19 20 4 30
3 93 1 28 4 40 2 90 16 37 7 47 17 63 5 83 0 38 18 25 10 84 14 16 8 51 19 67 13 74 9 53 15 90 11 56 6 56 12 25
3 52 15 59 4 92 14 18 9 29 8 2 11 46 19 16 10 41 0 83 18 75 5 7 6 38 7 36 13 21 17 35 2 36 1 74 12 16 16 28
18 91 4 7 11 37 6 99 16 80 2 13 0 45 19 40 3 43 12 40 9 45 10 30 8 62 17 34 15 47 1 50 14 34 5 92 7 86 13 58
8 71 9 27 7 74 4 78 10 83 13 8 6 30 3 94 15 78 14 14 18 55 17 41 12 51 16 92 19 85 11 21 5 35 2 88 1 45 0 59
7 81 18 83 10 91 5 12 2 19 8 10 16 8 15 73 12 88 13 11 11 44 0 43 3 58 17 49 1 98 14 40 4 93 19 1 9 14 6 86
11 19 17 10 18 89 13 36 2 63 0 44 9 7 4 31 19 17 3 97 10 33 12 60 1 37 15 24 14 77 7 65 6 5 8 18 16 42 5 17
4 60 2 77 1 4 15 25 3 99 5 47 16 57 18 34 12 43 19 3 7 95 10 86 6 42 17 79 8 74 14 70 11 55 9 96 0 79 13 93
9 90 12 55 15 73 4 77 1 15 17 44 19 60 10 79 2 66 7 47 13 96 16 91 3 96 6 55 11 52 18 76 8 34 0 49 5 12 14 54
16 53 9 49 0 82 11 28 6 98 5 56 19 24 10 42 12 46 15 99 2 47 4 49 13 66 3 98 1 50 8 55 7 25 18 11 14 44 17 47
15 82 8 30 12 55 7 13 5 33 10 40 2 92 13 96 18 85 14 11 0 78 17 35 9 88 4 49 16 51 19 93 1 74 6 39 3 36 11 32
15 93 13 1 1 6 7 6 18 26 17 76 16 69 14 96 4 11 2 63 19 60 12 68 5 44 8 7 6 56 11 91 10 51 9 50 3 1 0 88
18 40 17 46 19 60 5 70 11 48 4 12 14 14 2 36 9 99 15 19 13 62 1 5 7 8 0 31 10 84 12 27 8 55 16 96 3 24 6 45
11 89 14 99 4 40 12 62 3 18 18 78 17 52 19 76 8 85 2 30 10 84 16 83 0 73 7 14 6 44 1 27 13 16 5 75 15 12 9 69
7 91 18 35 2 17 6 52 16 97 3 56 10 31 1 56 0 66 15 57 19 63 13 35 12 63 8 30 11 74 4 57 5 48 17 75 9 5 14 49
5 82 6 36 1 37 13 45 8 71 0 90 4 33 2 96 17 2 9 46 19 19 15 2 12 33 3 29 10 80 18 14 7 90 14 3 11 19 16 31
0 3 11 80 17 18 19 55 1 40 8 61 18 78 5 77 2 43 3 10 4 91 7 44 14 40 10 79 16 38 13 83 9 37 6 68 15 72 12 7
17 60 15 10 0 49 2 41 18 77 10 86 14 73 6 45 1 66 12 65 8 49 3 22 16 67 5 19 13 27 11 15 9 84 4 73 19 19 7 59
19 72 0 64 4 1 11 85 16 55 15 42 3 76 9 49 7 31 6 88 5 70 18 74 1 50 14 96 12 61 8 50 17 85 2 8 10 59 13 55
19 29 16 34 13 93 14 42 7 63 8 79 3 48 2 68 6 51 11 35 5 90 15 2 0 54 4 23 10 87 12 24 17 89 1 32 9 90 18 18
9 90 12 93 3 65 10 65 4 82 7 32 18 97 16 55 5 61 8 45 11 49 13 90 14 84 19 84 1 74 2 55 6 36 15 13 17 29 0 46
12 48 15 13 1 16 10 86 19 5 8 89 13 36 16 92 5 42 14 3 6 44 18 29 4 82 17 73 7 60 11 59 0 34 2 11 3 12 9 87
