30 20
10 33 17 79 19 87 18 2 12 85 7 16 9 54 13 90 11 46 2 11 0 4 6 21 16 44 14 26 15 48 3 36 1 10 4 39 5 81 8 45
19 93 15 30 4 64 8 59 13 87 6 28 10 63 0 36 16 85 7 28 2 25 3 94 9 28 12 16 1 82 17 15 11 24 5 19 18 5 14 86
19 34 2 95 14 73 15 2 6 53 12 21 9 79 17 46 3 48 13 15 8 81 10 46 1 59 16 63 4 68 7 35 18 41 11 43 5 30 0 60
9 62 10 36 19 92 18 69 8 46 0 11 2 51 16 76 3 77 1 39 5 5 12 44 17 90 7 85 15 55 6 6 13 21 14 74 11 69 4 29
18 57 16 14 7 89 14 9 19 48 6 30 11 21 10 15 1 93 8 54 15 26 12 4 2 5 4 81 0 1 17 94 9 50 5 24 13 94 3 89
9 59 11 6 12 93 10 50 7 41 18 75 16 54 8 68 1 85 13 54 4 76 6 34 2 19 5 59 14 84 15 97 0 8 19 21 17 36 3 66
18 83 14 30 16 91 17 7 12 43 3 63 13 1 19 44 8 66 1 13 2 63 0 20 4 64 6 21 7 11 5 61 15 38 10 97 11 98 9 48
0 85 2 36 4 42 1 64 12 92 3 53 9 87 5 90 13 46 10 25 19 61 11 54 7 67 16 93 15 97 18 37 8 11 14 93 6 45 17 47
3 59 13 58 7 80 17 25 15 31 5 71 18 89 9 76 16 43 1 40 4 49 2 51 12 44 10 27 14 51 11 48 6 70 0 94 8 48 19 33
14 21 19 46 10 48 11 44 13 92 16 68 12 60 8 92 6 10 7 72 17 41 3 49 5 93 15 76 0 83 2 37 1 75 4 88 9 73 18 27
4 13 6 50 19 12 16 12 5 3 14 87 10 27 2 90 3 95 15 91 7 8 17 37 18 93 13 18 12 77 11 30 8 36 9 32 1 86 0 54
7 80 14 12 17 73 19 79 10 83 18 46 3 54 0 45 1 36 12 32 13 77 9 69 2 44 8 95 5 60 11 81 16 62 15 14 4 79 6 66
11 66 13 61 12 19 6 64 7 69 14 91 9 56 10 96 17 49 2 54 0 62 18 17 3 87 8 95 15 23 5 84 19 65 4 20 1 96 16 4
13 25 17 44 9 64 15 5 11 83 2 25 4 27 3 95 6 10 19 69 18 27 7 6 5 85 1 72 0 34 8 52 12 86 14 58 10 4 16 55
6 17 0 42 16 36 12 43 4 86 15 49 3 71 7 71 19 46 5 61 1 55 13 45 2 10 17 32 11 1 14 3 8 71 9 48 18 21 10 27
4 23 11 61 17 24 0 65 12 76 2 16 18 3 3 45 19 89 5 56 8 1 7 59 1 88 6 85 9 4 15 2 16 47 10 1 14 68 13 12
3 7 14 37 15 85 11 65 16 78 7 41 9 46 17 52 6 78 2 77 12 23 4 22 0 85 5 1 10 57 18 76 1 9 19 45 8 12 13 73
5 52 18 38 14 11 17 83 11 95 0 33 6 70 8 42 7 9 2 53 12 12 13 28 1 64 16 69 3 69 10 34 4 54 19 68 15 61 9 21
5 41 12 33 11 15 13 77 10 44 9 51 3 34 17 72 7 29 4 21 2 11 8 25 0 62 16 34 19 50 18 46 1 90 6 2 14 86 15 20
8 22 13 35 11 82 1 52 17 70 3 35 10 69 16 28 2 73 7 39 18 48 15 78 0 32 14 19 5 73 19 68 9 30 6 1 12 55 4 50
0 41 4 54 7 4 3 88 8 11 18 23 12 43 15 56 1 13 17 58 13 59 14 57 16 85 11 51 9 72 19 66 6 23 10 69 5 38 2 22
6 85 3 51 15 13 10 82 13 99 11 92 17 86 7 75 5 90 8 10 18 11 14 29 19 64 4 84 16 13 2 87 0 80 9 45 12 4 1 75
12 9 11 2 19 37 6 63 9 68 14 71 3 16 8 92 7 46 18 70 5 77 15 69 2 15 10 18 1 95 13 91 0 37 4 84 16 8 17 22
12 16 8 88 9 40 14 47 16 61 0 53 11 60 2 38 1 82 4 48 6 4 17 19 5 62 13 59 19 59 7 50 15 82 3 78 10 39 18 95
16 34 1 31 15 20 14 28 4 23 18 41 10 92 3 21 0 64 19 60 5 59 6 84 11 96 17 88 8 68 9 63 12 12 7 52 2 41 13 71
15 15 12 57 17 95 11 97 0 42 9 16 14 84 13 4 3 16 18 73 1 86 7 77 5 88 10 19 8 82 4 18 19 50 16 71 6 68 2 77
3 61 4 97 8 66 16 15 15 35 0 76 19 63 13 10 17 97 11 10 5 90 14 55 18 46 2 46 12 46 1 64 6 32 7 51 9 86 10 4
16 97 8 43 14 51 7 84 1 12 13 36 10 70 5 47 9 36 17 1 4 39 2 62 15 95 12 24 11 11 0 92 18 3 6 99 19 95 3 50
16 85 9 86 1 4 18 7 4 51 0 28 15 96 14 3 11 67 2 99 5 96 17 63 6 23 13 66 7 25 19 28 3 67 10 84 12 33 8 36
18 68 0 18 11 71 7 26 13 92 14 79 19 24 5 5 10 63 8 78 12 92 1 80 6 41 2 70 3 15 9 93 16 52 15 57 4 10 17 98
