30 20
9 91 14 40 10 41 12 8 18 55 7 61 15 41 11 63 16 16 5 71 1 5 8 93 17 24 13 24 2 61 0 31 4 90 3 73 6 1 19 20
1 43 14 31 0 30 18 79 6 75 13 59 17 81 4 34 5 71 12 56 15 86 3 8 7 12 11 42 19 93 8 59 16 27 10 23 2 62 9 12
11 54 10 29 0 67 17 37 7 32 14 75 19 46 1 38 3 4 8 75 13 51 9 17 5 76 4 19 18 76 6 12 12 46 2 85 15 90 16 81
4 64 19 31 9 35 11 45 12 50 14 39 0 65 3 57 6 92 7 45 5 47 17 36 13 31 10 76 1 86 16 31 18 56 2 42 15 56 8 97
8 22 5 73 0 7 14 92 4 17 15 45 19 9 18 56 16 30 11 4 7 60 2 4 10 70 6 40 17 26 3 84 9 45 12 34 13 70 1 36
19 25 5 72 13 34 15 40 18 48 6 97 1 15 3 56 12 40 10 22 17 42 11 50 16 97 9 51 0 15 2 44 4 74 7 74 8 60 14 28
19 54 6 72 16 33 2 31 4 8 1 12 7 3 3 29 14 80 11 5 10 49 9 34 13 8 17 99 5 60 0 58 15 30 18 19 8 93 12 96
6 51 18 28 13 57 17 71 10 67 12 31 14 66 8 6 15 82 3 90 7 15 16 24 19 8 5 51 9 38 1 20 2 15 0 81 4 52 11 4
12 17 9 63 11 37 15 91 6 3 16 25 1 40 3 18 14 21 2 73 10 72 19 98 0 50 4 99 17 88 8 71 5 3 13 59 18 68 7 25
9 36 16 25 10 70 13 79 1 29 0 26 5 87 17 70 14 85 15 13 8 92 3 66 2 71 4 5 18 36 12 92 19 63 6 71 7 5 11 85
1 56 17 40 3 60 8 71 15 2 14 43 11 32 12 88 0 65 19 37 18 4 6 60 5 2 7 70 4 23 13 67 9 76 2 13 10 73 16 58
9 12 13 20 3 50 7 6 2 91 0 32 18 88 19 95 1 82 4 4 15 79 14 47 11 14 8 89 5 60 12 76 6 78 16 95 17 27 10 40
6 57 8 11 13 10 18 29 2 84 9 18 10 19 3 40 16 89 15 23 1 25 19 45 17 93 7 18 0 48 4 94 12 23 5 20 11 26 14 98
12 22 6 40 14 2 17 50 5 70 9 20 3 57 18 27 8 84 10 65 19 69 4 21 15 65 1 13 7 70 0 7 13 36 2 13 16 71 11 8
16 44 11 21 1 2 5 15 12 97 7 7 3 84 17 99 4 31 8 59 10 21 13 63 19 60 14 16 2 86 15 56 0 4 9 80 6 35 18 36
19 18 16 17 0 71 18 46 6 40 8 66 12 67 13 57 14 2 2 77 17 55 10 78 5 47 15 54 1 57 7 31 3 12 9 99 4 49 11 63
4 65 12 60 7 60 17 91 13 75 3 74 16 81 5 80 9 4 18 93 15 49 10 94 14 90 8 91 11 20 1 45 0 91 2 77 19 64 6 30
19 88 0 84 7 86 9 69 14 19 10 93 15 18 18 55 16 45 17 55 8 74 13 69 6 12 11 21 3 45 1 14 2 88 5 48 12 92 4 27
4 45 5 62 15 6 9 56 7 96 8 99 19 11 16 42 11 20 17 47 3 20 13 3 6 56 0 7 2 22 14 63 12 78 1 47 18 10 10 46
3 75 4 57 19 62 17 49 13 52 0 22 16 79 11 90 5 57 14 4 8 83 1 24 10 49 18 7 7 24 2 36 15 38 9 1 6 88 12 97
14 73 19 68 2 76 10 28 13 24 3 3 0 8 18 92 1 35 4 8 11 94 9 41 15 86 8 49 5 89 6 45 12 19 7 19 17 62 16 39
3 61 12 25 13 13 8 9 9 50 19 23 17 54 11 40 4 52 18 94 10 76 0 58 2 67 15 11 5 83 14 39 1 64 16 92 7 46 6 23
11 55 4 41 0 76 1 20 9 54 7 32 10 68 5 5 14 54 13 73 15 7 16 10 18 19 19 31 8 77 2 92 6 52 12 4 3 29 17 47
2 87 0 81 3 53 12 41 17 20 7 71 14 39 9 2 16 71 18 62 19 40 11 4 15 20 1 3 5 86 13 12 10 24 4 38 6 78 8 76
10 83 13 51 16 88 14 89 5 62 15 17 2 29 3 23 17 88 19 67 11 75 12 59 4 1 18 38 8 91 6 31 9 35 7 93 1 75 0 6
12 24 11 99 3 40 5 22 0 72 9 56 7 97 15 8 17 39 19 99 1 34 13 76 14 43 2 25 16 13 4 80 8 92 18 55 6 26 10 50
7 16 10 59 5 32 18 96 11 2 14 36 3 33 19 40 16 25 13 99 9 93 8 36 2 29 0 53 15 75 6 78 17 44 4 32 12 64 1 73
17 12 0 21 18 53 2 48 4 80 5 44 9 16 14 72 19 75 12 33 13 55 16 35 7 94 8 51 15 59 10 9 11 72 6 75 1 21 3 29
10 94 16 7 11 89 18 90 19 32 13 88 3 28 9 88 15 43 4 29 7 26 17 22 2 1 8 37 14 35 5 53 12 40 0 91 1 59 6 22
12 29 0 97 8 95 2 22 3 40 19 76 15 10 5 69 9 28 1 61 18 3 7 59 11 69 6 51 13 85 17 89 16 90 14 32 10 43 4 36
