30 20
9 90 8 56 2 81 1 69 4 33 10 40 13 15 6 53 14 72 7 43 5 97 16 61 15 31 17 88 12 24 19 55 0 74 11 95 3 47 18 77
5 70 0 85 18 88 17 5 9 92 11 6 16 47 7 66 3 68 2 2 15 22 4 19 8 63 1 83 13 85 14 94 6 52 19 72 12 9 10 68
3 82 13 82 16 35 6 36 0 3 4 95 17 79 14 76 15 34 1 16 7 40 12 65 11 3 9 23 8 98 2 57 5 65 10 4 18 84 19 38
12 67 5 86 2 97 7 73 0 41 15 27 8 65 10 7 17 89 18 46 16 53 1 35 6 21 19 41 9 82 3 54 11 1 4 27 14 62 13 24
15 53 16 6 4 22 18 58 1 61 12 9 13 11 9 10 2 24 8 76 6 55 7 75 0 20 11 38 5 87 3 26 14 66 19 12 17 81 10 70
8 95 11 33 7 42 12 85 16 54 6 57 15 37 18 49 1 66 3 35 10 47 2 72 19 37 17 11 13 9 4 5 14 27 0 71 5 68 9 34
4 80 8 19 12 26 18 70 19 67 16 3 14 50 6 44 2 37 9 19 0 92 11 47 17 43 5 6 1 9 10 3 7 91 15 24 3 4 13 48
15 64 2 62 7 1 18 16 8 41 1 69 13 98 12 97 0 9 10 5 19 35 4 80 11 84 16 43 3 30 9 15 6 21 5 64 17 51 14 52
4 14 13 36 6 68 7 72 18 46 8 3 11 9 1 17 10 61 9 17 16 84 5 42 19 92 15 18 12 39 14 33 0 23 17 19 2 73 3 84
9 96 2 76 4 78 3 9 13 26 14 94 19 35 0 2 12 64 7 76 11 24 16 88 18 54 17 52 8 86 10 73 6 48 1 55 5 99 15 5
19 36 15 45 4 30 6 19 16 26 11 77 18 81 9 7 0 43 13 75 12 44 5 57 14 80 1 3 3 84 2 65 17 27 8 46 10 18 7 17
8 34 4 6 18 31 0 49 7 94 2 4 14 55 6 99 3 59 5 62 9 92 1 42 11 44 16 43 13 91 10 93 12 87 17 43 19 83 15 59
2 82 8 66 1 96 10 7 11 19 16 12 14 32 15 94 13 2 17 16 19 31 5 85 18 75 12 40 3 64 7 9 0 31 6 52 4 93 9 25
8 7 4 48 15 77 6 49 19 39 2 74 14 84 9 76 3 27 11 17 17 28 7 7 12 11 18 12 1 63 0 41 16 41 5 67 13 34 10 24
15 75 8 25 14 40 13 68 7 78 10 23 16 80 5 76 17 61 6 2 1 22 9 33 2 5 12 76 4 26 0 58 19 1 3 17 11 96 18 99
3 15 5 13 17 73 19 86 8 55 18 99 16 21 13 98 4 81 6 84 7 85 15 55 9 68 10 32 0 31 2 29 1 19 14 24 11 48 12 37
6 46 16 78 2 55 12 37 19 17 17 40 13 73 11 33 14 57 3 31 1 29 9 61 8 53 15 31 5 1 4 51 7 64 0 37 18 89 10 51
18 93 2 39 4 96 3 52 12 86 16 83 14 91 10 10 17 58 13 72 7 41 1 59 19 55 0 7 6 1 15 33 5 61 9 68 11 69 8 99
11 65 1 54 8 69 13 50 3 53 9 51 2 33 0 89 4 89 18 33 10 72 14 98 7 24 15 12 5 43 16 48 12 36 17 76 6 61 19 88
0 57 17 8 6 23 1 36 11 18 2 16 15 39 10 45 18 30 14 26 19 65 16 7 7 84 8 30 13 94 4 53 9 1 5 48 3 24 12 73
15 71 4 70 10 73 17 55 19 65 9 83 7 11 6 93 14 92 3 54 1 76 5 99 13 23 11 19 18 35 12 82 2 21 16 41 8 38 0 25
9 47 3 33 10 37 13 66 5 45 16 98 4 50 11 62 0 49 7 46 8 83 1 6 18 5 17 35 2 12 6 52 12 96 15 63 19 20 14 51
11 3 19 50 8 6 7 62 12 11 1 47 4 68 16 95 15 68 0 95 17 95 6 24 9 67 10 25 2 11 3 29 18 44 5 25 13 26 14 23
18 23 7 5 11 47 8 57 3 63 6 33 4 50 1 99 0 56 2 97 9 78 15 80 16 20 17 48 12 32 10 96 14 80 13 70 19 47 5 75
14 77 2 35 18 29 16 56 7 37 11 95 8 87 1 42 19 24 12 48 13 50 9 1 5 84 4 55 3 81 17 3 10 14 6 94 0 74 15 22
15 65 12 59 13 35 11 22 9 32 3 15 4 97 2 50 17 79 10 67 6 32 14 13 1 93 0 49 5 5 19 36 16 64 18 33 7 96 8 94
2 78 10 74 14 49 13 14 5 20 19 80 12 15 8 53 16 50 0 96 3 33 11 5 6 44 9 74 7 50 17 15 18 53 4 79 15 17 1 57
14 4 15 20 4 22 19 68 5 16 0 35 11 16 18 76 10 23 12 31 1 90 3 65 8 63 2 99 6 26 7 39 13 48 16 18 17 22 9 99
11 68 3 13 2 84 15 46 6 25 13 68 4 5 10 24 5 33 9 12 0 67 12 12 19 26 7 38 17 44 8 98 18 38 14 64 1 22 16 56
4 98 9 25 19 92 17 60 8 17 11 30 0 44 14 2 16 33 3 31 10 85 5 96 13 5 1 81 15 9 2 68 18 24 12 88 6 97 7 99
