30 20
5 42 8 91 12 53 1 21 19 81 9 54 7 95 15 92 10 34 2 28 17 95 4 16 14 1 16 34 13 20 18 21 11 93 6 69 0 25 3 41
4 15 14 99 17 77 19 59 3 61 16 60 13 95 1 8 10 88 12 78 9 20 18 62 11 95 7 33 6 17 15 77 0 61 5 84 2 78 8 72
11 38 10 62 8 48 1 72 19 28 18 3 12 39 14 59 16 12 0 1 15 31 13 38 6 86 9 15 17 13 7 69 2 48 5 2 3 63 4 98
13 67 6 98 16 28 2 24 15 89 5 79 3 38 7 97 4 11 10 99 11 6 0 48 8 16 12 72 17 95 14 6 9 82 1 86 18 5 19 13
12 42 16 6 5 65 1 55 2 76 15 22 4 16 9 32 19 84 11 88 10 48 14 50 7 10 17 51 6 58 18 95 0 71 13 9 3 49 8 69
3 82 18 16 11 8 7 57 6 70 1 34 16 67 13 56 14 41 10 91 12 85 17 23 15 39 8 37 2 63 5 17 19 99 0 2 9 60 4 95
5 45 18 66 16 73 13 7 11 61 17 19 3 11 4 16 10 53 7 88 14 13 8 39 9 17 1 28 19 51 0 61 12 75 2 15 6 74 15 39
19 69 0 16 12 5 7 56 11 41 15 67 8 63 17 49 1 81 9 12 18 46 3 34 2 40 16 13 14 52 6 73 5 98 13 96 4 77 10 14
5 81 0 34 12 99 16 68 8 99 14 63 17 77 6 44 3 18 19 26 11 18 13 99 9 71 2 57 18 19 1 27 10 58 15 53 7 27 4 14
0 53 12 3 16 71 8 86 4 69 13 76 6 47 7 93 9 35 18 38 19 19 3 32 2 73 1 68 14 1 10 95 17 51 5 37 11 17 15 11
18 74 16 5 1 8 7 25 13 25 2 52 6 26 10 78 3 60 4 49 14 37 19 77 17 23 12 4 8 56 15 30 11 91 0 93 9 14 5 41
5 2 10 88 7 46 8 32 4 51 19 46 11 37 3 48 15 45 2 80 13 23 9 53 1 64 17 88 12 77 0 57 18 92 16 68 6 18 14 43
6 10 11 48 9 32 2 15 19 18 4 14 15 44 16 57 14 59 3 30 0 9 17 59 7 99 1 79 13 19 8 28 12 50 10 47 5 88 18 53
11 28 15 29 6 76 3 44 12 97 4 1 0 78 19 21 2 94 18 2 9 58 10 91 5 59 16 31 8 66 7 30 1 40 17 45 13 89 14 67
1 26 17 39 18 66 13 26 6 40 2 4 16 50 11 20 14 56 4 23 8 74 15 7 9 61 0 4 19 2 12 24 10 26 5 4 3 56 7 77
3 45 8 73 19 30 11 1 9 19 6 33 12 14 1 92 17 73 13 27 7 56 5 49 14 8 4 85 2 99 18 15 0 39 10 22 15 77 16 43
19 64 12 57 16 52 11 82 5 16 2 85 8 81 18 72 1 86 10 16 3 70 0 7 15 25 6 62 7 79 14 3 17 27 9 13 13 61 4 62
12 1 1 9 6 98 17 96 0 55 13 93 5 55 7 45 14 40 3 32 15 86 10 44 11 76 18 26 16 11 19 36 9 54 2 6 4 73 8 42
1 94 5 12 17 15 9 92 7 2 4 58 18 14 14 10 15 59 8 65 6 73 2 35 13 71 3 63 16 57 0 79 19 67 10 89 12 53 11 16
19 91 0 35 4 95 13 8 15 35 18 37 3 27 10 24 7 86 5 75 2 50 11 95 12 41 16 41 8 56 17 14 14 26 1 67 9 41 6 61
11 91 15 77 7 78 19 90 0 15 5 55 3 51 14 42 1 67 8 66 6 67 2 83 13 79 18 13 9 67 12 89 16 19 17 55 10 85 4 26
12 71 13 59 4 79 1 97 17 59 16 21 18 20 11 11 19 40 10 61 7 67 3 24 9 33 14 71 8 92 15 85 5 35 2 4 0 63 6 35
4 23 2 14 10 59 16 18 12 44 6 69 11 16 7 16 0 78 8 38 1 75 9 51 18 33 14 3 19 26 17 50 5 82 15 60 3 1 13 82
5 75 13 66 3 96 11 96 18 94 16 92 19 5 0 28 15 62 10 20 17 68 8 98 6 8 9 75 4 18 12 58 2 53 7 9 14 9 1 58
4 50 18 20 3 18 1 5 12 64 9 6 17 62 5 88 6 12 11 22 16 55 14 30 7 78 15 45 13 40 2 58 10 72 19 72 0 55 8 79
9 73 11 35 10 80 15 97 14 13 16 62 0 15 17 82 1 77 2 88 12 52 19 24 7 72 18 32 13 9 8 64 3 85 4 1 6 29 5 52
12 28 18 7 1 18 8 67 6 37 17 75 4 19 2 56 19 63 9 90 16 6 13 55 10 92 11 42 14 41 5 33 7 46 3 10 0 2 15 7
6 29 8 60 9 62 14 19 17 94 4 13 1 54 10 58 15 91 5 80 2 56 13 58 11 62 12 96 3 40 7 2 0 14 19 48 16 32 18 91
12 79 17 72 9 87 4 50 14 51 2 14 0 42 13 27 11 85 10 23 8 85 1 99 3 90 18 23 6 86 16 61 15 34 19 53 5 73 7 73
10 89 11 47 12 52 16 2 7 43 6 39 1 72 15 69 8 91 0 32 19 14 3 93 18 73 2 91 5 14 13 71 9 43 17 51 14 64 4 97
