30 20
4 30 3 17 7 60 12 8 19 63 9 40 16 19 15 29 0 78 10 93 6 89 2 49 1 70 5 18 14 8 13 25 17 80 8 5 18 38 11 27
6 91 18 61 16 49 11 87 2 98 13 40 10 73 0 90 3 5 8 20 12 82 14 74 9 63 19 26 5 48 1 27 15 67 17 2 4 61 7 68
1 39 16 26 4 98 2 81 12 51 19 19 13 74 8 4 7 99 17 92 6 28 9 82 18 42 15 1 5 43 0 23 14 17 10 2 3 61 11 69
17 29 7 17 19 92 2 16 0 91 5 89 13 92 15 20 8 51 1 11 18 6 11 35 6 23 10 98 16 38 14 90 9 47 12 6 3 37 4 2
2 49 3 37 18 6 14 58 10 70 8 91 0 17 12 73 6 56 9 59 13 53 17 55 15 91 5 25 19 99 11 54 7 6 1 5 4 35 16 84
15 3 17 80 6 19 1 1 4 46 8 93 5 96 10 19 16 52 9 7 19 58 13 63 2 99 0 10 7 37 18 75 14 52 12 29 11 95 3 40
3 62 15 57 5 59 10 65 8 11 7 5 9 33 0 47 11 72 4 93 1 22 19 65 17 13 16 60 6 30 18 84 12 54 13 66 2 76 14 45
5 19 12 77 17 51 13 50 15 71 4 33 11 4 0 29 3 65 7 82 2 35 19 23 16 89 18 10 14 39 8 79 6 65 10 43 1 49 9 89
5 89 10 98 4 86 18 74 6 93 9 6 8 14 14 49 0 94 13 9 2 51 12 61 16 87 1 77 11 55 19 18 7 1 3 33 17 52 15 26
2 95 1 58 4 13 9 92 11 9 16 64 14 87 15 10 0 7 5 73 10 15 12 61 18 32 19 90 17 64 8 65 13 11 7 36 6 85 3 45
7 26 9 65 2 53 4 16 18 68 5 29 19 84 12 65 10 62 16 45 3 50 0 33 13 94 14 9 1 79 6 14 17 54 8 88 11 56 15 48
14 65 0 55 19 88 9 26 1 34 6 46 13 64 15 17 4 34 17 7 3 51 11 76 18 65 8 96 16 16 12 82 10 33 7 15 5 13 2 2
14 40 13 78 0 88 11 42 19 34 3 60 17 23 7 13 18 33 10 30 2 14 8 50 1 36 15 68 9 14 6 44 5 73 12 17 4 13 16 67
16 28 7 42 1 43 0 48 17 84 10 48 9 2 13 6 2 58 14 52 6 38 3 46 4 92 15 12 5 60 12 69 18 5 19 87 8 15 11 23
9 3 8 26 15 51 10 7 19 8 18 44 1 75 2 73 13 77 6 52 0 79 5 3 12 27 16 61 7 3 4 77 11 95 3 9 17 1 14 8
8 40 16 8 15 82 3 12 0 63 12 1 18 61 5 80 14 21 1 16 13 76 6 84 17 94 19 85 9 80 2 27 4 48 10 29 11 60 7 58
11 10 5 50 2 13 17 90 15 22 6 60 14 87 4 25 7 20 9 64 8 75 1 58 0 35 3 96 19 47 12 81 18 84 10 34 13 5 16 1
8 28 7 17 19 16 2 81 15 29 0 65 11 63 1 54 17 40 10 73 6 96 13 94 3 4 9 98 5 48 14 37 18 17 4 57 16 3 12 35
6 45 13 18 5 61 0 6 9 51 4 78 2 86 7 96 11 10 8 54 15 52 18 63 14 82 17 60 12 29 19 33 1 66 10 60 16 94 3 33
11 79 2 4 12 48 18 50 1 60 5 71 8 69 13 27 16 80 0 62 4 91 3 41 9 27 6 35 15 64 10 55 19 42 17 24 14 58 7 57
3 7 2 61 15 24 5 61 0 48 10 66 12 63 19 68 9 2 13 1 18 12 16 1 11 10 4 65 8 19 6 83 14 40 1 22 7 54 17 48
1 22 8 83 12 1 7 98 18 11 2 31 3 77 14 96 13 10 9 84 11 94 6 61 5 59 16 26 15 5 4 13 19 29 10 43 17 1 0 7
8 76 19 63 14 69 4 26 5 40 1 19 17 27 3 93 11 88 18 90 13 68 10 54 16 6 0 55 7 86 6 34 2 1 12 90 15 12 9 99
9 78 19 38 10 37 0 34 15 20 1 98 5 67 3 64 12 56 11 21 8 52 6 59 18 84 13 45 4 72 14 54 17 77 7 90 2 6 16 8
14 1 17 21 1 61 15 44 6 23 7 98 16 17 11 83 10 42 2 21 9 88 4 1 18 71 8 61 12 32 13 82 5 98 3 55 19 83 0 9
5 17 1 30 18 58 16 24 3 87 15 62 11 61 14 49 13 42 2 88 9 98 19 25 6 91 10 78 7 35 8 51 12 75 0 36 4 24 17 15
2 29 14 45 18 95 16 45 3 38 9 18 19 85 13 77 8 72 11 17 15 66 5 10 4 98 10 34 6 93 17 67 1 13 7 99 12 72 0 59
13 8 4 9 9 33 19 73 15 94 0 22 10 32 3 87 8 9 6 98 5 59 2 75 12 38 16 28 18 77 14 91 17 96 11 1 1 26 7 4
15 2 5 84 10 77 19 76 6 41 9 98 16 5 18 96 2 17 14 19 11 84 0 78 7 6 4 75 3 79 12 10 13 21 1 25 17 50 8 14
13 81 18 13 9 90 3 75 5 85 12 69 2 41 7 26 11 84 15 93 16 17 4 85 1 7 6 67 10 1 8 8 19 87 0 44 17 27 14 75
