30 20
8 42 5 34 12 4 9 43 11 22 19 59 15 67 2 97 0 50 1 92 16 93 17 6 10 78 3 76 4 72 18 16 7 39 14 28 13 92 6 58
17 64 5 79 9 78 2 99 13 90 1 9 11 30 4 57 0 16 19 35 7 84 6 71 15 71 18 88 3 32 16 32 8 97 12 33 14 71 10 25
17 13 0 92 10 50 14 11 2 63 12 72 11 1 5 29 18 19 4 39 7 28 1 83 6 15 3 81 13 19 9 5 15 9 19 89 8 1 16 4
19 58 1 61 14 7 17 13 8 13 13 54 16 65 18 69 9 59 4 13 7 47 3 65 15 86 6 50 11 51 12 99 0 71 5 43 2 17 10 19
19 78 0 65 3 42 1 27 7 82 2 67 17 98 4 77 11 74 15 86 14 19 6 68 13 85 12 37 5 46 8 6 18 75 16 27 10 14 9 82
2 78 11 16 3 17 0 94 9 92 17 11 15 52 12 46 7 39 14 22 18 65 5 18 4 74 8 56 6 35 19 30 1 90 16 68 13 15 10 20
3 32 11 33 16 43 9 10 10 80 15 27 0 19 6 87 19 34 17 79 8 56 18 66 12 57 4 87 1 58 2 82 7 83 13 30 5 20 14 15
3 38 12 84 2 43 7 42 19 76 14 94 15 62 1 94 17 22 11 11 4 67 5 23 13 82 0 5 18 49 16 16 8 96 6 33 9 84 10 89
9 62 18 53 16 23 13 81 7 2 1 2 17 54 15 42 0 45 5 54 10 28 12 62 14 6 8 42 4 21 11 46 3 25 6 79 19 44 2 52
12 98 0 55 1 29 19 43 2 63 8 43 11 4 6 35 16 22 15 62 18 46 7 73 5 27 17 28 3 20 4 74 13 77 10 51 14 46 9 74
16 69 12 78 7 26 18 13 4 44 17 17 1 10 2 59 5 89 13 51 11 92 0 5 15 61 8 90 6 13 10 99 14 5 19 26 3 44 9 8
12 59 11 34 3 72 0 64 17 46 15 6 5 97 6 95 2 37 9 22 8 55 19 45 16 18 13 55 4 94 7 66 1 89 10 48 18 3 14 67
15 45 11 99 9 19 14 47 0 39 17 60 5 85 2 75 19 58 8 14 7 52 10 10 13 79 16 43 1 20 6 5 18 15 3 64 4 75 12 69
15 45 13 64 10 14 2 89 9 16 14 34 7 79 12 26 18 72 1 73 3 45 16 70 8 72 19 55 17 80 6 9 4 44 5 76 0 68 11 41
0 8 5 82 19 74 1 2 9 45 7 76 8 83 2 98 4 81 3 93 15 67 13 40 10 91 18 69 17 63 6 57 11 39 12 16 16 83 14 61
14 27 9 84 3 58 12 39 7 60 6 86 13 47 17 82 1 2 5 12 19 68 4 87 15 42 8 46 11 97 18 68 10 45 0 77 16 84 2 17
11 60 3 19 0 2 5 12 16 40 1 88 13 42 17 78 7 62 8 19 19 89 12 52 6 58 14 99 4 68 9 63 10 61 15 93 2 85 18 92
16 88 8 70 12 38 0 85 14 35 19 10 10 35 5 69 6 43 18 99 3 42 1 37 7 42 2 22 4 44 17 70 15 36 13 95 11 39 9 93
17 64 6 67 15 30 16 14 1 24 9 82 19 5 0 93 14 68 7 17 10 97 4 76 8 75 13 84 11 27 5 82 18 34 2 70 3 99 12 5
19 25 11 54 14 70 13 15 6 44 5 98 8 11 7 95 15 47 10 8 1 55 17 15 2 4 3 6 9 77 18 5 0 85 16 84 12 50 4 25
7 48 3 86 6 29 4 94 5 37 8 39 11 96 14 70 18 21 9 51 1 57 15 36 10 68 19 93 0 95 2 81 12 46 17 62 13 45 16 84
8 96 13 54 18 5 19 10 5 95 16 11 3 76 1 91 14 99 2 35 4 74 11 71 17 5 6 57 0 13 7 45 15 30 12 4 10 90 9 98
8 92 18 90 0 25 6 47 2 29 17 67 15 39 7 50 3 24 13 22 14 46 5 77 19 59 12 94 11 33 4 55 16 7 1 24 9 85 10 67
14 93 10 60 1 55 15 20 0 62 12 94 9 50 4 17 8 57 17 88 7 31 2 36 11 70 19 25 18 98 16 41 5 66 13 55 3 48 6 74
5 69 12 2 19 59 1 19 3 61 15 63 14 59 8 81 0 79 9 87 4 34 18 9 6 92 16 13 17 1 13 44 7 70 11 26 2 21 10 63
1 36 12 57 10 42 13 37 9 81 18 97 16 33 3 31 17 87 19 28 2 1 4 61 0 48 11 16 5 42 6 71 8 47 15 18 14 26 7 60
4 21 0 56 3 24 5 10 17 8 1 56 12 56 7 85 6 52 19 68 2 94 14 70 13 13 18 66 9 99 16 87 15 4 11 97 10 60 8 97
7 53 12 69 0 96 10 97 9 95 19 92 17 90 16 20 4 72 18 96 6 58 1 43 5 57 2 90 11 77 13 18 14 82 3 14 15 25 8 56
15 15 14 55 12 31 7 30 19 88 4 65 10 37 9 54 6 31 3 53 17 41 2 19 18 65 11 24 5 67 16 60 8 85 13 46 0 58 1 8
16 51 11 79 18 55 13 49 9 5 3 96 4 87 14 11 7 21 12 39 10 86 6 43 17 1 2 63 1 68 8 3 0 38 15 92 19 27 5 84
