30 20
15 29 13 83 6 62 19 86 1 30 0 32 18 54 14 73 11 58 16 62 9 65 8 88 3 74 12 68 10 13 4 48 17 35 7 1 2 29 5 61
2 57 3 93 18 95 6 16 10 58 17 76 7 44 19 64 11 20 13 27 4 6 8 34 14 69 1 97 0 8 9 83 15 79 5 62 12 84 16 92
11 46 3 70 18 90 7 20 4 95 13 21 15 25 5 22 9 43 10 2 2 21 12 81 16 45 0 57 8 60 14 33 17 36 6 95 19 33 1 76
3 54 15 41 10 5 11 25 1 50 16 16 12 94 4 53 18 71 13 88 5 68 19 41 7 28 17 60 14 76 2 57 9 4 8 69 0 1 6 37
13 3 6 70 1 5 9 62 2 54 4 49 12 50 11 75 19 86 7 12 18 38 5 22 3 10 17 17 10 85 0 18 8 95 16 88 14 95 15 96
17 41 11 65 16 88 15 16 8 63 4 96 1 70 2 76 10 46 18 67 12 65 9 27 5 48 0 12 14 72 19 16 7 68 3 12 13 59 6 6
15 79 5 73 12 90 6 72 10 54 16 30 4 51 19 3 7 38 14 57 9 94 0 1 1 55 2 96 11 88 18 75 13 79 3 39 17 67 8 61
2 51 3 56 16 49 6 2 15 55 10 85 11 48 19 71 4 82 12 38 7 45 13 59 17 54 18 88 5 91 14 17 8 35 9 58 0 4 1 98
15 39 10 74 2 52 13 60 0 46 16 35 6 60 19 59 14 39 7 50 18 94 5 62 11 14 17 73 12 35 4 62 1 14 3 45 8 63 9 28
0 37 1 98 13 7 2 14 19 46 10 65 5 76 11 51 17 81 9 36 7 69 12 52 14 86 4 7 6 21 18 97 3 78 15 62 16 85 8 10
11 94 17 33 19 49 16 3 4 20 7 23 13 91 8 37 14 91 10 50 2 19 18 38 1 42 5 96 6 30 15 74 9 75 0 93 3 96 12 92
11 6 15 37 7 43 8 99 10 52 19 85 13 22 4 85 18 97 9 88 6 19 5 37 16 34 3 53 17 51 12 83 1 88 14 49 0 22 2 4
0 34 16 49 18 49 4 39 8 69 17 47 14 50 2 17 5 28 19 18 13 25 12 6 7 47 15 77 6 76 11 24 9 3 1 37 3 14 10 21
19 16 17 17 12 55 15 87 16 70 14 26 2 60 13 19 6 11 4 18 10 40 8 60 11 93 9 22 7 33 18 55 1 33 0 24 3 7 5 54
6 86 2 50 19 7 18 91 1 12 0 98 12 14 10 42 8 37 15 14 5 75 3 49 7 2 4 23 13 81 11 91 17 37 16 69 14 38 9 3
14 74 19 57 16 51 8 99 17 62 12 31 1 59 10 92 6 59 2 24 7 36 5 76 13 52 9 83 15 56 0 47 11 50 3 89 18 18 4 23
1 46 3 12 7 51 18 77 5 68 13 68 16 37 2 17 15 11 17 40 12 28 19 8 8 15 0 60 10 16 9 84 11 18 4 18 6 90 14 19
7 27 16 3 9 28 2 40 1 2 18 75 17 97 12 1 10 13 13 6 14 66 15 37 0 85 4 34 6 79 5 29 8 70 3 17 11 1 19 51
18 16 16 41 1 26 5 71 9 4 6 10 0 92 11 33 12 84 8 37 10 92 19 95 2 49 7 39 4 61 17 79 14 52 13 65 3 45 15 63
1 18 4 75 19 81 0 89 6 24 11 30 2 79 15 64 5 50 18 59 10 32 17 66 7 43 13 21 9 37 3 33 14 19 8 80 16 72 12 10
17 40 15 92 16 20 7 66 6 70 14 94 0 62 12 27 9 84 5 27 2 48 10 49 4 91 11 23 3 80 18 45 19 28 13 68 8 59 1 83
18 86 9 39 16 37 13 49 4 37 3 12 19 21 1 40 7 46 12 59 5 64 6 82 2 84 8 86 15 62 17 74 10 59 11 17 14 98 0 82
5 71 15 3 8 2 13 66 18 8 1 74 2 76 6 96 11 33 0 51 3 32 19 92 16 12 12 26 14 13 17 19 7 16 10 85 4 1 9 50
4 6 16 91 17 34 3 79 6 54 8 65 9 81 11 1 0 5 1 45 18 38 10 66 13 71 12 82 15 26 19 80 5 6 14 49 2 92 7 65
6 44 8 48 2 77 17 94 13 94 16 6 0 26 11 23 5 54 14 85 15 47 19 70 18 19 3 56 1 58 10 74 9 67 12 50 4 14 7 16
8 9 14 14 7 45 2 27 10 47 9 43 13 73 11 17 19 77 4 64 16 46 17 68 12 50 1 7 3 17 15 52 6 25 5 94 18 24 0 15
2 38 6 87 19 72 11 20 16 36 9 65 1 87 17 34 5 2 4 16 3 34 18 7 12 8 7 53 14 49 13 54 0 3 8 42 15 63 10 63
16 1 7 86 6 77 15 49 19 49 10 1 8 75 2 80 9 51 4 27 0 2 14 81 18 42 3 15 13 98 5 41 1 23 12 33 17 59 11 9
15 15 4 47 7 58 0 99 12 56 2 62 17 52 10 63 8 69 14 73 18 95 5 96 19 32 16 31 1 79 6 87 9 33 11 76 3 85 13 98
6 76 14 22 1 75 0 26 13 51 9 71 18 10 8 80 12 52 17 81 16 46 10 39 4 54 11 36 2 98 19 74 5 45 7 15 15 85 3 40
