30 20
19 99 18 69 6 33 9 62 1 69 5 42 10 76 4 71 16 21 15 32 11 45 7 75 13 20 8 40 17 40 0 5 12 43 2 2 3 20 14 88
14 28 2 75 6 33 4 83 9 96 16 50 19 17 8 52 17 13 3 98 12 31 0 68 15 13 5 25 13 76 1 72 11 93 10 35 18 76 7 89
5 99 1 86 9 89 0 11 17 74 19 58 18 36 13 18 12 54 6 18 11 26 16 74 8 94 14 84 4 30 2 21 3 61 15 52 10 34 7 52
11 2 16 57 7 86 5 38 1 25 19 91 9 71 18 85 0 2 17 73 13 21 10 43 15 54 3 6 2 66 4 2 14 11 12 27 8 15 6 84
5 86 9 76 3 7 7 11 0 40 8 58 11 65 12 96 6 32 16 20 4 40 13 31 14 74 10 28 17 88 19 72 2 66 18 80 15 32 1 44
15 64 8 44 2 47 0 74 16 37 11 84 4 19 18 63 1 95 5 63 13 30 9 75 6 42 12 97 7 77 19 27 17 58 3 64 10 8 14 21
7 80 4 59 9 73 18 56 10 7 14 4 3 86 0 17 1 65 5 61 2 32 17 73 16 61 13 12 6 71 19 88 11 31 15 74 8 86 12 30
18 59 9 93 4 79 0 29 13 15 5 50 11 93 19 56 10 71 6 53 3 24 7 86 8 9 12 86 2 87 17 52 14 8 15 34 1 42 16 62
12 43 7 13 15 73 11 63 16 51 14 85 10 97 18 12 6 39 17 13 1 42 4 13 8 91 2 5 0 87 5 57 9 94 13 17 19 29 3 86
11 29 17 85 10 68 9 63 13 71 6 76 0 87 14 72 12 16 1 68 18 81 5 14 8 19 15 38 2 94 4 71 7 5 19 11 3 73 16 2
18 44 16 53 7 71 10 59 17 3 1 61 19 89 2 46 12 61 11 72 13 92 8 36 6 59 4 36 3 24 5 34 9 67 15 56 0 39 14 84
15 3 9 52 2 5 6 21 10 88 14 35 0 74 19 46 8 14 11 64 5 65 12 11 7 16 1 57 4 25 18 55 17 25 16 75 3 82 13 61
13 20 10 18 9 7 17 99 14 64 7 33 18 92 0 78 19 72 15 6 5 89 16 48 2 19 4 85 6 59 11 44 1 90 3 64 12 38 8 30
5 32 4 63 10 2 9 34 6 96 11 70 14 92 1 8 18 85 8 14 17 28 19 95 12 30 15 9 2 52 3 30 13 75 0 47 7 74 16 58
9 16 1 47 11 86 5 54 14 56 18 72 19 70 7 92 8 85 10 40 17 83 2 65 6 45 15 70 4 93 0 25 3 87 16 59 12 79 13 83
19 9 18 25 16 95 10 26 0 75 11 76 3 1 1 19 12 55 2 78 9 38 7 64 6 93 5 72 17 19 14 75 4 45 8 60 15 53 13 76
10 70 15 5 5 36 11 33 4 45 3 14 14 49 13 41 17 33 8 55 18 44 6 18 0 68 9 92 1 72 2 55 16 50 12 85 19 37 7 27
11 30 3 65 16 80 10 48 1 48 8 96 0 69 18 3 4 85 17 33 9 59 5 61 6 32 15 38 13 66 12 35 2 46 19 11 14 98 7 74
10 70 16 19 15 11 13 36 3 81 7 14 6 66 17 41 0 70 9 28 19 37 14 85 8 55 18 68 11 2 1 92 4 71 12 64 5 94 2 53
14 84 7 38 11 33 0 27 19 13 15 16 16 60 12 17 1 4 18 12 5 28 2 94 6 37 3 95 17 55 13 81 10 5 9 30 8 56 4 60
18 86 17 48 16 57 1 32 15 34 10 67 19 24 7 62 11 27 4 7 12 25 13 90 5 96 14 94 8 89 2 27 3 98 9 81 6 57 0 87
17 11 8 70 6 55 16 19 10 30 14 83 19 37 4 73 11 18 2 49 3 57 1 97 15 74 12 88 18 1 5 48 7 86 0 5 13 89 9 43
15 61 14 55 3 50 1 33 12 44 18 53 13 83 11 44 7 52 8 54 9 23 5 1 0 2 2 22 4 53 19 64 6 33 17 66 10 92 16 49
14 8 17 89 16 21 11 13 4 75 5 37 3 37 8 30 10 79 12 67 15 98 9 23 2 96 18 24 7 3 19 25 1 74 13 58 0 78 6 60
18 40 10 6 16 85 6 7 14 1 8 55 15 84 7 33 17 82 9 19 19 98 2 73 12 20 4 39 5 76 11 47 0 73 13 28 1 46 3 25
11 28 17 26 1 65 8 56 5 31 12 10 9 94 0 96 4 44 15 42 3 89 14 23 7 59 19 48 16 17 2 29 6 23 13 37 10 49 18 71
11 91 6 69 3 29 18 91 8 58 17 78 15 15 10 8 12 13 1 7 4 83 16 29 5 86 2 67 9 70 19 77 14 21 7 39 13 40 0 97
0 11 10 13 1 74 17 89 2 81 15 92 5 23 18 27 6 62 11 39 7 16 3 44 9 2 8 89 16 80 13 96 4 82 19 71 12 55 14 53
18 84 12 21 7 68 19 76 5 70 13 76 6 55 10 31 9 66 11 15 16 54 4 19 8 17 15 9 3 53 2 38 14 10 17 4 0 38 1 98
15 86 16 16 7 42 18 79 19 96 9 80 2 24 12 44 1 15 17 84 6 82 11 2 14 86 4 45 0 34 8 96 10 57 3 9 13 50 5 84
