30 20
10 17 8 33 9 5 2 60 4 24 6 50 12 31 19 59 13 71 17 92 18 17 0 3 1 3 3 43 16 9 14 58 15 15 11 32 5 32 7 96
6 39 17 30 11 83 19 26 5 63 16 91 9 93 1 42 12 54 13 14 10 29 7 70 3 55 0 12 2 17 4 58 15 23 8 29 14 74 18 70
4 31 13 29 1 7 12 87 18 79 9 86 8 16 11 9 15 36 14 28 5 42 2 66 7 59 3 67 19 9 0 97 17 82 10 72 6 26 16 24
17 2 9 56 6 41 18 39 11 54 2 94 13 98 7 61 5 9 1 29 19 28 12 98 0 58 15 58 10 18 14 75 3 4 16 68 8 36 4 81
1 62 13 55 11 6 4 83 7 82 18 2 3 57 2 90 8 98 6 43 17 92 12 81 10 27 16 57 9 9 19 99 15 33 5 52 14 16 0 14
15 19 2 95 6 58 3 84 18 60 8 46 5 28 17 40 9 63 16 53 0 80 12 5 13 97 11 91 10 67 19 6 4 59 7 47 14 32 1 54
9 57 15 22 1 73 11 86 4 72 5 55 2 91 12 10 6 8 16 39 14 20 0 20 3 96 19 15 8 40 10 54 17 52 13 83 18 67 7 30
9 36 11 52 6 42 4 26 10 2 16 58 13 40 2 32 8 70 12 82 19 15 18 12 17 99 5 35 14 37 3 12 15 33 0 94 1 52 7 83
12 89 8 78 14 64 17 2 15 16 9 56 16 29 0 16 2 82 18 69 5 30 1 1 7 53 6 33 19 40 10 82 13 41 3 85 11 63 4 22
6 71 9 21 11 53 5 88 12 75 13 37 10 6 2 91 8 58 18 37 15 21 17 35 7 86 4 68 14 24 19 14 3 78 1 35 0 68 16 98
6 98 3 97 2 4 15 8 13 77 7 98 8 15 10 18 14 9 9 35 0 26 12 91 16 35 17 28 19 34 4 69 18 40 5 70 1 5 11 21
5 70 12 85 18 28 8 78 3 4 19 83 6 76 7 62 0 19 16 81 11 35 14 98 9 39 1 86 10 9 4 28 2 35 15 39 17 21 13 6
3 63 1 62 4 21 6 38 2 65 19 41 18 77 17 95 14 88 13 39 15 83 5 60 9 38 12 32 10 40 7 54 0 45 16 38 8 61 11 83
13 17 5 24 0 68 12 23 3 11 18 68 14 8 10 68 8 13 1 17 6 69 7 48 9 45 17 41 19 12 11 45 2 55 4 30 16 97 15 29
0 20 17 81 4 86 7 76 14 45 2 61 10 34 15 45 3 13 1 29 19 79 9 74 5 21 16 91 13 3 11 83 8 15 18 29 6 34 12 44
2 87 3 96 10 99 12 16 16 98 5 33 8 47 0 94 13 74 17 17 7 58 9 88 6 89 15 91 18 37 11 61 4 94 19 92 14 47 1 88
8 55 9 12 12 81 4 82 6 47 16 90 11 41 2 21 15 29 3 55 10 22 19 22 18 23 0 24 14 22 13 71 7 88 1 92 5 31 17 69
6 33 10 13 17 37 1 10 19 49 12 60 0 47 11 11 3 21 18 12 7 89 8 66 14 35 5 79 13 85 16 32 9 78 4 76 2 75 15 39
7 29 16 99 13 11 17 96 3 17 1 4 0 42 6 58 15 70 10 37 9 50 14 50 11 4 4 86 19 29 18 22 2 47 8 69 12 95 5 13
13 54 16 73 10 54 2 63 5 63 6 61 8 79 7 76 0 66 18 27 3 81 14 74 15 57 9 22 4 42 17 38 1 76 12 93 11 84 19 21
5 80 12 24 16 52 6 43 9 16 13 58 4 16 0 33 8 20 19 98 3 3 17 95 1 42 15 8 11 62 7 45 2 22 10 89 14 48 18 94
4 77 14 23 10 38 3 28 11 93 6 58 17 55 19 71 16 16 7 58 2 62 15 74 12 26 0 51 13 1 18 27 9 92 8 34 1 66 5 20
9 10 0 20 2 33 18 90 12 2 5 4 1 59 15 40 17 54 8 51 19 76 3 93 4 33 6 45 10 77 7 6 11 12 13 50 14 94 16 69
13 91 17 89 16 56 19 59 4 69 9 63 18 74 3 85 6 29 5 27 7 79 15 47 11 21 0 51 12 66 10 75 1 7 2 80 8 97 14 70
4 28 8 73 9 71 11 6 1 26 10 46 13 21 12 35 19 21 3 16 15 29 16 61 18 43 17 79 7 91 14 59 5 46 0 59 2 10 6 17
17 50 10 47 13 95 8 55 1 71 12 76 16 76 3 74 18 36 15 57 5 98 11 43 14 22 2 11 19 55 9 91 4 99 7 50 0 59 6 37
8 62 15 94 7 94 18 27 11 12 16 93 9 14 4 3 6 37 10 37 3 94 17 38 1 59 12 30 19 96 2 20 13 61 14 5 0 15 5 1
6 70 12 99 14 63 4 21 13 38 1 27 3 59 17 33 8 31 18 49 16 38 15 78 10 97 0 46 2 79 11 77 9 21 7 95 19 11 5 71
17 23 12 42 0 40 10 64 6 29 16 64 2 64 5 79 8 88 18 37 14 17 1 77 4 80 15 53 19 24 13 9 11 23 7 15 3 96 9 2
19 12 17 61 10 81 5 95 9 69 11 45 4 50 15 10 18 95 3 84 7 12 14 68 12 3 13 58 1 66 6 73 16 76 8 21 2 84 0 21
