30 20
11 70 5 98 10 11 9 27 12 51 6 1 2 80 4 11 16 11 19 3 0 25 7 21 15 11 14 85 1 35 3 49 18 35 13 49 8 19 17 71
4 3 15 31 11 30 7 87 1 97 18 94 10 16 19 53 12 52 13 61 6 91 3 94 16 63 2 59 14 41 5 14 17 19 8 97 0 31 9 87
1 53 12 66 19 74 9 42 15 29 14 88 7 6 17 71 8 47 0 46 3 77 6 53 18 9 16 94 11 51 5 38 10 94 4 16 2 15 13 61
14 49 18 30 6 45 8 96 4 1 9 56 13 35 7 8 3 12 10 11 0 50 2 7 15 62 19 9 11 34 16 99 5 87 17 2 12 4 1 85
10 54 1 46 17 2 9 62 15 65 19 95 8 22 11 46 4 18 6 99 12 22 3 32 16 19 5 22 0 2 18 91 7 83 14 35 13 70 2 99
2 89 17 5 8 49 11 44 15 85 14 7 4 5 19 45 3 78 6 15 5 24 0 93 18 19 16 65 12 68 7 13 1 90 9 35 13 55 10 74
3 9 6 26 15 27 13 14 17 67 0 1 10 8 11 1 7 39 18 15 9 26 5 82 14 54 2 85 4 16 19 43 8 77 1 87 12 27 16 56
17 56 15 31 9 57 3 82 4 80 2 77 10 5 16 75 0 42 14 48 1 54 6 20 7 67 5 99 8 87 11 6 13 80 18 60 19 71 12 39
5 61 9 73 15 10 13 42 2 58 16 28 7 89 17 82 19 53 6 4 11 26 14 48 8 76 12 89 18 75 0 74 10 22 4 31 1 3 3 50
13 1 5 15 0 18 7 20 9 38 17 86 19 75 14 33 10 96 18 9 11 99 12 62 8 45 16 42 4 33 2 20 6 71 3 18 1 62 15 56
16 12 10 14 0 49 7 95 4 45 1 82 18 19 15 50 3 32 14 41 6 22 19 28 12 29 9 30 13 43 17 56 2 27 11 36 5 68 8 31
6 38 9 95 0 65 1 91 14 13 7 93 10 87 3 75 8 44 5 33 19 45 2 39 18 98 4 66 11 29 15 62 16 42 12 19 17 11 13 56
13 52 4 18 8 28 7 95 14 83 3 14 2 3 1 60 11 70 5 31 18 48 9 90 17 31 12 63 19 64 0 10 16 90 15 96 6 11 10 24
9 81 0 87 13 40 17 75 8 37 15 48 3 82 19 8 7 85 10 38 11 50 16 58 2 58 1 90 4 89 18 21 5 39 12 2 6 1 14 20
5 73 3 47 16 15 10 26 17 61 19 40 4 56 1 33 7 58 15 91 11 61 12 17 14 18 13 76 9 23 6 18 8 48 0 68 18 21 2 53
16 11 14 84 5 21 17 4 11 10 12 45 9 33 7 44 19 10 10 60 13 95 8 77 15 16 18 76 1 70 2 66 3 6 6 63 0 71 4 66
5 28 11 6 14 55 0 51 13 80 17 35 7 24 10 70 1 1 16 91 8 67 19 32 12 15 15 59 3 81 9 46 4 69 18 53 2 23 6 58
10 8 12 67 7 25 17 57 9 15 2 64 16 84 5 90 11 89 6 17 0 8 8 64 3 95 4 96 13 35 14 66 1 54 18 23 15 61 19 7
5 93 2 23 10 72 19 12 4 1 15 49 12 85 11 75 1 38 9 12 16 94 13 93 18 52 17 60 8 73 14 53 3 91 7 7 6 32 0 7
12 40 6 3 15 5 0 19 17 21 11 17 10 23 13 92 3 28 19 49 8 53 14 17 5 14 16 88 4 35 7 77 2 50 18 64 9 47 1 21
5 76 9 28 0 39 18 27 19 76 4 80 6 70 2 43 7 60 8 88 12 23 14 69 1 69 13 23 3 37 10 26 11 62 17 32 15 12 16 34
4 68 16 52 11 22 1 63 17 1 10 86 14 62 15 51 8 87 2 35 0 48 7 57 5 91 12 38 6 92 18 6 9 73 19 15 3 88 13 34
2 41 1 40 3 95 8 87 10 73 4 58 17 30 15 42 9 45 5 67 19 52 7 36 14 53 12 30 13 76 11 14 0 41 6 71 18 35 16 36
4 10 12 5 7 52 13 99 19 98 11 8 2 22 0 1 18 90 17 10 15 63 14 66 8 2 6 2 16 62 1 94 9 19 10 83 3 60 5 54
13 76 0 46 9 29 8 26 19 91 2 30 10 4 5 19 6 60 17 27 4 54 3 13 12 91 11 59 14 82 7 88 18 68 15 99 16 7 1 91
12 46 17 24 16 44 18 35 11 46 13 92 0 89 9 93 10 46 14 86 6 16 2 35 19 71 5 94 7 81 15 48 3 76 4 8 8 52 1 50
13 62 1 64 14 15 12 79 17 54 9 10 3 11 11 7 19 31 8 16 15 17 2 82 10 76 6 99 18 56 4 34 0 17 5 80 16 69 7 14
4 14 1 5 14 6 5 78 15 14 12 13 19 14 16 12 18 15 13 22 0 36 7 62 8 89 3 4 2 80 6 10 11 9 9 11 10 5 17 32
2 55 15 32 11 27 0 55 8 9 17 42 3 21 12 56 19 94 5 66 18 35 7 65 6 16 14 2 9 36 13 66 1 74 4 84 16 90 10 83
17 11 19 86 15 19 10 42 8 68 3 73 13 43 0 18 1 87 5 52 9 55 12 7 11 73 16 21 2 94 4 34 7 19 6 30 14 48 18 87
