30 20
3 96 12 44 5 72 2 45 7 34 13 82 19 38 6 79 10 23 18 42 4 34 15 44 1 71 0 68 14 29 9 84 11 31 16 71 17 63 8 41
11 38 16 50 14 68 18 16 3 67 8 13 10 73 7 60 6 6 2 2 19 33 9 50 15 32 12 61 0 63 13 40 5 95 4 70 17 40 1 57
17 71 14 28 8 87 15 20 0 19 7 79 4 61 9 45 13 22 10 96 1 16 12 74 11 18 5 18 16 6 19 24 18 44 2 36 6 11 3 5
3 62 15 65 17 51 13 56 7 79 0 42 10 15 19 18 5 2 16 93 1 30 2 13 14 79 8 65 6 23 18 26 12 63 9 32 4 26 11 69
0 94 17 18 11 77 9 47 4 63 12 65 5 96 16 70 19 72 3 21 6 52 14 30 13 54 2 90 1 56 10 8 15 98 18 55 7 93 8 1
9 22 17 12 0 17 8 22 1 94 2 61 15 38 19 57 16 19 5 99 11 85 4 76 18 3 13 91 12 54 6 11 3 69 7 57 14 91 10 78
5 96 15 66 16 95 3 55 10 85 19 99 12 5 8 55 7 53 14 83 13 24 2 83 0 53 18 78 9 64 4 46 17 54 6 25 11 16 1 28
0 68 14 75 4 20 10 74 7 78 5 41 13 25 12 27 19 28 1 76 3 34 2 17 11 13 15 27 8 16 9 82 17 29 18 89 16 17 6 78
4 62 8 45 3 73 5 38 0 12 18 12 10 36 2 45 16 51 1 17 15 18 6 34 17 85 14 66 19 47 12 76 7 69 9 25 13 27 11 36
18 63 4 57 12 52 10 32 9 97 0 48 19 51 7 16 3 99 13 16 17 47 11 28 15 84 8 86 5 83 1 69 2 25 16 38 14 44 6 73
19 10 2 62 11 25 14 23 5 76 8 24 13 56 9 11 3 80 15 19 6 42 12 61 10 81 1 32 18 99 0 62 17 74 7 35 16 43 4 45
9 17 13 60 12 62 10 69 19 70 1 7 0 96 6 11 4 52 15 18 3 43 8 13 14 21 17 92 11 28 2 6 18 8 16 34 7 85 5 53
17 33 11 90 19 69 6 42 16 33 7 27 0 96 12 56 15 1 14 73 4 31 1 7 3 26 10 44 8 87 18 97 2 19 13 52 9 14 5 23
10 63 6 76 0 83 11 44 2 11 7 63 12 87 5 17 18 85 9 72 1 44 15 78 19 20 3 21 14 48 16 63 8 92 4 7 13 56 17 26
13 75 9 66 12 15 0 85 14 61 11 79 3 4 4 63 5 73 16 72 19 18 7 84 17 2 15 55 1 69 18 79 10 66 2 9 6 13 8 92
14 93 9 86 15 64 5 87 19 65 11 74 12 25 1 61 13 42 7 15 0 75 6 94 2 79 17 28 18 53 8 27 16 13 10 23 3 76 4 55
6 5 9 41 15 54 0 16 18 51 7 73 11 98 3 57 4 38 8 10 12 29 10 3 1 74 19 13 16 74 13 75 17 8 2 14 14 10 5 62
6 28 4 59 14 11 8 24 1 31 9 85 5 15 7 47 0 45 15 31 19 68 10 65 13 60 2 68 3 83 17 94 11 13 12 29 16 12 18 39
9 93 18 29 11 10 6 73 14 78 2 83 4 1 1 3 16 7 0 74 13 92 5 62 8 78 17 72 12 75 10 87 7 78 3 25 15 23 19 75
19 42 10 74 9 19 5 24 12 91 17 84 16 61 2 79 7 99 11 83 1 19 15 47 13 68 14 21 8 72 18 86 0 90 3 64 4 67 6 80
4 72 8 88 18 43 9 32 2 14 16 12 15 24 1 89 13 51 10 68 5 88 12 88 3 89 19 66 11 71 17 72 0 63 14 30 7 34 6 34
4 45 14 73 11 41 15 61 9 45 13 74 12 46 6 46 0 32 1 99 10 7 7 21 5 45 8 6 16 86 3 18 19 26 2 87 18 97 17 57
6 34 14 66 1 93 5 45 3 5 13 50 16 63 0 49 17 38 11 92 10 34 8 86 9 5 18 14 19 84 12 91 4 57 7 82 15 6 2 46
6 7 12 59 15 6 14 21 10 6 0 89 8 53 16 25 3 26 5 7 2 94 17 53 13 62 19 68 18 24 1 94 4 49 9 91 7 70 11 28
14 78 1 1 0 18 11 58 12 23 2 27 9 54 15 18 18 89 7 86 19 70 4 31 3 55 6 95 17 65 8 52 13 20 5 12 10 30 16 18
13 57 7 23 15 87 14 53 6 71 4 84 10 58 2 27 5 77 19 43 17 50 11 2 18 27 1 27 12 33 3 19 0 96 9 66 16 5 8 1
14 91 17 86 0 38 2 26 7 32 18 10 13 36 11 64 16 37 5 70 8 93 19 8 12 23 15 13 4 37 9 89 1 1 3 6 6 31 10 68
12 18 1 7 15 32 13 21 3 33 8 17 0 33 14 66 18 94 7 30 19 18 9 22 2 20 4 14 6 16 16 8 11 70 5 58 17 84 10 52
10 20 8 37 12 16 13 50 11 18 2 22 18 22 0 76 3 34 4 64 9 28 16 77 6 86 14 47 15 19 1 5 19 24 7 97 17 27 5 25
5 28 19 2 14 59 0 26 8 52 15 99 16 4 7 63 11 99 4 30 9 13 1 33 6 66 2 57 10 45 17 62 12 12 13 29 3 18 18 82
