30 20
12 63 10 42 16 6 0 31 4 5 1 36 3 99 17 74 14 27 7 33 8 4 19 55 18 59 13 13 2 26 15 43 11 5 5 77 9 96 6 83
19 75 2 55 8 47 16 21 13 32 15 73 11 60 1 44 3 99 0 26 6 70 4 17 7 93 10 41 14 30 17 18 5 65 9 90 12 80 18 77
7 3 3 73 9 45 11 87 13 20 1 90 14 73 16 86 17 75 8 56 10 79 18 13 6 18 15 31 2 33 4 18 5 98 12 1 19 64 0 95
13 73 6 68 8 98 12 83 1 67 7 15 16 84 9 19 19 55 10 40 5 94 2 35 14 49 4 79 0 87 17 70 18 41 3 50 11 65 15 22
13 3 17 11 15 41 11 95 5 35 7 80 8 24 6 90 16 90 12 13 19 50 3 88 1 36 0 43 9 96 2 62 10 75 14 31 4 53 18 40
2 94 19 66 3 90 14 29 9 50 11 65 1 31 17 2 4 77 16 94 7 33 5 19 18 72 8 54 6 33 10 93 12 81 13 69 15 91 0 30
6 23 3 30 13 45 15 75 9 95 18 45 12 83 0 64 8 40 2 47 10 35 14 40 4 11 1 71 19 34 11 97 16 96 5 95 7 28 17 66
19 66 12 80 6 91 1 93 0 21 13 94 8 95 15 43 9 53 17 70 7 41 4 85 3 51 16 44 11 23 14 90 2 93 18 7 10 7 5 82
15 69 3 42 14 4 11 36 8 60 7 55 13 98 17 86 18 73 6 72 9 27 12 43 0 78 10 20 2 74 5 11 1 89 16 83 4 3 19 53
1 69 3 31 12 42 8 28 9 87 11 3 0 83 2 96 15 39 18 28 5 5 10 61 13 79 7 15 14 53 6 68 17 49 19 25 4 8 16 10
4 70 10 26 7 75 6 81 1 9 12 93 8 9 15 39 14 54 0 11 13 24 18 77 16 11 2 23 5 45 19 44 17 54 9 11 11 43 3 99
10 99 3 26 16 55 4 58 7 31 19 26 14 77 2 69 17 2 8 90 0 69 15 64 18 33 5 63 1 54 6 73 9 67 11 47 12 68 13 94
13 7 15 30 9 83 6 73 5 44 4 16 8 83 16 27 18 69 1 47 0 37 14 17 12 97 7 57 3 14 17 66 19 50 10 61 2 83 11 87
15 29 3 85 2 40 12 35 14 14 0 60 6 74 13 80 5 59 16 62 8 18 1 9 18 3 4 23 19 85 10 1 17 8 7 49 9 12 11 40
2 32 14 45 4 83 0 81 17 49 13 11 8 83 11 78 7 52 1 16 5 76 19 84 18 1 16 91 3 70 10 6 9 72 12 78 6 92 15 87
19 95 16 74 13 7 18 44 2 57 14 80 0 82 4 27 6 29 15 3 9 14 11 38 3 29 5 63 12 31 7 29 8 28 17 45 10 74 1 41
0 83 2 18 10 40 16 36 6 43 9 94 13 62 19 72 11 75 3 21 1 15 8 76 18 46 17 14 5 65 12 31 15 98 4 60 14 6 7 64
6 26 8 79 10 71 5 91 9 36 2 59 15 21 13 80 16 70 4 17 11 57 0 57 19 20 1 13 12 42 18 6 7 82 17 24 14 41 3 76
8 87 10 30 16 28 19 9 9 13 1 78 4 69 18 87 0 99 12 72 15 81 5 49 3 47 17 80 7 17 11 21 2 62 13 39 14 16 6 99
1 82 12 76 2 86 17 61 14 18 5 99 10 81 7 90 3 6 13 51 19 37 9 56 16 34 18 8 6 72 15 10 11 7 8 22 4 17 0 44
11 78 19 65 14 89 1 12 0 23 8 52 9 38 15 60 6 76 13 9 2 8 16 17 10 60 18 8 12 52 3 38 17 38 5 58 4 3 7 72
6 74 13 91 19 86 18 73 9 10 0 90 3 7 11 60 7 79 10 89 15 90 2 70 12 68 5 20 1 51 17 44 14 31 4 78 8 62 16 17
7 49 3 26 6 18 5 4 0 80 8 99 17 91 12 75 1 76 2 50 16 18 18 46 9 23 10 37 11 43 4 6 13 24 15 17 14 3 19 23
18 60 15 25 0 22 16 3 6 30 19 90 2 97 3 32 13 86 10 79 4 91 1 91 12 28 7 70 8 39 11 88 14 41 17 31 5 99 9 40
16 42 12 16 4 6 14 76 17 73 1 63 10 69 19 56 18 21 2 23 9 17 8 65 15 19 7 68 11 55 6 49 13 36 3 96 0 15 5 96
14 46 2 18 3 86 0 49 6 25 16 87 13 73 9 74 10 97 8 67 17 84 12 57 15 6 5 19 7 42 19 42 11 93 4 28 1 89 18 88
0 3 2 27 15 97 5 46 6 36 1 73 17 1 19 68 12 60 3 57 16 26 9 98 10 86 8 56 7 98 4 33 11 3 18 10 13 58 14 96
6 81 0 36 12 53 14 76 13 80 18 61 8 62 17 70 11 24 15 29 4 4 9 65 5 74 3 96 16 30 19 64 7 45 10 32 1 23 2 42
18 79 17 67 0 89 11 63 5 79 12 64 16 68 19 87 6 53 7 47 1 83 4 26 3 64 14 86 13 44 2 4 8 22 10 84 15 86 9 37
13 16 19 48 3 55 9 17 18 11 7 86 6 92 11 96 17 89 1 12 8 5 5 26 15 1 0 69 4 75 16 18 2 51 10 59 14 72 12 47
