30 20
1 5 19 63 13 33 16 13 17 38 0 55 12 18 4 31 14 64 18 6 6 44 3 84 10 71 5 88 11 37 2 98 7 6 9 41 15 71 8 84
15 73 13 19 6 70 4 27 14 45 10 21 9 79 17 80 2 76 12 50 0 80 3 21 5 88 18 90 8 98 7 81 19 52 11 31 1 29 16 33
2 20 1 85 12 57 19 85 16 62 14 59 15 30 8 87 13 14 3 64 4 77 0 34 17 40 7 28 6 79 10 78 18 85 5 15 11 3 9 73
0 13 12 88 2 8 16 83 19 30 6 45 5 73 8 23 10 11 14 9 11 53 18 76 13 84 7 31 17 19 9 61 15 52 1 40 3 77 4 44
2 14 19 29 6 43 11 40 1 8 16 35 17 4 15 37 10 69 7 43 9 2 8 33 18 26 3 8 4 5 13 28 14 85 0 66 12 5 5 37
19 58 16 53 14 24 18 11 12 16 3 93 15 9 6 62 4 98 1 91 17 86 10 71 9 63 11 4 13 3 0 92 7 38 5 47 2 64 8 38
17 38 10 38 4 36 6 96 15 53 9 96 2 92 16 71 18 88 0 39 7 15 12 39 1 84 13 76 11 76 19 72 3 63 14 54 5 71 8 37
15 70 5 86 1 73 19 28 9 1 8 93 11 57 18 36 12 32 17 33 10 19 2 11 6 12 16 16 0 57 14 14 4 65 13 36 3 55 7 70
18 84 13 88 11 71 6 98 15 31 3 83 19 58 14 8 4 64 12 30 0 95 7 97 16 12 1 10 17 93 2 9 10 38 9 41 5 68 8 51
19 35 6 83 14 7 7 51 10 97 13 10 9 3 0 7 5 20 1 67 16 55 18 51 17 12 12 24 11 15 8 5 4 97 2 21 3 35 15 50
0 95 10 31 13 28 19 68 17 76 2 79 15 26 9 39 1 95 6 51 4 74 3 67 5 10 7 67 16 63 14 48 8 85 11 40 12 92 18 78
14 78 7 58 6 43 17 57 15 15 4 51 0 38 12 53 1 93 3 67 10 69 9 12 19 49 13 85 16 4 2 31 5 95 8 71 18 68 11 46
12 93 18 79 0 67 7 87 17 17 11 57 2 36 8 29 3 3 10 26 14 65 1 52 9 21 6 29 13 7 4 20 15 27 5 95 16 12 19 86
19 6 10 30 4 68 15 85 11 79 0 67 2 59 13 66 12 26 1 9 14 23 3 25 5 77 16 29 6 79 17 9 8 95 9 3 18 78 7 96
11 50 17 69 14 5 12 68 19 3 4 10 7 88 13 26 0 12 6 43 2 92 18 64 15 49 10 8 5 53 1 43 3 67 8 92 16 37 9 36
15 76 5 9 9 81 13 33 1 39 14 6 10 92 11 75 0 35 6 19 18 65 16 29 8 17 12 40 2 40 4 61 17 75 3 70 19 22 7 9
18 34 19 93 11 42 10 16 14 79 16 63 6 35 3 84 5 75 8 55 13 67 2 93 1 4 17 64 15 99 4 10 12 91 0 97 7 42 9 55
17 55 10 43 19 54 3 1 14 16 15 30 4 59 2 21 0 80 7 20 9 53 8 84 12 27 13 37 18 41 1 37 6 25 5 23 11 27 16 5
3 24 16 16 14 37 2 94 19 73 8 68 13 46 12 14 11 46 1 51 18 31 17 64 7 7 15 51 0 96 10 79 9 20 4 50 5 32 6 73
9 76 1 56 12 21 8 51 11 94 7 99 19 39 0 43 14 31 2 83 5 21 10 13 3 67 16 90 15 51 18 17 17 16 6 37 4 84 13 44
4 62 14 70 11 54 2 37 19 36 12 38 7 39 5 66 18 53 1 20 15 49 6 8 17 13 13 2 9 1 10 1 8 99 0 64 16 95 3 64
12 57 7 52 5 59 8 61 1 38 19 27 10 98 15 46 4 93 14 85 13 41 0 90 6 36 3 86 17 79 2 16 9 2 18 43 11 49 16 83
3 94 1 2 10 69 12 83 13 85 16 39 9 53 4 91 14 54 2 42 18 5 7 70 19 82 11 61 6 76 5 50 0 67 8 47 17 76 15 24
2 96 11 52 8 75 6 41 15 18 5 60 0 43 9 62 4 68 13 7 19 96 14 1 3 92 17 62 1 27 12 77 10 28 18 88 7 27 16 73
2 92 12 52 0 27 13 22 3 33 4 22 14 97 10 46 18 90 15 75 6 73 5 83 9 35 7 33 19 53 8 93 16 73 11 67 1 13 17 84
17 56 8 52 14 4 12 77 5 62 2 43 0 79 9 17 15 98 4 61 16 40 18 87 3 84 10 33 6 3 1 92 7 66 13 86 11 45 19 77
16 1 8 7 0 16 4 31 15 35 14 1 5 1 19 60 1 91 7 23 12 37 10 68 13 8 18 49 11 27 17 64 6 77 9 70 2 67 3 98
15 29 6 45 12 38 11 12 9 42 10 66 4 98 3 98 2 71 1 67 14 45 5 75 16 22 0 85 7 76 17 89 8 57 19 17 18 51 13 23
14 2 12 31 9 89 3 12 10 9 16 15 4 13 1 85 5 65 8 93 19 16 18 76 13 76 0 37 15 50 7 85 6 18 17 79 2 97 11 68
19 94 12 20 8 84 5 53 11 86 14 31 4 85 18 28 9 40 0 21 17 8 7 93 3 13 6 57 15 32 16 51 2 30 10 54 13 92 1 52
