30 20
17 25 16 91 18 71 10 11 4 71 15 63 0 87 3 32 12 24 11 20 14 92 8 1 1 12 7 14 2 43 5 30 6 93 13 10 9 52 19 15
0 83 5 76 4 25 3 80 17 54 18 11 10 78 9 52 13 82 19 71 14 15 11 43 16 60 12 81 6 54 2 35 1 53 7 64 8 74 15 6
6 37 1 88 18 98 17 26 12 9 15 60 11 2 5 95 2 53 7 72 16 67 8 88 13 49 4 15 14 1 19 68 10 84 0 49 3 75 9 39
17 26 2 49 1 31 16 78 7 41 10 96 9 92 15 44 11 20 3 31 14 5 19 57 4 88 6 80 12 33 8 74 5 86 0 17 13 11 18 29
8 93 4 24 9 42 10 50 16 48 5 54 14 92 2 53 17 31 6 28 12 82 3 16 0 92 19 31 18 30 7 75 15 43 11 80 1 74 13 14
16 83 3 67 15 83 8 55 14 58 10 23 18 92 19 49 12 65 4 12 11 84 2 64 0 98 5 10 1 36 17 54 7 77 13 62 9 7 6 53
17 9 1 34 7 95 14 89 11 89 0 21 16 92 2 73 19 80 12 50 5 90 8 36 15 49 18 98 10 94 3 37 9 81 4 73 6 25 13 99
16 98 14 12 0 69 11 3 9 13 17 53 1 35 4 97 15 43 2 50 18 75 12 57 3 99 8 59 6 99 19 43 13 81 5 44 7 29 10 84
1 53 15 53 16 52 12 24 5 45 13 11 0 46 19 72 11 40 14 53 2 60 9 46 6 10 3 1 7 34 18 78 17 14 4 24 8 25 10 78
18 95 4 92 17 84 3 54 10 85 14 85 11 23 0 95 16 1 2 42 7 96 19 77 6 21 8 82 5 43 12 72 13 98 9 17 1 48 15 12
1 35 3 30 18 43 4 67 14 15 12 6 11 17 2 72 8 14 9 74 0 49 16 60 13 42 10 12 19 51 7 3 17 42 15 53 5 78 6 62
10 20 9 9 18 71 7 35 19 39 0 74 3 9 5 73 4 26 13 60 11 4 6 86 16 52 1 89 2 89 14 89 12 95 15 60 17 98 8 23
1 97 12 64 16 19 14 22 7 30 5 99 10 1 18 67 4 27 17 26 2 2 6 76 0 95 13 18 15 59 3 46 9 61 19 7 11 93 8 81
14 4 11 64 18 19 0 87 1 2 16 78 17 56 19 47 9 35 4 13 12 90 15 28 10 21 3 46 6 42 13 35 7 47 5 4 2 14 8 59
5 57 19 2 18 21 14 95 16 80 12 98 10 46 4 54 0 88 1 2 6 62 11 96 17 25 2 6 15 58 9 68 8 88 7 90 13 73 3 34
7 40 3 56 9 31 18 26 11 69 19 36 5 92 10 74 17 64 15 79 1 85 0 30 14 62 13 92 6 14 16 33 12 63 8 21 2 42 4 28
2 20 0 90 6 64 11 50 16 97 7 47 15 60 5 18 19 28 13 75 1 29 3 95 9 41 10 55 18 26 8 30 14 60 4 46 17 42 12 2
3 99 7 26 11 74 5 85 12 56 4 52 18 31 19 92 15 98 17 83 8 57 16 7 13 62 0 39 9 81 14 1 10 47 6 27 2 98 1 66
3 15 6 13 10 97 13 89 14 77 7 68 5 2 11 66 9 32 18 97 2 91 4 53 0 66 16 54 15 64 12 32 19 56 1 72 17 4 8 31
2 96 19 91 7 96 11 62 1 94 3 88 18 81 12 35 17 75 9 93 5 62 16 52 0 13 10 56 15 29 6 88 13 93 4 50 14 82 8 36
1 68 15 76 14 86 19 68 13 15 11 83 7 29 10 30 3 7 4 44 9 7 12 13 2 20 0 33 8 99 5 26 17 89 6 42 18 32 16 54
6 64 19 15 12 14 7 14 8 83 2 28 13 71 17 13 0 27 9 98 11 60 1 94 10 37 14 83 5 78 3 13 16 70 4 12 15 59 18 56
3 3 19 90 10 10 12 38 4 61 16 31 13 40 9 18 0 80 18 13 8 81 5 60 7 17 17 37 1 20 14 97 15 58 2 37 6 67 11 4
7 11 10 64 12 93 19 12 1 55 16 80 15 6 0 35 3 43 8 31 2 77 11 44 17 99 6 55 9 64 18 75 4 53 13 71 5 99 14 8
19 68 8 37 15 10 13 29 18 26 9 72 4 93 12 53 0 50 16 66 7 83 17 39 6 58 11 46 3 63 1 91 2 94 5 78 14 61 10 60
11 83 2 66 16 33 8 70 5 82 19 99 17 88 9 36 13 69 7 35 6 67 4 9 10 45 3 8 14 74 0 20 15 61 18 20 12 96 1 67
10 97 16 52 13 76 2 23 1 14 7 87 17 27 3 50 18 82 0 23 15 69 19 78 6 36 11 34 14 89 4 77 9 99 8 72 5 62 12 93
3 17 18 27 16 22 17 50 15 33 10 80 7 27 9 28 11 83 1 8 0 51 19 93 14 40 8 73 13 32 12 14 4 20 6 42 5 88 2 4
6 67 18 30 4 85 0 97 1 62 12 11 16 71 3 27 2 23 19 47 14 8 13 55 11 67 7 4 8 5 15 54 10 38 17 98 9 90 5 86
8 25 9 46 1 95 6 77 11 83 5 50 17 1 2 78 4 23 3 55 16 96 13 83 10 27 14 3 12 63 0 62 18 72 19 91 7 74 15 76
