30 20
4 37 8 85 2 93 18 98 7 33 12 35 15 50 19 20 14 54 13 29 6 29 3 71 0 28 5 33 16 63 10 55 17 91 1 40 9 71 11 23
4 51 12 31 7 63 9 18 15 56 17 41 19 39 16 70 14 20 0 45 8 80 3 57 11 49 13 36 5 46 10 14 18 67 1 46 2 60 6 84
18 83 16 49 14 48 9 9 17 83 6 35 13 93 0 17 15 60 2 35 5 49 7 68 10 99 4 31 8 74 19 58 12 47 11 38 3 19 1 36
10 73 2 66 15 40 12 20 0 93 17 47 19 54 14 26 18 35 11 34 13 82 6 66 7 63 9 44 1 35 16 41 3 70 8 6 4 8 5 97
1 22 7 36 12 86 10 97 2 63 15 19 18 40 14 54 17 36 5 2 6 74 11 91 3 80 0 15 16 19 13 93 4 76 9 52 19 24 8 67
18 68 7 27 0 60 6 20 14 38 19 15 10 78 17 99 9 5 3 28 2 41 16 76 15 50 13 69 8 28 12 95 5 21 1 34 4 26 11 3
16 56 19 76 13 41 10 78 15 31 5 75 12 96 18 19 6 37 1 61 9 58 7 83 8 91 4 94 17 70 3 61 14 23 11 73 2 82 0 29
11 22 7 33 5 18 4 96 10 64 18 53 9 74 15 85 19 88 12 59 3 22 0 97 13 53 6 55 17 93 8 90 1 37 14 20 2 38 16 83
4 82 3 31 0 54 18 99 15 72 7 98 17 90 14 59 13 33 2 18 16 2 5 23 11 94 19 51 1 29 6 18 12 36 8 23 10 63 9 51
19 56 5 87 10 14 15 47 3 47 9 68 14 41 2 36 13 28 0 35 6 85 1 1 17 21 16 22 8 69 12 51 11 27 18 32 4 77 7 21
4 52 16 91 9 73 0 5 19 8 3 71 17 19 2 62 6 1 7 6 12 84 5 65 18 75 15 42 8 37 14 4 11 37 10 23 1 86 13 52
3 52 7 52 4 39 17 26 15 93 10 21 16 32 1 70 2 14 8 75 13 82 14 98 18 41 11 86 9 90 12 42 19 4 6 27 5 5 0 19
9 90 11 67 7 70 15 21 14 60 12 41 4 17 16 16 2 94 13 19 10 98 8 4 18 87 19 34 1 11 0 80 6 79 5 38 17 81 3 94
10 62 9 42 6 6 2 84 19 71 15 75 1 54 13 1 8 18 7 15 12 52 3 15 14 3 0 17 18 72 4 28 16 56 11 73 17 13 5 56
2 10 16 76 15 24 6 24 12 93 9 59 11 35 5 75 1 33 3 87 17 50 13 97 8 40 7 75 10 28 14 9 19 29 18 27 0 93 4 85
17 62 14 89 7 76 10 4 12 3 13 47 5 32 19 81 2 39 3 68 18 12 15 99 9 26 8 50 0 22 16 34 1 17 11 80 6 63 4 90
0 36 18 98 13 96 7 72 8 8 15 55 3 50 9 22 4 30 11 64 14 75 5 76 10 76 19 23 1 92 2 74 16 69 12 80 6 45 17 81
5 94 18 47 17 67 4 18 12 60 14 87 7 19 16 20 15 31 2 60 13 71 3 14 6 94 0 84 1 50 8 86 9 58 11 42 19 25 10 52
10 11 17 62 4 27 9 24 11 25 3 92 16 19 14 88 18 76 2 31 7 74 5 90 8 91 1 5 12 64 0 32 6 70 15 82 13 8 19 23
4 28 5 50 0 93 3 33 16 31 19 28 15 82 1 12 13 73 11 23 2 76 6 37 9 66 14 64 7 67 10 92 18 82 12 46 17 43 8 68
13 44 2 69 3 40 4 72 10 58 0 9 11 58 17 1 15 26 14 36 8 20 18 80 6 55 1 25 7 95 5 6 16 17 12 39 9 33 19 56
13 37 1 98 3 36 17 95 18 24 9 4 8 66 11 90 14 35 10 50 12 72 0 12 5 23 7 76 6 64 16 12 15 28 4 38 19 66 2 20
14 88 7 11 13 12 8 89 17 87 4 99 3 69 16 20 18 78 10 6 6 19 19 79 2 98 1 32 0 27 12 40 11 55 15 42 9 80 5 56
6 43 1 52 16 75 18 48 3 17 2 96 11 96 15 52 14 87 13 53 7 16 8 13 10 45 17 55 19 20 9 31 4 57 12 30 0 1 5 64
13 57 15 17 6 30 19 74 16 2 10 72 2 47 8 74 17 61 12 90 4 34 5 96 11 41 14 88 18 42 1 45 7 16 9 88 3 44 0 54
0 85 5 15 13 31 6 38 14 71 9 29 15 31 10 40 3 19 16 2 19 7 12 54 1 53 7 13 17 10 4 97 18 6 2 35 11 7 8 51
12 17 0 32 18 30 13 84 7 82 15 69 17 40 9 65 19 15 1 74 16 61 3 19 10 62 5 51 14 48 2 12 8 22 11 70 6 37 4 98
5 98 1 82 10 33 19 11 14 87 15 87 18 60 6 81 3 88 7 82 16 92 8 84 11 43 4 56 13 11 0 62 2 92 9 80 17 76 12 64
9 82 16 18 17 2 12 15 2 50 7 11 15 59 14 91 8 91 19 54 5 64 13 4 0 82 10 62 4 74 6 28 11 89 1 83 3 60 18 38
1 44 8 52 11 69 0 7 2 66 5 76 6 51 17 73 15 25 9 76 16 14 7 11 12 19 14 35 19 70 18 78 4 68 13 20 3 61 10 34
