30 20
0 48 17 87 10 42 2 91 14 28 16 74 3 28 12 89 4 15 13 39 6 7 18 90 7 84 8 35 15 62 9 18 19 77 11 47 1 16 5 47
17 54 7 99 10 14 1 70 19 59 15 39 2 74 16 66 5 37 9 81 13 97 6 26 0 80 14 55 18 51 8 85 12 70 3 3 11 44 4 30
6 96 2 34 18 36 5 99 19 72 12 22 16 61 3 57 4 69 0 51 13 97 9 23 11 35 14 49 1 87 7 27 8 13 10 2 17 60 15 25
14 11 19 32 4 19 9 39 6 94 13 36 2 74 8 72 10 52 5 38 15 77 0 15 12 24 17 53 7 29 11 77 16 56 3 83 1 52 18 67
6 60 8 33 15 35 5 23 12 2 10 5 1 73 0 72 7 83 19 91 3 92 11 34 2 81 13 79 17 65 4 10 14 4 9 92 18 90 16 85
10 53 12 30 4 92 19 19 3 18 1 8 5 16 11 44 17 27 13 72 0 14 2 71 9 34 18 75 8 14 6 37 7 74 16 52 15 31 14 31
6 84 16 16 15 98 4 12 7 17 9 1 14 36 19 23 11 41 5 1 3 86 1 85 12 81 17 97 2 70 18 47 0 94 8 72 10 45 13 82
10 9 3 47 14 91 11 63 0 82 17 17 15 44 18 20 8 53 9 45 7 98 5 17 19 77 4 96 13 25 16 93 2 98 12 4 6 16 1 76
9 82 11 85 6 15 18 95 3 85 7 99 12 62 13 90 19 57 15 3 14 38 16 96 10 52 2 51 5 67 4 73 17 65 1 61 8 92 0 48
3 77 19 40 11 31 18 73 5 9 12 98 2 14 10 54 13 26 1 22 0 80 16 79 9 47 4 12 7 26 14 21 17 89 8 82 15 63 6 98
19 29 17 32 8 23 15 64 12 11 3 68 6 81 18 97 16 9 9 12 0 40 13 89 4 79 1 37 5 74 7 92 14 5 10 86 2 53 11 29
3 54 9 12 4 50 15 24 7 55 14 36 19 57 17 41 13 67 16 39 5 51 8 90 2 71 10 18 18 82 11 15 12 73 1 59 0 8 6 40
19 5 2 88 8 68 0 24 12 4 18 16 10 11 13 21 4 67 15 31 3 46 6 60 16 99 1 49 17 35 14 5 5 92 11 89 9 57 7 88
12 15 9 53 16 14 6 19 11 52 5 45 14 68 8 5 3 21 19 52 18 55 17 77 10 22 13 3 0 47 15 24 2 14 1 85 7 46 4 56
0 45 5 13 18 63 2 93 17 60 14 54 13 57 10 30 9 23 1 28 7 90 4 34 8 90 19 12 15 45 12 54 6 2 16 86 11 63 3 16
0 80 2 66 13 23 10 20 12 88 1 8 19 94 14 73 16 18 4 19 18 7 8 83 9 8 6 72 15 15 3 61 17 99 7 16 5 17 11 83
5 53 9 60 18 9 13 93 10 7 7 78 6 10 12 89 19 6 14 17 0 28 3 72 15 64 8 50 1 11 2 29 4 90 16 92 11 88 17 91
17 32 18 30 5 55 10 53 6 26 16 79 8 16 2 84 12 15 7 48 14 84 9 8 3 26 0 74 13 23 11 10 1 7 4 5 15 15 19 89
5 20 2 10 11 95 7 53 8 95 1 3 13 1 17 64 3 99 19 49 16 52 18 87 12 44 15 10 4 71 6 13 14 16 0 66 9 32 10 58
16 26 13 52 4 84 17 86 11 46 7 90 12 6 18 45 2 94 9 25 19 67 10 36 1 8 15 91 0 52 5 64 14 37 3 9 6 78 8 37
3 87 1 42 15 89 14 9 17 66 0 54 4 43 6 20 8 54 5 29 9 33 12 48 16 87 10 84 2 44 11 24 18 72 7 46 19 91 13 56
15 48 4 40 9 44 17 35 3 11 13 35 10 9 18 86 16 20 19 56 7 54 6 18 14 4 12 43 2 99 1 62 11 41 0 55 5 77 8 17
13 9 1 83 16 99 15 11 14 67 11 23 19 28 10 59 2 62 8 45 3 45 18 58 0 63 12 55 7 23 5 88 4 14 17 47 9 5 6 92
0 15 2 20 14 5 9 88 3 43 6 65 16 9 5 37 13 28 19 72 17 13 18 36 4 5 15 17 11 93 10 20 12 19 8 74 7 71 1 78
11 65 2 90 18 60 9 13 3 21 7 41 4 37 1 94 13 32 0 54 5 81 15 48 16 56 17 91 8 74 14 65 19 48 10 85 12 62 6 59
11 3 3 78 1 91 10 74 5 89 16 38 15 39 8 69 6 9 12 21 17 17 9 99 4 47 14 20 13 84 0 9 18 10 19 12 7 93 2 64
5 65 15 18 6 66 4 70 10 11 18 92 2 56 1 46 11 70 16 75 3 13 0 22 14 3 9 6 8 2 17 21 12 71 7 95 13 15 19 59
11 97 14 60 19 7 1 85 12 13 8 12 9 63 16 51 7 52 6 66 10 2 15 94 18 73 17 87 3 32 2 97 4 52 13 16 0 49 5 75
16 22 13 53 14 17 19 51 17 91 12 96 18 15 7 9 6 13 8 6 4 47 11 37 10 11 3 21 5 35 15 77 2 96 9 79 1 74 0 94
13 85 16 51 1 59 7 52 17 84 11 11 6 42 4 60 10 78 3 96 2 18 12 75 5 19 14 77 9 91 18 3 19 60 8 90 15 42 0 48
