30 20
16 7 0 50 11 26 10 29 17 84 6 76 8 92 13 37 3 79 18 82 1 69 2 56 19 54 5 27 14 39 9 74 12 13 4 66 7 85 15 40
10 68 7 8 8 39 3 67 17 42 4 62 1 46 5 51 6 46 11 9 16 90 18 74 19 14 13 22 15 94 2 66 0 69 12 55 14 38 9 73
4 95 5 70 1 91 8 56 16 64 0 79 17 79 9 63 10 89 18 30 7 42 2 80 14 37 12 71 19 2 6 31 13 66 11 85 3 59 15 39
8 24 14 72 11 66 1 39 4 25 0 10 9 32 3 11 10 30 5 25 17 61 19 1 15 44 7 97 6 45 18 60 12 92 2 87 16 30 13 45
9 55 0 86 17 94 6 27 13 96 1 58 19 47 16 70 10 80 15 56 18 3 4 70 3 29 5 86 12 22 2 37 7 38 8 13 11 78 14 37
1 40 17 64 11 15 7 18 8 58 2 44 9 92 14 44 16 15 6 20 12 29 15 52 5 64 19 58 0 32 4 11 10 12 13 94 3 85 18 83
7 32 16 75 0 80 2 81 18 58 11 39 5 55 3 36 1 85 17 69 13 40 4 45 9 76 15 31 6 59 12 29 10 19 14 17 8 81 19 85
10 81 18 57 16 87 17 37 11 10 15 85 4 51 19 57 8 79 12 9 2 38 3 20 1 33 0 94 7 16 13 76 14 36 9 33 5 21 6 37
6 24 13 49 11 25 14 11 12 22 8 29 4 2 16 29 15 92 18 64 7 31 5 18 3 97 19 95 1 67 0 84 2 93 9 94 10 28 17 10
4 70 10 89 0 1 1 12 17 20 6 25 19 98 3 47 8 87 11 66 7 81 9 43 12 7 2 4 16 87 5 97 14 48 13 89 18 51 15 58
1 5 14 72 5 1 4 55 6 92 16 65 10 11 19 32 12 43 15 44 11 51 8 11 17 27 7 80 0 44 13 88 2 7 18 98 9 97 3 70
1 46 0 66 18 78 10 46 8 63 6 51 4 28 16 11 11 95 3 44 14 35 12 43 5 13 9 46 17 54 15 32 19 83 7 19 13 39 2 82
0 86 7 89 11 11 8 30 14 28 2 79 1 81 3 21 10 81 6 16 9 62 18 47 16 9 4 39 5 15 12 22 19 92 13 49 17 77 15 60
1 96 3 90 12 96 0 64 11 16 8 54 4 57 13 13 6 94 17 67 14 57 2 25 19 47 9 66 15 41 5 67 18 87 7 77 16 96 10 80
19 16 11 70 9 7 0 19 7 19 15 43 18 86 2 3 14 4 8 17 12 35 1 89 6 58 16 7 3 34 5 43 10 84 4 50 17 76 13 73
9 11 15 91 18 21 6 53 16 57 0 79 17 80 13 59 10 20 2 9 7 16 3 46 8 38 19 94 4 55 5 70 11 54 1 4 12 83 14 80
14 74 7 69 8 91 18 46 12 44 2 81 16 6 4 32 11 59 5 97 3 61 17 12 0 78 9 10 15 83 10 60 13 75 6 30 1 49 19 97
2 8 7 5 9 37 0 24 18 43 6 30 15 2 16 20 17 45 14 80 13 30 5 4 11 45 19 41 1 90 3 63 8 58 12 32 4 75 10 73
17 29 6 11 16 14 13 38 15 46 9 50 3 89 11 40 4 7 19 11 2 72 0 76 1 1 18 81 12 88 8 19 10 63 7 14 14 70 5 89
3 95 11 52 1 59 17 32 7 97 4 97 6 43 15 97 16 77 18 17 19 12 10 44 9 78 14 32 2 63 8 46 0 56 13 41 12 33 5 9
14 95 15 66 2 87 1 7 3 45 13 4 10 38 8 26 7 9 12 47 9 31 16 61 18 22 4 41 17 7 19 75 0 61 11 83 5 95 6 17
6 14 14 79 2 38 13 38 19 56 8 61 15 58 5 34 9 96 17 47 1 19 4 41 12 16 18 94 3 76 11 51 10 22 16 47 7 7 0 66
6 37 17 50 19 37 12 67 3 52 2 69 0 24 1 88 16 19 8 47 5 19 13 4 10 69 4 75 18 24 14 48 15 73 7 90 9 78 11 26
13 9 14 52 16 33 6 55 7 11 1 31 19 5 11 34 12 73 15 89 4 5 0 61 5 77 10 90 17 94 8 37 2 64 9 9 18 22 3 30
4 73 9 55 15 3 3 21 1 39 14 98 10 45 17 30 0 57 11 37 13 63 7 55 19 6 6 63 5 49 18 27 12 46 2 70 8 9 16 81
11 43 19 90 8 15 12 68 5 10 1 8 3 64 7 3 9 61 0 80 10 86 15 38 2 44 16 58 17 72 4 57 18 64 14 36 6 31 13 53
6 86 5 54 4 29 8 78 11 96 12 15 7 99 2 44 19 53 3 43 16 81 1 60 18 33 17 37 13 40 14 93 15 88 0 86 9 96 10 76
3 70 16 16 2 13 15 44 11 79 14 23 10 7 4 62 19 87 7 57 18 75 1 92 6 58 9 8 12 21 17 86 5 32 13 50 8 68 0 41
5 3 3 49 17 95 19 43 7 52 18 99 11 43 13 6 1 64 14 46 6 80 12 41 2 93 16 31 8 27 9 12 15 54 0 10 4 52 10 44
6 60 16 3 14 40 10 42 12 10 4 82 2 41 17 83 8 82 1 23 3 26 11 78 5 37 19 81 18 58 15 89 13 78 0 15 9 29 7 93
