30 20
7 95 15 92 8 6 13 9 14 87 0 20 4 83 19 8 1 28 11 45 9 94 10 96 18 75 5 2 16 5 6 38 12 65 2 9 17 92 3 93
17 22 16 17 15 66 1 64 18 1 19 83 2 55 0 24 3 85 10 34 13 53 14 63 5 99 9 56 12 99 8 79 11 6 7 93 6 37 4 42
13 43 5 80 17 72 18 61 6 40 14 50 16 75 15 95 12 53 3 24 2 44 1 85 8 3 0 10 9 14 10 32 11 12 7 15 4 25 19 53
11 35 4 39 6 59 1 67 8 75 9 94 18 90 5 72 3 62 13 46 12 87 16 64 2 49 7 11 10 41 19 97 0 80 14 26 15 44 17 20
9 41 10 45 16 93 1 37 2 59 4 29 7 12 0 75 15 40 3 70 5 50 6 74 19 93 12 35 17 39 18 25 14 17 13 87 8 8 11 11
7 60 8 19 4 21 13 75 3 37 19 47 5 87 18 63 2 61 12 79 6 20 17 24 16 70 0 20 11 42 14 34 10 90 15 32 9 55 1 40
2 30 11 50 12 58 5 16 13 66 10 56 8 24 4 59 1 18 15 16 16 55 3 54 17 38 0 59 6 88 9 78 7 73 18 10 19 59 14 6
9 82 17 77 6 75 19 73 16 26 8 48 5 32 14 5 13 47 10 63 18 50 2 56 12 89 1 28 4 40 7 39 11 49 3 3 15 10 0 20
7 72 13 68 12 98 6 44 8 44 2 21 14 90 17 43 4 98 16 68 19 27 18 47 10 10 1 18 0 39 9 99 11 72 5 15 3 71 15 53
11 13 12 39 17 39 3 88 19 27 18 62 5 87 14 71 13 54 16 40 10 35 7 45 8 73 4 89 9 80 0 62 1 39 6 58 2 91 15 21
3 3 9 10 18 83 13 50 5 36 0 3 19 32 8 28 10 27 1 71 14 51 15 17 4 7 7 58 2 82 6 48 11 6 12 91 16 42 17 44
4 40 18 32 5 24 2 69 14 51 3 4 6 94 16 87 19 68 1 33 8 60 10 16 17 49 7 2 11 57 13 27 15 41 0 38 12 18 9 40
16 70 17 46 10 43 1 23 8 73 15 41 7 36 5 63 14 31 2 47 12 39 6 46 9 61 19 77 11 20 3 64 0 16 13 59 4 59 18 60
19 78 9 43 12 75 17 89 2 93 16 72 0 64 14 30 6 24 5 46 7 26 10 61 4 71 18 99 1 92 13 44 3 53 15 38 11 35 8 99
15 57 3 62 9 10 19 10 0 9 10 16 12 87 5 63 6 96 1 80 16 43 14 92 18 67 17 81 13 79 8 81 7 86 2 41 4 99 11 15
15 55 6 22 19 12 1 88 18 5 5 35 12 19 3 88 8 46 9 52 11 61 2 75 16 1 4 34 14 21 10 6 17 65 0 96 7 5 13 79
13 99 12 22 19 13 15 23 0 81 18 79 14 71 16 87 10 93 3 68 1 85 6 48 5 39 8 52 11 32 9 21 4 48 2 74 7 58 17 69
8 50 1 75 17 55 4 40 0 97 6 66 19 8 18 73 13 93 10 8 7 61 15 62 16 57 12 92 11 3 2 64 5 18 14 27 3 81 9 3
19 65 15 71 9 14 5 41 11 79 1 90 2 13 8 28 13 66 12 8 16 8 0 46 7 87 4 95 6 62 17 51 10 90 3 37 14 86 18 33
0 27 12 10 13 3 16 21 4 21 5 73 8 70 2 85 15 88 1 69 7 96 11 55 9 97 6 75 19 53 14 42 10 20 18 1 3 87 17 34
3 4 2 10 8 75 1 82 16 55 9 79 7 97 18 64 0 10 5 35 12 37 13 33 11 85 19 5 10 35 17 75 4 61 15 10 6 33 14 83
12 47 7 29 11 86 10 21 8 48 9 61 6 17 1 66 2 22 5 65 15 44 0 62 3 20 4 26 13 40 17 22 19 99 14 52 16 64 18 51
17 54 16 1 1 61 2 72 11 79 6 10 12 42 15 92 8 71 19 15 0 2 4 69 9 88 3 50 7 87 13 72 18 80 14 78 10 61 5 63
0 28 12 1 14 43 16 65 4 46 9 11 11 22 19 41 18 88 5 13 15 24 10 19 8 1 3 59 7 59 6 60 2 5 17 11 1 17 13 87
6 15 15 30 11 55 19 11 3 49 0 36 5 5 13 66 16 45 12 19 9 54 2 85 14 65 10 68 17 96 7 82 1 93 4 16 18 81 8 66
10 94 13 70 7 57 1 31 2 87 14 91 6 79 11 74 9 49 16 58 3 44 18 16 0 41 8 17 19 82 5 82 12 50 15 86 4 71 17 94
12 80 18 58 7 90 2 32 10 6 14 9 8 55 1 3 3 29 13 87 17 66 19 86 9 34 15 29 11 16 6 41 16 22 4 32 5 25 0 58
11 82 10 39 19 37 5 69 8 24 16 6 1 9 6 34 18 39 17 34 2 91 15 48 12 16 4 80 9 31 13 54 3 53 7 47 14 40 0 58
7 60 4 35 0 70 3 54 14 58 2 95 12 73 11 30 9 89 19 39 18 60 15 30 8 24 6 61 17 65 10 89 16 35 13 43 1 33 5 96
16 14 15 62 13 20 14 93 7 80 11 25 2 86 19 68 6 14 4 87 10 44 9 58 0 26 18 60 8 13 17 79 1 20 3 14 12 91 5 98
