30 20
14 63 0 88 1 42 2 70 9 93 3 55 12 67 19 25 15 47 11 5 6 52 13 40 16 88 17 5 7 78 5 20 18 9 8 73 10 76 4 32
14 2 6 9 17 20 7 70 10 55 1 87 18 8 8 66 0 4 12 66 19 30 4 25 3 42 15 61 9 51 5 43 2 13 11 53 13 98 16 71
3 85 19 59 10 97 0 18 6 72 2 44 9 16 15 33 8 64 14 52 4 20 18 29 16 27 5 50 7 28 13 10 11 31 12 71 17 12 1 19
0 40 14 72 11 16 16 23 19 9 15 31 2 52 17 73 7 56 9 86 6 36 5 70 1 69 8 98 4 63 13 38 10 93 12 79 3 16 18 56
3 5 2 54 13 25 6 14 10 77 17 11 5 81 15 18 16 66 7 46 14 67 12 3 1 70 4 93 19 72 8 36 18 29 0 14 9 77 11 18
3 51 15 11 4 43 12 66 17 93 5 16 7 6 9 83 14 29 19 26 2 28 10 30 11 15 8 8 18 19 6 38 13 71 1 76 16 45 0 5
14 85 2 27 5 60 4 30 10 55 16 80 19 90 18 69 6 19 15 40 13 26 1 93 0 43 11 61 17 29 12 46 9 49 3 5 7 27 8 78
10 51 4 43 5 45 6 92 12 49 16 76 14 23 2 97 13 2 17 38 1 47 15 82 7 26 11 52 3 92 19 54 8 44 9 81 0 43 18 33
7 59 2 62 16 23 9 2 15 69 11 9 12 60 10 81 13 43 1 17 18 81 14 24 19 89 8 68 0 16 6 14 3 73 17 19 5 52 4 70
13 14 12 9 3 2 11 40 19 22 7 34 1 86 5 61 16 57 18 90 10 95 9 60 17 1 14 3 2 91 15 50 4 82 6 80 0 27 8 92
3 70 13 22 10 67 14 46 6 30 5 29 11 17 1 13 16 99 12 87 17 49 7 75 18 22 0 61 9 99 8 94 4 39 19 23 15 92 2 46
10 82 16 61 3 78 14 94 6 44 18 51 2 1 13 63 9 69 15 22 0 43 19 42 7 97 17 91 8 86 1 40 12 87 4 21 5 54 11 94
0 37 4 83 18 26 10 98 9 27 19 68 8 1 11 57 15 61 2 27 13 33 5 7 1 30 7 8 17 51 3 57 12 1 14 6 16 41 6 88
4 75 16 41 10 33 5 26 18 98 3 44 14 95 17 56 12 18 0 29 2 82 15 8 13 5 19 7 11 7 7 15 8 50 6 90 9 92 1 67
3 47 12 85 2 55 9 54 1 33 17 66 11 36 19 53 0 74 8 83 4 31 18 37 16 22 14 66 10 84 5 70 15 74 13 38 7 9 6 38
10 87 8 75 9 63 7 69 13 23 16 42 6 6 14 48 11 22 4 26 15 2 19 35 17 13 12 96 3 12 0 56 5 94 18 98 2 29 1 21
16 85 15 3 18 85 7 7 14 92 6 85 5 85 9 36 2 76 10 51 8 5 12 56 1 80 4 5 19 86 11 38 0 32 13 13 3 81 17 46
14 48 17 60 1 87 19 66 8 35 5 24 2 54 3 2 10 2 11 12 9 12 15 92 0 87 13 36 16 22 18 76 12 66 7 54 4 29 6 99
2 85 13 25 18 14 19 85 4 27 12 14 16 41 0 1 9 29 5 19 11 8 10 42 8 70 3 67 17 29 1 69 6 38 7 4 14 52 15 93
4 20 1 63 5 16 19 77 15 89 0 35 18 30 12 67 8 72 2 24 14 70 7 45 17 25 6 79 16 11 10 61 13 39 11 75 9 43 3 96
18 13 7 61 19 66 2 87 8 61 5 17 1 83 17 28 11 57 15 2 14 70 12 20 9 19 3 43 10 84 4 98 13 5 16 48 6 20 0 51
3 3 17 55 1 73 10 99 5 69 18 85 0 20 14 90 4 98 19 87 16 4 6 65 13 15 9 95 8 25 12 28 7 10 11 38 15 19 2 83
0 33 15 42 6 12 19 52 7 2 13 14 17 74 9 15 4 60 18 25 14 62 11 44 12 21 2 19 1 52 5 31 8 37 3 77 16 42 10 43
18 36 10 15 6 36 11 67 4 16 14 27 12 21 13 22 8 96 5 45 0 66 3 28 16 47 9 99 19 79 1 13 17 90 7 48 15 94 2 89
0 11 3 65 4 15 11 25 6 27 9 81 8 20 2 60 7 99 12 67 1 45 5 68 19 99 15 45 18 19 14 1 17 37 16 55 13 36 10 84
4 87 15 6 13 54 2 7 11 87 0 15 3 67 10 96 1 60 9 61 18 5 19 49 16 92 14 15 17 11 12 93 5 83 6 82 7 82 8 30
19 77 3 76 17 61 11 93 8 45 9 48 13 5 14 4 2 24 0 57 5 80 6 1 4 49 7 88 10 98 12 60 16 34 1 39 18 48 15 72
11 16 5 57 16 28 8 54 18 43 12 51 7 21 17 8 1 33 0 8 10 3 4 27 6 46 19 81 9 56 3 97 2 78 14 74 13 10 15 33
19 6 13 56 15 46 8 32 12 19 2 15 4 40 5 7 10 7 1 71 16 94 3 78 11 96 18 80 0 93 6 74 14 94 17 50 9 8 7 2
3 74 9 26 6 88 5 40 4 27 1 81 16 35 0 80 18 54 15 15 17 9 8 73 10 63 2 78 14 1 19 4 12 26 13 39 7 83 11 86
