30 20
2 22 16 6 13 61 1 80 9 88 4 81 0 92 14 1 10 77 7 33 18 65 19 9 5 22 12 47 15 27 8 62 3 90 6 55 17 93 11 14
2 66 14 54 1 50 7 22 11 14 12 81 15 34 5 11 8 90 4 43 17 47 13 63 9 47 6 70 10 89 19 10 3 35 16 98 0 89 18 29
7 51 4 91 19 61 12 89 3 98 8 61 18 52 17 28 15 73 16 16 5 38 9 47 11 45 0 17 13 52 2 50 6 54 1 7 10 43 14 2
6 68 18 33 11 60 13 31 4 24 10 7 15 48 9 62 17 39 16 88 5 79 0 63 2 27 3 38 8 81 14 8 19 36 7 52 1 33 12 22
6 18 10 63 4 24 5 60 14 37 0 82 13 29 9 31 11 92 8 5 15 3 12 78 16 56 7 39 2 63 1 39 19 69 18 48 17 32 3 37
11 91 10 27 7 3 8 16 3 16 1 39 12 50 15 37 13 45 2 61 5 97 9 13 4 89 6 53 19 65 0 70 17 4 14 17 18 19 16 7
10 15 14 75 9 23 8 35 7 24 12 12 1 22 18 91 3 45 13 59 16 65 5 60 17 86 2 67 15 90 6 87 11 18 19 98 4 96 0 56
19 94 0 17 5 54 7 78 2 75 13 54 12 80 17 30 16 27 18 14 10 45 3 94 8 53 11 59 9 64 6 88 14 33 1 46 15 65 4 30
19 94 5 7 9 78 7 49 16 77 12 3 8 87 17 23 13 21 14 37 6 25 3 82 15 10 11 51 4 63 2 84 0 96 1 65 18 19 10 93
4 98 10 27 18 79 16 83 14 65 0 43 8 18 13 50 9 90 2 88 12 23 17 41 15 84 7 55 6 63 19 70 5 39 1 37 3 19 11 29
19 1 2 66 7 10 13 32 17 85 6 3 1 60 0 83 8 77 15 52 12 42 16 25 9 66 14 75 18 69 10 43 3 21 5 70 4 4 11 99
5 90 2 27 15 5 9 21 11 42 18 28 4 93 19 14 14 74 13 68 1 81 3 33 10 83 17 91 12 28 6 10 16 58 8 16 7 27 0 20
1 67 10 24 18 19 12 48 5 52 3 47 19 54 4 27 17 16 11 75 6 16 16 85 0 52 9 36 14 6 15 80 8 34 13 5 7 81 2 36
9 40 13 75 18 91 7 77 14 54 19 80 12 45 8 87 4 26 2 58 17 23 0 32 10 87 3 14 15 88 1 33 11 35 6 56 5 9 16 12
0 43 7 64 16 99 12 38 11 39 19 94 10 42 2 2 17 43 3 27 1 21 13 61 8 42 5 75 15 84 4 95 18 42 14 23 9 26 6 22
9 41 5 12 16 22 14 8 12 83 19 82 10 5 15 36 1 26 11 70 2 31 13 21 4 70 17 23 3 54 7 30 6 6 0 51 8 16 18 25
14 75 12 89 6 31 13 82 1 40 15 65 4 18 16 50 10 22 9 62 5 86 2 69 3 94 7 7 19 12 11 87 0 68 17 60 8 18 18 14
3 43 2 59 9 54 18 24 12 11 7 7 17 88 19 46 5 49 1 4 8 60 4 53 0 49 16 84 10 87 13 79 11 38 15 40 14 42 6 74
4 14 7 12 2 93 14 39 8 87 17 60 5 78 1 10 19 73 10 22 15 39 3 20 0 54 6 7 9 5 13 50 11 48 12 39 16 70 18 13
9 69 0 73 1 50 5 43 18 32 7 54 12 10 14 52 4 88 17 58 2 68 8 65 13 82 11 91 10 43 15 47 6 55 3 33 19 45 16 89
7 95 11 35 19 44 5 86 6 32 9 53 8 28 4 92 1 98 12 87 16 68 18 88 0 89 10 36 13 47 14 81 15 42 17 78 3 1 2 68
2 20 14 86 0 62 4 2 3 67 11 17 18 78 6 86 13 68 19 30 16 70 8 36 15 33 9 83 17 55 7 94 12 92 10 6 1 18 5 9
2 49 10 92 8 66 18 25 11 45 19 27 13 36 17 56 7 11 4 36 5 15 1 4 15 60 12 5 14 39 3 75 16 17 6 54 9 82 0 25
19 97 7 79 4 31 2 40 14 3 18 95 5 57 0 47 15 32 3 4 12 95 1 13 9 85 13 35 17 53 6 26 16 97 11 48 8 38 10 4
19 81 0 4 16 76 11 95 8 42 10 69 15 34 13 42 6 21 5 13 4 89 3 97 18 53 12 72 14 67 17 19 2 51 9 6 7 99 1 91
11 10 1 36 16 91 6 27 0 65 17 70 13 30 10 95 18 4 14 2 19 35 9 75 12 57 7 12 8 84 3 87 2 83 15 24 4 59 5 88
18 16 14 43 6 78 12 45 17 30 15 55 0 65 2 45 11 96 8 29 1 82 5 41 9 57 10 70 13 40 19 51 3 2 4 57 16 83 7 27
11 25 3 95 16 11 6 95 7 40 8 67 19 21 0 97 12 5 9 38 18 63 4 62 17 26 15 81 14 1 10 86 13 3 2 33 5 2 1 39
4 64 1 34 9 87 12 90 19 16 3 68 10 87 2 81 13 56 14 34 11 59 6 80 18 41 16 30 15 76 8 90 17 73 0 88 5 63 7 46
12 53 0 17 18 83 4 76 8 84 3 77 5 10 1 20 10 93 13 6 11 15 19 87 14 34 7 12 16 35 2 90 15 70 9 4 6 73 17 99
