30 20
8 99 12 12 6 30 9 98 5 56 4 58 11 45 14 89 15 54 16 2 3 79 2 60 17 12 7 42 10 55 1 37 19 95 18 70 0 27 13 7
16 58 1 61 7 84 13 27 6 31 5 45 19 23 12 89 8 7 0 86 15 57 10 1 3 27 17 51 4 96 2 93 11 89 9 35 14 93 18 47
13 98 19 27 15 3 4 67 7 20 2 52 1 56 17 98 10 38 5 38 0 87 8 40 6 42 9 55 11 50 18 59 3 48 16 7 12 87 14 37
17 48 7 9 15 80 9 93 5 7 8 87 10 98 11 12 3 59 14 38 2 41 6 61 12 63 18 45 1 95 4 88 0 21 13 81 16 16 19 6
5 74 11 93 2 8 15 6 4 18 17 61 14 56 16 79 9 84 10 26 18 48 12 89 3 60 13 88 6 2 0 19 7 21 19 42 1 61 8 27
18 31 5 29 8 21 12 23 6 17 11 9 13 16 0 82 4 71 16 76 1 46 2 57 3 51 15 84 9 10 7 43 17 25 10 2 14 4 19 93
0 28 6 9 12 40 3 45 9 3 18 87 1 96 13 93 14 59 15 22 10 35 17 60 7 81 16 43 4 27 5 78 8 94 2 18 19 84 11 72
7 33 1 15 10 75 2 10 18 50 9 23 0 32 14 90 12 9 3 75 5 36 16 87 11 54 8 76 6 97 19 52 15 51 17 89 13 85 4 34
2 92 17 52 12 70 19 90 10 53 0 13 11 8 5 87 14 26 16 54 9 35 7 55 6 43 18 2 1 37 13 41 3 10 15 3 4 68 8 94
18 87 19 29 8 67 4 91 15 21 7 69 14 18 17 19 12 41 13 6 3 49 9 63 11 65 16 90 2 40 1 63 10 75 6 80 0 15 5 33
14 14 19 87 5 74 17 50 11 37 15 58 8 16 0 54 1 58 7 72 12 9 18 73 3 70 6 67 13 8 10 81 2 86 9 14 4 70 16 17
16 91 2 74 4 16 1 23 8 83 6 82 7 71 12 15 15 50 19 97 17 12 10 20 9 12 18 5 3 94 11 55 13 61 5 3 0 40 14 90
17 45 4 46 9 19 11 33 14 46 0 19 5 92 1 91 16 52 6 4 19 70 8 72 12 61 2 86 15 77 10 35 18 4 13 70 3 21 7 86
15 30 13 52 18 63 1 94 12 41 8 36 5 13 4 8 17 52 9 38 2 41 6 23 7 50 10 87 16 20 11 17 3 66 19 62 14 22 0 4
13 67 10 70 3 34 8 35 19 17 2 99 7 5 1 53 5 72 4 28 14 41 12 27 17 7 6 30 11 87 16 66 0 57 18 3 9 60 15 32
4 46 19 10 12 29 2 38 14 71 1 42 9 51 0 99 17 73 6 42 10 66 8 60 15 81 5 44 7 13 18 67 11 47 13 48 3 50 16 27
18 60 3 90 16 3 5 40 12 72 4 47 6 74 13 63 15 20 1 82 7 39 2 49 17 67 8 82 0 56 14 55 9 77 10 16 11 75 19 64
17 7 11 28 0 7 4 27 7 78 16 50 12 12 19 13 9 5 8 18 13 81 18 50 2 21 1 15 5 52 3 88 14 23 6 94 15 73 10 78
12 25 1 1 14 37 13 20 17 99 19 34 2 94 3 67 6 52 8 75 16 66 18 63 11 85 7 84 0 55 10 5 4 83 15 63 5 96 9 18
18 27 16 1 3 82 2 42 14 64 7 30 6 84 10 91 13 66 9 87 17 45 4 24 1 66 8 36 11 16 0 16 12 45 19 17 5 62 15 79
14 8 16 27 10 53 12 56 4 16 11 77 15 27 13 83 8 90 3 16 17 31 19 8 7 64 6 97 18 54 5 78 2 36 9 80 1 33 0 76
10 7 9 61 14 99 13 14 11 97 4 54 1 98 12 86 0 81 3 42 18 38 17 70 19 50 15 19 16 52 6 69 2 62 8 57 7 92 5 94
16 33 0 73 17 27 10 61 14 82 9 33 1 56 12 78 6 91 15 92 11 28 18 43 3 95 2 78 19 97 5 45 4 81 13 58 7 89 8 8
17 12 15 24 16 75 6 65 11 80 7 30 9 15 13 37 4 34 8 65 10 96 14 54 3 40 1 69 0 44 12 27 18 54 5 61 19 1 2 19
0 24 14 41 1 74 17 60 3 47 7 14 16 90 11 81 19 83 6 52 13 20 9 57 8 24 4 47 18 79 5 88 2 81 10 45 15 44 12 34
17 13 7 84 13 85 14 33 2 62 15 48 10 82 19 40 6 48 1 87 11 37 5 11 3 96 4 29 16 32 0 8 9 92 18 18 12 81 8 78
4 99 13 7 3 15 15 7 10 59 16 37 9 32 7 56 14 34 11 65 1 95 12 66 0 67 8 45 19 4 2 92 17 38 6 73 18 63 5 57
7 38 10 40 15 77 12 89 13 65 19 77 8 68 11 32 5 99 1 70 3 14 6 42 18 30 0 24 17 78 4 33 16 13 2 1 9 85 14 92
15 46 2 54 5 35 19 37 11 58 9 17 14 62 10 11 6 43 16 95 4 78 1 42 7 9 13 72 18 1 3 42 0 91 17 68 12 38 8 71
18 7 8 31 4 88 2 8 11 93 16 85 12 69 14 79 6 27 15 20 10 3 9 42 1 59 3 37 0 19 5 94 13 46 7 58 17 31 19 96
