30 20
4 1 3 93 13 46 11 66 14 96 17 57 5 46 19 28 10 86 12 3 1 42 18 28 2 39 9 28 8 20 7 40 6 53 16 95 15 71 0 87
2 50 5 91 14 37 7 27 0 99 13 56 11 7 1 8 18 57 4 54 15 86 3 70 12 46 16 6 9 30 10 25 8 14 17 93 19 58 6 83
3 11 7 43 0 64 17 9 18 39 13 33 5 39 11 59 12 33 4 60 10 36 19 49 8 33 15 8 2 98 1 11 6 82 14 64 16 63 9 9
19 50 14 50 4 77 12 1 16 93 18 76 9 67 8 20 5 70 17 83 13 98 11 22 15 51 0 74 10 93 2 12 3 37 6 27 1 81 7 37
0 92 13 88 6 89 10 13 3 46 8 79 19 47 15 74 2 71 4 26 14 19 5 55 12 74 17 6 11 14 16 67 9 87 18 4 7 95 1 40
14 14 15 29 9 58 8 47 19 24 3 33 13 50 11 88 5 77 1 65 17 61 0 4 7 71 2 2 18 99 6 29 16 7 12 55 4 55 10 68
19 71 11 79 0 50 13 48 14 97 6 84 17 24 8 64 7 3 15 17 5 66 4 60 16 44 1 79 18 99 10 11 3 38 9 64 12 37 2 32
1 14 9 23 18 52 15 72 0 25 4 54 7 81 13 63 14 47 8 49 19 90 6 94 3 90 16 86 2 51 11 33 17 77 10 35 12 7 5 24
6 2 10 98 1 25 4 20 11 29 18 59 13 1 15 27 0 86 3 9 19 12 9 51 2 38 7 8 14 84 5 99 8 76 17 96 16 30 12 74
9 91 7 87 2 54 16 87 6 42 3 85 8 26 13 90 11 57 17 75 15 11 12 7 10 47 18 46 1 89 0 37 19 19 4 98 14 20 5 75
19 91 5 65 18 25 0 37 2 72 7 52 1 23 17 39 8 83 4 57 11 33 14 33 10 38 12 47 9 58 3 87 15 64 6 97 16 69 13 90
15 98 5 96 13 27 14 97 8 34 7 69 11 26 1 89 6 62 12 68 18 95 17 45 9 60 3 50 0 81 16 75 2 7 10 7 4 12 19 44
18 52 15 45 16 76 4 72 10 74 7 23 6 73 9 16 8 21 19 66 2 55 0 52 13 8 12 93 3 67 17 73 5 66 11 85 1 83 14 31
14 60 19 90 17 71 4 4 10 63 8 75 16 76 15 79 7 7 5 44 18 57 6 30 9 54 11 10 0 85 3 97 12 70 1 52 2 54 13 26
14 9 4 59 8 87 6 33 15 92 0 82 2 5 12 55 7 47 16 46 11 37 19 29 10 3 18 84 13 96 1 35 9 45 5 56 17 33 3 33
9 1 19 80 0 94 17 29 13 50 1 34 3 68 10 35 18 3 14 50 12 79 5 49 2 28 7 37 15 98 6 97 4 38 16 59 8 31 11 4
11 70 2 38 17 31 13 15 0 84 15 5 6 42 12 92 8 47 4 69 7 11 9 1 5 32 18 78 10 78 19 78 16 35 1 11 14 51 3 34
13 73 16 33 17 89 12 19 8 28 19 88 9 99 5 58 1 13 18 67 6 42 10 74 7 81 3 31 2 98 11 95 4 69 14 92 15 84 0 66
5 43 11 79 7 90 3 43 13 52 9 63 10 49 19 29 14 66 15 49 8 44 2 64 4 19 16 27 1 61 6 60 18 92 17 1 0 85 12 99
13 71 14 93 12 75 2 17 8 21 17 23 18 56 10 26 11 53 0 65 15 56 5 12 19 37 9 58 4 15 16 42 7 96 1 37 6 3 3 30
12 63 2 1 1 13 4 9 7 77 19 79 10 2 9 56 14 83 8 58 6 53 13 21 0 57 17 60 3 28 16 93 11 98 15 44 5 2 18 44
16 54 13 99 6 77 9 45 5 48 18 26 7 30 10 76 15 86 12 32 17 90 11 41 4 62 0 63 14 46 19 30 8 82 1 32 3 26 2 39
5 49 13 18 12 74 4 66 6 77 0 4 14 82 7 71 17 23 10 53 9 95 1 73 15 91 3 17 19 14 2 21 11 71 18 95 16 30 8 12
15 48 3 88 16 97 19 47 14 5 2 2 8 7 1 72 17 68 6 3 18 38 12 59 5 33 10 11 11 16 0 25 7 70 9 35 13 66 4 93
18 71 1 31 13 37 6 5 15 98 12 67 11 92 10 91 8 15 7 5 9 38 2 80 16 37 19 25 0 3 5 28 4 62 3 5 14 65 17 75
17 41 19 53 8 44 11 22 3 6 9 66 13 40 12 29 6 72 14 33 2 77 16 54 4 96 0 59 15 70 10 94 18 30 1 42 5 2 7 61
3 40 4 82 1 96 18 81 17 46 12 39 7 74 2 15 15 76 13 50 0 52 11 75 8 87 16 28 5 21 9 27 14 80 19 94 10 67 6 70
3 83 1 94 10 22 6 76 8 44 5 40 13 92 18 35 2 89 19 44 16 97 15 51 7 55 0 14 17 14 12 79 4 63 14 34 9 94 11 42
1 39 18 75 12 42 14 79 4 74 5 87 3 33 6 35 2 15 17 7 7 42 9 54 10 3 13 47 8 68 16 74 0 95 15 76 11 21 19 29
4 53 19 50 9 31 12 71 0 41 8 7 5 42 15 38 14 32 1 32 6 56 13 60 11 3 18 98 16 18 17 21 10 57 3 38 7 49 2 34
