30 20
18 75 4 3 7 94 17 76 6 54 8 90 13 31 1 73 16 1 19 31 15 42 2 51 12 57 14 40 3 64 9 79 5 92 0 71 10 26 11 79
16 21 5 71 15 51 7 99 1 52 2 23 0 48 4 42 3 97 6 83 19 26 12 19 14 47 10 78 13 63 9 28 11 54 8 67 17 43 18 69
6 61 2 66 1 76 3 87 16 74 7 35 4 22 17 8 12 8 13 39 10 46 19 30 8 47 5 93 18 65 14 73 11 53 0 86 9 46 15 17
7 31 14 57 19 90 6 30 2 57 9 65 10 4 8 72 18 92 17 46 12 79 5 82 3 81 16 36 1 17 4 24 11 23 13 68 15 81 0 52
4 47 12 47 11 49 15 3 19 59 16 61 10 19 14 81 8 63 5 28 2 85 9 48 3 40 18 46 6 59 0 42 7 83 1 10 17 28 13 65
5 2 9 91 7 11 18 11 13 27 16 29 19 93 14 88 6 3 3 17 4 84 0 65 8 26 2 48 15 35 12 12 11 35 1 67 17 47 10 95
19 29 8 29 11 95 0 21 3 21 16 87 7 83 1 22 10 98 15 8 13 75 14 87 2 51 5 1 6 33 17 5 18 33 4 57 9 24 12 19
8 50 5 92 2 78 14 83 16 71 18 49 12 32 19 29 9 94 7 48 0 78 1 79 3 87 4 33 15 68 11 54 6 18 13 96 17 74 10 44
5 50 3 85 2 64 18 19 9 46 15 61 6 89 8 23 17 54 7 26 13 65 0 88 11 29 4 13 10 31 19 97 12 35 1 81 16 17 14 6
6 93 16 64 13 87 12 55 17 33 8 89 1 96 14 13 4 90 11 31 15 80 5 32 19 60 10 82 9 63 0 92 18 70 2 27 3 62 7 11
2 95 4 15 7 30 11 51 1 99 0 8 8 39 10 17 6 12 19 6 18 35 16 40 13 36 9 22 17 65 15 35 3 80 5 46 12 47 14 25
18 79 2 79 16 51 14 58 19 52 4 74 1 60 10 86 7 41 13 8 5 38 11 46 3 88 15 66 6 35 9 88 17 7 8 24 12 7 0 46
16 99 19 10 4 22 0 48 9 73 6 1 15 25 18 28 11 4 17 43 3 24 14 73 12 66 2 28 13 53 10 50 5 64 1 17 7 25 8 7
12 29 6 81 10 63 3 12 19 88 5 2 8 27 15 78 13 5 11 89 14 50 7 72 2 54 16 68 17 69 4 87 18 51 1 97 9 60 0 17
16 73 3 81 5 96 12 92 14 46 13 5 10 68 18 15 1 80 0 81 6 7 19 41 7 61 15 36 2 30 11 86 8 38 17 29 9 40 4 9
16 92 2 19 1 2 17 54 6 7 5 20 11 74 10 35 19 8 3 52 0 73 7 84 18 14 14 71 15 79 13 41 12 11 8 61 4 95 9 82
0 17 19 47 12 67 11 45 13 59 7 66 1 73 2 15 16 72 17 51 14 80 9 83 5 87 3 7 6 88 15 16 18 93 4 91 8 45 10 83
8 34 2 25 16 27 1 12 10 78 14 55 3 85 12 15 5 87 17 34 19 57 15 97 7 99 13 94 6 85 0 40 11 4 18 7 9 77 4 8
4 9 17 92 2 3 16 8 12 70 18 96 10 55 9 98 3 19 19 57 13 7 7 76 14 69 6 70 0 54 15 65 1 33 8 85 11 91 5 28
11 5 19 1 16 77 6 31 17 28 14 50 18 64 13 60 3 73 9 50 2 96 15 57 5 94 0 20 1 47 8 3 4 62 7 97 10 5 12 56
5 24 8 6 18 8 14 68 6 49 15 70 4 42 2 67 11 61 3 27 10 25 19 51 7 94 16 89 0 41 17 56 13 43 9 47 1 91 12 58
10 18 3 83 18 9 5 37 14 66 13 58 11 22 7 57 15 83 6 22 4 19 8 44 9 64 2 32 19 59 0 47 17 9 12 10 1 13 16 42
12 83 9 2 13 21 4 67 10 61 15 18 6 88 11 53 1 76 14 93 18 19 7 57 3 94 5 55 2 77 16 47 0 16 19 84 17 75 8 30
14 6 11 94 8 44 6 8 16 60 10 20 4 60 9 39 7 34 2 92 13 61 19 13 18 63 3 76 12 12 15 28 5 58 0 24 1 15 17 81
19 31 15 76 13 38 11 57 2 73 6 32 18 7 7 70 3 16 14 97 17 41 5 31 0 90 10 81 12 28 4 69 8 44 16 98 9 97 1 17
2 24 17 55 9 63 1 61 19 84 5 46 12 83 14 57 18 96 4 29 7 38 3 30 6 46 13 98 11 35 16 80 8 39 15 78 10 34 0 83
2 25 1 59 6 47 15 75 3 6 9 47 12 57 10 75 8 18 7 99 11 18 5 75 0 90 4 63 17 76 13 18 14 73 18 39 19 5 16 51
6 75 0 17 4 77 7 65 1 97 12 76 19 56 3 47 2 78 10 33 11 53 9 8 8 50 16 74 18 45 15 84 14 73 13 59 5 44 17 6
18 50 19 27 9 42 17 36 3 47 14 96 1 59 4 59 16 15 6 44 10 22 13 4 2 16 7 37 15 46 11 10 5 81 0 49 8 48 12 42
15 40 18 28 10 53 3 40 1 16 17 9 4 99 0 70 14 23 9 76 6 99 11 58 8 52 5 85 2 22 7 97 16 4 13 69 12 43 19 21
