30 20
16 8 8 72 2 98 4 50 0 7 3 46 6 49 13 3 9 41 1 74 12 76 10 34 15 8 17 4 14 50 19 27 11 86 18 20 5 41 7 10
6 18 8 19 19 15 10 38 11 27 4 55 0 96 2 89 1 48 16 8 18 46 3 34 17 64 12 20 14 38 15 15 7 64 9 43 5 98 13 55
8 58 14 25 1 6 16 68 17 55 0 3 10 64 12 13 5 81 13 72 15 15 2 98 3 86 7 45 6 56 18 12 4 44 9 12 19 2 11 69
1 22 3 94 4 29 10 13 0 91 9 1 18 18 17 51 14 42 8 35 6 92 7 55 5 23 15 96 2 62 16 23 11 17 12 63 19 21 13 44
12 15 9 63 4 7 2 36 15 16 16 26 19 22 7 81 5 76 3 63 6 88 13 12 0 21 8 5 11 62 10 5 18 64 17 30 1 38 14 65
0 23 4 67 3 77 13 7 16 8 14 21 10 5 8 6 15 38 1 81 5 76 7 1 6 63 2 43 18 59 12 36 17 11 9 19 11 39 19 70
16 95 10 5 2 70 14 91 3 99 8 78 12 19 17 15 19 26 6 90 9 71 15 32 1 83 18 11 5 4 13 17 7 6 0 4 11 2 4 50
9 48 0 9 1 29 16 21 3 88 7 40 14 24 6 54 15 85 17 94 18 35 13 28 4 36 5 12 8 26 12 53 10 47 19 67 11 13 2 46
19 38 0 83 10 92 14 3 16 80 5 58 15 78 3 32 1 23 7 45 8 44 17 61 2 95 11 28 4 49 6 17 12 87 18 25 13 87 9 56
10 96 6 77 0 66 9 8 7 69 5 10 16 12 15 62 11 90 19 51 2 97 17 28 4 82 3 41 1 98 13 86 12 55 8 50 18 46 14 73
17 35 6 19 14 44 10 53 1 6 11 93 0 69 5 83 9 91 12 77 15 96 18 40 4 96 16 6 8 49 2 12 7 77 3 61 13 84 19 19
5 96 9 42 8 12 18 92 17 58 6 57 4 86 13 21 14 81 16 98 2 34 19 46 7 11 1 7 11 28 10 58 12 22 15 9 0 47 3 96
6 53 11 27 13 54 3 35 0 38 9 47 16 49 5 45 7 51 2 92 17 11 15 37 19 32 8 60 12 39 1 39 4 57 10 98 14 57 18 82
19 37 3 53 4 36 11 51 7 41 12 10 2 83 16 84 18 68 13 53 14 67 17 52 10 87 9 44 1 26 5 42 8 32 0 12 6 94 15 24
16 25 5 32 18 86 4 90 15 12 7 37 10 81 8 3 2 7 13 87 19 29 11 96 14 93 17 65 0 98 12 23 1 67 6 23 9 55 3 48
7 65 12 15 16 96 14 77 6 17 0 15 13 60 3 53 4 49 10 75 5 3 8 79 18 9 11 55 1 11 9 98 15 83 17 68 2 56 19 25
8 65 12 39 10 42 15 8 7 95 13 19 14 46 16 75 17 30 0 47 9 62 18 28 11 27 5 29 1 37 19 82 2 11 6 31 3 46 4 8
8 65 9 41 11 6 14 53 19 85 10 39 2 76 12 95 4 86 15 92 16 34 1 57 13 38 18 27 0 58 17 51 7 9 5 79 3 64 6 10
19 47 11 29 15 12 1 80 2 86 4 6 8 88 17 21 12 22 5 83 3 11 14 66 10 36 16 7 13 80 0 89 9 44 7 61 18 60 6 80
19 37 15 86 7 79 5 22 10 22 16 91 8 16 13 47 4 94 1 73 14 71 18 18 9 72 17 75 11 52 6 28 3 39 2 70 0 23 12 7
16 28 18 2 0 95 5 16 9 58 19 20 6 5 1 36 2 40 13 27 4 70 3 20 8 71 11 75 17 68 14 91 10 53 15 5 7 59 12 19
2 15 8 49 11 86 18 92 9 20 16 46 4 86 10 60 3 19 12 76 14 89 1 69 15 95 13 37 0 21 17 62 5 15 7 32 6 38 19 8
5 46 10 74 19 70 7 90 11 28 4 79 13 23 15 26 18 9 8 73 2 42 16 16 6 76 0 31 9 27 1 22 12 55 14 92 17 19 3 37
11 74 9 8 12 41 5 25 0 89 15 32 8 70 3 14 16 24 4 59 13 26 19 46 7 25 6 31 18 8 14 61 10 69 2 17 17 7 1 76
1 25 10 7 3 81 12 65 16 14 5 88 19 27 6 79 8 18 14 4 11 97 9 3 15 72 18 24 4 47 13 25 17 3 2 48 7 5 0 6
2 52 4 45 0 59 6 58 13 82 19 51 15 32 9 27 1 88 3 14 17 75 8 61 16 19 11 50 7 71 12 39 18 56 10 70 14 17 5 24
8 1 3 39 7 31 15 27 11 65 16 28 12 65 14 40 13 56 4 76 9 59 10 8 1 87 6 13 19 97 5 61 17 70 0 24 18 91 2 81
11 56 14 7 2 37 13 1 15 45 19 20 17 66 12 86 10 24 7 96 18 90 16 7 8 51 9 74 3 26 4 70 6 43 0 77 1 12 5 81
13 77 18 45 19 56 3 7 5 92 1 37 9 21 8 55 0 13 6 66 14 98 4 43 17 14 7 25 2 31 12 5 10 89 16 36 15 9 11 28
12 3 19 12 4 34 10 74 17 17 14 93 9 42 1 34 13 31 8 66 3 61 6 11 2 72 18 73 11 45 15 20 5 68 0 42 16 90 7 87
