30 20
9 20 12 69 18 31 5 85 13 2 7 93 1 66 3 24 17 29 19 20 2 84 6 93 10 21 4 5 15 37 16 20 11 55 0 80 14 85 8 27
2 33 15 75 10 98 18 51 12 10 17 76 4 24 5 71 7 82 9 76 13 94 3 1 8 84 11 6 0 68 16 45 1 76 6 10 19 13 14 79
15 70 0 1 7 56 16 44 8 84 19 69 10 13 9 64 6 79 4 19 2 72 1 76 12 42 3 85 17 3 13 12 11 62 18 43 14 7 5 56
9 57 18 37 6 89 0 52 8 47 14 9 4 77 10 77 12 59 13 58 11 51 17 49 16 86 5 9 2 73 19 60 15 11 3 40 1 41 7 88
17 54 10 29 11 91 0 43 13 14 4 93 8 80 18 66 2 60 19 21 6 18 1 64 5 56 3 82 12 19 14 10 16 77 15 56 7 71 9 94
4 66 9 86 1 59 12 94 19 33 3 52 14 24 15 4 5 72 8 58 0 46 6 86 11 55 10 70 13 82 16 5 7 74 2 27 18 77 17 18
6 13 12 7 3 26 13 19 15 86 4 3 7 43 10 72 18 56 17 75 16 55 14 54 9 16 5 6 1 64 2 82 0 26 11 45 19 52 8 85
16 60 19 36 8 28 7 27 9 82 11 63 12 48 15 49 13 76 10 51 1 59 14 38 3 60 2 40 17 6 0 9 6 23 5 29 18 40 4 48
8 27 14 22 11 50 17 7 7 42 15 90 13 55 4 41 12 28 1 63 2 65 0 87 3 67 10 63 9 21 6 18 19 92 5 52 16 60 18 8
2 53 12 33 8 72 15 92 19 68 4 78 10 96 18 63 3 74 0 73 9 78 17 13 16 63 5 74 1 17 13 62 7 36 14 23 11 31 6 48
2 46 4 78 17 60 1 17 0 55 9 82 7 63 5 98 16 1 3 12 12 81 15 47 10 78 13 54 18 48 19 63 8 3 11 46 6 2 14 5
19 45 7 71 10 24 12 5 8 33 9 80 17 10 0 15 4 62 5 61 6 38 1 87 16 14 2 68 18 98 15 26 3 83 14 91 13 45 11 23
8 27 19 66 15 86 10 9 2 11 11 30 18 78 12 61 13 87 6 36 7 63 0 19 16 18 3 21 5 74 17 22 14 17 9 20 1 45 4 98
15 61 11 62 4 60 6 33 14 81 3 58 8 32 19 93 10 37 17 89 12 60 7 52 16 79 1 94 0 15 5 12 9 57 2 60 13 63 18 67
11 31 4 84 12 15 1 85 13 56 10 94 6 97 15 87 2 22 8 87 3 85 7 6 19 27 16 54 0 11 17 27 9 4 5 14 14 43 18 28
4 30 19 24 2 40 10 65 5 50 15 90 8 62 11 16 12 63 18 57 14 55 0 48 17 19 6 93 13 58 16 87 1 41 7 80 9 11 3 17
1 86 12 37 2 93 4 80 15 72 11 36 13 15 19 54 18 8 14 40 17 31 16 53 3 9 10 80 9 6 6 62 0 86 7 68 8 33 5 48
13 27 8 87 1 35 14 66 4 78 2 12 11 63 12 99 0 3 3 32 17 18 7 44 15 36 16 29 19 64 10 17 5 9 6 48 18 63 9 14
6 20 18 7 17 37 15 96 13 67 16 63 7 72 1 60 14 32 10 28 9 45 8 77 11 36 4 65 3 38 19 17 0 85 2 73 12 60 5 39
16 84 2 4 1 89 8 77 15 60 6 32 12 30 13 62 4 29 11 91 3 81 9 47 14 89 17 52 5 58 18 37 10 32 0 19 7 48 19 69
7 22 9 63 2 26 13 16 6 32 3 91 14 90 18 57 16 33 0 9 8 11 4 93 11 96 5 87 10 73 17 18 12 83 15 58 19 80 1 24
16 78 10 24 1 18 11 42 0 29 14 69 8 74 18 6 6 89 17 92 2 39 12 38 15 26 3 56 7 39 4 57 19 23 13 27 5 83 9 86
7 16 8 34 18 15 11 73 3 58 14 61 2 21 15 16 4 50 13 3 5 85 10 40 17 41 6 57 1 86 19 87 16 7 12 49 0 87 9 42
15 28 18 39 11 98 10 12 13 1 19 21 2 11 12 61 9 74 5 69 3 34 1 57 16 56 17 99 14 27 7 45 8 79 0 56 4 77 6 99
4 54 17 28 14 30 10 85 15 35 5 96 12 35 13 38 8 21 1 52 0 5 7 51 9 74 3 52 6 62 2 46 11 86 19 21 18 77 16 98
7 92 1 79 15 24 10 5 2 58 17 83 9 26 8 85 13 41 19 50 18 22 4 52 16 84 6 75 3 59 0 84 12 52 14 78 5 50 11 46
8 70 9 97 11 22 17 88 5 44 6 52 3 69 18 12 15 94 16 8 7 87 13 17 19 24 1 20 0 50 14 66 2 17 12 98 4 33 10 58
8 87 7 24 11 3 3 55 14 48 9 61 12 64 5 91 19 15 13 38 18 73 15 56 4 83 6 1 1 39 16 69 2 24 0 41 10 7 17 67
7 67 12 30 15 89 1 38 11 76 4 92 13 38 19 51 6 26 3 90 0 89 16 59 8 45 9 10 5 70 10 78 17 1 18 58 14 87 2 91
0 67 17 61 16 97 13 26 19 57 4 35 12 48 15 27 2 55 5 34 18 64 7 76 10 13 6 61 8 16 14 61 11 44 1 24 3 29 9 58
