30 20
12 32 14 61 5 24 15 21 7 64 1 85 13 67 9 28 3 2 2 91 16 8 17 55 10 44 8 96 0 46 11 32 18 12 6 32 19 25 4 89
7 34 13 78 17 65 5 12 2 33 9 33 10 46 8 74 15 14 19 24 4 45 16 67 11 75 18 80 14 69 0 13 6 15 12 50 1 66 3 47
18 42 13 32 11 32 5 51 0 90 2 15 16 71 1 25 19 23 15 88 14 8 8 14 17 40 3 64 10 31 12 33 7 38 4 94 9 22 6 98
12 14 13 77 17 70 16 68 4 77 3 98 7 39 6 50 0 80 10 39 19 15 14 28 18 28 11 82 15 28 2 36 5 19 9 83 8 23 1 94
16 19 5 54 0 90 15 3 18 23 4 99 2 57 9 41 19 76 12 98 17 63 14 7 6 8 11 93 8 73 1 75 3 9 13 76 10 96 7 3
7 7 2 7 0 48 5 99 9 63 18 16 14 88 17 37 15 55 6 48 12 97 10 10 19 64 8 56 1 51 4 33 13 58 16 83 11 54 3 75
7 1 12 43 18 20 17 55 16 5 9 20 6 33 5 73 2 23 11 12 3 94 10 9 19 53 13 19 8 17 14 39 0 71 1 35 15 54 4 37
9 67 1 82 18 68 2 70 16 60 12 88 7 77 0 53 17 79 8 6 13 16 14 64 3 63 15 58 10 89 6 45 19 60 11 6 5 68 4 54
4 41 2 44 0 56 19 92 16 64 1 56 10 22 14 38 9 55 8 38 6 87 15 40 12 80 11 51 13 54 18 32 7 2 3 27 17 1 5 41
15 74 0 98 2 92 13 53 7 29 5 85 9 59 1 15 4 91 19 60 16 15 17 3 6 49 18 45 8 62 12 82 11 77 10 83 14 36 3 47
16 39 12 91 1 4 0 64 6 97 9 41 13 45 8 64 18 30 2 1 4 7 10 80 15 98 11 62 17 24 5 96 7 29 3 76 19 53 14 77
0 73 13 35 7 35 15 62 12 23 6 15 2 87 8 40 16 51 11 43 4 71 3 89 5 36 19 40 9 71 18 54 10 21 17 15 1 40 14 9
0 20 17 25 9 47 19 49 16 57 6 28 13 69 3 72 14 34 11 79 2 30 7 90 8 74 4 99 12 75 5 24 15 56 1 8 10 94 18 69
11 35 15 97 6 67 13 77 4 91 19 22 5 89 14 82 10 58 9 54 2 82 17 32 1 93 0 30 7 68 18 11 3 17 8 24 16 99 12 44
16 83 12 32 17 63 19 55 14 76 8 80 5 28 0 52 7 51 15 33 18 2 4 88 1 20 13 96 10 42 3 33 11 7 6 8 2 26 9 54
7 65 12 7 18 12 11 17 16 14 4 85 2 77 14 89 9 83 19 23 5 93 6 82 17 53 0 2 3 40 8 40 1 88 13 4 15 17 10 74
18 91 6 32 0 18 5 29 9 24 17 32 19 24 14 67 2 98 1 89 3 99 13 97 8 43 7 69 16 4 15 47 11 56 12 78 10 97 4 51
17 69 13 93 14 6 12 89 10 3 2 51 1 58 16 56 4 8 5 3 11 4 8 92 15 35 0 45 9 88 18 2 6 65 19 39 7 10 3 67
15 45 1 76 13 97 17 91 16 67 14 46 9 60 7 19 5 25 10 10 2 52 6 91 12 62 19 30 3 60 4 16 18 91 8 92 11 49 0 99
19 59 18 95 0 46 13 3 12 79 2 58 17 83 16 85 4 82 7 15 5 69 11 13 14 13 3 33 10 21 6 94 15 8 9 83 1 74 8 93
3 14 7 81 15 42 10 69 12 18 11 94 19 54 18 50 14 77 13 62 5 73 6 82 4 64 16 77 1 21 17 64 2 71 8 53 0 50 9 54
6 56 4 96 15 62 0 78 12 92 16 51 3 25 2 38 18 8 1 53 5 26 11 98 14 44 19 75 7 22 10 53 8 46 17 13 13 77 9 58
18 40 12 6 11 16 5 62 13 72 3 80 2 83 15 9 9 72 17 9 14 14 4 88 16 77 10 18 19 98 7 58 1 75 8 80 6 94 0 99
12 22 6 54 10 6 16 82 18 64 4 20 5 44 14 88 0 57 9 75 1 24 17 60 2 57 8 10 19 18 13 7 15 68 7 42 3 54 11 61
7 64 19 56 16 50 5 36 4 1 18 52 13 95 10 60 8 81 2 80 9 28 11 19 14 71 1 53 15 10 6 53 17 69 12 17 3 58 0 32
19 68 11 23 16 63 3 94 2 10 12 68 7 43 13 29 6 42 18 28 9 47 17 71 15 86 5 17 4 10 0 55 8 52 14 3 1 53 10 82
1 54 6 2 5 34 3 98 0 44 10 46 15 55 13 12 7 42 12 82 14 5 18 43 17 55 4 96 16 54 8 21 19 26 9 89 2 59 11 56
6 8 17 32 0 10 5 53 12 51 3 99 9 38 11 21 8 3 19 1 14 50 2 33 7 97 16 83 10 39 18 83 15 96 1 86 13 68 4 99
0 85 18 10 8 23 10 17 5 67 13 67 1 89 15 67 14 98 7 46 17 98 2 86 11 12 12 38 6 32 9 54 16 75 3 53 19 72 4 6
12 85 0 72 3 69 4 11 13 75 8 17 14 22 19 3 10 79 2 40 16 98 18 47 1 42 17 77 6 49 15 55 7 10 9 14 11 18 5 79
