30 20
12 77 6 46 5 89 1 68 13 22 3 33 4 99 2 3 18 15 16 50 11 64 14 40 0 3 9 80 10 8 17 99 7 75 15 78 8 27 19 55
0 99 18 94 7 23 3 50 10 70 16 6 14 11 13 89 6 10 11 95 15 57 8 88 12 6 17 72 1 55 4 27 19 26 5 34 2 30 9 94
8 68 15 27 16 46 14 82 11 55 6 15 10 71 13 93 0 99 4 32 7 8 2 88 18 3 19 95 9 36 5 89 3 25 17 92 1 7 12 75
7 41 17 6 10 86 0 94 4 81 14 83 12 2 1 99 8 82 16 47 5 90 19 24 3 19 6 38 15 7 9 53 18 46 11 69 13 64 2 82
18 92 8 75 10 2 3 5 17 88 12 31 0 53 11 64 16 31 7 91 15 79 9 1 4 86 6 68 2 8 5 92 1 77 19 31 14 53 13 86
11 78 10 69 2 41 19 91 5 81 8 68 0 60 7 9 15 45 3 81 17 77 13 76 4 46 1 87 14 50 18 21 16 61 9 96 6 1 12 65
1 5 8 74 2 48 11 36 6 16 9 60 3 17 13 55 4 90 19 71 18 89 14 93 17 90 15 44 7 86 0 84 16 44 12 52 10 47 5 43
5 38 8 1 12 13 2 62 13 77 6 21 18 20 9 81 0 81 10 72 19 64 11 38 7 13 14 22 15 39 1 44 16 30 17 4 4 9 3 78
15 17 8 75 0 8 10 99 9 2 11 51 19 95 17 61 18 75 16 51 14 58 7 10 3 16 4 89 1 15 5 16 6 79 2 6 13 2 12 16
2 14 12 76 6 10 0 7 13 7 5 67 9 90 17 42 11 74 8 43 16 65 1 87 14 13 3 88 19 54 10 8 4 4 18 40 15 32 7 45
16 42 9 15 8 64 7 87 11 8 17 91 1 38 3 14 18 99 10 93 15 89 2 54 4 66 13 49 0 38 12 8 14 28 6 56 19 70 5 99
7 29 1 9 18 56 3 51 9 43 4 35 10 7 8 85 15 41 11 47 16 58 14 48 6 96 12 74 2 25 17 41 5 13 13 80 19 35 0 27
3 99 17 29 19 83 10 38 7 16 1 16 16 52 4 20 15 36 13 70 12 30 18 84 11 15 2 26 14 31 8 26 5 81 6 84 9 41 0 65
2 31 17 95 19 92 11 58 3 48 9 43 12 19 13 73 0 71 4 41 14 10 6 59 16 75 15 76 18 57 10 27 8 28 7 77 5 21 1 15
15 45 16 90 18 5 2 78 0 91 7 24 12 60 4 56 5 58 14 30 17 15 19 18 13 60 11 45 10 70 8 11 6 34 1 62 9 33 3 68
16 40 10 99 19 99 3 54 6 12 15 95 1 23 9 23 4 29 8 81 0 32 13 26 7 19 18 90 2 31 11 13 5 3 17 69 14 72 12 25
15 50 3 51 8 40 10 47 6 52 14 58 0 10 9 1 17 37 16 51 18 53 2 61 7 73 19 5 13 65 4 93 1 10 11 16 12 88 5 56
16 16 5 64 13 87 18 28 7 4 4 53 19 20 14 55 9 75 1 7 10 98 8 41 2 11 0 20 15 11 12 5 11 99 17 88 6 90 3 58
10 98 7 30 11 77 9 69 12 60 14 58 3 78 0 12 17 69 15 81 2 75 4 86 6 53 1 19 13 48 8 88 16 19 18 37 5 41 19 64
16 21 4 85 2 90 13 55 1 39 5 59 6 54 7 96 15 95 11 73 17 28 0 48 8 57 3 45 9 92 19 97 10 69 14 23 12 32 18 80
1 68 17 28 12 42 15 38 16 50 2 86 10 92 0 84 8 19 13 84 4 72 19 12 11 69 5 3 7 88 3 17 14 91 6 17 18 52 9 30
7 14 12 90 0 22 2 46 11 15 3 34 15 80 9 42 17 20 14 68 13 13 10 58 6 87 16 67 1 5 4 19 8 71 18 46 5 63 19 55
11 2 7 47 0 40 15 1 1 75 2 88 9 86 4 67 3 25 8 70 13 64 18 77 5 64 14 86 10 69 12 61 16 68 6 3 19 21 17 50
19 24 6 3 0 92 3 5 2 31 12 40 11 94 14 29 5 74 15 56 9 68 1 17 7 41 10 29 13 32 8 85 16 29 17 4 4 98 18 37
6 22 8 71 7 18 11 98 12 63 5 72 10 7 18 3 16 79 15 52 19 34 9 64 0 31 3 56 1 99 14 7 2 21 4 33 17 5 13 31
8 1 5 37 6 39 14 43 12 83 1 27 16 28 9 13 2 71 3 38 19 38 15 6 7 4 0 11 10 64 11 28 18 78 4 1 13 74 17 89
5 12 4 57 19 15 14 86 2 61 10 65 9 76 16 11 18 95 13 97 1 58 12 9 17 80 7 62 8 96 11 6 0 1 3 85 6 18 15 74
9 58 3 67 8 88 15 80 4 75 11 35 5 36 17 16 14 25 0 40 16 40 18 53 13 87 10 77 2 99 7 2 12 20 6 84 1 15 19 62
2 39 14 89 16 31 4 90 12 35 9 11 10 13 18 61 17 96 15 54 3 48 19 66 8 46 5 27 13 50 6 57 0 25 11 30 1 91 7 57
3 95 19 33 15 84 14 28 16 64 6 24 1 43 4 46 17 4 0 84 11 97 2 1 12 84 18 89 8 63 10 8 13 82 7 19 5 71 9 71
