50 20
1 5 19 63 13 33 16 13 17 38 0 55 12 18 4 31 14 64 18 6 6 44 3 84 10 71 5 88 11 37 2 98 7 6 9 41 15 71 8 84
15 73 13 19 6 70 4 27 14 45 10 21 9 79 17 80 2 76 12 50 0 80 3 21 5 88 18 90 8 98 7 81 19 52 11 31 1 29 16 33
2 20 1 85 12 57 19 85 16 62 14 59 15 30 8 87 13 14 3 64 4 77 0 34 17 40 7 28 6 79 10 78 18 85 5 15 11 3 9 73
0 13 12 88 2 8 16 83 19 30 6 45 5 73 8 23 10 11 14 9 11 53 18 76 13 84 7 31 17 19 9 61 15 52 1 40 3 77 4 44
2 14 19 29 6 43 11 40 1 8 16 35 17 4 15 37 10 69 7 43 9 2 8 33 18 26 3 8 4 5 13 28 14 85 0 66 12 5 5 37
19 58 16 53 14 24 18 11 12 16 3 93 15 9 6 62 4 98 1 91 17 86 10 71 9 63 11 4 13 3 0 92 7 38 5 47 2 64 8 38
17 38 10 38 4 36 6 96 15 53 9 96 2 92 16 71 18 88 0 39 7 15 12 39 1 84 13 76 11 76 19 72 3 63 14 54 5 71 8 37
15 70 5 86 1 73 19 28 9 1 8 93 11 57 18 36 12 32 17 33 10 19 2 11 6 12 16 16 0 57 14 14 4 65 13 36 3 55 7 70
18 84 13 88 11 71 6 98 15 31 3 83 19 58 14 8 4 64 12 30 0 95 7 97 16 12 1 10 17 93 2 9 10 38 9 41 5 68 8 51
19 35 6 83 14 7 7 51 10 97 13 10 9 3 0 7 5 20 1 67 16 55 18 51 17 12 12 24 11 15 8 5 4 97 2 21 3 35 15 50
0 95 10 31 13 28 19 68 17 76 2 79 15 26 9 39 1 95 6 51 4 74 3 67 5 10 7 67 16 63 14 48 8 85 11 40 12 92 18 78
14 78 7 58 6 43 17 57 15 15 4 51 0 38 12 53 1 93 3 67 10 69 9 12 19 49 13 85 16 4 2 31 5 95 8 71 18 68 11 46
12 93 18 79 0 67 7 87 17 17 11 57 2 36 8 29 3 3 10 26 14 65 1 52 9 21 6 29 13 7 4 20 15 27 5 95 16 12 19 86
19 6 10 30 4 68 15 85 11 79 0 67 2 59 13 66 12 26 1 9 14 23 3 25 5 77 16 29 6 79 17 9 8 95 9 3 18 78 7 96
11 50 17 69 14 5 12 68 19 3 4 10 7 88 13 26 0 12 6 43 2 92 18 64 15 49 10 8 5 53 1 43 3 67 8 92 16 37 9 36
15 76 5 9 9 81 13 33 1 39 14 6 10 92 11 75 0 35 6 19 18 65 16 29 8 17 12 40 2 40 4 61 17 75 3 70 19 22 7 9
18 34 19 93 11 42 10 16 14 79 16 63 6 35 3 84 5 75 8 55 13 67 2 93 1 4 17 64 15 99 4 10 12 91 0 97 7 42 9 55
17 55 10 43 19 54 3 1 14 16 15 30 4 59 2 21 0 80 7 20 9 53 8 84 12 27 13 37 18 41 1 37 6 25 5 23 11 27 16 5
3 24 16 16 14 37 2 94 19 73 8 68 13 46 12 14 11 46 1 51 18 31 17 64 7 7 15 51 0 96 10 79 9 20 4 50 5 32 6 73
9 76 1 56 12 21 8 51 11 94 7 99 19 39 0 43 14 31 2 83 5 21 10 13 3 67 16 90 15 51 18 17 17 16 6 37 4 84 13 44
4 62 14 70 11 54 2 37 19 36 12 38 7 39 5 66 18 53 1 20 15 49 6 8 17 13 13 2 9 1 10 1 8 99 0 64 16 95 3 64
12 57 7 52 5 59 8 61 1 38 19 27 10 98 15 46 4 93 14 85 13 41 0 90 6 36 3 86 17 79 2 16 9 2 18 43 11 49 16 83
3 94 1 2 10 69 12 83 13 85 16 39 9 53 4 91 14 54 2 42 18 5 7 70 19 82 11 61 6 76 5 50 0 67 8 47 17 76 15 24
2 96 11 52 8 75 6 41 15 18 5 60 0 43 9 62 4 68 13 7 19 96 14 1 3 92 17 62 1 27 12 77 10 28 18 88 7 27 16 73
2 92 12 52 0 27 13 22 3 33 4 22 14 97 10 46 18 90 15 75 6 73 5 83 9 35 7 33 19 53 8 93 16 73 11 67 1 13 17 84
17 56 8 52 14 4 12 77 5 62 2 43 0 79 9 17 15 98 4 61 16 40 18 87 3 84 10 33 6 3 1 92 7 66 13 86 11 45 19 77
16 1 8 7 0 16 4 31 15 35 14 1 5 1 19 60 1 91 7 23 12 37 10 68 13 8 18 49 11 27 17 64 6 77 9 70 2 67 3 98
15 29 6 45 12 38 11 12 9 42 10 66 4 98 3 98 2 71 1 67 14 45 5 75 16 22 0 85 7 76 17 89 8 57 19 17 18 51 13 23
14 2 12 31 9 89 3 12 10 9 16 15 4 13 1 85 5 65 8 93 19 16 18 76 13 76 0 37 15 50 7 85 6 18 17 79 2 97 11 68
19 94 12 20 8 84 5 53 11 86 14 31 4 85 18 28 9 40 0 21 17 8 7 93 3 13 6 57 15 32 16 51 2 30 10 54 13 92 1 52
10 77 8 51 15 17 6 12 0 90 19 89 17 20 16 51 11 70 9 14 7 18 5 11 2 39 13 73 18 20 1 37 3 79 14 64 12 85 4 2
16 96 10 91 1 16 19 44 2 32 11 7 0 43 3 63 9 93 14 48 17 57 5 81 8 43 12 22 15 38 18 89 13 13 4 44 7 35 6 31
0 42 12 14 16 19 1 82 13 25 14 33 2 16 11 53 5 11 4 73 10 5 18 99 6 61 9 36 17 31 15 54 7 23 19 37 8 95 3 93
0 71 13 96 5 97 6 26 1 67 12 57 11 35 17 57 7 83 16 30 14 88 10 27 19 66 4 8 8 3 18 62 15 42 3 22 2 87 9 78
19 1 8 1 6 87 9 83 1 59 4 75 15 39 13 70 11 35 16 3 14 52 12 23 2 58 7 56 0 56 10 81 17 12 5 24 3 79 18 56
9 29 16 90 19 83 8 18 18 42 14 58 17 57 1 55 0 73 10 93 13 41 15 28 6 53 11 82 5 59 3 51 7 99 2 34 12 28 4 78
4 79 13 50 16 66 17 66 1 76 9 61 7 91 15 17 18 12 5 87 14 95 10 89 3 7 11 85 6 84 12 43 0 21 8 73 19 97 2 62
10 31 9 22 2 83 16 45 13 93 1 69 15 93 0 88 12 87 17 56 7 10 8 76 6 95 19 24 18 10 14 9 5 94 11 42 4 78 3 56
5 33 17 11 16 19 2 22 3 79 6 85 13 23 7 84 18 90 12 72 0 83 1 90 11 62 10 13 19 74 4 88 14 12 9 1 15 34 8 84
2 75 1 31 17 48 7 44 0 62 6 51 4 53 11 67 5 42 14 86 19 8 16 41 18 16 12 71 10 92 13 34 8 68 9 14 3 95 15 50
1 78 19 35 4 1 18 49 17 77 3 35 11 9 0 19 15 46 13 19 2 97 8 73 7 51 12 44 16 5 5 62 6 64 10 19 14 32 9 8
1 26 13 24 14 81 5 40 4 96 7 47 3 28 2 31 9 54 18 89 15 13 6 70 12 72 8 73 16 96 11 31 17 70 19 98 10 69 0 60
16 44 4 46 10 49 1 61 15 16 5 54 3 74 9 95 19 2 11 39 13 70 7 8 2 65 14 88 12 12 8 93 6 20 18 67 0 99 17 32
19 52 5 51 12 87 18 69 14 72 11 93 0 95 6 14 13 52 7 25 3 73 8 15 10 55 9 60 4 53 17 3 16 36 1 85 15 54 2 95
3 21 2 99 9 78 5 96 18 42 0 17 17 77 8 44 10 67 1 94 14 88 19 45 16 63 15 23 7 13 6 35 4 76 12 23 13 15 11 3
16 13 9 76 12 70 2 29 15 66 3 27 5 15 17 58 11 52 6 90 7 2 10 6 18 44 19 81 13 23 4 73 14 85 1 4 0 32 8 78
11 56 2 99 3 91 12 98 19 71 5 9 14 79 13 42 15 23 8 95 0 18 6 4 7 2 18 11 10 79 16 97 4 8 17 47 9 71 1 73
10 71 0 66 11 8 8 76 4 35 7 2 19 2 5 40 3 59 18 75 6 14 13 55 1 61 12 13 9 8 17 69 15 12 2 88 14 86 16 33
0 52 12 24 7 12 2 93 19 39 6 46 11 23 9 22 14 75 17 67 4 96 15 73 8 98 13 49 3 80 5 29 16 35 18 34 1 61 10 92
13 11 17 42 1 87 8 32 5 19 9 87 14 49 4 52 3 81 0 85 18 5 15 21 11 50 2 52 7 67 16 89 6 36 19 86 10 48 12 92
