50 20
1 23 10 28 2 23 18 96 16 48 15 17 7 56 19 35 14 97 0 42 17 79 6 40 4 12 9 19 5 85 11 79 3 28 8 61 12 26 13 64
19 47 9 15 2 76 1 76 10 24 7 44 6 90 13 96 5 66 4 81 11 56 0 20 3 9 16 95 17 73 18 41 12 92 8 96 14 10 15 36
6 97 11 79 17 10 4 53 3 15 0 10 2 32 5 3 19 66 10 71 1 36 13 87 9 81 12 48 7 76 14 22 8 65 16 77 18 63 15 98
14 56 11 6 2 32 4 14 8 49 18 50 16 36 7 97 6 1 10 4 1 50 13 22 17 74 9 70 3 55 5 42 0 46 19 65 15 63 12 77
19 92 8 57 10 91 11 18 16 78 15 10 6 8 12 31 13 48 3 8 4 45 9 28 2 16 17 67 18 33 14 57 1 13 7 31 0 58 5 69
2 1 3 1 12 89 11 47 16 71 15 40 4 47 14 37 0 3 10 5 6 17 5 65 19 28 18 45 1 38 9 16 8 13 13 17 17 84 7 25
2 40 6 45 5 41 11 70 14 53 15 20 19 73 7 84 9 58 0 73 8 88 12 16 18 68 16 93 1 97 3 75 13 12 4 43 17 98 10 56
1 11 8 60 12 30 15 21 9 40 11 74 3 75 16 40 18 13 13 27 2 97 17 18 19 37 14 63 7 75 10 1 4 21 5 50 0 69 6 63
15 89 2 88 12 23 16 5 1 20 17 17 6 57 11 36 8 49 0 46 19 78 5 50 9 93 14 70 18 51 13 3 4 74 10 17 3 7 7 49
3 2 16 35 0 10 9 25 19 79 2 87 1 12 5 63 18 23 7 62 8 39 6 99 4 91 10 19 12 95 11 72 17 70 15 41 14 36 13 94
17 53 11 49 4 97 9 94 16 97 7 55 15 36 0 11 3 75 12 39 14 85 10 68 8 18 1 17 13 30 5 55 2 62 6 58 18 85 19 65
7 29 6 42 4 51 11 82 2 84 3 27 18 70 15 78 0 52 8 43 12 57 13 45 17 1 14 92 9 57 19 55 16 11 10 63 5 32 1 67
5 65 2 42 4 34 11 26 15 38 13 73 3 25 0 85 14 84 1 68 9 73 17 42 8 65 10 85 19 50 6 64 12 83 16 23 7 30 18 90
0 68 19 51 17 5 6 41 1 77 9 95 16 94 5 24 4 15 10 85 11 39 13 57 2 92 8 26 15 69 12 86 7 51 18 89 3 74 14 79
14 67 10 95 4 20 5 5 18 16 15 37 6 78 3 70 13 79 2 47 12 99 1 52 16 56 7 71 0 71 8 5 11 37 19 25 17 77 9 2
1 77 11 7 5 12 10 13 13 77 4 22 14 2 18 15 8 82 15 26 19 81 17 55 12 75 7 19 3 68 9 96 16 45 6 94 0 86 2 68
19 49 0 33 11 17 9 25 16 90 2 63 4 46 10 98 3 82 14 4 5 47 6 33 15 79 12 44 7 15 13 34 1 7 18 63 17 12 8 53
11 54 9 78 0 18 13 25 16 67 3 59 14 36 1 70 10 42 4 79 8 80 17 21 6 10 18 78 7 2 2 83 12 52 19 50 15 42 5 80
16 75 19 6 18 79 10 10 2 17 6 53 11 61 17 45 7 7 14 76 13 98 4 76 5 64 12 53 3 99 8 98 1 61 0 38 9 81 15 37
4 76 9 99 6 94 12 38 15 90 19 2 17 85 13 68 1 59 0 12 14 65 7 47 5 14 11 23 16 44 8 87 10 47 3 14 18 80 2 20
4 41 3 56 2 79 7 72 18 58 12 49 10 21 5 25 8 54 16 87 9 10 1 28 19 87 15 90 14 15 13 7 0 29 17 83 11 62 6 85
19 41 11 28 8 82 10 77 1 6 13 96 16 26 4 36 9 63 7 35 12 83 18 99 14 16 15 21 3 66 17 56 6 13 0 97 5 47 2 23
8 95 15 46 10 4 9 77 1 43 3 98 14 71 5 83 16 6 4 87 19 95 11 1 12 18 17 41 7 80 13 64 0 79 6 15 18 11 2 16
19 12 16 82 8 29 1 56 11 71 15 74 13 9 5 89 2 27 7 32 14 35 18 23 12 46 3 15 6 22 9 26 10 61 17 39 4 17 0 51
12 57 16 49 11 24 9 34 0 82 14 67 18 24 2 80 1 9 10 18 13 70 6 76 17 86 19 25 7 68 5 65 3 45 8 96 4 92 15 56
12 97 13 15 15 15 17 22 4 64 0 24 1 69 8 36 6 10 9 42 3 66 11 16 18 9 7 54 5 88 16 36 2 59 14 52 10 80 19 28
13 20 8 69 18 99 0 94 4 54 1 88 5 41 12 12 6 11 14 5 19 4 3 91 9 88 15 72 11 24 7 73 16 57 10 56 2 56 17 53
15 97 3 8 6 78 7 43 14 79 19 92 8 68 5 91 1 12 11 26 10 62 16 30 9 42 4 3 12 91 18 44 17 68 2 49 13 50 0 30
14 56 11 45 9 14 15 49 16 77 5 8 13 17 10 10 3 80 1 4 19 45 0 80 6 43 2 63 8 45 12 57 18 79 17 54 4 3 7 26
13 45 9 46 2 28 5 17 17 21 16 22 6 44 18 74 0 86 15 39 14 55 4 96 3 24 11 52 10 56 7 78 1 7 19 18 8 64 12 3
5 57 3 52 11 5 16 20 1 69 14 31 8 75 4 19 12 50 7 21 10 59 13 91 17 43 9 21 2 43 15 65 19 11 0 31 18 7 6 35
3 46 5 63 4 47 19 60 18 51 13 92 16 68 12 43 1 6 6 34 14 60 7 15 9 16 2 12 0 69 11 19 8 5 10 55 15 52 17 24
0 72 16 11 5 31 14 86 7 2 2 47 17 67 13 28 8 70 19 60 6 50 1 58 3 68 4 71 12 68 15 1 10 28 18 28 9 34 11 81
10 59 15 79 11 36 2 68 0 80 16 19 8 29 13 29 18 25 4 30 14 41 19 14 12 51 1 6 6 40 3 81 9 44 17 88 7 27 5 36
0 27 2 64 16 74 5 49 11 68 12 11 8 74 3 88 19 89 1 97 14 6 4 38 9 40 13 48 15 4 10 9 18 24 17 16 7 13 6 35
7 85 0 57 19 50 11 88 8 63 5 69 3 38 18 44 16 64 1 91 10 36 17 95 2 65 15 74 6 27 4 29 9 28 13 6 12 57 14 32
18 64 6 83 15 70 4 47 13 52 9 94 5 91 10 27 2 41 3 87 1 79 8 21 7 96 17 6 16 12 14 62 11 65 19 12 12 27 0 10
0 99 19 52 2 10 9 67 6 92 15 78 7 53 11 56 14 19 12 88 13 86 4 4 3 38 17 39 18 83 8 51 16 5 5 5 1 75 10 3
16 28 0 72 15 40 4 39 18 30 6 65 5 8 11 33 3 96 8 66 12 81 13 40 7 92 2 81 1 42 14 25 9 95 17 38 10 43 19 14
11 2 4 29 5 35 19 32 3 63 10 26 17 59 16 82 2 39 7 91 13 11 12 34 15 5 6 42 18 69 9 43 14 57 8 41 1 18 0 31
6 20 17 92 19 95 4 12 11 12 0 5 8 14 3 92 1 55 15 94 10 50 5 58 12 28 13 38 16 93 2 46 14 36 7 55 9 70 18 23
18 28 8 91 13 84 19 77 0 21 7 81 3 9 16 77 9 22 4 53 6 31 11 86 14 91 12 20 1 22 2 10 17 92 10 1 15 59 5 54
15 14 16 65 12 72 10 76 17 28 1 87 19 53 11 20 4 86 14 86 18 1 8 28 13 11 0 97 6 38 9 91 2 44 3 1 7 91 5 80
2 73 18 33 14 38 7 33 13 67 8 78 16 74 5 65 10 70 12 84 9 16 11 36 19 62 1 67 6 6 0 69 4 66 17 31 15 38 3 88
3 82 11 61 8 13 10 75 17 85 0 10 2 75 7 54 15 1 5 68 12 91 9 39 13 83 16 38 1 5 18 52 6 78 19 30 14 72 4 21
19 36 17 71 4 50 14 73 15 47 6 42 9 63 13 17 1 84 12 16 3 73 5 93 16 84 10 33 11 35 18 44 7 75 8 62 0 97 2 37
18 77 6 65 3 69 17 4 11 82 16 13 15 20 19 20 12 37 4 84 13 47 0 20 14 45 10 51 7 20 8 29 2 47 5 59 9 35 1 48
5 81 3 27 18 59 15 83 1 79 2 40 16 12 13 77 7 76 9 27 0 49 11 84 4 69 12 60 8 75 10 93 6 31 19 27 14 29 17 36
18 87 4 85 11 95 10 53 3 98 19 13 6 76 1 5 12 2 0 78 14 26 15 30 8 95 2 4 13 64 9 25 5 77 17 88 7 2 16 19
1 4 6 68 13 18 16 66 11 21 15 66 4 94 0 72 12 67 10 22 5 13 8 94 7 91 18 81 9 63 2 28 19 83 3 80 14 61 17 6
