30 20
4 54 19 8 6 30 2 48 13 42 16 40 3 3 11 1 10 13 8 1 0 67 12 53 7 65 5 26 18 61 17 76 14 38 9 46 1 99 15 80
18 67 16 57 7 26 4 32 2 72 3 59 14 50 17 34 19 76 8 39 1 33 11 89 9 27 5 23 10 71 12 62 15 5 0 9 6 38 13 83
11 41 9 99 13 20 5 94 18 9 16 62 1 58 7 89 10 30 14 90 3 67 8 89 6 20 19 76 12 94 2 5 4 37 0 64 17 11 15 51
9 53 17 23 6 78 10 8 14 42 18 28 4 73 13 75 12 71 19 92 2 93 8 19 1 12 0 14 11 73 3 97 7 92 16 67 5 96 15 87
10 27 14 43 8 54 1 66 11 44 13 15 12 93 19 69 17 5 6 81 5 73 4 19 2 61 18 50 7 3 15 92 16 72 3 31 0 2 9 10
11 80 9 59 18 85 4 55 12 76 0 81 16 7 19 56 8 46 1 29 7 45 13 41 5 49 2 81 3 82 14 63 6 71 17 95 10 64 15 37
14 52 15 28 3 95 19 70 6 63 12 94 18 78 0 13 10 4 11 86 7 41 2 6 1 48 9 38 16 43 8 43 5 32 4 49 13 49 17 97
1 81 3 28 15 67 7 53 18 95 6 57 13 92 11 96 0 75 17 63 10 86 5 99 12 25 2 56 9 14 14 11 8 67 16 5 4 71 19 82
5 57 8 45 4 1 12 54 9 77 3 74 14 97 16 53 6 59 1 96 7 32 13 80 18 19 0 36 11 67 10 58 2 20 15 66 19 58 17 92
19 13 16 59 13 8 3 13 7 7 0 21 8 87 15 67 5 63 17 98 9 50 12 4 10 17 1 26 4 67 18 36 6 32 2 12 14 71 11 3
3 91 14 88 8 7 1 55 4 83 16 9 6 38 11 51 19 33 13 69 7 99 17 37 18 78 12 12 2 49 0 1 5 42 15 2 9 87 10 96
17 1 3 44 13 74 1 30 2 85 12 20 11 14 7 39 15 70 5 30 18 82 16 3 4 98 6 5 8 84 19 1 14 42 10 31 0 97 9 65
1 43 5 65 9 42 11 31 7 59 3 98 15 13 12 29 19 93 2 30 14 68 10 35 13 82 17 58 4 89 6 64 8 58 16 49 0 4 18 12
17 20 14 28 4 97 15 19 12 99 2 86 16 16 6 56 8 33 11 48 3 61 13 89 7 93 18 9 0 18 9 69 19 21 5 33 10 58 1 18
8 78 19 56 13 42 12 2 14 14 9 71 18 41 1 71 4 96 0 64 2 74 7 61 6 30 10 8 16 61 17 25 11 12 3 57 15 61 5 40
5 30 9 58 0 87 19 48 13 90 2 26 6 23 12 8 8 63 14 2 16 18 1 58 17 44 18 19 15 51 11 97 10 98 7 11 3 75 4 45
17 41 15 85 10 1 18 82 13 78 3 39 4 5 6 47 16 70 11 82 8 16 2 68 5 55 0 83 7 71 19 76 12 85 14 69 9 40 1 91
4 99 9 84 12 27 1 37 16 83 6 49 5 18 13 94 14 59 15 77 18 95 11 61 2 71 0 86 8 98 19 54 10 57 7 67 3 98 17 45
18 80 4 73 16 79 17 52 5 58 1 46 3 61 13 29 14 46 11 23 12 50 7 69 0 78 8 69 10 18 6 20 2 38 9 97 19 3 15 67
18 93 12 85 13 39 6 57 11 17 14 63 7 87 0 92 1 89 8 6 10 5 9 73 2 20 19 19 3 63 16 6 5 79 17 18 4 61 15 63
8 28 16 72 18 36 9 99 4 58 6 66 5 53 7 79 13 36 2 61 14 64 15 86 10 67 3 60 12 56 17 6 0 39 11 31 1 62 19 32
18 39 17 48 15 24 16 19 9 92 4 97 14 50 10 89 0 49 2 96 6 5 13 60 7 5 5 52 8 88 19 83 12 22 3 65 11 17 1 25
16 48 4 25 10 99 19 91 3 77 12 29 6 83 2 58 8 26 17 78 1 16 9 58 18 20 13 8 15 43 14 45 7 51 5 1 11 20 0 9
6 98 0 45 2 55 14 41 1 28 9 31 13 74 12 23 10 15 17 65 3 54 18 27 16 31 19 86 5 5 8 27 7 56 11 67 15 57 4 57
4 7 2 22 10 27 19 36 3 42 8 23 17 80 11 28 1 44 14 92 9 99 12 42 6 39 15 39 16 36 18 61 5 64 13 66 0 78 7 66
3 98 9 49 7 45 13 71 16 26 8 32 5 17 12 89 11 51 18 27 10 62 6 1 4 37 17 72 14 96 1 67 15 13 2 66 19 71 0 69
8 71 19 57 6 23 3 74 14 15 7 6 1 75 10 25 18 67 2 56 9 43 0 46 11 14 4 31 15 66 16 38 5 75 17 94 13 17 12 19
4 73 19 12 2 59 14 25 16 37 12 80 3 82 7 45 13 25 15 87 18 85 6 60 17 42 0 79 8 39 5 19 11 95 10 32 9 69 1 38
14 78 19 36 17 48 10 52 16 13 15 45 9 37 2 41 3 38 1 1 5 25 4 69 12 30 11 98 6 42 13 36 0 96 8 20 7 46 18 80
0 72 11 9 17 7 5 73 2 38 7 86 15 82 6 89 18 20 16 51 9 95 3 16 1 83 13 23 12 30 10 45 4 49 14 85 8 84 19 65
