30 20
7 98 11 7 17 70 15 12 19 21 16 27 4 43 6 65 2 11 0 55 12 29 1 1 3 30 9 48 10 2 5 71 13 84 18 95 8 89 14 85
8 82 13 63 3 98 12 73 0 75 5 67 4 20 18 60 15 49 6 60 17 47 10 24 16 34 14 39 11 65 7 42 19 34 1 5 9 29 2 95
5 86 11 60 2 67 3 79 9 89 18 37 4 84 10 29 16 50 14 53 0 42 19 49 13 70 6 1 1 68 7 30 12 32 15 53 8 62 17 58
12 52 8 60 3 86 9 17 4 66 16 48 1 6 10 80 18 63 11 66 15 94 0 61 7 42 14 80 19 87 17 32 13 90 5 60 6 23 2 12
13 94 6 4 4 59 15 96 7 24 2 63 5 9 14 20 8 56 19 60 11 39 10 40 18 17 16 19 1 29 3 26 9 75 17 79 0 4 12 72
11 60 3 58 12 24 15 36 16 97 1 14 6 89 2 57 19 27 14 66 4 90 13 63 5 80 8 32 18 33 7 64 0 84 9 65 17 65 10 16
9 47 11 82 14 38 5 53 7 78 8 75 13 49 4 98 17 54 6 72 18 96 0 90 12 61 2 34 16 39 10 34 3 41 1 42 19 63 15 80
6 7 2 6 15 96 13 76 19 84 8 17 10 92 3 80 1 12 18 28 17 36 9 75 4 48 16 9 7 47 0 67 14 84 12 93 5 62 11 47
14 98 17 98 10 91 2 21 6 5 15 42 11 72 3 75 1 17 8 1 16 27 12 29 0 53 7 32 18 84 5 81 19 88 4 81 13 38 9 51
8 72 3 10 9 26 12 53 2 48 6 53 7 92 17 70 19 67 4 59 0 27 18 83 10 71 1 78 16 36 15 3 13 80 11 66 5 36 14 25
7 79 5 66 6 79 4 40 1 88 3 43 10 53 13 26 14 92 8 93 12 78 19 84 15 28 9 76 2 63 16 26 18 53 11 4 0 62 17 55
7 14 11 78 18 29 0 37 16 72 8 73 6 5 10 56 12 8 19 18 1 93 5 95 13 48 2 27 14 9 4 52 3 90 15 94 17 13 9 67
8 36 17 21 5 14 19 83 6 14 11 34 4 54 0 11 2 44 9 14 14 53 18 90 13 17 16 37 1 17 15 81 10 70 7 30 12 99 3 29
4 97 6 18 14 2 19 88 12 71 17 94 18 50 0 26 8 88 9 60 13 24 15 72 3 3 11 42 16 2 5 42 7 43 10 48 1 17 2 47
2 71 7 7 16 1 10 70 5 23 1 28 15 30 6 59 17 73 4 67 13 31 14 55 3 43 11 86 18 27 12 2 9 35 0 30 8 92 19 60
9 33 17 18 7 70 3 67 14 56 0 98 2 23 13 31 1 92 5 30 18 70 10 1 4 72 8 10 12 71 19 77 16 80 15 74 6 28 11 78
0 21 16 52 5 88 8 13 12 58 17 90 6 82 9 8 10 72 14 31 18 34 11 7 4 29 7 44 1 90 19 87 15 37 2 2 3 36 13 72
8 86 13 74 15 92 3 66 4 75 9 73 5 35 7 14 11 95 1 69 10 10 0 25 17 40 6 68 16 35 2 45 19 56 14 93 12 53 18 76
13 95 1 47 3 57 0 58 7 88 16 19 5 61 18 15 11 58 19 11 9 18 4 12 12 66 6 74 14 1 17 50 8 14 2 50 15 5 10 9
9 59 12 33 13 72 1 97 15 30 6 68 8 46 18 32 0 89 17 62 19 60 2 68 10 83 7 72 11 22 3 20 14 84 4 35 16 33 5 86
11 91 10 85 12 18 18 19 9 14 4 93 7 56 5 32 14 81 0 29 19 83 15 69 6 75 16 61 1 85 13 24 8 53 17 98 3 63 2 81
13 70 1 11 14 51 9 37 11 1 6 18 16 35 10 69 7 11 17 82 12 52 3 18 0 11 18 84 5 19 19 73 8 53 4 60 2 82 15 83
0 41 10 38 13 87 12 2 9 8 17 5 18 35 8 46 1 19 19 89 4 50 5 51 14 45 3 89 16 94 7 24 6 37 2 41 15 61 11 41
4 53 16 17 18 1 11 71 14 89 3 80 7 85 2 46 12 35 8 35 0 98 1 99 9 85 17 67 5 36 6 65 19 10 15 34 13 18 10 86
17 42 13 41 8 3 12 88 4 78 9 82 18 10 10 74 1 65 11 29 16 54 19 2 0 36 2 11 3 29 7 22 15 78 14 68 6 10 5 37
13 35 3 56 15 20 19 50 1 41 10 21 12 39 4 67 14 48 5 61 9 64 11 36 8 80 2 63 6 87 7 25 16 39 17 89 0 29 18 72
18 74 12 36 6 13 5 74 2 15 4 29 19 31 8 11 9 28 15 89 11 49 0 34 7 18 1 53 17 91 10 5 3 58 14 90 16 24 13 30
13 99 14 38 0 83 9 14 18 60 7 60 17 51 19 21 2 43 5 27 15 35 6 30 1 7 11 70 10 13 16 24 12 80 4 99 3 61 8 73
7 3 9 6 16 13 2 56 5 97 14 41 0 46 19 88 15 69 8 26 4 49 1 80 18 38 10 17 13 30 11 9 12 36 3 55 6 56 17 38
6 89 2 1 14 98 10 10 0 7 8 51 7 16 17 23 5 9 4 38 9 59 13 53 18 95 19 25 16 50 1 75 12 92 11 44 3 81 15 40
