30 20
2 50 18 97 16 75 15 36 9 66 14 1 11 87 17 5 4 52 1 3 19 76 3 58 7 40 13 57 6 38 10 11 5 2 0 68 8 65 12 16
18 75 14 12 15 41 11 67 10 16 17 83 2 64 9 47 5 31 12 12 7 72 1 7 0 68 19 28 16 2 3 84 4 83 13 20 6 9 8 60
8 81 9 5 4 39 14 14 0 17 13 84 5 95 12 76 11 6 7 84 6 82 19 47 2 49 18 14 15 85 16 26 17 33 3 91 1 93 10 1
16 39 15 5 1 28 12 71 18 22 6 7 11 69 17 95 2 50 8 2 19 69 4 35 9 64 0 96 7 91 10 9 13 43 14 35 5 32 3 31
5 68 1 96 14 71 7 26 3 85 10 16 8 84 15 43 12 49 16 53 19 91 0 7 6 33 18 38 17 80 11 27 2 9 13 47 9 30 4 25
11 45 12 45 1 23 9 23 14 71 7 69 15 65 10 26 16 21 8 33 4 77 17 73 13 82 5 67 0 94 2 84 6 86 18 14 3 13 19 87
16 43 0 63 6 96 11 66 4 96 15 75 8 58 3 16 12 32 18 65 17 53 14 42 7 33 1 40 10 67 2 70 9 29 5 12 19 32 13 51
13 15 19 57 6 42 10 8 8 9 17 32 0 18 5 5 15 73 14 69 16 35 1 43 3 60 11 21 2 19 12 46 7 68 18 2 4 27 9 37
6 39 17 63 13 20 8 88 7 82 15 94 1 80 0 31 18 18 19 62 10 23 9 60 11 35 5 85 12 51 16 1 2 16 14 82 3 78 4 38
7 11 16 49 9 92 2 55 12 72 11 15 14 31 13 59 19 21 10 93 8 46 3 96 6 56 4 70 15 98 5 54 17 24 1 6 18 1 0 22
3 76 12 8 19 10 7 78 1 70 14 4 15 69 0 21 5 36 2 62 16 43 18 63 4 97 9 46 13 5 10 47 6 1 11 16 8 29 17 52
15 23 1 6 8 18 9 38 16 59 6 60 2 75 7 45 5 78 4 64 10 77 18 75 3 6 11 98 0 89 13 16 17 84 12 59 14 66 19 61
11 40 10 70 6 43 19 75 0 38 4 43 17 24 15 56 14 79 5 26 18 31 13 83 16 44 8 92 7 11 2 4 12 19 1 70 9 52 3 70
1 3 7 54 0 26 18 78 12 26 13 2 19 97 4 54 6 76 3 37 9 25 14 5 5 65 15 21 2 89 16 74 11 31 8 72 10 90 17 28
18 12 11 52 4 29 7 50 9 52 19 95 15 86 5 2 1 63 12 82 6 56 17 17 0 73 10 31 14 49 8 81 3 55 13 74 16 29 2 19
18 56 14 83 12 24 11 1 10 84 8 11 0 75 9 21 6 63 17 63 1 65 16 88 4 93 15 27 5 64 2 12 19 86 13 90 3 37 7 86
11 15 7 10 6 61 5 92 16 55 9 98 10 25 17 26 14 41 19 12 2 46 0 69 13 90 12 87 1 52 15 65 3 23 18 17 4 90 8 34
7 99 6 56 10 33 3 36 16 27 13 74 15 84 0 79 9 26 2 20 12 67 5 74 14 29 1 13 17 80 18 30 8 56 4 12 11 52 19 11
11 4 15 78 14 31 0 75 1 44 12 12 9 85 3 9 16 26 5 21 18 35 10 7 6 46 7 15 19 82 17 78 2 40 13 29 4 41 8 42
10 12 11 54 17 5 14 80 1 24 2 48 8 21 0 69 12 37 5 89 18 88 15 22 6 82 4 41 13 8 3 17 16 73 7 16 9 12 19 72
0 63 1 30 9 91 15 6 17 26 3 51 5 61 11 60 18 9 13 24 2 34 4 24 16 51 14 21 10 9 7 72 8 84 12 74 19 30 6 23
16 55 8 84 4 62 12 8 2 31 6 73 18 92 17 19 13 5 9 72 1 71 19 49 5 33 3 82 14 70 0 43 15 83 11 3 7 14 10 43
11 77 16 17 2 31 1 60 6 5 3 48 4 98 19 12 18 29 15 29 17 47 13 72 14 6 9 8 8 65 10 91 5 17 7 68 0 76 12 48
16 91 3 55 10 56 13 88 5 97 17 26 19 67 1 85 11 82 15 19 0 56 6 27 2 44 12 67 4 84 7 73 18 7 8 93 14 85 9 76
7 3 15 4 2 31 8 67 1 15 9 89 6 65 14 4 16 70 4 49 18 15 5 75 11 61 0 70 3 42 13 60 17 58 12 55 10 93 19 48
18 66 3 91 1 99 13 45 8 36 7 16 10 87 6 53 4 75 16 95 14 79 5 54 19 74 0 30 11 47 9 32 12 83 2 7 17 1 15 11
8 6 15 33 5 27 10 44 16 70 4 66 11 64 7 95 6 11 9 75 3 89 18 94 14 7 17 71 13 93 19 11 12 37 0 97 1 87 2 5
13 61 14 91 16 18 19 7 15 71 11 50 4 23 7 76 8 60 12 2 3 49 1 45 10 88 0 71 17 87 9 74 2 19 18 28 6 54 5 34
0 65 13 32 16 15 8 90 4 14 7 85 1 17 11 4 18 69 17 54 5 10 14 71 6 54 10 30 3 25 2 56 12 4 15 84 19 52 9 27
5 40 14 92 16 64 0 63 19 54 8 29 1 26 12 72 17 46 6 47 2 13 7 14 18 93 13 63 10 18 3 29 4 21 11 54 9 82 15 48
