30 20
6 96 18 94 5 52 7 29 3 21 9 71 10 26 19 19 14 55 8 92 0 84 12 30 1 34 2 48 15 90 13 75 16 24 11 66 17 91 4 1
17 88 13 41 10 71 16 31 1 19 15 73 5 62 9 94 4 47 8 10 11 29 2 9 3 11 12 91 18 7 14 99 6 79 19 18 7 31 0 93
17 69 16 51 2 42 10 26 18 16 6 51 8 54 12 83 7 3 0 1 5 9 11 22 3 52 15 96 9 30 19 44 14 40 4 86 13 20 1 36
15 86 18 63 19 6 14 6 0 3 16 46 8 53 6 25 3 18 5 88 12 17 2 22 7 21 4 27 9 86 13 34 11 58 1 77 10 87 17 40
12 21 18 63 9 71 4 41 16 35 14 71 6 51 3 58 2 28 17 20 1 8 10 40 13 22 19 23 8 1 15 73 11 7 7 46 5 29 0 84
5 7 1 57 13 99 6 45 9 52 0 34 10 34 11 82 16 4 18 18 7 71 15 97 4 67 14 29 12 8 2 61 17 48 8 37 19 39 3 94
17 92 1 6 13 57 15 47 3 99 7 91 0 82 18 17 8 4 6 94 10 92 2 38 12 58 4 20 14 59 9 3 5 82 11 93 16 73 19 52
0 51 17 80 15 9 16 95 18 64 12 93 11 74 14 77 6 87 2 24 13 34 5 63 10 81 4 77 1 1 7 16 3 63 19 26 8 57 9 45
8 45 0 31 9 93 13 85 5 28 12 50 17 38 14 43 4 5 11 59 7 38 3 24 19 40 18 20 1 75 10 19 15 88 2 2 16 53 6 43
6 70 4 66 2 60 17 54 13 69 8 42 12 22 16 9 3 79 0 94 19 46 5 94 18 5 1 13 10 22 11 69 14 3 7 40 9 10 15 29
6 87 13 81 14 24 8 49 11 59 17 73 12 22 1 83 19 38 15 21 4 73 16 48 9 86 0 86 2 53 10 4 5 10 18 4 3 76 7 42
12 59 5 5 9 74 7 7 17 13 3 13 6 44 14 83 13 37 1 15 18 97 19 65 0 64 10 18 2 99 4 50 11 16 8 84 15 98 16 4
2 98 11 79 17 50 0 86 13 96 4 50 10 53 3 70 14 79 1 20 6 76 12 50 8 72 19 59 5 57 16 49 18 50 9 9 15 84 7 71
1 21 6 67 7 15 16 21 4 55 8 96 14 30 18 31 17 93 9 34 13 78 11 22 5 67 0 75 12 78 15 84 10 6 3 16 2 63 19 22
16 89 4 53 7 7 3 25 15 6 18 93 11 72 1 97 19 27 10 72 0 90 6 2 5 97 8 89 12 39 14 97 13 95 2 68 9 79 17 51
9 61 3 91 18 91 7 25 11 35 1 44 0 70 8 51 14 72 5 20 12 27 6 30 4 39 15 93 16 36 2 69 17 27 19 22 13 87 10 43
17 91 13 56 10 46 4 20 12 8 7 80 16 48 9 30 2 67 3 33 5 77 6 55 19 63 8 35 15 64 11 89 18 26 0 32 1 54 14 20
4 81 13 81 14 25 9 20 3 55 1 25 6 18 0 39 17 17 19 46 12 74 2 90 18 4 8 90 16 73 11 44 10 8 7 80 5 14 15 89
5 13 10 21 11 51 13 57 14 65 4 9 19 66 17 24 1 27 8 3 3 57 18 59 2 22 16 51 9 35 15 36 12 37 6 51 7 29 0 60
19 92 17 19 1 55 9 11 2 92 11 55 10 52 8 44 18 81 0 79 13 75 5 27 15 46 6 13 14 10 4 51 3 18 16 31 12 93 7 26
4 35 6 87 3 93 14 32 8 87 5 88 12 87 7 65 2 24 13 27 10 27 9 34 15 4 11 74 0 62 18 54 16 4 17 67 1 80 19 86
14 8 16 29 5 8 3 11 13 41 12 32 1 93 17 26 11 41 15 7 7 15 9 14 8 52 2 15 19 48 6 82 18 45 0 17 4 10 10 37
14 44 6 56 10 56 19 61 17 72 16 27 2 94 1 64 7 2 18 9 12 81 13 19 11 60 4 26 5 73 3 42 9 69 8 15 15 54 0 94
18 49 9 49 6 90 17 85 11 34 10 9 16 31 3 92 13 53 5 86 8 14 0 93 2 42 19 54 14 96 12 38 7 20 15 88 4 37 1 55
11 48 12 96 1 5 14 18 13 82 18 44 16 53 8 49 0 99 17 93 5 62 7 67 15 11 9 74 4 25 10 97 19 86 3 67 2 39 6 48
14 80 15 66 5 14 12 50 6 62 13 66 10 25 11 43 16 29 1 55 2 60 4 50 19 18 7 50 17 1 8 62 3 88 9 95 18 84 0 18
15 12 14 12 6 80 8 67 19 97 10 18 7 20 4 64 3 74 0 32 9 66 17 5 11 96 5 39 1 20 2 99 12 75 18 38 13 90 16 75
9 76 16 49 18 43 1 50 14 56 6 8 2 40 10 58 12 86 19 3 3 4 13 47 0 80 5 78 7 93 15 84 11 5 17 87 4 82 8 6
17 57 3 33 9 34 19 2 7 86 11 95 13 3 8 5 1 71 14 37 18 39 6 4 2 26 12 24 4 14 0 19 16 15 10 39 15 19 5 33
0 20 4 75 7 84 10 15 17 35 5 74 12 29 9 73 2 13 16 62 6 86 14 4 3 70 8 54 13 84 11 64 1 31 19 66 15 77 18 66
