30 20
15 54 0 79 3 94 16 45 12 75 2 65 9 95 18 89 11 96 6 3 4 75 8 35 19 3 1 77 14 38 5 60 17 17 10 12 7 75 13 89
7 72 16 1 18 91 15 99 14 76 6 40 13 92 4 65 10 45 5 31 8 89 0 79 19 8 2 84 17 95 9 95 12 31 11 62 1 8 3 18
11 16 4 39 2 77 9 68 18 90 13 29 0 18 14 46 7 45 16 6 8 10 5 61 1 17 3 74 19 51 12 41 17 33 6 14 10 8 15 62
0 50 5 28 17 74 7 18 2 85 6 78 16 4 13 9 1 97 15 38 12 1 18 52 11 65 4 71 9 28 3 14 10 67 8 68 19 97 14 56
4 90 13 56 8 63 14 80 12 73 0 54 18 90 7 29 5 9 17 24 2 64 1 20 9 30 3 63 15 72 10 5 6 88 16 55 19 44 11 22
9 89 2 90 17 36 3 55 0 70 4 68 12 2 5 81 13 69 16 67 1 4 14 94 7 22 15 41 10 40 6 9 11 45 8 40 18 5 19 55
1 18 17 19 19 12 15 56 18 22 16 10 8 1 7 50 4 36 6 70 0 16 13 95 11 18 10 8 9 70 14 2 2 31 5 60 3 61 12 78
8 1 6 72 0 52 10 49 18 10 12 71 19 83 16 98 9 11 1 68 5 17 15 61 7 2 17 55 14 72 13 40 4 95 11 84 3 10 2 74
5 35 3 89 12 95 15 25 2 1 18 98 7 84 1 29 9 13 4 5 13 59 10 49 11 24 0 21 6 43 14 60 8 46 19 80 16 4 17 56
7 15 0 58 10 80 18 63 15 41 17 97 14 72 13 65 9 46 3 77 5 29 16 86 8 2 6 4 1 16 2 36 12 38 11 51 4 83 19 96
9 78 2 5 18 14 6 86 8 36 7 87 11 65 0 86 19 2 16 98 10 10 1 36 15 32 13 40 14 50 4 55 3 78 5 65 12 11 17 52
9 41 12 68 7 45 11 12 8 67 2 62 4 57 19 45 0 90 6 61 17 57 14 94 13 39 10 50 5 91 3 54 16 14 15 74 18 79 1 73
4 23 3 37 2 58 8 48 18 2 9 80 5 44 12 96 10 90 16 3 1 40 7 18 13 78 14 78 15 17 11 56 19 50 0 93 17 79 6 82
17 53 15 30 16 21 5 63 7 58 2 35 4 30 18 95 0 20 14 38 13 59 19 45 6 44 11 61 3 22 12 75 8 40 10 58 9 74 1 21
6 91 15 31 0 48 19 18 11 75 14 55 7 33 8 49 3 9 16 61 10 82 1 79 12 41 17 19 4 45 13 17 9 97 18 46 2 9 5 98
9 21 17 68 3 60 8 84 16 61 7 4 13 55 0 81 19 23 18 4 14 1 1 3 6 32 5 73 15 72 2 15 10 33 4 12 12 5 11 33
12 75 4 89 9 34 5 84 2 97 8 34 13 97 1 31 11 59 18 41 19 25 17 75 7 38 14 59 6 51 16 97 3 77 15 96 0 2 10 44
15 92 19 27 4 84 10 16 1 45 13 78 16 96 5 83 2 80 7 57 12 6 17 59 8 86 18 46 0 74 11 54 6 78 14 21 9 96 3 80
3 19 16 32 13 68 18 38 1 18 7 52 15 39 11 62 5 61 17 57 2 97 8 82 10 53 6 80 14 62 19 69 4 98 0 28 12 20 9 86
11 55 16 85 12 67 17 20 15 93 1 36 10 81 19 18 9 77 7 38 2 14 5 78 6 53 18 48 8 26 13 18 0 53 4 73 3 78 14 50
2 92 9 43 6 91 7 25 10 94 17 72 12 72 13 14 16 64 8 88 3 82 1 54 18 32 14 58 19 51 15 22 5 92 11 1 0 7 4 85
15 85 9 71 2 13 16 83 11 75 19 56 7 83 0 53 12 17 18 55 13 17 1 67 17 56 14 20 6 66 4 54 5 71 8 61 10 21 3 81
6 84 3 63 18 94 19 52 17 95 4 59 1 84 11 96 2 78 8 38 7 17 5 91 12 90 9 21 16 3 15 78 13 4 0 98 10 41 14 1
14 95 7 85 1 35 11 27 16 33 15 63 10 70 3 9 8 84 18 10 13 2 2 97 12 1 9 53 5 85 6 40 0 88 4 19 19 29 17 33
3 93 15 32 19 24 7 41 14 32 17 56 2 3 11 47 4 35 13 68 5 47 18 6 8 37 6 85 10 49 12 9 1 94 0 26 9 33 16 71
13 82 3 90 1 43 11 80 10 55 15 36 18 90 4 7 7 59 2 55 19 85 6 51 5 79 17 20 0 47 9 90 16 72 12 42 8 49 14 29
2 99 19 3 9 31 14 57 12 7 1 79 0 78 10 39 3 45 18 27 6 81 17 50 5 58 16 36 4 85 8 67 7 77 13 89 11 81 15 34
11 7 12 71 6 89 16 40 13 86 18 86 17 69 5 35 19 25 10 33 9 97 2 2 15 71 8 9 4 29 0 10 14 86 1 86 3 19 7 60
7 21 16 83 1 10 13 61 4 98 17 88 2 74 3 92 5 46 18 17 11 92 6 34 12 29 19 88 14 45 8 82 9 86 15 50 10 45 0 24
0 11 3 42 10 5 18 25 12 37 7 7 9 75 2 29 16 55 14 35 13 32 8 97 11 98 1 51 15 58 4 81 6 24 19 45 17 42 5 85
