30 20
19 63 13 12 8 76 10 39 16 73 2 92 14 92 7 10 4 91 11 31 5 14 12 67 15 73 0 63 3 3 9 29 18 15 1 72 6 88 17 1
10 40 5 61 18 33 4 44 3 56 15 83 17 17 2 93 0 4 19 39 14 80 6 43 11 53 9 77 7 92 1 67 8 34 16 36 13 65 12 75
9 76 1 27 15 4 5 12 14 73 2 23 19 14 4 52 16 19 18 94 12 21 3 93 11 10 7 84 17 91 0 24 8 55 13 97 6 65 10 57
12 6 3 87 7 43 15 73 18 10 11 69 0 87 4 20 9 11 14 54 16 37 5 98 13 15 17 19 19 38 2 29 6 43 8 69 1 17 10 47
12 82 17 55 14 56 11 95 10 17 4 96 5 50 2 92 3 51 6 62 7 91 9 3 16 10 15 35 1 22 19 92 13 96 18 84 8 92 0 4
19 93 2 16 4 96 16 56 12 53 13 27 7 20 1 52 18 95 10 55 0 77 8 32 17 14 15 30 6 59 5 64 11 2 9 72 3 1 14 66
19 65 11 68 1 58 8 51 6 72 10 69 18 12 16 83 14 25 2 54 12 87 4 2 7 26 13 49 0 79 9 9 17 64 15 93 3 59 5 1
15 41 19 67 8 95 12 65 9 10 10 22 3 92 11 99 16 65 1 45 14 14 18 39 4 28 17 99 7 83 0 42 5 67 13 79 2 89 6 84
18 59 1 1 8 91 14 86 17 92 10 14 16 5 15 63 2 51 12 86 4 83 5 61 3 90 11 76 9 88 13 47 0 74 7 41 19 79 6 66
11 5 18 7 15 2 6 86 4 49 2 40 19 95 12 87 16 89 8 24 10 59 3 76 1 55 17 57 5 34 0 61 14 17 7 34 13 99 9 34
2 23 18 50 12 72 9 27 19 10 1 14 16 32 14 20 10 93 5 95 15 34 8 71 6 81 4 21 0 63 7 2 13 69 17 41 3 66 11 45
1 29 4 16 13 37 0 15 11 3 5 73 10 66 12 37 19 77 6 22 9 23 3 29 8 59 7 65 14 2 2 98 15 55 18 17 17 4 16 48
5 87 3 43 10 26 8 18 12 33 6 91 9 5 19 28 11 55 7 9 13 84 2 18 18 46 16 23 14 31 4 7 17 86 15 32 0 98 1 71
17 94 4 38 0 1 5 59 9 43 16 3 8 47 10 10 15 42 14 15 1 39 19 94 11 68 3 94 18 54 12 53 2 1 6 39 7 37 13 42
8 81 15 21 4 23 17 72 10 33 12 80 3 28 2 29 5 27 6 68 13 56 16 60 11 11 1 72 19 68 14 8 18 20 0 27 9 64 7 48
5 35 3 96 2 67 18 40 1 25 4 65 10 60 12 8 6 97 16 77 19 99 17 73 9 26 14 12 7 49 15 11 0 73 13 5 11 60 8 94
7 24 19 15 12 20 18 35 3 88 5 11 1 4 2 48 0 92 11 21 16 6 6 17 17 67 10 88 4 9 9 67 15 4 8 8 14 28 13 78
3 86 5 5 19 51 0 62 4 46 13 7 17 69 10 92 16 9 11 22 6 12 9 29 2 1 14 85 1 10 15 16 12 49 7 83 18 81 8 65
13 18 12 3 3 45 14 64 2 44 18 26 17 46 9 55 7 85 19 57 5 49 15 49 16 30 4 57 6 74 8 71 11 14 10 27 0 38 1 61
16 61 6 91 7 47 8 68 5 87 11 49 15 64 4 35 19 91 1 94 10 69 17 79 0 86 14 53 18 28 12 96 13 49 9 59 3 72 2 95
2 4 12 96 10 81 7 93 17 98 19 59 6 77 14 5 8 6 5 75 4 22 13 23 15 88 16 21 3 58 0 19 11 28 1 25 18 56 9 22
17 64 12 7 13 36 18 71 14 80 2 39 10 58 4 98 7 39 15 56 11 31 1 14 16 39 9 55 8 43 3 73 19 35 5 27 6 27 0 30
2 93 14 89 15 15 16 37 9 81 10 27 13 43 7 26 12 56 18 33 0 33 3 71 19 68 11 62 5 18 4 87 6 21 8 53 17 31 1 88
16 90 11 75 7 17 12 57 17 86 19 92 2 74 10 95 3 11 18 69 5 49 4 83 1 17 14 83 8 53 0 83 9 34 15 25 6 30 13 70
13 7 19 34 12 69 11 75 7 39 4 52 10 69 9 89 5 76 18 93 16 55 1 66 6 73 3 25 2 60 17 17 14 33 0 17 8 10 15 30
10 40 13 77 15 58 6 66 9 73 11 94 18 41 0 9 2 65 12 60 8 23 16 3 3 16 5 83 19 75 7 65 14 82 4 96 17 52 1 14
1 46 3 91 15 11 4 80 16 10 11 40 12 41 0 58 17 10 10 70 5 21 14 95 2 41 7 15 19 58 6 76 9 98 13 24 18 31 8 44
17 25 7 61 19 14 14 39 11 75 4 76 13 23 18 70 2 54 6 16 1 96 9 62 0 76 8 78 12 41 15 38 16 82 5 55 3 24 10 29
1 39 14 56 17 93 7 61 18 48 3 86 8 26 9 98 4 4 5 51 11 92 13 47 0 74 12 23 6 90 10 29 19 93 15 41 16 63 2 21
4 82 3 29 15 23 5 46 17 7 7 31 18 38 2 34 12 48 6 67 0 65 11 18 13 94 14 21 8 49 9 66 1 6 19 96 10 40 16 85
