30 20
13 38 9 41 8 40 4 94 11 98 0 92 19 59 10 71 15 41 17 2 3 59 18 79 2 11 16 90 12 54 5 52 1 85 14 20 6 96 7 18
4 19 3 21 0 44 8 98 9 55 5 64 2 84 14 52 18 57 6 12 12 30 11 91 17 74 7 33 1 60 19 79 16 6 15 90 10 28 13 21
15 66 5 44 13 64 10 69 4 18 19 99 3 16 0 24 7 38 17 76 9 16 12 48 14 92 2 42 18 88 11 60 16 81 1 12 8 40 6 32
7 70 1 60 11 55 9 16 13 96 17 85 10 23 12 81 2 8 15 20 6 83 19 76 18 42 4 35 5 47 8 79 16 71 14 56 3 19 0 9
4 70 1 38 8 33 9 91 15 19 19 13 6 10 16 97 11 10 2 33 5 46 18 80 12 12 17 36 0 60 13 64 10 82 3 6 14 42 7 88
14 90 0 30 17 82 1 76 15 84 19 66 8 92 9 2 2 19 13 9 7 58 6 7 11 38 3 32 12 20 18 72 16 14 4 51 5 86 10 99
6 66 1 3 14 74 5 54 3 4 8 80 10 83 4 27 13 68 17 4 11 45 2 54 15 1 7 60 18 18 16 7 0 46 19 19 12 81 9 99
5 18 12 81 10 24 9 22 7 69 8 28 19 89 11 50 17 17 2 66 13 45 14 79 18 63 0 86 16 84 3 35 15 87 4 81 6 47 1 61
15 20 17 9 12 91 16 96 18 87 6 60 7 56 1 58 4 34 10 32 13 29 19 80 11 13 5 21 14 70 9 62 8 5 2 77 0 60 3 67
6 79 17 74 13 45 3 60 2 28 15 91 8 69 4 92 19 36 0 20 9 69 12 50 11 14 16 42 7 35 1 71 10 84 18 3 5 26 14 46
17 3 13 24 0 34 5 23 1 89 8 72 14 2 10 56 3 14 9 43 15 14 19 13 16 46 11 10 7 85 18 37 2 18 12 11 6 45 4 1
2 74 15 48 19 82 14 40 18 28 9 33 12 29 11 56 6 82 3 28 1 2 5 21 7 4 13 89 16 84 8 11 0 38 4 34 17 38 10 36
17 70 1 65 2 93 13 17 0 98 15 11 14 8 19 36 11 41 9 32 6 77 4 60 8 58 12 52 3 86 16 80 18 69 10 32 5 6 7 7
3 89 11 88 0 70 8 59 7 39 1 55 5 95 4 97 6 6 10 63 17 6 19 42 13 37 2 48 16 6 18 97 15 29 12 45 14 37 9 25
8 4 13 23 14 13 10 82 18 77 1 32 4 44 6 88 2 27 5 38 7 27 19 23 9 68 16 6 15 67 17 14 12 70 0 92 11 65 3 21
10 83 14 51 2 83 0 63 15 45 17 34 12 60 9 23 3 22 6 3 16 25 13 56 11 52 1 1 8 87 4 88 18 40 5 1 19 31 7 91
7 37 13 99 3 44 10 58 2 93 0 97 9 3 17 2 11 99 15 57 5 88 6 48 4 16 16 3 14 47 8 92 12 82 19 18 1 34 18 24
16 96 4 14 11 8 1 28 18 50 8 37 13 26 10 82 14 6 15 91 5 26 19 77 12 4 6 28 3 16 2 86 7 16 0 45 17 68 9 7
7 76 12 58 19 59 13 94 5 30 2 90 0 75 4 93 6 40 16 29 9 63 14 69 8 59 1 31 15 53 18 97 10 78 3 36 17 14 11 47
2 78 16 49 17 60 4 37 15 36 9 8 7 71 13 87 11 98 12 73 14 47 8 36 19 6 10 19 3 81 5 12 1 65 0 85 6 65 18 90
3 35 8 13 17 88 9 5 6 81 0 41 10 34 12 93 1 71 15 56 2 24 18 31 16 95 14 59 7 96 13 35 19 45 5 99 11 2 4 4
10 81 17 17 6 88 9 72 7 98 8 99 13 66 11 95 2 4 14 94 19 24 15 14 5 15 12 64 1 58 18 38 0 48 16 35 4 93 3 31
5 23 7 97 13 54 2 28 18 76 14 54 11 19 16 42 6 11 10 7 8 92 17 50 4 96 3 89 1 83 0 16 12 73 15 22 9 17 19 55
19 18 18 36 16 31 12 22 11 30 1 92 6 95 2 52 15 90 4 50 10 14 7 75 8 88 3 46 14 18 0 70 5 43 13 19 9 85 17 31
18 98 17 56 8 17 4 9 10 13 0 3 3 26 5 22 2 70 9 48 16 99 1 66 19 25 12 78 11 39 6 34 14 47 15 41 13 77 7 61
9 81 10 42 12 42 4 55 13 35 16 88 8 73 1 47 7 57 18 68 19 74 11 80 3 32 6 32 5 14 17 72 15 66 2 69 0 81 14 10
16 10 5 74 2 8 0 39 10 72 14 24 13 80 1 19 19 78 17 58 11 13 3 38 12 43 8 2 9 4 15 15 6 32 7 83 4 42 18 39
5 87 12 13 7 18 16 7 6 44 9 27 15 39 19 24 0 19 1 84 3 44 18 88 13 64 11 43 10 68 17 83 8 1 2 8 4 32 14 54
19 54 18 41 15 92 16 38 0 63 14 73 6 55 8 55 1 55 2 93 4 99 7 8 3 56 13 2 11 67 17 19 5 45 12 71 10 8 9 45
14 61 9 46 5 12 13 97 15 75 12 83 17 84 19 73 7 59 18 58 8 24 0 74 10 12 4 14 3 73 1 66 11 10 2 35 16 70 6 74
