30 20
8 55 16 67 9 35 6 40 11 11 3 52 7 10 1 40 0 38 5 41 10 90 12 22 15 33 17 83 13 75 2 52 18 35 19 62 4 26 14 63
14 40 5 10 1 74 3 54 12 7 7 91 18 34 8 81 19 90 17 47 2 56 15 96 4 70 0 54 10 92 16 36 9 94 11 51 6 1 13 88
17 28 19 94 13 7 11 47 18 46 15 80 12 3 14 13 3 81 2 57 5 96 1 76 9 36 16 5 4 58 8 2 0 28 10 86 6 76 7 88
15 13 7 95 5 11 13 39 9 4 14 68 1 12 2 53 0 86 4 88 3 2 8 3 6 73 10 47 18 87 17 31 16 52 12 6 19 6 11 6
16 95 13 62 0 95 9 5 4 81 19 6 7 30 8 3 2 11 12 53 14 72 5 76 10 52 15 98 17 31 6 90 1 92 11 6 18 84 3 63
10 69 3 40 5 62 13 46 15 73 4 8 0 88 8 2 17 28 16 16 7 81 2 31 18 2 19 28 6 25 1 4 9 26 11 20 14 60 12 26
7 74 17 38 0 57 13 66 6 5 5 49 11 76 9 67 1 64 14 10 3 33 19 6 10 22 4 77 18 16 2 18 8 1 12 99 15 94 16 17
2 70 4 95 3 59 15 17 11 14 12 89 10 42 13 70 5 91 0 47 6 92 1 89 18 23 14 89 16 67 17 32 8 10 7 61 19 99 9 11
7 79 10 44 12 2 5 34 8 95 11 19 19 19 6 4 13 23 9 27 3 34 18 39 15 33 17 35 0 28 2 56 14 12 16 76 1 22 4 69
16 63 19 57 11 26 18 99 10 4 9 1 6 97 0 31 15 33 1 72 12 2 3 13 8 16 4 23 17 14 13 49 14 83 2 3 5 92 7 75
6 5 12 63 8 36 14 87 0 80 1 33 11 76 3 22 16 63 18 21 13 92 4 21 19 76 5 34 10 80 2 24 9 72 17 9 7 71 15 66
17 78 0 56 19 73 1 39 13 1 5 31 9 51 10 2 4 97 11 6 14 44 12 78 8 16 3 82 15 59 2 5 18 14 6 90 7 67 16 30
17 40 10 18 11 76 8 99 7 29 9 33 14 45 2 56 3 36 18 64 6 95 1 40 16 6 0 71 5 99 19 74 15 23 12 13 4 52 13 97
11 62 10 28 19 98 6 84 15 67 2 38 18 86 9 83 16 32 0 50 14 41 7 61 17 9 5 71 12 66 3 74 8 21 4 50 1 8 13 32
6 58 8 29 16 15 12 17 9 39 7 63 5 26 1 38 14 95 18 78 4 82 17 90 15 4 13 95 3 43 2 29 10 14 19 72 0 26 11 82
6 23 18 80 15 64 3 50 11 1 12 33 14 67 13 67 4 94 16 47 8 22 10 69 0 77 19 87 17 28 1 83 2 66 9 3 7 30 5 81
4 46 14 8 6 33 3 21 2 68 10 72 15 39 5 46 17 26 9 17 1 67 7 25 19 27 8 94 12 73 16 63 11 42 18 59 0 4 13 1
10 21 8 12 1 33 16 94 4 18 15 87 13 42 3 10 7 59 0 15 12 10 6 1 9 3 14 41 11 86 19 31 17 64 18 30 2 83 5 17
5 47 13 90 17 13 6 99 19 48 3 10 18 90 16 10 7 56 10 16 4 92 2 33 9 66 11 40 14 35 8 64 1 81 0 21 15 11 12 29
4 26 13 21 3 80 7 82 11 97 14 20 18 6 10 46 15 13 1 22 2 26 12 67 0 21 16 55 5 35 6 95 8 77 19 93 9 96 17 50
6 72 2 29 13 34 8 99 11 71 16 17 5 67 14 58 12 6 10 12 3 85 0 14 15 55 4 28 1 30 9 27 19 22 7 30 17 79 18 75
11 12 16 56 9 38 2 48 6 71 7 8 12 43 4 22 14 89 15 98 1 11 8 82 18 29 5 14 13 64 3 21 19 96 0 32 10 84 17 62
15 70 11 25 9 57 3 95 2 50 13 76 12 51 16 14 17 35 1 36 7 11 4 74 8 5 19 46 18 53 10 48 5 94 6 66 14 71 0 5
9 61 6 37 7 43 4 89 0 87 18 15 13 24 2 94 19 8 10 58 1 65 16 97 3 22 11 73 5 67 8 58 17 22 12 56 15 46 14 3
3 51 15 3 17 40 10 20 4 10 19 69 18 97 7 4 0 79 16 92 8 34 2 63 12 40 5 47 11 26 13 25 6 8 14 29 1 78 9 55
2 64 18 59 4 78 7 54 19 56 16 12 6 2 13 67 17 78 3 39 12 43 1 88 15 77 5 57 14 20 0 60 10 61 9 79 11 97 8 41
0 15 9 65 5 19 15 9 3 79 2 14 14 11 19 59 12 34 6 70 17 16 11 81 18 55 16 67 8 93 1 81 10 69 4 62 7 91 13 64
11 91 12 3 6 61 14 30 8 25 16 7 17 54 18 88 4 59 9 10 1 63 13 45 15 51 2 41 7 76 10 42 19 5 0 8 3 6 5 36
0 62 6 43 13 94 7 5 15 81 3 44 17 54 2 69 18 8 8 6 11 56 4 6 10 20 1 52 5 66 16 39 19 18 9 18 12 76 14 56
15 97 11 50 14 49 6 92 12 76 7 39 8 84 9 10 19 9 17 17 5 46 3 10 18 60 10 33 2 78 4 66 13 15 16 89 0 39 1 35
