30 20
9 12 0 86 10 34 11 12 15 2 17 94 6 77 1 16 8 80 3 57 12 3 4 13 18 53 7 70 16 43 19 15 13 40 14 85 5 8 2 64
3 70 10 36 0 84 15 27 17 76 8 5 14 51 2 66 5 69 1 11 18 76 12 4 13 20 11 8 9 97 16 50 7 54 4 47 19 63 6 22
7 40 19 54 16 85 10 92 15 71 4 58 1 46 14 52 18 57 6 92 17 99 9 88 3 72 0 3 12 43 5 76 13 40 2 66 11 85 8 48
1 22 15 61 9 29 2 22 16 60 13 38 0 55 3 93 17 92 7 50 10 21 6 81 14 32 11 68 8 12 19 65 12 46 18 88 5 18 4 5
13 14 1 46 4 57 8 11 2 36 14 84 6 58 18 89 5 64 12 61 10 30 17 42 19 30 0 65 9 19 11 81 3 95 15 27 16 44 7 74
11 65 16 40 6 94 8 21 18 87 2 44 10 45 19 34 17 67 12 19 14 21 0 84 5 65 13 56 1 78 15 23 4 53 7 82 9 34 3 26
8 65 5 12 19 2 1 62 18 67 14 50 4 21 15 30 7 63 6 83 0 67 17 67 3 93 16 83 13 27 9 32 11 61 2 74 12 45 10 52
10 55 3 90 2 5 8 4 0 40 6 67 7 63 13 25 1 69 14 45 12 34 15 43 9 95 11 36 19 42 18 26 5 19 4 63 17 80 16 62
12 33 1 90 3 87 5 28 7 78 10 44 17 50 18 28 19 20 6 14 15 7 9 5 16 57 0 62 4 7 13 78 14 57 8 59 2 3 11 48
10 70 12 81 9 1 4 44 11 19 8 51 3 35 1 33 7 89 2 24 19 52 0 38 16 36 5 45 17 34 14 31 18 36 13 95 15 93 6 37
1 23 9 73 16 65 4 69 0 50 14 70 19 59 6 72 17 2 11 13 2 36 18 13 15 51 8 94 5 8 7 91 13 32 10 38 12 53 3 58
7 74 3 14 4 75 0 17 13 40 14 43 11 16 17 38 2 94 18 63 5 85 8 73 1 88 9 27 16 52 10 19 12 34 19 28 15 81 6 37
14 10 11 20 0 2 16 78 6 25 8 81 12 16 9 86 1 81 4 53 15 9 13 41 19 43 2 45 7 91 10 65 17 73 18 85 5 96 3 32
16 63 11 40 0 56 12 75 3 61 18 98 17 11 15 24 19 41 7 33 10 61 6 77 2 90 1 89 4 19 9 30 8 83 14 96 13 79 5 87
13 19 9 15 8 85 10 37 17 42 0 92 16 4 2 51 5 72 1 31 19 88 15 88 4 77 12 60 6 72 7 78 18 32 14 30 11 23 3 13
19 27 7 76 16 58 8 48 17 78 5 2 0 8 3 18 11 36 15 93 10 67 14 22 4 30 18 75 9 9 6 74 12 57 2 9 13 47 1 12
0 89 6 57 3 39 18 67 4 68 8 46 19 52 10 52 16 56 15 61 14 98 1 56 7 9 11 85 9 49 17 60 12 9 2 17 13 16 5 98
15 89 17 81 14 6 16 52 3 54 2 49 0 25 5 58 12 41 1 34 10 51 19 8 4 24 6 93 11 78 8 80 13 52 7 88 9 10 18 15
2 45 18 23 13 89 17 66 15 97 10 38 12 15 7 93 4 37 16 35 9 33 1 88 5 68 8 97 19 69 14 48 6 47 0 22 11 3 3 87
5 7 0 75 17 9 11 39 3 63 1 11 18 83 7 73 15 59 19 14 6 13 14 25 16 24 9 54 10 1 13 95 4 81 12 31 2 79 8 88
0 41 14 30 17 51 1 13 12 18 2 47 11 84 6 90 13 26 16 67 5 78 4 59 15 28 18 55 3 18 9 94 10 80 7 71 19 72 8 59
7 53 11 19 1 41 8 75 4 63 6 72 17 47 19 32 18 90 9 65 3 48 5 51 13 79 15 34 0 38 10 73 14 43 2 71 12 51 16 90
18 86 3 67 14 58 7 38 5 57 4 50 12 94 11 36 17 18 2 2 1 37 16 6 15 47 6 57 19 73 10 62 13 99 9 17 0 68 8 68
0 91 12 3 3 62 16 23 6 88 8 24 2 35 1 58 7 51 18 17 11 59 14 67 9 31 15 5 17 35 5 82 4 74 10 6 13 46 19 22
0 62 14 99 16 47 11 30 10 68 17 85 5 34 7 80 1 18 12 24 4 40 6 72 18 17 13 95 2 45 8 26 3 56 19 44 15 21 9 97
6 91 11 38 16 43 1 49 17 99 14 4 8 23 2 54 18 42 19 9 15 47 7 8 10 3 5 37 4 58 3 70 9 77 0 86 13 74 12 7
5 47 13 41 8 68 11 72 4 3 15 93 9 37 19 72 6 70 0 43 2 28 14 85 17 46 3 46 16 76 12 27 1 12 18 83 7 58 10 39
14 71 15 33 12 33 1 94 2 31 19 48 7 40 4 8 3 45 16 79 8 34 10 9 6 42 5 5 9 65 11 75 0 97 17 93 18 65 13 45
2 8 17 21 11 70 10 93 9 29 1 90 15 9 12 89 19 39 8 28 18 35 4 15 3 25 13 10 16 16 6 36 5 54 14 89 0 74 7 48
18 42 4 23 14 52 9 31 8 27 17 77 5 93 16 84 12 12 13 19 7 98 2 2 19 74 0 27 11 51 15 15 3 64 6 35 1 47 10 18
