50 15
8 28 1 42 3 82 4 48 9 64 14 72 7 22 5 47 2 5 12 49 0 49 13 8 10 33 11 31 6 96
6 98 8 4 2 81 1 78 9 52 7 68 4 78 0 44 10 33 11 22 5 94 12 80 3 19 14 15 13 50
6 11 0 53 4 2 10 33 7 63 11 53 2 77 14 60 5 25 13 48 8 8 1 78 3 42 9 59 12 1
3 52 11 37 6 22 14 98 10 72 2 57 5 76 0 1 12 99 7 29 13 24 9 44 4 53 8 56 1 96
14 35 0 40 9 1 12 58 1 71 11 4 13 54 7 54 6 93 8 54 3 94 2 11 10 85 4 23 5 27
4 24 6 38 3 87 5 6 12 69 10 87 11 59 2 96 8 79 7 3 1 5 13 90 14 57 9 13 0 10
3 8 8 84 9 70 2 20 11 15 4 9 1 92 10 59 5 27 14 18 7 46 13 57 12 80 0 58 6 79
1 70 8 19 4 51 7 90 9 72 5 51 14 41 6 62 11 56 12 5 2 79 13 31 3 23 10 93 0 53
9 41 0 83 12 10 13 99 6 87 10 32 14 41 1 67 7 70 5 24 4 29 2 8 8 48 11 26 3 42
3 96 12 19 10 70 9 44 0 82 7 23 14 50 4 59 1 30 13 21 5 74 11 29 2 33 8 48 6 33
7 51 10 90 9 50 3 28 0 83 8 26 11 38 2 36 1 41 6 77 4 26 12 67 5 57 14 23 13 96
9 11 12 51 3 61 11 86 0 12 2 69 8 41 4 92 5 2 6 27 14 38 1 87 13 38 10 22 7 67
11 13 14 34 4 46 0 37 9 4 3 34 6 73 1 54 8 24 5 47 7 90 12 10 10 82 2 15 13 48
10 60 6 86 7 45 0 46 14 3 4 68 12 57 5 59 3 11 13 32 1 55 8 7 9 8 11 93 2 57
3 14 12 49 13 63 6 82 9 31 7 19 4 23 1 90 11 16 10 79 0 94 14 30 8 85 5 96 2 25
0 89 5 57 2 15 3 84 12 79 7 84 11 80 9 4 4 3 13 47 8 19 6 20 1 60 10 76 14 40
0 2 8 31 1 36 2 83 10 79 5 72 13 98 7 88 9 6 4 57 11 80 6 9 12 99 14 49 3 99
11 87 2 3 8 66 13 69 0 12 4 91 6 95 12 67 7 82 1 60 9 34 5 61 14 93 3 34 10 77
13 39 7 76 6 69 8 34 9 8 1 59 5 43 10 77 12 90 11 93 14 36 4 58 0 64 3 89 2 59
13 72 5 16 8 71 7 68 4 34 11 88 12 54 2 22 10 77 6 46 14 98 9 85 3 34 0 7 1 11
1 73 8 17 14 11 6 13 4 28 9 36 11 53 7 74 13 50 0 45 10 35 5 25 3 19 12 54 2 24
0 97 10 11 2 40 13 7 9 25 6 19 14 29 3 42 12 12 11 91 5 76 1 95 7 1 4 93 8 88
4 38 3 87 12 55 10 81 5 41 1 11 2 78 0 23 13 39 11 10 14 53 6 65 7 11 8 79 9 15
11 92 13 74 9 25 0 76 4 32 7 77 1 20 6 95 12 18 3 53 8 13 2 27 5 35 10 20 14 54
8 40 5 37 4 93 6 25 11 58 14 48 10 86 2 78 0 70 7 13 1 7 3 80 12 82 13 16 9 33
9 41 10 97 3 9 0 13 14 34 5 93 11 92 12 65 7 82 13 32 1 55 4 94 6 78 8 20 2 9
0 86 9 80 2 55 14 65 4 95 1 62 5 64 10 90 6 52 13 69 8 39 7 11 3 65 12 23 11 98
3 11 10 46 6 82 7 76 4 93 2 23 11 39 0 12 5 60 1 2 8 91 14 55 12 3 13 90 9 70
10 37 0 26 6 97 13 83 8 28 12 95 1 42 14 59 3 44 11 28 4 13 9 74 2 39 7 22 5 72
12 83 9 94 2 96 1 9 0 39 4 39 6 18 5 89 14 12 11 2 13 46 3 84 7 87 10 8 8 66
5 71 9 21 4 10 11 39 14 9 6 8 3 17 1 92 13 76 12 24 7 25 0 97 2 29 8 92 10 15
2 96 8 14 1 22 10 43 13 26 12 30 6 77 0 5 7 7 4 75 14 82 5 37 9 93 3 82 11 65
7 64 4 36 5 91 2 20 8 17 3 1 13 96 1 22 14 8 10 13 9 47 12 72 11 65 0 18 6 75
6 63 12 63 4 52 9 83 8 40 10 22 5 9 0 62 11 84 3 43 14 29 2 80 1 69 7 52 13 23
6 91 0 33 2 53 11 58 14 70 4 42 3 64 10 88 1 18 8 27 12 80 7 38 13 27 9 27 5 84
2 77 0 55 1 52 7 68 11 39 5 76 9 10 14 13 6 61 12 31 3 55 13 50 10 83 4 79 8 50
9 59 0 72 3 35 8 5 12 49 2 84 10 93 5 90 13 96 14 69 6 16 7 91 1 28 4 87 11 43
11 24 7 21 10 85 1 9 6 37 2 23 8 84 13 66 4 73 0 85 9 68 12 14 5 60 14 50 3 1
5 64 2 1 1 28 13 43 10 38 9 10 8 14 4 73 6 88 14 65 11 82 0 45 7 92 12 26 3 5
5 11 1 3 6 17 2 8 11 23 9 97 13 2 3 16 7 89 12 91 4 68 14 71 8 19 0 60 10 17
5 42 11 60 8 26 1 23 12 2 3 17 9 72 7 67 4 97 14 8 6 32 10 22 13 28 2 92 0 23
12 9 13 84 6 54 5 24 4 89 9 92 14 59 1 4 0 70 11 80 8 57 3 68 7 9 2 24 10 1
10 96 11 74 13 63 8 57 6 96 7 6 4 73 14 15 3 45 9 81 5 34 2 72 12 16 0 69 1 8
8 49 7 73 1 26 4 41 6 87 9 80 3 9 13 42 11 47 12 37 14 37 0 60 5 35 2 3 10 42
0 89 13 33 9 50 5 43 4 49 2 76 12 42 14 95 7 52 3 81 11 53 6 35 1 78 8 93 10 44
9 93 8 78 0 59 4 64 13 50 10 89 5 19 6 95 3 86 7 22 12 36 1 71 2 7 11 88 14 34
3 70 13 14 6 96 10 26 1 21 8 93 14 58 12 3 0 71 9 90 5 54 2 40 11 29 7 71 4 49
9 80 0 18 3 34 13 6 10 69 6 87 1 54 12 61 14 89 2 16 8 71 4 72 5 4 11 43 7 46
13 71 11 44 9 19 6 71 4 48 7 91 0 62 14 76 12 97 5 70 1 48 10 91 2 40 8 71 3 89
8 35 1 49 9 38 7 68 14 13 0 81 12 96 11 11 10 82 13 88 3 30 6 35 2 45 4 57 5 10
