50 20
3 8 9 24 0 94 15 72 2 10 11 79 19 44 4 88 17 36 7 65 6 26 14 47 10 3 16 47 18 64 13 79 12 78 1 74 8 83 5 83
11 85 19 63 7 30 3 38 15 65 2 25 14 65 1 72 18 66 16 87 13 15 4 49 5 23 8 55 12 90 0 28 17 53 9 22 10 50 6 15
16 99 12 65 15 50 13 36 1 95 2 75 17 12 7 96 11 80 19 69 3 29 18 96 14 89 9 81 4 91 8 36 6 85 10 58 5 21 0 1
2 9 8 63 4 40 0 77 15 86 7 11 5 47 16 96 13 60 11 43 6 33 14 26 18 3 12 64 17 74 10 39 19 19 1 64 9 46 3 93
18 76 3 99 17 48 14 27 1 82 4 34 8 84 5 21 0 35 2 11 15 52 16 25 9 30 19 93 6 91 13 35 11 17 7 47 12 95 10 30
8 62 0 98 18 78 16 16 9 5 2 81 7 12 6 18 3 8 17 50 11 80 19 25 14 45 12 75 13 33 10 94 15 99 4 50 1 17 5 58
16 30 15 8 14 73 19 73 7 81 12 38 5 23 13 27 18 22 4 22 9 9 17 49 2 84 3 60 1 58 6 61 10 26 11 60 8 54 0 89
11 12 19 16 2 54 14 30 15 31 10 77 13 98 16 57 7 10 3 25 8 75 5 54 4 45 12 7 0 88 1 16 18 96 6 9 17 86 9 91
16 6 7 11 5 64 14 30 19 77 1 52 10 85 17 42 13 16 2 97 9 80 4 43 6 29 0 78 12 53 8 1 15 68 11 44 3 36 18 87
2 67 7 95 10 61 13 55 6 68 15 49 9 39 3 31 16 27 18 71 14 33 19 17 12 30 4 67 11 82 8 82 17 68 1 61 5 64 0 36
12 9 15 60 3 8 8 78 19 72 1 89 13 79 4 39 17 70 5 15 10 23 9 67 16 33 7 57 18 64 11 84 2 22 14 11 0 39 6 8
6 91 2 27 12 39 15 11 19 72 8 82 7 80 13 68 14 22 4 45 16 70 1 83 18 9 0 24 10 50 5 58 17 45 11 8 3 49 9 26
6 74 19 76 8 81 7 26 9 87 3 14 15 81 1 74 5 4 16 46 12 17 13 22 18 45 2 46 4 33 10 39 17 66 0 29 11 20 14 90
7 19 12 35 11 25 6 8 17 86 14 48 13 48 0 70 16 14 4 24 3 24 18 9 1 79 8 39 10 34 9 24 2 85 5 15 19 87 15 72
0 50 5 87 17 81 18 32 2 39 10 57 1 26 4 49 7 14 12 50 11 31 9 16 16 79 8 53 6 41 3 31 14 49 13 75 19 91 15 20
11 70 8 24 2 1 12 84 13 32 3 28 17 39 6 71 10 10 19 86 14 20 16 35 7 91 15 55 4 67 5 37 0 27 9 42 1 11 18 43
14 62 5 60 8 75 1 67 15 30 17 16 16 26 11 86 13 90 12 70 2 45 6 53 19 77 10 82 18 76 7 77 4 68 0 28 3 97 9 99
14 72 18 19 3 40 17 87 9 86 0 60 4 6 7 38 10 69 8 77 11 26 2 99 16 83 15 32 19 66 12 33 5 48 6 61 1 73 13 31
15 99 11 42 3 4 6 82 9 89 13 70 5 65 14 11 18 47 12 60 8 98 1 66 4 81 7 63 17 99 19 26 2 7 0 55 16 30 10 96
10 80 9 90 16 3 11 16 5 69 18 12 17 58 0 83 3 40 7 26 8 6 19 95 15 98 13 58 14 62 12 42 6 28 2 30 4 82 1 44
3 43 18 74 17 22 4 43 14 79 8 87 5 63 16 67 7 46 0 67 15 84 9 14 10 45 1 99 19 56 11 89 13 92 12 43 6 76 2 66
13 16 11 75 5 22 17 13 7 56 3 67 6 48 14 78 2 86 10 88 18 64 4 63 19 43 12 35 15 8 0 93 8 40 1 42 16 54 9 6
18 5 15 25 1 89 10 88 5 80 0 10 12 80 9 47 8 59 6 30 3 27 2 87 16 17 17 65 11 30 14 97 19 91 4 35 13 66 7 87
13 31 7 60 3 16 9 37 5 75 19 81 11 38 15 23 4 74 14 10 0 12 1 36 2 69 12 55 16 88 6 74 17 20 10 31 8 86 18 35
12 81 11 11 10 14 14 63 15 30 8 77 1 23 5 22 19 84 3 53 13 25 4 90 17 59 16 29 7 64 0 37 6 40 18 15 2 94 9 31
2 7 17 87 19 1 6 43 8 19 5 19 18 40 13 69 14 5 9 36 15 38 4 24 12 91 1 92 3 90 11 28 16 25 0 70 7 86 10 20
1 43 12 64 14 74 6 52 11 6 4 87 9 20 7 29 0 36 16 57 8 16 10 55 13 38 2 58 17 97 18 78 19 65 15 16 3 70 5 86
9 7 11 30 8 47 18 16 7 2 14 68 12 65 17 36 10 99 6 54 19 47 0 54 13 74 5 60 4 65 15 64 1 34 16 88 2 39 3 71
15 82 0 78 2 87 8 1 10 71 6 2 13 10 16 57 11 35 1 84 12 12 17 4 14 71 18 43 19 56 9 32 7 59 4 12 3 22 5 37
8 54 13 62 9 17 7 54 4 92 15 70 10 94 1 64 5 54 11 84 3 18 17 45 12 20 0 52 16 56 6 76 19 49 2 94 14 23 18 52
10 16 13 22 9 71 4 42 15 71 17 63 18 80 0 47 3 86 6 34 12 63 16 63 2 12 5 43 8 62 1 27 19 60 7 63 11 99 14 49
15 58 13 68 9 49 18 27 4 63 6 18 8 25 11 69 10 17 17 27 14 81 5 55 1 78 3 42 2 37 16 68 7 23 12 53 19 86 0 15
15 75 8 28 14 67 10 58 18 51 4 70 6 31 11 28 5 47 17 30 3 84 7 56 13 41 0 91 12 66 19 24 1 17 2 90 16 63 9 13
3 68 19 78 1 34 10 89 2 6 13 47 6 58 12 97 18 82 8 59 15 26 16 66 5 1 9 6 17 56 11 9 14 97 7 88 0 14 4 32
9 94 8 82 13 37 12 89 1 7 2 78 0 46 15 43 11 50 14 64 19 14 17 76 3 2 6 78 16 55 18 42 5 53 4 54 7 70 10 32
9 76 16 46 11 55 3 71 5 56 7 91 10 59 8 54 19 47 0 64 15 64 2 56 17 78 12 83 6 63 14 47 18 61 1 68 13 77 4 11
7 51 4 7 10 22 2 57 16 69 8 42 18 60 19 88 5 29 13 41 11 19 9 91 0 4 12 89 6 42 1 23 15 51 3 20 14 27 17 89
14 37 12 81 1 2 11 49 2 58 19 68 10 3 3 40 9 47 15 56 4 29 5 74 0 18 16 23 8 60 17 85 18 62 13 80 6 41 7 57
9 18 4 12 14 40 0 15 10 47 5 40 6 24 2 91 16 29 8 76 7 87 12 51 13 46 18 31 3 99 11 66 15 86 17 15 1 63 19 78
19 75 0 50 8 42 6 40 12 49 17 28 1 82 7 81 11 98 4 34 13 33 18 80 2 26 10 52 15 66 16 81 5 2 9 91 14 77 3 50
10 68 13 20 16 56 1 73 3 46 4 28 6 96 19 15 0 29 15 75 5 81 9 68 17 90 7 52 11 52 8 80 2 35 14 20 18 29 12 12
1 62 4 97 13 96 16 55 17 47 15 35 10 23 0 89 6 96 5 4 8 77 11 58 9 28 18 76 3 66 14 78 7 96 19 26 12 35 2 43
17 30 14 12 3 52 7 51 6 71 8 37 2 86 11 8 1 82 13 57 5 62 12 5 15 78 10 10 19 58 16 27 9 68 4 8 18 74 0 47
13 79 15 47 1 83 0 95 19 11 16 37 12 73 5 45 6 96 3 31 8 43 11 63 14 41 4 73 7 88 17 92 2 34 10 38 18 68 9 64
10 31 9 89 6 14 15 95 0 68 5 7 11 12 16 39 14 13 17 4 7 89 8 29 18 9 1 19 2 22 19 62 4 27 12 51 13 84 3 9
18 75 13 46 11 46 3 77 7 84 6 37 15 37 17 63 9 75 14 52 1 75 0 58 8 9 4 65 10 63 2 8 16 98 12 82 5 10 19 95
2 26 4 97 9 18 12 55 18 82 15 6 19 35 17 61 3 57 10 66 11 96 0 95 7 37 14 43 6 50 1 99 16 14 13 24 8 78 5 30
1 17 8 15 12 92 3 3 4 31 5 96 10 83 16 66 7 83 17 69 6 18 0 14 13 3 9 38 11 88 14 28 19 59 2 66 18 78 15 90
17 21 8 17 2 4 4 98 18 10 15 89 9 50 1 50 14 24 10 65 3 14 7 66 12 36 0 34 11 59 13 95 16 90 5 32 6 20 19 83
0 92 15 35 8 95 2 22 19 70 14 61 3 2 9 88 1 87 18 66 6 73 12 37 4 72 7 85 16 29 11 24 13 46 5 13 17 75 10 2
