50 20
18 5 10 27 4 93 6 77 8 75 15 84 19 10 11 97 5 77 13 51 7 60 17 61 2 68 16 59 0 57 12 69 1 15 3 87 14 39 9 45
18 13 17 9 3 69 13 28 7 13 4 99 15 23 10 2 9 84 6 92 5 18 16 7 12 44 11 40 14 67 8 72 2 8 0 21 1 51 19 76
19 25 11 44 0 12 12 2 1 47 17 14 18 95 13 74 14 91 16 85 2 52 5 87 9 92 10 75 7 23 4 48 6 10 3 74 8 52 15 14
6 64 16 85 9 26 12 94 1 83 10 41 4 66 11 42 8 55 0 51 19 43 18 81 17 36 2 85 13 44 7 59 14 42 3 8 5 49 15 31
2 3 11 38 7 37 19 40 4 72 17 17 18 62 9 76 3 65 14 41 10 5 16 53 6 1 15 94 0 80 1 94 5 5 12 99 13 7 8 13
13 61 19 54 3 85 7 51 12 6 4 47 15 23 16 6 8 70 1 97 9 9 10 92 14 23 6 23 5 40 2 5 18 36 17 26 11 4 0 71
16 27 3 28 18 96 10 20 6 60 8 22 13 77 17 36 0 60 2 65 14 47 19 54 11 81 9 24 12 20 7 83 15 52 5 17 1 57 4 74
9 69 13 34 14 94 12 14 8 11 17 25 15 23 4 47 3 70 16 83 19 58 10 87 0 69 11 36 6 12 18 74 7 50 1 32 5 44 2 63
19 10 17 77 13 46 9 53 16 80 15 13 7 92 1 41 18 16 8 1 10 89 3 56 2 15 12 68 0 66 14 42 11 7 6 98 4 14 5 90
9 49 3 84 4 90 16 92 7 52 11 93 13 33 17 84 2 17 5 91 19 86 8 40 10 3 12 92 14 63 0 9 6 55 15 27 1 23 18 79
0 59 2 82 5 43 12 45 11 95 18 83 7 14 14 8 4 11 10 38 8 77 1 98 13 26 17 31 6 71 3 90 15 3 19 90 16 48 9 10
6 14 19 69 3 62 4 59 18 39 11 16 7 87 9 69 1 46 17 22 2 8 12 84 14 50 15 83 5 73 13 19 16 50 10 87 8 13 0 64
7 65 18 83 2 75 12 22 4 10 14 74 13 93 17 22 6 70 11 61 1 71 0 26 3 38 16 64 9 32 8 22 10 20 19 1 5 54 15 18
3 36 9 30 15 10 4 54 17 72 6 77 12 11 11 88 18 24 5 37 14 78 0 88 10 90 19 23 16 19 7 47 13 41 8 74 2 16 1 85
12 83 10 21 2 85 11 31 17 76 16 17 6 24 9 76 3 77 14 25 15 45 1 54 5 26 19 36 4 98 7 69 0 94 18 21 8 74 13 90
12 42 1 95 19 45 13 46 18 12 11 50 8 51 10 66 17 6 9 53 16 33 6 66 15 23 4 34 7 14 0 14 3 64 2 72 14 2 5 27
14 74 4 78 10 25 0 10 9 3 1 50 17 7 3 73 11 37 6 31 19 36 16 98 13 55 7 26 5 44 2 46 8 47 12 70 18 33 15 36
17 80 16 44 7 43 15 75 4 89 5 55 19 76 13 94 8 29 11 8 0 32 14 20 12 75 10 82 18 42 1 53 3 51 6 57 2 65 9 15
18 76 12 16 3 69 11 99 4 17 19 16 8 18 15 16 6 59 9 87 7 34 5 75 2 20 10 70 14 45 17 69 16 89 13 91 1 99 0 91
1 62 19 29 8 19 6 96 16 71 0 54 17 22 15 36 5 55 10 20 7 73 2 21 9 23 12 45 18 9 14 91 3 27 4 61 11 59 13 10
15 33 16 77 14 77 2 73 1 62 19 22 7 97 8 39 9 87 3 57 13 13 12 96 4 81 10 4 5 72 18 41 0 18 17 80 11 2 6 9
8 26 4 73 12 46 13 74 5 69 0 1 14 28 11 97 9 70 1 83 2 87 16 85 7 54 6 9 15 10 17 76 10 58 18 18 3 31 19 4
13 87 8 72 14 18 12 66 15 49 5 95 10 75 2 69 0 29 17 54 9 90 7 96 18 25 6 22 19 77 16 12 1 91 4 24 11 33 3 85
3 92 6 30 18 92 14 52 1 61 16 37 10 70 13 63 9 32 12 91 8 9 17 24 15 91 4 2 5 23 7 19 11 94 2 80 19 53 0 48
9 27 19 34 8 89 7 49 0 81 1 18 14 77 16 10 12 41 18 45 10 7 15 17 13 25 2 53 4 49 17 53 6 12 3 1 11 28 5 44
19 38 18 72 5 83 10 47 1 65 13 45 2 60 0 22 16 73 8 57 14 33 9 13 6 1 11 2 15 32 17 91 3 88 7 64 4 54 12 94
19 76 10 35 12 83 8 1 13 27 2 28 7 72 16 94 17 70 4 73 15 96 1 30 5 85 6 55 14 60 11 60 0 2 3 76 18 91 9 6
2 20 10 93 7 53 8 10 17 40 4 21 19 96 6 50 5 10 12 35 1 85 0 74 14 74 16 91 3 59 11 35 18 37 13 2 9 79 15 73
18 66 2 93 4 20 6 59 17 19 14 22 8 98 19 7 1 82 7 53 5 35 15 3 0 37 13 40 9 4 12 37 11 54 3 54 16 70 10 73
12 95 14 29 10 71 4 37 6 28 15 90 17 22 0 87 7 35 13 36 5 95 1 31 11 49 8 21 9 58 16 34 18 1 19 37 2 65 3 96
14 34 12 1 5 26 6 88 4 22 11 95 0 28 13 99 1 97 3 48 16 17 9 92 7 1 17 55 19 49 10 8 2 85 15 35 8 23 18 53
7 14 2 54 8 42 11 94 16 20 15 81 13 86 4 92 14 62 19 20 3 66 0 70 12 42 1 50 10 58 5 59 17 99 6 21 9 89 18 16
14 33 11 71 7 55 2 75 6 24 5 23 4 6 18 30 15 75 9 18 16 14 1 80 12 80 8 54 10 77 3 30 19 10 17 83 13 63 0 1
5 38 0 27 11 93 16 89 3 18 12 89 7 68 19 93 4 24 18 75 2 38 14 97 9 57 13 38 15 71 10 82 1 70 6 94 17 32 8 15
2 77 9 18 10 16 7 65 5 94 19 21 15 92 6 50 18 62 16 63 8 8 14 91 13 4 1 91 17 84 11 69 12 41 4 38 3 70 0 62
16 42 6 69 19 15 0 18 13 67 4 66 1 99 14 72 9 19 3 4 8 25 17 89 15 3 5 80 7 89 18 85 10 13 2 77 11 51 12 76
10 18 1 46 8 19 6 79 3 29 13 6 12 97 15 2 14 4 16 53 2 67 4 74 17 27 7 91 19 26 18 66 0 9 11 16 5 50 9 19
14 90 9 33 5 50 8 54 11 97 18 3 13 16 0 9 10 72 19 94 12 63 6 58 3 67 17 98 2 86 1 52 7 83 16 85 15 95 4 58
7 44 5 3 16 27 14 23 8 87 0 14 9 37 18 50 3 54 19 47 15 58 4 17 6 89 2 18 11 74 1 39 13 31 10 35 17 47 12 46
16 71 8 9 0 29 18 71 12 98 9 61 5 60 19 53 2 6 17 60 13 7 14 90 7 32 1 11 15 88 11 82 10 22 6 2 3 20 4 82
2 44 14 64 7 82 10 10 5 80 12 87 18 27 6 67 1 10 0 42 15 33 17 53 8 52 19 50 11 87 4 75 9 28 16 57 3 42 13 72
19 94 1 57 13 59 12 24 10 41 0 3 15 56 6 11 5 44 7 20 14 42 4 2 2 86 11 49 16 80 17 53 9 21 8 34 18 76 3 82
1 70 16 65 3 5 9 34 18 52 12 4 13 96 11 97 8 69 14 87 17 5 15 4 2 1 7 24 5 59 19 76 6 2 10 75 0 71 4 12
14 46 15 13 9 38 18 97 13 20 17 23 16 64 5 39 7 44 0 61 6 35 10 77 11 86 3 98 1 17 8 70 12 67 4 1 2 32 19 22
1 21 2 92 12 86 11 87 10 13 16 73 3 25 18 65 9 12 0 50 6 55 19 54 7 17 14 42 4 16 8 99 15 5 13 10 5 59 17 51
10 80 1 59 4 34 19 78 13 95 17 75 18 2 8 64 5 22 11 25 2 15 6 56 7 75 16 78 12 77 0 60 9 55 3 16 15 79 14 91
14 39 3 19 16 54 11 13 19 48 5 19 1 47 13 23 8 85 0 63 9 59 12 27 2 69 7 39 15 15 10 89 18 37 17 50 4 71 6 39
17 80 9 11 0 26 15 83 19 70 16 22 2 92 3 38 12 96 6 25 10 55 1 76 11 27 4 78 14 61 7 81 13 20 5 41 8 10 18 10
15 86 7 39 3 28 0 81 16 89 13 99 4 74 9 93 5 2 17 28 10 32 12 95 6 42 19 84 11 82 18 74 1 77 2 69 14 44 8 9
7 95 11 81 5 27 0 18 18 66 19 8 13 67 9 50 1 4 12 39 8 97 6 93 2 66 14 27 3 52 15 1 10 60 17 91 4 43 16 52
