50 20
0 35 10 78 2 23 17 3 18 71 4 73 14 85 12 33 15 8 3 36 13 60 9 31 1 11 5 32 7 90 8 73 16 37 19 61 6 75 11 10
18 36 1 91 17 12 7 75 16 26 8 59 6 62 13 61 15 7 9 2 11 54 10 41 0 45 14 28 3 59 12 52 19 13 2 27 4 93 5 24
12 69 0 98 2 63 13 24 19 56 4 78 17 31 18 8 6 31 3 10 14 35 8 75 9 27 15 60 10 10 16 22 5 43 7 45 11 4 1 12
15 78 9 67 13 81 14 62 7 76 12 93 3 39 8 99 2 95 4 32 16 88 10 17 6 43 17 63 11 26 19 55 0 30 1 53 18 7 5 72
15 66 11 36 14 84 19 32 3 19 0 47 16 50 18 30 13 5 8 57 12 64 17 13 4 45 6 2 10 17 5 23 7 55 9 54 2 43 1 38
9 9 8 46 10 66 4 52 17 77 16 82 15 44 12 91 5 86 19 86 2 82 3 47 6 77 0 26 1 54 7 27 14 5 13 30 11 42 18 46
8 21 10 66 14 70 17 96 7 28 19 93 1 33 9 46 12 66 13 90 5 83 18 27 4 69 3 96 2 70 0 44 16 22 6 29 11 36 15 46
14 51 6 60 1 76 17 79 18 61 3 34 2 61 19 83 7 18 16 1 15 65 12 29 10 43 8 52 4 71 13 89 11 24 0 36 9 96 5 4
19 53 1 36 18 55 6 39 2 37 14 49 9 49 11 33 3 37 8 30 13 13 12 99 5 29 4 63 15 87 7 25 16 24 10 27 17 97 0 63
14 4 16 72 11 88 4 15 17 97 9 94 18 59 12 76 19 33 8 67 7 17 6 55 0 90 5 9 13 11 2 38 10 91 1 24 15 34 3 99
11 48 9 72 12 24 2 51 18 61 6 33 19 98 7 39 4 78 3 27 10 45 16 76 5 48 14 62 1 83 8 47 17 21 15 80 13 25 0 2
6 42 9 29 3 32 13 51 16 14 1 83 15 21 0 29 8 57 11 82 12 85 17 79 2 66 10 68 4 89 19 59 5 91 14 62 7 12 18 42
16 96 2 93 11 29 8 71 17 85 14 42 10 55 19 79 5 67 3 17 1 72 12 36 6 76 0 48 15 46 13 7 4 97 9 32 7 8 18 80
5 92 16 99 3 79 14 40 1 35 12 35 9 71 13 47 15 22 10 36 18 25 19 77 8 17 2 11 11 78 17 17 6 36 7 48 0 66 4 93
5 46 16 34 7 68 6 55 12 48 15 91 11 87 14 84 13 32 19 78 0 23 2 75 4 76 9 88 1 1 10 42 18 36 17 49 3 8 8 38
18 50 0 59 5 78 16 19 12 60 2 73 15 66 11 31 8 84 4 66 6 13 14 37 10 39 7 50 9 4 19 89 3 79 13 75 1 13 17 63
6 1 9 65 17 60 4 58 7 4 11 84 13 13 2 53 10 7 5 32 16 35 1 16 18 48 3 98 14 59 8 61 15 88 12 99 0 44 19 53
5 15 4 70 1 50 9 47 15 62 6 37 10 69 16 15 12 90 2 5 11 42 3 33 14 1 18 93 8 72 17 75 19 61 0 62 13 70 7 21
13 50 4 83 9 46 8 39 10 91 11 42 19 40 15 80 6 40 2 74 17 60 7 34 1 64 14 15 5 35 18 27 12 32 3 75 0 52 16 10
7 98 5 9 17 93 16 7 2 50 14 97 10 44 6 90 19 31 4 83 11 48 0 31 1 18 15 5 3 3 18 69 12 87 9 84 8 33 13 92
18 47 6 41 8 8 4 20 13 29 16 92 10 28 11 97 5 27 15 63 7 48 1 86 0 16 17 97 2 78 14 61 19 64 3 72 9 37 12 56
6 74 8 20 4 72 12 50 3 22 10 81 14 31 0 47 18 44 16 5 13 62 15 1 17 40 9 96 5 40 1 23 11 25 7 22 19 13 2 56
9 82 4 77 8 31 17 77 0 69 16 99 2 48 10 78 15 20 19 85 5 48 3 62 14 29 7 5 1 17 12 19 6 80 13 55 18 43 11 34
14 60 19 1 15 36 7 62 17 52 4 72 16 29 13 84 2 85 8 49 9 45 18 60 0 33 10 60 6 97 5 25 12 47 11 73 3 43 1 80
9 25 7 17 14 13 2 17 6 67 13 17 3 96 11 9 1 21 15 92 19 71 17 59 0 34 4 73 5 26 10 64 12 91 18 54 16 58 8 3
18 79 4 98 11 68 2 23 15 49 8 40 17 20 13 86 0 31 14 78 12 64 5 54 6 49 3 17 16 13 7 26 9 36 1 65 10 18 19 83
17 69 18 94 3 2 19 50 10 87 7 21 1 21 9 95 15 84 8 67 5 86 11 15 12 87 14 47 4 14 2 52 16 18 13 57 6 83 0 90
19 46 0 54 13 23 1 38 18 60 12 83 11 16 14 25 10 42 9 13 5 64 6 88 8 64 4 82 15 99 2 70 3 79 16 36 17 48 7 63
18 42 8 84 4 99 6 93 2 22 7 18 1 39 14 30 19 22 13 18 5 73 12 53 16 55 11 7 9 35 0 44 15 67 17 49 3 66 10 78
16 38 6 39 3 8 15 19 10 90 17 5 13 40 7 23 18 11 14 24 0 74 8 94 19 92 4 8 11 30 2 65 5 37 1 93 12 49 9 73
3 30 9 58 7 97 14 33 13 31 18 95 10 47 0 9 6 34 5 21 8 77 16 30 12 39 19 24 1 50 15 93 2 97 4 16 11 84 17 95
12 50 2 3 10 49 0 85 17 32 9 31 11 94 13 68 7 1 5 18 8 6 1 31 14 71 18 75 16 47 3 20 15 99 19 79 6 26 4 15
11 28 9 24 3 68 17 68 12 41 6 60 0 38 5 68 13 90 2 81 18 37 8 8 16 83 4 70 1 67 10 52 15 24 19 13 14 28 7 1
5 28 1 53 8 35 6 87 12 59 11 93 2 87 3 23 16 85 14 1 4 43 17 38 15 53 10 75 0 93 18 23 9 25 13 96 7 44 19 3
2 91 10 92 5 49 4 24 16 66 7 67 3 49 14 50 18 64 1 56 0 14 19 63 13 47 8 59 9 46 6 54 12 27 17 16 15 7 11 62
8 89 19 59 7 66 2 13 13 4 14 81 1 22 6 83 4 59 0 81 11 54 3 43 5 53 9 28 16 56 10 92 17 28 18 16 15 2 12 36
19 47 10 31 2 72 11 13 12 50 14 97 8 87 3 76 1 94 0 53 18 73 5 24 17 36 13 91 9 30 6 97 15 24 16 49 4 43 7 47
6 57 3 37 4 5 8 73 1 50 18 56 2 66 11 56 7 33 10 84 14 55 9 43 17 65 12 40 15 29 5 41 16 98 0 7 13 38 19 57
6 67 19 67 14 97 12 53 7 17 15 87 11 40 17 63 9 61 16 71 8 76 2 30 5 97 10 35 13 31 4 21 18 68 3 58 0 41 1 2
16 47 12 96 8 70 14 86 9 46 1 41 7 90 10 95 0 41 11 39 19 99 15 49 17 60 6 50 2 73 18 41 13 65 5 87 3 90 4 85
7 75 8 60 1 58 11 38 9 58 13 28 3 3 15 33 5 61 14 18 17 44 10 67 4 41 19 90 6 51 16 9 2 77 12 32 18 94 0 34
7 33 18 29 19 52 14 83 13 70 0 80 17 23 5 47 9 6 1 82 10 47 15 10 3 8 4 59 2 46 12 28 16 5 8 99 11 64 6 82
17 2 8 13 7 57 19 50 1 70 4 72 6 33 13 95 15 52 0 66 10 32 18 85 11 74 16 48 3 31 2 14 12 90 9 92 14 5 5 93
18 27 16 77 15 66 9 79 13 79 19 29 2 38 7 24 3 71 5 98 17 61 8 54 1 62 6 18 14 18 11 37 0 22 10 36 4 21 12 12
11 65 7 44 12 88 9 77 8 79 16 23 5 61 4 96 2 51 0 40 10 17 19 89 6 69 13 21 1 89 14 95 15 11 3 53 17 88 18 25
5 94 19 55 4 43 15 2 2 60 11 9 1 97 7 89 9 7 8 89 6 68 3 4 12 75 0 18 17 23 18 31 13 97 16 39 14 37 10 97
17 59 15 55 1 65 12 62 9 64 18 97 16 5 7 36 3 31 11 37 10 86 19 26 14 76 13 23 0 32 2 92 6 77 5 32 4 50 8 21
3 27 0 67 7 97 19 76 9 2 1 12 5 74 4 36 14 92 16 55 18 15 6 21 2 1 8 70 11 96 13 46 10 8 15 99 17 35 12 18
16 22 1 58 3 10 18 39 2 27 9 61 17 84 6 89 15 22 7 19 10 99 4 25 0 52 14 88 13 7 5 3 8 38 11 97 19 97 12 91
6 38 7 71 13 82 10 17 1 35 0 26 4 4 12 61 18 19 8 85 11 4 14 44 16 37 3 21 17 61 2 4 9 63 19 1 5 19 15 74
