50 20
1 41 19 13 12 24 10 18 2 4 8 24 0 66 16 96 5 77 17 53 9 36 13 9 11 11 14 65 6 7 18 3 3 78 4 99 15 12 7 72
2 17 19 20 10 91 5 30 13 49 8 49 18 48 9 15 4 43 12 77 14 5 7 8 16 53 6 52 3 96 0 13 17 72 11 49 15 90 1 15
10 59 3 41 5 96 18 47 1 36 7 31 15 47 8 95 19 13 9 12 2 84 14 45 13 95 0 58 6 62 11 49 4 5 17 58 16 23 12 58
14 43 4 58 17 67 11 33 13 70 6 77 9 66 8 49 16 50 18 35 10 5 19 63 15 34 7 41 3 99 12 45 5 86 2 70 1 29 0 42
0 45 4 79 17 89 18 3 16 75 13 2 12 98 15 43 14 84 5 51 8 37 6 66 10 96 11 84 3 19 7 58 1 60 19 21 9 58 2 96
6 40 13 36 9 85 15 97 17 26 1 52 4 7 8 39 7 50 19 11 5 72 2 55 3 79 10 21 14 95 16 12 12 41 11 7 18 14 0 26
5 86 4 51 15 61 16 93 0 37 12 43 7 54 8 20 6 44 18 48 13 23 2 50 14 91 17 40 19 61 9 93 10 81 1 93 3 47 11 39
4 68 13 33 14 45 17 66 15 27 12 64 1 24 11 77 19 22 8 47 9 3 2 47 18 52 7 91 6 64 5 41 16 91 0 8 3 16 10 87
7 17 11 78 15 40 0 12 16 44 3 23 17 24 1 48 12 73 18 21 19 98 13 45 9 33 5 67 6 90 2 52 14 39 10 26 8 69 4 12
16 59 13 48 7 9 10 90 1 86 15 9 8 49 19 58 18 24 17 23 12 10 0 63 6 34 9 98 4 48 14 65 5 88 11 68 3 64 2 93
11 23 16 58 12 31 2 9 9 91 19 23 3 5 18 4 17 27 1 13 15 65 13 6 7 33 6 10 14 63 4 47 8 25 5 1 0 22 10 72
2 36 0 71 4 28 13 95 17 76 14 13 6 23 11 7 3 57 15 71 19 1 1 43 7 22 8 53 5 40 12 99 9 90 10 81 16 65 18 10
2 20 8 93 15 92 18 30 6 82 7 48 0 53 11 33 1 62 17 16 12 31 5 33 13 5 19 93 3 19 14 78 9 99 16 71 10 94 4 71
18 18 13 23 19 37 5 97 9 76 11 62 17 73 3 81 15 78 0 81 2 13 8 13 1 63 6 81 12 86 4 88 7 37 10 15 14 91 16 27
4 84 2 98 14 84 8 78 9 32 7 44 12 38 19 58 15 46 0 41 3 98 16 78 11 91 17 39 10 44 1 72 5 91 18 87 13 53 6 22
7 65 1 70 15 94 0 44 3 95 13 97 5 17 18 77 8 98 12 20 17 15 2 35 16 52 4 76 11 54 6 72 14 30 10 43 9 81 19 32
13 74 14 77 18 12 7 16 19 17 3 10 8 52 5 54 4 72 0 59 6 44 17 51 11 44 9 91 2 22 12 83 1 98 16 64 15 87 10 61
5 52 19 7 9 83 14 29 3 83 6 18 2 3 18 74 1 48 10 5 12 66 16 85 15 30 4 25 0 15 13 9 8 48 17 77 7 52 11 39
10 85 5 6 6 17 18 18 8 51 2 97 13 87 4 36 19 30 11 69 9 55 15 34 3 82 16 84 17 74 0 34 7 92 12 10 1 52 14 63
8 71 9 80 18 64 0 22 7 89 3 46 16 70 14 96 11 3 4 41 5 98 10 33 2 10 15 1 17 16 12 10 6 97 13 87 1 62 19 16
9 92 14 89 19 3 1 70 11 11 5 11 7 55 15 54 2 79 18 1 0 92 16 34 13 22 4 85 10 74 17 29 12 86 8 92 3 13 6 72
1 57 10 48 13 26 5 56 4 89 12 20 11 98 8 63 17 19 2 2 16 18 18 82 15 36 19 10 0 57 6 79 9 40 14 37 7 80 3 80
8 2 12 24 13 49 6 92 17 94 7 37 2 57 14 94 1 1 10 8 19 22 18 14 0 90 3 26 9 38 11 50 4 16 15 10 16 81 5 24
16 5 3 39 12 6 15 42 19 81 18 43 6 44 2 87 10 37 5 53 8 98 13 67 1 31 17 20 9 96 7 70 11 92 0 7 4 69 14 97
0 24 18 83 12 47 11 21 16 40 15 59 6 82 5 39 9 60 4 96 7 61 13 21 3 74 17 67 10 58 1 44 14 12 8 81 2 8 19 95
13 41 12 39 8 5 4 57 16 39 6 13 14 61 2 98 3 80 9 96 7 94 11 21 5 97 0 80 19 44 17 56 18 48 10 31 1 5 15 50
11 3 6 27 18 28 3 78 5 32 1 22 15 80 16 54 7 66 13 43 14 89 17 74 4 48 8 29 9 4 10 47 0 6 19 77 12 96 2 17
9 88 11 44 19 22 7 31 16 89 18 30 14 79 13 60 1 85 4 98 15 11 8 62 5 40 17 10 6 96 2 26 10 38 12 16 3 91 0 45
0 37 16 18 12 79 14 87 19 98 1 66 9 64 15 20 17 30 5 3 13 18 11 35 7 96 8 3 6 10 2 96 18 78 3 35 10 9 4 69
7 10 9 67 6 71 8 8 16 51 11 57 14 97 10 31 3 79 1 73 15 10 0 5 17 34 18 10 19 67 5 72 12 60 13 96 2 39 4 8
19 67 0 14 4 61 17 83 11 54 15 81 12 60 10 85 16 64 7 12 6 19 2 37 5 20 3 94 14 9 9 41 18 83 13 35 1 33 8 96
14 7 2 68 3 80 16 35 4 27 18 10 8 43 1 29 0 86 15 90 11 17 13 32 17 43 5 72 7 69 19 24 6 7 12 11 9 81 10 36
5 46 14 89 10 33 1 51 16 32 9 56 15 31 18 44 4 16 19 16 11 12 2 6 17 23 13 4 7 80 12 14 3 4 6 73 8 45 0 25
4 40 14 72 13 87 6 58 0 41 5 15 9 73 7 91 8 27 17 28 11 86 19 2 12 53 15 84 10 17 1 55 16 33 3 75 18 3 2 2
14 9 17 98 19 66 6 82 7 41 0 30 18 28 10 54 2 28 5 17 4 35 11 5 12 37 9 47 8 59 3 48 13 42 15 66 16 22 1 31
15 10 16 54 17 21 19 73 2 57 12 68 4 64 7 50 6 35 14 95 9 91 0 26 5 27 1 84 10 56 18 46 8 84 13 59 11 37 3 75
12 72 4 84 10 56 16 62 18 11 11 28 6 56 3 48 17 90 2 54 0 16 19 55 7 38 13 45 9 99 1 58 8 73 15 69 5 75 14 5
16 55 13 99 18 23 11 25 0 90 15 10 8 99 2 16 14 18 6 16 4 20 3 19 5 93 17 76 7 21 19 86 1 37 9 92 12 98 10 21
7 24 3 4 1 47 16 16 13 85 11 4 5 84 18 73 6 15 14 96 8 98 15 89 2 37 9 22 19 21 4 59 12 75 0 30 10 15 17 45
10 52 13 75 6 63 11 66 17 50 18 30 19 99 1 21 0 30 16 15 4 81 5 11 8 16 3 7 12 73 7 57 15 13 2 81 14 85 9 99
3 71 17 34 12 93 1 49 4 19 0 2 19 57 18 53 15 64 16 10 6 49 7 59 5 17 8 3 10 6 13 39 11 12 14 33 9 54 2 91
17 39 12 56 18 47 10 87 3 39 0 40 4 12 1 25 7 47 9 44 13 64 14 64 15 20 5 35 11 82 19 33 16 58 8 47 2 83 6 21
16 82 19 98 10 16 3 14 2 4 11 85 4 73 0 36 9 41 14 84 13 87 12 61 15 38 17 47 6 18 7 12 5 50 1 56 8 89 18 85
6 77 17 79 10 22 16 84 2 14 4 21 3 30 18 41 19 91 14 20 5 79 15 62 7 8 13 66 8 50 12 16 1 84 9 64 11 11 0 73
5 55 3 8 4 54 11 66 14 14 2 82 13 52 15 19 16 67 8 31 19 27 17 18 9 13 6 37 0 29 1 89 7 33 12 51 10 66 18 31
5 48 2 64 15 57 17 98 18 69 9 51 8 43 3 8 1 46 14 62 6 48 11 97 19 30 16 8 13 66 0 99 12 21 7 86 4 15 10 2
11 36 5 28 4 36 15 5 7 72 0 98 10 34 6 58 8 74 19 44 2 5 16 3 14 16 18 11 1 7 3 26 12 68 9 25 13 34 17 98
16 66 15 81 4 61 7 52 8 54 9 40 1 98 5 84 2 26 10 70 19 69 0 34 17 78 14 67 6 5 13 11 11 27 18 77 12 59 3 64
15 13 5 14 12 20 16 4 1 89 13 53 3 21 8 27 4 33 14 27 11 41 10 44 7 64 17 51 0 70 6 53 19 18 18 71 2 23 9 71
19 17 17 31 10 87 6 11 9 68 13 7 0 38 3 20 8 54 4 84 14 46 11 57 15 84 2 33 7 62 1 66 12 2 18 9 16 75 5 81
