50 20
5 97 19 22 10 90 7 77 0 63 6 66 16 66 17 79 1 91 2 14 15 25 8 60 11 80 3 54 4 24 14 56 12 76 9 93 18 18 13 68
1 50 0 2 5 57 10 45 16 94 2 53 19 18 3 55 12 53 14 4 15 56 18 81 13 69 6 21 9 11 4 61 8 35 11 49 17 72 7 20
11 10 5 3 1 97 6 81 7 84 10 31 15 65 2 79 17 91 18 80 12 90 4 65 8 36 9 56 3 3 16 18 13 54 14 6 19 52 0 15
6 33 4 93 5 63 8 98 2 20 0 67 16 82 1 31 7 69 17 79 12 11 14 79 3 63 10 17 13 61 9 51 19 89 11 61 18 72 15 62
1 90 0 62 10 52 11 75 4 84 13 74 18 31 19 14 16 41 14 84 7 53 9 95 5 82 8 52 12 96 3 11 15 70 6 83 2 86 17 20
11 35 19 26 12 9 0 42 10 93 3 29 15 73 2 23 1 13 6 94 5 39 8 62 18 72 13 65 16 41 4 81 17 80 7 25 9 37 14 15
13 11 14 50 5 12 9 1 0 41 18 89 16 7 17 64 4 94 19 42 3 70 11 62 6 67 15 74 2 66 10 52 8 25 12 54 1 67 7 70
12 26 3 54 2 65 16 78 13 81 5 73 19 96 17 81 18 96 8 9 14 75 6 60 7 59 0 2 10 32 9 98 15 32 4 86 1 25 11 71
3 98 7 93 1 65 13 5 4 12 17 25 14 7 16 13 8 7 19 51 2 48 5 77 12 49 18 66 0 97 9 66 15 32 6 59 11 88 10 58
1 19 16 31 14 61 9 82 18 41 0 52 10 20 12 67 8 7 7 50 3 66 4 74 2 81 17 73 5 49 13 18 11 45 19 94 6 49 15 68
11 65 2 30 3 31 12 92 9 13 10 70 13 51 5 24 8 65 7 61 15 91 1 66 4 29 6 73 17 59 0 16 18 11 19 22 14 27 16 83
7 13 18 43 16 52 17 86 14 42 6 59 13 1 2 74 15 92 8 47 9 53 0 19 1 92 5 49 4 51 10 40 11 74 19 28 12 48 3 48
12 61 3 24 10 40 6 65 16 54 11 51 1 51 19 32 2 77 4 57 17 65 18 47 14 2 8 99 0 82 9 46 5 41 7 76 15 73 13 29
5 17 14 63 3 6 0 73 2 58 15 22 11 42 6 9 4 76 1 22 8 11 19 97 16 94 10 16 9 15 12 45 17 12 13 22 18 1 7 44
0 43 11 42 17 40 9 91 14 57 10 65 12 30 19 37 15 71 2 66 18 86 6 37 3 42 4 82 13 40 16 62 1 96 5 51 7 53 8 23
14 9 4 37 15 64 19 16 2 28 1 71 17 31 3 18 5 3 0 24 16 70 10 72 12 87 13 66 6 56 8 29 7 68 11 83 18 1 9 93
11 78 1 17 0 80 3 45 7 34 13 29 8 42 15 20 16 37 14 91 10 67 6 12 4 76 17 27 2 61 9 5 5 81 18 96 12 41 19 87
11 97 3 13 5 7 14 45 7 37 2 48 13 55 9 43 4 96 17 3 18 76 1 78 8 30 19 26 15 26 10 25 16 36 0 16 12 56 6 27
3 75 6 57 0 10 11 35 5 45 14 16 9 89 1 38 17 62 16 68 19 92 12 37 7 36 15 51 4 55 18 96 10 83 2 97 8 77 13 57
18 99 2 17 7 12 17 21 16 42 1 73 13 69 8 23 12 24 19 82 6 35 15 37 11 55 9 56 4 44 10 30 5 95 0 74 3 70 14 27
17 96 13 53 8 73 4 32 0 76 12 79 14 59 10 1 1 19 16 48 18 44 5 40 3 97 19 94 11 50 6 5 9 31 2 4 7 47 15 95
0 38 4 30 2 77 8 53 6 47 10 94 1 95 16 4 18 18 19 1 3 86 12 55 5 37 9 44 17 44 15 64 13 77 7 27 14 7 11 63
7 30 14 10 6 6 1 36 9 16 15 8 3 94 11 13 17 39 2 80 0 34 19 41 4 52 12 46 8 95 16 62 5 97 18 43 10 30 13 81
16 88 13 9 12 76 10 14 2 73 1 14 8 40 14 71 11 3 9 29 15 96 3 82 18 85 5 42 17 46 4 42 7 65 6 34 0 85 19 5
0 93 5 31 9 8 18 94 7 34 14 81 8 75 6 44 1 35 19 28 13 62 2 97 12 37 16 72 4 71 17 19 3 40 11 86 10 30 15 34
7 84 15 10 13 15 5 55 6 55 16 49 4 67 0 26 19 15 9 68 10 72 8 69 17 49 18 70 3 1 14 30 11 87 1 55 2 34 12 13
2 38 9 36 1 46 17 85 19 12 6 24 18 13 8 30 4 2 13 91 11 54 7 72 0 83 3 38 10 88 5 55 15 19 12 39 14 80 16 69
9 38 8 22 6 67 18 49 0 11 12 53 15 23 16 77 2 24 10 82 13 45 4 37 1 37 11 76 5 92 3 65 17 90 14 49 19 65 7 46
2 47 13 90 10 94 1 72 4 91 15 71 0 77 3 6 14 14 19 84 9 94 6 87 16 8 11 66 8 76 18 90 17 72 7 5 5 66 12 66
15 49 8 3 14 33 5 71 19 15 13 92 1 15 16 63 0 76 10 27 9 4 6 92 7 73 11 44 2 76 12 53 17 54 18 50 4 32 3 71
14 86 3 93 10 95 1 97 8 26 18 90 0 33 6 19 5 9 9 23 19 3 4 29 16 21 17 31 15 95 2 23 7 31 12 12 13 82 11 80
2 9 4 88 19 3 0 72 8 74 5 19 16 51 10 24 9 71 12 78 13 26 15 58 17 56 7 31 1 79 14 25 3 14 18 80 6 11 11 6
3 17 13 5 11 88 16 91 15 99 10 77 14 70 6 35 0 48 18 43 17 82 19 96 12 30 1 58 8 22 9 8 5 30 2 24 4 58 7 89
12 70 19 74 11 84 16 52 15 68 8 59 18 88 6 6 1 69 14 46 10 24 5 98 4 91 3 85 17 34 0 74 13 15 9 61 7 73 2 7
1 80 2 36 13 34 8 46 9 57 7 75 11 28 0 65 10 67 12 33 19 98 15 66 6 58 3 16 18 7 16 90 5 85 4 90 17 88 14 69
11 32 1 7 0 77 19 66 5 55 9 68 14 53 8 28 12 62 7 62 6 66 4 79 13 90 18 29 10 9 2 81 15 8 17 43 3 32 16 89
5 65 15 30 3 3 19 64 12 30 6 45 18 46 16 62 10 49 0 36 2 73 8 33 1 44 11 34 14 74 7 67 13 87 4 45 17 15 9 59
0 50 4 76 12 38 14 78 17 43 19 44 11 7 18 23 15 97 9 27 2 53 8 45 16 12 10 92 7 25 3 13 5 33 6 33 1 37 13 43
14 18 13 64 11 48 19 64 3 21 0 24 16 1 18 12 1 28 15 9 4 66 8 56 5 95 6 99 2 62 7 6 17 85 10 75 12 14 9 25
10 42 18 16 17 27 1 38 12 45 0 75 13 82 11 73 7 74 4 55 3 18 15 43 2 53 5 35 6 29 16 90 9 61 8 79 14 26 19 98
17 23 4 94 15 45 8 18 6 33 18 87 16 51 2 17 9 38 1 25 14 96 3 86 0 91 5 1 11 76 12 79 13 22 10 56 19 60 7 65
12 66 19 57 2 77 0 22 11 83 1 65 15 3 4 90 14 80 18 31 5 9 13 56 8 82 10 93 16 31 3 88 9 55 6 67 17 51 7 54
5 72 8 73 1 83 4 99 18 9 10 58 3 21 2 13 17 48 7 90 15 74 14 78 19 98 12 80 13 49 11 63 0 66 16 46 6 37 9 41
19 90 12 63 3 65 8 25 16 11 17 59 6 19 7 54 9 34 0 73 18 88 15 48 11 63 5 36 2 60 14 73 4 5 10 63 1 41 13 84
2 75 13 41 6 76 19 39 1 35 0 72 18 61 3 92 9 53 17 40 16 19 15 79 5 2 12 46 8 3 7 84 4 46 10 87 11 60 14 97
8 21 17 76 5 52 6 72 19 21 0 78 13 43 2 26 11 91 7 37 14 14 16 52 9 99 3 60 15 65 10 39 18 16 12 6 4 64 1 90
6 27 12 60 11 50 7 4 16 28 0 70 4 98 15 67 3 73 13 60 9 9 14 29 8 4 2 60 1 6 10 26 17 71 18 44 5 4 19 76
18 87 7 91 1 56 11 93 4 5 12 90 19 69 6 73 5 78 3 88 8 64 15 64 16 34 13 38 9 34 17 45 0 87 10 32 2 93 14 61
18 81 1 2 4 79 14 91 8 68 2 59 17 87 12 39 19 37 6 65 11 8 13 98 9 65 16 13 7 64 5 81 10 67 3 23 15 76 0 44
11 84 10 65 18 51 4 58 0 93 16 98 5 12 14 66 13 4 15 43 1 75 12 85 7 23 6 17 8 25 17 34 2 23 3 62 9 45 19 55
