50 20
6 77 12 44 2 90 10 34 18 56 5 60 8 57 9 77 13 55 14 19 7 26 15 85 4 11 0 39 19 60 3 32 11 91 17 9 16 97 1 69
1 23 13 24 9 59 8 16 3 37 12 66 2 49 17 99 14 55 7 61 5 65 4 57 18 64 19 17 10 40 11 24 6 53 0 31 15 88 16 39
2 48 12 59 4 38 14 86 9 26 17 73 11 33 8 39 0 50 18 1 10 22 7 64 15 96 5 52 1 34 19 7 16 52 13 16 3 15 6 58
19 9 0 26 15 84 4 98 7 98 10 4 3 78 11 78 12 29 2 59 5 71 1 80 8 62 18 97 13 63 9 17 14 50 6 97 16 89 17 12
14 45 6 89 11 81 7 66 8 96 15 75 10 60 0 26 16 53 5 23 4 22 19 54 3 72 12 31 2 14 18 39 9 25 17 36 1 22 13 19
7 22 18 51 1 69 17 32 10 93 15 15 13 39 5 59 19 35 12 75 3 70 2 85 4 85 14 19 6 15 0 87 8 28 11 41 9 49 16 26
12 67 10 37 1 65 11 17 13 86 9 70 15 39 7 75 19 73 2 49 17 15 14 36 3 61 8 19 16 18 0 74 5 70 18 23 4 15 6 53
2 58 15 73 6 10 0 78 17 36 4 83 14 11 3 12 5 75 8 91 9 42 18 38 19 24 12 93 1 2 10 25 7 78 13 85 16 87 11 20
14 66 4 27 8 89 9 67 10 93 19 88 16 44 18 88 17 87 6 21 12 71 2 73 3 5 7 92 1 56 15 45 11 81 0 8 13 25 5 18
5 67 4 33 15 46 13 46 19 73 2 20 3 56 8 27 10 66 6 44 18 33 9 63 16 95 17 98 0 6 1 19 11 65 12 60 7 90 14 44
2 21 7 91 1 34 11 42 9 67 3 1 16 44 18 10 15 38 17 46 10 81 4 67 8 28 14 79 19 99 12 63 5 33 0 17 13 33 6 56
18 54 17 94 14 32 3 42 4 17 8 37 9 4 7 58 12 20 5 40 11 87 15 97 0 6 10 46 16 57 6 15 1 82 19 41 2 28 13 97
2 40 13 67 16 93 19 24 4 35 0 89 6 40 17 74 10 71 11 73 15 38 1 12 12 28 7 74 5 25 9 86 3 79 14 72 8 83 18 56
19 62 3 35 14 37 1 95 11 13 15 89 6 1 0 36 5 66 7 6 9 72 13 49 18 52 12 73 2 68 10 49 4 78 16 8 8 74 17 55
17 12 13 74 16 53 1 34 10 18 3 68 2 49 5 70 18 44 14 72 19 50 0 19 7 80 6 96 8 66 15 96 11 45 12 38 9 65 4 56
7 3 11 77 1 44 19 92 12 20 16 29 9 42 0 38 15 49 8 45 4 65 17 9 13 71 18 98 5 18 14 12 6 69 3 82 10 81 2 99
17 45 11 11 3 40 14 58 8 4 6 3 5 48 18 74 13 25 0 33 9 87 15 66 12 58 19 48 4 10 16 83 1 15 7 1 10 3 2 82
16 14 14 30 8 67 15 94 11 31 6 91 17 39 1 43 7 71 3 22 18 71 2 87 19 10 0 13 9 96 4 38 13 34 10 85 12 1 5 47
2 82 18 59 10 22 14 57 11 92 0 56 7 96 16 37 8 31 13 30 17 22 9 22 19 8 15 66 6 21 3 8 12 11 1 27 4 39 5 67
11 2 17 66 9 92 18 49 16 65 12 49 6 80 3 96 19 25 13 49 10 40 8 81 4 6 2 63 0 10 14 71 15 7 5 85 7 62 1 74
17 72 1 45 14 81 4 70 5 57 2 86 13 88 0 54 7 34 3 34 11 60 6 75 16 51 19 83 8 85 10 32 12 97 9 68 15 94 18 54
16 47 9 60 0 69 6 54 12 51 3 35 18 72 5 94 10 45 13 85 11 13 4 25 19 75 17 81 15 63 7 83 2 64 8 51 1 59 14 8
6 19 19 19 14 99 10 28 0 94 13 53 18 76 16 13 11 5 5 65 9 56 1 27 17 20 2 25 15 90 12 36 4 51 3 35 8 89 7 33
10 37 13 67 19 76 16 88 3 50 8 78 14 88 7 27 11 35 5 43 15 33 12 98 1 4 6 4 18 12 17 3 2 12 0 80 4 57 9 22
11 12 18 52 4 44 3 61 14 34 15 87 17 31 5 11 10 85 7 76 6 53 13 39 9 80 12 36 2 15 19 61 16 32 8 24 1 59 0 64
9 70 0 73 13 2 16 51 18 77 3 92 14 79 6 48 12 28 2 78 8 51 10 57 4 54 19 32 5 98 17 59 15 49 11 45 7 45 1 90
15 14 8 61 7 98 16 26 13 60 9 76 11 62 5 48 19 69 12 44 10 34 2 57 14 1 17 88 18 82 3 31 4 73 6 39 0 9 1 3
11 4 7 50 5 81 6 23 8 44 15 39 0 6 19 48 9 93 16 36 4 67 12 85 14 73 10 59 13 96 2 90 18 32 17 56 1 75 3 26
4 30 8 48 12 40 15 6 0 64 6 43 2 48 11 86 7 75 5 40 3 86 13 11 10 49 1 74 19 19 17 18 9 6 18 8 16 41 14 50
5 28 0 81 3 1 4 98 9 52 12 43 14 32 17 91 7 74 6 17 15 47 8 47 11 61 2 13 10 70 18 2 1 17 13 96 16 75 19 90
10 11 17 19 11 11 2 99 15 35 1 31 3 73 14 32 0 74 18 55 6 40 19 19 13 82 5 51 7 96 16 26 9 19 12 13 4 28 8 58
19 67 1 97 15 79 13 23 6 56 7 13 14 94 10 63 5 61 2 76 8 24 16 44 12 47 17 41 3 69 18 31 11 87 9 95 0 15 4 13
10 49 12 10 1 6 3 46 9 16 11 49 2 91 17 14 18 61 14 6 19 43 6 48 0 87 13 24 16 85 8 27 5 69 4 5 7 27 15 98
12 56 6 16 13 19 14 33 3 77 4 36 5 60 18 2 7 82 17 77 0 51 10 49 1 76 2 44 19 2 11 37 15 6 8 67 16 1 9 93
9 34 5 63 0 80 11 6 14 65 18 34 1 44 13 22 7 28 17 44 2 36 15 40 10 82 8 58 4 66 3 66 16 66 19 55 6 27 12 52
19 32 11 50 7 66 15 87 9 5 18 21 2 91 10 80 6 68 14 78 1 94 5 57 0 85 13 14 17 20 4 71 8 76 3 10 12 67 16 4
9 80 16 94 1 3 5 17 4 38 12 61 6 18 13 70 7 50 17 12 0 79 18 37 14 66 15 16 19 17 3 4 11 6 10 35 2 17 8 71
4 53 10 96 17 91 15 35 6 87 13 94 11 93 19 20 7 45 1 13 9 22 2 56 0 64 18 35 12 37 3 60 14 32 8 9 16 79 5 87
0 75 15 62 11 75 8 88 5 27 2 7 14 9 18 95 19 98 13 50 10 8 12 85 9 5 3 74 7 4 1 11 4 14 6 77 16 67 17 5
10 12 18 39 16 93 12 48 17 8 4 24 15 43 13 24 14 82 2 53 3 84 7 57 9 11 1 27 11 62 0 46 8 22 5 68 6 84 19 36
0 40 17 58 10 22 11 75 9 64 12 70 5 3 18 3 16 79 1 88 6 79 4 74 13 31 3 69 2 52 8 47 7 57 19 27 15 66 14 87
10 77 15 94 1 38 0 59 7 75 14 58 11 87 18 44 12 69 3 75 9 35 6 5 2 79 16 82 13 74 17 81 4 81 19 68 8 53 5 12
18 58 1 37 8 59 11 72 15 72 17 8 4 5 16 81 2 8 0 4 19 2 13 4 6 71 5 37 14 53 12 73 7 62 9 93 10 73 3 38
6 41 3 33 11 10 4 40 19 33 14 38 5 27 15 95 16 54 18 33 17 15 8 18 9 33 13 29 12 54 10 99 1 79 0 82 2 78 7 59
6 45 7 82 15 21 13 66 1 77 3 72 12 38 8 99 11 22 10 46 17 95 2 60 0 65 9 77 16 21 19 66 4 90 5 37 14 76 18 12
9 56 5 33 16 53 6 59 17 74 11 92 2 39 18 57 13 95 4 8 0 98 19 12 15 62 12 30 7 50 1 9 14 18 10 71 8 8 3 52
15 58 6 76 14 97 17 95 7 22 19 94 5 15 3 49 12 23 16 10 10 22 8 52 4 47 11 47 0 17 2 33 18 1 9 6 1 21 13 66
10 22 6 21 18 83 9 74 12 97 13 94 15 37 1 23 0 71 4 67 5 26 14 17 7 85 16 5 3 46 2 28 11 47 17 9 19 78 8 24
4 32 15 9 8 70 18 5 9 9 3 68 0 93 14 11 19 68 16 76 5 61 7 10 1 84 11 6 12 92 2 12 10 46 13 89 17 49 6 65
7 3 18 60 12 16 3 83 15 35 1 62 19 36 13 19 10 23 6 48 14 11 16 21 8 97 0 86 5 72 9 93 17 16 11 89 2 37 4 36
