50 20
14 36 7 61 11 52 15 12 2 9 3 58 9 12 16 68 19 87 8 28 10 14 6 3 4 17 17 37 5 41 18 38 13 22 0 28 1 89 12 10
18 33 4 66 6 15 0 57 16 27 12 80 7 5 2 89 11 35 17 85 1 39 14 67 3 48 9 97 15 47 19 13 13 17 5 58 8 29 10 44
10 53 3 82 11 8 9 44 14 83 7 86 17 74 1 76 15 9 13 30 4 34 8 77 2 50 19 14 16 77 5 47 6 39 18 46 12 59 0 66
9 41 5 27 8 18 11 77 1 42 3 67 16 26 6 71 4 10 10 83 17 29 19 15 15 28 12 8 2 46 13 96 0 53 14 5 7 80 18 42
7 12 18 34 14 37 2 58 16 58 15 66 4 20 8 16 3 66 5 2 0 74 6 46 19 76 12 31 17 52 9 20 10 27 13 39 1 17 11 18
6 37 19 52 1 58 7 47 14 67 0 62 10 86 12 80 13 26 8 57 4 22 15 42 9 31 18 22 17 76 11 30 3 91 2 60 5 89 16 13
15 78 13 16 2 31 11 14 12 11 3 63 8 65 5 60 19 15 9 9 4 34 1 52 18 98 10 51 6 60 17 88 0 51 7 11 14 85 16 82
12 38 6 47 5 4 1 19 11 32 7 79 18 9 0 98 9 57 3 99 17 69 4 21 8 51 15 81 13 90 16 32 2 10 14 76 19 75 10 45
5 17 16 58 8 87 17 91 0 17 4 34 12 30 7 48 19 79 14 15 2 93 1 36 15 50 13 7 3 74 10 21 6 10 11 38 9 7 18 48
5 88 10 24 19 52 0 8 2 94 8 63 1 91 6 55 13 92 17 21 16 87 7 88 12 95 3 11 15 16 9 25 4 24 18 16 11 38 14 63
0 23 1 46 14 25 18 10 19 59 4 89 8 19 12 8 9 68 16 71 17 61 2 49 13 11 15 99 6 33 7 88 10 91 5 1 3 28 11 2
15 89 6 55 16 94 9 92 7 97 8 54 3 27 13 86 11 27 17 53 14 34 0 87 10 41 2 84 1 81 19 27 4 42 18 14 5 80 12 76
3 72 14 16 4 24 1 45 19 37 18 64 7 43 17 83 5 22 9 70 13 27 15 62 12 78 6 21 11 43 10 77 2 66 8 63 0 4 16 45
19 1 5 3 7 33 15 18 14 27 4 20 3 92 10 14 18 81 2 59 8 54 9 29 1 44 11 19 16 8 0 78 13 41 12 98 6 4 17 18
19 98 14 48 10 72 1 57 3 56 8 54 17 36 13 85 16 28 6 62 11 53 0 85 2 5 4 77 7 91 9 83 12 40 15 71 18 86 5 43
4 27 18 67 14 43 11 16 8 11 12 49 10 74 7 83 16 62 13 68 15 78 2 63 17 78 1 16 19 20 0 21 5 34 9 7 6 40 3 29
5 76 10 71 14 33 2 57 6 90 12 44 7 2 15 77 11 56 19 88 18 93 8 91 3 35 17 47 13 17 9 39 4 34 1 19 0 12 16 30
8 19 16 33 3 89 10 74 6 87 19 33 15 14 0 98 7 33 17 43 14 5 4 99 18 43 5 12 1 22 13 62 2 63 11 99 9 35 12 2
12 23 3 60 17 94 14 78 19 61 5 99 16 89 7 32 4 91 9 79 8 90 1 45 0 11 2 74 6 99 13 39 15 8 11 35 10 48 18 72
4 52 6 75 15 2 2 87 8 2 19 45 17 31 0 36 12 65 11 98 10 80 13 75 3 53 18 3 16 31 7 44 5 62 9 77 1 69 14 23
12 40 17 37 3 61 19 19 16 39 9 67 4 8 18 94 14 9 11 71 10 20 6 39 13 73 5 29 1 38 7 87 15 84 0 31 2 40 8 8
5 50 15 89 6 17 8 38 19 5 11 17 12 10 9 67 18 83 13 18 3 21 7 32 1 89 10 67 4 87 2 51 0 49 14 67 16 75 17 34
8 74 1 26 11 29 17 23 3 52 12 92 5 5 19 99 7 31 13 17 9 82 16 83 0 38 6 20 14 17 10 9 15 15 18 64 2 3 4 66
14 2 4 21 3 57 8 99 1 24 11 6 5 60 13 62 2 26 19 2 12 45 17 86 6 39 7 33 0 58 10 66 16 81 15 2 9 38 18 26
13 44 8 88 18 95 14 13 9 25 15 27 12 52 17 90 11 1 2 4 3 4 4 82 1 21 16 54 19 40 0 24 10 45 6 54 7 53 5 84
1 39 15 59 12 62 18 16 14 9 11 54 4 15 2 74 3 5 0 16 19 7 17 95 16 6 8 96 13 88 10 42 7 58 9 74 6 25 5 32
9 50 3 6 2 79 0 90 7 86 12 42 18 96 10 95 19 87 1 65 5 54 16 23 15 43 11 59 8 87 4 89 14 32 17 75 13 54 6 41
10 22 14 39 9 95 8 99 16 82 3 92 18 21 7 79 13 64 6 66 4 65 0 27 5 69 11 60 17 45 19 73 1 52 12 41 15 95 2 73
16 27 10 66 13 47 6 42 7 44 4 30 9 90 0 69 12 54 17 21 2 82 11 93 15 40 1 15 14 39 5 46 8 56 19 79 18 77 3 76
7 87 0 46 8 33 15 1 11 71 13 9 1 77 6 69 19 22 9 7 17 83 4 16 16 91 5 12 14 55 3 33 12 97 10 22 2 87 18 69
14 75 6 75 9 22 8 73 18 59 13 77 7 31 11 16 15 4 16 96 2 88 19 10 12 22 5 64 17 62 0 56 3 14 4 79 10 92 1 17
10 2 5 51 9 42 19 40 6 67 13 85 18 86 15 68 8 97 12 1 4 9 1 8 16 66 3 89 14 61 0 63 17 18 11 49 7 66 2 74
8 75 4 11 17 82 9 10 5 93 12 55 16 17 3 45 0 27 14 33 1 2 10 17 11 43 13 64 6 23 15 1 7 97 2 88 18 78 19 42
1 43 14 30 3 28 19 23 6 35 17 7 8 49 15 63 12 93 18 46 2 9 0 62 16 58 10 21 11 40 9 38 13 97 5 94 4 62 7 12
15 23 16 77 11 62 6 54 4 16 7 21 18 77 17 51 12 92 3 57 9 64 1 56 10 48 2 55 13 18 19 6 5 8 0 39 14 57 8 34
3 39 1 52 11 60 12 34 18 4 4 75 8 20 10 16 6 76 5 53 14 76 0 31 7 46 17 55 2 95 19 9 9 97 16 68 15 55 13 6
17 51 2 73 16 16 7 60 4 56 8 55 5 56 3 80 15 23 19 93 10 99 12 67 14 99 9 19 11 14 13 71 1 44 6 56 18 39 0 88
17 74 9 17 6 40 1 65 16 61 12 69 14 25 10 61 15 56 0 27 3 48 7 54 8 75 11 21 5 12 18 12 19 8 2 52 13 26 4 62
18 76 8 40 2 11 5 36 16 7 1 79 9 25 15 21 12 74 6 42 14 8 19 46 7 62 13 92 3 47 0 93 10 8 11 80 17 47 4 77
3 47 9 58 2 43 6 59 0 30 13 70 12 24 17 26 5 83 14 72 19 22 16 52 8 78 4 77 10 68 18 59 7 13 1 56 11 73 15 22
5 81 3 7 8 95 11 98 19 55 14 94 4 70 6 29 7 23 18 37 10 43 17 93 1 99 15 90 2 58 16 84 0 86 12 77 13 72 9 27
18 20 0 96 10 7 1 88 16 74 17 47 5 78 4 27 15 69 2 52 13 43 7 86 11 3 9 99 19 27 14 38 8 40 3 4 12 60 6 33
0 93 2 9 11 59 1 50 16 87 9 77 12 63 4 35 19 93 13 23 15 49 17 99 6 69 18 81 3 40 5 43 14 34 7 10 8 7 10 79
0 29 5 90 8 11 6 3 19 96 9 81 7 21 13 49 17 65 11 83 18 16 10 37 4 20 16 29 15 67 12 11 14 31 2 63 3 66 1 19
10 74 4 92 18 6 3 80 17 11 12 71 19 30 2 45 14 54 9 27 6 20 13 12 16 46 7 93 5 66 8 23 11 84 1 58 15 30 0 20
6 43 10 49 18 58 0 9 15 45 19 40 1 54 11 33 3 75 16 65 2 37 14 53 5 40 7 79 12 28 4 83 9 76 13 23 8 25 17 20
9 42 1 60 3 43 8 87 19 52 5 14 11 87 17 48 0 66 15 36 6 75 18 92 10 5 7 78 12 83 4 21 14 5 2 89 13 37 16 63
11 29 8 49 0 15 16 76 15 58 9 33 6 74 17 87 4 85 13 76 18 67 5 61 3 57 2 26 14 10 19 90 10 6 1 68 7 59 12 14
2 29 15 61 1 26 7 78 9 89 11 83 14 52 3 55 6 6 17 6 12 22 19 88 18 24 0 95 8 39 13 36 5 58 4 77 10 85 16 65
6 7 19 11 3 95 1 19 18 61 15 98 5 85 17 59 0 22 10 95 7 32 9 88 12 63 4 31 8 5 14 60 16 60 2 59 11 83 13 20
