50 20
14 86 19 30 3 12 16 81 11 71 12 75 15 29 1 81 8 37 10 40 13 33 4 96 7 59 2 5 5 32 18 53 6 38 17 3 9 8 0 93
19 81 4 10 10 42 16 53 18 37 15 44 7 80 17 26 8 81 0 70 3 90 6 94 5 62 14 38 1 64 11 85 12 55 13 1 2 15 9 25
11 58 2 66 18 30 4 14 14 41 10 69 3 10 7 68 16 81 15 81 12 11 1 45 9 7 5 68 8 9 13 48 6 56 19 4 17 35 0 39
6 64 9 64 5 69 1 65 7 16 11 87 10 3 14 52 13 73 12 92 3 23 0 77 4 13 8 69 18 99 2 34 17 20 19 82 15 31 16 27
4 25 10 71 17 1 9 45 15 51 0 65 16 57 18 25 2 54 13 53 6 57 11 65 1 89 3 46 8 94 19 44 7 52 14 67 5 8 12 27
4 64 5 80 18 16 19 55 9 20 17 1 11 82 6 75 0 91 7 60 15 68 13 66 3 29 10 24 2 79 16 81 1 71 14 85 8 91 12 75
19 21 8 61 16 50 1 36 18 3 11 45 12 3 15 8 5 47 3 14 4 89 7 48 9 73 2 72 14 83 13 54 10 24 17 86 6 98 0 46
9 97 15 20 1 99 18 62 8 21 10 35 12 51 5 6 3 87 16 27 4 26 6 26 7 36 19 28 13 42 17 63 11 88 14 29 0 46 2 42
5 55 19 53 18 64 4 94 8 53 6 61 0 91 11 28 9 24 13 41 14 40 17 56 12 99 7 89 3 73 1 82 16 84 15 53 2 3 10 73
6 16 11 96 19 4 8 20 7 2 10 53 16 17 9 83 15 31 5 10 14 54 4 29 2 62 1 53 18 1 3 55 0 58 17 40 13 58 12 16
10 66 13 15 11 49 12 87 8 87 17 60 9 56 15 29 7 19 3 55 0 30 2 81 19 79 14 47 6 1 1 45 18 97 4 25 5 75 16 51
10 93 19 38 5 42 14 64 13 99 7 21 0 76 6 38 16 42 8 86 9 81 15 30 11 24 1 60 2 4 4 41 3 87 12 26 18 6 17 63
8 48 18 25 10 82 12 51 13 96 16 84 1 77 19 67 0 15 15 22 2 35 9 87 6 19 3 55 7 16 14 36 11 30 17 99 4 24 5 73
15 14 13 22 2 66 1 44 6 58 16 27 0 93 17 32 4 74 19 44 5 41 11 67 12 38 10 2 8 8 9 67 7 82 3 51 18 10 14 93
5 44 7 34 17 65 8 94 4 80 0 42 1 97 16 72 6 72 11 39 19 31 9 92 3 67 14 78 10 64 18 86 12 62 15 88 2 19 13 33
1 70 6 72 19 76 13 17 18 23 15 86 16 78 17 74 10 29 11 67 3 78 2 80 7 17 5 28 12 83 14 19 0 60 9 4 8 95 4 69
14 62 13 59 0 17 3 25 4 2 2 45 17 16 6 15 9 95 18 84 7 45 11 78 19 78 12 25 15 75 10 1 1 97 8 89 16 50 5 44
4 62 1 98 14 29 18 40 17 8 0 76 16 26 9 43 10 43 19 46 15 98 8 55 5 7 6 93 13 10 7 45 12 90 3 2 11 27 2 29
8 69 0 27 9 23 11 28 7 69 18 3 2 68 14 14 1 89 12 3 10 49 6 37 15 80 3 12 13 38 4 39 17 43 5 36 19 61 16 55
15 26 6 36 1 77 3 52 9 67 8 79 11 29 5 71 0 27 16 79 2 49 18 90 7 50 17 96 14 49 19 33 13 44 4 69 10 80 12 97
16 27 5 57 0 80 12 11 2 45 7 99 11 17 4 31 14 38 19 92 1 56 6 85 18 62 3 26 13 84 15 23 17 82 9 93 8 3 10 70
11 87 15 11 13 43 14 48 3 23 6 53 4 27 19 7 17 42 12 16 5 99 18 68 9 32 0 62 7 22 16 28 10 74 1 75 8 32 2 15
16 30 4 74 2 88 15 1 19 12 12 27 14 94 8 15 1 32 10 78 7 97 17 90 3 41 13 66 11 19 5 64 18 87 6 23 9 24 0 83
13 34 10 43 8 68 3 49 11 41 17 33 4 82 5 6 7 68 15 32 14 40 12 64 18 79 16 47 1 72 19 9 6 80 0 11 2 48 9 36
12 89 19 20 13 68 5 94 6 21 15 19 14 54 11 57 10 37 4 49 3 8 7 33 8 69 16 25 1 26 0 50 9 92 18 45 2 86 17 54
10 16 8 78 15 60 19 58 11 13 9 49 7 9 17 62 1 89 2 42 18 82 4 95 13 39 14 99 3 80 5 18 12 8 16 51 6 70 0 5
15 12 12 88 2 30 5 10 14 33 18 48 10 93 9 84 3 76 7 28 11 70 13 73 8 52 17 63 19 55 16 1 0 50 4 46 6 84 1 77
3 69 16 75 13 78 4 74 12 22 11 47 6 31 1 97 7 7 15 33 19 58 10 1 14 93 5 4 17 35 2 15 0 94 18 32 8 97 9 25
12 22 5 95 11 26 17 17 4 4 19 94 0 33 8 92 14 66 2 60 6 55 7 33 13 56 9 83 18 70 1 58 10 74 3 44 16 10 15 43
15 21 12 44 2 52 4 65 16 1 5 12 9 24 10 73 7 95 18 93 13 34 19 88 0 58 17 8 8 36 14 56 6 96 3 91 11 69 1 19
6 18 3 56 15 92 17 83 4 13 12 27 18 11 7 88 11 70 0 7 1 41 10 23 16 36 9 24 5 34 8 89 13 74 14 67 2 70 19 6
6 63 10 35 9 27 7 2 19 12 14 92 2 30 3 87 1 85 17 58 18 29 13 16 16 87 12 4 5 17 0 20 11 70 8 11 15 3 4 28
19 35 10 85 9 31 17 79 6 99 1 42 7 82 5 73 2 53 15 98 13 1 11 25 0 65 4 62 18 10 8 91 3 7 14 92 12 33 16 53
10 72 9 77 17 14 6 45 5 98 7 78 3 90 12 28 19 77 8 27 13 59 14 49 16 71 15 64 11 8 0 39 1 2 2 74 4 36 18 48
5 19 6 21 19 73 8 5 3 88 13 42 12 27 2 74 4 33 15 24 9 42 10 79 7 53 1 81 16 42 14 55 17 9 0 98 18 9 11 49
13 58 19 20 16 20 6 43 3 52 2 80 0 48 5 29 7 84 14 7 9 78 12 45 4 82 17 50 1 94 11 9 8 97 15 46 18 65 10 3
0 79 8 98 5 89 12 33 3 71 6 59 9 6 1 65 18 12 15 14 13 54 4 80 11 65 17 10 16 95 10 35 14 55 2 80 19 89 7 53
1 43 15 82 13 34 2 38 5 30 9 74 12 41 3 75 10 72 18 75 6 76 16 23 19 14 0 21 8 50 4 4 7 85 17 78 14 71 11 37
10 99 14 27 0 77 11 50 13 13 6 38 12 39 7 82 2 8 19 55 3 3 17 80 5 91 9 70 15 89 4 75 8 78 16 7 1 39 18 60
14 14 3 77 6 2 15 56 9 97 11 8 17 53 18 19 10 41 13 8 16 90 1 54 19 20 8 39 2 31 0 97 7 92 4 35 12 94 5 20
1 63 6 29 15 16 11 77 14 13 0 98 13 58 2 10 16 45 7 73 10 61 3 92 19 49 18 99 12 1 9 40 8 14 17 31 4 51 5 91
17 39 13 98 1 62 4 84 19 64 15 6 7 38 16 88 10 20 12 37 0 11 5 92 6 91 8 30 11 71 18 34 2 98 3 44 9 32 14 98
3 74 16 96 10 21 4 9 9 31 1 64 12 89 13 27 18 18 0 29 19 98 8 47 5 71 7 87 6 63 2 15 11 22 15 55 17 52 14 65
2 14 14 90 7 60 8 53 9 78 18 63 11 36 5 4 3 89 10 59 4 99 15 13 17 11 16 60 12 5 1 90 19 18 0 57 6 72 13 16
5 82 6 92 0 46 19 32 3 4 15 27 18 34 4 83 8 82 11 6 2 3 12 61 14 14 10 39 7 94 17 7 9 7 13 89 16 53 1 76
19 13 11 68 4 20 6 84 10 97 16 85 3 52 15 79 2 81 1 62 13 2 5 14 9 92 8 81 18 49 7 86 17 2 14 66 0 38 12 23
14 16 4 28 10 12 3 55 18 50 2 18 13 81 8 19 15 59 17 41 0 19 16 26 5 27 7 79 11 26 6 72 1 43 12 95 19 2 9 63
14 88 19 68 7 16 15 1 2 65 0 75 4 70 17 19 3 79 11 65 13 27 12 55 5 67 9 66 8 2 6 84 16 96 1 36 18 30 10 87
12 79 7 81 1 92 10 13 14 40 18 33 5 97 11 30 8 43 13 43 2 38 0 73 3 13 9 34 4 17 15 77 16 61 19 48 6 45 17 35
17 21 1 26 7 68 2 1 9 81 19 79 13 9 16 40 5 30 11 91 10 61 15 92 0 74 6 30 8 78 3 79 18 91 14 78 4 13 12 7
