50 20
2 45 15 6 5 88 19 60 11 96 9 96 3 32 7 95 10 33 12 29 14 22 1 90 18 8 16 4 17 50 8 65 0 32 6 39 13 56 4 6
5 79 15 47 0 93 10 58 2 30 8 56 12 23 1 3 16 6 14 74 9 38 7 32 13 96 4 49 17 87 18 84 3 93 11 43 6 19 19 53
11 99 3 52 12 62 5 75 8 73 0 25 10 11 7 42 15 75 6 79 1 14 16 95 14 63 4 3 19 89 2 21 17 17 18 69 9 44 13 12
14 38 0 4 12 35 15 41 1 30 10 9 11 62 16 63 8 17 3 79 2 84 7 13 4 44 5 9 18 87 9 44 6 22 19 37 17 86 13 24
18 12 13 51 8 20 12 43 16 63 5 89 10 4 15 52 14 62 17 66 6 54 19 36 9 46 11 74 4 84 3 74 1 86 0 42 2 16 7 49
2 73 16 76 3 33 19 88 12 50 10 49 18 32 6 17 1 93 15 65 5 59 11 88 0 85 17 10 14 88 4 40 9 90 7 84 13 43 8 83
15 92 18 70 3 21 0 49 9 41 12 45 4 33 8 83 5 52 13 77 16 61 10 99 7 62 14 51 1 86 19 54 17 61 11 25 6 13 2 93
7 5 9 48 5 4 1 37 13 52 16 32 3 29 0 82 17 76 8 42 19 57 12 3 18 36 6 44 10 26 4 71 14 63 15 22 11 38 2 29
7 55 1 66 3 11 11 44 2 58 6 18 12 55 8 16 19 74 13 91 0 90 18 2 10 88 9 63 14 1 17 10 15 68 16 18 4 51 5 73
15 26 0 91 5 91 6 57 11 37 7 44 4 44 13 16 12 42 2 38 3 61 8 10 17 1 14 33 19 97 18 10 9 68 16 13 1 79 10 8
1 52 0 57 9 70 10 34 2 3 18 53 19 96 12 45 17 85 6 11 8 19 5 10 14 16 13 2 3 79 7 87 4 31 15 91 11 9 16 84
14 72 15 4 10 43 16 18 5 58 1 7 8 69 4 4 6 18 18 93 11 28 7 32 3 90 12 83 2 90 17 45 9 90 13 14 19 71 0 52
10 63 13 46 15 89 3 19 18 80 8 57 6 52 14 45 5 38 4 92 2 37 7 88 17 23 1 53 16 78 19 92 9 78 11 23 12 13 0 31
3 47 8 68 1 73 18 46 0 52 6 66 17 14 16 36 19 72 2 24 12 89 10 57 9 90 15 27 14 50 4 70 5 49 13 47 7 41 11 20
8 38 7 10 1 10 13 29 14 36 4 85 2 33 19 50 6 27 5 8 0 36 9 95 18 25 17 86 12 73 3 75 10 94 15 39 16 60 11 87
17 54 7 86 2 3 9 97 5 57 4 89 14 71 10 40 18 12 6 79 15 47 13 42 0 1 19 96 3 6 8 10 16 69 1 86 12 40 11 76
0 77 18 18 6 39 2 16 19 97 15 96 3 69 10 13 14 68 8 32 7 18 17 46 1 72 13 3 4 64 11 40 12 53 9 63 5 97 16 32
9 30 4 86 2 82 1 85 19 5 11 2 16 66 6 46 0 42 3 88 17 82 12 92 15 72 7 7 13 67 18 42 5 51 14 36 10 55 8 78
17 70 12 98 6 69 4 71 15 85 8 33 13 82 11 73 9 16 2 12 0 26 5 30 19 47 3 13 7 26 16 12 14 14 18 31 1 12 10 5
11 79 12 51 17 77 13 27 18 40 4 86 14 68 10 41 1 24 2 22 9 87 7 39 3 90 8 3 15 81 16 13 19 11 0 97 5 79 6 20
8 42 10 12 9 33 4 39 19 27 3 45 6 48 2 50 14 55 12 32 17 38 7 77 1 1 0 83 18 59 15 17 16 37 13 7 11 46 5 57
5 77 6 25 17 96 7 6 14 60 13 11 1 48 4 40 0 97 15 53 2 91 9 38 3 71 11 64 10 60 18 7 16 80 8 18 19 70 12 90
19 87 15 85 14 50 12 5 13 75 1 57 0 83 10 46 2 58 5 66 6 67 9 64 8 95 18 36 3 81 11 40 7 21 17 21 4 7 16 15
3 50 10 70 18 87 19 80 0 28 15 70 2 72 4 54 17 79 9 92 6 67 11 98 8 98 16 73 13 93 12 87 7 24 14 76 5 97 1 48
9 45 12 7 3 20 2 71 14 34 11 31 10 5 16 88 17 33 15 22 19 12 8 57 13 84 1 22 0 58 18 21 4 35 5 62 7 46 6 91
5 3 1 82 11 50 14 50 13 92 10 19 7 90 12 19 15 59 6 3 8 65 2 87 4 12 17 94 3 32 16 35 0 63 19 77 9 83 18 23
3 64 6 13 15 72 18 1 12 47 17 64 16 39 8 70 11 35 2 45 7 41 4 45 10 21 1 39 9 42 0 71 14 43 13 41 19 33 5 78
9 14 10 18 17 53 4 30 13 18 3 53 19 92 8 92 18 29 1 36 11 48 12 69 15 44 0 52 6 25 5 15 2 85 14 34 16 76 7 16
0 63 7 68 5 10 3 55 19 74 10 26 12 22 2 42 17 37 11 76 4 17 8 44 1 8 16 77 13 44 18 79 14 40 15 84 6 4 9 17
14 15 19 15 2 53 15 59 0 42 12 32 17 37 3 88 7 82 4 41 6 80 8 58 10 82 1 15 16 49 11 90 5 42 9 80 18 72 13 36
6 65 8 26 13 43 19 72 11 32 9 18 7 93 18 87 17 79 14 54 0 37 10 51 1 80 3 14 16 5 5 1 12 81 4 92 15 97 2 30
7 51 18 47 9 83 17 19 10 2 2 74 13 52 4 6 1 44 15 7 8 46 3 68 6 24 19 37 12 13 5 75 11 29 0 84 14 6 16 47
12 86 4 90 17 45 5 3 0 31 16 26 2 87 11 9 3 87 13 54 9 44 19 62 6 32 15 51 10 83 14 72 18 66 1 50 7 22 8 56
5 74 10 82 13 43 8 61 17 88 9 5 3 2 7 64 16 12 11 15 2 17 6 90 19 53 18 99 12 62 4 11 15 68 1 9 0 65 14 53
7 83 12 92 17 2 9 7 5 4 18 22 10 72 6 2 3 92 16 39 8 5 1 5 4 68 11 43 2 19 0 85 19 39 15 47 14 8 13 18
12 81 15 5 0 76 13 49 6 28 14 15 9 64 4 60 10 51 7 80 5 35 8 36 16 18 18 47 11 80 2 62 3 21 19 30 17 60 1 14
3 52 8 45 17 4 13 25 15 65 5 9 4 95 14 78 19 66 12 54 7 75 10 94 16 92 9 23 11 14 0 45 18 99 6 93 1 93 2 32
7 91 13 23 12 81 0 38 10 38 8 9 19 33 4 18 6 63 1 46 11 92 5 14 9 69 18 4 15 84 16 2 3 19 2 48 17 28 14 88
5 40 9 82 1 47 8 63 0 10 13 58 15 51 7 92 3 51 12 51 11 58 14 27 2 64 18 21 10 46 6 87 17 7 16 32 19 18 4 67
0 20 2 75 13 84 19 16 16 72 14 10 17 66 5 19 8 21 6 87 15 87 1 22 12 8 7 20 18 9 9 93 4 20 11 97 10 28 3 27
11 84 7 26 17 67 16 7 0 31 1 66 14 37 12 75 18 55 10 8 3 79 19 42 2 16 4 33 5 44 6 10 15 35 13 59 9 81 8 66
15 36 19 8 7 76 9 87 2 68 3 67 4 24 10 11 17 15 18 52 12 91 14 3 0 11 13 29 6 35 8 65 5 33 1 23 16 58 11 95
14 26 12 59 8 63 4 70 1 68 3 87 19 1 15 95 13 77 17 37 2 30 7 12 10 95 6 62 11 73 16 39 9 16 0 42 5 6 18 21
11 70 16 28 8 82 1 39 4 87 0 49 19 73 13 55 6 19 18 52 12 85 10 37 3 36 14 59 5 92 2 41 17 6 7 37 15 61 9 92
7 74 1 8 17 49 4 88 5 77 18 61 16 14 14 66 2 92 10 49 3 65 11 5 6 39 9 20 12 32 8 46 19 47 13 91 0 39 15 41
2 97 0 38 17 41 10 27 13 34 7 40 6 72 8 96 5 69 19 67 14 76 3 89 9 65 1 4 11 5 18 4 15 60 4 26 12 56 16 43
3 55 16 78 0 21 1 41 12 34 8 4 6 7 19 17 9 5 10 15 7 3 14 76 4 6 2 69 13 94 5 71 11 33 15 33 18 80 17 81
4 16 19 32 17 16 14 71 16 73 5 64 11 64 1 86 9 71 3 14 2 32 12 85 6 42 7 59 18 96 0 86 13 1 8 40 10 20 15 89
16 23 2 80 19 41 1 68 11 9 6 27 3 67 9 64 13 53 4 61 5 37 8 29 14 67 0 3 17 63 18 36 7 56 15 62 12 51 10 59
12 13 8 80 19 48 1 33 17 6 10 37 5 1 16 57 7 68 15 27 9 27 13 85 18 34 6 11 0 51 2 67 4 75 14 17 3 58 11 32
