50 20
18 65 14 40 17 90 7 39 16 74 13 1 10 27 9 21 4 35 1 65 8 59 0 76 6 74 15 9 3 17 2 55 11 90 5 49 12 94 19 20
6 38 12 84 7 24 8 7 18 28 4 81 15 13 10 49 5 65 14 35 9 37 13 98 0 98 19 63 1 15 2 60 16 16 11 84 3 33 17 4
1 1 5 30 18 21 4 16 14 85 11 70 9 87 16 55 19 61 12 5 2 78 10 69 6 90 13 10 15 72 7 88 8 14 17 93 0 53 3 89
16 43 7 28 13 49 0 98 15 49 14 47 8 84 11 81 5 65 2 63 19 95 4 32 17 26 12 94 10 85 3 68 18 44 6 34 9 40 1 63
3 45 8 86 10 1 5 55 18 61 7 27 19 24 6 48 0 36 14 31 17 73 1 31 11 20 15 12 9 15 13 29 4 30 12 62 16 38 2 12
15 69 11 89 3 32 19 38 12 37 8 8 17 76 7 62 2 16 0 51 1 92 10 50 6 97 4 51 14 57 9 40 13 82 18 64 5 27 16 77
0 66 10 90 7 51 13 40 9 75 2 97 3 64 15 71 5 55 18 58 14 41 17 26 4 28 19 68 8 26 16 24 1 34 11 63 6 27 12 48
5 81 1 45 13 28 6 91 17 17 10 51 15 68 3 13 7 66 2 74 14 79 19 8 9 63 0 58 12 26 11 3 18 89 8 46 16 50 4 30
13 92 17 79 1 95 3 40 6 51 8 79 9 41 12 21 14 5 4 53 7 83 5 49 15 98 19 21 16 76 2 4 11 45 10 52 18 38 0 8
11 19 2 49 3 69 6 19 0 57 1 90 9 11 12 47 16 87 4 79 18 75 19 89 17 1 13 77 14 31 15 10 5 72 7 35 10 65 8 11
6 76 7 14 11 7 4 76 10 90 8 9 2 82 14 54 16 57 0 77 17 35 1 15 3 43 9 34 12 67 13 7 15 63 19 25 5 85 18 73
14 32 8 57 6 71 2 24 10 41 11 11 3 52 1 92 0 5 13 10 16 10 19 72 12 87 7 53 15 91 17 53 18 59 9 56 4 14 5 48
14 44 13 79 16 68 8 16 2 7 5 74 10 76 18 33 4 7 19 11 17 33 6 19 11 11 12 79 3 67 15 65 9 62 7 21 1 71 0 86
4 59 14 5 18 71 10 45 17 34 19 50 15 63 13 43 8 22 12 35 7 53 16 68 1 7 3 85 11 16 0 44 2 54 5 22 9 37 6 54
18 16 3 25 13 91 17 76 19 92 4 20 16 51 6 51 12 6 11 12 2 92 10 97 8 29 14 4 15 8 9 86 1 99 5 95 7 62 0 99
17 85 3 47 7 4 5 17 16 67 9 54 13 7 2 34 15 73 4 80 1 42 11 50 8 12 19 24 0 22 10 65 12 46 6 91 14 72 18 87
0 89 9 84 11 84 16 9 5 47 12 49 18 26 17 46 10 2 3 20 14 29 8 58 4 22 7 40 15 90 2 97 13 22 19 42 6 26 1 36
19 18 10 65 1 34 16 88 17 87 7 79 3 62 4 29 13 77 12 27 8 27 14 91 2 17 15 35 11 85 18 2 9 3 0 18 6 2 5 57
5 86 1 69 4 84 6 71 17 49 14 9 7 62 19 49 2 68 3 61 0 99 9 61 10 20 16 69 13 29 11 98 18 87 15 67 12 80 8 81
9 37 2 29 5 47 10 16 14 87 3 94 19 63 6 8 12 19 16 11 17 80 18 3 1 36 15 71 0 67 11 48 4 61 8 96 7 5 13 52
6 39 18 94 16 97 5 57 3 57 4 21 11 45 19 64 10 95 9 7 2 76 17 2 7 46 1 68 8 63 15 35 0 13 13 44 12 59 14 19
8 3 3 3 14 34 9 38 18 67 13 19 10 12 2 29 6 66 19 11 1 86 7 67 4 75 15 18 17 46 5 30 11 69 12 24 0 66 16 55
19 15 15 88 17 33 13 13 16 49 4 54 1 26 2 24 9 10 12 56 14 97 7 51 11 61 0 24 8 59 6 74 10 64 5 49 18 49 3 41
15 63 17 9 1 54 11 36 18 97 10 94 3 52 13 65 0 96 5 59 9 89 19 92 8 5 16 98 6 83 4 15 7 36 14 97 12 7 2 8
2 39 16 95 15 83 8 81 3 80 18 15 17 90 5 2 19 23 14 12 10 79 12 29 13 20 6 61 7 33 1 24 4 20 9 17 0 32 11 43
3 28 10 93 0 54 17 55 13 67 8 70 7 52 15 18 19 23 1 65 11 43 12 58 2 44 16 86 5 75 9 74 4 58 6 64 14 7 18 89
11 87 3 70 13 48 9 70 4 32 18 46 10 63 1 57 5 59 6 30 16 22 7 86 2 1 19 56 8 69 15 11 17 53 12 44 14 25 0 5
16 70 9 30 19 74 4 1 1 69 3 37 6 78 10 23 2 77 15 44 11 66 7 24 0 61 5 90 18 92 14 4 17 82 13 74 12 29 8 50
18 87 8 98 5 71 19 32 6 18 3 77 12 2 15 63 2 48 4 79 11 48 16 98 13 97 9 5 7 95 17 62 10 74 1 26 14 1 0 3
19 22 11 41 6 39 4 25 16 67 1 83 8 97 13 59 17 99 0 62 14 55 10 16 12 15 18 14 5 74 2 99 9 15 3 99 15 77 7 98
1 9 0 89 4 42 8 98 13 49 12 75 11 92 16 14 19 60 2 75 7 41 14 24 3 8 9 29 6 25 10 44 17 29 15 25 5 3 18 62
8 74 7 74 2 68 6 89 1 83 16 52 18 88 15 81 3 28 4 91 0 90 9 86 5 13 19 73 11 96 10 79 17 63 12 21 14 59 13 42
16 66 3 82 13 96 1 43 6 72 2 66 11 45 4 87 19 16 15 51 8 5 9 20 12 73 5 62 14 96 0 83 7 40 17 39 10 47 18 77
14 52 2 88 1 95 9 91 8 42 6 5 3 58 16 1 11 56 0 84 15 15 13 40 10 80 4 58 12 16 18 63 17 76 7 16 19 56 5 74
19 67 13 8 6 33 7 54 3 45 4 45 11 98 18 36 15 91 17 8 5 46 2 17 8 8 9 9 14 82 10 63 1 27 0 97 16 10 12 1
13 15 4 66 17 48 9 18 7 47 16 35 1 59 19 49 10 66 18 3 8 34 11 26 15 23 2 86 12 46 6 21 14 5 0 75 3 46 5 68
13 99 3 2 7 26 6 90 11 84 10 93 5 7 8 10 15 14 2 52 19 84 1 30 16 28 4 88 0 73 18 79 14 27 9 52 17 86 12 91
19 20 15 7 8 55 10 29 17 79 16 81 4 99 2 36 0 75 12 50 3 1 11 54 9 73 1 5 7 59 13 88 5 99 14 21 6 12 18 97
7 14 16 89 8 53 2 98 12 63 19 22 13 6 18 81 6 27 9 28 17 47 3 81 4 69 14 95 11 94 1 29 5 13 0 94 10 94 15 24
19 82 6 4 18 33 3 34 9 36 14 48 5 56 7 76 16 10 10 46 13 40 1 84 15 58 11 24 4 21 0 45 2 94 8 25 12 54 17 80
14 6 19 86 18 37 3 43 5 29 1 22 7 82 12 3 11 19 15 85 13 77 2 69 4 57 0 36 9 92 8 24 16 96 6 40 10 99 17 18
12 64 13 32 5 84 4 50 0 70 17 42 7 45 19 19 15 90 11 71 6 32 16 54 14 8 2 30 8 64 18 13 10 14 3 26 9 85 1 24
15 38 10 67 19 96 17 55 12 13 0 35 16 52 9 22 5 10 4 18 13 87 6 22 2 28 8 19 14 56 1 82 3 56 18 56 11 78 7 24
17 23 2 45 14 9 0 29 5 90 18 43 3 98 4 74 10 16 19 49 1 18 13 92 8 54 12 35 11 91 7 17 6 61 15 84 16 85 9 58
12 24 0 29 17 82 6 70 16 12 9 7 1 33 11 67 3 98 2 43 8 67 14 23 10 45 15 50 13 28 5 19 4 86 7 12 18 89 19 46
12 85 8 95 9 12 17 92 1 61 4 92 6 12 7 94 11 44 16 6 10 92 13 16 5 48 18 90 19 31 15 6 0 1 14 74 2 35 3 97
12 89 11 76 16 88 10 12 9 44 6 28 13 22 5 72 3 84 18 87 15 13 2 89 14 33 4 88 7 94 17 6 19 78 1 86 8 31 0 55
2 5 9 98 16 65 4 49 11 76 0 20 7 99 19 66 15 3 12 83 6 57 3 26 1 50 18 53 5 47 10 94 13 82 8 49 14 17 17 58
16 24 6 87 12 29 0 68 11 87 10 55 19 35 7 70 3 41 13 26 14 86 18 54 4 5 8 44 17 10 9 79 5 41 2 22 15 24 1 59
19 82 8 34 1 4 0 70 14 28 12 50 18 64 7 44 10 48 6 62 16 64 2 39 15 63 5 87 9 67 13 61 11 45 3 70 4 9 17 84
