50 20
15 78 13 41 11 87 5 47 10 20 17 59 8 61 0 99 6 94 19 51 3 82 4 66 2 23 18 68 9 55 16 8 14 87 7 98 1 80 12 60
4 28 17 39 7 41 19 17 13 18 2 18 12 36 9 59 11 15 18 58 10 70 15 64 5 63 14 97 3 38 8 35 6 43 0 38 1 5 16 75
2 98 3 66 10 98 11 42 16 3 7 17 4 44 1 38 13 13 9 64 6 97 17 5 15 83 14 5 0 24 18 5 8 59 5 58 19 27 12 90
7 55 0 53 4 56 12 18 15 5 9 75 1 86 14 63 18 77 13 71 2 65 10 17 6 76 19 33 17 52 5 59 11 85 3 88 16 34 8 62
15 78 11 93 9 27 10 7 17 62 8 69 7 29 3 59 1 79 13 90 18 4 0 78 5 20 16 16 2 87 6 61 4 85 19 24 14 3 12 55
6 61 3 17 16 71 4 2 9 44 15 28 7 34 18 23 12 99 0 31 13 96 5 85 10 48 8 18 1 79 14 85 17 22 19 13 2 77 11 47
7 77 9 9 17 80 8 38 5 15 6 12 11 52 12 62 19 70 18 25 1 4 15 67 0 88 4 11 3 94 13 88 10 91 14 64 2 40 16 31
1 53 15 65 13 74 8 27 11 39 0 67 3 20 19 90 12 64 16 83 4 75 17 8 9 24 14 76 10 40 6 38 5 59 18 73 7 33 2 20
14 30 18 88 7 70 9 30 16 32 11 54 3 76 0 16 13 32 6 60 1 1 4 86 8 59 12 9 2 2 17 11 19 69 15 36 10 38 5 72
3 86 5 50 15 18 1 71 19 61 17 32 8 22 16 85 10 76 7 44 6 62 9 32 11 61 13 35 18 7 4 24 14 35 2 50 0 35 12 52
14 35 9 5 15 20 10 47 7 50 18 83 19 83 12 68 11 45 5 23 4 47 16 40 0 24 1 76 6 52 2 25 17 43 3 56 8 47 13 68
4 71 14 42 2 45 13 72 15 1 5 10 16 67 19 76 18 21 9 21 12 99 7 37 1 48 11 56 3 80 17 98 10 68 8 45 6 46 0 7
18 1 2 71 9 89 1 99 8 30 19 45 7 92 10 24 6 43 11 69 12 90 15 57 5 89 0 43 16 28 14 38 13 16 4 92 17 37 3 34
8 19 9 91 18 51 3 83 7 56 6 50 2 44 13 93 16 91 10 81 5 65 19 56 11 26 14 70 12 46 15 75 1 69 0 98 4 62 17 79
9 61 17 69 2 10 8 29 15 27 6 73 7 49 1 32 13 2 12 22 0 36 10 66 4 57 18 93 16 92 3 82 5 73 19 84 14 69 11 56
10 82 4 50 1 13 15 82 5 67 6 27 13 32 17 44 18 76 0 17 2 38 14 82 11 47 3 54 9 24 12 35 8 31 19 72 7 34 16 65
13 14 2 21 3 86 11 62 18 60 9 48 0 80 12 49 10 81 14 45 8 48 1 81 6 87 19 62 16 89 17 98 15 46 4 8 7 85 5 8
14 94 13 74 15 42 5 21 18 68 1 63 3 74 4 4 19 21 17 81 11 95 8 52 9 53 6 73 7 90 16 64 2 45 0 7 12 46 10 55
11 93 9 41 16 53 13 83 17 69 0 38 3 20 14 13 8 48 19 91 4 23 6 61 18 93 1 93 7 10 2 60 12 58 10 32 15 52 5 66
13 21 1 24 0 49 4 3 18 20 6 56 8 87 16 36 14 30 15 23 3 18 11 94 5 77 10 6 17 92 19 32 7 65 9 21 12 86 2 65
14 34 6 95 2 9 13 86 5 93 17 42 4 20 0 37 1 72 15 91 12 74 3 80 11 65 7 62 10 40 8 62 9 62 18 60 19 56 16 8
3 91 6 96 1 34 15 14 10 67 16 95 5 47 9 54 18 62 17 84 4 71 7 61 2 8 14 76 0 72 19 56 12 55 8 70 13 78 11 69
13 63 11 7 16 52 6 71 2 59 17 85 5 96 18 82 1 96 10 30 4 97 15 34 3 99 14 69 8 72 9 99 0 38 12 31 7 32 19 16
19 24 18 18 1 92 0 13 16 59 15 56 8 16 3 17 9 46 17 45 14 20 7 96 13 60 11 43 2 87 6 9 12 84 10 43 4 68 5 97
1 38 18 78 2 38 8 12 17 6 9 21 15 37 11 55 0 44 16 34 10 88 6 75 13 25 7 37 14 71 4 81 19 59 5 54 3 66 12 58
6 13 7 33 13 11 15 82 16 13 2 24 4 89 5 85 14 30 3 98 0 2 10 15 12 39 17 58 8 81 18 64 1 8 11 93 9 57 19 79
18 75 5 28 15 29 16 93 3 17 19 10 2 85 17 41 7 29 11 90 14 11 4 39 12 17 9 76 0 45 6 15 8 1 10 90 13 74 1 94
19 69 1 79 13 80 9 53 18 41 11 68 10 47 5 34 2 64 8 93 6 49 3 77 0 12 15 65 12 15 16 52 7 73 4 12 14 20 17 44
14 13 9 91 16 48 6 53 15 39 17 74 7 6 18 82 2 33 3 61 11 48 5 39 0 87 12 17 19 95 1 50 4 70 10 82 8 69 13 86
0 6 1 50 17 72 4 70 18 43 10 81 5 15 16 21 14 69 6 70 12 61 13 27 3 9 8 61 11 3 7 72 2 77 19 81 9 79 15 29
16 32 19 20 1 63 9 58 5 40 10 31 8 81 15 32 0 4 4 4 13 79 14 94 7 77 12 48 18 43 6 90 2 95 3 18 17 59 11 9
8 9 14 44 7 99 9 15 19 81 2 47 13 17 6 63 1 94 0 43 10 94 3 93 17 15 15 55 5 17 4 28 11 65 16 73 12 99 18 9
4 87 18 20 11 86 3 25 16 82 17 65 13 60 5 32 1 86 0 20 14 80 10 54 6 91 7 2 19 60 15 38 8 24 9 18 2 2 12 39
14 33 16 19 3 38 0 18 13 59 4 68 18 84 12 21 19 90 17 74 15 40 7 90 11 83 9 33 10 23 8 75 6 69 2 63 1 75 5 87
0 27 15 81 19 99 2 71 13 43 3 26 9 69 8 19 17 92 6 49 16 90 4 68 18 8 10 16 5 16 1 67 11 37 14 14 12 33 7 97
9 18 10 6 4 82 14 49 8 14 15 47 11 41 3 98 1 85 12 55 2 52 5 69 13 42 0 80 16 3 6 97 18 36 7 84 17 26 19 17
8 73 9 59 5 88 17 35 1 44 19 34 14 7 16 42 3 96 4 1 2 20 12 83 10 43 18 15 7 21 15 68 13 68 6 65 0 95 11 21
13 23 0 16 3 46 16 54 14 97 1 7 18 93 9 91 6 31 5 43 11 17 7 81 4 63 17 72 12 60 15 24 19 39 2 3 10 97 8 1
18 39 6 90 17 46 2 22 15 78 19 32 4 64 0 47 1 90 3 46 14 42 16 11 7 87 10 99 13 60 12 68 5 14 11 77 8 59 9 87
4 95 18 98 10 45 12 77 16 47 1 79 2 46 6 60 11 81 5 27 15 90 17 79 14 91 3 61 7 52 9 1 0 14 13 59 8 34 19 35
4 23 19 18 14 14 3 77 18 81 2 54 12 82 16 10 6 96 7 71 0 23 8 71 10 44 15 31 13 13 1 80 9 59 5 12 11 45 17 79
0 93 11 57 3 70 19 8 16 52 13 49 14 30 8 48 1 59 18 20 10 50 12 39 9 74 4 62 7 90 17 94 2 49 6 53 15 61 5 6
11 80 19 84 0 23 12 19 4 22 13 81 10 9 17 70 14 42 8 86 5 20 15 66 3 67 7 62 6 98 1 63 2 70 18 9 9 26 16 84
0 71 2 38 16 36 19 17 5 11 6 15 17 75 12 24 13 5 3 16 18 45 15 71 1 97 4 38 11 37 14 14 8 24 10 65 7 15 9 64
6 97 17 62 2 61 13 48 3 13 10 85 19 71 7 36 15 94 8 6 12 46 16 31 9 92 18 14 1 32 0 33 14 6 4 75 5 37 11 87
0 1 11 71 17 91 16 54 1 20 7 69 2 75 3 98 14 77 18 80 12 23 19 20 13 8 8 24 5 1 15 91 4 61 6 40 9 52 10 69
6 52 18 80 2 51 1 94 16 10 15 96 10 17 9 63 4 95 0 79 7 4 14 44 12 73 17 44 3 31 19 5 5 61 13 88 11 19 8 68
18 69 12 78 7 70 2 98 5 26 15 47 17 54 0 91 4 43 1 38 9 82 3 9 10 64 14 98 13 89 11 61 16 25 6 42 8 75 19 54
5 95 8 75 19 3 18 88 12 24 16 10 9 29 4 35 0 6 7 60 6 31 11 61 10 6 17 98 2 61 14 23 3 90 13 2 1 35 15 25
3 95 14 95 7 65 13 9 4 72 11 40 19 3 9 14 2 49 1 68 0 58 10 78 12 60 8 48 18 72 5 73 17 4 15 38 6 94 16 59
