50 20
14 39 17 13 2 8 16 10 7 76 1 15 0 42 4 17 19 67 15 1 3 81 9 77 13 21 11 50 6 72 18 86 10 82 5 15 12 25 8 76
13 6 10 41 9 72 18 22 16 38 12 58 0 1 8 35 1 45 19 93 14 18 15 82 4 30 5 7 2 38 3 93 7 36 17 58 6 9 11 35
19 76 1 60 16 48 0 87 14 38 15 72 11 60 18 1 10 59 9 10 7 36 2 94 4 3 13 22 5 26 8 99 3 88 17 70 6 84 12 29
15 82 12 74 18 47 16 58 14 9 17 7 0 99 4 53 3 87 1 56 19 18 9 28 8 85 2 18 11 78 13 60 10 62 6 95 5 45 7 54
6 60 5 46 9 4 17 70 15 48 11 31 0 83 16 53 3 47 2 62 8 14 13 84 1 4 10 79 19 13 12 55 18 7 4 78 7 88 14 51
19 68 17 12 7 84 0 21 18 31 3 80 10 51 11 44 6 74 14 67 5 81 12 53 4 28 9 2 16 83 13 64 8 75 2 18 1 48 15 67
19 30 15 26 6 73 10 5 12 4 9 50 4 69 14 82 8 12 5 72 3 22 1 62 13 42 0 93 2 52 7 88 17 4 18 86 11 94 16 66
3 67 2 23 17 49 13 24 7 83 14 56 8 34 15 63 0 92 6 33 19 99 9 93 18 66 1 80 12 97 5 22 4 5 11 62 16 57 10 36
0 77 11 46 17 76 8 30 1 68 9 64 10 14 5 64 3 91 7 47 19 19 6 33 16 23 14 82 2 24 15 65 18 65 12 97 4 66 13 84
15 5 12 21 2 8 5 21 14 26 11 98 10 78 13 35 17 56 3 56 7 72 16 43 19 58 9 58 4 77 18 26 8 60 0 23 6 30 1 52
18 80 13 82 12 87 9 63 4 12 1 5 14 48 0 98 15 85 19 1 8 55 11 43 16 25 17 32 2 5 10 89 6 49 7 94 3 64 5 87
15 13 11 13 4 59 7 48 1 68 10 23 8 20 19 18 18 7 14 7 6 63 5 94 16 93 3 98 12 24 9 52 13 17 0 45 2 10 17 8
6 53 16 42 5 89 14 61 19 14 4 85 1 63 9 97 3 88 2 44 18 95 10 53 0 21 13 91 7 89 17 95 8 85 15 83 11 70 12 1
12 95 6 80 16 66 1 97 11 50 7 43 19 79 17 95 3 57 2 57 10 36 18 49 15 65 0 98 13 98 9 50 8 46 4 68 14 93 5 91
9 69 2 15 15 51 4 84 17 87 1 42 19 79 8 5 14 7 5 66 18 98 0 18 6 85 10 48 13 40 12 47 16 53 3 61 7 99 11 88
3 23 4 3 16 58 5 77 0 40 7 1 1 4 18 18 19 66 10 87 11 36 8 25 9 37 2 30 12 29 15 73 13 60 6 81 14 21 17 55
17 14 12 74 13 59 0 44 7 93 14 46 19 95 16 66 4 83 11 61 18 61 3 13 6 26 8 32 5 95 10 11 2 37 1 7 9 90 15 77
11 66 9 46 8 44 7 24 14 12 10 95 12 97 3 25 15 95 17 34 1 17 5 92 6 23 4 45 19 82 0 97 13 76 16 31 18 46 2 63
1 25 4 32 11 34 17 51 14 51 16 96 2 34 15 91 18 4 6 28 12 3 5 74 7 45 19 78 9 82 13 58 0 78 10 30 3 81 8 75
18 15 11 55 5 20 17 18 0 52 4 20 15 40 16 25 1 80 8 42 13 81 9 45 12 47 14 3 7 54 3 17 19 85 2 19 10 32 6 67
2 79 9 52 3 43 6 87 0 98 7 89 17 23 16 90 8 94 18 27 5 10 14 4 4 50 1 96 10 73 15 57 19 64 11 11 12 65 13 24
5 20 15 12 11 55 19 57 1 54 2 15 14 92 4 18 3 48 18 86 13 16 6 93 7 32 8 57 9 61 17 13 12 10 0 17 10 64 16 11
4 93 12 2 11 71 2 93 14 65 16 80 17 39 9 29 3 21 1 67 7 55 13 65 15 10 19 27 10 66 8 78 5 69 0 51 6 85 18 55
1 97 5 64 17 19 12 59 11 37 9 43 15 12 14 45 0 84 18 40 8 10 10 94 2 66 16 36 7 52 4 68 3 24 19 14 6 85 13 85
8 76 9 9 4 20 17 31 2 63 1 50 10 31 15 46 12 42 18 47 13 65 7 51 0 87 5 90 11 66 19 67 3 30 16 9 14 95 6 82
14 12 12 46 10 31 6 22 19 32 5 48 18 43 7 4 9 58 8 4 2 64 1 19 3 75 17 21 13 54 4 12 0 14 16 36 11 46 15 72
11 92 17 83 7 40 14 54 19 33 18 4 10 87 12 9 9 69 1 26 13 80 5 62 2 82 16 99 3 24 8 24 6 49 0 57 15 30 4 49
13 33 2 46 16 41 0 4 19 19 4 66 12 25 10 16 18 85 6 81 1 73 5 22 8 3 15 21 7 35 3 42 11 25 17 36 14 27 9 17
6 34 10 67 11 79 19 34 9 23 2 16 12 21 15 24 8 85 17 82 3 55 7 8 14 89 18 18 0 31 4 85 13 84 16 91 1 3 5 93
11 8 9 82 2 32 17 42 19 47 14 16 1 9 4 65 10 63 12 1 6 28 7 47 5 21 8 64 16 90 0 76 15 6 13 32 18 46 3 99
2 38 7 88 3 50 11 16 1 55 13 64 4 93 14 51 10 70 12 63 5 16 17 79 16 69 8 88 19 85 15 3 6 75 9 49 18 85 0 22
4 29 14 46 6 70 16 13 3 28 5 28 12 58 0 30 7 98 2 53 8 58 9 35 15 83 13 65 19 4 10 8 18 40 1 41 17 78 11 64
14 92 7 13 4 51 10 57 9 6 0 1 8 81 6 79 3 17 5 6 2 17 19 60 12 62 13 29 16 84 18 26 15 68 17 32 11 41 1 45
5 41 2 85 7 91 19 93 12 88 4 27 16 98 13 81 9 30 0 60 11 67 14 1 3 1 17 45 15 36 10 75 6 61 1 1 8 3 18 19
4 56 14 42 3 4 0 20 6 13 5 53 8 21 15 29 11 29 2 84 17 7 12 38 16 21 1 93 10 40 13 39 19 24 7 56 18 71 9 73
7 15 19 33 10 33 14 16 6 11 2 68 16 23 1 44 15 44 3 46 8 25 9 79 12 6 18 93 13 35 0 84 11 48 4 42 5 28 17 47
3 72 7 59 11 52 5 55 16 48 0 29 19 99 14 20 13 36 4 62 10 3 2 86 8 1 6 92 15 78 18 33 12 1 1 50 17 61 9 46
16 83 12 29 4 53 9 97 7 5 10 69 14 7 17 29 3 46 1 10 13 33 11 11 2 16 0 40 15 48 6 22 19 68 8 75 5 46 18 62
8 10 13 52 6 27 11 92 16 15 7 56 19 67 15 95 3 85 18 77 14 37 17 2 2 38 10 63 9 24 1 76 12 99 0 19 5 97 4 43
12 96 1 35 10 36 6 87 5 45 0 7 15 62 2 35 8 40 9 90 14 75 4 89 7 67 17 28 13 51 19 69 16 24 18 22 11 22 3 4
16 40 15 84 19 57 2 26 8 29 9 15 13 20 10 83 18 69 17 84 0 29 12 57 3 51 7 30 1 90 6 14 11 63 5 33 4 63 14 36
9 38 2 21 10 14 1 56 13 70 5 56 6 8 12 87 0 8 7 23 4 30 11 19 17 53 18 31 3 19 16 69 15 95 14 63 8 95 19 43
9 4 7 62 14 11 11 4 12 21 8 84 1 47 19 21 0 31 16 30 4 17 10 19 17 51 15 41 13 94 5 84 18 26 3 24 6 92 2 52
1 82 2 90 7 47 18 98 14 73 15 98 9 51 6 15 0 31 19 59 10 41 5 39 11 10 3 25 13 57 4 41 8 22 16 25 12 83 17 47
11 5 7 16 13 45 14 85 9 46 8 3 5 87 0 27 16 83 17 9 4 93 2 72 3 76 10 16 18 24 6 21 15 6 19 81 12 50 1 77
1 38 10 88 12 90 3 28 17 97 19 16 14 3 0 45 15 53 9 80 6 35 13 60 16 31 5 51 2 21 11 41 18 15 8 41 4 20 7 46
16 49 17 97 8 83 12 29 2 41 6 22 7 90 14 44 11 88 18 81 19 13 10 77 13 3 5 60 3 91 1 17 9 43 0 81 4 97 15 80
1 9 7 55 10 48 0 27 15 66 16 73 13 71 19 23 8 44 2 78 6 40 14 83 5 51 4 70 18 86 17 52 12 11 3 88 11 65 9 32
15 65 19 29 0 41 6 69 17 77 7 70 18 98 16 38 4 73 11 1 3 17 9 85 12 29 14 20 5 9 10 69 8 77 1 38 2 99 13 88
18 92 15 97 0 6 10 36 16 76 14 11 2 18 12 40 11 30 4 71 9 3 6 21 8 16 19 69 17 66 13 96 7 14 3 99 5 7 1 54
