50 20
17 2 10 26 0 69 18 15 5 65 4 98 19 64 6 29 9 15 14 39 8 54 1 94 15 37 12 22 16 40 2 17 13 62 3 85 7 17 11 70
4 98 2 4 7 70 8 56 1 42 12 99 11 40 13 19 5 41 10 25 0 64 17 18 6 12 18 36 9 59 14 61 19 77 3 19 16 61 15 34
10 76 9 35 13 57 15 40 6 31 7 55 14 9 4 83 11 40 5 4 17 73 1 21 3 87 12 23 19 90 2 61 18 4 8 90 16 96 0 47
4 88 5 98 18 57 6 81 9 25 0 41 16 66 8 59 14 61 3 90 10 28 17 86 15 99 2 83 13 65 12 1 1 44 11 1 19 54 7 8
16 95 15 1 18 85 14 43 3 90 4 18 8 48 1 57 0 44 13 20 19 59 9 58 7 52 17 3 12 48 11 61 10 60 2 43 6 15 5 9
17 93 15 93 18 93 11 30 13 13 7 24 12 16 16 46 4 99 19 27 6 72 9 62 2 79 10 86 5 11 0 85 8 41 1 71 14 58 3 20
9 83 13 7 17 1 1 53 10 41 8 4 14 36 7 2 3 52 6 38 12 46 5 68 4 50 15 77 16 19 0 32 11 20 19 79 18 39 2 28
18 5 10 3 13 68 7 42 12 14 11 77 9 11 5 57 8 8 1 19 6 80 16 48 14 53 0 24 17 29 15 43 3 74 4 37 2 38 19 70
2 12 7 70 18 26 4 72 5 3 11 69 10 35 0 60 1 35 19 84 8 77 14 20 9 9 15 23 16 9 17 44 3 30 12 64 6 73 13 87
16 80 4 33 3 85 18 76 6 66 14 69 15 92 1 70 19 1 8 90 11 44 5 54 9 75 7 4 13 73 17 65 2 46 12 65 10 63 0 8
3 51 4 94 18 65 16 41 1 1 2 80 13 33 5 24 8 83 10 65 17 36 6 69 7 95 15 27 14 89 0 84 19 68 9 77 11 49 12 15
7 66 10 40 19 68 15 4 16 57 17 44 13 80 14 75 4 59 0 44 12 40 9 52 3 46 18 83 8 51 2 18 1 9 5 54 11 17 6 66
4 8 18 26 3 83 13 42 7 57 9 92 6 66 10 96 16 22 15 74 19 86 12 60 2 86 11 55 17 61 14 56 0 33 8 77 1 87 5 84
3 6 18 20 8 20 9 42 1 2 10 45 19 50 17 87 11 72 15 51 13 27 12 32 6 79 4 6 14 21 0 18 16 50 5 37 7 12 2 32
10 42 9 72 6 4 0 18 15 58 11 18 4 23 19 60 7 94 18 75 12 33 2 61 5 48 14 91 8 56 17 13 16 3 3 1 1 96 13 65
12 78 9 55 1 53 6 85 5 91 7 83 16 48 8 76 15 11 4 78 0 4 17 46 14 6 11 80 13 97 18 73 3 21 2 21 19 98 10 60
5 7 0 51 16 39 9 99 15 3 13 63 8 49 3 38 4 35 14 51 2 90 19 77 12 23 1 82 18 58 10 22 11 74 6 66 17 61 7 30
6 36 0 64 19 35 3 36 2 83 15 78 7 84 4 11 14 42 1 14 13 32 9 89 8 38 17 98 18 56 10 61 12 34 16 25 5 97 11 89
14 20 13 65 5 26 15 2 7 64 12 15 19 23 10 94 9 14 18 75 3 21 17 78 0 79 2 98 8 2 16 45 1 64 11 23 6 32 4 90
17 39 0 47 15 6 6 6 10 46 13 22 4 83 2 32 19 84 8 69 5 99 1 90 16 20 11 37 3 10 14 30 18 35 12 62 9 18 7 12
11 41 6 11 8 57 4 42 14 93 17 94 15 97 18 28 7 58 13 76 0 7 16 42 9 51 12 93 5 61 19 76 2 16 10 95 3 70 1 73
18 91 9 86 7 31 11 49 16 7 14 94 19 62 3 66 2 5 17 75 5 3 10 5 6 58 12 47 4 53 13 34 0 39 15 21 8 96 1 80
19 41 14 25 9 32 13 12 0 76 4 55 5 37 10 99 8 93 16 73 12 5 15 24 11 49 3 54 1 95 6 58 7 20 2 30 17 58 18 57
16 54 7 79 17 3 8 80 14 93 9 33 13 6 18 86 0 26 19 93 5 91 6 32 1 51 3 90 11 88 12 50 10 18 15 39 4 56 2 28
9 55 15 45 10 92 8 36 11 74 3 6 13 53 4 61 16 26 12 31 0 44 6 71 14 25 18 90 5 85 7 70 17 53 19 38 2 59 1 4
13 58 14 56 19 99 6 54 16 88 18 13 4 99 2 42 9 11 3 99 8 98 17 6 12 3 7 11 1 62 10 21 0 6 15 16 11 63 5 16
3 79 7 3 0 22 1 46 11 27 12 79 5 75 9 91 17 26 14 87 8 23 10 68 15 93 13 45 2 47 18 15 19 96 16 85 6 23 4 89
8 77 6 55 19 20 16 15 11 83 15 60 5 35 14 98 12 19 1 34 17 67 10 17 13 11 9 93 4 67 3 68 7 21 2 79 18 7 0 74
10 18 3 60 9 59 0 78 15 96 7 30 17 39 2 12 13 21 12 37 16 48 5 48 4 39 1 97 11 41 18 22 14 95 8 80 19 46 6 55
15 84 17 36 11 24 6 4 4 48 16 8 2 1 14 58 5 38 0 8 9 79 12 66 1 18 18 27 8 42 3 47 13 3 7 54 19 35 10 70
11 78 6 87 14 36 2 90 19 49 0 57 4 60 9 92 8 51 10 31 17 14 1 52 5 57 16 36 3 89 15 99 7 17 13 7 12 14 18 25
0 96 19 58 2 55 1 94 6 31 16 51 10 83 9 5 15 59 3 70 14 99 8 90 18 54 5 6 13 12 12 16 7 30 17 39 4 78 11 14
15 2 19 19 4 14 12 51 5 18 11 44 1 79 10 20 16 28 2 48 0 57 3 49 6 35 13 67 17 84 7 88 14 71 9 20 8 87 18 26
18 71 13 82 16 88 15 33 6 8 3 53 14 85 1 27 0 81 9 29 5 32 7 5 17 31 8 87 12 63 2 27 11 86 4 63 10 83 19 64
2 54 17 88 14 17 19 71 13 1 8 1 16 56 1 71 7 67 4 11 15 34 18 22 10 56 11 8 0 51 12 34 9 56 3 81 5 29 6 79
0 32 2 16 16 78 8 45 13 29 6 58 17 61 15 92 11 64 3 1 1 41 14 25 9 29 12 1 4 87 7 73 19 80 10 66 5 13 18 3
14 34 10 45 5 2 1 60 13 45 18 41 2 22 4 62 6 48 9 38 3 27 8 93 19 82 7 33 17 70 11 48 15 58 16 25 12 32 0 2
19 42 15 41 4 13 5 1 6 58 3 19 1 74 12 60 14 38 17 76 0 95 16 31 2 72 18 89 7 26 11 99 8 4 13 32 10 44 9 93
6 50 1 37 3 16 16 82 2 78 13 57 5 32 4 29 19 48 14 62 0 63 9 92 18 97 12 24 15 25 7 54 8 29 11 62 10 54 17 52
17 43 3 9 13 99 18 91 6 76 5 5 12 76 7 42 9 45 10 19 14 58 11 31 15 96 0 4 2 32 4 44 1 31 19 76 16 15 8 38
7 60 13 1 2 56 18 4 6 77 16 50 15 47 4 68 0 73 14 9 10 18 12 85 17 79 8 72 19 87 5 32 3 50 11 59 1 3 9 14
14 13 2 22 12 71 11 29 8 73 6 26 9 54 15 98 13 26 3 49 18 72 16 31 5 31 0 39 1 34 4 9 7 55 19 95 17 93 10 12
19 32 8 12 15 18 18 45 14 22 5 97 12 61 9 79 7 8 13 32 17 29 4 33 16 35 3 22 10 71 2 65 6 76 1 27 11 28 0 93
0 29 2 54 18 48 17 97 19 72 16 9 8 4 9 98 1 51 7 10 14 89 15 47 4 47 13 38 5 4 10 56 3 66 12 42 6 75 11 92
10 67 18 71 12 29 15 23 11 68 6 40 0 40 17 48 9 37 4 85 5 50 7 37 16 15 14 88 8 4 2 97 13 29 3 59 1 77 19 47
14 48 15 66 12 84 13 42 2 43 19 90 18 31 4 52 7 94 3 35 10 8 16 41 17 7 6 39 8 27 0 99 9 32 1 4 11 82 5 82
13 43 5 83 12 10 15 68 14 81 9 63 8 24 16 72 18 8 1 29 2 76 11 44 6 74 17 39 7 23 4 24 19 80 3 99 0 29 10 52
12 3 6 38 4 45 14 19 5 11 17 94 1 43 7 99 3 82 11 80 2 27 9 15 16 52 19 53 10 68 8 90 13 82 18 75 0 98 15 80
1 91 10 91 18 99 9 78 6 24 11 85 12 44 14 74 2 38 16 28 17 57 13 46 7 48 5 86 4 11 8 80 19 96 3 51 15 88 0 11
14 3 0 36 5 25 19 12 13 83 8 56 15 33 9 12 6 9 17 65 10 92 3 98 4 75 12 42 2 40 11 7 1 82 7 17 18 27 16 49
