50 20
7 95 15 92 8 6 13 9 14 87 0 20 4 83 19 8 1 28 11 45 9 94 10 96 18 75 5 2 16 5 6 38 12 65 2 9 17 92 3 93
17 22 16 17 15 66 1 64 18 1 19 83 2 55 0 24 3 85 10 34 13 53 14 63 5 99 9 56 12 99 8 79 11 6 7 93 6 37 4 42
13 43 5 80 17 72 18 61 6 40 14 50 16 75 15 95 12 53 3 24 2 44 1 85 8 3 0 10 9 14 10 32 11 12 7 15 4 25 19 53
11 35 4 39 6 59 1 67 8 75 9 94 18 90 5 72 3 62 13 46 12 87 16 64 2 49 7 11 10 41 19 97 0 80 14 26 15 44 17 20
9 41 10 45 16 93 1 37 2 59 4 29 7 12 0 75 15 40 3 70 5 50 6 74 19 93 12 35 17 39 18 25 14 17 13 87 8 8 11 11
7 60 8 19 4 21 13 75 3 37 19 47 5 87 18 63 2 61 12 79 6 20 17 24 16 70 0 20 11 42 14 34 10 90 15 32 9 55 1 40
2 30 11 50 12 58 5 16 13 66 10 56 8 24 4 59 1 18 15 16 16 55 3 54 17 38 0 59 6 88 9 78 7 73 18 10 19 59 14 6
9 82 17 77 6 75 19 73 16 26 8 48 5 32 14 5 13 47 10 63 18 50 2 56 12 89 1 28 4 40 7 39 11 49 3 3 15 10 0 20
7 72 13 68 12 98 6 44 8 44 2 21 14 90 17 43 4 98 16 68 19 27 18 47 10 10 1 18 0 39 9 99 11 72 5 15 3 71 15 53
11 13 12 39 17 39 3 88 19 27 18 62 5 87 14 71 13 54 16 40 10 35 7 45 8 73 4 89 9 80 0 62 1 39 6 58 2 91 15 21
3 3 9 10 18 83 13 50 5 36 0 3 19 32 8 28 10 27 1 71 14 51 15 17 4 7 7 58 2 82 6 48 11 6 12 91 16 42 17 44
4 40 18 32 5 24 2 69 14 51 3 4 6 94 16 87 19 68 1 33 8 60 10 16 17 49 7 2 11 57 13 27 15 41 0 38 12 18 9 40
16 70 17 46 10 43 1 23 8 73 15 41 7 36 5 63 14 31 2 47 12 39 6 46 9 61 19 77 11 20 3 64 0 16 13 59 4 59 18 60
19 78 9 43 12 75 17 89 2 93 16 72 0 64 14 30 6 24 5 46 7 26 10 61 4 71 18 99 1 92 13 44 3 53 15 38 11 35 8 99
15 57 3 62 9 10 19 10 0 9 10 16 12 87 5 63 6 96 1 80 16 43 14 92 18 67 17 81 13 79 8 81 7 86 2 41 4 99 11 15
15 55 6 22 19 12 1 88 18 5 5 35 12 19 3 88 8 46 9 52 11 61 2 75 16 1 4 34 14 21 10 6 17 65 0 96 7 5 13 79
13 99 12 22 19 13 15 23 0 81 18 79 14 71 16 87 10 93 3 68 1 85 6 48 5 39 8 52 11 32 9 21 4 48 2 74 7 58 17 69
8 50 1 75 17 55 4 40 0 97 6 66 19 8 18 73 13 93 10 8 7 61 15 62 16 57 12 92 11 3 2 64 5 18 14 27 3 81 9 3
19 65 15 71 9 14 5 41 11 79 1 90 2 13 8 28 13 66 12 8 16 8 0 46 7 87 4 95 6 62 17 51 10 90 3 37 14 86 18 33
0 27 12 10 13 3 16 21 4 21 5 73 8 70 2 85 15 88 1 69 7 96 11 55 9 97 6 75 19 53 14 42 10 20 18 1 3 87 17 34
3 4 2 10 8 75 1 82 16 55 9 79 7 97 18 64 0 10 5 35 12 37 13 33 11 85 19 5 10 35 17 75 4 61 15 10 6 33 14 83
12 47 7 29 11 86 10 21 8 48 9 61 6 17 1 66 2 22 5 65 15 44 0 62 3 20 4 26 13 40 17 22 19 99 14 52 16 64 18 51
17 54 16 1 1 61 2 72 11 79 6 10 12 42 15 92 8 71 19 15 0 2 4 69 9 88 3 50 7 87 13 72 18 80 14 78 10 61 5 63
0 28 12 1 14 43 16 65 4 46 9 11 11 22 19 41 18 88 5 13 15 24 10 19 8 1 3 59 7 59 6 60 2 5 17 11 1 17 13 87
6 15 15 30 11 55 19 11 3 49 0 36 5 5 13 66 16 45 12 19 9 54 2 85 14 65 10 68 17 96 7 82 1 93 4 16 18 81 8 66
10 94 13 70 7 57 1 31 2 87 14 91 6 79 11 74 9 49 16 58 3 44 18 16 0 41 8 17 19 82 5 82 12 50 15 86 4 71 17 94
12 80 18 58 7 90 2 32 10 6 14 9 8 55 1 3 3 29 13 87 17 66 19 86 9 34 15 29 11 16 6 41 16 22 4 32 5 25 0 58
11 82 10 39 19 37 5 69 8 24 16 6 1 9 6 34 18 39 17 34 2 91 15 48 12 16 4 80 9 31 13 54 3 53 7 47 14 40 0 58
7 60 4 35 0 70 3 54 14 58 2 95 12 73 11 30 9 89 19 39 18 60 15 30 8 24 6 61 17 65 10 89 16 35 13 43 1 33 5 96
16 14 15 62 13 20 14 93 7 80 11 25 2 86 19 68 6 14 4 87 10 44 9 58 0 26 18 60 8 13 17 79 1 20 3 14 12 91 5 98
12 89 10 97 16 82 18 61 8 9 19 10 2 1 1 54 13 97 4 65 7 89 6 78 5 71 9 61 14 70 11 68 15 37 0 26 17 96 3 23
14 7 12 2 3 16 0 20 15 86 13 74 16 64 6 9 10 66 2 54 8 85 1 29 4 54 7 11 19 99 5 77 11 42 18 76 9 56 17 55
11 63 1 27 15 70 7 1 6 4 13 78 12 38 2 80 19 64 4 99 8 97 0 56 17 42 18 28 10 66 9 16 3 46 14 11 5 87 16 70
11 34 8 31 9 24 19 36 18 61 16 35 7 99 0 82 6 38 12 59 2 48 1 27 3 38 5 26 15 93 10 35 13 10 4 49 14 89 17 80
0 14 11 97 18 28 17 62 19 35 12 41 8 23 16 73 2 63 6 13 14 58 5 38 13 10 3 67 4 21 15 3 10 49 7 61 9 48 1 21
4 93 1 64 2 37 8 3 9 35 6 57 16 25 7 79 11 68 19 93 10 14 5 15 15 71 13 96 17 93 12 41 0 9 18 63 3 12 14 50
2 84 15 68 13 96 16 79 10 50 9 74 4 89 6 51 12 52 11 66 17 83 0 40 5 47 18 34 14 31 1 65 8 55 7 80 3 80 19 61
7 2 3 72 16 5 18 6 8 39 5 89 12 71 17 28 13 98 9 20 0 27 4 7 1 72 10 34 15 40 11 6 6 75 14 70 19 45 2 50
9 80 3 90 8 72 2 55 6 21 13 14 4 57 19 55 15 39 17 25 7 64 18 72 14 26 1 33 12 83 11 80 5 96 0 55 16 33 10 25
19 74 14 54 18 18 3 28 16 26 15 19 10 75 2 59 11 28 0 51 8 18 17 62 5 55 7 89 6 17 1 55 9 84 12 86 13 12 4 13
11 10 16 58 19 16 7 73 8 33 0 8 3 31 6 29 5 24 2 20 14 68 18 30 12 97 9 20 17 6 10 58 13 99 4 27 1 35 15 20
7 63 17 89 8 3 19 35 6 37 0 20 12 1 5 77 9 47 18 3 10 96 3 45 11 21 13 23 16 19 1 45 4 69 2 32 15 47 14 48
7 77 9 82 19 71 0 16 17 25 14 13 12 14 2 97 16 64 15 49 5 9 1 65 11 18 6 1 10 5 8 24 13 87 4 86 3 24 18 57
1 78 15 94 10 5 11 36 6 80 0 74 18 5 3 64 4 89 19 59 17 48 9 39 7 4 13 18 14 80 5 88 2 92 16 4 12 30 8 1
9 89 11 77 19 42 7 26 17 89 4 34 18 27 8 91 6 2 12 29 3 80 5 87 10 58 2 67 16 13 15 50 1 73 13 86 14 73 0 63
14 41 18 97 4 41 2 86 0 52 13 21 10 8 11 11 5 45 3 14 9 46 15 94 17 29 12 3 8 78 1 49 7 27 16 43 19 19 6 19
12 38 16 6 6 96 1 30 10 37 5 71 4 23 8 56 14 86 13 61 19 75 2 15 18 63 11 86 0 3 15 88 17 29 3 71 9 66 7 67
14 47 4 30 7 45 15 42 9 58 10 60 13 83 12 52 0 72 2 87 5 5 19 75 11 28 16 83 1 98 3 19 17 52 18 99 6 83 8 20
17 7 6 89 19 29 7 63 18 9 10 31 11 49 14 38 0 98 1 72 3 18 13 29 4 78 9 92 2 75 5 39 12 88 16 87 15 51 8 62
6 87 9 13 4 8 15 54 13 66 7 39 10 35 19 19 8 68 14 94 12 95 5 42 0 17 11 16 16 31 17 28 3 37 1 56 18 78 2 7
