50 20
7 82 13 77 12 22 6 95 4 48 1 19 17 37 15 35 19 27 9 73 8 80 14 59 5 56 2 4 11 56 10 97 16 27 0 47 18 70 3 32
9 12 17 63 1 5 19 50 3 25 12 70 14 40 7 18 2 30 4 47 16 89 13 64 11 46 18 19 10 35 0 72 8 38 6 87 15 61 5 50
5 20 19 40 4 20 6 30 18 96 3 72 7 40 15 90 2 74 16 26 12 66 0 39 1 31 13 79 8 35 17 88 9 35 14 97 10 86 11 78
6 98 8 91 19 65 14 48 11 71 16 32 3 31 2 45 5 6 0 8 18 67 15 50 10 84 7 13 4 18 13 85 9 65 1 41 17 67 12 25
7 17 19 64 14 48 1 75 3 33 5 31 11 66 18 18 16 44 10 23 17 46 6 83 8 22 15 8 9 52 12 98 2 46 0 49 13 71 4 65
13 6 4 41 18 66 2 75 17 29 14 74 0 89 5 35 1 49 9 69 8 57 11 62 12 59 3 66 7 80 16 19 10 52 15 38 19 4 6 6
0 16 14 40 3 77 15 21 2 33 13 86 4 71 18 13 1 6 19 35 5 33 10 83 7 56 16 95 8 15 17 68 11 34 9 39 12 52 6 76
19 66 10 61 14 83 6 88 9 21 15 53 17 89 7 4 3 97 12 23 18 66 4 52 8 55 11 24 2 45 0 86 13 60 16 68 5 22 1 68
17 56 2 93 11 73 15 67 18 93 7 21 5 27 6 5 1 34 16 34 9 50 19 66 4 49 10 98 0 73 3 41 14 58 13 3 12 76 8 24
19 10 14 58 0 22 15 96 8 98 6 64 16 75 5 77 4 26 7 7 2 50 1 47 12 81 10 6 13 41 3 12 9 84 18 39 17 53 11 40
13 42 4 34 0 90 3 32 10 50 19 31 11 93 6 91 16 6 18 41 15 4 2 85 17 37 12 70 1 91 14 53 5 41 7 78 9 92 8 17
7 88 1 63 13 2 9 8 6 45 2 46 14 7 17 67 4 14 12 38 11 72 10 29 8 53 0 49 5 35 19 62 16 68 18 98 3 38 15 48
16 85 4 48 5 31 18 55 7 32 2 59 8 48 15 19 0 82 9 66 10 42 3 79 1 10 19 91 12 71 6 92 11 68 14 96 17 94 13 45
14 59 9 41 16 84 0 12 18 65 2 31 3 55 1 71 4 78 6 29 15 30 12 57 13 9 5 26 10 72 8 51 7 31 11 11 17 67 19 89
6 13 10 12 14 86 9 36 11 38 0 93 15 80 19 16 1 69 12 97 5 10 3 8 4 79 13 93 8 29 16 61 7 3 18 9 2 22 17 7
6 45 17 21 1 85 16 24 14 90 19 66 9 70 2 52 7 69 0 24 8 37 5 10 12 92 15 61 3 65 18 69 4 74 11 40 13 38 10 94
14 33 18 82 4 33 17 81 13 46 15 95 10 37 2 65 8 44 19 34 16 57 1 12 11 91 7 15 5 12 6 14 3 24 9 70 12 69 0 47
11 16 17 50 10 53 15 95 13 4 1 42 8 43 3 59 6 19 5 26 7 47 19 18 4 11 12 28 16 7 18 21 2 33 14 38 9 73 0 78
2 22 4 76 1 93 10 33 16 9 0 86 15 14 7 41 19 66 3 50 14 92 6 35 17 88 5 93 12 86 8 35 9 90 18 19 13 66 11 35
18 15 11 88 19 93 2 89 6 21 15 40 12 49 17 86 7 39 16 54 3 18 13 87 9 61 0 4 5 53 10 36 4 45 8 9 14 1 1 68
10 84 5 73 14 97 16 84 3 43 17 67 6 3 15 90 7 77 18 95 11 36 1 25 2 1 9 56 19 43 13 13 12 73 4 56 0 6 8 66
16 62 2 76 11 95 19 90 3 21 4 23 13 9 10 83 1 41 15 23 0 84 7 33 14 22 17 66 12 54 18 87 8 91 5 28 6 16 9 40
4 62 7 48 2 42 19 12 16 17 13 3 17 81 0 90 8 90 5 86 18 35 14 76 15 5 10 51 6 20 9 64 11 66 12 18 1 76 3 66
15 65 14 47 13 79 6 94 18 96 10 37 19 27 3 88 11 34 4 35 12 81 1 77 5 23 2 57 8 21 9 15 7 22 17 83 16 43 0 79
0 21 17 35 8 93 13 43 16 24 12 40 1 18 9 92 4 46 10 15 18 77 11 13 15 22 14 79 6 39 2 17 7 91 3 71 5 48 19 85
16 27 11 80 5 22 10 54 14 43 19 87 1 25 3 4 15 13 18 85 7 59 12 41 17 83 4 37 13 80 0 33 9 26 6 34 2 55 8 75
8 50 19 12 18 82 5 82 2 71 7 19 10 15 15 42 9 16 16 4 6 65 4 37 0 3 11 62 14 81 3 97 13 38 1 54 17 23 12 4
0 23 1 58 14 69 13 95 5 91 15 26 2 86 18 91 8 67 9 5 4 9 10 55 17 68 19 67 7 38 3 40 16 85 12 13 6 9 11 67
11 92 19 2 4 96 16 85 8 3 2 12 5 85 9 29 12 11 15 47 6 43 18 42 14 7 7 55 0 21 10 39 3 63 17 57 13 86 1 58
3 77 7 81 0 7 5 17 19 29 13 76 6 76 1 71 10 32 9 40 14 53 17 83 8 74 16 15 11 84 4 44 18 96 12 32 15 69 2 60
3 16 1 16 4 68 13 47 5 13 8 40 17 50 14 74 18 49 19 45 12 49 10 24 11 43 2 4 9 45 7 44 15 51 16 11 0 47 6 24
15 85 7 72 6 89 10 37 16 52 14 29 9 88 0 69 12 86 17 15 11 19 4 56 8 47 18 5 5 85 1 27 3 17 19 12 2 36 13 17
0 22 15 41 17 3 6 39 14 14 12 45 9 36 3 5 11 39 5 67 2 64 7 73 13 60 18 31 16 77 8 29 19 40 4 38 10 10 1 74
1 85 18 6 7 70 8 76 13 63 17 5 6 11 0 72 3 25 9 65 11 45 5 61 10 11 19 86 14 35 4 6 2 25 12 34 15 51 16 11
11 6 16 58 3 99 5 11 2 51 14 79 15 83 19 86 10 97 4 56 12 80 7 36 13 12 8 41 9 71 0 73 6 9 18 71 17 95 1 8
19 99 16 70 17 4 3 77 18 77 2 20 1 9 10 37 5 68 13 50 0 37 11 41 8 58 7 11 6 69 4 87 14 92 9 69 15 80 12 95
1 33 9 84 12 46 0 23 3 76 7 94 15 52 18 90 14 42 13 76 4 42 5 36 11 92 6 85 8 63 10 71 19 62 16 27 2 76 17 85
13 36 5 97 12 42 7 61 4 92 15 89 9 4 2 26 19 27 14 52 16 42 6 96 0 31 1 89 11 95 3 40 17 75 10 44 8 29 18 24
14 47 0 42 11 78 9 82 7 61 2 17 4 21 12 78 19 45 15 32 16 46 13 51 8 27 17 77 10 63 3 10 5 8 6 72 18 75 1 96
16 4 18 99 9 83 5 55 7 75 12 72 6 73 10 22 2 87 1 29 8 35 15 43 3 17 13 81 0 26 4 29 14 14 19 42 17 89 11 70
0 55 16 15 2 9 1 30 17 22 19 76 18 63 7 10 5 35 6 7 11 24 15 42 3 70 9 29 8 88 13 1 14 59 4 17 10 63 12 24
12 45 13 41 18 97 6 15 8 62 1 31 11 91 3 19 2 89 15 51 14 94 4 81 17 61 19 42 7 54 5 3 9 87 0 70 10 73 16 26
16 90 15 91 6 82 9 17 5 42 1 1 8 59 4 8 14 21 17 17 13 76 19 32 12 32 3 82 7 55 10 14 2 64 11 5 0 5 18 56
8 14 17 8 10 31 12 73 6 57 14 60 7 53 18 43 15 58 4 6 13 86 11 31 19 44 9 88 3 70 16 42 1 78 2 12 0 83 5 90
11 93 14 41 17 60 0 15 16 40 1 81 18 62 10 47 13 51 15 8 19 52 4 48 5 15 12 52 7 5 9 46 3 70 8 17 6 88 2 83
9 84 18 74 6 42 19 90 3 81 17 92 0 24 10 14 15 52 2 37 5 86 13 96 16 27 4 31 12 54 14 71 1 31 7 45 11 98 8 92
11 28 16 53 10 17 6 75 3 49 18 47 13 18 0 63 14 38 4 95 1 69 2 34 12 1 9 93 15 85 7 62 8 61 17 40 5 29 19 63
17 66 0 6 13 47 18 2 12 89 10 67 2 95 16 96 8 40 6 64 1 48 15 66 19 83 9 14 3 46 4 85 7 93 5 1 11 67 14 11
6 85 17 68 18 46 1 86 14 67 5 26 2 33 11 82 15 16 8 59 3 31 9 91 0 62 16 87 13 8 19 11 7 60 10 53 12 74 4 6
2 30 15 62 6 90 3 28 13 71 12 60 4 54 1 53 5 28 19 63 18 61 16 87 7 94 17 93 9 21 11 91 0 91 14 72 10 56 8 26
