50 20
7 87 3 96 16 93 2 67 10 62 0 31 1 24 13 42 15 88 12 33 5 18 8 4 18 80 9 9 11 34 6 83 17 29 14 4 19 55 4 62
16 39 4 33 2 46 7 16 0 71 19 94 14 96 17 20 3 64 1 63 9 40 5 8 11 4 8 23 13 83 15 79 10 6 18 20 12 21 6 90
19 97 15 44 16 34 14 17 11 15 17 48 0 64 3 65 1 35 8 8 4 12 5 24 13 67 18 67 9 17 12 59 2 69 10 21 6 35 7 45
10 1 11 53 7 75 17 80 13 10 0 19 12 74 16 56 19 32 8 14 1 30 5 71 14 11 2 56 4 61 6 50 18 56 3 92 9 16 15 28
12 38 16 66 13 26 9 87 7 24 3 65 8 93 5 60 1 87 19 71 10 83 11 66 4 74 18 30 2 49 14 34 0 47 6 90 17 13 15 6
14 71 15 70 13 59 19 52 1 93 16 42 18 34 12 69 3 64 6 12 11 63 17 78 7 9 5 76 4 6 10 26 2 44 8 26 0 92 9 41
7 99 1 2 15 50 10 90 18 37 6 44 13 16 17 35 16 44 3 59 8 44 0 68 2 20 14 5 9 90 5 35 11 27 19 16 4 81 12 83
16 7 14 51 5 27 15 57 0 95 13 70 12 68 18 2 4 91 19 49 2 33 1 46 6 93 3 6 17 21 7 19 9 78 10 15 8 23 11 96
2 96 10 23 12 35 18 20 13 99 4 75 11 87 6 19 17 37 9 18 15 17 3 90 19 11 1 78 8 12 16 75 0 30 7 88 14 83 5 8
7 38 5 78 19 79 8 1 6 3 16 1 15 10 14 1 17 77 2 67 11 11 13 95 18 97 4 13 3 20 0 61 9 26 10 76 1 53 12 94
16 10 2 5 12 90 6 1 0 55 4 67 10 19 18 83 17 19 1 55 3 94 9 43 7 44 14 58 15 43 13 67 5 70 8 78 11 85 19 28
6 70 13 98 3 81 5 34 18 26 2 46 16 34 17 52 15 41 12 59 14 51 10 10 11 26 0 12 1 52 9 98 4 40 19 93 7 89 8 39
16 57 15 32 1 11 18 37 10 36 3 63 14 52 5 40 9 35 11 81 4 36 8 52 6 91 13 2 0 97 7 26 17 47 12 18 19 44 2 3
19 97 17 72 5 6 1 44 14 81 7 54 10 72 6 27 11 77 8 45 9 81 13 85 18 32 0 19 2 26 12 39 15 5 4 52 3 42 16 48
2 45 15 66 19 11 5 98 18 87 14 42 16 15 8 66 9 96 0 34 1 22 17 93 6 28 10 97 7 51 13 60 11 12 12 59 4 82 3 54
1 89 2 19 17 58 19 25 0 30 4 30 11 2 15 86 3 6 18 69 14 42 16 15 5 22 8 84 7 69 6 31 12 6 10 80 9 1 13 64
2 26 15 10 7 97 14 8 6 30 10 45 11 97 0 94 12 40 5 56 9 10 3 34 17 19 16 45 19 81 4 29 1 92 13 81 8 64 18 39
19 50 13 32 2 34 14 40 0 24 8 8 10 51 18 27 12 53 6 53 15 62 5 41 11 97 17 1 1 36 3 40 7 52 4 32 9 82 16 27
9 59 8 87 19 77 1 95 3 81 16 52 6 48 4 13 7 38 11 79 10 79 14 7 15 55 12 56 0 2 18 43 17 45 5 10 2 43 13 98
13 45 3 26 2 6 19 58 0 55 1 46 5 39 9 28 7 24 15 68 6 83 11 63 16 41 12 46 10 87 4 20 8 33 17 82 18 62 14 15
13 28 18 69 9 97 5 24 1 80 16 58 6 11 19 28 15 28 0 62 11 49 3 26 14 6 2 7 12 11 4 70 10 34 8 79 7 84 17 60
3 55 18 10 16 79 15 60 11 10 14 74 7 94 10 6 4 86 13 4 6 55 9 40 5 79 17 30 19 72 2 85 1 63 12 11 0 9 8 10
15 90 19 27 0 24 17 24 6 63 16 92 5 17 1 14 11 47 3 93 10 48 13 3 2 95 4 89 7 74 9 27 18 28 14 58 12 57 8 29
0 39 19 34 1 19 9 40 8 18 6 34 5 57 17 93 4 2 2 96 7 12 3 27 14 58 12 42 13 80 10 49 16 1 18 51 11 79 15 78
9 76 5 2 0 44 10 10 6 42 18 98 7 16 4 71 1 51 12 14 17 19 2 65 19 95 16 77 3 64 13 27 11 64 8 87 14 64 15 99
19 85 8 48 13 94 16 40 3 25 15 55 6 97 7 2 4 62 10 62 9 52 18 54 11 6 14 40 0 27 1 46 5 5 2 5 12 11 17 85
1 95 2 8 4 10 12 25 17 33 6 42 18 99 14 15 7 96 5 67 3 14 8 64 9 10 16 62 19 44 13 55 15 23 11 38 10 38 0 54
19 76 8 87 0 62 10 38 18 17 13 79 6 29 11 79 17 70 2 45 9 71 15 62 5 31 12 58 1 77 16 2 14 33 3 39 7 72 4 55
19 63 5 73 7 11 18 4 15 20 0 80 3 65 16 77 13 95 12 44 14 65 4 18 9 5 17 83 2 10 11 4 8 4 10 83 6 29 1 13
19 25 7 14 8 3 0 18 2 65 10 81 18 38 16 20 15 45 3 27 14 36 13 73 11 2 5 28 1 93 4 76 6 77 9 52 17 94 12 95
15 36 11 93 12 61 4 14 8 77 0 71 14 30 1 68 18 65 5 24 9 43 2 9 13 67 3 11 17 78 10 54 19 31 7 66 16 30 6 58
18 95 9 68 15 55 2 17 13 33 6 87 3 79 14 78 1 1 12 75 4 48 11 72 17 16 7 17 10 86 19 59 0 17 5 51 16 91 8 85
15 75 8 44 18 80 19 60 0 48 16 55 5 47 3 48 9 70 13 79 6 97 7 50 4 34 10 4 17 52 11 63 12 97 1 37 14 53 2 91
18 20 14 88 6 26 3 2 9 47 1 46 15 77 16 21 7 98 17 13 0 72 13 16 19 74 5 10 11 69 8 65 4 30 2 19 12 75 10 87
0 94 5 56 3 88 14 1 11 62 2 1 8 55 1 98 7 99 18 56 17 15 16 63 10 18 12 97 9 21 13 12 19 32 15 89 6 64 4 89
3 15 13 76 5 68 16 51 6 57 19 45 17 73 0 23 7 85 10 1 9 94 14 28 1 94 12 14 2 70 11 88 4 38 15 71 8 13 18 6
17 78 13 34 5 88 11 59 3 90 1 23 18 31 6 72 8 93 7 18 9 19 15 11 10 91 14 9 2 22 19 1 4 77 12 57 0 4 16 58
16 57 18 15 5 20 7 52 14 9 10 43 2 66 0 40 6 75 1 8 11 94 12 35 17 82 4 72 15 60 9 41 8 22 19 3 3 40 13 13
6 44 9 92 13 71 17 37 10 61 1 83 18 2 16 22 15 15 8 18 19 47 7 46 12 16 5 81 4 73 2 28 0 46 14 82 11 64 3 25
9 92 12 10 2 57 6 69 14 9 5 87 3 18 7 67 11 38 19 79 13 63 18 65 0 77 8 56 17 7 16 25 1 75 4 24 15 50 10 94
13 52 19 99 15 6 5 27 7 85 0 73 8 22 14 95 9 23 12 19 3 63 16 42 18 22 6 99 10 91 1 11 17 47 2 61 11 64 4 1
6 42 7 80 14 34 10 86 12 17 4 97 18 58 9 28 13 39 5 17 3 32 8 37 17 30 1 4 16 34 19 43 11 69 0 45 2 87 15 99
7 88 17 77 3 13 15 87 12 19 14 59 4 8 16 91 1 6 10 79 9 6 2 95 6 31 18 33 0 12 13 65 19 30 8 2 5 32 11 64
13 73 16 84 2 16 15 7 0 98 7 77 9 85 5 36 10 25 12 79 4 38 19 93 6 48 3 3 8 30 1 13 14 69 18 98 11 81 17 33
4 56 17 44 14 93 18 67 9 59 15 23 10 96 0 9 7 78 12 64 6 35 8 41 13 10 11 51 19 41 16 21 3 34 5 97 2 51 1 17
1 81 9 41 6 11 11 44 14 30 8 26 7 59 4 54 2 10 12 35 5 49 18 19 10 51 17 48 0 53 15 43 3 40 19 54 16 98 13 8
4 48 10 88 12 52 13 70 11 38 18 32 8 34 0 87 17 54 2 22 1 46 16 18 6 51 9 56 19 38 7 88 14 87 3 12 5 12 15 36
13 90 7 64 6 60 16 88 14 23 19 60 10 73 8 72 1 6 18 52 4 94 15 32 9 23 5 36 2 92 12 84 17 90 11 99 3 3 0 77
5 52 0 93 7 88 14 89 4 94 6 75 2 39 1 4 19 53 16 78 8 27 17 39 10 56 11 97 13 62 3 47 18 96 15 52 9 50 12 99
15 79 4 16 7 88 17 17 14 31 10 43 1 78 11 66 9 6 8 7 19 93 16 27 6 58 5 43 13 18 18 80 2 54 0 29 12 3 3 9
