50 20
17 89 13 42 7 46 8 1 2 42 10 31 12 55 19 95 6 2 18 83 14 40 16 53 9 47 1 49 11 82 5 94 4 99 15 59 0 70 3 94
1 50 5 34 15 75 14 50 7 4 19 31 11 56 13 42 10 27 3 42 0 33 18 10 2 69 12 59 4 53 8 8 6 67 17 58 16 80 9 9
2 76 3 13 6 86 16 41 5 32 0 17 1 20 8 16 10 2 15 28 14 40 7 94 17 61 9 76 19 57 11 80 18 88 4 89 13 82 12 69
19 88 7 88 15 24 6 64 12 95 17 82 8 49 1 50 10 79 0 54 3 54 4 70 16 98 14 69 18 50 11 22 5 29 2 92 9 84 13 23
18 73 5 22 19 96 6 77 10 80 12 94 9 92 1 50 11 37 3 32 0 72 2 28 15 70 13 45 7 23 4 64 8 15 16 91 17 29 14 75
17 58 5 96 6 7 1 65 19 79 3 43 7 50 11 15 14 48 0 10 15 86 2 31 10 27 8 1 4 4 12 84 9 37 13 23 18 98 16 16
7 48 16 36 10 54 0 99 17 69 5 78 2 84 3 79 19 64 13 86 1 83 6 35 12 97 15 19 4 98 14 2 9 39 18 73 11 24 8 22
6 56 13 69 8 79 4 2 17 67 1 17 18 40 0 94 10 78 12 99 5 42 14 60 9 1 19 40 3 41 16 88 15 12 11 21 7 15 2 42
16 49 8 69 19 73 7 11 12 1 11 89 17 85 10 40 9 72 3 28 2 54 5 45 15 68 4 60 6 59 0 76 14 45 18 7 13 50 1 15
12 22 10 85 5 35 9 44 0 30 3 77 13 92 16 10 7 31 18 24 17 33 14 91 4 37 8 12 11 41 6 54 1 27 2 28 15 34 19 30
15 2 19 6 1 8 6 32 10 62 17 53 9 7 14 35 5 33 2 53 11 40 8 51 7 40 12 26 4 20 3 85 16 59 0 41 13 23 18 21
16 93 0 24 11 68 6 71 3 71 14 93 10 44 2 39 19 15 15 70 18 67 7 16 9 91 8 42 12 13 17 30 4 30 13 38 5 39 1 29
19 5 1 67 14 49 4 54 5 77 7 44 0 34 13 35 2 40 3 28 6 89 9 68 15 91 10 23 16 9 11 97 18 26 17 45 12 98 8 78
0 61 19 57 7 79 5 17 14 11 15 17 9 91 16 85 4 74 12 14 10 24 11 17 6 58 1 14 18 91 2 43 17 43 13 36 8 69 3 91
10 50 17 98 12 59 4 60 15 92 19 25 18 56 13 85 0 39 9 27 3 1 16 59 2 9 11 81 14 25 1 77 6 43 8 62 5 17 7 67
13 23 8 78 12 19 19 95 18 91 5 84 0 70 3 46 14 37 2 12 4 94 9 1 15 83 16 64 6 56 10 75 7 81 17 72 11 59 1 30
12 11 18 34 15 78 4 43 17 90 5 79 9 82 10 80 2 96 6 57 13 61 8 23 14 87 11 74 0 15 19 8 16 61 1 76 3 93 7 31
6 19 19 90 3 65 10 86 7 95 12 20 17 84 8 4 0 31 5 45 4 61 18 97 14 92 11 47 9 64 13 42 2 3 1 38 15 13 16 61
14 6 18 21 19 96 6 83 1 49 16 42 3 50 5 47 8 52 9 52 4 72 0 47 11 96 10 80 12 25 13 99 2 1 7 99 15 53 17 33
10 7 0 25 17 81 6 39 3 86 4 9 2 50 13 27 8 26 7 21 16 24 19 84 11 72 5 46 1 1 18 63 9 63 15 32 14 45 12 30
3 30 8 93 2 27 14 12 19 55 6 32 11 82 1 3 12 7 18 41 10 32 17 99 7 10 0 76 4 9 9 42 13 41 5 99 15 26 16 65
10 45 11 56 16 78 12 39 19 28 2 54 9 48 14 72 6 15 8 46 13 66 17 15 15 16 0 58 7 57 1 46 18 65 4 21 3 42 5 67
5 3 19 34 10 90 18 84 2 73 12 73 9 19 13 43 4 19 1 75 17 41 7 57 3 30 11 27 0 46 14 82 16 75 15 5 6 37 8 50
12 78 8 9 17 84 16 26 3 23 18 70 11 79 7 36 10 59 14 59 19 9 1 7 13 8 4 10 9 75 15 20 6 31 2 99 0 86 5 32
19 7 8 90 15 82 16 52 7 32 4 95 2 24 12 83 5 28 10 13 17 93 1 29 0 64 18 59 13 93 6 42 3 79 9 16 11 87 14 43
9 76 3 36 10 58 18 51 13 16 19 62 16 62 7 51 4 9 12 37 5 33 11 57 15 67 17 58 2 74 0 43 14 7 8 11 6 56 1 66
19 37 4 85 10 47 3 35 1 5 0 72 2 36 5 80 14 78 12 96 17 31 7 71 8 84 11 34 9 32 16 73 15 72 18 28 13 83 6 94
7 42 17 39 12 5 11 67 13 42 1 79 4 78 16 90 14 83 6 41 19 98 8 29 5 31 15 88 0 4 3 87 9 68 18 33 2 61 10 80
11 83 19 76 9 20 14 35 10 91 7 52 0 36 18 2 15 76 3 17 2 11 6 6 17 40 13 59 16 84 5 30 12 52 1 32 8 76 4 74
13 98 7 41 19 70 2 40 10 76 0 95 17 13 15 73 12 51 3 24 6 50 11 56 5 40 4 18 14 98 1 37 16 20 9 31 8 90 18 9
9 87 13 48 11 26 10 7 1 1 16 60 4 3 3 27 0 90 2 48 18 23 14 95 7 51 5 34 19 59 17 94 8 1 6 99 12 43 15 35
4 2 11 98 19 68 6 81 13 63 5 98 17 85 14 6 9 6 7 79 1 85 16 20 2 22 12 57 10 61 18 59 8 62 15 87 3 85 0 32
13 84 10 93 15 42 3 56 14 43 7 78 19 30 0 91 6 94 4 56 12 85 5 36 1 16 2 86 8 87 17 57 16 45 9 40 18 17 11 66
16 44 1 37 10 84 9 24 13 35 4 97 6 49 12 35 2 88 8 66 19 23 0 27 5 34 7 64 11 80 18 2 3 77 17 8 14 75 15 83
6 35 4 73 15 29 12 84 18 87 11 91 0 7 5 42 17 8 1 87 10 12 7 87 13 56 9 92 2 43 8 91 19 76 3 51 14 60 16 57
1 49 7 90 15 85 5 94 19 96 0 69 10 73 18 19 2 22 8 54 11 99 17 44 3 3 14 32 4 21 16 5 6 11 12 36 13 93 9 14
1 26 15 52 12 10 10 35 7 20 11 47 8 32 13 24 9 40 5 47 17 1 2 23 14 17 16 27 6 83 0 70 4 78 3 11 19 56 18 30
5 48 15 36 4 39 11 89 8 85 2 33 17 90 18 85 0 47 13 23 16 40 19 90 12 62 1 26 6 10 7 62 9 5 14 56 10 88 3 88
4 84 8 91 19 29 9 13 3 85 13 80 18 95 14 90 16 26 7 58 1 33 6 96 0 92 15 14 12 24 17 61 10 74 2 20 11 60 5 60
9 62 15 84 8 7 3 52 14 75 12 11 16 76 2 51 13 13 17 15 6 87 0 67 5 52 11 42 4 2 7 35 10 40 18 44 1 66 19 20
7 57 16 60 1 35 13 12 15 43 12 82 2 77 0 68 5 74 14 36 4 53 9 49 17 60 10 83 6 90 8 70 19 3 18 27 11 73 3 1
1 4 7 40 2 2 9 63 17 38 3 4 5 54 11 96 12 37 0 47 4 4 14 52 16 67 19 24 8 41 10 32 6 67 15 12 13 5 18 83
3 17 10 70 1 53 8 76 16 53 13 39 17 23 19 26 12 68 2 34 6 18 14 44 4 6 0 99 11 53 18 72 5 93 9 84 7 23 15 11
11 52 6 19 9 76 14 91 7 35 0 43 15 17 19 26 5 99 8 15 3 54 13 5 16 42 17 80 1 6 10 89 18 94 12 41 2 91 4 88
18 4 7 1 8 45 6 44 11 3 9 89 2 86 13 90 1 93 19 27 14 98 4 71 5 53 17 64 10 56 0 59 12 75 3 44 15 88 16 23
11 5 10 96 19 61 4 69 18 56 8 55 12 32 2 82 14 70 7 8 13 46 9 29 17 46 6 96 3 48 0 27 15 41 5 31 16 59 1 15
15 95 13 97 18 47 19 4 16 14 8 70 6 9 0 54 11 12 17 29 7 63 14 43 9 71 12 5 2 89 10 25 4 66 5 69 3 54 1 99
2 85 8 25 12 97 17 12 0 33 13 28 16 34 4 37 11 74 18 48 1 34 3 3 5 5 7 99 15 13 6 77 14 55 9 16 10 35 19 86
12 54 19 33 9 47 17 11 6 71 10 19 3 23 16 56 5 70 0 68 11 17 13 77 7 13 18 43 15 4 14 76 8 70 4 39 1 89 2 17
6 32 10 5 16 23 18 60 0 46 7 14 11 92 4 59 13 87 19 72 17 49 9 94 1 32 8 70 14 56 5 14 2 49 3 15 12 73 15 92
