50 20
13 89 1 6 10 62 15 4 11 37 5 76 6 72 7 24 17 93 3 30 4 57 18 83 8 2 2 34 19 14 14 65 0 79 12 69 9 4 16 21
5 29 19 57 4 46 10 7 15 20 6 18 11 83 9 76 7 11 18 52 0 45 13 88 14 20 1 54 8 18 16 62 3 46 2 43 12 38 17 68
19 88 17 92 8 42 14 8 13 17 2 88 1 55 11 83 4 99 5 61 15 62 12 43 18 92 6 43 3 86 9 9 10 60 0 60 16 17 7 6
8 93 4 85 9 96 0 82 12 76 2 29 6 82 3 62 5 70 19 36 13 66 11 91 7 75 10 29 16 16 15 90 17 52 14 48 1 27 18 64
14 50 17 57 7 72 18 46 2 44 15 6 4 33 1 31 10 46 12 45 3 34 19 18 5 22 8 92 16 7 6 58 0 77 11 79 9 94 13 20
18 93 19 46 0 22 5 52 15 37 8 43 4 1 10 55 11 43 7 78 17 74 3 29 9 28 14 82 2 78 1 3 12 23 13 32 6 63 16 29
15 9 5 81 12 74 19 6 2 93 17 2 7 34 0 49 16 96 1 56 6 68 14 4 4 76 18 12 10 80 11 61 8 93 9 34 13 88 3 46
3 3 11 42 5 74 12 54 7 3 10 73 16 70 6 91 2 72 13 11 14 93 8 72 4 71 18 81 15 42 0 38 1 8 19 25 17 15 9 82
0 88 8 39 2 62 5 37 12 10 3 81 17 61 6 35 7 18 16 2 4 33 19 66 13 81 10 2 15 95 1 47 14 82 9 17 18 46 11 51
17 57 18 92 4 42 6 61 1 9 2 49 3 98 5 66 14 5 11 94 19 94 15 61 8 70 16 40 0 29 13 80 12 17 10 49 7 99 9 29
2 69 9 63 6 79 15 40 11 77 14 39 13 9 16 98 19 49 5 62 0 36 8 72 7 4 10 36 17 86 12 3 4 16 3 88 18 36 1 19
1 93 15 69 5 86 18 98 17 27 7 21 9 90 6 16 8 89 10 89 4 14 14 33 0 34 13 91 19 10 11 75 16 80 2 74 3 72 12 87
6 23 8 27 18 76 1 17 7 98 3 54 4 70 15 98 2 26 13 40 14 96 0 26 11 84 12 71 10 17 16 91 5 31 19 41 17 30 9 87
19 97 13 84 3 52 9 73 1 13 5 55 8 99 18 9 17 4 0 56 2 69 11 49 12 53 14 92 16 94 6 66 10 34 7 79 15 87 4 37
9 40 18 60 6 8 10 12 5 4 7 74 13 35 8 52 19 4 1 7 4 77 11 31 2 82 0 32 15 30 16 31 12 15 3 21 14 89 17 69
5 31 16 31 10 27 9 38 1 49 3 18 13 73 7 81 19 75 6 85 0 81 2 7 4 59 15 19 12 71 18 60 14 53 11 26 17 19 8 12
9 6 1 97 10 53 12 6 18 35 16 43 2 5 8 39 13 9 5 18 3 38 11 72 6 18 19 56 14 60 17 54 0 98 4 7 15 68 7 19
13 16 5 30 9 26 19 76 18 77 0 7 8 73 14 88 11 75 10 91 3 84 4 83 12 89 17 8 6 41 16 92 1 54 15 63 7 63 2 11
5 14 11 71 9 48 7 11 16 10 2 6 3 50 19 21 17 78 1 27 18 28 0 73 13 45 15 39 6 51 8 5 10 89 14 96 4 91 12 9
15 49 1 33 7 3 11 96 8 16 9 56 17 55 14 65 16 42 0 6 4 62 2 10 13 36 19 67 3 69 5 7 12 2 18 72 6 68 10 35
11 37 13 85 14 28 2 38 7 27 6 84 4 11 1 45 3 43 0 43 18 21 5 44 16 14 12 94 10 61 17 43 19 88 15 24 9 31 8 17
19 87 5 3 11 46 15 46 4 75 7 49 8 8 0 22 2 19 14 12 18 60 10 14 6 29 12 78 1 42 3 34 16 59 17 41 13 4 9 39
5 3 13 78 7 60 16 34 18 19 17 86 12 25 4 10 9 30 8 80 15 8 1 64 11 14 0 65 2 56 6 63 3 36 10 47 14 51 19 86
3 83 9 36 15 66 5 4 16 95 7 16 17 56 19 34 0 35 13 63 8 84 14 92 11 40 1 55 10 85 12 52 2 33 4 99 6 81 18 24
0 8 11 14 15 2 19 19 10 95 5 79 9 39 3 73 2 27 7 42 4 31 17 2 12 32 13 69 16 22 18 17 6 19 14 19 1 68 8 54
4 9 9 32 5 10 14 65 6 79 3 63 1 24 7 77 17 50 16 82 11 80 18 22 12 23 8 40 2 72 10 63 13 82 19 53 0 81 15 7
2 47 4 94 14 62 0 92 3 47 15 52 11 79 16 12 8 13 12 1 9 96 1 64 7 17 10 43 6 85 5 83 13 99 19 92 17 40 18 61
0 53 17 78 7 2 1 12 9 89 14 8 15 18 4 29 13 34 12 10 8 76 18 8 16 83 19 7 6 70 5 13 10 39 2 91 11 60 3 87
18 17 10 49 16 57 9 97 15 2 11 15 14 32 0 42 7 78 19 31 6 98 5 68 1 81 12 3 4 72 13 46 2 56 3 61 17 86 8 88
15 84 2 16 12 96 7 12 11 52 4 56 16 84 3 15 0 44 19 69 14 7 10 30 18 6 9 64 8 81 17 25 5 42 13 26 1 93 6 7
5 46 10 94 2 58 13 39 17 77 9 48 19 14 6 62 7 5 12 46 18 48 15 22 11 3 0 30 16 36 14 95 4 10 8 42 1 93 3 3
1 89 15 2 19 56 18 23 13 63 8 67 5 93 7 24 14 24 10 75 9 90 11 89 3 88 16 40 6 35 2 33 0 51 17 26 12 10 4 6
10 91 19 48 0 33 3 37 6 85 11 86 17 54 9 6 12 49 13 74 4 22 8 51 7 41 15 19 16 10 5 41 18 46 14 90 1 13 2 29
9 32 1 85 11 43 2 74 6 33 18 69 10 25 4 17 8 77 15 9 7 53 5 55 12 25 16 90 19 40 17 91 0 5 14 59 3 49 13 12
2 85 0 72 12 32 7 18 1 4 11 37 10 91 13 74 19 54 4 82 17 17 8 68 18 35 16 46 14 15 9 78 5 86 6 64 15 15 3 60
16 60 10 82 5 74 0 4 3 95 12 71 1 82 7 48 9 23 8 14 15 62 19 12 2 38 14 22 17 43 13 59 4 87 18 3 11 80 6 45
7 73 5 2 14 86 6 94 13 47 16 35 10 40 8 92 12 83 15 75 0 69 3 96 9 59 4 2 11 78 17 28 2 13 19 94 1 14 18 65
0 6 1 75 14 74 4 90 19 52 18 39 6 79 10 6 12 5 16 86 3 56 5 50 17 42 7 2 15 92 13 96 8 86 2 82 9 63 11 9
11 67 4 53 2 51 10 16 18 85 6 59 19 43 17 7 3 43 1 9 12 46 5 13 14 8 16 12 0 9 8 21 13 61 7 43 9 7 15 99
11 75 15 93 6 74 10 80 18 55 9 99 8 36 12 64 7 44 14 42 17 76 0 9 19 78 13 65 16 30 2 42 1 1 4 71 3 98 5 75
6 99 18 29 1 32 0 27 14 80 13 39 9 12 7 18 17 91 15 88 4 65 10 82 5 9 19 60 11 84 16 5 12 88 3 51 8 78 2 4
6 73 17 51 3 40 10 10 18 5 15 97 1 33 13 17 16 10 0 80 7 7 4 35 5 3 11 29 12 19 8 53 14 51 9 37 2 22 19 98
13 54 5 77 6 97 0 32 10 76 9 45 19 51 7 74 2 50 15 48 8 91 4 84 18 61 1 79 12 65 3 70 14 99 17 25 11 7 16 40
14 87 10 83 8 89 16 48 7 27 6 69 18 82 19 66 4 25 0 22 5 15 9 50 1 71 13 9 17 51 11 11 3 74 12 96 2 55 15 60
0 67 19 77 17 55 16 75 13 58 6 29 5 71 8 19 1 86 7 41 14 84 9 53 18 39 3 39 10 23 11 45 4 89 15 18 12 22 2 90
4 46 10 75 11 74 16 78 5 45 12 10 14 6 3 94 0 13 17 95 9 30 7 61 8 4 13 68 15 64 6 67 1 78 18 17 19 31 2 70
7 4 3 69 10 92 14 80 5 31 9 70 11 89 13 2 0 90 16 67 2 26 4 71 18 29 1 26 19 58 6 33 15 60 8 32 17 77 12 31
5 61 0 63 18 27 12 57 2 51 1 79 19 81 9 8 10 11 11 98 6 81 17 18 14 37 15 41 16 5 13 32 7 23 3 92 4 4 8 69
18 30 16 36 5 61 19 74 10 4 14 89 8 56 1 3 17 21 0 36 9 58 2 32 7 79 3 7 12 65 11 28 4 66 13 47 15 92 6 80
17 29 5 74 8 29 19 16 4 93 12 47 1 22 13 43 14 39 18 96 16 54 6 65 3 17 7 28 9 82 10 56 0 88 11 76 15 4 2 53
