50 20
16 43 12 66 18 59 8 18 3 74 13 75 15 95 10 78 6 29 1 32 2 65 11 65 17 69 0 87 14 29 9 93 4 1 7 8 5 97 19 94
13 61 19 63 2 25 16 30 0 49 12 74 8 29 10 72 1 65 15 22 6 39 4 83 11 84 3 66 14 1 17 68 9 23 7 82 18 91 5 43
19 93 7 20 11 79 9 18 0 5 3 74 5 18 8 75 18 33 1 57 13 94 16 92 2 48 12 21 14 25 10 85 15 59 17 17 6 88 4 96
14 49 18 31 12 85 0 57 19 96 10 93 4 71 16 3 13 22 9 75 1 54 3 94 8 70 7 82 6 6 17 30 2 68 5 63 11 37 15 16
0 67 6 2 7 62 12 53 3 15 18 21 19 4 2 74 1 68 14 39 4 95 5 38 13 31 11 91 10 9 15 39 16 3 17 35 8 72 9 35
16 55 4 48 5 87 8 34 15 41 13 26 6 49 10 57 7 46 3 32 19 55 14 62 0 17 2 58 11 70 12 11 9 62 18 44 17 93 1 39
8 28 16 23 2 63 4 54 5 66 10 93 6 93 12 13 18 79 0 42 7 82 15 67 19 6 13 88 9 92 17 99 14 7 1 15 11 63 3 54
2 67 13 73 4 41 9 14 19 27 0 98 3 70 16 57 10 31 18 86 17 37 1 45 5 76 14 42 8 50 12 3 6 78 7 29 15 52 11 55
19 66 5 47 7 33 4 51 16 67 9 20 14 61 1 35 6 78 12 59 3 48 2 4 11 3 18 24 8 54 10 48 15 85 0 13 17 64 13 39
1 27 12 28 8 38 18 76 19 66 3 30 9 16 11 43 6 49 2 42 0 66 15 11 14 72 17 54 10 2 5 67 4 81 16 36 7 43 13 58
15 21 5 89 8 94 12 20 18 64 9 42 1 56 19 71 17 50 2 74 6 27 13 45 7 15 3 64 11 39 10 67 4 97 14 35 0 78 16 65
0 98 12 84 19 24 9 1 2 27 10 42 1 20 8 66 17 60 5 74 11 49 16 56 4 82 18 60 13 21 3 87 15 87 7 56 6 46 14 64
3 14 10 94 15 14 6 43 1 79 13 5 2 95 9 61 8 52 16 70 4 38 17 77 14 51 18 11 7 83 11 85 19 74 12 71 5 7 0 9
8 2 15 68 18 69 3 16 13 88 9 94 7 23 14 79 12 5 10 73 0 40 1 15 11 33 16 85 17 46 5 66 19 43 2 18 4 94 6 12
18 63 3 61 6 3 11 3 17 45 15 83 14 69 0 42 2 68 9 25 19 35 8 23 5 36 4 65 10 17 16 5 13 69 12 25 1 38 7 31
7 30 9 64 15 35 19 18 12 80 13 20 0 95 5 81 14 9 18 77 8 8 16 45 4 76 10 37 11 50 1 7 17 43 3 51 2 63 6 59
8 82 18 27 4 18 5 67 6 88 3 60 13 13 1 81 2 22 15 71 14 72 0 78 7 30 17 35 11 12 16 78 12 9 19 6 9 79 10 18
11 79 17 52 1 17 7 9 0 45 9 8 8 96 14 59 3 98 15 73 19 46 2 63 16 26 10 74 5 39 6 30 12 58 4 37 13 47 18 27
0 27 11 49 10 83 2 57 14 43 18 35 16 82 5 59 19 44 7 68 13 98 1 81 4 43 17 24 8 31 3 64 6 82 15 6 9 86 12 7
13 27 5 17 1 74 6 81 19 70 14 99 4 38 2 16 17 51 3 58 12 40 16 65 10 57 15 64 18 59 8 82 9 58 11 77 7 90 0 87
0 4 13 76 6 19 15 46 5 79 8 97 12 5 19 86 1 14 11 3 2 50 17 8 14 71 4 36 18 59 3 76 9 4 10 82 16 28 7 13
15 65 11 38 9 12 14 19 7 50 6 44 4 27 18 72 8 87 5 38 16 86 19 78 3 76 0 11 1 38 17 86 12 79 10 30 13 98 2 30
11 39 10 31 19 40 6 54 8 70 18 83 5 78 1 49 3 12 12 28 16 33 2 59 13 6 15 62 0 24 17 39 4 73 9 92 7 93 14 21
0 26 10 43 1 80 18 60 4 37 15 46 13 18 5 43 8 63 14 48 7 26 12 13 19 7 2 2 16 99 17 97 11 19 3 91 6 13 9 34
0 61 9 74 13 51 2 53 10 89 18 78 4 81 17 64 3 87 19 97 16 86 7 48 6 48 1 85 11 15 5 82 12 22 8 59 15 87 14 51
2 60 11 10 0 6 9 10 14 88 4 3 15 47 16 48 3 68 17 20 19 12 13 2 12 74 18 35 5 15 8 15 7 95 1 14 10 71 6 56
14 10 6 72 17 85 18 43 1 94 5 20 9 7 0 13 13 17 2 42 3 99 16 65 8 42 19 82 12 30 11 46 7 94 10 85 15 60 4 81
10 47 11 13 15 34 17 50 3 41 14 30 0 52 1 9 9 8 2 41 4 27 12 67 7 17 19 30 6 4 16 71 18 96 13 79 5 18 8 2
7 87 4 37 5 14 8 8 1 2 11 48 2 37 18 43 6 67 14 47 15 94 16 68 13 51 0 30 19 14 3 48 12 60 9 13 17 2 10 4
19 21 6 75 17 19 0 56 11 27 8 53 5 87 1 42 7 4 4 14 2 92 18 60 13 45 3 10 9 74 14 99 15 51 12 94 16 94 10 63
6 97 11 14 16 96 0 67 12 32 3 32 2 12 4 30 19 83 7 55 13 94 17 80 14 65 10 68 5 96 15 10 1 48 8 72 9 52 18 23
13 10 17 62 12 64 18 32 7 21 10 47 1 42 4 68 3 65 16 13 14 60 9 10 11 25 5 69 6 27 2 72 0 14 19 59 15 66 8 45
8 93 5 99 4 58 2 63 13 1 12 69 17 33 15 75 16 74 1 73 18 34 3 19 6 66 10 60 7 12 11 89 14 65 0 80 19 39 9 20
2 67 10 91 3 79 4 42 12 79 0 95 14 6 5 33 15 17 9 30 7 95 16 15 13 28 11 81 6 78 1 92 17 63 8 7 19 87 18 21
14 90 5 46 9 9 12 26 0 99 2 65 3 89 18 19 16 28 19 62 6 37 11 76 10 12 13 96 7 33 1 40 8 71 4 29 15 3 17 58
10 17 19 66 16 50 9 28 14 38 12 42 0 16 2 57 4 53 6 49 8 66 18 23 5 34 15 48 17 83 1 23 7 11 11 94 13 6 3 33
7 7 2 61 8 65 15 39 18 4 16 1 4 38 19 72 17 44 10 96 1 57 14 77 0 57 12 21 9 60 11 16 6 3 13 90 3 33 5 93
16 47 9 63 10 25 12 23 1 29 13 71 3 42 0 90 19 31 15 62 6 47 7 34 18 41 11 95 2 9 14 19 5 87 4 37 17 96 8 56
10 67 3 23 18 95 8 74 19 5 14 97 1 84 12 2 2 85 17 68 16 22 15 88 4 97 13 64 5 87 0 42 6 72 11 67 7 11 9 20
2 55 4 30 12 63 0 46 1 84 8 34 7 47 11 88 14 69 15 19 9 62 6 99 17 25 18 39 19 70 16 98 5 71 3 34 10 78 13 8
4 16 8 10 15 93 13 68 11 86 5 7 17 24 10 10 19 63 14 53 6 73 12 60 7 65 2 64 1 8 3 50 18 7 16 69 0 23 9 20
3 66 11 60 12 61 6 7 14 37 5 75 15 13 17 78 10 68 1 86 18 5 19 28 16 34 0 42 2 3 7 90 4 31 8 42 13 25 9 19
3 90 18 32 2 63 6 92 4 49 19 39 0 58 14 62 17 63 1 86 13 31 11 83 15 6 8 67 7 46 16 71 10 1 9 75 12 18 5 59
11 76 2 23 18 57 7 16 13 18 1 59 0 34 5 47 16 73 14 10 6 19 12 11 9 61 4 7 3 53 8 27 19 53 15 71 10 19 17 81
9 7 18 89 8 69 6 3 0 81 13 14 3 54 14 30 12 80 7 74 10 95 2 60 16 92 15 42 4 18 1 41 19 92 5 84 17 45 11 22
3 95 11 53 19 94 0 85 9 77 13 93 2 79 14 85 1 31 7 21 15 76 16 10 8 6 5 31 10 2 17 24 6 7 12 21 18 32 4 25
6 50 1 62 11 4 9 18 16 1 3 8 19 60 13 5 12 81 14 27 18 40 0 53 2 48 4 15 5 18 8 62 10 71 15 32 17 78 7 79
4 62 5 17 2 42 3 72 19 32 17 45 9 47 1 91 12 61 13 94 0 84 6 44 14 81 16 36 11 13 18 90 7 30 8 94 15 99 10 77
2 88 16 50 5 24 6 54 15 28 18 94 7 98 17 63 10 56 4 33 0 98 9 28 12 38 11 58 1 23 8 9 13 25 3 46 14 97 19 89
2 83 12 11 15 28 0 99 7 25 13 73 5 98 6 85 3 87 19 62 16 45 10 95 1 81 9 63 18 64 17 15 14 78 8 76 4 59 11 75
