50 20
11 48 8 3 18 62 17 74 2 15 14 67 10 76 7 62 12 23 5 64 13 57 0 13 6 68 15 62 16 84 4 78 1 85 9 1 3 7 19 92
19 15 7 17 14 14 8 73 3 47 11 13 4 85 5 2 13 88 9 19 10 73 1 40 17 37 16 70 18 18 2 70 0 37 15 22 12 36 6 23
1 19 3 53 5 73 17 75 18 51 8 73 14 61 15 62 11 37 12 49 10 63 16 72 7 73 2 75 19 41 0 71 4 92 9 16 6 81 13 25
17 26 11 86 14 9 8 96 3 73 16 87 5 1 18 32 7 65 6 95 13 34 1 87 10 98 15 71 19 58 12 95 0 67 2 74 9 86 4 78
17 34 2 54 6 52 9 77 16 89 12 99 3 30 14 94 13 54 15 66 8 9 7 53 18 65 1 24 10 41 5 73 11 21 0 24 4 83 19 87
6 14 11 23 15 15 9 53 2 18 5 98 8 81 18 14 14 14 16 32 0 5 13 12 17 86 3 16 19 98 1 24 12 90 7 18 4 35 10 90
16 87 15 4 8 76 13 94 6 33 3 27 14 7 18 51 9 81 5 67 7 77 17 87 12 37 1 99 0 52 10 25 2 96 19 32 11 41 4 27
0 99 19 41 10 30 8 21 13 60 5 15 16 58 17 64 4 68 15 81 9 21 18 27 7 36 1 16 11 97 2 5 3 98 6 96 12 88 14 80
12 72 10 57 4 86 18 11 1 65 6 5 14 77 5 32 17 23 3 84 13 35 15 74 11 39 9 39 19 96 2 23 8 49 16 89 7 55 0 68
8 96 1 38 9 59 18 33 19 76 7 98 0 43 4 26 17 65 12 47 5 42 3 98 10 22 16 2 15 52 13 22 6 48 14 93 2 12 11 21
12 94 3 45 8 73 5 54 14 84 19 24 2 15 1 13 6 51 16 88 9 37 11 76 10 34 15 31 17 52 18 9 0 23 4 2 13 58 7 64
12 82 0 87 8 61 6 84 10 9 16 75 7 70 3 19 13 45 19 74 1 65 2 76 4 27 11 55 18 97 15 41 5 84 9 12 14 78 17 75
9 75 8 55 6 9 5 52 15 20 11 36 2 52 0 18 19 37 4 40 3 32 17 5 16 48 12 28 7 55 13 34 1 85 10 51 18 5 14 82
16 97 14 12 15 99 2 96 7 78 19 85 17 1 6 53 5 73 4 33 18 49 1 92 10 61 0 39 3 32 13 78 8 1 12 13 9 25 11 58
12 35 3 62 11 59 1 76 6 52 14 34 13 35 5 29 7 91 16 31 10 40 18 76 15 38 9 35 19 5 8 9 2 29 0 76 4 89 17 12
2 19 14 21 3 58 5 30 6 47 8 57 18 26 10 93 19 13 1 25 11 93 13 30 9 89 16 44 17 46 7 47 15 7 12 64 4 19 0 13
6 98 10 10 18 31 4 63 7 62 17 59 0 92 13 69 15 33 11 55 14 30 3 77 2 34 5 12 16 95 12 73 9 28 8 62 19 24 1 1
5 84 17 43 3 46 14 2 19 66 11 55 10 89 9 76 12 63 15 98 8 42 4 17 7 21 0 59 6 44 13 32 16 2 18 68 1 74 2 50
8 50 5 60 3 24 12 65 11 5 10 35 1 72 9 2 6 63 17 85 0 13 7 39 19 35 14 11 13 78 4 36 16 58 18 74 15 17 2 1
16 18 11 20 7 4 3 68 18 79 2 95 0 28 4 15 8 17 19 12 12 93 13 62 14 67 6 89 17 46 15 23 1 94 10 89 9 34 5 40
18 24 11 27 1 8 9 11 17 64 4 53 12 10 15 48 19 25 0 79 2 56 13 43 6 57 3 16 16 5 10 12 14 99 8 81 5 49 7 29
7 90 9 68 17 64 16 60 11 85 8 28 1 22 0 77 18 70 12 58 13 29 5 17 6 7 19 11 4 27 2 73 10 61 15 18 3 69 14 26
18 83 7 25 10 89 2 67 11 56 12 4 3 85 6 50 5 97 4 16 14 83 9 96 8 73 15 44 1 23 19 53 0 67 16 77 13 36 17 91
1 66 12 18 2 72 5 21 8 38 7 23 18 70 14 58 17 79 4 23 9 36 15 47 19 79 11 8 3 35 10 91 16 84 13 4 6 87 0 51
7 48 10 90 15 22 16 32 2 22 3 83 5 86 8 26 6 11 1 24 17 67 18 29 12 47 14 75 13 32 0 25 9 70 4 76 19 16 11 87
18 11 15 8 8 90 9 10 1 35 19 91 0 14 5 11 6 2 3 7 17 9 12 42 10 15 14 2 11 22 13 71 4 33 7 17 2 60 16 67
12 90 11 5 3 29 16 90 1 98 5 54 10 67 8 49 17 47 15 58 14 91 6 73 4 22 0 72 7 84 9 11 13 65 19 41 18 80 2 20
18 85 12 71 7 82 1 60 4 39 14 38 17 82 13 57 5 27 6 88 0 30 15 31 9 84 8 86 2 6 19 34 10 35 11 12 16 68 3 27
10 70 9 24 15 86 0 76 12 21 5 47 14 49 18 60 3 76 2 65 8 82 16 61 17 22 6 20 11 62 13 36 4 68 7 70 1 70 19 26
0 50 9 16 14 62 15 61 6 19 10 59 16 95 18 26 8 95 4 32 5 54 12 63 1 39 11 38 3 67 17 10 2 51 19 55 13 7 7 85
10 9 2 77 14 90 0 10 9 97 19 75 3 20 16 73 5 80 11 58 13 10 15 55 7 47 8 60 18 42 12 16 17 59 4 6 6 95 1 96
18 44 17 39 8 41 16 13 19 92 11 63 10 2 0 38 6 88 15 49 14 12 1 59 7 97 12 63 4 22 3 87 9 92 2 75 13 88 5 38
19 21 17 41 12 20 18 33 5 33 4 41 7 57 14 57 6 83 3 9 8 45 0 43 11 67 9 72 15 25 1 43 2 67 16 85 10 68 13 58
10 65 11 3 7 34 3 13 13 52 18 98 17 8 4 37 8 47 6 34 9 8 2 79 5 35 15 61 12 98 16 55 0 40 14 4 19 53 1 77
5 45 14 15 7 3 10 2 8 65 13 66 16 92 19 9 11 23 18 30 1 29 4 76 15 58 17 58 6 7 12 48 3 30 0 51 9 79 2 69
5 67 0 91 17 80 4 66 15 26 13 50 1 11 8 50 12 3 10 83 9 50 16 90 19 70 18 62 14 96 6 91 3 13 11 89 2 83 7 61
17 84 5 69 7 60 13 64 18 10 14 20 3 18 9 74 15 32 0 56 8 29 11 35 12 35 1 94 4 60 16 11 19 56 2 4 10 89 6 71
5 26 8 75 7 85 19 41 16 98 6 67 13 4 2 5 10 60 14 20 15 21 4 26 17 34 3 84 9 20 0 7 11 84 1 7 18 58 12 83
17 69 14 33 1 35 0 46 10 16 4 12 13 87 2 48 9 12 3 84 16 25 15 9 11 67 19 7 8 33 12 60 5 45 6 53 18 39 7 95
14 50 1 49 10 37 7 51 5 7 4 32 12 71 0 46 19 67 15 66 3 50 2 58 8 46 9 66 11 12 6 97 17 7 16 72 13 23 18 59
15 50 5 5 1 47 6 84 16 8 7 6 17 75 0 6 12 94 19 79 10 77 2 95 4 49 9 24 8 11 18 96 11 9 13 1 3 73 14 48
4 74 10 90 9 56 13 30 7 5 3 81 8 1 0 32 1 22 16 66 5 53 11 67 12 32 19 54 2 13 15 98 18 73 17 78 14 50 6 60
16 40 5 44 3 64 0 88 15 50 8 90 12 14 1 28 4 53 9 15 19 85 11 20 14 21 6 98 18 2 2 59 13 86 7 25 17 39 10 82
13 33 10 65 9 46 12 87 0 93 15 87 16 87 5 2 3 98 18 96 6 62 11 42 14 11 7 26 2 27 4 28 8 37 17 45 1 63 19 16
3 65 7 39 13 68 10 98 1 54 6 71 14 46 9 70 18 56 19 27 5 49 16 1 8 6 17 60 15 58 2 34 11 50 12 94 0 95 4 88
2 11 15 53 11 9 10 74 8 23 14 73 7 39 12 59 13 9 5 48 9 68 3 4 18 28 17 64 4 87 16 86 1 87 6 1 19 98 0 24
8 62 7 50 12 74 15 35 1 48 5 30 4 49 13 73 18 36 0 63 9 17 17 2 6 95 19 59 2 69 3 47 16 56 14 39 10 88 11 62
2 11 15 87 18 13 19 75 7 35 6 42 14 34 5 40 8 47 16 77 12 80 11 41 4 81 10 24 9 53 13 32 17 49 1 60 3 82 0 27
12 68 13 14 19 53 8 88 6 13 5 23 18 57 1 29 11 41 7 81 16 88 17 48 14 99 10 8 9 12 2 97 15 50 0 76 3 7 4 6
6 92 2 13 13 24 16 68 9 51 8 13 18 79 11 47 5 33 7 60 4 11 1 17 19 90 3 48 0 18 10 77 12 16 17 99 15 2 14 63
