50 20
16 35 5 48 14 91 17 33 3 33 6 22 18 47 4 79 11 36 7 42 15 64 9 11 13 59 2 37 1 59 12 91 8 23 10 39 19 40 0 19
7 72 0 81 6 42 19 29 18 9 14 12 11 19 12 1 5 55 17 61 2 66 9 68 1 3 13 42 4 94 10 55 15 71 8 21 16 72 3 71
15 59 3 39 4 48 1 89 2 47 7 67 12 22 17 2 14 19 11 4 18 31 16 24 9 59 8 85 6 66 5 68 0 82 13 61 10 29 19 2
12 87 5 32 3 36 14 30 11 72 6 79 13 75 7 75 0 58 16 73 9 13 1 13 8 77 15 96 19 5 2 63 18 67 17 47 4 34 10 91
15 92 3 39 16 41 19 99 2 98 6 55 11 15 0 66 7 72 4 46 14 16 8 20 5 35 17 11 1 69 18 75 13 98 9 72 10 98 12 99
2 43 14 36 18 20 8 63 16 69 4 95 13 58 15 98 9 3 1 29 12 15 10 57 5 73 3 48 7 14 19 35 0 47 11 15 6 67 17 36
7 90 3 99 9 85 2 19 11 88 14 63 8 42 6 5 19 1 0 40 17 33 16 22 18 66 13 63 15 40 12 21 4 64 5 61 1 67 10 96
13 67 1 67 5 8 3 8 4 17 14 61 9 92 12 45 15 7 16 93 2 36 0 80 11 4 8 22 6 26 18 2 17 22 7 57 19 79 10 26
13 85 6 2 15 53 19 36 11 79 18 11 17 85 3 16 0 33 16 83 7 61 4 93 5 54 14 60 9 21 12 76 1 72 8 67 10 87 2 4
5 90 11 55 16 2 14 7 17 40 7 64 13 6 15 5 0 74 6 56 8 89 19 23 3 92 12 5 2 66 1 49 10 25 9 31 18 79 4 6
11 25 12 57 3 24 9 57 5 76 14 58 4 71 15 3 1 55 0 53 7 77 16 59 13 62 2 15 10 17 19 5 17 65 6 47 8 81 18 63
5 21 10 23 6 3 3 1 11 80 8 63 14 59 18 46 0 9 16 72 2 90 12 77 4 57 13 82 9 19 15 45 17 37 7 60 1 58 19 92
8 68 19 40 4 81 9 29 18 97 13 70 7 22 12 99 0 86 1 41 14 27 3 34 10 95 17 49 15 27 2 85 16 18 6 18 5 16 11 71
6 90 12 61 0 9 7 12 13 58 11 35 9 92 5 91 14 68 10 54 2 78 19 44 18 84 16 81 8 50 15 58 17 55 1 5 3 89 4 80
7 68 9 15 4 55 17 42 10 70 15 6 1 35 0 6 5 62 12 84 8 64 3 29 2 1 6 40 16 59 18 2 13 48 14 98 19 51 11 75
11 9 0 8 12 56 10 75 19 32 1 28 8 56 4 6 16 62 3 21 2 69 17 12 9 9 14 11 13 58 5 72 15 62 7 12 18 18 6 61
16 32 0 70 1 41 13 86 8 26 6 37 7 4 9 13 19 52 15 41 2 54 10 17 12 31 18 20 5 38 4 92 14 17 17 84 11 87 3 21
8 43 16 12 4 96 13 53 2 10 5 84 6 74 0 45 7 52 1 70 12 14 14 88 9 35 17 55 10 27 15 84 19 80 11 52 3 35 18 24
5 40 12 38 10 5 7 16 14 77 11 12 13 30 0 24 6 42 2 5 16 8 1 40 19 4 3 2 9 17 4 70 17 36 8 28 15 25 18 15
16 44 18 21 19 31 1 92 5 77 14 32 4 25 2 84 6 47 7 85 3 75 12 58 8 44 17 29 11 70 15 18 13 61 10 57 0 29 9 65
18 6 9 84 17 16 16 7 19 82 13 69 6 41 15 22 12 27 8 71 3 10 2 86 10 90 5 27 14 61 11 71 4 98 7 47 0 78 1 74
11 38 6 13 9 45 10 16 14 42 4 90 18 47 1 65 16 68 3 53 12 78 5 64 15 44 13 56 0 85 8 65 17 83 19 40 7 97 2 27
17 90 7 16 4 23 11 38 2 57 10 18 9 65 13 3 8 64 16 24 12 12 15 50 1 93 3 76 5 39 6 51 18 51 14 84 0 73 19 24
3 48 1 47 15 28 8 81 16 56 6 93 18 92 7 92 10 58 17 36 11 95 2 56 19 67 5 78 14 76 0 84 9 82 4 97 13 35 12 73
9 42 11 7 7 8 10 39 12 50 6 99 15 59 5 47 13 60 1 78 16 54 17 29 0 78 18 86 4 13 8 36 2 45 19 24 3 87 14 3
10 68 18 61 15 39 16 56 17 89 7 81 6 96 9 41 0 43 3 42 11 71 8 36 5 73 19 89 4 36 13 90 2 69 12 20 1 42 14 86
7 93 4 74 15 78 19 86 0 92 17 88 16 74 3 70 12 12 6 82 1 5 8 96 13 5 9 12 11 28 14 44 5 38 2 96 18 25 10 97
10 55 5 77 18 88 1 2 14 67 15 53 2 11 3 68 7 60 6 95 9 98 16 75 12 93 4 25 11 12 19 92 17 20 0 83 8 36 13 44
18 38 10 76 11 80 1 74 4 14 2 47 13 26 3 29 14 16 9 65 16 47 15 22 0 5 17 33 12 37 19 76 8 58 6 33 5 76 7 47
0 18 1 58 16 66 19 43 5 74 7 85 10 13 17 76 15 13 13 69 2 72 4 31 8 99 12 6 18 90 3 65 9 67 6 56 11 74 14 89
6 53 8 19 15 6 2 34 1 86 12 66 7 88 5 4 13 9 10 49 4 38 3 94 11 63 9 55 0 6 17 79 14 33 16 52 18 44 19 27
13 42 7 70 15 41 9 5 8 48 18 4 4 38 3 13 6 18 14 22 1 75 12 85 11 2 19 67 10 38 5 34 16 61 17 97 0 87 2 61
15 19 12 37 3 72 18 66 0 59 2 47 9 66 19 36 11 26 7 75 14 20 5 44 1 5 16 78 6 52 4 54 8 2 13 56 10 21 17 74
5 58 10 5 15 79 12 70 1 77 8 50 18 2 11 94 3 92 7 77 17 80 9 92 4 64 13 98 14 20 2 41 0 23 6 64 19 27 16 44
17 45 8 63 0 52 1 72 11 74 14 65 10 32 6 85 5 42 18 49 9 86 13 16 16 68 12 97 7 21 3 68 15 41 4 24 2 23 19 30
1 47 12 73 17 14 6 18 9 46 14 3 4 6 16 65 13 70 5 61 0 5 3 51 19 61 7 11 10 22 18 92 8 35 2 39 15 41 11 91
2 52 0 99 3 53 5 20 14 70 17 10 6 90 13 83 19 40 1 90 18 31 4 67 9 89 11 53 7 34 10 27 12 75 15 18 16 34 8 13
14 30 1 9 13 86 3 32 2 87 17 58 0 86 4 48 15 40 18 61 10 83 6 31 8 96 5 68 12 57 9 2 16 39 11 41 7 65 19 84
0 52 17 94 3 92 10 95 2 23 8 59 11 9 16 14 15 85 5 75 14 2 12 61 13 53 6 56 19 64 9 83 4 91 18 70 7 88 1 50
3 27 11 78 13 5 8 26 17 85 6 31 12 79 7 24 0 18 14 64 4 7 5 82 1 33 10 34 16 92 19 58 9 16 15 3 2 50 18 22
11 63 8 39 15 12 14 11 18 31 6 12 17 21 1 99 10 55 2 21 7 51 3 91 0 20 13 7 16 49 19 63 5 52 12 13 4 68 9 55
10 8 6 37 16 21 18 82 12 96 15 26 19 24 11 70 4 42 9 27 5 87 17 81 14 89 2 83 0 62 3 62 8 7 1 85 7 50 13 71
17 79 10 8 15 71 0 44 2 61 9 85 16 91 18 3 19 29 1 67 6 99 14 56 13 2 7 30 12 18 3 13 5 4 11 8 4 25 8 41
4 18 3 19 0 15 17 84 16 22 13 20 12 91 14 31 10 2 9 25 2 65 1 52 18 54 5 57 19 69 6 64 11 85 15 60 8 77 7 37
13 61 14 81 19 54 5 74 17 5 4 34 3 3 0 94 18 76 16 66 1 39 10 35 6 75 12 29 8 52 11 68 2 34 15 68 7 34 9 99
15 77 6 44 2 71 12 52 5 55 4 1 17 85 3 15 16 29 13 64 8 96 14 64 11 45 0 33 18 85 1 27 10 23 9 7 7 54 19 91
16 51 5 51 2 2 12 52 4 53 19 61 6 81 14 14 11 32 1 37 8 79 15 45 10 39 0 94 9 84 18 52 7 84 3 87 17 63 13 13
10 27 16 70 8 51 1 72 4 52 13 8 5 97 0 82 17 87 19 21 12 60 6 9 11 45 18 14 9 27 7 86 2 77 3 2 15 48 14 51
16 44 19 5 3 49 7 49 13 26 0 21 18 39 12 74 11 63 9 89 1 42 4 73 17 38 6 58 10 3 5 82 14 28 15 21 8 37 2 58
3 67 13 40 7 11 4 69 15 93 2 60 10 41 14 95 11 64 9 33 18 13 12 52 16 3 5 35 0 73 1 80 17 17 6 87 19 39 8 66
