50 15
7 19 3 65 11 75 1 24 14 28 9 44 10 27 2 97 4 18 12 89 6 79 0 84 13 12 5 39 8 63
6 54 1 89 14 88 2 87 8 31 0 2 5 78 12 71 9 77 7 1 3 4 10 50 4 34 11 44 13 93
10 24 7 6 5 32 1 15 3 80 4 52 8 51 14 29 12 51 6 96 9 24 0 77 13 2 2 32 11 93
2 94 0 68 8 64 10 46 13 96 4 22 1 36 11 64 7 65 9 11 6 17 14 69 3 84 5 63 12 93
4 94 9 68 6 99 8 62 10 72 12 38 13 81 1 12 0 16 3 36 11 71 2 49 14 84 5 94 7 40
6 93 13 61 1 92 12 58 7 33 9 32 0 98 2 59 14 19 3 83 8 82 10 2 4 16 11 69 5 41
10 98 2 86 3 77 13 28 4 44 7 45 8 31 9 6 6 74 11 1 5 76 14 20 0 64 12 34 1 24
3 40 2 91 1 59 0 96 10 74 7 58 13 50 11 20 14 69 4 79 9 70 12 41 8 1 5 73 6 4
14 73 7 42 12 29 6 68 0 14 13 78 3 43 9 94 10 26 4 38 5 87 8 70 11 4 2 34 1 2
5 2 14 62 1 56 7 38 11 49 2 88 0 60 4 49 12 73 3 69 8 52 13 83 10 56 6 62 9 49
0 98 2 44 12 40 5 26 9 2 14 5 6 97 13 2 7 14 3 25 10 29 1 86 11 33 4 17 8 40
4 45 6 11 9 28 3 42 1 49 11 3 13 92 5 42 14 20 12 20 8 73 10 44 7 25 0 45 2 20
10 72 5 42 13 42 7 60 9 7 14 98 2 49 0 89 4 75 12 24 3 31 6 61 8 84 11 92 1 49
8 39 3 20 11 94 13 4 14 38 2 7 10 88 12 65 5 42 4 79 6 37 1 47 0 36 7 76 9 6
14 14 3 69 7 37 8 4 10 95 12 90 0 12 6 72 2 41 4 7 1 80 9 85 13 2 5 11 11 7
1 4 9 43 5 77 11 39 14 41 4 68 13 97 6 79 2 15 3 34 7 54 10 44 8 23 0 7 12 65
1 32 11 58 10 88 9 91 8 50 14 5 7 96 4 23 13 14 12 22 2 78 3 53 6 47 5 35 0 47
12 95 4 4 11 68 14 27 9 20 10 64 8 66 0 78 2 19 3 84 13 37 6 6 5 4 1 9 7 7
5 93 6 41 8 81 14 30 12 2 4 52 0 93 9 72 1 23 3 26 10 27 11 57 2 58 13 59 7 21
1 56 10 67 6 80 2 49 12 7 5 65 0 61 11 26 7 43 14 31 9 13 3 52 4 42 8 7 13 29
7 89 10 92 9 80 8 81 14 33 5 60 13 58 0 42 12 58 6 45 1 9 2 43 4 69 3 84 11 52
1 50 6 56 8 45 7 4 5 58 0 29 4 43 2 26 10 3 12 16 3 36 9 79 13 82 11 96 14 29
11 47 14 14 6 24 3 66 10 91 8 46 1 88 13 11 5 13 4 47 2 21 12 31 9 66 7 93 0 82
1 25 4 58 11 7 5 94 6 82 13 19 9 56 2 13 0 69 14 35 7 57 10 33 3 53 12 45 8 38
13 59 1 84 4 16 8 23 14 16 7 17 10 29 11 52 0 21 6 15 9 1 3 94 12 31 2 85 5 61
12 93 9 56 8 90 2 58 0 60 3 89 14 35 5 30 11 60 4 2 1 35 13 22 10 2 7 46 6 55
2 36 5 84 11 10 13 77 0 30 7 60 6 50 4 54 14 29 8 52 9 53 3 11 10 73 1 57 12 48
3 65 13 29 11 82 8 37 10 53 12 79 4 5 2 53 9 54 7 25 1 63 6 72 14 9 0 93 5 48
6 60 4 22 3 73 11 54 5 63 8 76 14 72 13 12 9 8 10 48 7 40 1 86 12 21 0 36 2 22
5 97 12 40 11 69 6 41 7 93 9 24 0 88 8 42 14 84 10 68 1 65 3 58 13 9 4 25 2 12
11 78 14 92 3 56 4 31 12 1 5 20 9 85 1 38 2 95 8 52 6 75 7 61 0 72 10 40 13 49
4 10 6 57 11 35 9 86 5 49 8 43 12 36 0 34 13 11 3 48 14 88 10 53 1 15 7 85 2 73
6 49 13 21 4 46 0 93 10 34 9 30 1 12 14 51 12 37 2 94 7 67 3 50 5 82 8 77 11 76
5 56 12 30 10 60 4 79 14 26 8 13 7 90 6 75 0 99 2 96 13 34 1 39 3 49 11 5 9 7
12 10 3 4 14 24 11 9 7 84 5 94 4 4 9 74 13 13 0 40 10 92 2 26 8 81 6 18 1 26
10 21 9 20 1 80 5 89 2 41 7 7 14 50 0 16 13 13 11 81 3 26 4 24 8 46 12 95 6 72
14 74 7 65 5 95 11 49 0 18 6 11 2 26 13 51 3 6 12 8 9 3 4 7 8 35 10 34 1 11
12 78 10 74 9 86 7 2 13 84 11 51 6 15 1 79 2 89 0 56 8 12 5 94 4 73 3 51 14 5
10 20 7 60 12 72 3 49 5 27 14 72 9 80 4 99 8 24 0 34 13 57 11 11 1 43 2 24 6 47
1 54 2 73 3 29 10 57 13 55 5 69 12 60 14 24 11 34 9 98 0 60 4 87 7 75 8 7 6 36
11 44 9 58 14 58 6 80 13 19 0 18 2 62 8 35 10 89 4 58 5 85 3 85 12 61 7 54 1 8
14 48 0 70 12 95 10 47 11 55 6 48 2 59 7 22 8 96 4 93 5 75 13 27 3 1 1 27 9 52
14 70 4 24 5 61 10 9 1 56 3 24 8 24 12 14 6 16 7 92 0 58 11 59 13 2 2 51 9 3
10 48 3 40 13 5 5 38 7 11 1 29 12 1 8 48 6 79 14 31 2 38 0 74 9 68 4 99 11 45
14 22 5 73 9 93 11 84 10 25 6 96 8 47 0 78 1 29 4 82 13 37 12 93 2 86 7 39 3 32
7 46 12 44 14 70 4 16 8 3 9 90 3 72 2 12 1 76 6 92 0 2 10 38 11 35 5 50 13 63
5 95 2 78 9 33 6 17 13 65 10 4 7 10 8 99 3 91 12 9 0 6 11 9 1 29 4 79 14 57
3 34 5 67 8 8 7 91 13 18 1 14 4 52 0 78 12 96 6 78 2 79 11 9 14 8 9 61 10 76
14 47 12 16 9 84 3 90 2 98 11 97 7 90 4 47 1 67 0 12 5 90 10 46 6 37 8 54 13 18
0 9 3 90 7 98 11 40 10 42 4 20 12 16 9 60 6 92 1 43 2 50 13 71 5 91 14 20 8 2
