50 15
10 74 11 33 4 15 5 41 12 1 8 66 0 88 13 93 14 49 1 22 9 29 7 28 2 29 3 20 6 1
11 40 12 77 3 43 4 21 7 17 10 36 5 9 13 68 6 48 14 9 2 79 8 93 9 29 1 56 0 61
12 1 8 92 11 45 6 54 13 90 7 18 14 55 4 44 2 70 3 72 0 44 5 32 9 77 1 40 10 44
9 31 6 70 13 24 8 54 1 1 12 60 3 71 2 71 0 93 11 29 5 68 7 63 10 90 14 47 4 52
13 12 4 65 9 1 6 86 10 44 5 93 8 18 0 58 12 93 1 74 11 93 14 81 3 8 7 88 2 76
0 74 14 14 6 73 7 38 13 25 12 89 4 17 1 67 3 22 9 43 5 74 10 22 11 36 2 43 8 32
11 22 1 48 2 32 7 56 4 95 10 57 12 1 9 90 14 85 3 65 13 80 6 46 8 18 0 46 5 92
4 89 12 77 6 16 3 32 14 83 5 55 13 23 8 98 0 34 7 17 10 97 2 5 1 26 9 97 11 43
3 2 13 25 6 40 1 14 7 80 10 72 14 46 8 95 5 90 11 25 4 75 12 44 2 11 9 46 0 38
3 53 7 35 5 33 4 53 0 98 12 18 11 83 1 35 2 9 6 62 10 72 9 50 14 42 8 6 13 5
10 39 0 88 13 9 12 50 2 98 1 65 8 23 14 15 7 16 6 34 3 26 9 55 5 72 11 45 4 27
6 57 13 39 14 89 11 58 9 37 4 31 2 74 10 57 5 56 0 95 8 13 3 54 12 19 1 31 7 85
13 2 6 71 7 86 14 55 11 28 9 50 2 71 1 19 4 77 8 39 12 70 0 23 5 34 10 95 3 43
2 89 12 35 1 24 11 56 9 41 5 27 7 89 0 29 13 97 14 86 3 38 6 57 10 65 4 63 8 32
1 25 0 5 5 97 8 38 4 11 10 42 2 74 12 7 14 86 13 24 9 64 6 29 11 63 3 7 7 35
0 66 8 15 14 68 3 27 9 11 10 12 6 97 11 22 5 86 12 32 4 40 2 86 13 29 7 42 1 30
1 71 5 59 0 57 14 19 3 41 6 68 9 59 7 48 10 86 4 85 12 4 8 46 11 98 13 64 2 51
11 78 1 26 5 92 14 23 13 96 12 71 2 43 9 86 10 99 7 83 6 93 0 81 8 27 3 7 4 39
6 74 0 25 1 83 8 95 14 2 3 65 4 68 13 77 9 75 5 18 12 64 2 79 11 27 10 15 7 7
1 46 3 50 7 11 2 61 8 13 0 26 12 46 11 93 4 2 10 14 6 98 5 84 9 2 14 1 13 46
1 21 7 29 13 27 11 23 4 15 0 99 10 48 5 94 9 38 8 25 12 32 6 26 3 23 14 49 2 39
12 62 3 60 4 20 2 47 6 39 7 85 8 11 5 27 13 84 11 70 9 93 10 6 14 91 0 88 1 84
10 14 3 40 2 65 7 33 0 5 5 4 6 28 1 36 12 31 9 54 14 80 11 63 13 15 4 60 8 74
6 84 13 22 0 4 3 7 10 61 9 42 12 60 8 83 5 17 11 39 4 76 2 71 7 1 1 27 14 18
1 5 14 11 2 81 10 23 8 87 5 91 0 57 13 41 4 58 6 33 12 25 9 82 11 57 3 32 7 85
7 83 14 76 9 51 4 72 13 30 3 87 5 53 1 99 12 51 6 51 0 77 2 33 11 38 10 47 8 19
12 30 14 81 0 88 11 16 2 19 7 55 9 35 3 62 8 80 13 88 5 28 6 55 10 61 4 41 1 32
8 68 13 71 4 20 10 17 2 76 1 39 5 30 11 10 0 53 12 96 3 3 14 91 9 48 6 76 7 15
9 58 5 56 4 84 11 39 1 56 8 47 7 60 2 36 13 78 0 64 10 31 3 26 14 98 6 18 12 23
14 84 9 57 10 27 6 28 11 60 2 43 7 32 1 7 0 16 4 17 13 63 3 81 5 37 12 36 8 91
11 51 14 98 10 89 5 34 12 86 13 39 2 20 0 46 8 77 4 58 3 41 7 89 9 60 6 71 1 12
6 68 10 33 1 66 7 20 12 70 4 28 13 4 5 94 2 30 9 28 3 75 11 99 0 63 8 41 14 58
10 73 14 41 9 42 6 55 13 74 11 22 7 34 12 80 2 31 0 38 8 3 1 77 5 66 4 96 3 79
10 87 9 38 0 54 5 39 2 98 14 99 6 2 7 45 1 29 8 92 12 72 11 77 3 74 13 53 4 10
4 21 13 72 5 61 9 64 10 43 12 68 11 38 1 21 7 89 6 20 2 79 14 89 8 52 0 92 3 31
6 3 11 55 14 17 12 23 1 84 13 4 9 71 5 40 2 88 7 75 10 57 0 48 3 90 8 56 4 70
2 64 3 61 7 96 6 1 0 67 1 8 9 41 12 62 4 62 10 44 14 37 11 1 13 97 8 75 5 85
12 66 7 28 14 51 5 24 1 94 2 80 10 67 8 58 9 46 13 88 0 55 4 87 3 42 11 32 6 76
10 35 3 38 0 1 9 64 1 75 7 8 8 55 2 26 13 17 6 22 4 41 14 8 5 47 11 71 12 78
12 52 10 35 1 32 7 21 8 45 3 65 11 20 6 43 9 73 13 93 4 85 2 2 0 70 5 96 14 10
9 76 10 71 4 48 1 34 14 39 7 6 0 57 11 32 5 94 8 15 12 98 3 40 6 9 13 12 2 70
1 92 9 18 0 83 13 25 8 66 14 59 4 35 11 16 2 76 3 90 12 91 5 80 10 68 7 81 6 32
5 92 0 26 2 52 4 80 6 38 7 56 14 63 12 92 3 34 11 43 13 70 8 53 9 31 1 71 10 75
8 52 4 74 7 86 11 31 13 6 1 38 2 95 10 33 6 82 12 51 5 63 0 90 3 93 9 33 14 58
13 34 5 87 12 95 3 37 14 16 9 88 8 92 4 60 11 59 6 84 2 22 1 19 7 65 10 56 0 63
3 74 13 31 1 34 9 4 7 51 14 53 5 60 6 54 2 78 0 78 10 37 12 31 8 99 11 17 4 26
2 1 9 42 1 88 0 40 14 92 13 3 3 35 10 65 4 52 6 14 8 3 5 92 7 71 11 42 12 44
5 8 1 7 7 3 11 96 13 21 0 27 2 51 9 18 6 66 14 56 4 58 12 56 3 62 8 62 10 18
5 62 9 10 3 18 2 2 1 5 13 12 10 7 11 20 12 1 8 64 14 87 4 75 0 12 7 15 6 32
7 89 8 37 6 44 11 44 4 22 14 74 13 55 5 74 12 75 9 79 1 5 10 97 3 53 2 94 0 56
