50 15
14 37 6 60 9 16 4 9 13 70 7 99 8 68 1 83 0 42 12 4 10 65 2 57 11 75 5 61 3 49
0 34 7 40 2 80 10 21 12 25 14 36 4 64 11 86 1 27 6 35 13 85 3 99 5 78 9 57 8 81
3 90 13 42 2 2 0 98 12 31 4 6 11 17 1 95 6 34 14 2 8 62 10 5 7 55 5 62 9 71
2 1 6 66 9 30 3 86 7 38 5 1 10 65 11 17 0 84 8 85 14 42 12 46 13 63 4 25 1 52
3 28 12 44 1 11 9 51 4 21 7 2 8 10 10 30 6 56 0 36 11 22 2 2 14 43 5 56 13 66
2 62 6 92 4 90 5 53 11 54 1 46 13 16 14 4 7 71 10 5 0 93 8 77 9 42 3 90 12 66
4 14 3 32 8 42 12 44 1 67 0 12 11 81 13 42 14 16 7 19 5 70 10 81 2 52 6 38 9 8
10 38 8 70 2 26 0 75 6 50 13 40 12 67 11 18 3 67 1 1 9 96 5 41 7 94 14 47 4 41
14 23 3 95 11 2 4 64 9 83 2 1 8 81 6 64 1 16 13 49 10 21 0 79 12 63 5 36 7 60
1 54 0 62 3 26 14 62 9 38 12 32 4 1 6 37 7 95 10 61 13 52 11 63 2 57 5 16 8 10
9 15 3 63 4 23 11 59 0 22 14 49 6 5 13 54 2 41 10 12 7 5 5 86 8 90 1 9 12 62
14 11 5 59 13 48 1 80 11 58 6 39 7 70 3 87 12 63 8 96 2 29 9 27 4 98 10 34 0 67
1 25 5 20 12 33 6 82 2 7 7 3 13 93 11 63 3 21 0 84 4 97 8 13 14 40 10 36 9 60
1 33 3 17 4 52 10 39 12 17 0 4 14 66 9 25 5 11 13 22 7 55 6 68 11 19 2 69 8 66
9 97 6 13 11 18 14 14 7 58 8 31 5 85 4 27 10 26 2 43 13 60 12 86 1 21 3 92 0 43
2 69 13 77 5 97 4 67 8 3 1 67 12 8 10 33 7 4 11 31 9 89 14 43 6 64 3 69 0 51
12 3 10 67 3 6 2 75 6 8 11 20 7 56 4 12 9 97 0 76 14 60 1 29 5 21 13 50 8 31
2 90 12 29 10 92 14 63 5 52 9 2 13 8 1 28 8 50 6 52 7 36 11 33 3 54 4 98 0 95
0 12 3 58 12 76 10 94 6 8 14 79 5 53 8 18 1 96 13 79 2 20 11 31 4 34 9 32 7 17
4 62 11 93 12 48 1 70 2 48 0 69 7 94 5 57 3 62 14 9 10 21 8 37 9 68 6 36 13 75
7 54 14 36 0 50 13 29 6 67 5 31 1 83 9 28 8 76 3 24 4 63 12 58 10 27 2 34 11 60
0 63 5 27 8 68 12 76 13 29 1 68 9 43 3 93 10 34 11 29 6 9 7 62 2 3 14 55 4 5
5 9 8 48 11 96 4 36 12 13 7 56 9 96 0 14 3 1 6 70 10 19 13 83 1 59 2 30 14 89
0 49 7 60 3 93 2 3 9 62 11 95 10 51 12 47 5 99 1 70 14 24 6 78 4 11 13 88 8 48
13 1 2 7 12 46 8 38 6 75 5 84 11 49 14 57 3 73 10 4 1 42 9 58 4 93 7 15 0 93
9 64 14 87 13 96 7 65 0 46 4 92 6 9 12 52 3 72 1 62 10 92 5 51 8 93 2 7 11 32
6 42 5 46 4 80 11 39 7 95 2 52 12 39 13 21 10 96 3 95 9 51 0 33 8 83 14 70 1 40
2 30 11 43 1 33 10 71 5 34 6 6 14 85 3 78 12 5 13 92 4 49 9 6 8 23 7 71 0 70
4 14 10 94 8 21 12 42 1 8 14 69 6 7 0 41 7 1 11 13 9 83 3 95 2 9 5 98 13 87
9 44 5 96 3 23 11 1 4 85 0 14 7 37 1 57 2 76 14 57 12 15 6 51 8 96 10 78 13 26
9 3 10 81 14 74 7 37 0 77 1 96 6 99 5 59 3 5 2 81 13 39 12 97 4 20 8 72 11 40
10 86 8 41 1 46 11 42 0 99 13 69 4 29 7 77 9 78 3 79 12 35 5 11 14 62 6 77 2 47
12 79 2 25 0 40 13 91 3 91 5 11 10 68 7 95 6 78 4 72 8 94 11 9 14 40 9 34 1 12
5 5 7 73 2 43 10 74 14 35 1 6 11 84 4 21 12 18 6 7 3 17 8 33 0 62 9 17 13 38
8 29 7 90 4 99 11 23 1 22 6 21 12 26 10 84 3 32 0 40 2 17 13 18 5 6 9 49 14 76
1 63 11 44 12 86 13 80 10 14 7 42 14 59 3 3 2 20 8 40 9 61 0 20 5 18 6 60 4 27
3 50 10 91 8 61 1 86 4 47 12 31 14 40 11 25 9 35 2 80 7 31 6 84 0 62 5 80 13 91
9 48 6 94 13 88 14 97 11 34 5 50 1 46 7 34 3 63 4 95 10 46 12 94 0 69 8 6 2 79
3 49 5 5 1 80 13 36 6 30 14 18 11 68 4 49 7 48 0 59 12 73 10 92 9 89 2 88 8 25
13 80 5 99 0 23 9 52 3 18 6 74 7 35 11 9 12 76 14 26 10 38 2 59 4 54 1 81 8 47
4 83 7 92 6 59 2 28 5 4 3 78 8 33 1 45 0 34 13 6 14 67 9 45 11 13 12 33 10 78
0 82 2 29 11 71 6 28 7 27 10 88 4 81 14 99 9 81 8 55 1 52 13 69 3 84 12 91 5 8
7 51 4 58 8 71 9 66 3 36 2 33 13 6 0 96 12 81 5 31 10 23 14 38 6 75 11 82 1 36
14 34 3 36 9 61 13 48 1 16 0 99 12 39 4 21 11 68 7 51 5 12 2 77 6 79 8 74 10 59
2 74 0 2 3 57 8 2 12 40 1 46 9 33 11 63 4 85 5 68 6 13 14 36 10 35 13 71 7 32
5 2 9 8 8 13 12 27 1 86 10 45 6 95 7 28 14 7 4 65 2 18 13 50 0 49 11 70 3 68
2 40 10 28 13 55 3 82 1 4 5 70 7 31 12 77 0 7 6 81 11 52 14 89 8 29 9 59 4 61
1 21 14 53 3 29 8 52 2 72 0 73 10 38 9 80 13 2 5 87 4 17 11 8 6 17 7 45 12 87
6 2 0 26 10 32 7 13 5 16 1 73 3 69 12 92 8 14 9 55 2 19 14 45 4 76 11 34 13 93
3 52 5 42 8 27 7 19 12 68 9 99 1 52 14 5 13 63 11 34 6 12 10 4 4 85 2 47 0 57
