50 15
1 55 12 9 7 3 10 86 14 75 4 83 5 54 8 81 0 33 9 45 2 79 13 13 11 31 6 13 3 45
7 30 8 54 9 92 10 28 0 72 6 16 14 32 13 97 3 42 2 52 4 30 12 12 5 43 1 62 11 46
4 22 9 59 11 80 0 26 1 35 14 84 8 58 2 51 12 67 5 51 7 98 13 75 3 6 10 15 6 54
9 47 8 62 12 28 2 92 11 1 14 83 10 64 4 26 5 72 7 41 0 83 6 99 13 28 3 47 1 22
6 89 1 3 12 49 4 67 10 45 13 91 9 95 0 82 7 46 5 88 2 8 14 66 11 27 8 25 3 68
5 32 8 4 7 69 3 74 6 18 9 56 1 40 11 50 2 1 12 63 4 26 10 55 14 42 13 61 0 11
6 27 4 34 7 96 9 54 1 87 8 20 3 76 11 99 12 8 0 25 2 15 5 26 14 31 13 8 10 89
4 84 2 70 10 72 3 57 11 37 1 28 14 45 0 57 7 37 6 15 13 11 5 5 9 21 8 41 12 29
1 69 14 36 9 50 0 56 5 8 6 9 7 49 2 56 10 22 3 27 12 14 13 91 11 51 4 28 8 78
3 70 4 19 13 92 14 39 2 94 8 23 7 10 9 84 0 58 12 39 1 97 6 97 11 2 5 62 10 80
0 38 9 35 13 38 10 71 12 50 7 3 5 2 3 20 11 49 1 60 4 97 6 78 2 29 8 51 14 75
0 72 5 63 13 43 10 36 12 95 2 76 7 39 4 3 6 13 14 45 3 46 1 37 8 98 9 48 11 79
13 9 14 60 1 25 9 29 3 35 11 78 7 79 8 25 10 54 6 8 12 89 4 96 0 36 5 54 2 54
4 95 8 81 1 16 2 67 9 51 5 74 0 15 3 70 13 72 14 99 6 28 7 43 11 14 12 2 10 5
8 12 7 64 9 36 11 16 2 10 12 91 4 60 10 4 6 26 3 66 13 27 1 76 14 29 5 63 0 10
13 39 11 14 14 2 4 36 1 9 3 20 0 22 9 38 10 42 12 6 6 46 5 90 7 88 2 14 8 32
14 34 3 47 9 87 11 47 1 42 7 64 8 9 0 89 12 92 10 3 5 62 4 99 13 12 6 16 2 12
1 87 14 17 12 78 2 3 11 46 6 7 5 25 9 96 13 41 3 64 8 95 7 94 10 9 0 35 4 99
9 46 3 96 8 26 2 46 13 95 14 83 11 57 7 6 12 56 0 39 6 96 5 56 1 57 10 62 4 41
5 98 11 11 12 1 13 29 7 37 8 49 10 6 2 7 9 64 0 9 6 5 14 38 4 7 3 15 1 8
8 35 7 83 2 80 0 18 11 17 1 63 3 42 4 20 13 97 12 25 6 18 5 49 9 37 14 52 10 32
7 47 8 49 12 72 4 38 3 49 13 62 0 74 11 50 10 19 9 4 14 50 1 83 6 57 5 6 2 11
11 38 12 45 10 67 8 93 5 21 0 16 1 35 6 95 7 54 14 7 13 43 4 97 2 13 9 23 3 96
9 30 4 61 7 91 11 25 14 63 2 10 0 16 3 48 1 7 10 64 13 58 12 39 6 75 8 98 5 92
11 16 5 71 9 68 4 22 12 98 13 32 7 97 8 54 3 19 6 40 1 13 10 35 14 55 0 97 2 96
1 5 11 38 13 68 14 50 9 44 6 45 3 42 12 53 10 71 4 29 7 31 2 50 5 51 8 49 0 26
12 12 4 20 1 16 14 11 13 3 9 39 5 46 7 14 3 84 11 56 8 79 0 57 10 54 2 14 6 39
13 29 8 75 10 36 5 31 1 58 7 36 3 42 4 55 12 35 11 92 14 69 2 1 0 81 6 17 9 54
0 71 9 58 10 72 8 72 6 80 5 34 2 27 14 48 7 63 13 34 4 80 1 71 11 88 12 63 3 90
11 30 13 2 6 58 3 17 2 62 4 31 12 85 14 53 10 68 8 36 0 42 1 88 7 57 5 21 9 11
1 9 8 92 13 31 0 93 11 26 9 69 2 74 4 62 3 36 12 64 14 9 5 36 7 37 10 86 6 33
14 49 9 42 5 47 6 19 4 87 8 17 10 14 3 36 13 42 0 12 1 53 2 24 7 44 11 14 12 60
1 33 9 68 0 94 8 32 6 96 3 58 11 99 13 78 4 5 2 34 7 82 5 78 10 93 12 84 14 90
10 57 7 18 9 43 11 82 0 27 2 30 4 74 8 63 1 41 3 36 5 80 6 22 14 34 13 18 12 29
5 21 14 9 1 44 6 59 12 87 4 40 10 38 13 97 9 50 11 38 2 93 8 63 3 24 7 83 0 72
13 73 10 62 0 83 9 22 6 89 7 38 2 27 5 40 8 98 14 16 1 39 11 85 12 50 4 19 3 18
10 95 5 99 4 23 11 20 7 17 13 11 8 35 1 22 6 9 9 54 12 65 0 82 2 37 14 28 3 56
9 85 11 38 7 43 14 6 6 1 12 94 13 22 4 18 3 76 1 83 8 16 0 55 10 20 2 58 5 29
5 22 11 48 3 50 4 73 6 10 2 10 9 51 13 7 12 79 10 48 8 99 7 24 1 48 14 88 0 30
2 26 6 25 7 10 0 11 3 27 14 44 1 25 8 80 11 3 13 24 9 97 5 85 12 88 4 71 10 53
6 5 3 95 4 57 0 36 9 38 8 29 13 74 5 72 11 37 2 14 1 32 14 48 7 80 12 36 10 49
10 93 6 73 14 77 9 43 2 40 3 28 12 8 13 65 5 94 11 94 4 40 8 80 7 69 1 29 0 60
6 88 0 95 5 56 14 9 4 92 7 32 1 78 2 72 12 98 9 4 8 96 13 4 3 16 10 5 11 23
6 23 2 8 1 96 14 87 11 49 0 86 3 89 12 46 10 83 7 69 5 75 4 86 9 27 8 39 13 54
10 70 14 80 12 40 6 33 2 51 4 34 9 23 7 11 3 82 13 45 5 41 8 11 11 96 0 54 1 59
3 91 14 20 4 97 5 14 6 71 2 61 13 87 1 26 9 27 12 20 8 66 11 28 0 92 10 29 7 5
10 50 2 8 1 23 14 16 7 63 12 97 4 21 9 91 3 92 8 15 13 6 6 97 0 91 11 27 5 17
14 31 11 25 3 35 0 89 9 19 4 36 5 95 1 67 10 80 6 10 2 46 8 77 12 27 13 87 7 96
7 21 1 7 14 23 11 83 2 82 0 97 8 85 10 83 5 56 13 1 3 73 4 47 12 81 6 59 9 35
6 44 9 65 7 29 8 57 14 11 11 64 3 73 12 74 5 34 0 8 1 4 10 46 13 14 2 16 4 80
