50 15
10 85 0 44 1 71 13 48 6 69 8 14 7 14 5 8 2 84 12 73 11 55 3 67 4 35 9 40 14 11
0 61 6 54 11 59 12 69 7 33 10 35 5 25 14 28 2 75 4 78 8 60 1 28 9 87 13 13 3 77
11 94 14 51 2 1 3 88 10 54 6 23 8 57 0 37 13 12 9 21 1 13 4 73 7 18 5 6 12 65
13 81 14 57 6 96 11 76 12 36 7 5 8 58 10 2 4 28 3 86 2 76 5 88 1 1 9 61 0 50
12 30 5 40 1 46 2 89 10 37 4 97 3 13 11 95 6 11 0 39 7 4 9 68 13 12 8 53 14 86
0 88 1 67 7 4 11 96 3 30 14 5 9 74 4 42 8 83 2 31 6 98 12 76 10 18 5 45 13 34
11 90 1 92 0 6 13 84 10 63 4 61 7 86 2 50 12 35 5 70 6 78 14 94 9 29 8 15 3 92
3 46 11 73 6 8 14 88 13 2 5 28 8 16 1 81 4 31 0 2 10 28 2 25 12 4 9 26 7 20
3 35 1 9 5 76 13 42 11 79 7 91 4 55 12 21 14 74 8 38 9 57 0 66 10 5 6 49 2 76
9 88 2 15 14 39 3 29 5 81 13 95 6 50 0 35 12 40 10 11 7 78 8 38 4 62 1 5 11 8
14 89 11 67 6 32 5 10 2 61 3 99 0 11 4 25 8 72 1 40 10 93 7 61 13 17 12 84 9 29
6 93 7 83 4 16 13 26 3 75 1 58 14 51 8 59 11 49 2 75 5 38 0 11 10 54 12 79 9 44
10 72 7 3 12 87 11 21 4 59 13 74 8 58 6 98 5 82 9 47 14 25 1 43 2 31 3 6 0 2
13 2 14 13 2 16 5 23 6 14 7 49 10 83 12 3 3 92 8 75 11 36 9 48 0 87 4 61 1 18
13 8 0 26 14 5 1 63 8 5 3 63 11 36 6 87 4 80 12 33 5 76 10 22 2 63 9 21 7 92
1 82 7 90 10 9 13 42 5 71 2 9 11 5 6 43 14 84 0 76 9 21 8 13 12 78 4 56 3 73
8 50 1 36 3 75 14 89 7 81 11 80 10 64 13 32 6 39 0 9 5 34 2 46 9 60 12 94 4 12
1 33 0 45 9 56 8 36 14 64 10 95 7 40 12 6 11 71 13 99 5 74 2 23 3 13 4 52 6 97
7 34 14 9 13 20 5 59 10 33 0 14 8 80 2 7 4 88 1 81 3 94 9 32 11 91 12 18 6 62
11 50 9 8 14 32 2 87 1 12 13 95 0 91 3 77 7 47 4 79 5 60 8 2 10 40 6 25 12 71
8 17 12 39 2 63 7 26 5 38 14 95 6 78 13 82 1 90 9 4 3 95 11 43 10 29 0 14 4 72
0 53 4 58 14 4 8 46 2 56 1 59 10 89 7 47 6 15 13 55 11 33 5 57 9 25 12 9 3 51
4 3 10 30 0 81 11 55 3 78 2 56 9 91 6 57 13 67 14 92 7 72 8 54 1 63 12 43 5 52
10 72 11 39 4 46 6 26 3 17 13 67 8 25 2 27 14 94 5 73 0 63 9 42 1 59 7 4 12 1
14 65 8 17 10 20 9 3 0 51 3 97 1 21 4 12 6 33 13 94 11 18 12 87 2 42 5 10 7 59
5 22 4 29 11 71 2 13 7 56 3 98 8 23 13 17 10 9 0 50 9 14 6 47 1 90 12 13 14 99
14 2 1 78 12 17 8 18 0 28 4 36 3 46 2 25 13 66 6 60 7 7 11 22 10 81 9 78 5 95
13 95 9 77 14 93 12 96 10 50 6 26 11 26 0 20 5 50 3 20 8 12 4 26 1 10 7 33 2 31
2 34 5 99 8 71 4 17 6 67 14 58 13 6 7 12 1 85 10 14 11 55 3 28 12 30 0 27 9 22
7 40 4 72 10 5 8 95 2 36 6 46 5 14 3 64 9 67 14 12 1 56 13 38 0 48 11 71 12 8
5 7 6 70 11 97 10 70 0 47 2 21 14 39 13 8 4 30 9 97 12 55 3 68 8 28 7 25 1 65
13 53 2 48 6 94 0 66 8 71 12 5 1 86 7 76 14 25 9 27 4 22 11 51 5 26 3 80 10 64
11 37 8 43 4 89 2 87 9 15 6 24 0 94 7 8 10 58 13 65 5 97 12 22 1 73 14 67 3 58
4 26 11 91 0 44 10 66 3 82 14 17 8 63 6 34 7 80 1 77 13 72 12 47 2 49 9 46 5 51
10 68 11 80 5 15 4 89 13 83 9 41 12 9 0 96 14 59 7 16 8 18 3 13 2 92 1 23 6 18
11 78 13 39 12 43 7 88 2 77 9 57 1 20 10 60 0 61 4 79 14 97 8 41 6 59 5 90 3 51
9 51 6 49 0 76 12 8 14 51 13 15 3 65 2 19 8 9 1 79 4 14 10 11 7 59 11 34 5 70
4 95 9 95 13 79 14 25 0 10 3 90 8 83 11 60 5 8 6 31 2 41 1 80 10 73 12 62 7 3
14 63 9 45 1 51 13 41 10 76 2 42 3 5 11 8 6 6 8 36 12 41 0 86 7 28 4 68 5 91
3 81 12 62 14 43 0 94 7 5 9 81 13 44 2 54 8 69 11 8 4 6 10 56 1 6 5 20 6 52
14 49 6 17 11 11 9 37 7 43 2 38 12 71 5 82 4 67 10 10 0 60 13 71 8 1 1 80 3 95
9 15 8 89 14 39 0 35 11 70 4 32 13 54 6 89 3 62 1 15 5 50 2 41 7 44 12 69 10 85
8 40 12 10 2 2 9 71 1 19 4 46 10 76 7 65 14 22 13 26 0 87 5 42 6 82 11 78 3 55
0 9 13 59 7 99 1 59 6 42 12 1 14 11 2 76 3 59 8 54 5 47 4 78 9 35 10 35 11 86
0 49 9 63 4 11 7 77 1 36 10 1 3 44 13 49 12 45 8 42 11 16 5 70 14 57 2 85 6 53
9 3 6 68 4 47 14 18 3 63 8 22 11 58 2 79 12 1 13 32 5 4 0 6 7 47 10 67 1 25
8 48 3 98 10 99 7 42 9 38 13 64 4 76 12 19 11 5 2 74 6 1 5 28 14 24 0 21 1 62
6 15 7 37 11 16 5 23 0 61 10 1 14 51 9 49 2 85 12 22 8 8 3 95 4 46 13 55 1 2
5 36 6 30 4 27 9 50 2 99 14 51 7 90 11 88 1 67 8 86 12 77 10 12 13 85 3 42 0 80
13 60 6 59 10 13 8 57 7 24 4 95 14 8 5 20 2 97 0 89 1 91 11 58 9 66 3 6 12 18
