50 15
7 55 14 82 0 82 5 14 12 61 8 28 2 43 13 29 1 31 3 45 4 71 10 19 9 90 11 55 6 20
1 58 14 70 9 64 6 55 5 54 8 29 3 26 4 43 0 39 13 90 7 87 10 99 12 2 11 85 2 15
14 3 13 17 7 6 11 49 2 83 10 8 12 43 1 29 9 10 8 62 6 94 5 59 4 48 0 2 3 72
14 62 12 96 6 51 4 94 1 93 5 44 3 73 7 7 10 68 13 93 9 46 11 69 8 12 2 40 0 10
4 91 11 5 6 65 7 79 3 56 13 58 1 7 8 70 12 64 0 43 9 55 2 9 14 29 10 86 5 16
9 18 7 74 13 65 14 77 11 34 10 27 3 64 8 58 5 68 6 17 12 47 0 14 1 40 2 82 4 40
5 70 7 65 3 98 11 87 13 48 4 70 9 79 1 98 6 86 10 28 14 16 8 22 12 48 0 78 2 18
12 53 1 65 4 95 10 90 2 27 13 87 11 13 5 67 7 13 0 42 9 95 14 92 3 58 6 2 8 70
5 23 13 97 2 25 4 9 10 25 8 47 6 30 1 66 11 94 0 87 12 35 9 84 7 84 3 24 14 74
2 5 0 21 13 74 10 30 7 69 6 31 11 52 3 46 4 41 14 1 1 45 9 58 5 12 8 19 12 13
11 28 3 46 1 12 14 93 5 9 2 92 7 6 4 19 0 7 8 96 12 7 10 82 6 13 9 58 13 96
13 18 5 55 10 35 6 18 14 28 12 90 9 42 8 33 1 41 2 76 4 71 3 97 7 20 0 69 11 69
3 67 4 83 11 48 2 25 6 10 12 51 9 9 7 57 10 33 8 50 5 29 0 76 13 73 14 43 1 20
2 32 3 15 14 56 0 90 4 29 1 75 6 21 10 99 7 51 9 77 12 88 5 14 13 71 8 24 11 17
10 16 0 11 12 33 9 94 5 42 1 15 13 89 6 75 4 50 7 14 14 19 11 37 8 66 2 3 3 43
9 44 14 33 4 28 13 1 5 4 0 57 2 41 12 91 10 8 6 52 7 38 3 79 11 4 1 18 8 26
9 29 7 11 11 43 1 99 10 62 13 39 0 67 14 57 8 34 12 63 5 85 3 43 6 95 4 46 2 48
4 58 2 10 1 32 10 85 6 33 12 77 3 92 14 75 9 16 5 80 7 93 11 51 8 25 13 50 0 80
0 38 5 51 6 98 12 73 9 19 11 75 7 24 1 71 10 99 4 80 3 39 2 15 13 97 14 5 8 82
2 53 6 98 9 68 7 36 11 81 5 80 4 42 14 25 1 77 12 10 0 5 10 88 8 35 3 73 13 6
14 72 10 81 6 23 1 13 8 97 7 79 0 75 12 14 5 42 11 77 2 95 4 12 3 28 9 34 13 49
14 18 9 30 2 25 5 61 6 3 4 45 13 58 10 57 12 31 3 67 11 83 0 55 1 96 8 34 7 52
2 89 12 49 6 13 4 96 10 38 7 4 8 34 14 13 9 16 0 8 1 47 11 71 13 92 3 14 5 71
13 34 14 37 2 71 6 43 0 41 10 50 9 17 3 39 5 32 8 59 1 66 12 49 11 46 7 58 4 95
11 36 10 13 6 25 9 57 2 19 5 24 13 53 12 28 1 74 8 6 0 33 7 88 3 48 4 54 14 1
12 98 14 15 11 7 4 17 10 63 3 62 9 89 0 44 2 14 1 71 6 91 8 10 5 40 7 42 13 25
2 16 10 97 14 50 13 10 0 66 9 64 8 66 7 82 6 52 1 77 5 7 4 65 11 14 3 39 12 8
7 11 10 65 3 25 0 31 6 9 13 56 9 6 1 40 8 29 4 21 14 45 2 91 11 12 12 8 5 2
7 28 9 97 11 20 14 82 10 91 5 44 8 33 12 95 2 56 4 18 13 29 3 35 6 95 0 51 1 57
4 69 11 33 12 49 1 49 8 4 14 87 2 37 5 21 10 89 3 82 7 75 9 13 0 49 13 2 6 41
7 13 10 92 12 10 11 98 3 92 6 55 8 22 5 55 14 15 4 1 2 3 1 93 0 4 9 70 13 64
3 75 5 46 9 84 7 68 6 79 0 31 13 93 12 19 8 26 10 37 4 86 1 14 11 50 14 97 2 6
8 58 7 28 0 25 4 69 2 8 10 92 13 26 1 21 14 27 6 35 11 34 12 83 9 92 3 35 5 80
5 11 14 31 7 93 11 95 12 33 3 20 10 33 8 95 13 8 1 38 6 10 9 97 0 46 4 72 2 16
1 45 9 94 7 88 5 82 3 74 4 60 11 6 6 82 13 62 14 79 2 1 12 73 0 50 8 35 10 73
11 50 13 75 7 80 1 37 2 61 9 30 10 66 12 73 0 83 5 70 4 21 8 78 3 16 14 56 6 42
11 34 7 9 6 45 3 65 12 13 0 51 4 43 14 51 10 64 13 30 9 67 1 38 8 23 2 96 5 27
2 15 6 1 9 14 10 59 8 40 3 99 4 13 14 96 11 39 5 47 1 30 0 22 13 28 12 41 7 81
9 91 13 72 11 7 0 90 4 10 3 63 5 78 1 27 12 83 2 52 14 21 8 29 10 26 7 52 6 68
12 88 1 2 7 6 4 25 14 40 8 72 5 56 2 96 13 4 3 80 10 81 0 85 11 14 6 50 9 9
9 38 11 50 1 55 10 28 2 99 12 60 5 70 7 66 4 44 13 48 0 5 6 32 14 97 8 78 3 91
6 41 3 78 11 18 0 73 4 16 5 49 10 88 13 78 2 94 14 30 8 26 1 48 12 3 9 22 7 12
1 6 0 42 14 84 9 27 6 44 11 87 12 12 2 36 7 33 13 45 3 61 4 10 10 85 5 50 8 43
7 8 4 97 12 2 9 71 10 59 2 91 11 94 3 77 8 3 1 73 14 72 5 35 13 12 6 43 0 42
3 79 6 71 14 39 10 35 13 62 2 86 5 85 4 72 7 61 1 54 11 29 12 3 8 47 0 74 9 76
10 2 3 82 6 30 1 93 7 96 14 25 12 20 4 37 9 89 2 8 5 70 0 27 13 17 8 20 11 90
8 84 0 36 9 83 12 13 4 40 6 39 10 92 1 55 2 31 7 10 3 43 5 55 14 79 13 85 11 84
13 72 1 83 0 16 4 97 11 25 7 59 5 4 14 66 10 67 2 70 12 73 8 54 6 44 9 58 3 17
7 82 8 85 2 61 12 44 10 48 6 61 14 71 9 26 3 92 11 67 13 66 1 38 4 72 5 82 0 32
10 76 3 95 12 12 5 86 7 20 2 87 9 62 14 66 0 27 4 59 11 69 6 92 8 27 13 14 1 71
