50 15
11 4 3 11 8 54 0 48 7 95 12 24 1 85 13 26 6 15 14 19 5 40 10 20 9 89 2 81 4 80
14 87 0 29 10 89 9 2 2 43 1 18 12 44 3 40 5 98 4 39 7 75 11 62 13 39 8 45 6 8
8 95 1 11 7 72 12 45 14 98 10 95 0 12 13 2 4 38 2 42 3 50 9 18 6 74 5 53 11 31
7 63 0 21 12 9 10 72 1 61 6 50 2 46 5 39 13 14 4 38 14 26 11 91 9 7 8 98 3 37
9 66 3 55 7 53 10 64 11 22 12 86 4 15 2 86 5 19 8 53 14 34 13 49 6 17 0 37 1 48
8 57 9 26 10 80 2 45 5 91 0 16 13 56 7 43 14 10 1 89 6 4 11 21 12 19 4 44 3 14
3 47 10 45 13 92 8 70 6 19 14 77 12 2 9 84 0 51 5 75 2 71 1 26 7 98 11 19 4 64
4 59 14 68 9 78 5 26 12 81 1 56 11 72 3 87 7 20 13 37 0 48 10 17 6 57 2 3 8 45
0 92 9 7 2 37 14 3 4 76 10 20 11 64 12 94 5 41 8 38 7 45 13 81 6 18 1 37 3 48
5 54 9 70 0 83 11 43 3 72 6 16 1 63 2 25 7 67 13 99 4 18 8 31 14 4 12 33 10 52
9 5 3 69 14 16 5 10 1 17 6 8 10 6 2 77 13 91 12 14 11 80 0 20 4 81 7 87 8 71
6 1 5 51 1 27 7 51 4 2 8 88 9 72 12 58 14 95 3 83 11 50 13 50 0 3 2 97 10 15
6 96 14 72 0 53 10 6 12 40 7 6 11 61 1 17 2 52 8 69 5 8 3 35 9 77 13 81 4 24
1 91 9 47 14 70 13 75 7 61 11 73 4 91 8 73 0 61 3 90 6 25 5 8 10 83 12 29 2 81
8 2 7 22 4 21 1 57 14 23 2 5 12 7 11 89 5 96 3 25 10 43 13 12 9 56 0 30 6 59
13 18 3 67 1 3 4 85 9 86 8 28 14 65 11 36 5 93 10 57 6 34 2 16 0 20 7 8 12 90
6 53 9 74 11 15 12 10 13 69 5 16 3 83 7 92 8 31 10 2 14 53 0 27 4 28 2 26 1 29
5 7 13 15 12 46 10 37 4 74 0 46 6 41 7 62 3 53 8 98 2 61 9 12 14 92 1 9 11 84
0 60 8 41 4 33 3 11 7 37 1 31 6 35 12 57 11 78 14 40 10 7 13 1 2 21 5 43 9 66
7 73 6 81 12 74 5 97 9 76 3 2 11 70 14 43 2 62 4 39 8 43 13 91 1 22 0 90 10 74
12 82 10 36 9 76 8 33 0 80 13 43 2 23 5 1 4 49 14 12 11 95 1 79 6 10 3 16 7 89
5 40 6 81 14 13 10 80 8 89 1 43 13 34 4 92 9 57 7 70 3 9 11 58 2 49 12 44 0 42
14 96 3 47 0 28 13 36 4 28 11 63 2 22 10 41 9 30 8 55 1 87 6 87 12 12 7 63 5 42
6 83 4 51 10 32 12 19 3 99 0 73 8 72 13 14 14 3 2 50 1 23 5 99 7 22 9 88 11 37
6 74 8 79 12 81 7 35 4 6 14 39 3 54 1 90 10 76 11 47 9 39 5 15 2 49 0 56 13 2
6 10 11 37 0 46 8 11 12 48 10 36 5 32 7 93 2 6 1 31 13 93 4 23 9 63 14 90 3 57
10 83 0 43 5 2 9 54 6 7 1 6 4 77 8 51 7 6 13 31 11 72 14 80 2 46 3 9 12 42
0 69 2 58 10 32 11 81 13 29 6 43 3 7 7 98 8 25 12 18 9 90 1 55 4 91 5 83 14 95
9 78 6 5 3 26 11 71 5 97 1 9 14 93 8 43 12 34 2 96 7 90 10 79 13 61 0 64 4 38
2 48 12 15 1 14 8 28 10 49 14 48 0 70 3 67 5 53 4 57 6 16 9 3 7 94 13 3 11 90
0 43 8 93 10 67 4 18 5 68 11 79 14 49 2 63 3 41 12 52 6 93 7 1 9 17 13 16 1 32
10 53 1 23 6 55 12 80 3 64 14 78 0 16 11 64 9 4 8 81 2 7 4 17 7 42 5 76 13 56
4 10 11 3 8 33 0 77 6 78 12 91 5 98 14 84 10 6 2 19 1 6 3 1 9 7 7 8 13 36
14 8 2 23 4 13 11 68 0 55 9 55 5 68 13 65 8 23 10 44 12 27 1 31 3 49 7 48 6 90
5 87 2 20 11 76 6 16 7 24 12 69 0 60 8 19 14 57 1 67 9 51 3 55 4 93 13 79 10 82
1 36 2 12 12 65 0 12 5 40 10 36 7 39 14 6 4 54 6 21 11 19 8 81 3 2 13 68 9 46
8 49 7 37 5 32 11 25 13 42 4 50 14 95 3 64 10 60 2 14 9 29 12 89 1 39 0 64 6 75
5 46 11 51 12 26 8 11 9 81 4 91 1 56 13 44 6 70 14 21 0 28 3 33 10 47 7 20 2 44
7 80 5 79 1 81 8 22 3 13 12 94 11 42 0 52 14 12 2 10 9 51 10 94 13 86 4 91 6 93
12 16 10 71 0 87 1 58 14 68 7 86 5 20 9 63 3 39 6 73 11 38 4 94 2 44 13 41 8 80
3 19 8 69 6 8 9 2 12 27 14 25 5 83 13 61 0 85 10 69 11 16 1 68 2 30 4 87 7 65
8 23 0 67 10 94 4 6 11 74 1 64 6 51 5 42 14 29 3 48 12 15 13 1 2 12 7 57 9 3
13 41 6 22 12 82 14 87 0 55 10 8 4 70 2 58 3 84 9 85 5 76 8 79 1 57 11 41 7 90
3 71 12 40 1 51 13 21 8 85 6 96 10 72 0 59 7 73 5 86 2 24 9 13 11 69 14 53 4 63
10 15 3 67 13 98 4 17 14 35 9 93 0 89 12 7 1 84 5 49 6 57 8 75 2 94 11 46 7 72
5 74 3 73 4 99 6 67 12 30 8 77 2 61 7 36 13 53 0 83 1 33 9 36 11 3 14 84 10 97
2 93 7 31 13 8 9 60 10 77 8 73 5 89 1 46 12 20 0 37 14 94 11 76 4 16 6 53 3 24
12 1 9 65 1 38 7 22 3 17 13 89 8 83 14 23 11 62 10 50 5 1 6 79 0 24 4 11 2 72
12 37 3 94 9 83 10 50 7 62 6 9 14 41 2 33 13 8 1 8 0 4 5 23 4 25 8 14 11 76
12 97 9 5 5 80 11 68 1 85 10 5 6 87 0 85 14 58 4 16 13 20 7 16 3 3 8 59 2 89
