50 15
3 34 10 28 6 72 8 26 1 99 13 45 0 48 7 50 4 58 12 55 14 51 2 99 5 80 9 79 11 70
7 27 14 50 13 38 0 25 8 99 10 2 6 10 4 20 11 96 5 69 1 88 12 20 9 72 3 37 2 49
3 25 7 54 10 72 0 51 4 61 1 87 14 68 6 36 8 64 2 60 12 11 11 6 5 66 13 39 9 60
3 15 4 56 8 44 5 36 9 24 0 6 7 40 6 82 10 10 1 41 2 96 11 95 13 22 12 1 14 67
13 20 14 75 0 92 7 25 5 55 6 5 11 18 2 38 12 88 8 96 4 64 3 58 1 57 9 7 10 38
13 72 12 37 2 80 3 4 10 90 6 13 7 42 11 96 4 11 5 66 14 73 0 43 9 8 8 52 1 43
7 41 13 93 3 31 2 1 9 58 10 75 11 74 12 81 8 64 6 14 0 84 4 42 5 84 1 81 14 97
11 35 2 31 1 94 9 86 0 57 13 98 7 34 3 14 5 27 6 9 14 95 10 22 8 45 12 21 4 98
5 43 11 17 2 52 3 54 6 95 0 74 1 25 14 78 9 80 8 68 4 67 7 31 13 71 12 14 10 63
8 90 1 48 9 18 4 59 14 46 10 66 6 38 5 31 11 13 2 96 7 75 3 47 13 24 12 63 0 41
7 74 14 87 4 89 6 52 1 81 12 91 8 30 11 5 3 17 13 3 2 44 10 3 0 26 9 26 5 70
10 46 4 31 7 57 5 93 9 85 1 54 8 64 3 81 12 44 11 66 2 22 13 61 0 24 14 19 6 76
0 30 5 32 10 66 1 86 12 44 8 79 4 31 7 13 13 83 6 76 11 75 14 88 9 50 3 20 2 58
8 9 7 72 12 32 0 86 11 47 10 89 3 14 1 16 14 35 5 3 4 49 2 65 6 66 13 22 9 17
10 14 1 20 7 66 5 68 2 83 9 52 13 38 6 31 3 37 0 66 4 54 11 30 12 22 8 71 14 25
14 13 10 64 7 9 5 74 9 90 3 73 12 27 0 84 8 31 6 75 4 83 11 49 2 62 1 85 13 19
13 85 2 67 9 34 11 37 0 72 1 7 8 23 7 52 3 94 12 75 6 81 4 19 5 28 10 27 14 75
14 60 1 40 13 31 7 64 3 20 2 19 10 87 4 76 12 59 8 76 11 32 9 72 6 21 5 45 0 15
5 4 8 83 9 25 2 92 11 36 4 39 14 79 1 14 3 3 6 76 7 92 13 99 10 13 12 15 0 34
2 85 7 19 14 45 0 91 11 75 12 22 5 84 10 77 8 15 13 7 3 26 9 47 4 16 6 4 1 11
0 7 13 40 5 74 14 23 4 51 2 13 8 43 11 4 10 98 9 50 7 84 12 13 6 17 3 18 1 57
8 40 5 94 7 79 11 19 0 87 14 38 2 18 13 26 4 14 3 34 9 12 12 54 6 97 1 96 10 94
9 51 11 24 10 91 0 47 12 85 8 88 7 10 1 76 2 79 5 83 6 98 14 76 13 83 4 71 3 30
0 33 11 84 12 93 6 59 9 16 1 30 5 51 4 28 8 10 10 17 7 96 2 38 3 57 13 44 14 80
6 42 10 21 12 5 2 55 3 53 5 77 4 13 7 7 13 73 8 73 11 80 1 2 9 65 14 95 0 76
4 45 5 12 2 63 7 7 8 55 12 76 11 8 10 79 1 59 14 33 3 22 6 2 0 20 13 29 9 87
10 82 4 37 7 68 3 65 14 64 12 42 8 41 0 10 9 56 11 29 5 40 2 17 1 74 6 92 13 38
14 78 13 96 1 45 3 75 10 71 0 89 9 4 11 70 4 39 6 86 2 86 7 29 12 58 5 49 8 56
4 99 5 51 3 35 0 32 6 45 7 92 11 37 9 25 14 58 1 77 2 94 10 28 8 89 13 85 12 38
1 99 5 42 4 28 9 82 3 47 7 82 0 16 13 47 11 81 6 77 8 68 10 46 2 82 14 37 12 66
7 7 12 15 3 68 6 58 13 25 11 36 9 64 14 38 2 38 1 27 4 64 8 89 10 26 0 29 5 48
12 64 2 42 0 97 11 77 7 39 8 71 9 80 10 20 6 16 1 14 14 5 4 32 5 79 13 77 3 38
5 44 2 23 0 64 6 50 11 14 3 82 14 14 9 36 12 18 10 94 7 29 1 86 8 96 13 22 4 3
7 79 3 51 4 19 14 45 9 62 5 15 10 41 1 82 12 42 8 47 6 81 13 67 2 16 0 61 11 92
12 28 2 32 13 33 7 4 6 85 8 83 4 68 9 91 14 93 0 98 5 38 3 61 1 76 10 66 11 79
13 72 7 26 10 69 9 60 5 42 4 72 14 85 3 95 12 75 0 10 8 34 6 53 1 8 2 42 11 14
10 36 0 1 2 10 13 78 8 94 14 25 3 8 4 15 9 6 6 80 7 5 12 68 11 79 5 22 1 23
14 55 9 15 6 84 1 50 12 9 13 20 8 28 3 75 4 76 5 82 2 61 0 91 10 31 11 58 7 63
5 39 12 13 8 3 0 33 13 96 2 56 9 71 1 23 14 21 11 90 10 73 4 49 7 28 6 86 3 47
0 47 3 45 9 22 13 36 10 74 7 89 11 92 5 62 6 28 1 8 14 57 4 55 2 51 8 53 12 8
4 95 10 86 9 2 6 1 5 49 14 52 0 24 2 37 11 57 7 76 8 75 3 8 1 38 12 27 13 29
13 95 12 57 1 58 6 52 8 65 14 78 3 33 9 61 7 57 5 68 4 75 2 76 11 59 0 8 10 80
0 54 12 84 4 73 7 32 9 40 10 41 14 27 6 77 5 37 8 70 3 54 13 41 2 68 1 18 11 56
6 53 8 33 9 70 0 20 4 49 12 47 7 50 13 92 14 94 2 7 10 78 3 17 11 16 1 49 5 97
1 44 4 81 6 26 8 31 11 87 7 78 12 25 13 2 10 48 14 87 9 55 5 17 2 48 0 46 3 60
4 13 3 61 6 47 9 23 10 36 5 41 7 59 11 73 8 28 1 38 14 4 0 26 2 33 13 80 12 75
8 50 9 26 13 45 5 14 14 97 0 44 11 30 6 60 4 79 1 93 10 68 12 15 3 42 2 71 7 82
1 87 3 7 0 49 4 57 8 92 14 46 12 83 11 56 10 43 9 73 6 84 13 68 5 62 7 99 2 60
10 67 0 37 1 40 12 94 11 66 4 41 3 75 13 38 7 22 2 75 9 9 6 47 5 41 14 45 8 22
3 50 1 28 12 43 14 31 13 52 4 76 5 69 6 38 0 50 9 32 8 31 10 63 7 78 11 19 2 26
