50 15
4 16 6 89 1 32 7 85 10 78 11 1 9 47 5 54 0 47 13 11 3 72 2 26 14 35 12 42 8 30
12 88 3 31 2 7 7 86 4 93 5 33 10 65 1 17 11 87 0 84 14 41 6 78 9 22 13 96 8 79
6 17 14 91 3 78 13 65 0 91 10 9 9 73 8 88 1 60 12 54 7 71 5 72 2 54 4 53 11 56
2 9 4 96 8 89 14 68 0 50 3 95 11 45 9 95 10 68 6 97 1 62 12 32 7 44 5 61 13 29
12 99 11 7 4 80 1 21 6 4 0 19 14 20 8 8 7 41 10 69 13 68 9 31 2 47 3 69 5 74
14 13 11 44 3 11 13 60 7 69 4 49 9 88 10 71 8 46 5 92 2 79 1 21 0 86 6 43 12 54
10 90 5 10 14 6 8 14 9 72 12 63 0 77 13 30 1 68 2 98 11 50 6 16 4 49 3 7 7 69
0 13 11 44 9 92 13 66 4 69 7 94 3 41 2 26 12 1 1 81 6 83 14 51 5 49 8 22 10 85
5 24 13 47 6 38 4 99 3 27 12 10 1 77 7 30 2 16 10 88 11 71 8 44 14 23 9 77 0 39
6 39 3 68 7 83 14 58 12 30 0 34 5 28 1 42 2 91 10 5 11 80 9 40 13 1 8 84 4 19
10 13 6 81 5 29 9 79 2 25 12 69 1 98 13 52 8 61 11 89 14 48 3 75 4 49 0 47 7 58
2 11 1 95 5 49 6 13 3 60 8 80 10 31 9 66 0 18 11 99 7 66 13 19 12 15 14 76 4 52
3 3 6 9 10 99 13 33 11 68 8 24 14 90 4 12 1 80 2 38 5 89 12 55 0 88 7 33 9 65
7 88 11 92 3 90 12 43 5 62 10 75 13 77 9 51 8 13 0 69 2 35 1 5 4 78 6 8 14 46
6 17 9 27 0 21 11 2 12 91 8 17 14 42 13 54 2 46 1 11 5 30 7 6 10 91 3 14 4 88
1 71 0 48 4 48 10 79 6 24 7 82 11 42 2 29 9 31 14 24 13 38 8 98 12 59 3 48 5 7
8 98 0 7 3 76 5 55 13 9 11 73 4 72 10 71 9 71 2 64 12 50 14 45 1 30 6 67 7 54
2 37 8 5 7 34 11 58 5 81 6 52 10 81 3 1 14 75 12 15 4 49 1 96 9 58 13 75 0 63
5 36 6 52 14 92 2 9 8 93 11 60 13 3 12 48 10 42 9 60 1 60 4 47 7 41 3 57 0 97
0 30 3 31 11 78 14 39 6 42 10 13 7 43 2 28 12 72 13 52 5 15 4 52 8 20 1 47 9 63
2 18 4 48 10 71 11 92 0 49 14 26 6 69 1 72 3 14 8 65 5 22 12 39 13 28 7 78 9 11
4 77 8 28 11 75 12 11 7 6 1 92 9 41 0 22 13 56 2 59 5 12 3 26 10 92 14 94 6 81
5 27 9 75 6 59 7 99 8 19 1 68 2 12 11 62 12 49 14 44 13 64 10 45 4 77 3 34 0 93
13 2 14 33 7 93 3 79 2 29 10 29 6 42 8 24 0 93 12 29 9 76 5 19 1 4 11 65 4 76
2 4 11 14 14 8 3 57 8 45 0 76 7 81 12 57 9 14 4 30 6 57 1 74 10 53 13 93 5 19
11 62 14 27 7 91 0 49 6 20 4 69 8 10 2 32 3 97 5 13 1 31 13 91 10 22 9 19 12 83
0 34 4 57 7 78 11 3 1 8 3 31 13 36 10 66 12 32 9 28 8 41 14 16 6 22 5 34 2 29
14 70 10 65 0 60 9 43 1 23 4 54 2 48 5 21 6 98 12 59 7 21 8 20 3 80 11 33 13 93
0 80 2 93 14 54 8 99 7 91 5 1 6 84 4 82 3 64 10 35 13 59 12 32 9 77 11 3 1 17
2 66 11 65 14 31 13 17 6 42 0 13 3 13 8 5 5 46 7 36 4 35 12 83 1 74 9 91 10 43
7 15 13 1 12 90 9 17 3 87 11 16 5 63 2 33 0 23 10 37 4 48 14 40 1 66 8 16 6 97
13 31 11 35 1 12 12 9 9 95 0 5 4 88 5 21 3 90 2 51 8 69 14 5 7 34 6 20 10 46
1 91 6 95 0 29 2 53 9 92 8 10 5 80 13 9 11 99 10 94 7 33 4 38 12 67 3 88 14 22
6 61 12 23 8 74 9 52 11 74 2 97 7 28 14 95 13 2 5 92 3 62 10 80 0 76 1 82 4 54
11 96 5 6 8 2 13 28 1 5 12 66 3 99 6 45 14 37 0 82 7 73 9 4 4 38 2 39 10 79
6 14 11 73 4 88 13 43 5 40 2 94 12 32 0 13 10 44 9 79 1 39 7 58 3 53 14 60 8 9
3 58 13 26 2 70 9 1 7 3 8 42 5 55 11 16 0 50 6 56 4 80 1 8 10 37 12 7 14 49
6 94 9 58 11 9 14 16 13 47 7 98 4 82 0 78 2 73 10 12 1 25 12 21 5 30 8 75 3 54
11 84 4 89 9 49 1 6 10 65 8 86 12 67 7 45 6 45 3 58 5 10 2 62 0 3 14 85 13 74
5 21 6 74 10 85 2 53 0 9 9 85 3 92 4 45 11 98 1 29 12 41 7 80 13 52 14 82 8 50
4 7 3 67 12 64 13 64 5 45 8 88 10 53 9 29 2 94 0 58 6 87 7 73 11 25 1 5 14 17
4 91 5 12 6 20 7 6 11 92 0 90 14 47 10 50 12 30 3 29 9 39 2 68 8 22 1 87 13 30
13 31 11 92 4 3 3 11 0 57 8 98 2 33 14 98 10 77 7 35 9 88 12 57 6 35 5 80 1 36
1 89 12 79 9 56 8 41 7 78 11 76 0 41 4 69 14 57 6 28 5 12 10 68 13 87 2 12 3 59
12 59 4 7 8 3 0 80 3 56 11 50 2 75 10 67 5 84 13 3 14 60 9 40 7 42 6 93 1 28
12 4 13 27 14 81 7 25 5 35 0 92 11 88 6 21 9 51 4 65 8 66 3 19 1 64 2 92 10 79
4 1 5 47 6 85 10 37 14 33 2 71 11 87 8 28 7 94 12 11 1 77 0 27 3 37 13 6 9 93
0 65 3 32 2 7 10 24 4 47 7 77 9 54 1 63 12 96 13 41 14 42 5 32 11 88 6 61 8 50
2 34 4 87 13 76 5 29 14 83 1 93 11 29 7 17 0 69 12 48 10 88 8 19 9 90 3 73 6 38
10 23 7 85 2 75 8 35 4 79 13 75 5 82 1 89 12 89 3 94 9 81 0 98 14 96 11 88 6 74
