100 20
1 43 0 54 11 1 5 86 17 95 10 40 9 83 13 62 16 72 4 39 8 96 14 20 18 98 6 58 12 50 3 31 19 23 15 57 2 81 7 54
7 14 6 28 10 71 4 20 19 72 12 92 15 66 5 55 11 55 1 93 2 65 16 84 3 65 0 7 17 3 14 90 18 61 9 30 8 65 13 77
6 88 15 35 13 22 1 16 16 18 3 76 19 81 10 70 0 90 9 25 2 68 8 28 18 76 7 48 5 69 17 41 14 41 4 64 12 63 11 96
17 10 11 96 18 79 2 80 5 67 14 24 19 17 9 12 10 7 16 35 1 5 6 6 4 80 13 9 7 25 12 61 0 51 15 58 8 39 3 67
14 52 6 72 1 72 3 86 13 37 16 63 7 68 2 15 12 6 19 96 9 6 10 71 11 48 18 97 8 43 0 25 5 77 15 10 4 79 17 59
18 19 15 35 3 12 1 79 9 52 0 87 16 70 17 10 6 14 7 3 10 37 2 77 19 73 4 78 13 26 11 3 5 24 8 54 14 15 12 9
1 93 5 17 17 28 19 9 9 72 14 56 11 14 12 51 7 47 8 2 6 94 15 73 4 98 0 55 16 9 18 30 3 87 2 11 13 27 10 12
11 31 17 52 0 33 13 67 15 31 14 20 5 26 8 46 1 71 10 92 12 28 19 8 4 40 2 96 9 90 7 5 6 89 16 16 18 42 3 5
9 10 2 43 11 97 0 73 12 1 5 59 6 26 4 28 16 79 17 45 18 77 8 87 15 37 10 42 7 86 1 97 19 61 13 36 3 35 14 26
11 26 9 82 19 15 7 73 15 11 14 61 2 55 4 86 17 40 8 21 0 90 18 97 6 31 13 74 3 8 5 22 1 95 16 28 10 29 12 32
9 20 12 43 1 13 19 97 3 33 15 22 6 47 0 48 17 74 13 48 7 81 8 47 11 35 18 6 14 52 4 13 5 12 16 54 2 78 10 73
3 29 17 15 13 74 5 40 6 57 11 96 7 51 16 5 19 94 4 34 1 64 8 46 12 61 15 33 14 35 2 16 0 87 18 8 10 3 9 65
14 14 18 25 1 81 12 58 17 2 6 13 5 66 16 51 7 95 4 42 0 83 9 55 13 65 10 94 19 48 3 47 8 35 15 29 11 57 2 25
17 47 19 75 1 12 18 12 5 89 6 45 2 14 11 11 3 66 8 97 13 2 9 72 15 63 0 28 12 35 4 93 7 39 14 3 16 20 10 91
14 53 9 12 8 40 0 3 10 55 1 5 13 67 4 71 11 57 12 2 15 78 7 68 2 71 17 58 6 56 5 37 3 90 18 38 16 61 19 14
9 94 6 8 10 93 14 81 16 43 8 23 5 12 19 64 0 3 15 40 11 21 13 57 1 71 18 52 2 86 7 72 4 49 12 60 17 47 3 42
0 82 7 35 19 68 14 96 18 27 6 32 12 67 2 2 16 18 1 88 4 42 15 98 3 81 17 83 11 96 9 27 5 92 10 1 8 76 13 70
7 25 14 5 19 15 3 88 16 15 13 86 8 53 11 53 0 81 9 6 12 91 18 43 15 62 10 77 2 36 17 81 5 45 1 7 6 26 4 10
4 65 11 53 12 45 13 18 2 77 18 75 10 96 8 62 14 96 15 24 17 42 9 95 3 95 19 70 6 51 5 90 1 56 16 93 7 18 0 1
18 62 8 33 0 86 15 74 3 88 17 32 2 23 10 36 12 80 5 72 7 15 6 55 9 4 14 16 16 28 19 10 4 81 11 69 13 22 1 78
4 47 19 29 8 14 6 35 0 86 18 32 14 53 10 13 3 66 12 60 7 35 11 53 5 64 9 4 1 62 15 98 13 71 17 30 16 11 2 9
11 90 15 53 0 47 16 99 7 97 4 36 17 42 5 80 9 23 10 26 2 99 12 7 3 34 1 6 19 73 8 50 6 90 13 8 18 63 14 93
7 17 16 22 1 69 18 71 0 54 4 10 9 44 19 68 11 48 14 61 3 53 5 7 2 27 8 30 15 31 12 88 13 26 6 13 10 60 17 14
11 36 7 40 1 41 0 79 14 78 6 13 8 40 19 55 10 2 12 4 5 46 17 8 15 81 9 67 4 67 2 66 18 12 16 62 13 67 3 51
8 28 12 72 1 15 15 82 11 52 3 97 14 85 0 77 17 98 13 9 18 37 5 78 6 29 16 84 4 47 2 94 7 20 10 13 9 51 19 16
0 28 17 26 1 48 10 63 16 34 8 9 2 17 14 57 6 62 18 73 9 6 12 53 13 84 15 71 4 42 3 99 7 22 19 82 11 36 5 13
13 22 7 97 15 70 10 75 8 49 18 6 12 51 16 2 3 91 6 78 1 53 14 34 19 36 9 60 17 82 4 37 11 24 0 49 2 11 5 27
0 4 18 1 5 90 16 52 17 95 3 35 19 37 15 86 10 36 9 68 12 84 2 65 7 36 1 45 11 17 13 54 6 83 8 19 14 74 4 55
7 27 8 27 11 75 5 10 10 60 16 99 1 91 17 23 0 48 19 16 15 24 12 73 9 11 3 72 6 59 18 32 2 33 4 51 13 10 14 67
19 22 4 85 18 31 8 22 16 29 7 32 0 67 15 97 6 53 2 15 13 5 11 85 12 9 5 79 10 22 1 59 9 94 14 62 3 26 17 32
18 67 1 15 17 85 14 52 4 99 8 85 9 10 6 17 0 50 3 14 13 27 10 90 5 39 2 18 19 20 11 17 7 29 15 43 12 35 16 34
10 93 8 20 0 61 15 83 1 52 16 52 11 46 6 35 2 17 17 1 14 71 3 58 4 96 7 80 12 34 19 81 18 57 13 48 9 43 5 39
7 18 2 5 15 92 8 93 10 11 18 60 6 69 9 61 5 67 11 43 14 15 3 22 19 46 16 68 1 76 13 8 0 72 17 41 12 4 4 58
0 75 6 14 18 90 13 55 9 87 14 67 7 28 15 42 12 80 8 61 19 19 3 81 5 19 4 3 16 95 1 53 10 21 11 84 2 82 17 76
3 54 18 37 10 8 17 78 19 62 15 74 0 3 11 11 13 69 1 6 7 3 4 61 8 64 16 91 5 87 12 76 6 48 9 16 14 55 2 31
2 82 11 72 10 22 7 99 8 85 14 92 16 6 17 60 18 91 4 71 1 95 19 78 13 10 0 88 3 49 6 75 5 60 9 6 15 1 12 54
8 42 5 69 13 34 18 93 15 72 0 92 14 39 6 48 16 25 7 49 2 46 4 61 3 86 12 14 19 93 10 64 11 51 17 9 1 23 9 41
16 87 14 46 7 47 1 14 17 58 10 75 8 76 15 84 2 7 12 89 3 95 4 28 9 75 19 27 11 38 13 31 6 52 0 81 18 41 5 46
0 24 9 50 5 93 2 16 1 36 7 26 16 56 12 48 6 72 18 36 19 80 4 46 3 57 10 4 8 51 14 29 15 96 17 27 11 87 13 87
10 15 18 80 4 56 2 47 12 45 0 67 5 85 1 95 3 74 6 39 7 30 9 62 13 76 15 88 14 18 11 68 17 27 19 19 16 74 8 45
19 42 1 52 12 81 6 11 10 56 0 28 3 36 8 13 16 11 13 78 14 6 2 52 17 32 7 8 11 53 15 98 5 69 18 57 9 2 4 74
3 89 2 52 12 40 1 70 9 5 4 34 11 54 10 58 18 53 19 89 8 96 16 13 13 59 7 78 17 10 6 32 0 53 15 73 14 99 5 31
18 81 7 93 13 51 10 89 8 10 9 94 6 46 17 14 1 80 11 30 5 23 15 98 12 97 3 33 16 22 14 82 2 76 0 45 19 71 4 35
2 13 9 97 19 86 1 20 13 25 16 63 8 45 15 86 7 15 12 77 3 75 17 98 10 92 4 95 5 1 14 5 0 22 18 16 6 34 11 74
11 32 10 11 4 87 5 8 16 54 7 17 15 58 3 23 9 16 18 65 6 57 8 89 2 76 19 92 1 41 14 51 13 19 0 48 12 39 17 1
18 9 7 22 6 70 2 51 3 86 19 8 8 59 11 99 12 64 1 88 17 72 15 33 16 53 13 41 9 18 4 99 0 49 14 45 10 55 5 94
4 23 5 46 1 39 13 89 15 35 18 99 3 35 11 6 9 12 2 92 10 32 14 99 0 82 17 83 16 71 8 64 6 20 12 46 19 4 7 5
11 71 19 38 12 38 0 51 14 77 2 89 1 95 5 29 8 58 15 10 7 38 6 89 18 14 16 58 10 36 9 48 4 57 13 38 17 62 3 93
14 21 1 30 10 44 9 3 0 88 8 2 12 40 13 49 11 15 16 68 15 32 5 68 7 83 6 23 4 4 19 90 17 87 2 99 3 33 18 74
12 82 19 67 9 48 17 45 4 17 15 42 14 96 18 42 0 15 13 79 11 51 5 21 3 18 2 60 1 60 6 59 8 69 16 30 7 92 10 38
18 62 9 35 5 2 10 81 8 98 14 27 0 26 15 65 19 37 2 37 13 24 7 62 11 96 3 83 1 97 12 62 16 41 4 86 6 17 17 35
1 91 10 36 5 17 4 20 11 63 0 86 12 81 13 98 2 2 15 4 19 90 9 70 14 90 17 80 16 17 3 7 7 96 8 28 6 70 18 11
5 72 12 4 9 63 14 11 16 1 1 11 0 44 2 46 4 16 10 67 13 93 8 48 19 8 3 21 17 27 7 66 11 1 6 2 18 43 15 85
1 12 3 10 8 30 0 67 19 47 15 80 5 23 4 34 17 98 16 58 9 84 13 20 2 47 14 67 6 93 11 72 10 67 7 69 18 89 12 81
0 4 12 22 19 91 17 9 8 57 16 81 3 59 15 24 18 20 10 64 9 84 2 64 1 34 7 27 4 73 14 54 5 76 11 83 6 78 13 14
5 93 12 8 6 68 13 66 18 25 15 17 10 94 8 2 4 37 11 26 19 65 16 89 1 13 0 64 9 67 3 24 2 29 17 36 14 11 7 90
1 43 3 35 4 79 0 57 8 10 2 78 9 29 15 79 16 5 7 27 12 7 10 66 19 69 13 18 11 81 6 66 18 80 5 48 17 47 14 38
16 38 2 48 19 28 14 98 18 25 3 71 13 85 5 52 6 73 17 9 0 98 15 1 1 46 10 38 12 89 7 46 8 85 4 60 9 25 11 68
17 17 2 72 5 58 1 91 9 54 6 2 3 51 15 14 0 44 8 91 4 64 18 29 13 58 10 60 19 57 11 96 14 22 12 27 16 85 7 89
12 26 6 13 0 76 14 84 8 19 10 65 4 32 18 37 9 37 15 42 7 4 2 85 16 11 19 99 1 53 3 44 5 40 17 27 11 83 13 24
9 21 1 77 11 35 19 60 15 64 7 70 8 39 4 55 18 74 12 87 0 51 16 17 3 24 14 70 10 39 2 51 17 35 6 9 5 69 13 69
12 57 8 65 6 53 10 88 11 34 18 9 3 99 7 57 14 49 15 14 19 64 9 77 0 68 4 13 1 69 5 30 16 18 2 22 17 65 13 98
3 78 8 45 16 76 6 9 1 34 10 73 4 77 15 26 18 29 5 72 7 46 11 16 17 68 13 67 0 90 2 60 14 94 12 38 19 26 9 50
13 70 12 37 11 41 1 75 19 92 3 94 0 51 6 65 9 69 16 53 8 42 14 74 15 6 7 67 2 95 17 90 18 70 10 66 5 60 4 96
5 8 11 26 2 13 15 67 12 8 18 51 10 95 14 97 0 35 16 49 4 38 1 32 17 12 19 42 6 59 8 76 3 91 7 97 9 33 13 56
17 99 9 95 15 58 2 65 11 25 4 88 7 17 10 17 5 88 18 29 8 74 1 33 14 74 6 92 19 7 16 31 12 41 0 22 13 26 3 93
16 99 0 90 2 46 17 54 4 52 7 79 9 57 18 3 13 74 6 78 15 68 1 17 5 27 14 45 12 52 8 84 19 83 3 86 10 48 11 10
1 42 3 52 11 3 10 82 19 10 6 15 18 68 9 71 17 86 4 67 14 93 15 1 7 25 12 77 13 5 5 54 0 82 8 23 16 35 2 55
0 50 12 27 9 43 14 49 6 27 11 34 1 50 15 77 8 65 5 76 13 60 4 74 16 71 7 18 2 10 17 39 3 17 18 59 19 89 10 89
16 84 8 30 17 33 18 42 6 11 9 68 11 87 13 79 10 16 12 68 1 36 0 25 19 84 15 73 14 98 5 50 4 67 3 66 7 43 2 75
8 94 10 77 15 42 12 91 9 59 1 4 3 74 5 47 7 4 13 37 19 57 17 22 18 9 11 37 16 4 2 55 4 58 14 12 6 4 0 27
18 63 9 13 17 35 2 18 1 85 11 34 8 58 6 31 7 52 3 70 12 75 4 35 0 29 14 60 5 56 19 94 15 88 16 2 13 59 10 82
3 82 13 44 0 43 2 14 12 79 16 58 9 11 8 3 11 60 1 25 18 97 5 93 6 15 7 19 14 23 10 13 4 59 19 88 15 70 17 87
15 97 16 96 0 24 13 73 8 10 17 16 19 2 7 89 6 40 3 67 2 23 1 87 14 80 9 74 11 28 5 98 12 11 18 61 4 22 10 24
1 92 7 46 13 6 4 69 16 58 17 55 12 2 15 12 2 2 9 77 18 89 11 98 5 73 8 71 10 55 0 10 3 11 6 1 14 53 19 95
13 28 16 89 3 81 9 81 4 95 15 59 1 46 12 33 0 65 5 49 10 7 14 62 2 14 18 94 7 46 11 45 8 72 17 59 6 82 19 56
5 47 11 9 1 23 6 7 18 52 8 85 4 86 13 27 0 89 7 98 9 31 10 59 3 34 16 53 14 79 12 49 15 56 17 51 2 65 19 77
2 47 18 99 7 88 8 37 10 17 6 76 17 12 16 57 15 46 13 59 9 98 14 69 11 64 19 39 1 24 5 14 3 42 0 48 4 75 12 14
8 36 12 1 18 37 16 96 7 19 9 55 17 31 3 77 13 69 6 51 2 34 15 94 14 38 10 67 1 21 19 17 0 28 5 45 4 2 11 62
14 39 12 20 4 46 3 18 8 58 0 94 10 91 19 35 13 5 5 81 9 44 15 17 1 59 16 6 11 34 7 92 6 67 17 62 2 92 18 59
10 27 4 13 7 19 17 75 11 53 14 42 5 17 2 10 6 31 19 7 15 93 1 35 8 96 9 60 18 9 0 76 12 20 3 26 13 76 16 37
17 53 13 24 19 27 16 92 0 76 9 86 4 20 14 11 7 44 2 2 18 1 11 27 8 62 3 82 5 39 1 49 10 65 6 86 15 51 12 13
17 45 6 19 18 15 4 11 12 70 2 25 14 43 5 56 8 33 0 45 7 78 11 69 9 7 19 18 13 92 16 31 15 73 10 23 1 52 3 79
18 79 12 78 11 52 16 34 14 69 3 6 13 39 5 39 6 89 19 45 1 39 17 46 9 19 10 86 8 80 0 36 7 19 4 68 15 86 2 52
17 73 15 51 0 94 13 67 18 37 12 39 14 30 1 72 4 58 6 8 8 31 3 24 7 68 11 97 16 85 10 54 2 82 5 62 19 64 9 89
3 88 19 98 4 31 17 83 6 27 7 88 8 5 5 91 11 13 15 42 2 40 9 39 10 28 1 86 13 68 18 21 16 8 14 99 0 38 12 28
10 7 14 4 3 88 1 43 15 28 2 77 0 23 13 4 18 58 9 63 8 94 5 21 16 52 17 28 4 51 11 99 12 15 7 23 19 94 6 57
11 34 14 81 7 29 3 27 0 85 6 30 19 93 13 49 10 2 8 23 1 67 9 64 15 25 4 39 18 93 2 24 16 90 17 11 12 84 5 84
9 2 16 5 10 20 14 13 19 28 3 56 5 49 15 36 1 82 6 46 11 24 8 45 4 76 7 60 2 43 17 46 12 78 18 4 13 1 0 21
7 94 2 30 9 18 14 92 19 25 3 55 18 38 17 44 4 90 5 14 10 24 16 21 12 44 15 21 13 53 6 93 0 43 1 17 11 55 8 18
14 86 3 75 7 73 12 72 0 51 17 78 13 24 9 55 4 23 11 82 1 87 18 97 8 2 2 35 6 19 10 63 5 26 19 46 15 62 16 31
4 51 6 15 7 52 19 84 8 39 14 35 9 7 18 63 11 70 2 13 17 78 12 34 3 65 1 31 0 88 5 8 15 79 10 52 16 76 13 13
6 72 17 95 19 16 7 16 4 40 8 73 2 87 14 66 15 56 5 76 16 32 10 96 11 43 13 10 3 24 18 82 0 23 1 51 9 83 12 64
19 21 4 37 3 19 6 76 11 76 8 55 9 42 2 86 13 38 17 87 1 84 12 37 7 10 0 71 18 58 16 73 10 11 5 11 14 58 15 58
17 15 5 49 15 31 11 81 13 91 0 58 12 13 4 91 7 7 8 41 2 82 6 87 18 62 1 22 9 57 19 44 10 48 16 46 14 55 3 39
2 35 15 52 11 68 4 80 12 75 8 80 14 54 18 48 7 67 16 83 9 17 5 82 13 68 0 74 1 85 19 4 6 14 10 48 17 85 3 72
15 92 5 70 17 4 12 29 4 82 14 74 11 32 6 91 1 50 2 17 10 36 16 86 13 26 18 88 3 13 8 33 9 14 0 23 19 95 7 38
11 88 13 95 18 82 12 86 16 59 8 55 6 46 9 31 4 10 5 4 1 20 14 81 10 59 17 86 15 76 3 71 7 49 2 52 0 19 19 25
1 66 0 72 7 39 17 88 4 61 14 60 8 95 11 71 10 9 19 82 16 78 5 53 12 29 9 84 18 99 15 28 3 25 13 91 6 17 2 68
16 8 1 48 9 89 2 61 11 73 15 64 4 22 17 90 0 11 13 90 19 20 8 84 3 23 18 16 12 84 7 62 5 37 14 43 6 52 10 84
