50 20
2 71 13 70 8 35 15 38 7 71 9 17 14 62 12 61 5 31 1 83 4 15 6 30 0 70 19 87 18 91 3 92 11 42 16 53 10 40 17 70
9 57 16 93 10 7 13 71 5 50 2 51 14 91 3 74 19 13 11 82 15 31 4 49 8 98 6 93 18 69 12 98 7 10 0 39 17 29 1 91
7 92 2 86 18 35 19 66 17 67 4 75 1 99 8 10 6 75 0 69 13 74 14 69 9 25 15 73 10 16 3 16 12 82 11 44 16 65 5 95
5 15 1 5 9 42 14 65 0 66 10 95 6 80 15 43 17 80 18 59 16 3 3 61 4 6 11 33 19 11 13 81 7 43 2 98 8 2 12 98
17 61 16 77 4 6 19 13 0 1 2 35 3 92 15 88 10 1 8 92 6 11 14 38 1 90 18 95 11 76 12 88 5 31 9 40 13 74 7 98
4 91 10 36 6 99 15 77 5 11 12 40 16 42 8 59 18 11 17 34 1 31 2 13 11 83 13 76 14 61 7 23 0 17 3 39 19 26 9 98
13 63 1 72 12 34 17 12 5 59 9 5 7 99 6 68 10 96 8 64 19 1 11 37 0 65 15 82 16 28 18 15 2 84 4 91 14 46 3 31
9 22 2 96 8 47 13 1 10 53 4 68 7 7 17 41 1 48 12 93 11 43 18 8 19 39 0 53 14 51 3 92 15 29 16 56 5 80 6 84
6 1 16 65 18 68 11 17 12 18 17 63 8 88 14 41 0 84 3 83 9 13 13 31 10 55 1 8 19 63 7 53 5 41 2 78 15 74 4 94
13 85 16 59 11 95 19 12 0 2 18 83 6 80 8 60 14 13 7 42 2 76 17 69 5 41 4 68 3 32 15 50 9 5 10 24 1 11 12 82
11 95 1 64 16 47 7 41 18 52 10 65 2 24 9 6 12 52 8 38 0 9 6 41 4 62 5 35 15 68 19 33 14 54 3 54 17 69 13 89
3 95 14 2 2 94 5 45 8 76 19 39 17 4 13 39 7 24 6 16 15 8 18 82 1 32 11 35 9 4 16 78 12 48 0 77 4 93 10 47
5 69 11 29 2 10 12 16 7 64 17 30 14 23 16 23 18 10 8 53 10 22 4 18 6 2 3 6 19 50 1 80 13 84 15 44 0 66 9 85
1 59 15 80 13 2 14 3 4 33 2 11 7 66 10 42 19 77 0 42 6 62 5 36 18 1 17 28 8 5 11 11 12 1 9 40 16 21 3 5
19 51 9 7 12 45 14 55 1 99 7 31 2 51 0 69 6 69 5 47 18 31 11 23 4 88 16 40 15 25 13 36 10 78 17 23 3 91 8 2
18 35 16 71 11 79 19 47 0 29 4 87 2 2 9 51 6 32 7 23 17 16 3 82 5 94 8 31 10 35 12 35 13 8 1 63 14 66 15 61
11 40 2 72 4 25 0 91 19 66 10 14 5 92 13 4 12 95 17 61 7 31 8 52 1 51 15 45 16 25 9 91 18 71 3 4 14 61 6 1
14 47 2 74 19 70 4 30 5 35 9 58 17 36 8 37 10 14 11 29 15 23 18 8 16 30 1 64 12 41 3 24 0 41 7 38 6 66 13 2
16 8 19 96 0 47 3 90 2 81 18 85 7 44 13 14 17 12 6 48 15 2 10 57 5 10 1 80 12 75 11 88 9 32 8 2 4 93 14 4
19 76 17 89 6 67 0 19 8 41 2 35 1 41 12 90 18 30 10 58 16 33 5 75 3 49 7 3 14 65 4 10 9 16 11 30 13 17 15 77
9 84 19 8 18 9 16 93 10 29 1 34 5 24 15 99 7 32 2 87 8 73 14 79 12 92 4 25 3 65 13 70 6 4 0 29 17 30 11 59
15 65 18 31 1 52 9 60 16 22 13 60 3 70 0 21 10 96 8 6 5 15 2 66 11 44 19 25 14 1 7 98 12 30 17 94 4 78 6 31
8 3 19 98 0 34 2 85 16 86 9 33 4 21 12 1 10 84 6 73 13 18 14 66 18 71 15 9 17 63 1 53 7 93 11 48 5 93 3 58
5 43 4 81 12 15 7 67 6 62 13 18 9 85 17 62 0 43 10 51 14 74 8 79 18 53 19 81 16 37 11 84 2 13 3 91 1 82 15 76
16 11 3 83 11 52 13 95 15 77 6 35 19 52 12 82 4 69 18 83 1 6 2 99 10 3 17 77 5 71 8 27 7 59 14 15 9 29 0 24
4 14 12 70 17 81 6 4 14 93 16 89 13 10 18 92 5 32 11 40 7 91 2 9 9 58 8 67 19 46 0 64 3 9 10 16 15 73 1 1
6 67 4 59 7 85 13 61 18 34 10 57 16 49 1 21 12 5 19 15 9 11 0 21 2 88 17 97 8 26 5 47 3 51 15 32 11 86 14 10
4 21 8 37 12 33 15 5 1 43 11 94 14 57 0 84 6 57 18 94 2 29 9 25 16 83 3 99 17 75 10 77 7 5 13 88 19 24 5 86
17 23 5 25 4 92 1 95 15 52 18 37 9 17 13 13 3 71 6 1 12 6 11 46 19 35 16 81 7 14 14 28 2 71 10 50 8 3 0 90
10 11 16 29 11 59 5 74 1 52 9 78 15 51 6 78 3 19 12 14 18 19 14 18 19 37 13 13 4 83 7 40 0 97 8 5 17 20 2 13
19 27 17 42 9 1 8 49 16 8 18 11 4 23 7 16 0 13 15 79 10 43 6 73 13 76 14 54 1 40 2 91 5 39 12 94 3 15 11 68
6 65 18 92 13 73 2 86 7 80 15 84 19 80 1 3 5 54 9 73 0 61 17 17 10 40 12 63 11 70 8 30 14 87 3 14 16 70 4 84
5 37 13 42 12 10 1 21 10 13 8 27 3 31 15 85 17 2 14 71 11 6 18 99 2 50 4 31 19 94 7 50 16 59 0 15 6 68 9 19
15 30 1 72 6 10 11 56 12 50 19 72 14 29 13 46 5 64 10 71 16 57 0 51 18 32 4 48 8 99 3 15 17 34 9 75 7 7 2 28
0 89 9 51 6 76 16 35 18 70 2 61 12 20 14 93 19 72 5 61 15 19 7 22 13 48 4 17 10 54 3 5 11 8 8 14 1 82 17 11
8 17 18 5 3 12 11 73 15 3 5 68 16 98 9 85 10 52 19 8 14 48 4 63 1 53 7 67 0 6 17 84 6 22 12 82 13 21 2 99
9 46 5 22 16 57 8 59 13 88 10 5 19 61 7 41 15 43 3 69 11 71 4 47 18 20 14 88 1 40 12 64 2 69 17 34 0 39 6 28
5 63 6 18 1 66 12 9 18 48 3 86 17 54 7 94 16 15 2 28 9 43 4 29 8 43 19 93 13 99 15 73 11 73 14 63 10 70 0 59
1 47 15 65 5 50 17 66 2 93 3 78 0 48 4 11 8 32 14 12 7 48 9 87 19 95 13 52 11 88 16 1 18 7 12 43 10 81 6 4
5 15 13 97 8 35 15 24 19 66 14 81 9 78 16 24 3 17 18 89 17 15 11 11 6 13 1 30 10 71 12 65 0 60 2 49 7 2 4 77
13 26 2 96 5 70 4 65 3 99 14 61 1 78 0 23 15 46 16 41 17 28 8 97 19 37 11 61 12 10 6 21 18 83 9 87 10 24 7 72
11 53 10 43 16 36 17 82 9 48 12 79 5 22 7 64 15 96 0 9 3 75 8 45 13 91 6 13 2 96 19 64 18 41 4 22 1 70 14 53
8 57 4 53 6 5 15 41 11 40 0 72 3 3 17 77 16 20 13 85 14 95 10 30 19 31 9 47 5 59 7 56 12 7 2 89 1 9 18 39
11 99 12 20 16 8 1 1 14 28 5 50 4 26 6 92 0 22 17 81 2 36 13 76 18 89 7 96 19 50 8 11 3 13 15 70 10 41 9 64
14 56 16 98 12 58 13 93 18 55 10 28 5 53 4 2 17 95 15 29 19 3 9 55 11 50 8 12 1 58 3 30 0 4 6 51 2 86 7 91
1 27 11 99 12 5 13 31 6 27 19 65 9 1 7 34 16 95 4 87 0 92 14 3 15 4 3 76 2 38 17 85 8 72 18 25 5 58 10 13
3 63 5 22 16 27 11 36 17 2 2 49 7 93 14 86 10 92 19 31 12 55 0 23 9 23 18 81 13 57 1 47 15 86 6 76 4 24 8 44
7 74 19 24 12 70 3 67 10 67 0 7 6 16 17 25 15 13 1 48 8 82 9 6 4 67 18 43 14 41 16 92 2 9 5 80 13 61 11 21
2 75 19 11 17 40 3 12 8 69 5 66 14 24 0 89 11 46 16 29 1 95 15 71 4 71 10 99 6 53 7 21 9 57 18 38 13 80 12 18
5 95 2 35 4 22 13 23 10 41 0 14 1 75 9 77 19 54 14 76 18 75 12 76 7 82 8 37 11 38 17 13 6 87 3 60 16 61 15 48
