50 15
10 55 5 78 3 68 11 13 6 21 13 23 0 10 2 76 1 3 9 91 7 30 14 36 12 16 8 78 4 43
7 51 8 29 12 63 4 67 6 60 14 17 5 8 1 22 13 30 10 48 11 40 2 86 0 19 3 27 9 72
3 3 6 32 13 63 12 58 5 76 11 47 10 58 14 3 9 39 0 82 2 86 8 62 1 30 7 70 4 19
1 89 5 18 14 18 10 84 6 28 4 65 9 9 3 56 12 61 8 98 0 21 7 54 2 67 13 2 11 25
7 77 13 1 0 49 8 15 10 35 3 40 2 74 12 92 9 25 1 25 4 9 5 26 14 45 11 3 6 1
2 93 1 29 11 28 10 27 7 55 13 56 9 44 8 60 14 90 4 87 6 14 12 36 0 21 3 72 5 51
5 88 14 88 7 15 13 21 9 56 6 76 11 93 12 90 4 80 1 19 2 52 0 38 10 92 3 87 8 92
14 55 10 93 5 37 3 77 6 18 4 43 2 58 8 11 11 92 9 97 0 33 13 24 7 40 1 94 12 24
1 9 8 67 12 93 13 38 0 31 4 26 7 49 5 11 2 60 6 96 9 29 14 79 11 49 10 87 3 47
0 88 3 56 1 6 13 7 9 72 7 56 14 21 2 36 4 67 10 59 5 49 8 26 12 1 6 85 11 31
6 18 11 82 9 20 2 96 13 42 3 44 10 17 1 45 8 64 0 68 5 44 7 96 14 51 12 39 4 97
2 11 5 78 8 27 0 63 4 39 3 51 10 15 11 91 14 26 1 99 7 94 6 28 9 62 13 72 12 94
4 58 12 89 6 37 14 24 5 25 9 34 2 56 11 63 3 85 10 83 1 81 7 45 0 56 8 51 13 60
0 68 7 64 12 65 3 68 2 60 13 30 8 63 9 70 14 92 11 43 1 41 10 59 5 30 4 80 6 52
4 6 3 3 8 11 7 21 13 58 0 71 12 40 9 56 1 93 6 42 5 91 11 59 2 68 10 94 14 32
14 5 0 41 8 98 11 96 9 20 10 49 2 97 12 18 4 92 5 1 7 71 13 73 3 44 6 61 1 73
12 93 11 46 13 47 10 74 8 31 2 99 14 57 4 26 5 15 0 58 7 10 9 52 3 70 6 6 1 36
4 84 6 27 8 39 12 4 11 72 5 33 14 44 7 74 3 30 0 12 10 98 9 13 2 4 1 28 13 30
12 21 7 85 8 26 13 67 2 96 5 34 4 5 6 85 1 15 3 81 9 68 0 96 14 76 11 3 10 28
11 74 10 82 7 98 13 67 2 4 5 29 8 64 3 90 6 21 14 80 4 73 9 8 1 33 12 40 0 96
2 57 1 73 11 3 10 98 9 6 7 91 3 64 4 99 13 1 6 79 0 88 8 61 12 29 5 83 14 58
9 81 7 99 5 21 8 58 2 60 6 82 13 81 0 35 11 12 3 99 10 10 12 81 14 53 1 41 4 5
7 20 14 25 9 30 11 3 5 54 2 89 1 95 3 3 12 9 4 26 8 92 6 17 10 51 13 5 0 73
7 44 9 10 1 19 2 7 11 62 10 29 5 18 13 23 3 34 12 73 4 98 8 36 6 37 14 51 0 52
1 55 4 25 12 31 2 91 0 17 5 85 3 1 7 38 14 73 6 59 8 54 9 6 10 33 11 24 13 11
8 94 12 84 0 62 11 31 6 78 10 98 5 93 13 99 3 65 14 64 2 43 1 90 4 43 9 5 7 42
12 44 4 13 10 68 11 97 7 52 5 66 6 95 9 23 3 5 2 9 1 83 8 97 14 78 0 49 13 71
3 97 8 78 10 54 0 92 5 46 2 77 14 27 1 94 13 87 11 23 12 30 6 50 7 37 4 57 9 23
4 11 10 3 13 33 2 34 8 5 11 74 0 71 3 14 9 58 14 68 7 85 1 85 5 48 6 29 12 62
2 42 13 2 14 63 10 33 9 84 3 7 12 98 0 24 6 31 7 62 11 2 8 33 5 76 4 49 1 28
5 1 3 16 9 81 0 68 8 54 7 35 14 89 13 46 12 61 10 96 2 32 1 75 4 95 11 68 6 20
6 31 10 96 0 62 7 11 9 32 2 8 12 5 13 99 5 49 11 37 3 42 1 1 4 62 14 49 8 47
2 12 1 72 0 62 3 32 13 21 5 64 14 31 12 91 8 69 10 33 11 90 4 41 9 1 7 42 6 22
8 51 9 33 1 98 0 32 6 9 5 62 7 13 10 16 11 14 4 87 2 60 13 54 14 35 3 9 12 35
10 88 8 61 12 5 2 95 5 87 3 14 4 25 1 85 11 64 7 44 0 2 9 58 13 69 6 75 14 62
0 89 6 54 1 80 9 31 2 57 7 18 3 48 10 32 4 81 8 42 13 35 5 84 12 85 11 11 14 23
13 35 5 87 3 20 8 53 7 19 14 25 1 83 10 93 0 56 12 69 9 69 4 32 6 18 11 46 2 80
10 94 12 88 5 38 2 70 7 67 6 19 14 81 3 99 8 94 9 71 13 72 4 62 1 21 0 65 11 32
8 9 12 51 5 93 6 67 4 17 11 37 2 89 14 19 0 43 1 17 10 14 13 42 3 72 9 23 7 3
3 53 1 41 2 7 14 90 8 46 6 49 9 74 7 98 0 28 11 74 5 30 4 66 13 17 12 56 10 53
7 13 9 34 0 75 8 66 6 60 1 95 2 77 3 13 14 47 11 26 5 14 10 93 12 44 13 59 4 66
4 59 11 11 2 66 12 57 7 74 9 96 1 70 14 60 0 91 3 54 8 31 5 63 6 79 13 8 10 18
10 61 3 40 12 1 9 91 6 14 0 8 11 92 4 36 7 39 1 87 14 38 5 56 13 6 2 96 8 46
11 58 12 82 1 70 13 55 8 4 3 4 4 67 5 45 10 5 14 33 0 20 9 97 2 11 6 1 7 49
2 63 9 59 1 13 0 56 10 57 14 66 4 87 13 67 12 64 7 53 5 81 11 82 8 34 3 77 6 17
11 66 10 89 7 17 6 97 8 2 0 20 12 27 13 83 4 90 9 52 2 87 1 22 3 19 14 16 5 68
0 74 1 47 7 34 4 65 10 83 6 78 13 14 11 42 2 43 5 81 9 8 3 63 8 94 12 93 14 99
14 33 0 58 1 55 6 19 2 13 5 38 8 90 7 6 3 64 9 88 11 32 13 80 4 54 10 42 12 26
10 69 1 74 11 34 9 52 2 25 3 25 13 7 7 21 6 97 0 33 14 21 12 67 4 22 8 22 5 2
5 69 11 87 6 18 12 96 1 22 4 16 3 58 7 73 0 37 2 71 10 8 9 31 13 59 8 69 14 42
