50 15
8 11 3 85 10 85 14 70 13 70 7 86 1 25 0 47 5 13 6 70 9 71 11 83 12 20 4 58 2 28
8 38 10 2 2 30 7 84 1 24 13 11 0 66 4 37 3 68 9 79 5 83 6 38 11 46 14 3 12 16
5 23 4 96 12 4 14 31 6 36 8 88 3 81 7 16 2 96 10 43 1 55 13 64 9 79 0 78 11 74
0 89 3 74 14 80 7 48 5 60 8 89 4 22 12 86 2 63 9 99 13 49 1 81 10 54 11 20 6 87
5 44 3 48 9 29 13 42 10 81 12 82 8 57 6 45 4 28 7 40 1 61 14 55 2 11 11 26 0 97
11 7 9 95 3 98 2 27 1 35 10 27 0 59 4 67 8 47 13 70 14 6 12 68 5 28 6 64 7 79
4 46 7 87 13 8 14 79 3 97 0 85 11 25 10 89 9 35 6 22 12 98 8 10 2 99 1 22 5 50
1 13 2 1 0 47 10 43 6 17 9 52 13 34 7 31 5 96 11 43 8 44 4 95 12 45 3 42 14 71
8 89 14 23 11 24 4 10 9 59 2 66 13 13 1 48 7 14 5 30 6 87 10 55 0 90 3 34 12 44
10 1 11 15 8 75 12 76 3 5 1 28 4 10 2 53 9 59 0 90 6 36 7 40 13 89 14 82 5 87
0 86 4 31 3 30 1 5 8 66 13 51 14 18 6 44 12 5 10 79 11 46 7 64 5 30 9 70 2 69
1 39 5 83 6 75 14 72 13 33 10 20 0 39 3 20 4 3 8 29 11 50 2 17 7 96 9 43 12 44
14 57 3 14 2 38 5 59 8 31 1 8 7 9 9 57 10 37 6 99 0 26 11 88 12 33 13 57 4 71
13 81 11 73 6 21 9 61 0 11 14 10 5 74 2 88 12 52 1 37 3 6 8 65 10 91 4 37 7 75
13 23 11 75 10 20 0 38 5 84 4 16 6 68 12 92 7 95 14 60 3 93 2 45 9 86 1 70 8 14
12 98 2 75 0 41 6 98 3 56 5 83 4 40 8 57 7 41 14 50 9 27 13 47 10 53 11 16 1 80
0 25 13 45 8 87 9 89 14 92 7 9 5 27 11 94 6 11 4 70 2 72 1 63 10 36 12 33 3 10
4 84 0 64 12 53 13 7 14 57 9 35 8 6 7 47 6 11 3 93 5 36 10 5 11 17 2 17 1 66
4 25 7 40 3 58 5 13 12 68 0 98 8 96 11 15 13 49 6 33 10 7 1 25 14 50 9 45 2 74
3 82 8 18 7 29 14 65 0 60 10 8 9 88 12 57 5 24 2 78 1 43 13 73 11 46 4 26 6 74
12 12 5 50 3 56 9 21 7 71 0 12 14 53 6 37 2 18 8 74 10 50 11 29 13 53 4 75 1 53
0 73 3 92 14 78 10 2 13 38 2 43 4 90 5 52 11 60 8 58 7 82 1 35 6 28 9 80 12 64
0 5 2 52 4 5 6 93 9 54 11 94 5 66 12 98 1 43 13 34 8 13 14 95 10 50 3 92 7 84
4 44 6 6 3 89 8 21 10 12 11 51 2 23 1 62 7 8 13 97 5 93 12 29 0 94 14 29 9 67
4 90 2 73 7 43 8 14 11 48 14 14 12 31 6 65 3 52 9 52 0 6 5 86 13 21 1 31 10 45
11 87 4 97 1 26 10 14 7 95 12 54 13 2 3 62 14 89 2 24 5 46 6 36 0 99 8 68 9 7
13 78 2 31 7 99 14 72 12 72 10 96 5 92 6 27 8 19 11 89 9 90 0 31 3 20 1 10 4 56
10 1 3 20 13 79 2 96 5 97 14 13 1 4 11 68 12 36 0 98 8 40 7 33 4 48 9 27 6 19
8 16 3 37 13 68 7 32 14 62 1 29 4 62 10 90 9 22 12 13 6 76 2 22 5 70 0 8 11 20
3 78 11 84 4 89 5 36 0 98 10 59 12 49 2 20 9 16 8 20 7 18 14 78 13 61 1 51 6 73
5 55 11 50 10 45 9 77 2 45 8 19 14 13 1 1 6 26 7 60 12 54 4 58 3 82 13 8 0 57
13 89 11 71 10 87 14 47 3 26 4 21 8 43 9 62 5 14 6 95 2 24 12 55 0 49 1 90 7 52
2 15 10 76 7 39 11 84 6 51 12 85 3 26 0 85 13 11 4 52 14 64 9 55 1 71 8 95 5 38
5 63 9 34 14 1 8 81 1 26 10 10 2 1 4 60 12 25 0 87 7 4 3 18 11 69 13 14 6 8
4 24 5 15 6 63 9 89 1 31 8 36 12 40 14 95 3 18 13 94 0 6 7 6 2 5 11 85 10 78
1 37 7 96 3 14 6 88 4 5 11 59 10 59 12 79 5 85 14 56 2 36 8 87 9 54 13 57 0 3
8 2 9 51 3 66 10 17 4 11 11 46 1 89 6 19 2 34 7 8 0 75 12 39 13 92 14 5 5 51
11 59 3 67 9 89 2 92 6 73 1 58 10 92 5 21 8 60 12 2 14 6 0 62 4 83 7 40 13 26
12 30 13 88 9 53 2 90 1 89 4 95 10 25 7 52 14 66 6 11 0 90 11 82 5 94 8 67 3 76
2 13 14 4 12 79 11 20 13 85 0 87 4 19 8 44 1 98 9 41 10 25 6 91 7 48 3 85 5 50
5 87 9 38 6 65 3 36 12 45 11 3 2 95 8 6 7 88 0 16 14 34 10 16 13 90 4 30 1 86
2 46 11 17 0 93 9 55 5 92 14 50 6 15 13 38 3 36 1 34 10 3 4 19 12 52 7 67 8 93
6 66 2 10 0 92 8 13 11 86 12 59 9 37 5 31 13 75 14 2 7 77 4 16 10 34 3 80 1 41
5 94 2 39 9 29 12 19 10 61 4 36 8 55 3 9 13 84 0 89 11 74 1 89 14 98 7 50 6 28
9 71 14 99 8 70 3 72 5 15 0 33 1 58 13 79 10 13 6 34 11 13 4 61 12 24 2 48 7 80
9 26 0 68 6 37 4 61 2 82 3 40 14 90 13 38 7 47 5 81 11 93 10 59 12 48 8 86 1 43
3 81 0 92 11 50 12 39 7 57 13 56 5 37 10 12 8 26 6 75 4 94 9 90 14 59 1 42 2 46
13 43 8 58 7 39 9 93 12 14 5 5 14 17 1 94 4 39 0 69 11 32 2 47 6 74 3 57 10 56
2 25 1 29 10 51 4 87 6 34 5 26 12 23 0 96 14 55 7 97 8 20 9 81 11 27 13 39 3 8
7 80 0 68 9 21 3 74 13 4 10 30 1 60 14 3 4 13 11 97 5 44 12 51 8 46 2 62 6 53
