50 15
9 28 11 41 14 54 10 67 2 51 13 63 6 82 7 84 0 12 5 72 4 93 8 53 1 57 3 96 12 49
9 34 2 70 6 81 14 42 12 92 10 37 8 7 11 16 7 55 4 11 0 18 3 13 13 31 1 78 5 84
7 50 3 38 4 21 11 4 2 13 1 33 14 99 6 92 5 36 12 85 10 69 8 88 0 21 13 79 9 2
0 27 12 34 1 49 9 75 13 88 2 61 10 67 6 53 4 78 14 14 5 37 3 38 7 38 8 90 11 51
5 30 7 68 9 8 2 71 10 24 3 62 8 18 11 5 4 42 6 89 14 51 12 18 13 25 0 82 1 79
10 52 4 31 3 91 12 9 0 25 5 11 6 45 7 69 14 49 1 38 9 18 2 67 13 21 8 46 11 63
14 92 12 75 5 59 13 74 6 12 0 24 1 12 10 21 4 45 3 17 8 48 11 5 9 97 2 47 7 19
3 8 6 43 5 49 7 87 2 59 11 23 4 51 10 70 9 23 1 28 8 93 13 45 14 22 12 67 0 21
10 64 9 88 3 20 13 32 1 23 14 78 12 50 0 69 2 42 8 39 11 35 6 74 7 4 5 47 4 49
0 79 11 95 3 86 14 46 1 88 6 95 13 9 10 39 9 62 12 12 2 79 4 95 8 62 7 83 5 75
8 85 4 21 7 22 2 72 6 99 0 17 10 15 9 78 13 79 3 84 14 44 5 26 1 50 11 31 12 63
6 99 9 29 0 81 1 63 8 47 14 93 7 16 12 1 4 10 13 57 2 27 3 80 11 77 5 9 10 63
13 20 9 30 2 76 8 69 1 24 0 73 10 78 11 5 4 20 6 53 5 88 3 74 14 13 12 29 7 65
8 89 13 4 0 98 6 48 4 91 7 43 12 94 10 57 14 58 1 71 2 44 11 23 3 97 9 12 5 21
1 80 7 13 14 43 13 33 10 77 9 32 2 66 3 2 5 59 4 90 12 30 6 21 0 99 11 10 8 14
7 7 4 2 6 80 13 38 3 14 12 9 8 4 9 98 10 52 5 84 11 48 0 79 14 85 2 11 1 48
8 47 6 98 10 13 14 83 1 36 11 27 5 54 9 49 0 72 7 1 12 68 2 18 13 71 3 13 4 20
6 76 7 35 8 11 14 82 13 70 2 17 3 4 0 48 12 90 1 94 4 49 11 98 10 11 5 15 9 82
8 91 12 6 2 15 13 81 3 55 9 59 7 63 10 11 14 33 1 12 6 63 4 76 11 52 0 19 5 40
2 77 11 26 14 25 12 97 10 34 8 23 1 68 4 65 6 28 5 8 0 97 3 48 13 26 9 6 7 14
3 3 13 4 10 54 8 15 12 12 4 90 6 48 5 71 11 83 9 12 2 28 1 77 14 88 7 46 0 24
10 69 1 4 7 5 9 70 8 52 12 53 5 12 13 8 14 53 4 87 11 30 6 87 2 17 3 16 0 27
4 53 10 72 2 22 13 45 12 77 14 6 5 28 0 38 11 3 8 12 9 61 6 70 1 51 7 10 3 95
11 85 7 55 1 67 10 46 8 37 4 97 0 12 9 85 2 99 12 24 14 78 3 42 5 73 6 31 13 74
14 24 2 49 12 27 6 3 8 56 11 84 4 86 10 40 0 7 9 56 1 10 13 63 3 17 5 41 7 74
9 80 14 12 12 67 11 96 0 94 2 45 10 88 1 24 5 56 13 96 8 13 3 92 4 48 6 63 7 76
9 4 14 23 8 66 3 13 7 70 10 74 0 82 12 52 6 73 11 75 1 92 4 71 2 20 5 26 13 88
5 52 8 15 9 23 13 93 14 14 11 51 7 35 2 32 3 34 6 2 0 8 4 23 1 57 12 25 10 4
5 13 1 44 13 4 8 93 10 97 4 64 11 47 14 64 3 17 0 77 7 38 2 72 9 46 6 70 12 47
5 94 3 80 10 79 12 88 1 53 7 48 14 36 13 59 8 3 4 88 9 82 11 62 0 61 6 42 2 10
14 59 4 65 1 97 8 58 10 71 12 65 6 71 9 8 13 76 5 10 11 82 3 39 7 7 2 17 0 31
9 8 13 2 8 63 3 34 14 84 4 74 2 45 7 4 0 69 11 92 5 86 6 86 10 7 1 86 12 17
10 87 1 31 3 82 12 55 11 46 7 58 5 30 0 62 9 95 4 32 13 32 14 65 6 9 8 20 2 60
13 9 1 45 9 82 0 6 2 67 11 1 6 44 4 78 5 90 7 38 12 83 10 12 3 42 14 1 8 7
6 30 8 29 0 26 1 22 2 48 9 18 13 51 5 13 7 8 11 92 12 64 4 12 3 89 10 36 14 24
11 70 9 11 4 38 2 13 1 31 13 24 10 47 8 46 14 30 5 2 6 92 12 9 3 13 7 3 0 71
11 56 5 93 6 24 7 78 1 27 9 37 3 33 12 82 2 56 0 44 13 33 4 76 8 91 14 11 10 65
1 59 14 64 13 61 0 34 8 78 11 80 12 86 10 57 4 1 5 73 9 44 6 1 3 22 2 83 7 1
7 74 2 96 5 63 9 85 11 31 10 93 14 43 1 20 4 53 3 38 6 20 12 32 13 99 0 50 8 95
5 86 11 65 10 65 14 4 8 87 1 42 3 69 13 22 4 34 2 29 6 59 7 74 12 79 9 21 0 30
7 89 5 52 0 12 1 74 13 41 10 58 6 22 2 55 4 86 8 6 11 96 12 88 9 89 3 47 14 59
9 65 14 74 11 29 4 8 8 5 6 67 3 42 0 13 10 87 13 54 7 7 5 89 12 16 1 11 2 20
0 4 10 77 2 50 6 73 7 55 5 85 13 25 8 57 14 99 1 32 4 33 11 32 3 56 9 81 12 78
14 80 6 15 13 73 12 38 10 21 9 25 2 61 11 12 5 36 0 25 4 41 8 67 1 93 3 90 7 37
5 18 1 58 6 80 8 23 9 2 14 6 12 78 2 78 4 97 13 48 3 47 10 35 0 26 7 68 11 7
3 88 11 98 12 9 4 8 7 57 0 73 8 36 13 53 1 97 6 93 10 87 14 80 2 16 5 72 9 21
12 95 10 83 11 13 4 12 5 53 2 66 7 45 0 89 8 11 9 40 13 21 1 48 3 6 14 90 6 27
10 37 8 8 5 42 6 87 11 62 12 54 14 86 2 15 4 21 9 55 13 48 3 67 0 11 1 67 7 79
13 39 14 93 7 61 4 24 11 42 9 41 6 70 5 49 10 36 1 72 12 17 0 65 2 80 3 33 8 69
3 84 2 90 4 42 6 20 14 11 1 77 0 27 9 81 5 6 10 95 13 74 8 66 12 81 7 91 11 98
