50 15
2 42 8 64 13 45 7 15 10 95 12 39 1 89 14 19 5 28 11 77 9 28 4 89 6 42 0 46 3 1
8 58 12 12 4 86 10 76 1 13 2 13 11 11 0 34 5 84 3 30 13 70 9 55 6 60 7 6 14 67
7 33 8 10 10 69 12 59 3 53 1 8 4 67 9 58 14 80 5 9 11 33 0 54 13 14 2 85 6 25
12 57 3 69 1 80 0 66 6 76 2 13 10 86 8 41 7 32 14 17 9 20 11 16 5 2 4 28 13 40
0 67 11 46 13 66 4 49 12 83 3 94 7 69 5 41 2 62 9 17 1 40 8 74 10 40 14 99 6 49
5 23 10 36 4 66 13 64 12 36 2 70 3 28 9 89 11 99 1 27 6 68 14 55 0 29 7 63 8 72
7 22 6 96 9 77 1 80 8 94 11 92 5 50 4 37 10 32 14 72 3 28 0 70 12 45 2 23 13 64
6 18 12 75 9 68 11 57 5 42 14 48 1 19 7 91 10 27 2 51 3 9 0 54 8 91 4 93 13 58
3 49 8 3 2 64 0 15 13 4 11 89 1 13 12 48 9 96 4 97 6 61 7 85 5 93 14 67 10 21
3 84 13 79 14 64 0 86 9 83 12 35 10 97 11 19 5 98 7 2 2 39 8 73 4 24 1 22 6 86
13 12 9 22 0 25 4 41 1 8 5 81 6 56 8 69 10 79 14 2 3 67 12 17 11 40 7 94 2 78
0 33 12 93 10 58 5 39 13 93 3 37 11 59 4 78 14 84 7 84 2 97 9 15 6 53 1 80 8 11
1 72 13 28 4 54 0 45 11 68 2 60 3 59 10 76 7 45 9 7 14 50 8 15 6 1 5 16 12 65
9 82 12 4 5 48 14 36 7 75 4 89 0 12 11 1 10 9 1 22 6 85 3 35 8 44 2 30 13 77
5 68 12 98 4 5 7 1 11 34 0 48 6 53 1 56 8 97 10 95 14 85 13 52 2 49 9 83 3 81
12 20 2 85 3 59 5 41 7 23 4 21 6 65 9 56 14 29 11 59 13 42 1 60 8 59 0 72 10 84
12 71 13 71 4 93 0 44 2 39 14 15 3 70 11 67 9 16 6 91 1 42 10 13 8 30 5 30 7 38
0 70 13 93 11 88 6 4 2 18 7 58 9 4 4 51 1 6 10 87 3 5 5 67 12 49 14 54 8 77
14 21 12 80 10 62 11 42 6 19 0 53 1 11 9 70 7 69 8 70 3 1 2 56 13 93 5 1 4 85
3 17 11 91 2 85 8 74 7 14 0 24 1 17 5 58 10 14 12 91 6 43 14 43 4 36 13 69 9 91
4 41 12 25 0 21 10 1 13 4 2 35 11 50 9 98 1 59 6 60 8 92 3 25 5 56 7 85 14 39
12 45 10 69 5 45 4 31 1 27 11 56 13 70 0 76 3 82 6 78 8 23 7 18 14 38 2 73 9 41
9 37 13 12 2 94 8 1 12 83 4 64 1 56 3 75 0 81 11 72 10 59 6 30 7 58 5 7 14 30
10 11 3 34 5 78 4 43 1 90 13 79 2 82 6 80 9 96 8 57 12 61 11 23 14 87 7 74 0 15
7 89 4 95 9 3 14 96 13 97 12 37 5 84 2 75 1 41 0 90 11 82 10 19 8 90 3 65 6 86
1 31 8 84 7 2 10 2 2 80 9 39 3 30 4 5 5 6 14 35 11 78 0 13 13 88 6 14 12 88
0 50 2 47 4 52 3 52 5 72 9 47 12 96 14 80 10 25 1 99 7 1 6 99 11 53 13 33 8 71
10 7 0 25 12 81 6 39 3 86 4 9 2 50 11 27 8 26 7 21 13 24 5 84 1 72 9 46 14 1
6 95 4 34 12 44 13 69 1 17 14 88 2 34 11 20 7 2 8 49 0 36 9 11 3 53 10 30 5 93
6 99 8 26 0 65 11 86 12 57 4 48 9 22 7 30 13 66 1 51 5 18 2 31 10 17 3 80 14 1
4 15 3 16 14 58 2 57 5 46 11 65 9 21 0 42 7 67 1 82 13 79 6 99 10 98 12 76 8 99
8 42 6 74 2 3 5 34 10 90 9 84 4 73 1 73 12 19 7 43 14 19 11 75 13 41 0 57 3 30
14 27 11 98 10 19 12 17 2 69 8 2 9 47 0 37 5 23 13 88 3 96 1 40 6 83 4 25 7 54
1 32 10 69 8 64 5 92 12 62 13 55 3 88 7 95 0 16 6 2 9 18 2 69 4 54 11 36 14 90
8 83 14 28 10 13 6 93 3 29 7 64 13 59 4 93 2 42 0 79 5 16 12 87 9 43 11 9 1 2
11 76 3 36 9 58 6 51 7 16 1 62 12 62 4 51 10 9 5 37 13 33 14 57 2 67 0 58 8 74
12 28 8 56 0 84 14 74 1 75 7 28 4 45 9 43 10 81 5 25 6 14 11 32 13 75 2 37 3 85
10 96 0 95 9 71 4 19 3 88 1 69 2 20 12 93 6 99 5 72 14 88 7 95 13 14 8 59 11 50
9 78 7 90 0 83 11 41 4 98 6 29 2 31 10 88 13 4 8 87 3 68 5 33 1 61 12 80 14 15
11 46 3 7 2 88 0 90 12 61 13 27 5 33 14 74 1 52 7 63 6 91 10 6 8 26 9 40 4 92
2 32 14 76 3 74 0 2 4 13 8 13 13 1 6 12 7 64 10 73 9 89 11 86 12 72 1 65 5 42
8 40 2 18 10 98 13 37 12 20 6 31 9 90 11 9 4 31 7 17 0 68 14 64 1 67 5 65 3 13
1 63 11 69 9 88 3 31 0 87 2 48 4 26 14 7 10 1 12 60 7 3 5 27 13 90 6 48 8 23
8 97 14 8 5 49 11 77 6 29 9 33 3 13 0 4 1 5 10 36 7 83 2 4 4 84 13 48 12 67
8 59 10 62 11 87 9 85 6 32 4 29 5 50 1 49 7 74 14 32 12 67 0 7 3 37 2 97 13 33
11 93 2 42 12 56 9 43 3 78 10 30 0 91 7 94 13 56 8 85 6 36 4 16 14 86 5 87 1 57
4 30 10 50 2 71 12 69 6 6 8 58 9 10 0 5 5 34 7 75 3 69 1 72 14 44 13 37 11 84
8 83 5 95 12 94 0 53 1 53 3 22 10 88 14 46 11 47 13 12 2 36 9 2 7 14 4 90 6 69
6 87 9 91 13 7 4 42 11 8 2 87 8 12 0 87 5 56 3 92 1 43 12 91 10 76 7 51 14 60
1 73 7 44 0 29 2 26 8 21 10 90 12 66 5 65 13 33 4 15 11 16 6 35 3 56 9 49 14 90
