50 15
9 3 7 79 2 44 6 75 10 49 13 90 12 7 3 67 5 1 14 15 8 83 11 29 4 98 0 35 1 78
5 91 1 87 0 71 2 58 8 55 12 8 3 92 14 91 10 9 4 59 7 37 13 74 9 60 11 59 6 48
10 55 8 78 0 60 13 8 9 6 1 93 6 74 4 76 7 81 5 32 3 53 2 19 14 1 11 59 12 23
11 1 10 61 3 18 8 58 5 78 4 27 14 54 6 64 2 62 7 26 1 59 13 23 9 63 0 29 12 32
14 60 7 95 11 57 12 8 5 79 9 55 13 62 8 5 3 51 1 88 6 56 0 41 4 57 2 4 10 34
3 78 14 89 10 30 11 33 2 97 8 73 13 4 9 84 5 32 4 50 6 76 7 13 1 65 12 73 0 65
10 58 6 50 14 56 0 78 9 52 2 1 5 34 1 64 4 39 13 11 11 50 12 9 8 57 7 56 3 56
5 50 6 87 8 48 7 23 1 85 9 3 14 61 2 46 4 82 12 16 3 37 0 65 10 55 11 88 13 65
2 93 12 20 13 57 14 56 1 63 0 7 11 93 3 32 7 52 10 21 6 95 5 69 4 12 8 15 9 76
7 62 0 41 14 22 8 94 12 76 13 37 4 47 6 87 5 63 11 33 10 24 2 40 1 26 3 70 9 19
3 36 8 74 7 15 4 78 6 27 13 36 2 80 10 70 9 26 5 24 0 12 11 65 12 60 1 22 14 91
1 68 5 56 8 86 14 77 0 60 12 70 6 40 3 42 9 13 7 93 10 6 11 98 2 15 4 85 13 55
12 72 11 32 8 27 14 24 13 77 4 98 7 17 3 21 0 52 5 35 10 79 6 30 1 97 2 70 9 67
5 45 13 15 10 80 6 53 2 61 8 32 12 19 3 14 11 76 7 32 4 51 1 80 14 62 0 72 9 18
12 45 6 12 14 83 5 53 8 76 0 63 9 45 7 61 13 83 10 13 3 24 2 68 1 35 11 42 4 67
8 79 6 54 4 57 10 99 7 24 12 90 9 22 11 31 5 98 2 24 0 28 14 93 1 35 13 13 3 20
2 76 7 45 12 77 3 47 14 2 9 6 0 50 13 50 1 43 10 20 6 98 8 54 5 88 4 11 11 13
13 62 0 31 14 47 10 75 7 69 12 59 2 47 9 41 8 53 11 45 5 36 3 45 4 99 6 49 1 38
2 66 6 51 3 31 13 80 11 30 7 52 1 32 14 87 4 6 5 88 8 80 0 98 12 15 9 6 10 74
1 48 8 90 10 9 11 28 2 76 0 26 7 26 13 31 3 50 6 60 5 71 4 28 12 38 14 82 9 21
2 9 7 36 11 66 14 85 3 64 6 82 5 78 8 69 13 61 9 97 0 13 4 21 12 69 1 46 10 46
7 16 13 95 6 15 3 6 8 75 12 91 2 33 11 27 5 8 10 66 9 83 0 45 14 95 4 67 1 59
5 80 11 7 8 11 3 3 7 18 1 2 13 93 9 36 12 93 10 85 0 84 14 61 4 1 6 26 2 54
1 11 2 43 14 23 6 53 5 71 8 64 11 20 3 38 10 55 13 69 0 66 12 68 4 13 9 47 7 33
11 32 5 29 10 70 12 42 6 4 1 32 13 65 9 86 3 21 0 5 4 56 7 18 8 96 2 89 14 98
8 22 1 5 4 90 6 30 2 38 9 41 10 14 11 7 14 38 12 44 5 95 13 53 3 87 7 69 0 92
7 10 1 9 3 59 12 3 10 61 8 72 5 66 2 98 11 27 13 57 0 86 6 49 4 8 14 7 9 29
1 30 6 31 13 84 10 81 5 25 8 64 3 66 0 53 14 72 2 80 9 23 4 12 7 45 11 21 12 54
0 69 5 67 14 5 10 69 7 99 8 78 6 97 3 8 1 21 11 79 13 7 9 24 4 24 2 6 12 19
9 55 11 18 1 81 3 5 2 47 13 45 10 78 5 22 14 12 12 64 7 37 4 32 6 87 8 62 0 21
11 62 7 46 10 2 4 27 6 92 1 25 0 16 13 28 9 12 3 84 5 90 14 3 2 55 12 62 8 90
3 73 7 66 13 9 0 5 2 33 14 57 10 41 8 93 6 38 4 90 1 4 12 25 5 2 9 85 11 58
13 24 6 70 11 49 14 76 7 76 1 59 5 84 4 26 3 33 10 84 8 11 9 65 2 80 12 56 0 72
13 63 14 3 9 53 10 89 3 72 5 46 2 85 11 27 6 98 12 82 7 78 0 1 8 73 1 68 4 79
11 52 12 33 6 66 1 42 2 47 8 73 14 49 7 97 3 30 10 82 4 2 5 30 9 37 0 77 13 96
8 47 10 99 7 8 2 38 12 1 9 9 3 24 1 93 4 17 14 60 5 65 11 45 13 98 0 17 6 97
13 40 1 83 4 77 14 93 6 65 2 92 12 4 3 25 7 21 0 5 10 94 8 37 11 12 5 14 9 56
6 87 13 28 3 48 11 99 10 40 8 82 7 88 12 40 5 40 1 45 2 97 14 69 4 22 0 21 9 52
5 62 13 93 2 81 12 28 7 92 1 25 0 26 6 47 11 49 3 2 9 27 8 34 10 40 4 16 14 66
0 82 6 37 5 50 2 56 9 89 1 17 11 12 4 48 7 4 12 57 14 87 10 98 13 60 8 60 3 28
2 62 9 76 3 49 5 50 6 56 10 79 1 87 8 14 12 74 11 1 0 95 14 32 4 54 13 57 7 32
11 65 5 31 0 38 12 65 13 25 4 61 6 26 8 58 9 7 2 52 7 31 3 53 10 22 14 78 1 32
5 83 9 45 4 54 1 11 0 77 3 38 10 78 7 3 2 82 14 52 13 72 8 52 11 30 6 81 12 41
4 27 2 93 14 17 12 61 7 70 3 73 0 36 5 94 6 39 9 82 8 86 10 4 13 39 11 30 1 50
3 96 12 77 7 59 10 5 14 21 11 4 5 87 6 30 13 41 8 39 4 73 2 13 0 46 1 6 9 60
11 77 10 84 9 20 1 51 12 92 2 76 8 78 14 79 3 31 13 78 5 63 6 95 4 26 0 32 7 14
9 38 14 20 4 79 0 44 5 38 11 44 2 20 8 54 12 41 10 68 13 49 6 67 1 55 3 46 7 32
4 82 11 48 3 26 7 65 14 19 13 17 0 73 8 40 10 68 5 25 6 51 2 87 12 14 9 91 1 42
5 91 3 13 9 20 12 95 2 93 6 10 14 22 13 90 4 54 8 83 0 99 1 21 10 15 7 49 11 26
7 5 10 8 11 85 3 19 12 11 6 88 14 41 9 13 13 65 8 25 5 41 4 58 0 69 1 19 2 35
