50 15
14 69 4 98 8 62 3 40 12 19 11 33 2 66 7 13 1 99 10 12 0 30 9 98 6 56 5 58 13 45
11 77 13 16 0 47 1 58 12 78 2 50 7 13 8 46 5 58 14 25 6 70 9 70 4 68 3 31 10 4
12 93 5 89 10 35 0 93 14 47 13 67 4 37 3 32 6 80 1 3 2 44 11 53 9 90 7 6 8 19
13 98 11 27 12 3 4 67 7 20 2 52 1 56 3 98 10 38 5 38 0 87 8 40 6 42 9 55 14 50
9 2 10 75 6 64 12 41 4 10 14 85 11 68 2 50 0 34 3 44 7 85 5 38 1 8 8 66 13 19
5 88 14 21 7 81 1 16 10 6 13 31 0 45 3 6 12 1 6 29 4 24 9 52 2 72 8 17 11 48
14 6 2 18 9 61 0 56 5 79 8 84 4 26 10 48 6 89 7 60 11 88 13 2 12 19 1 21 3 42
10 38 5 23 0 19 8 35 6 74 1 39 2 88 14 5 9 97 11 31 4 29 7 21 13 23 3 17 12 9
14 84 13 30 1 61 10 35 12 86 5 52 9 32 11 82 2 16 0 2 7 29 3 2 4 18 8 59 6 65
14 22 4 35 0 60 8 81 1 43 12 27 5 78 11 94 3 18 9 84 2 72 10 78 7 54 6 27 13 82
1 95 7 58 9 68 2 33 12 15 0 75 13 10 10 50 3 23 5 32 14 90 11 9 8 75 6 36 4 87
2 68 6 97 5 91 10 75 8 17 14 95 13 58 0 69 3 52 12 58 1 22 9 63 7 57 11 72 4 92
9 37 13 41 11 10 1 3 12 68 4 94 14 57 10 53 5 7 0 9 6 94 8 76 2 67 3 74 7 26
0 87 5 29 8 67 4 91 1 21 7 69 2 18 6 19 12 41 13 6 14 49 3 63 9 65 11 90 10 40
1 17 6 24 7 60 11 39 10 38 3 12 5 64 8 80 14 10 9 17 12 84 0 36 4 31 13 14 2 87
1 88 0 55 12 18 7 89 11 60 4 13 8 96 14 18 13 10 2 75 5 33 3 56 10 53 6 59 9 9
4 71 6 15 10 50 2 97 7 12 0 20 9 12 8 5 1 94 13 55 14 61 12 3 11 40 3 90 5 60
9 76 0 46 5 7 1 66 12 45 4 46 6 19 7 33 8 46 2 19 11 92 10 91 14 52 13 4 3 70
9 60 12 11 2 15 4 16 5 89 3 96 14 2 11 45 0 20 7 33 13 71 10 30 1 52 6 63 8 94
7 4 11 5 13 72 0 49 3 72 10 36 6 94 1 57 4 84 9 36 5 92 14 53 2 28 8 82 12 13
10 17 4 99 12 5 3 53 8 72 11 28 0 41 13 27 2 7 6 30 7 87 14 66 1 57 5 3 9 60
13 85 2 1 1 31 4 42 6 59 11 87 14 41 3 69 12 37 0 43 5 54 7 89 8 63 9 46 10 10
10 98 13 5 12 28 8 47 14 53 2 15 9 57 1 27 5 66 11 1 0 77 3 49 4 55 7 24 6 87
9 40 13 72 2 47 3 74 11 63 5 20 10 82 12 39 4 49 6 67 14 82 8 56 0 55 1 77 7 16
4 45 8 69 0 7 7 61 9 67 12 18 13 58 11 7 14 28 1 7 5 27 3 78 6 50 10 12 2 13
12 42 2 77 13 62 0 58 14 3 10 49 6 69 8 59 9 30 4 70 1 8 5 15 11 19 3 23 7 27
12 63 1 96 0 18 14 72 3 74 7 20 9 75 6 69 2 80 5 3 10 39 13 61 8 33 11 76 4 43
13 82 1 42 3 64 5 30 2 84 14 91 12 66 6 87 10 45 7 24 11 66 8 36 9 16 0 16 4 45
3 74 8 15 7 28 6 74 4 66 12 57 11 53 14 8 2 27 5 53 9 56 13 16 0 77 1 27 10 83
10 61 8 78 3 69 13 78 0 19 14 17 6 68 12 10 4 20 5 12 1 80 11 22 2 81 7 60 9 28
14 70 6 61 8 57 5 29 12 97 4 49 13 53 10 42 0 15 9 71 1 61 3 65 2 98 7 72 11 4
1 45 7 81 13 58 8 89 0 8 10 28 12 6 4 70 11 39 6 45 14 46 2 72 3 75 9 32 5 88
7 75 14 65 11 80 5 30 2 15 6 37 13 34 1 65 12 96 9 54 4 40 8 69 10 44 0 27 3 54
6 75 3 55 7 59 9 2 1 55 0 40 4 10 12 36 5 62 2 68 13 24 11 41 8 74 14 60 10 47
2 80 6 85 5 5 1 87 9 35 11 83 13 63 8 62 7 46 12 20 0 42 4 19 10 39 14 7 3 41
6 48 7 87 8 37 12 11 3 96 1 29 13 32 9 8 0 92 4 18 10 81 11 78 14 81 2 78 5 36
3 71 11 30 4 71 12 29 7 99 10 7 1 15 9 7 0 59 8 37 5 32 14 56 13 34 6 65 2 95
1 68 12 60 8 14 10 25 13 5 3 84 0 17 14 95 9 21 2 58 11 76 4 77 5 67 6 61 7 38
7 81 4 1 12 29 3 64 13 92 11 95 1 15 0 23 10 41 2 41 8 6 5 14 9 56 6 10 14 41
3 35 7 37 5 58 2 17 9 62 14 11 10 43 8 95 13 78 6 42 0 9 11 72 12 1 4 42 1 91
0 95 8 79 4 90 12 42 13 58 11 9 2 55 5 33 7 54 1 91 3 79 10 47 6 9 9 44 14 39
10 37 13 19 1 94 0 46 12 58 8 31 9 96 4 22 11 88 5 21 6 37 7 67 3 36 14 85 2 51
5 17 10 66 6 51 3 68 0 60 11 81 12 36 9 51 7 87 4 85 1 12 13 68 14 47 2 60 8 6
5 87 13 40 0 38 6 82 14 4 4 22 3 67 1 45 9 1 2 61 11 45 7 30 8 8 10 58 12 8
11 65 2 49 8 42 5 92 1 46 0 55 10 28 4 75 7 82 9 37 12 81 3 10 6 15 14 14 13 66
13 74 11 3 5 6 0 74 14 6 7 41 12 59 4 40 9 42 6 36 1 57 2 82 3 34 8 81 10 49
8 36 10 1 0 59 6 81 14 84 1 60 5 38 2 79 7 69 13 1 4 9 11 15 3 37 9 19 12 35
2 96 7 13 0 17 3 98 5 99 13 2 9 26 14 3 6 18 4 14 12 73 8 79 1 88 10 48 11 42
0 78 1 59 2 5 14 36 9 83 12 69 5 34 4 58 8 5 6 99 3 27 11 89 10 22 13 92 7 30
1 91 4 99 8 10 13 94 10 36 5 67 6 42 14 58 3 76 9 66 12 59 7 45 2 83 11 62 0 74
