50 15
2 86 12 37 6 15 9 51 1 44 8 66 5 99 11 28 4 85 13 14 3 35 10 79 7 25 0 67 14 46
1 24 6 59 5 80 12 88 4 86 13 96 10 13 3 78 11 47 8 68 0 28 7 2 14 9 9 97 2 89
0 47 13 34 11 90 9 62 5 70 4 74 8 34 2 89 12 2 10 31 6 16 7 1 1 99 3 9 14 46
13 77 10 18 4 50 8 3 6 3 14 84 9 1 12 47 11 43 5 13 2 64 7 74 1 98 0 20 3 92
9 65 11 49 1 29 5 85 7 94 12 22 4 25 2 32 6 48 13 26 14 41 0 97 3 37 10 94 8 50
5 9 7 66 1 91 3 69 10 88 11 78 12 57 4 92 2 48 13 15 14 56 0 62 8 18 6 15 9 66
0 96 10 25 14 87 5 36 9 75 1 7 13 63 11 87 6 34 7 63 3 22 8 16 12 1 2 50 4 52
2 23 13 32 0 90 10 40 3 11 5 91 11 57 14 12 12 9 1 9 9 91 7 56 4 68 6 96 8 40
4 72 13 59 2 80 10 83 11 76 7 66 6 27 9 8 3 79 0 35 12 25 1 1 5 14 14 4 8 39
14 13 5 80 7 63 12 42 13 69 9 55 11 53 0 67 4 76 6 52 3 41 10 26 8 30 2 97 1 19
6 10 7 30 3 37 9 64 4 87 0 34 14 50 11 75 10 20 8 39 5 20 12 16 13 69 2 87 1 15
14 22 0 70 13 65 8 80 2 50 9 50 12 42 4 88 11 52 7 11 3 50 6 87 5 83 10 37 1 88
1 13 14 50 8 12 6 14 5 85 4 51 0 29 7 86 12 34 2 17 11 90 13 2 3 94 9 7 10 80
9 29 13 30 12 26 5 9 1 86 4 10 7 76 10 71 11 44 8 62 2 41 0 53 6 74 14 46 3 97
12 69 14 61 6 86 4 3 10 66 11 5 7 63 0 45 3 97 2 87 13 6 1 91 9 18 5 37 8 53
4 6 7 66 10 24 2 81 1 58 0 91 13 45 9 45 5 78 12 12 3 22 11 90 14 14 8 87 6 70
10 45 11 70 3 96 9 95 13 17 14 25 12 49 8 26 7 16 6 22 2 93 5 70 4 49 0 56 1 33
0 60 8 90 11 52 3 91 9 34 5 93 13 94 6 80 7 85 1 48 4 93 12 52 2 59 14 40 10 58
13 64 5 2 9 98 14 59 0 71 8 53 2 35 7 86 10 3 12 42 11 73 4 78 6 25 3 2 1 97
5 31 10 58 0 71 7 1 11 39 2 39 4 32 8 32 14 84 13 39 6 60 3 6 12 76 9 55 1 37
0 13 12 2 14 2 13 97 6 20 2 84 11 41 3 85 4 69 7 7 8 44 5 67 9 51 10 15 1 76
14 74 6 4 7 58 8 25 3 47 2 3 13 24 11 81 0 96 4 13 10 89 5 97 1 65 9 22 12 65
10 27 7 25 5 68 4 54 11 88 1 82 9 30 6 33 14 38 8 83 0 71 2 45 3 79 12 62 13 61
8 23 5 69 14 74 3 58 10 4 12 68 4 9 2 39 13 27 11 34 9 99 1 57 0 34 7 48 6 71
11 44 5 45 10 5 7 52 8 60 9 81 2 58 4 87 12 45 13 16 1 72 0 62 3 48 6 63 14 22
1 51 8 91 7 33 0 23 2 50 12 46 3 37 11 99 4 89 5 11 9 46 6 64 13 48 14 97 10 26
7 80 10 71 2 18 4 72 6 56 11 45 1 60 0 63 14 13 8 23 3 77 13 3 12 12 5 67 9 20
9 5 7 23 4 38 8 36 1 2 6 12 12 12 11 15 10 76 2 2 5 33 13 93 0 37 14 36 3 74
0 31 12 51 14 33 9 57 10 57 13 38 11 33 6 69 4 33 2 46 5 83 8 3 1 2 3 47 7 1
12 52 4 69 14 68 7 59 6 79 1 17 5 25 8 16 13 48 0 3 2 5 9 30 3 29 10 82 11 98
4 16 9 49 2 53 1 2 13 59 6 44 0 69 14 83 10 67 12 93 8 5 11 83 7 64 5 95 3 92
8 84 3 95 5 71 14 13 10 62 13 87 0 97 12 32 6 9 11 21 9 11 4 62 7 55 1 46 2 95
10 68 12 11 5 76 11 35 4 17 0 93 3 49 7 16 13 67 9 28 14 68 2 92 8 35 6 35 1 19
10 91 4 92 11 98 14 62 13 55 3 19 5 15 12 62 2 85 8 71 0 40 7 63 6 31 1 3 9 50
11 94 5 8 2 63 3 98 10 73 8 73 9 59 1 29 13 9 4 64 6 7 0 52 14 76 7 18 12 21
2 82 13 17 0 17 5 44 4 48 14 61 9 67 6 94 1 89 7 12 10 21 11 8 3 94 12 19 8 64
11 45 12 27 4 63 8 17 9 58 2 48 10 45 13 87 0 41 7 71 6 11 5 21 14 60 3 4 1 96
14 52 10 68 9 90 11 38 4 12 3 28 2 20 1 32 7 56 0 63 5 56 6 2 12 98 13 28 8 97
14 63 3 85 8 65 10 71 0 30 13 75 9 76 12 29 4 1 2 42 6 88 11 18 7 26 5 60 1 26
1 76 0 54 9 9 7 35 8 46 4 35 5 33 12 71 10 11 11 48 2 96 14 41 6 5 13 12 3 95
5 51 14 31 7 64 6 95 0 13 8 37 9 83 4 73 13 57 1 71 12 38 2 22 10 34 3 86 11 21
4 4 10 16 9 38 3 45 7 49 2 35 5 65 13 40 12 39 11 85 6 51 14 58 0 29 1 60 8 66
1 91 7 88 0 76 12 82 9 80 2 35 5 22 10 88 3 44 6 64 8 88 14 82 11 25 4 93 13 81
3 5 2 77 4 7 7 20 9 63 12 54 11 59 0 80 5 65 8 57 13 28 6 13 1 97 10 91 14 66
1 25 11 51 9 63 13 59 14 58 2 13 6 59 10 9 3 82 8 7 7 10 5 20 0 39 12 84 4 8
10 29 6 15 14 47 11 56 0 8 3 93 13 45 4 63 12 58 2 92 5 82 1 39 8 6 7 63 9 80
0 28 13 66 2 25 12 58 4 50 3 51 1 78 5 63 10 54 14 55 6 39 8 34 9 82 11 64 7 37
12 96 8 9 3 19 1 23 5 71 13 45 6 79 7 45 11 91 4 4 10 57 9 94 0 74 2 23 14 18
4 10 7 40 0 26 10 67 2 33 1 56 8 61 5 74 9 42 14 36 11 31 6 67 12 10 13 64 3 60
1 44 5 46 13 61 9 78 11 39 0 9 4 13 10 67 8 56 3 93 6 1 12 93 2 86 7 77 14 80
