50 15
11 25 0 91 3 94 4 54 1 89 2 7 10 47 6 24 14 12 9 19 12 8 13 72 5 98 8 50 7 7
11 54 6 25 1 19 9 88 4 77 12 15 8 25 0 23 10 60 2 32 14 28 13 52 3 99 7 23 5 32
13 15 8 38 9 27 11 55 2 96 6 89 3 48 5 8 4 46 0 34 14 64 1 20 10 38 7 15 12 64
0 26 5 33 1 76 10 37 2 91 7 58 6 58 3 25 4 6 9 68 13 55 11 3 14 64 12 13 8 81
12 76 10 64 7 16 14 53 2 13 11 86 5 67 6 2 4 17 9 24 0 94 8 26 1 38 13 52 3 74
11 62 14 23 10 17 4 63 12 21 13 44 2 24 9 90 3 91 7 32 0 11 5 50 6 51 1 10 8 18
9 77 7 15 2 63 4 7 13 36 3 16 5 26 6 22 12 81 0 76 8 63 11 88 14 12 1 21 10 5
0 17 8 26 5 4 2 61 13 70 4 18 7 83 1 70 10 3 3 10 11 39 6 72 14 81 9 82 12 23
3 10 14 25 7 36 0 73 10 59 4 30 1 98 12 84 2 6 8 81 9 68 5 41 6 40 13 37 11 65
0 95 1 5 2 70 5 91 3 99 10 78 9 19 7 15 14 26 8 90 4 71 13 32 12 83 11 11 6 4
13 83 11 5 10 52 0 57 12 86 8 74 9 57 3 68 2 1 4 39 7 58 14 4 5 34 6 12 1 82
7 53 11 47 4 67 2 13 1 46 13 54 0 52 12 79 9 91 8 45 10 39 14 71 6 84 5 72 3 25
4 78 0 32 10 23 9 45 12 44 3 61 14 95 13 28 2 49 5 17 6 87 1 25 7 87 8 56 11 39
6 99 5 15 11 77 9 98 7 70 10 49 12 45 0 96 4 77 3 66 1 8 13 69 2 10 8 12 14 62
10 43 0 58 2 43 4 5 9 31 3 58 6 20 7 88 12 22 14 15 11 17 8 50 1 26 5 23 13 69
5 84 1 19 12 66 6 96 4 8 10 64 3 20 8 47 9 22 0 17 11 61 7 79 2 73 13 63 14 44
10 98 9 34 14 46 5 11 12 7 0 28 8 58 3 22 6 9 11 47 2 96 13 98 7 68 4 82 1 63
6 53 11 27 13 54 3 35 0 38 9 47 4 49 5 45 7 51 2 92 10 11 14 37 8 32 12 60 1 39
13 78 14 66 7 98 9 82 2 2 10 15 1 3 12 44 8 63 11 83 6 98 0 93 5 59 4 37 3 53
3 50 7 18 1 62 11 9 4 15 14 35 9 77 2 67 6 60 0 39 8 23 10 61 5 94 12 58 13 64
5 81 7 3 14 7 13 87 12 29 1 96 9 93 4 65 8 98 0 23 10 67 2 23 6 55 3 48 11 45
5 99 12 95 8 16 7 19 6 90 0 78 13 21 3 94 9 64 1 13 4 64 10 65 11 15 14 96 2 77
4 48 14 74 10 53 0 67 11 14 1 27 8 94 5 31 7 44 6 63 3 47 2 81 9 68 12 74 13 17
7 27 3 29 13 37 6 82 9 11 8 31 4 46 12 8 11 30 2 4 0 73 14 82 5 29 1 96 10 52
8 65 9 41 11 6 14 53 6 85 10 39 2 76 12 95 4 86 5 92 7 34 1 57 13 38 3 27 0 58
14 28 4 29 3 94 9 48 13 59 0 43 1 44 7 33 10 96 2 20 6 11 11 47 8 29 12 12 5 80
1 8 12 43 2 54 11 73 0 45 5 72 9 59 10 60 6 88 13 4 4 84 8 47 3 48 14 90 7 47
5 47 0 94 9 73 1 71 2 18 13 72 11 75 6 52 12 28 8 39 3 70 14 23 7 7 10 2 4 21
11 32 0 35 1 78 2 65 14 39 9 19 4 19 5 38 3 28 8 2 6 95 10 16 13 58 7 20 12 5
14 77 1 5 11 14 2 72 10 19 12 55 8 89 9 24 3 11 6 43 4 83 5 86 13 61 7 56 0 1
7 89 13 69 6 95 5 37 3 21 0 62 10 15 11 32 9 38 2 8 1 75 12 69 14 90 4 16 8 8
3 5 8 62 4 88 5 4 7 6 13 46 14 74 11 70 2 90 10 28 6 79 0 23 9 26 1 9 12 73
4 35 8 85 10 32 13 35 6 33 11 98 9 84 14 40 7 51 5 96 12 89 1 92 3 12 2 60 0 93
12 8 13 61 2 69 14 17 0 7 5 76 1 16 4 55 6 58 10 69 7 70 11 68 8 26 3 21 9 9
1 25 10 7 3 81 11 65 2 14 5 88 0 27 13 79 6 18 8 4 4 97 12 3 9 72 14 24 7 47
8 5 0 38 2 13 6 37 9 9 11 87 7 21 14 4 13 12 3 84 10 9 5 42 1 45 12 39 4 22
14 30 3 34 9 56 4 59 6 83 7 6 11 72 5 4 2 42 8 29 10 40 0 37 12 15 13 51 1 98
3 40 1 56 10 76 14 59 5 8 12 87 11 13 13 97 8 61 4 70 0 24 7 91 9 81 2 12 6 29
2 16 5 96 12 70 10 41 14 46 9 56 13 7 11 37 8 1 3 45 4 20 6 66 0 86 1 24 7 96
13 64 7 66 5 81 2 57 0 5 4 21 14 77 6 97 9 53 3 44 11 25 12 63 1 94 10 73 8 70
8 89 14 36 2 9 12 28 3 74 4 49 0 82 9 1 10 99 11 78 6 83 13 97 7 36 1 65 5 29
9 17 2 93 11 42 4 34 13 31 7 66 0 61 14 11 10 72 1 73 5 45 8 20 3 68 12 42 6 90
8 56 11 18 13 85 4 68 12 71 3 77 2 59 10 2 9 59 6 62 1 63 5 14 0 74 7 16 14 27
2 27 3 52 5 4 8 87 0 59 13 1 7 81 14 76 6 99 9 45 12 41 1 16 11 99 10 57 4 52
0 22 1 50 14 40 6 25 2 79 5 61 9 29 8 30 4 49 13 44 7 59 10 15 12 49 11 31 3 40
7 90 1 27 14 25 9 23 10 42 12 63 2 75 0 18 6 28 4 99 8 13 13 99 3 61 5 57 11 4
1 65 9 16 5 32 2 67 4 24 12 92 0 60 11 5 3 98 10 1 7 63 6 92 14 17 13 41 8 13
11 24 4 74 6 35 10 7 0 27 7 57 2 48 3 22 9 60 8 9 5 99 14 92 13 47 12 50 1 16
2 70 4 62 0 27 7 89 12 96 9 34 11 6 13 98 6 70 10 99 14 24 8 68 5 66 3 11 1 94
4 91 11 31 1 63 3 23 6 84 10 41 8 29 14 80 7 55 5 22 13 50 2 52 0 50 9 11 12 59
