50 15
9 73 8 34 13 86 5 42 10 34 2 4 0 43 1 22 12 59 11 67 3 97 4 50 14 92 6 93 7 6
11 43 14 17 10 58 9 87 7 55 6 15 3 64 0 79 8 78 2 99 4 90 12 9 13 30 1 57 5 16
12 38 1 88 3 20 13 13 7 98 14 88 9 18 8 37 0 16 11 42 10 4 4 83 5 70 2 72 6 91
9 81 1 19 10 5 11 9 2 89 3 1 0 4 8 76 12 62 4 11 14 55 5 84 6 10 13 88 7 97
1 54 10 65 14 69 13 59 5 13 6 47 9 65 11 86 8 50 0 51 2 99 12 71 4 43 7 17 3 19
3 63 6 52 2 38 1 22 12 46 14 23 7 88 4 78 5 65 8 42 11 27 13 82 0 67 10 98 9 77
7 10 14 52 12 79 2 96 4 95 6 16 10 44 9 98 5 46 0 3 13 58 3 64 8 28 11 31 1 41
8 22 10 65 6 18 3 74 2 56 9 35 0 30 11 90 14 68 12 15 5 20 1 59 13 73 4 10 7 86
8 6 12 85 9 81 14 77 0 72 6 26 4 32 11 33 2 43 7 10 1 80 10 27 3 19 13 87 5 34
4 46 13 31 12 12 1 32 5 98 2 25 3 81 11 19 14 28 6 80 0 56 10 57 8 43 7 84 9 41
0 23 8 80 1 75 9 19 4 65 13 46 11 67 7 24 10 24 3 43 14 9 6 59 2 19 5 1 12 91
14 62 11 6 2 42 1 21 5 46 3 25 7 79 10 44 13 52 8 74 6 86 4 5 9 16 12 64 0 85
0 29 12 43 14 63 13 43 1 4 2 35 9 22 8 62 6 46 11 73 4 27 3 28 7 20 5 74 10 77
1 76 7 86 14 82 5 69 0 30 2 59 13 75 4 76 6 37 11 49 3 58 9 66 8 80 12 69 10 78
8 26 10 44 4 8 0 69 11 50 6 51 7 28 5 18 14 71 13 18 2 90 9 49 1 11 12 91 3 6
3 6 4 97 5 95 1 37 13 22 11 55 0 45 10 18 8 55 12 94 7 66 6 89 2 48 9 3 14 67
9 78 7 46 0 13 5 81 14 72 10 92 2 4 8 62 11 92 1 96 6 86 13 45 3 99 4 19 12 47
14 69 2 1 8 94 5 9 1 92 9 53 3 16 10 9 4 70 12 2 7 93 13 51 11 93 6 53 0 30
3 16 7 34 4 79 12 26 11 72 5 73 6 45 2 70 13 72 14 55 8 80 0 9 9 44 1 76 10 68
13 72 12 8 1 82 8 74 9 2 7 45 2 76 11 83 3 98 10 81 6 93 4 67 14 40 0 91 5 69
14 9 3 82 6 33 4 6 5 76 13 97 8 95 7 83 0 5 2 41 9 56 10 14 11 23 12 20 1 99
13 17 1 81 14 19 12 20 9 13 3 62 8 70 4 1 6 7 11 40 2 90 0 99 5 55 10 18 7 11
6 78 0 62 9 19 3 89 2 52 13 58 14 99 11 68 12 63 10 61 5 93 1 85 4 92 7 90 8 19
10 95 5 26 13 92 0 30 6 20 9 58 3 98 1 98 7 59 2 96 4 88 14 70 12 38 8 85 11 35
6 56 1 16 12 8 11 53 13 73 7 82 8 45 3 44 10 76 2 22 4 70 9 76 5 52 0 12 14 92
1 34 14 70 0 99 6 5 8 73 3 76 5 51 2 15 10 22 11 90 4 62 13 18 12 90 7 43 9 53
8 95 7 47 9 8 6 55 4 15 0 4 12 6 3 77 10 5 5 85 11 84 2 50 14 25 1 39 13 5
9 9 6 30 11 84 7 85 8 35 5 93 3 48 4 86 14 29 13 94 10 37 0 39 2 96 12 70 1 21
6 5 10 8 9 53 2 71 7 19 1 73 0 37 13 80 11 1 8 72 4 97 14 5 12 99 5 25 3 30
8 99 14 35 4 74 10 71 5 5 12 57 6 13 7 45 13 30 2 4 11 90 9 98 3 76 1 40 0 22
7 92 8 90 14 25 6 47 2 29 1 67 13 39 3 50 9 24 12 22 5 46 10 77 11 59 4 94 0 33
13 5 1 79 9 13 2 58 8 79 11 41 3 30 7 47 6 82 14 60 10 29 12 84 5 68 0 93 4 60
11 48 0 74 1 87 12 78 5 77 10 43 3 61 2 22 4 80 8 38 7 31 6 46 9 38 13 45 14 61
4 59 11 81 2 79 1 87 6 34 13 9 7 92 5 13 3 1 8 44 10 70 12 26 0 21 9 63 14 51
1 36 11 57 10 42 13 37 9 81 3 97 12 33 4 31 0 87 14 28 6 1 8 61 2 48 7 16 5 42
0 6 13 21 14 97 6 46 11 9 3 77 7 76 2 12 9 12 5 23 8 94 1 76 12 41 4 77 10 67
4 97 9 52 13 16 10 71 7 49 1 56 6 47 2 16 8 52 5 74 11 74 3 23 0 1 12 59 14 11
5 95 6 92 1 90 14 20 7 72 0 96 8 58 12 43 11 57 3 90 9 77 4 18 2 82 10 14 13 25
12 95 13 50 2 25 10 33 7 75 3 17 5 16 9 25 8 66 0 18 4 29 1 84 14 88 6 15 11 55
9 57 3 91 4 49 14 24 13 28 11 67 10 9 12 51 6 70 2 10 8 87 1 27 5 43 0 43 7 31
3 43 12 1 8 63 6 68 10 3 5 38 13 92 0 27 14 84 2 46 1 51 11 59 4 58 9 80 7 38
1 28 3 56 11 96 7 3 8 80 4 98 5 85 2 47 14 2 9 40 10 30 0 18 12 61 6 58 13 54
2 25 4 27 13 88 5 87 7 65 12 14 14 91 6 46 9 12 0 60 3 29 1 3 8 91 10 91 11 67
9 52 7 13 6 82 5 81 14 51 2 73 10 4 1 35 12 23 13 95 4 4 0 10 8 62 11 55 3 59
1 50 5 60 11 51 0 74 3 20 12 87 9 72 8 6 14 46 7 88 13 78 4 27 6 35 10 61 2 77
10 92 8 86 14 95 11 92 1 89 2 15 13 63 0 44 12 7 5 65 6 5 9 55 7 32 3 10 4 53
9 97 1 89 14 45 8 59 2 34 7 78 6 50 12 14 3 9 11 87 0 20 4 87 13 18 5 60 10 91
0 18 12 47 10 62 9 91 2 97 4 9 7 44 14 49 1 22 3 48 8 12 13 61 5 64 11 75 6 22
0 26 8 42 1 69 5 81 4 21 12 46 11 89 3 33 7 3 10 76 13 46 2 34 14 13 9 57 6 2
3 36 6 32 13 33 14 8 8 81 1 36 0 11 11 70 5 50 7 49 9 71 12 60 10 38 2 57 4 88
