50 15
4 11 2 83 7 93 12 63 5 43 9 45 0 70 6 98 11 11 10 27 14 51 3 1 13 80 8 11 1 11
12 64 5 65 3 39 9 24 0 64 6 7 14 8 8 64 4 33 13 94 1 91 10 95 2 51 7 78 11 26
11 19 3 97 8 31 5 87 1 24 4 58 14 1 7 82 12 24 13 3 0 62 9 80 2 72 10 62 6 76
1 29 2 88 14 6 5 71 6 47 12 46 9 77 7 53 11 9 4 94 8 51 0 38 13 94 10 16 3 15
7 51 12 98 6 39 0 70 2 89 10 62 14 43 8 65 5 2 4 81 13 35 11 95 9 65 1 49 3 30
4 53 3 98 2 52 8 41 7 11 1 39 0 11 9 86 12 71 6 36 10 86 14 2 5 73 13 7 11 59
12 70 9 99 10 8 0 81 14 71 3 78 13 75 7 74 1 71 5 44 11 61 2 19 8 18 4 64 6 68
13 7 2 5 5 45 8 78 0 15 12 24 14 93 10 19 1 65 9 68 4 13 7 90 3 35 6 55 11 74
3 84 11 54 14 43 13 99 5 15 7 56 2 76 4 75 10 12 8 1 9 43 1 3 12 9 6 26 0 27
14 61 2 54 0 75 7 19 4 26 12 42 8 90 10 37 11 57 5 36 1 56 9 36 13 95 3 33 6 12
4 99 3 87 9 6 5 80 12 60 0 71 10 39 6 34 1 17 13 43 2 44 8 41 14 2 11 35 7 74
2 11 14 8 5 14 7 63 9 7 11 61 4 73 3 10 6 42 10 58 13 28 8 89 12 82 1 53 0 4
6 81 5 75 13 93 0 94 2 16 12 3 11 47 9 57 8 35 14 26 4 26 1 1 3 15 10 18 7 20
2 56 3 14 1 19 4 53 11 92 14 66 12 86 6 85 10 99 0 24 7 20 13 53 5 65 9 70 8 47
1 19 12 50 5 32 6 41 2 22 8 28 0 29 7 30 10 43 13 56 4 27 9 36 11 68 3 31 14 81
13 14 12 77 5 19 10 28 9 38 7 95 2 65 11 91 4 13 0 93 3 87 8 75 1 44 14 33 6 45
1 12 8 68 14 28 2 28 5 45 11 30 3 68 10 20 6 62 4 6 7 40 12 64 13 66 0 47 9 52
4 11 1 24 7 64 2 5 5 45 14 40 13 38 10 65 11 45 8 1 0 7 3 91 9 92 12 48 6 57
9 50 3 58 1 58 4 90 0 89 6 21 10 39 8 2 11 1 12 20 2 11 7 42 13 97 14 94 5 81
5 73 3 47 8 15 10 26 0 61 2 40 4 56 1 33 7 58 14 91 11 61 12 17 13 18 9 76 6 23
11 28 9 19 3 8 2 24 5 93 7 48 10 35 6 79 0 80 4 58 13 63 14 4 1 70 12 95 8 52
2 77 6 16 13 76 4 70 10 66 7 6 1 63 5 71 14 66 0 45 3 96 9 37 11 26 8 80 12 54
5 32 12 68 0 70 13 86 9 90 7 40 3 94 11 52 4 4 8 81 10 22 1 54 6 28 14 6 2 55
1 26 6 75 8 69 11 56 5 96 13 36 14 37 3 98 7 5 2 59 10 94 12 30 9 86 4 52 0 21
14 25 12 57 4 15 11 64 7 84 10 90 9 89 2 17 1 8 5 64 13 95 6 96 0 35 8 66 3 54
4 35 8 8 11 23 2 12 5 36 13 97 1 57 14 16 6 73 12 43 0 36 10 62 9 62 7 93 3 23
4 7 14 32 10 7 6 7 3 36 8 64 9 59 1 3 11 67 5 33 13 86 0 25 7 30 12 42 2 67
6 3 13 5 7 19 11 21 0 17 10 23 12 92 9 28 14 49 3 53 1 17 8 14 4 88 5 35 2 77
10 91 13 41 11 43 8 99 14 60 9 60 7 31 5 82 3 15 1 69 0 76 6 28 12 39 2 27 4 76
7 90 2 77 3 31 11 85 9 98 12 47 13 16 4 69 14 46 0 54 6 19 5 5 10 35 8 35 1 54
8 38 6 92 13 6 12 73 11 15 4 88 10 34 1 20 2 95 3 80 7 29 5 20 9 36 0 82 14 76
2 41 1 40 3 95 8 87 10 73 4 58 6 30 11 42 9 45 5 67 0 52 7 36 14 53 12 30 13 76
13 32 0 58 7 93 4 43 1 77 2 39 3 82 6 31 10 89 14 1 9 46 12 47 8 72 11 89 5 9
9 40 3 58 11 47 2 18 10 67 12 73 6 20 8 13 0 47 4 13 13 1 5 71 1 25 7 34 14 53
10 13 13 91 8 59 1 82 7 88 12 68 3 99 0 7 11 91 9 14 14 98 2 43 4 7 5 8 6 64
12 96 14 89 8 46 9 24 0 44 10 35 11 46 6 92 2 89 1 93 13 46 7 86 3 16 5 35 4 71
8 34 2 88 14 14 1 32 6 17 3 98 10 32 9 97 7 63 12 41 0 69 13 23 5 84 11 51 4 62
6 69 2 14 13 62 8 64 12 35 0 46 4 21 11 71 1 40 14 37 9 56 5 67 10 36 7 96 3 7
2 14 9 13 11 14 1 12 4 15 5 22 8 36 10 62 13 89 6 4 12 80 7 10 14 9 3 11 0 5
12 72 11 45 8 60 9 76 6 9 13 98 5 11 1 3 4 1 2 30 3 92 14 69 10 62 7 57 0 6
6 2 1 36 2 66 4 74 13 84 3 90 7 83 10 40 11 36 8 8 14 99 5 76 12 83 9 77 0 59
4 19 14 42 2 68 6 73 10 43 12 18 3 87 0 52 8 55 1 7 5 73 9 21 13 94 11 34 7 19
8 54 2 96 3 68 13 72 1 86 11 26 4 58 7 5 12 44 0 41 10 89 6 48 9 90 14 3 5 18
2 54 1 49 3 59 14 34 9 92 8 13 6 36 10 79 11 53 12 51 7 80 5 71 13 76 0 47 4 84
7 31 13 52 11 56 3 31 6 37 5 81 10 29 2 77 0 30 14 67 8 42 9 60 4 98 1 62 12 32
4 69 10 62 7 7 2 33 3 71 11 53 0 70 9 52 1 17 5 39 13 65 8 76 12 5 6 80 14 74
6 52 5 11 9 15 4 44 14 17 13 11 2 50 10 93 0 37 11 55 7 36 12 75 3 11 8 8 1 80
7 61 9 8 10 51 14 33 0 8 11 84 12 39 6 44 4 91 5 61 1 63 13 3 3 15 2 71 8 67
3 55 14 82 5 91 0 70 4 4 2 89 12 7 8 23 6 52 7 21 11 3 10 39 1 91 9 41 13 16
8 36 1 35 13 63 0 23 5 31 10 28 7 68 3 33 2 3 11 21 14 39 4 81 9 19 12 33 6 15
