50 15
3 13 8 34 6 21 2 19 14 39 0 48 9 54 7 94 4 91 1 96 10 99 12 55 13 60 11 64 5 3
8 53 13 68 1 68 2 69 12 24 6 9 14 90 4 21 9 85 10 41 0 75 5 83 7 7 11 93 3 77
0 66 12 59 4 58 9 34 8 31 3 15 14 37 13 70 1 11 6 3 11 59 10 67 7 54 5 17 2 34
9 26 6 63 7 60 11 64 4 27 8 12 5 20 1 79 0 68 3 36 13 43 12 24 14 17 10 57 2 46
7 65 2 10 6 69 11 66 9 15 14 72 1 24 12 68 4 5 10 85 3 79 8 53 0 69 13 50 5 80
12 2 10 96 1 78 11 52 7 48 8 91 2 86 14 78 0 3 9 81 13 37 5 66 3 67 6 87 4 26
14 45 7 48 13 9 6 78 9 71 5 35 3 55 8 46 11 23 2 72 12 13 0 24 4 92 10 58 1 34
6 91 1 92 10 63 14 13 2 8 12 63 4 51 7 75 13 17 0 34 9 17 11 82 8 84 3 89 5 36
4 88 12 20 1 30 6 81 11 18 2 94 14 79 0 74 7 27 5 95 8 98 3 96 9 11 10 18 13 92
3 64 12 94 14 62 2 22 1 42 13 23 8 82 5 65 7 17 4 2 10 44 6 60 0 36 11 26 9 86
12 6 8 46 9 21 1 88 7 14 3 63 5 9 10 1 14 75 2 51 6 57 11 6 0 44 4 46 13 57
14 9 10 75 13 38 12 61 2 53 3 1 6 13 1 21 8 9 9 67 11 54 0 72 7 75 5 41 4 14
10 77 1 57 0 41 5 23 3 63 13 72 14 1 4 66 12 7 7 86 6 31 11 27 2 53 8 2 9 3
8 50 5 27 4 32 12 57 9 33 6 59 14 81 2 86 3 96 10 60 7 77 13 95 1 9 11 24 0 2
4 83 7 87 10 48 12 98 0 50 2 12 13 34 1 48 11 60 5 62 8 66 9 79 6 18 3 97 14 43
12 78 6 81 8 9 9 42 2 20 5 33 0 60 11 9 1 92 14 29 13 50 4 17 3 91 7 58 10 59
10 90 9 71 4 92 6 6 3 60 1 49 5 18 14 65 11 95 12 44 0 84 13 61 8 66 2 62 7 48
14 97 1 40 3 34 5 57 4 32 10 33 6 65 12 16 9 45 11 18 7 90 8 28 2 71 13 46 0 63
12 57 0 85 1 98 5 97 11 89 4 9 2 91 10 86 9 91 14 30 3 32 6 15 7 80 13 58 8 24
4 21 5 29 2 10 14 21 7 78 9 66 13 30 1 41 0 55 12 88 10 2 3 64 8 83 6 54 11 20
14 80 3 81 0 76 1 26 8 26 13 80 6 24 12 3 9 75 5 17 10 83 4 21 11 80 2 94 7 39
3 59 5 78 7 46 8 98 13 22 14 61 11 40 10 25 0 14 12 24 9 28 4 77 1 82 6 97 2 25
9 18 12 83 0 67 10 80 6 28 8 75 13 92 11 20 1 43 4 6 14 88 2 32 5 81 7 27 3 74
1 78 14 81 2 20 12 50 11 73 6 47 7 85 5 73 10 41 13 26 4 1 8 11 9 28 3 78 0 50
5 86 9 85 7 40 6 36 10 47 11 5 3 95 1 4 2 52 8 28 14 80 4 5 13 35 12 5 0 19
0 46 12 77 13 24 1 21 5 49 11 34 4 39 3 17 10 4 9 61 14 98 8 96 6 34 2 79 7 60
3 18 7 34 6 82 5 31 4 41 1 87 12 73 11 99 14 14 2 35 8 44 10 97 0 8 9 65 13 23
13 71 8 18 2 68 10 5 12 55 7 41 9 78 3 49 6 52 4 94 11 58 14 95 1 56 0 8 5 89
8 94 5 72 7 54 1 18 9 63 13 3 14 27 0 31 3 55 6 26 10 92 12 31 4 44 2 76 11 28
6 98 12 43 0 76 5 27 2 91 9 37 4 60 3 9 1 86 13 67 14 47 7 62 10 32 8 43 11 12
2 23 8 63 13 87 3 25 7 45 1 52 4 18 0 54 10 39 14 71 9 77 12 90 11 19 5 54 6 41
9 73 3 81 7 7 13 88 5 98 10 93 2 73 11 42 0 35 8 14 14 21 4 75 6 1 1 79 12 3
6 65 7 25 10 93 12 22 1 3 14 28 11 5 5 14 0 26 4 5 2 95 9 48 13 24 8 85 3 2
14 94 9 37 1 7 4 99 0 93 13 18 11 16 8 23 2 38 5 54 3 44 6 70 10 45 7 24 12 86
8 84 1 58 4 76 14 80 3 50 6 98 5 15 12 23 10 65 2 90 11 30 7 79 0 28 13 49 9 99
9 11 4 18 2 36 14 82 0 43 13 23 6 75 11 97 10 56 3 73 1 25 5 58 8 76 7 76 12 55
14 28 12 61 10 36 2 15 6 50 0 74 7 38 9 93 3 82 13 20 4 24 8 77 5 6 1 78 11 88
1 24 4 7 0 47 12 14 14 27 13 37 8 40 2 53 5 25 7 16 9 28 6 26 11 92 3 41 10 70
4 27 9 68 8 82 5 89 1 92 7 32 12 38 11 57 6 69 0 73 14 40 2 43 10 17 13 33 3 30
5 37 9 89 8 5 6 31 13 98 10 86 2 89 11 94 4 15 0 14 7 35 3 56 14 61 12 32 1 89
4 88 6 38 3 17 2 48 13 66 8 56 14 96 1 79 7 58 10 62 11 86 5 59 12 47 0 12 9 65
13 92 9 70 1 97 2 67 0 6 5 60 3 26 4 33 14 87 11 97 8 36 10 14 7 47 12 90 6 40
6 79 11 89 13 75 5 14 4 23 8 6 9 28 2 67 12 15 7 2 10 66 14 69 1 93 3 90 0 43
12 27 9 53 4 93 3 14 8 25 13 17 5 1 0 60 7 33 10 40 11 97 14 62 1 6 2 21 6 70
12 59 0 79 11 92 13 10 3 54 4 74 9 94 5 66 14 85 7 94 10 27 6 78 8 81 2 12 1 82
8 29 11 95 9 66 0 46 13 84 12 53 14 9 10 83 1 24 6 9 2 5 3 96 5 46 4 6 7 11
3 87 10 19 4 86 5 36 8 15 7 27 1 57 12 43 14 92 6 1 11 93 9 37 13 14 2 50 0 19
11 76 14 65 9 64 12 95 13 20 1 32 5 29 4 81 2 58 8 84 0 16 7 94 6 69 3 15 10 62
8 4 3 19 5 95 7 20 6 14 2 77 0 49 9 86 13 25 14 75 12 99 10 80 1 70 11 13 4 33
2 53 11 57 14 24 13 81 6 43 1 29 9 41 10 76 0 52 7 79 3 57 4 81 5 6 8 81 12 89
