50 20
11 15 5 72 18 89 1 2 0 19 13 33 10 91 8 75 19 23 3 97 14 71 12 45 2 56 9 10 6 64 4 99 16 48 7 86 15 70 17 93
18 51 13 43 1 49 19 88 8 18 12 63 3 84 2 3 16 93 9 63 4 90 11 59 6 26 7 77 17 63 5 32 15 96 10 44 0 68 14 50
14 31 0 82 16 30 11 25 8 44 9 47 1 71 3 12 7 63 13 45 6 53 18 29 4 53 10 38 12 48 2 23 5 17 15 87 19 61 17 99
13 87 9 68 1 13 15 58 18 85 7 86 0 59 2 26 6 46 8 70 3 41 17 24 14 9 19 5 10 54 11 94 5 79 16 24 12 16 4 38
12 31 15 22 0 67 14 88 3 62 8 27 16 67 9 54 19 31 6 18 18 52 10 62 2 94 1 71 7 99 13 27 17 85 11 11 4 22 5 27
8 37 0 20 7 53 15 16 2 75 5 23 16 16 19 76 4 87 17 44 6 88 14 14 10 28 11 21 9 34 3 7 1 25 12 70 13 34 18 10
13 97 9 41 5 66 18 20 1 25 16 71 15 74 17 98 19 81 6 65 10 88 0 26 14 55 11 6 4 50 8 80 12 81 3 96 2 77 7 96
17 19 9 94 16 25 7 51 14 62 11 95 13 84 15 24 12 91 0 11 6 47 1 14 2 78 4 27 3 30 18 38 8 66 19 6 5 32 10 88
5 26 13 52 3 73 15 48 0 4 7 49 18 88 9 59 6 37 16 41 4 89 11 2 12 6 14 30 17 64 8 6 19 3 2 49 1 77 10 38
16 82 8 11 10 36 4 1 6 62 13 61 1 27 3 80 0 81 5 22 9 54 17 23 14 27 18 19 12 53 15 81 7 53 2 30 19 75 11 44
9 59 10 24 8 47 13 9 7 39 17 30 19 54 15 16 2 81 4 91 0 51 16 58 11 86 6 30 3 58 5 75 18 31 12 82 14 12 1 95
8 35 3 4 5 87 12 25 2 41 10 79 6 85 0 64 11 50 14 17 9 53 13 7 7 57 18 71 16 59 19 27 17 2 1 92 15 59 4 10
13 82 10 30 1 87 5 13 12 80 4 43 2 98 18 42 19 8 6 86 7 79 17 92 16 79 3 82 0 44 14 71 8 43 15 91 11 74 9 69
5 70 10 77 16 14 1 26 15 9 0 28 9 41 2 28 11 56 18 97 17 74 12 44 7 20 8 12 3 50 19 7 6 15 13 79 4 96 14 87
7 27 16 48 2 31 3 7 10 65 6 90 13 43 0 10 11 48 17 84 15 43 19 94 1 22 5 83 12 40 8 66 9 26 4 51 14 10 18 8
12 16 4 52 1 77 9 20 11 10 0 38 3 35 10 56 18 76 7 53 15 4 14 7 2 19 6 64 19 90 8 95 16 20 13 22 17 79 5 5
4 64 16 47 9 6 8 59 17 64 15 52 3 44 11 18 14 17 13 99 0 41 12 40 10 47 19 48 1 65 6 54 7 52 2 87 18 2 5 23
5 48 13 2 18 56 4 21 9 31 2 82 10 90 14 90 8 19 3 13 11 19 0 85 19 82 16 91 15 65 1 22 6 52 12 4 7 35 17 18
19 90 9 50 8 8 6 87 13 66 16 17 11 77 14 5 10 31 1 93 2 31 4 61 18 66 5 2 7 65 15 13 17 75 3 7 12 28 0 65
10 66 0 57 6 95 1 88 19 35 9 61 16 64 18 5 13 76 12 94 3 79 4 49 8 51 15 33 11 25 2 12 5 54 14 74 17 71 7 46
10 79 9 38 7 40 13 37 6 15 5 74 19 56 0 7 14 22 16 33 1 58 11 77 4 68 17 14 12 79 2 36 15 58 18 63 8 27 3 4
4 96 9 96 19 74 2 13 13 61 8 29 10 13 16 8 14 1 1 38 0 41 3 97 18 66 7 58 15 66 17 82 11 31 5 11 6 61 12 36
8 2 11 79 3 61 2 80 15 60 4 63 7 28 10 27 5 93 0 70 6 63 13 89 1 11 12 38 19 32 16 6 9 56 17 25 14 83 18 61
4 93 6 51 18 1 14 65 9 24 2 74 10 27 0 13 7 17 17 29 3 97 11 3 15 67 12 16 16 85 19 77 5 8 13 36 1 24 8 94
19 4 10 83 6 6 2 13 4 35 5 39 14 56 8 91 3 91 17 10 16 84 1 38 11 63 9 99 7 80 0 97 15 30 12 77 18 91 13 88
19 53 2 36 0 38 1 35 4 77 16 25 17 38 9 44 12 6 6 51 10 65 5 55 8 61 18 83 15 38 3 45 14 69 7 45 13 31 11 80
15 94 12 30 5 97 6 42 16 52 11 76 13 88 4 79 18 19 10 34 17 46 2 83 14 81 8 59 19 54 9 40 7 33 1 74 3 17 0 7
18 52 2 7 3 76 11 41 5 60 14 78 9 22 19 8 17 70 8 72 4 16 13 1 16 44 1 71 7 12 6 9 12 47 0 91 10 37 15 36
13 5 0 40 19 7 2 46 10 1 4 9 12 49 3 57 11 76 9 87 6 70 18 25 14 72 17 82 16 23 7 44 1 64 15 39 5 40 8 40
9 16 18 54 12 82 14 35 16 89 3 95 17 1 13 25 2 62 0 12 1 2 4 84 10 12 7 19 15 99 8 73 5 17 11 92 6 83 19 33
1 61 11 86 4 92 0 79 2 72 3 95 15 3 6 31 18 62 19 66 14 44 17 86 10 7 9 19 13 28 12 38 5 22 8 2 7 80 16 75
6 60 9 32 10 61 4 25 17 95 12 55 14 5 19 12 1 45 7 12 11 68 13 15 16 16 8 23 5 73 18 43 2 83 0 13 3 58 15 52
7 58 14 24 16 70 0 92 8 14 4 22 3 26 10 75 13 33 11 59 1 4 19 6 6 26 2 58 9 75 12 26 15 64 5 60 17 51 18 46
16 66 4 74 0 68 14 77 6 32 5 89 7 68 8 96 13 36 17 38 2 3 12 96 3 70 18 60 10 23 9 17 15 35 1 29 11 59 19 90
19 15 13 36 3 36 10 10 1 3 18 95 12 19 11 60 5 40 16 15 2 85 9 70 6 35 8 78 4 10 17 19 7 91 14 42 0 84 15 33
3 22 5 38 11 62 12 82 19 20 10 38 0 13 4 25 2 58 6 73 9 64 13 14 1 20 18 70 15 13 17 54 7 42 16 36 8 21 14 53
1 95 13 89 15 22 2 11 11 53 9 57 5 7 6 71 18 10 10 23 7 97 0 62 17 48 4 4 16 90 12 45 3 95 14 19 8 19 19 45
4 82 10 49 17 8 8 55 13 99 16 30 9 33 5 62 12 60 3 35 2 53 7 63 0 72 18 52 14 17 6 8 15 37 19 76 1 44 11 39
8 42 14 58 5 50 4 24 12 2 6 47 19 42 10 80 17 18 3 62 13 12 11 4 2 15 16 47 15 77 18 64 1 12 9 10 0 79 7 87
14 33 10 12 6 41 9 14 15 58 16 90 12 15 19 52 3 87 4 65 8 10 0 67 11 95 7 89 18 27 2 30 17 95 5 80 1 40 13 6
14 43 16 1 12 2 5 68 18 70 9 63 19 56 2 45 10 34 17 23 3 92 4 39 6 61 7 73 15 95 1 72 8 45 13 95 11 52 0 92
12 58 4 59 8 3 16 80 15 8 18 36 3 48 6 18 14 5 5 99 17 96 11 13 9 26 7 29 19 52 1 3 0 58 10 63 2 28 13 71
9 16 12 1 14 12 15 13 10 20 2 22 17 95 13 41 8 60 4 1 11 49 3 91 0 8 5 48 6 91 16 23 7 19 1 63 18 82 19 92
13 83 8 18 9 93 4 1 16 21 11 99 17 2 1 30 7 71 0 28 3 41 12 95 18 90 19 75 14 50 5 48 10 39 6 80 15 6 2 47
4 24 12 26 15 42 1 70 9 11 11 70 0 3 7 46 3 17 10 64 18 31 16 41 19 65 14 33 8 48 2 41 5 63 6 57 13 70 17 61
13 82 12 64 11 55 5 8 18 7 7 50 3 57 1 27 8 91 2 53 10 17 14 45 6 96 0 49 4 96 16 99 19 72 15 79 9 58 17 29
17 67 15 69 2 76 4 76 5 82 12 99 3 97 11 78 13 49 16 70 14 35 1 10 7 74 6 88 8 6 18 31 0 91 10 18 19 52 9 47
4 72 19 3 8 31 12 59 2 41 0 48 17 82 5 67 14 3 11 64 10 44 18 48 15 72 13 3 9 73 1 4 3 88 7 8 16 5 6 57
3 66 19 13 17 96 11 4 0 19 4 3 8 70 2 56 7 40 12 11 13 68 1 72 18 86 14 12 9 35 10 62 15 12 5 50 6 77 16 93
3 43 13 50 18 16 2 39 15 10 5 40 10 54 11 23 7 32 0 38 9 50 14 26 6 61 8 10 19 8 17 97 4 90 1 96 12 65 16 18
