50 20
6 60 0 90 12 26 14 62 19 68 8 96 5 57 2 65 9 2 18 30 1 73 10 12 11 65 13 48 7 94 17 48 16 61 15 6 3 15 4 73
4 55 9 77 15 16 10 77 0 1 17 42 12 13 3 56 2 59 1 89 11 30 13 53 6 31 8 40 18 60 19 8 14 66 5 43 7 10 16 49
10 12 1 75 13 6 6 30 17 57 0 17 11 65 16 76 7 47 2 14 5 93 18 79 8 66 14 7 12 62 15 29 9 97 4 35 3 44 19 70
11 12 7 44 13 8 6 89 15 4 16 31 18 38 3 30 5 92 10 92 14 28 19 84 2 69 17 26 8 7 4 84 12 34 0 99 9 78 1 64
6 50 12 95 16 79 15 33 1 72 5 28 2 15 9 21 10 55 3 67 0 57 4 53 8 95 7 8 13 35 18 94 11 12 14 53 17 95 19 75
4 30 9 83 3 33 0 85 6 63 10 19 19 3 12 93 8 66 13 45 7 86 11 32 1 34 17 27 15 87 16 69 14 37 18 91 5 24 2 65
18 85 17 77 7 41 16 62 5 56 10 46 6 69 4 3 3 46 0 14 2 60 19 34 9 95 11 13 8 50 14 81 1 36 13 80 12 66 15 20
2 40 4 86 19 49 18 89 6 16 11 89 15 37 8 99 7 57 16 54 1 46 5 21 13 44 12 66 14 69 0 19 9 95 17 9 10 58 3 59
0 46 19 93 12 11 8 11 17 32 14 42 7 9 10 26 2 2 13 39 18 67 15 76 3 78 6 45 16 69 9 98 4 37 1 25 11 59 5 13
2 17 7 85 15 50 17 67 1 92 13 68 3 57 4 14 11 98 5 62 19 9 14 16 6 68 12 50 18 93 9 86 8 98 16 33 0 27 10 27
14 60 17 7 1 65 2 98 7 71 8 43 12 96 4 50 19 74 18 55 6 57 13 88 16 90 9 17 11 58 10 24 5 87 0 96 3 31 15 73
2 77 10 52 5 41 9 13 6 81 1 23 11 85 4 57 17 97 7 85 19 62 0 14 15 73 14 78 12 38 13 30 16 12 8 68 18 26 3 92
15 72 17 99 11 91 19 55 0 35 5 74 18 6 8 4 14 83 16 7 7 91 9 97 6 59 3 5 10 81 12 90 13 17 2 51 1 84 4 60
15 43 13 92 1 89 6 36 7 40 19 74 4 15 0 34 5 95 2 21 10 62 14 42 12 66 17 84 8 78 3 8 9 43 11 60 18 52 16 17
8 39 14 33 10 29 16 66 18 11 19 37 2 38 0 33 12 55 3 88 1 26 4 53 5 66 7 52 6 47 17 57 9 86 11 2 13 78 15 49
0 37 6 62 18 20 8 10 19 60 2 51 14 10 12 46 10 99 5 11 13 86 16 45 1 23 9 71 15 89 4 90 3 41 11 41 17 40 7 90
7 97 12 2 15 46 2 32 9 47 11 98 5 3 14 78 3 23 18 73 19 84 13 40 10 72 8 48 1 20 6 70 4 21 16 24 0 86 17 66
0 99 2 36 5 93 1 32 14 45 13 62 9 36 7 36 15 17 17 40 8 25 3 57 4 17 16 4 11 71 6 8 19 70 10 78 12 7 18 4
9 61 16 29 10 38 11 24 6 26 1 14 12 63 18 81 0 58 13 35 17 50 14 59 2 50 15 36 8 26 3 42 4 64 7 43 19 3 5 63
9 60 16 52 13 42 12 98 2 70 10 62 1 88 17 50 11 42 6 85 7 39 3 66 5 86 19 30 8 36 4 79 18 61 15 1 0 44 14 60
8 50 12 45 16 69 14 21 3 93 18 67 5 95 13 19 7 13 11 23 15 96 6 39 10 25 17 29 19 13 1 74 4 8 0 86 2 99 9 54
19 28 16 3 1 65 9 10 18 7 3 95 7 44 17 16 0 42 4 41 10 17 12 32 14 94 15 95 8 51 5 4 2 43 11 97 13 47 6 93
12 35 7 68 18 47 16 70 14 32 8 97 5 36 17 9 1 93 10 27 3 73 0 34 6 6 15 62 2 58 4 98 9 58 11 1 19 84 13 60
2 34 17 68 15 32 11 17 6 88 13 72 9 56 16 72 4 8 18 80 14 88 1 52 12 70 19 93 0 35 10 5 5 57 3 66 8 47 7 57
17 59 13 93 15 69 14 71 4 58 2 94 1 44 16 4 8 88 9 31 18 20 19 64 5 41 3 92 10 96 6 27 11 90 0 80 12 38 7 31
0 80 7 6 6 37 4 56 18 47 19 26 11 68 15 45 16 93 5 98 3 23 9 28 2 37 12 83 8 60 1 28 17 29 14 17 13 98 10 37
11 98 13 8 4 57 17 16 10 98 5 35 7 7 2 41 8 58 14 61 15 66 6 19 19 8 1 9 12 25 9 60 18 91 3 78 16 11 0 4
1 20 5 41 4 29 11 36 14 1 2 8 19 7 12 21 8 37 0 75 13 72 10 14 15 76 17 43 7 96 3 2 6 21 18 76 9 58 16 20
11 84 7 21 15 14 9 71 13 87 10 99 5 82 18 42 0 96 19 83 3 76 6 34 1 17 14 57 17 45 12 88 8 31 4 95 16 20 2 45
12 2 0 26 3 24 17 56 14 10 1 16 13 26 6 13 8 59 4 40 11 33 16 46 2 85 18 84 7 2 15 30 5 94 19 67 9 5 10 30
12 83 14 10 16 58 7 87 11 71 1 66 19 43 10 95 6 83 13 12 2 1 17 33 4 60 8 54 18 3 3 32 5 6 9 72 0 28 15 2
19 94 15 31 6 64 12 69 13 64 2 90 3 71 14 22 18 2 10 75 5 11 0 82 11 76 7 84 16 87 1 23 17 13 9 12 4 17 8 11
7 50 1 99 15 74 0 17 6 84 4 24 9 68 12 95 18 57 3 8 10 53 13 7 8 88 11 89 5 72 16 36 2 44 14 58 17 47 19 11
9 56 19 88 16 74 12 98 6 77 7 16 3 70 1 33 5 5 14 64 4 3 10 14 13 32 8 96 2 75 18 50 15 61 17 59 11 89 0 68
11 98 19 10 6 6 17 57 5 14 3 57 18 9 16 64 14 35 10 46 13 24 1 84 9 50 7 8 4 15 8 71 15 71 0 13 12 76 2 6
3 18 5 43 1 6 4 39 10 64 17 13 0 79 8 86 14 67 12 82 6 73 11 41 18 76 15 97 16 7 19 98 7 24 9 97 13 78 2 1
12 38 16 47 5 22 7 7 14 87 11 7 8 96 6 23 15 79 19 88 9 65 18 10 3 19 13 27 0 66 4 45 2 5 1 26 17 63 10 14
9 40 6 7 13 61 14 21 5 78 2 79 11 94 8 83 7 41 10 37 15 72 17 51 16 65 19 67 3 80 4 84 12 9 18 95 0 57 1 75
7 4 16 50 14 86 1 1 15 94 18 15 0 38 19 59 13 96 11 49 2 97 17 27 8 15 3 94 5 67 12 51 6 44 4 32 9 72 10 95
15 80 8 23 11 50 2 75 10 2 3 45 0 8 16 67 7 70 6 29 14 51 5 37 4 47 13 67 17 60 1 8 12 89 19 74 9 18 18 9
17 68 11 64 16 65 4 26 5 57 19 84 10 88 2 7 14 26 7 34 15 37 6 82 18 50 9 59 12 41 8 96 13 86 3 40 0 94 1 60
4 14 12 26 19 90 17 76 7 35 8 80 13 28 1 9 2 1 18 96 10 58 9 46 15 60 16 54 14 47 11 94 0 5 5 16 3 33 6 50
16 96 15 62 13 56 0 21 8 86 12 37 17 65 2 66 19 38 7 80 14 47 9 63 11 7 10 47 4 21 6 87 1 35 3 48 5 42 18 20
7 2 15 5 8 84 19 95 5 8 10 60 13 19 17 69 12 86 1 19 6 46 14 20 3 2 9 77 18 55 4 95 11 57 2 44 16 74 0 38
8 58 18 20 0 30 11 48 4 20 10 39 3 82 19 15 13 27 16 13 7 77 17 91 15 92 2 51 12 84 1 32 5 93 14 12 6 18 9 32
2 4 7 62 4 63 16 16 17 33 0 57 9 85 6 97 10 37 5 50 11 41 12 42 18 80 1 72 13 41 19 30 14 88 8 48 15 51 3 68
0 15 13 38 4 71 6 71 8 50 7 98 15 20 2 82 14 22 10 20 11 15 1 5 12 31 19 52 18 15 16 16 3 72 17 53 9 13 5 43
1 12 15 33 3 68 6 79 19 15 17 13 16 23 0 77 14 4 9 11 7 50 8 33 18 76 5 92 4 35 10 15 13 93 2 43 12 46 11 89
17 6 10 96 9 3 15 2 3 6 7 40 19 55 18 10 8 22 0 22 14 51 16 32 4 48 5 55 6 52 12 4 2 12 1 19 11 1 13 92
6 48 8 40 11 8 15 74 19 30 13 10 4 77 3 32 1 47 14 28 7 45 9 79 10 22 12 54 5 19 16 27 18 95 2 98 0 35 17 19
