50 20
10 33 17 79 19 87 18 2 12 85 7 16 9 54 13 90 11 46 2 11 0 4 6 21 16 44 14 26 15 48 3 36 1 10 4 39 5 81 8 45
19 93 15 30 4 64 8 59 13 87 6 28 10 63 0 36 16 85 7 28 2 25 3 94 9 28 12 16 1 82 17 15 11 24 5 19 18 5 14 86
19 34 2 95 14 73 15 2 6 53 12 21 9 79 17 46 3 48 13 15 8 81 10 46 1 59 16 63 4 68 7 35 18 41 11 43 5 30 0 60
9 62 10 36 19 92 18 69 8 46 0 11 2 51 16 76 3 77 1 39 5 5 12 44 17 90 7 85 15 55 6 6 13 21 14 74 11 69 4 29
18 57 16 14 7 89 14 9 19 48 6 30 11 21 10 15 1 93 8 54 15 26 12 4 2 5 4 81 0 1 17 94 9 50 5 24 13 94 3 89
9 59 11 6 12 93 10 50 7 41 18 75 16 54 8 68 1 85 13 54 4 76 6 34 2 19 5 59 14 84 15 97 0 8 19 21 17 36 3 66
18 83 14 30 16 91 17 7 12 43 3 63 13 1 19 44 8 66 1 13 2 63 0 20 4 64 6 21 7 11 5 61 15 38 10 97 11 98 9 48
0 85 2 36 4 42 1 64 12 92 3 53 9 87 5 90 13 46 10 25 19 61 11 54 7 67 16 93 15 97 18 37 8 11 14 93 6 45 17 47
3 59 13 58 7 80 17 25 15 31 5 71 18 89 9 76 16 43 1 40 4 49 2 51 12 44 10 27 14 51 11 48 6 70 0 94 8 48 19 33
14 21 19 46 10 48 11 44 13 92 16 68 12 60 8 92 6 10 7 72 17 41 3 49 5 93 15 76 0 83 2 37 1 75 4 88 9 73 18 27
4 13 6 50 19 12 16 12 5 3 14 87 10 27 2 90 3 95 15 91 7 8 17 37 18 93 13 18 12 77 11 30 8 36 9 32 1 86 0 54
7 80 14 12 17 73 19 79 10 83 18 46 3 54 0 45 1 36 12 32 13 77 9 69 2 44 8 95 5 60 11 81 16 62 15 14 4 79 6 66
11 66 13 61 12 19 6 64 7 69 14 91 9 56 10 96 17 49 2 54 0 62 18 17 3 87 8 95 15 23 5 84 19 65 4 20 1 96 16 4
13 25 17 44 9 64 15 5 11 83 2 25 4 27 3 95 6 10 19 69 18 27 7 6 5 85 1 72 0 34 8 52 12 86 14 58 10 4 16 55
6 17 0 42 16 36 12 43 4 86 15 49 3 71 7 71 19 46 5 61 1 55 13 45 2 10 17 32 11 1 14 3 8 71 9 48 18 21 10 27
4 23 11 61 17 24 0 65 12 76 2 16 18 3 3 45 19 89 5 56 8 1 7 59 1 88 6 85 9 4 15 2 16 47 10 1 14 68 13 12
3 7 14 37 15 85 11 65 16 78 7 41 9 46 17 52 6 78 2 77 12 23 4 22 0 85 5 1 10 57 18 76 1 9 19 45 8 12 13 73
5 52 18 38 14 11 17 83 11 95 0 33 6 70 8 42 7 9 2 53 12 12 13 28 1 64 16 69 3 69 10 34 4 54 19 68 15 61 9 21
5 41 12 33 11 15 13 77 10 44 9 51 3 34 17 72 7 29 4 21 2 11 8 25 0 62 16 34 19 50 18 46 1 90 6 2 14 86 15 20
8 22 13 35 11 82 1 52 17 70 3 35 10 69 16 28 2 73 7 39 18 48 15 78 0 32 14 19 5 73 19 68 9 30 6 1 12 55 4 50
0 41 4 54 7 4 3 88 8 11 18 23 12 43 15 56 1 13 17 58 13 59 14 57 16 85 11 51 9 72 19 66 6 23 10 69 5 38 2 22
6 85 3 51 15 13 10 82 13 99 11 92 17 86 7 75 5 90 8 10 18 11 14 29 19 64 4 84 16 13 2 87 0 80 9 45 12 4 1 75
12 9 11 2 19 37 6 63 9 68 14 71 3 16 8 92 7 46 18 70 5 77 15 69 2 15 10 18 1 95 13 91 0 37 4 84 16 8 17 22
12 16 8 88 9 40 14 47 16 61 0 53 11 60 2 38 1 82 4 48 6 4 17 19 5 62 13 59 19 59 7 50 15 82 3 78 10 39 18 95
16 34 1 31 15 20 14 28 4 23 18 41 10 92 3 21 0 64 19 60 5 59 6 84 11 96 17 88 8 68 9 63 12 12 7 52 2 41 13 71
15 15 12 57 17 95 11 97 0 42 9 16 14 84 13 4 3 16 18 73 1 86 7 77 5 88 10 19 8 82 4 18 19 50 16 71 6 68 2 77
3 61 4 97 8 66 16 15 15 35 0 76 19 63 13 10 17 97 11 10 5 90 14 55 18 46 2 46 12 46 1 64 6 32 7 51 9 86 10 4
16 97 8 43 14 51 7 84 1 12 13 36 10 70 5 47 9 36 17 1 4 39 2 62 15 95 12 24 11 11 0 92 18 3 6 99 19 95 3 50
16 85 9 86 1 4 18 7 4 51 0 28 15 96 14 3 11 67 2 99 5 96 17 63 6 23 13 66 7 25 19 28 3 67 10 84 12 33 8 36
18 68 0 18 11 71 7 26 13 92 14 79 19 24 5 5 10 63 8 78 12 92 1 80 6 41 2 70 3 15 9 93 16 52 15 57 4 10 17 98
8 8 3 1 4 2 5 90 10 71 14 3 16 80 6 38 2 70 9 13 12 16 17 89 13 99 1 37 7 58 11 56 19 21 18 88 0 31 15 3
10 46 11 44 1 72 2 15 17 22 18 7 3 78 7 4 0 66 19 9 16 80 12 13 6 85 8 56 13 84 15 73 9 78 14 59 5 91 4 90
4 25 3 44 15 84 17 14 0 32 16 96 11 69 13 41 18 5 14 2 12 48 9 10 6 40 19 70 2 27 5 2 7 33 8 27 1 30 10 7
7 46 9 22 5 78 6 49 11 7 17 14 15 9 14 84 13 45 1 95 2 12 10 26 16 5 0 48 3 69 19 28 18 52 8 92 12 93 4 88
4 94 6 65 18 2 13 1 0 22 19 12 10 83 17 44 3 22 5 32 7 28 2 93 16 40 1 24 12 27 9 57 11 99 15 50 14 51 8 56
9 35 13 66 16 37 1 74 3 66 12 12 18 75 10 95 14 13 8 71 0 27 5 48 17 15 19 40 15 45 11 18 7 24 4 82 6 38 2 45
7 50 17 26 15 54 9 53 13 7 16 40 18 22 10 91 2 83 5 17 8 55 1 98 0 15 3 26 11 66 6 63 14 84 19 17 4 9 12 66
5 47 2 83 3 51 7 9 12 26 11 42 0 30 6 46 19 9 16 45 18 6 13 40 15 7 10 25 8 96 4 14 14 63 9 76 17 97 1 45
9 37 13 40 14 54 12 22 15 3 7 6 19 12 1 79 17 92 16 88 5 51 10 65 3 12 0 63 2 30 6 97 8 83 4 10 11 15 18 42
11 16 19 7 6 95 1 27 2 84 3 11 0 53 9 53 12 96 4 26 7 81 17 54 15 79 16 3 13 83 18 95 8 65 14 8 5 19 10 58
17 31 16 47 10 84 14 12 15 62 2 21 8 58 18 37 4 63 11 90 5 77 19 48 13 26 7 25 12 87 3 47 6 98 9 25 0 46 1 62
14 33 4 65 9 12 12 3 17 67 7 25 0 48 2 88 15 58 1 72 19 13 10 68 5 65 6 64 13 35 11 95 16 13 18 90 8 86 3 49
7 59 0 37 18 92 9 83 3 24 11 46 6 32 4 50 13 84 15 28 10 99 19 4 2 39 16 5 12 24 14 52 8 40 1 97 5 68 17 37
0 94 14 5 7 60 13 80 8 2 2 28 9 13 1 52 12 76 10 84 18 85 3 47 5 54 19 73 4 27 11 61 16 61 15 3 17 80 6 7
0 76 18 85 1 59 15 69 9 93 5 5 11 96 2 37 4 80 8 45 13 89 19 87 3 62 7 50 14 30 6 57 12 38 10 78 17 25 16 33
1 79 19 44 11 34 5 33 10 87 16 94 13 11 6 34 7 61 0 13 4 59 2 68 18 75 14 84 12 41 15 42 17 83 9 57 8 1 3 68
11 70 19 53 16 27 15 25 0 31 1 79 9 24 13 7 5 85 3 75 12 25 4 38 7 44 6 17 2 59 17 25 18 58 14 61 10 78 8 50
18 14 16 54 17 93 12 20 4 99 1 36 10 74 6 2 19 8 9 15 3 27 14 87 0 91 11 16 2 5 15 38 8 76 5 12 7 14 13 89
3 65 19 52 16 9 8 89 10 23 14 97 18 10 0 39 2 87 12 13 17 73 1 35 6 35 11 51 13 55 4 33 5 91 15 86 7 87 9 59
8 27 14 57 7 55 11 78 15 37 10 92 19 51 9 17 1 20 12 35 17 82 6 78 13 55 4 85 16 43 18 35 0 29 2 79 3 2 5 70
