50 20
15 64 9 40 14 82 7 54 12 44 10 45 6 23 19 10 3 55 0 88 16 7 5 85 11 82 18 28 2 63 4 17 17 76 1 70 13 36 8 7
11 8 5 47 8 79 1 19 10 46 19 13 12 68 6 48 17 33 3 23 2 56 0 67 9 94 14 44 7 16 4 83 18 63 15 70 16 10 13 31
6 44 17 67 2 65 8 47 13 85 4 56 11 8 9 76 16 57 18 63 14 56 12 55 1 9 3 56 15 79 7 31 5 60 0 4 19 35 10 44
6 41 2 42 15 81 11 32 8 17 19 34 18 3 4 11 3 9 17 77 5 72 0 69 10 46 9 71 13 16 16 90 1 50 12 93 7 16 14 50
8 96 19 27 7 78 12 26 6 71 5 79 11 45 17 73 3 27 13 8 18 10 14 45 15 90 1 13 0 46 4 70 16 21 9 72 2 31 10 81
13 59 3 79 4 17 1 30 7 92 8 98 6 58 5 45 0 35 14 61 15 59 16 30 11 3 12 15 2 95 18 42 10 48 9 47 19 78 17 7
13 28 14 25 6 66 3 73 17 72 19 93 2 77 12 32 9 11 11 61 8 91 16 97 5 23 10 24 4 4 18 14 7 55 1 55 0 37 15 31
14 75 2 84 6 89 4 23 0 89 16 12 17 52 19 47 10 32 9 3 15 77 12 34 3 66 18 41 13 37 8 88 11 10 7 73 5 74 1 38
11 50 18 50 12 43 8 15 9 93 7 2 1 18 19 23 3 28 15 14 10 2 0 68 16 96 6 13 13 30 17 51 14 92 2 69 5 76 4 58
12 92 6 50 8 3 7 60 10 55 13 15 14 63 19 84 0 11 18 72 15 14 5 75 9 42 11 1 3 96 4 17 16 60 1 18 17 93 2 74
15 41 12 12 0 38 4 92 17 43 3 12 16 65 11 96 1 86 2 28 19 45 6 53 13 25 14 27 7 24 8 99 9 74 5 84 10 81 18 95
10 71 16 6 6 20 12 18 1 83 4 6 18 43 15 59 5 52 7 68 3 80 14 39 9 82 13 32 11 98 2 50 0 73 8 87 19 79 17 85
4 83 12 11 3 6 17 41 19 92 13 69 7 10 15 83 14 84 0 80 16 90 2 24 10 97 8 32 6 80 11 58 5 78 18 63 1 64 9 62
4 34 15 37 6 51 0 37 1 73 13 33 14 43 17 38 2 19 16 68 18 24 12 30 7 79 11 94 8 67 9 91 10 85 3 48 19 77 5 33
12 95 3 61 16 63 13 10 15 62 0 72 7 58 14 9 9 52 19 93 4 72 11 14 8 96 6 95 10 17 1 80 17 41 5 59 18 45 2 78
8 52 4 73 13 76 7 92 1 80 17 52 9 49 12 24 19 60 14 14 10 93 18 84 11 12 15 78 0 12 6 72 2 9 16 49 3 66 5 73
19 55 18 44 7 74 11 38 10 13 4 73 16 18 2 55 13 94 3 93 0 36 15 78 14 61 5 48 12 14 9 38 8 65 17 98 6 1 1 72
12 82 15 43 11 30 17 96 1 46 16 32 2 44 18 2 19 30 7 52 5 91 3 74 8 78 10 54 0 11 6 39 14 99 13 5 4 88 9 68
3 20 10 2 17 91 6 29 12 65 13 91 2 4 5 1 8 1 7 16 16 6 4 82 11 60 1 98 14 80 9 96 0 24 19 29 18 85 15 25
7 16 17 81 2 73 8 6 4 20 12 2 9 27 5 10 19 71 14 52 11 98 6 75 16 61 1 51 0 6 15 7 13 62 18 1 3 5 10 22
7 25 3 94 10 54 11 30 4 42 13 58 17 54 12 70 5 26 2 65 18 44 9 94 15 16 14 15 0 46 6 51 1 69 8 40 16 91 19 47
5 48 11 47 2 15 12 23 10 10 1 57 9 35 0 57 7 59 6 70 8 55 3 65 17 59 19 65 13 62 18 32 4 25 14 78 16 34 15 55
3 6 18 8 2 86 11 84 13 82 9 6 5 8 12 28 7 56 15 34 19 49 17 18 1 73 4 32 6 7 10 74 14 90 16 2 0 44 8 82
16 39 8 92 13 64 2 34 17 2 6 67 10 21 19 75 4 52 15 47 3 17 12 71 1 17 5 42 14 83 7 92 9 98 0 95 18 56 11 20
2 29 1 20 4 49 3 99 15 59 13 72 8 49 6 2 12 9 17 27 16 25 5 84 10 84 7 85 11 64 9 56 0 65 14 41 18 67 19 79
16 34 0 58 8 50 4 84 3 53 5 52 2 11 14 3 10 40 11 99 7 91 13 63 1 63 17 39 9 18 19 1 18 34 15 32 12 19 6 26
1 98 16 76 14 65 4 90 19 51 18 72 7 29 15 96 0 62 2 78 13 46 9 86 10 8 6 12 5 51 8 73 12 81 17 44 3 65 11 55
9 24 5 41 16 8 13 79 2 65 15 9 6 22 0 55 14 54 12 80 3 27 1 92 18 45 7 82 19 24 4 4 11 6 17 37 10 95 8 5
16 3 3 76 14 40 9 70 10 89 8 61 7 67 1 26 18 24 11 42 15 85 0 52 6 35 19 78 2 85 17 90 4 30 5 71 13 59 12 45
8 50 9 91 14 22 11 50 0 35 16 14 4 11 19 37 13 9 15 7 7 35 12 20 5 55 10 2 6 30 2 45 17 96 3 63 18 88 1 34
0 62 12 65 9 3 11 30 5 85 10 24 13 30 1 32 15 18 14 16 17 35 16 87 4 1 2 29 6 7 3 56 18 25 19 79 8 58 7 78
12 96 5 74 19 11 18 30 0 5 7 6 16 25 6 57 2 7 15 98 9 46 10 27 17 52 8 79 14 31 3 5 13 6 4 85 1 12 11 63
13 49 6 3 5 33 19 41 12 43 8 55 1 78 9 47 2 84 16 53 15 26 11 23 18 32 17 60 3 25 7 91 10 48 4 86 14 68 0 34
10 48 7 24 13 9 18 57 16 23 8 59 4 69 9 85 0 49 12 1 19 28 3 85 2 53 5 62 15 46 1 17 14 89 17 77 6 99 11 85
7 52 10 41 16 63 17 32 13 82 6 8 4 86 0 3 2 73 15 35 12 38 1 2 14 70 5 17 8 66 9 72 11 84 18 71 19 30 3 74
4 55 0 99 9 58 12 58 18 39 11 13 3 57 2 89 17 10 7 88 16 42 14 54 15 17 19 62 6 19 5 28 13 72 10 6 1 45 8 59
17 75 10 68 19 53 7 72 0 76 3 57 9 27 1 76 6 72 8 98 14 15 15 42 12 92 13 51 2 94 5 2 18 4 4 79 11 36 16 52
13 22 6 34 11 47 5 88 2 73 17 64 15 87 8 64 16 38 0 41 12 52 10 9 18 74 7 65 3 73 14 53 4 78 1 95 9 57 19 44
0 63 2 32 4 35 18 61 10 57 12 58 3 39 14 41 11 2 17 60 13 58 1 93 6 50 7 47 16 7 9 20 5 34 8 38 15 36 19 40
14 97 1 19 3 48 15 52 18 6 13 47 16 46 17 26 10 13 11 5 6 1 8 48 4 9 9 95 12 25 0 65 5 67 7 50 19 88 2 11
13 62 18 40 3 54 7 52 17 17 9 9 4 26 0 45 14 16 8 11 19 85 1 38 11 58 10 52 2 73 6 74 5 30 15 84 12 37 16 83
14 57 19 87 13 74 18 34 1 53 6 53 17 72 3 25 4 33 12 25 16 30 8 16 11 4 5 94 10 8 9 88 2 1 7 77 0 33 15 52
2 12 13 16 9 91 0 1 3 32 19 91 17 61 16 8 18 47 4 97 6 40 11 53 7 53 15 66 5 19 10 84 12 98 8 15 14 82 1 81
14 64 13 75 11 1 18 55 5 99 7 28 10 28 3 87 9 7 16 40 17 46 4 79 6 13 15 43 12 16 19 78 2 63 8 50 0 39 1 16
18 28 9 99 19 45 17 53 3 75 14 66 1 18 0 30 16 36 4 94 15 71 11 37 5 73 12 74 8 40 2 40 7 89 10 56 6 15 13 72
11 20 2 17 14 78 19 94 16 86 10 75 6 25 8 91 0 67 18 18 12 13 15 87 13 28 7 76 1 14 5 28 4 29 3 28 9 67 17 91
10 68 8 54 13 3 3 54 16 40 2 70 7 87 4 96 0 61 11 36 6 44 12 18 5 93 1 84 15 85 17 33 9 32 14 85 18 54 19 70
0 46 13 70 7 24 14 61 19 64 2 63 17 29 12 31 9 26 18 46 15 59 10 36 16 41 3 29 11 22 8 66 4 81 5 29 6 86 1 57
11 93 9 14 18 59 10 79 12 25 19 27 1 48 6 88 8 23 4 66 2 45 5 12 15 71 17 83 7 57 0 18 13 16 14 42 3 51 16 55
18 33 6 78 8 68 17 83 11 90 12 82 15 93 19 42 1 40 16 32 0 24 7 75 3 71 14 80 5 17 4 49 9 22 2 89 13 27 10 15
