50 20
15 46 2 4 6 13 12 33 1 43 5 86 7 67 14 17 9 63 17 73 16 85 19 12 4 88 11 44 8 65 10 2 13 23 0 35 3 41 18 48
8 76 12 28 17 67 4 36 18 80 15 40 3 37 1 68 0 51 14 18 2 86 11 55 9 94 5 13 10 34 6 31 13 2 16 70 19 66 7 41
1 55 15 25 4 71 9 43 0 77 3 27 16 34 8 41 10 4 19 76 14 21 11 43 5 40 13 13 18 41 2 63 7 51 12 35 6 92 17 29
2 90 19 30 0 10 12 33 10 65 15 6 7 12 18 36 4 88 3 66 5 9 1 35 8 41 6 47 17 98 16 26 9 4 13 69 14 69 11 72
0 63 10 94 11 82 14 8 18 30 8 75 17 35 16 26 15 87 3 44 1 25 13 18 6 18 9 55 19 38 12 94 2 52 5 97 4 7 7 96
1 36 15 64 12 40 4 45 9 17 14 39 0 45 11 21 6 95 8 31 10 79 5 47 13 51 17 14 3 34 7 62 2 28 19 68 18 40 16 49
18 20 2 41 3 29 12 76 7 33 8 9 16 96 0 89 6 89 9 31 10 46 15 13 4 49 11 23 17 66 19 5 14 63 1 29 5 85 13 4
13 5 8 52 12 5 10 98 14 33 18 28 16 90 19 57 15 12 4 74 6 32 2 3 3 3 7 74 9 42 11 82 0 58 1 21 17 24 5 31
7 66 18 44 17 68 13 68 19 50 9 5 8 93 16 36 10 84 1 44 14 7 0 34 3 28 11 4 2 67 5 16 6 31 15 85 4 97 12 5
1 70 5 46 11 55 12 88 17 80 8 68 16 10 6 44 18 45 13 41 3 6 2 17 15 26 7 3 10 35 9 35 0 18 19 50 4 44 14 77
8 40 4 47 10 90 1 97 2 29 3 20 11 55 17 2 9 50 19 30 13 34 5 54 6 36 14 1 16 2 15 56 7 69 0 12 18 12 12 28
11 49 10 63 0 89 1 54 3 13 2 11 7 74 12 3 5 23 16 77 8 83 4 79 13 54 6 71 9 40 19 83 17 27 14 96 15 39 18 70
1 49 19 39 6 54 7 79 5 89 3 93 10 19 9 74 15 58 14 74 4 32 11 96 8 65 17 8 2 45 16 82 0 83 13 19 18 95 12 9
12 6 14 16 7 76 11 27 10 33 2 36 3 81 0 55 16 71 13 69 5 32 15 91 19 71 6 88 4 89 18 93 1 53 8 81 17 25 9 80
12 89 7 79 16 6 3 17 2 11 19 68 15 66 11 82 14 52 0 54 1 5 13 79 6 82 4 24 5 34 9 20 8 31 10 63 17 79 18 68
4 38 8 14 6 42 14 32 17 56 13 10 18 91 2 41 11 24 5 44 3 15 1 43 15 33 12 46 9 2 16 77 10 12 19 74 0 41 7 73
19 12 14 37 16 68 9 38 4 77 1 89 11 51 18 7 8 20 0 7 15 43 3 96 5 55 13 75 7 41 10 46 6 94 17 77 12 1 2 60
11 28 2 28 9 50 15 68 7 34 10 75 0 55 8 2 18 82 3 78 13 36 19 46 14 24 6 61 16 34 4 22 5 1 12 81 17 39 1 48
5 38 0 8 4 66 16 88 18 20 14 29 8 23 1 32 13 79 17 91 3 56 10 12 11 54 2 1 9 52 12 10 19 59 6 47 15 61 7 13
13 19 16 67 18 99 9 7 8 85 3 36 7 85 4 1 2 71 17 26 11 43 10 23 6 11 1 98 15 96 19 40 0 81 12 62 5 55 14 73
0 67 17 31 7 62 12 7 5 45 11 57 15 37 1 38 16 40 19 79 2 60 6 10 8 20 14 83 18 27 4 37 9 55 10 82 13 10 3 49
15 2 7 15 3 15 16 20 11 36 8 40 13 43 18 32 5 68 17 83 19 93 9 54 2 9 10 25 1 56 14 88 6 54 4 1 0 51 12 90
8 46 13 21 0 93 10 18 7 49 19 34 15 8 5 12 4 71 17 38 16 44 14 78 18 23 6 96 9 59 3 61 11 56 1 89 2 5 12 60
17 77 14 95 7 49 19 6 8 93 3 45 1 7 4 9 13 58 9 20 15 70 16 88 12 13 0 56 18 14 11 74 6 97 5 73 10 90 2 83
15 51 4 17 0 74 1 43 2 8 8 53 3 66 14 15 19 40 10 20 12 55 9 84 17 80 13 87 7 8 11 68 6 26 18 26 5 6 16 45
17 19 5 9 4 75 15 91 2 22 18 62 12 6 1 94 0 29 11 19 10 7 19 36 8 28 14 22 3 40 16 3 7 91 9 21 13 3 6 83
19 86 12 70 13 27 4 39 3 84 15 10 7 70 18 93 17 65 6 40 9 14 16 35 1 44 11 43 5 43 2 59 14 92 0 26 8 18 10 94
9 90 14 29 5 48 18 39 16 84 2 82 3 39 0 57 4 53 11 95 12 98 6 79 17 19 10 59 7 14 8 79 1 57 13 72 19 73 15 21
15 82 19 69 13 10 8 82 10 40 14 58 12 95 3 12 7 7 18 82 6 73 5 41 11 84 4 95 0 20 17 48 2 89 9 56 1 79 16 40
14 35 8 48 13 25 3 70 6 34 1 51 11 8 4 31 17 71 16 88 15 36 0 54 10 16 7 54 5 77 2 58 9 95 19 67 12 87 18 73
17 71 1 50 4 93 2 41 5 34 19 94 18 11 10 27 14 83 12 70 16 63 0 26 8 83 15 15 7 85 6 48 3 22 9 74 11 66 13 88
7 55 2 89 8 61 15 80 18 92 11 72 6 67 17 5 0 28 10 25 9 47 19 89 13 70 12 93 3 55 5 80 1 6 14 29 4 1 16 2
6 77 17 48 16 60 0 5 7 55 12 62 10 2 11 19 1 8 8 28 13 80 14 63 15 50 19 83 4 72 5 98 3 18 2 55 9 95 18 98
5 59 14 10 0 48 1 43 7 97 13 17 12 61 6 64 18 54 9 6 4 89 2 33 16 41 10 51 19 41 8 28 15 7 3 81 11 3 17 89
15 46 16 25 2 34 9 65 1 79 0 59 14 64 4 73 10 81 6 71 11 66 12 90 17 81 3 11 18 23 19 4 13 72 8 97 7 68 5 47
2 76 15 44 7 60 12 21 10 63 18 30 11 60 9 54 17 99 14 31 6 58 1 70 4 38 0 96 8 24 3 41 16 82 5 45 13 55 19 42
17 6 12 71 10 22 19 10 15 76 9 67 3 18 13 30 18 25 6 39 16 3 4 31 14 54 5 79 1 24 7 14 0 36 2 58 11 59 8 12
6 71 5 84 10 75 18 92 16 66 9 21 19 71 17 43 15 60 3 23 12 20 13 77 14 33 8 70 11 17 4 20 2 90 1 94 7 45 0 85
18 51 4 58 17 69 14 74 19 23 12 18 0 28 9 91 2 58 8 55 16 64 1 32 5 25 6 67 7 68 13 71 10 60 11 86 15 44 3 68
0 29 16 3 9 82 8 75 15 98 6 48 17 9 3 76 4 21 5 63 14 79 11 17 19 5 13 70 1 62 10 64 7 88 12 79 2 2 18 66
4 38 19 49 1 27 16 71 17 34 9 20 10 61 14 98 2 23 15 87 8 23 0 24 18 55 13 20 7 24 5 19 6 79 12 22 3 13 11 73
8 35 1 70 10 67 16 45 15 85 0 56 2 5 5 69 9 88 13 93 17 84 14 66 11 80 7 52 18 66 12 81 19 2 6 93 4 30 3 87
13 53 2 39 19 47 3 25 1 22 9 89 5 17 18 6 14 42 16 91 7 94 10 35 8 64 12 59 11 78 17 28 6 55 4 50 15 51 0 46
5 49 12 14 0 26 17 18 9 4 15 96 14 50 19 96 6 3 13 62 10 8 7 98 8 62 3 3 18 99 2 12 1 48 4 93 16 8 11 60
4 16 2 45 3 17 11 50 1 58 6 58 9 22 12 98 19 77 17 18 8 37 16 84 15 56 7 65 10 85 18 78 0 31 14 27 5 67 13 56
13 80 1 23 6 95 2 75 7 83 15 35 3 94 14 6 5 94 4 93 12 90 17 79 10 77 8 86 16 26 9 10 11 6 19 69 18 60 0 22
13 14 7 99 16 26 2 54 15 17 3 72 1 15 9 17 19 39 8 85 4 11 10 9 6 77 17 93 12 18 14 44 11 76 5 5 18 53 0 21
7 54 19 24 9 89 14 52 6 63 13 84 5 94 18 16 11 22 10 21 3 71 8 13 2 7 12 80 4 35 15 94 0 23 16 54 1 56 17 4
2 19 18 91 13 91 8 85 5 97 3 34 6 59 1 77 15 42 9 69 11 80 10 12 14 3 17 27 16 77 7 52 19 4 12 32 4 41 0 62
9 81 1 81 19 72 15 46 14 64 10 68 5 47 16 6 18 91 12 68 2 3 4 68 0 1 7 95 6 7 17 96 8 38 3 24 13 86 11 52
