50 20
1 8 15 6 6 97 10 37 8 95 11 25 12 21 18 86 14 31 4 41 9 5 2 63 16 25 7 33 13 29 19 32 3 79 0 98 17 25 5 83
2 52 17 47 10 56 6 50 5 44 15 50 19 32 8 63 16 3 1 8 12 27 13 22 18 71 9 79 11 23 0 16 7 71 4 46 14 21 3 62
13 30 12 95 18 81 11 52 10 38 15 5 3 38 2 21 7 25 5 1 9 92 4 19 16 88 17 53 19 39 8 69 14 18 0 79 6 78 1 47
16 99 5 90 9 68 11 71 14 72 8 13 4 3 6 18 13 77 0 13 10 54 7 64 18 19 15 42 1 78 17 99 2 27 3 83 19 35 12 55
15 60 7 48 13 65 4 54 1 29 0 58 3 65 14 83 10 23 18 70 5 59 16 40 19 24 8 18 17 20 2 92 12 15 6 87 11 37 9 44
18 98 5 85 15 88 7 5 14 81 12 48 3 65 9 50 13 10 6 40 19 84 1 5 0 81 10 33 8 8 2 32 17 38 4 15 11 83 16 70
2 48 10 70 3 38 18 53 17 47 16 51 15 95 19 89 14 80 4 74 1 68 8 10 11 20 12 1 7 12 5 3 6 36 13 20 0 89 9 44
5 33 7 8 11 68 9 98 19 45 12 59 16 77 2 66 0 52 3 85 15 11 4 41 1 58 10 78 8 6 14 60 13 89 17 8 18 66 6 90
5 31 11 43 1 24 4 82 3 44 14 60 15 38 18 33 7 82 16 72 10 49 8 32 0 1 19 69 13 59 6 42 2 30 9 64 17 91 12 29
16 64 7 22 11 13 2 47 10 32 6 79 8 39 4 57 9 38 12 12 14 58 0 96 1 43 17 47 18 9 15 76 3 33 13 8 19 86 5 51
17 29 15 97 2 96 8 77 3 4 4 75 6 89 10 25 5 59 19 23 18 18 14 63 13 90 16 24 9 65 0 63 11 64 1 57 12 16 7 83
8 32 16 81 13 75 1 27 6 78 17 97 9 58 3 28 4 74 12 50 18 48 2 27 0 28 11 38 10 49 14 52 7 55 19 88 15 8 5 82
14 5 7 92 12 15 15 29 4 92 8 91 9 30 0 81 18 79 3 68 1 28 13 5 16 64 6 24 10 35 17 48 2 79 19 35 5 52 11 95
9 8 3 54 0 76 6 22 16 86 12 28 13 10 7 30 11 74 15 20 10 33 2 93 1 74 17 15 4 66 5 95 19 8 8 56 14 79 18 22
3 66 12 75 14 69 5 31 0 28 19 7 6 47 7 36 10 87 1 26 11 21 15 31 9 73 17 67 16 53 18 76 8 5 4 35 13 35 2 82
1 79 2 29 4 23 12 88 3 98 7 24 5 52 16 16 14 94 9 37 19 46 17 39 10 3 6 72 8 75 18 54 11 86 15 2 0 11 13 32
7 39 0 78 13 95 1 24 17 37 10 2 19 29 14 25 5 66 3 33 18 67 15 45 8 26 4 49 9 20 16 86 11 78 12 27 6 12 2 98
3 34 6 23 7 45 4 65 1 30 10 7 12 4 19 74 18 74 9 74 5 98 8 74 17 52 15 68 13 7 0 27 11 2 16 82 14 8 2 45
3 16 0 79 19 96 10 18 11 4 1 37 4 20 18 77 6 45 2 59 16 35 7 4 15 72 12 96 9 43 14 24 5 53 17 64 13 5 8 31
6 28 1 90 9 79 11 11 19 41 14 18 4 12 10 84 17 23 8 81 15 59 18 69 13 65 5 90 2 6 0 15 16 95 7 91 12 62 3 50
11 18 6 78 12 82 19 97 7 99 17 83 3 72 8 43 1 66 18 44 4 14 9 2 10 61 5 15 0 20 2 17 16 82 13 12 14 39 15 16
8 31 13 35 5 32 18 63 17 92 2 81 10 47 7 95 6 41 11 72 9 1 16 3 1 22 0 31 19 78 15 45 3 81 12 42 4 27 14 63
7 81 3 70 13 78 5 6 11 17 4 11 12 64 17 56 6 71 15 94 18 90 2 42 16 57 10 68 1 94 9 24 14 80 0 53 19 79 8 95
5 69 10 84 13 50 15 43 17 8 0 57 14 83 18 53 1 90 4 3 8 22 7 68 19 33 16 59 6 41 3 29 2 27 9 53 11 85 12 45
14 75 5 54 1 55 12 76 10 62 3 89 6 59 9 60 7 20 4 4 13 79 17 23 15 90 19 43 2 28 0 43 18 98 11 22 8 16 16 16
16 28 19 31 11 6 18 75 5 2 12 80 17 3 8 52 1 63 3 31 14 14 2 33 0 76 6 85 9 16 4 70 7 40 13 38 15 8 10 3
15 53 16 78 6 88 14 57 11 32 3 13 4 34 18 4 7 56 0 29 12 13 10 7 2 98 8 80 1 99 19 25 13 57 17 61 5 16 9 78
7 27 19 94 0 19 3 45 15 35 6 32 17 76 8 4 4 78 2 70 1 90 18 91 13 57 9 90 12 51 10 77 11 67 5 12 16 36 14 73
13 6 3 86 10 19 11 77 12 76 1 5 6 36 8 89 5 49 4 14 16 94 7 89 0 28 2 15 17 88 15 31 9 58 18 54 14 20 19 41
17 68 3 38 9 77 2 2 7 96 1 93 5 83 18 65 10 87 15 84 0 85 12 46 6 27 14 31 19 41 13 26 11 73 16 36 8 89 4 67
5 39 19 96 2 96 17 64 8 10 16 47 18 37 6 96 7 45 1 89 10 88 13 58 12 71 14 55 11 61 15 57 9 93 4 26 0 42 3 43
13 75 6 95 7 41 17 92 12 9 10 91 19 11 3 85 15 27 11 72 9 80 8 60 18 73 14 15 0 56 4 46 16 40 1 65 5 95 2 25
7 35 17 64 13 94 9 68 0 73 16 13 19 41 12 71 15 54 10 60 5 77 2 39 6 86 8 67 3 78 11 8 18 50 1 80 14 67 4 74
11 48 17 6 14 95 19 73 12 64 8 94 3 42 6 50 1 31 16 21 18 73 2 63 4 97 7 31 13 46 10 94 9 67 15 58 0 34 5 48
6 80 5 19 9 69 11 25 8 7 7 40 15 90 4 55 1 30 19 39 2 38 0 89 13 76 14 57 10 78 16 42 3 75 12 91 17 90 18 9
11 19 17 57 5 21 19 17 15 81 8 8 6 2 3 73 7 36 2 10 16 84 10 36 9 13 4 99 18 73 14 86 13 55 1 44 12 46 0 7
11 49 3 95 4 17 1 37 15 9 12 2 13 17 6 27 8 55 2 13 10 11 14 74 17 21 0 38 19 64 16 94 5 72 18 80 7 44 9 94
8 26 6 88 10 8 4 93 12 85 19 93 3 92 1 37 15 28 11 95 18 25 9 15 17 46 13 21 2 6 0 59 7 61 16 83 5 86 14 29
1 91 0 43 6 66 18 96 9 7 14 82 16 62 7 57 2 33 17 21 8 87 4 3 3 38 12 73 13 13 15 5 5 48 19 89 11 5 10 1
9 72 12 71 6 38 8 70 14 10 10 84 0 56 18 61 3 36 17 87 5 28 16 19 4 70 19 49 2 12 13 24 11 37 1 50 15 87 7 60
19 11 7 64 13 52 15 87 4 1 14 12 11 68 9 33 2 99 10 2 16 99 3 22 0 49 18 60 1 28 17 56 12 49 6 83 5 17 8 32
11 48 13 55 2 62 17 18 7 18 5 75 19 72 9 98 6 68 8 42 4 10 14 10 12 57 0 78 3 98 16 51 15 82 1 32 10 99 18 26
16 70 6 76 4 89 8 8 5 91 10 93 14 67 15 58 1 13 3 63 9 71 0 3 18 38 11 89 13 37 19 31 7 29 2 34 17 43 12 85
1 74 19 42 18 72 15 28 5 64 14 27 6 56 12 20 2 10 13 75 7 97 17 7 16 50 10 65 9 83 8 81 11 78 4 82 0 68 3 63
14 73 18 69 3 26 8 87 11 72 9 9 19 96 4 76 13 19 16 22 15 37 2 4 5 71 0 81 6 24 10 97 7 22 1 6 12 49 17 77
1 43 16 78 18 91 17 44 11 95 9 62 15 24 10 19 0 54 3 97 4 73 6 78 13 71 14 62 7 88 12 31 19 60 5 51 8 83 2 41
3 15 14 51 2 8 18 54 0 42 17 19 9 28 12 48 4 47 11 71 19 22 16 91 1 28 5 21 8 68 15 13 13 30 7 16 6 58 10 10
8 35 16 44 11 6 10 33 4 5 14 39 19 64 13 51 15 61 2 68 12 23 7 49 3 94 0 24 17 6 5 47 9 80 18 6 1 19 6 83
1 82 9 93 19 78 2 65 10 91 7 14 6 98 18 13 14 60 4 7 11 93 15 86 13 92 0 96 8 12 5 89 12 28 17 69 16 6 3 87
10 28 9 90 0 51 15 47 2 14 7 13 19 17 6 47 11 61 13 95 12 28 4 22 14 46 8 55 16 61 17 32 3 7 1 78 18 87 5 4
