50 20
18 63 10 39 6 28 8 48 17 43 9 76 14 72 11 61 12 25 16 74 5 23 3 51 15 75 4 88 7 61 1 16 0 55 19 60 13 54 2 10
17 51 4 15 19 98 2 98 9 24 6 18 5 95 11 82 16 20 8 90 7 10 15 63 0 84 10 67 14 68 18 30 12 85 13 17 3 22 1 95
3 59 9 96 1 54 10 46 0 67 18 46 8 29 15 33 12 65 17 57 7 14 11 37 19 94 5 63 13 59 4 44 14 47 2 94 6 52 16 41
3 67 17 53 2 12 7 83 18 76 14 56 4 24 6 39 8 11 15 16 13 53 11 42 1 34 16 22 19 52 0 52 10 64 12 25 9 97 5 43
2 55 0 66 7 17 3 97 9 41 13 60 14 48 12 92 10 47 17 4 5 3 18 34 1 36 19 37 11 52 16 90 15 49 4 5 6 46 8 5
12 90 15 66 1 5 16 95 0 42 14 85 13 65 7 85 11 2 18 64 3 56 10 15 9 31 6 17 19 29 2 87 8 62 5 98 4 91 17 59
0 96 7 43 17 16 6 7 2 83 1 79 3 75 8 77 11 88 13 88 18 91 12 28 9 82 10 11 19 93 4 10 5 96 14 77 15 29 16 44
4 53 19 77 7 5 14 40 17 99 8 77 2 53 18 4 3 67 12 7 13 12 0 88 5 27 11 51 15 24 16 94 6 31 10 7 9 44 1 4
5 48 14 50 4 32 11 18 13 17 9 38 19 31 7 7 0 69 10 99 12 88 17 14 6 86 3 63 18 43 16 38 2 46 15 16 1 48 8 23
14 52 5 34 19 69 1 18 15 98 12 97 9 58 13 42 6 71 4 72 3 16 17 97 16 51 2 12 11 15 18 29 10 88 7 43 8 15 0 52
3 8 18 11 11 12 6 79 0 12 13 55 7 44 16 4 1 5 5 77 12 7 19 73 9 88 10 66 17 86 15 10 14 39 4 58 8 73 2 23
9 94 1 97 0 62 17 92 4 36 10 92 18 25 2 59 6 87 14 14 5 19 13 54 12 97 8 95 3 43 11 88 16 58 7 5 19 83 15 74
15 3 1 64 11 27 5 96 16 97 3 73 17 49 9 36 10 49 7 50 12 70 13 19 18 58 6 64 2 82 0 90 4 69 14 25 19 52 8 63
18 12 15 27 10 74 14 2 17 95 1 78 6 89 3 33 12 63 5 79 0 49 9 13 11 71 13 32 8 61 2 7 16 99 7 67 4 83 19 48
12 83 2 64 4 24 1 12 18 6 10 24 3 38 7 22 6 75 19 64 11 77 13 46 16 17 17 31 9 14 14 4 15 96 5 95 8 33 0 8
16 95 4 38 2 69 9 51 5 33 19 18 0 85 8 96 10 92 3 27 18 79 13 73 17 90 6 90 12 86 7 84 14 46 1 42 11 72 15 29
16 22 2 85 12 98 15 60 1 89 10 30 17 76 5 66 13 82 4 47 14 99 3 63 19 74 7 5 6 83 0 25 9 19 18 84 8 55 11 76
6 33 9 94 18 83 2 67 3 81 11 53 15 58 16 40 8 37 14 60 13 15 10 54 4 94 5 12 17 11 1 5 12 54 7 77 0 43 19 71
10 47 17 10 16 73 4 1 0 89 8 53 5 31 11 93 19 24 6 16 12 87 14 64 13 20 15 29 18 19 2 88 9 70 1 23 7 23 3 42
4 49 10 45 1 65 13 14 18 77 17 64 6 29 15 92 11 53 8 7 12 87 9 65 0 27 19 79 3 65 5 58 7 86 2 20 14 17 16 46
15 12 0 83 18 31 8 39 3 25 9 90 19 90 14 58 4 80 2 40 6 49 17 62 16 55 12 3 5 90 7 45 11 10 13 25 1 9 10 29
2 80 10 70 1 98 11 36 7 97 6 97 13 37 8 97 15 65 3 69 18 10 12 63 17 21 16 35 5 50 9 48 0 3 19 80 14 82 4 6
3 70 10 30 0 30 14 93 9 61 12 85 2 70 7 36 17 59 8 6 5 86 6 62 11 80 1 37 15 68 19 67 13 18 4 61 18 63 16 51
6 42 14 5 13 71 18 28 4 87 15 36 10 30 19 9 16 37 12 41 3 53 2 42 1 91 5 28 7 43 11 21 9 71 0 8 17 77 8 76
18 95 7 61 3 43 17 72 10 9 1 4 2 87 9 25 15 25 14 75 11 68 5 90 13 65 12 38 0 69 8 18 19 13 16 39 6 69 4 27
15 32 2 25 5 41 3 30 0 34 16 70 14 97 4 88 6 35 8 36 10 76 18 28 7 52 17 89 9 74 11 32 13 78 12 81 1 80 19 51
18 93 2 50 5 94 17 1 13 83 8 55 1 81 14 82 7 10 9 37 6 54 11 95 19 53 4 73 16 42 15 55 0 12 10 29 3 71 12 16
13 2 3 10 19 36 2 12 14 37 16 19 4 54 6 30 18 34 17 42 0 4 7 58 9 2 8 34 10 35 15 9 11 96 5 15 12 48 1 58
19 46 2 89 8 65 4 38 15 54 0 58 9 24 11 3 5 94 10 27 6 78 12 33 14 23 16 27 1 21 18 23 13 88 7 25 17 93 3 38
5 77 4 58 7 88 18 86 16 35 1 25 12 87 9 55 11 36 17 59 0 51 13 25 6 64 8 97 15 70 10 61 14 78 2 30 3 72 19 62
5 82 8 69 9 21 1 6 3 91 11 44 18 24 16 11 4 35 2 74 15 61 12 23 7 47 17 60 13 82 0 5 19 82 6 66 10 13 14 91
11 25 16 5 6 95 12 23 4 91 9 68 2 12 15 83 0 70 5 1 17 33 7 6 13 70 18 31 19 31 8 3 14 29 1 60 10 82 3 81
4 19 7 33 14 44 5 95 13 49 0 58 8 71 10 44 12 92 17 80 16 23 3 74 1 85 6 19 9 98 19 7 18 91 11 47 15 47 2 36
18 46 1 19 13 99 12 5 3 27 9 56 6 64 19 96 0 88 7 26 14 30 8 50 10 61 11 67 16 46 17 91 2 22 15 3 5 37 4 96
4 42 11 10 1 31 14 92 15 72 13 26 12 61 16 35 0 15 3 22 7 69 6 26 2 46 17 30 8 49 10 90 19 47 9 7 18 60 5 60
2 32 11 85 4 32 17 74 6 50 9 76 7 31 3 80 15 14 5 2 14 64 19 67 10 39 13 97 8 79 0 27 16 54 18 58 1 12 12 85
10 56 6 41 17 90 9 85 0 37 4 90 18 42 13 62 15 51 1 98 7 26 11 62 19 92 14 57 16 41 2 77 5 25 12 83 3 12 8 6
8 33 9 65 7 34 5 24 10 97 15 69 18 96 12 81 4 87 13 35 2 3 11 32 17 82 0 42 14 68 1 44 16 13 3 16 19 28 6 17
5 58 19 43 11 70 3 24 16 47 0 37 8 51 18 21 7 53 12 21 6 82 13 19 1 56 4 4 14 3 17 53 10 61 15 84 9 65 2 75
15 54 11 90 14 99 18 10 5 78 3 12 19 96 6 6 10 31 12 44 17 83 7 70 1 21 4 69 13 76 9 48 0 68 16 22 8 61 2 44
7 52 2 78 15 12 3 11 10 20 18 33 1 53 6 56 12 94 13 54 5 36 8 51 16 7 19 37 0 73 11 75 4 79 14 13 17 54 9 68
18 44 9 43 12 23 6 59 0 59 14 18 1 83 19 70 13 66 4 30 11 73 5 83 2 2 16 61 10 27 15 31 7 93 17 33 8 38 3 65
8 24 17 38 16 42 11 33 2 99 10 2 13 41 3 92 5 26 9 80 12 96 6 91 19 66 0 76 7 24 18 5 15 95 14 90 4 20 1 83
3 91 7 15 13 88 14 99 18 94 2 27 5 72 19 83 12 17 16 5 17 82 0 31 10 86 1 21 6 71 4 62 15 50 8 26 9 40 11 91
1 56 3 87 8 52 10 32 5 77 9 61 11 49 13 17 12 47 19 27 6 75 15 27 7 2 0 92 4 7 14 11 16 5 2 33 18 2 17 34
13 4 8 30 15 9 10 75 16 99 0 6 11 39 1 6 9 21 12 93 3 23 14 93 6 58 2 65 17 39 18 31 7 51 4 22 5 89 19 34
19 36 2 29 16 41 11 21 1 70 9 85 7 93 17 8 4 46 14 95 15 8 6 60 3 1 10 55 5 67 18 7 8 54 12 71 0 18 13 85
14 62 3 7 2 99 18 26 15 54 1 15 6 31 0 55 12 2 19 70 10 82 5 31 8 25 16 31 7 79 17 18 4 35 9 22 13 25 11 95
7 68 2 55 8 97 9 44 11 26 13 4 10 88 16 14 14 12 6 35 19 99 17 85 15 59 18 44 1 46 4 17 12 63 3 16 0 89 5 65
1 8 7 30 9 25 8 86 13 76 15 82 6 44 11 17 0 76 14 62 4 54 17 60 19 5 18 78 2 28 16 13 10 89 3 30 12 98 5 56
