50 20
13 18 6 99 15 57 1 99 16 25 14 32 3 37 9 40 8 78 19 84 2 40 11 96 4 2 12 14 18 90 5 97 10 54 7 32 0 73 17 34
14 48 4 16 9 91 16 91 10 4 15 36 18 85 19 65 7 22 11 66 6 33 5 96 12 71 8 90 1 27 17 16 2 5 0 73 13 45 3 76
12 73 8 62 7 17 10 90 18 10 9 56 0 55 14 59 13 20 4 87 5 53 6 1 3 57 15 46 16 20 17 40 11 39 2 48 1 11 19 82
3 93 5 74 19 39 17 25 13 28 11 43 14 1 1 93 8 90 4 15 12 58 18 9 16 41 6 15 2 29 15 94 10 27 7 4 0 56 9 22
7 4 3 55 9 48 15 96 4 25 10 5 14 20 18 95 2 94 8 70 1 60 12 87 6 56 16 39 17 90 0 79 11 68 5 49 19 78 13 62
1 36 15 52 19 93 14 66 10 82 8 83 13 19 18 63 9 43 2 54 0 43 12 36 16 53 7 58 11 54 5 67 4 16 6 85 17 96 3 81
4 75 18 14 7 23 12 70 19 81 6 86 11 18 15 51 5 82 17 87 14 59 10 28 8 12 13 46 1 1 3 19 2 39 16 22 9 68 0 13
7 92 9 67 5 52 8 98 16 76 1 82 13 51 18 3 12 49 10 17 6 96 14 80 4 72 3 7 2 10 19 31 15 81 11 43 0 86 17 11
19 86 0 58 16 22 17 57 10 20 4 97 9 37 13 89 7 35 1 6 18 92 6 47 12 33 3 5 15 86 8 80 2 91 5 45 11 68 14 67
14 93 13 64 7 8 17 75 0 77 16 21 4 88 3 19 8 15 10 52 12 73 2 61 11 83 9 2 18 81 19 84 1 98 15 47 5 80 6 77
0 93 14 11 9 55 19 36 2 75 18 78 3 30 13 56 5 22 15 78 11 90 10 12 7 5 4 23 12 33 1 99 17 12 6 36 16 82 8 63
14 56 17 40 19 43 1 51 3 49 5 34 12 16 15 14 4 70 6 88 18 92 10 70 8 80 11 77 9 32 2 18 16 29 0 68 13 39 7 66
15 66 12 47 19 78 5 65 6 32 2 2 10 10 18 95 9 84 7 64 0 30 17 62 3 82 8 9 14 41 4 39 16 28 11 20 1 23 13 17
0 96 15 19 1 41 8 26 18 4 12 97 6 54 17 45 10 89 16 1 2 95 14 15 5 68 9 90 7 58 4 69 13 91 19 23 11 54 3 74
3 63 9 99 6 47 17 54 2 96 13 66 19 54 14 6 10 75 12 36 4 44 0 21 18 37 8 28 5 46 15 59 1 82 16 80 7 57 11 62
5 5 10 82 17 69 2 84 16 50 19 54 18 13 9 99 11 8 3 20 15 71 6 14 4 15 12 50 14 92 0 39 1 76 8 36 7 78 13 30
6 35 13 58 10 76 12 4 16 97 4 62 7 81 1 17 0 79 18 62 5 89 2 59 15 3 19 32 17 4 11 53 3 34 8 12 14 95 9 86
9 63 18 22 17 85 13 76 5 79 12 5 15 42 10 76 2 5 8 66 19 51 14 35 6 65 16 42 1 61 3 50 7 3 0 43 11 89 4 95
11 44 14 17 4 73 1 23 3 87 12 22 19 17 15 6 10 88 8 74 18 32 2 29 9 39 16 15 7 7 13 64 6 77 5 45 17 55 0 34
7 29 1 9 12 40 14 87 16 41 11 15 6 10 19 5 8 31 4 70 2 49 15 83 17 95 9 31 10 95 5 69 13 59 0 79 18 26 3 99
2 14 11 33 10 86 13 36 14 35 17 77 5 75 0 72 3 37 19 4 16 43 7 83 9 70 4 57 12 75 8 82 18 25 15 40 1 99 6 46
14 89 12 52 2 59 11 24 19 95 5 32 13 86 1 50 0 78 16 43 9 16 4 89 15 83 8 52 17 60 6 56 18 23 10 47 3 70 7 97
9 29 17 84 18 97 0 40 1 39 10 23 11 71 3 63 12 44 19 38 4 39 16 74 8 64 13 74 2 92 14 86 7 3 5 50 6 54 15 23
5 71 16 78 14 95 8 16 0 95 3 27 15 89 12 76 19 78 18 19 2 93 9 84 7 85 13 65 17 93 11 24 4 78 10 12 1 82 6 86
5 10 10 35 9 51 8 11 17 28 16 14 18 66 0 25 6 66 19 83 11 78 2 41 13 81 15 17 3 96 14 88 4 38 12 71 1 68 7 78
15 37 0 5 1 48 9 26 7 87 3 25 14 69 11 41 6 93 8 55 16 30 2 22 13 34 12 51 10 15 18 48 5 43 17 3 19 68 4 58
5 47 17 49 13 45 14 78 4 5 8 30 9 90 18 31 0 70 1 5 15 12 19 83 2 97 6 92 10 21 11 39 3 20 12 8 16 83 7 75
9 50 5 39 14 26 15 48 16 10 10 22 1 65 13 82 4 35 18 17 8 79 0 60 11 66 19 99 2 91 6 85 7 15 17 23 12 87 3 4
12 55 1 74 18 76 5 80 3 88 14 36 7 46 0 87 4 23 9 44 17 33 11 68 2 54 6 53 19 68 15 76 13 52 8 33 16 66 10 48
9 9 12 62 4 17 1 50 3 5 19 23 15 94 6 97 7 80 17 91 10 16 8 84 14 42 5 55 11 3 0 69 18 90 2 69 16 13 13 47
3 30 13 52 8 17 9 15 6 48 10 87 12 3 14 27 18 52 4 81 15 40 7 23 19 67 17 41 1 98 16 18 11 36 0 57 2 91 5 35
2 90 15 90 3 20 9 19 16 82 4 90 7 91 18 26 8 34 6 29 17 99 14 44 13 51 0 59 1 83 10 48 19 55 12 41 11 37 5 43
2 59 7 45 5 43 11 77 8 84 15 99 9 98 14 1 3 10 17 43 18 15 19 22 6 63 10 41 16 16 0 38 4 50 1 95 12 55 13 47
15 49 9 89 0 55 17 99 5 4 10 83 1 63 7 77 19 32 14 52 3 69 12 31 6 56 13 72 16 4 18 89 2 99 11 29 4 74 8 72
5 93 15 24 18 41 16 83 17 96 3 41 7 56 0 22 8 8 6 36 4 78 1 71 9 20 14 35 12 14 10 60 11 96 19 20 13 53 2 86
11 63 4 83 3 25 17 88 6 87 0 62 13 33 1 67 16 71 9 70 18 62 15 65 14 95 19 59 2 84 7 9 10 34 5 40 12 52 8 94
18 17 12 78 19 1 11 15 1 96 16 13 13 16 7 64 17 93 9 46 6 62 5 15 3 85 4 14 15 90 2 74 10 2 0 13 8 78 14 71
4 39 12 31 18 67 13 26 16 7 0 1 1 18 6 77 11 42 19 10 3 52 15 35 9 7 7 89 8 18 10 59 5 75 14 19 2 73 17 40
8 83 10 7 6 90 11 89 7 75 0 84 15 90 9 57 17 81 2 44 12 22 18 84 5 24 13 24 19 9 16 68 4 23 1 91 14 14 3 40
13 56 8 8 0 66 6 23 9 83 16 8 5 82 2 70 4 80 12 81 11 4 19 49 18 55 14 97 1 58 3 90 7 73 15 69 17 16 10 44
7 17 5 58 19 79 17 81 16 72 2 82 3 16 6 18 8 98 0 30 15 94 12 77 11 38 10 75 1 85 9 57 14 84 4 21 13 33 18 99
18 30 1 74 7 7 14 71 15 12 10 79 11 77 5 18 12 27 0 72 16 81 13 98 17 52 8 68 2 90 19 57 9 38 3 93 4 66 6 48
0 21 2 87 5 37 6 87 12 62 3 58 18 62 10 58 13 3 16 2 7 64 19 85 15 13 14 21 11 34 8 53 17 64 1 27 4 8 9 89
5 55 14 10 0 36 6 70 17 90 3 90 4 56 1 38 19 86 2 97 12 30 8 30 18 63 15 57 13 67 11 34 10 65 16 2 9 40 7 93
2 47 18 19 19 58 0 73 11 60 16 51 1 12 10 90 15 95 3 46 12 70 6 61 5 17 17 74 9 88 7 39 13 75 4 15 14 26 8 69
14 36 13 66 7 69 17 99 3 51 10 44 6 18 15 27 12 57 1 99 18 22 16 40 19 82 11 19 5 39 4 92 0 31 8 28 9 31 2 6
7 99 3 10 16 28 5 17 17 46 15 8 0 3 19 11 6 48 8 17 13 2 11 38 14 37 10 20 1 12 12 26 9 3 4 52 2 50 18 67
13 38 12 29 6 5 7 9 8 77 16 73 4 28 3 49 5 80 10 93 14 40 2 44 9 86 18 38 1 66 11 84 19 98 15 96 0 96 17 20
10 7 7 26 11 5 2 9 8 19 17 98 16 31 9 69 5 39 0 5 14 99 18 83 12 37 13 22 19 22 3 1 1 13 6 79 15 40 4 43
11 53 17 45 14 55 4 68 16 54 8 88 7 27 6 13 12 52 15 11 10 12 19 54 5 53 3 12 2 2 9 42 1 65 0 66 13 19 18 35
