50 20
10 81 7 42 6 87 14 72 16 14 15 87 9 47 0 44 12 35 11 49 19 51 13 81 5 16 2 75 8 18 4 19 18 33 17 12 3 62 1 60
1 38 11 18 17 43 13 81 8 53 16 55 0 27 4 27 14 42 18 7 7 80 10 78 3 83 12 73 9 16 5 63 15 20 6 57 2 55 19 67
15 37 14 30 13 90 18 46 10 85 6 79 0 5 19 4 3 42 11 61 12 23 1 63 17 60 16 75 7 88 4 6 8 96 5 42 9 51 2 93
6 90 4 96 16 76 9 91 8 96 3 39 7 10 1 17 12 31 18 24 5 21 10 89 13 39 14 42 17 13 19 83 2 20 15 99 0 73 11 81
13 48 4 38 5 2 1 65 19 17 2 13 8 27 6 21 0 80 10 26 18 23 14 17 17 43 9 83 16 25 12 15 7 51 3 62 11 80 15 9
1 49 13 64 11 73 16 56 10 5 5 72 7 62 9 32 6 38 2 40 4 43 0 63 14 36 17 70 19 50 18 29 3 89 8 75 12 84 15 99
3 37 9 32 11 3 16 21 15 92 6 26 0 23 18 85 13 84 10 17 8 30 1 25 14 15 19 52 12 84 5 43 2 14 7 70 17 15 4 40
16 82 8 87 4 15 17 7 2 48 5 70 0 41 9 94 18 46 7 96 19 66 11 77 14 6 10 80 3 59 1 80 12 60 13 57 15 81 6 11
9 87 10 99 2 58 17 26 5 96 4 93 12 42 16 14 14 29 0 41 3 80 13 57 7 64 1 98 19 34 6 92 18 43 8 2 11 94 15 27
19 71 16 47 4 2 1 29 18 30 6 79 15 94 10 54 8 4 12 84 0 22 11 47 5 83 2 76 17 61 13 86 3 92 9 40 14 43 7 49
12 17 13 85 3 97 18 76 19 41 1 73 9 7 17 72 0 45 7 29 8 30 6 3 2 73 16 97 5 67 11 73 15 16 4 20 14 89 10 95
10 8 13 82 11 67 12 5 8 99 6 19 16 7 3 43 14 76 19 76 0 4 5 23 2 6 18 73 9 62 7 36 1 29 17 21 4 66 15 11
9 81 2 56 8 34 6 13 7 31 11 30 3 22 17 11 12 8 10 51 19 55 16 97 15 80 4 19 5 31 0 98 1 4 14 3 18 8 13 52
7 73 11 11 13 10 8 15 4 1 1 88 17 51 16 34 10 65 0 95 18 49 5 98 15 46 3 48 9 61 19 68 6 28 12 69 2 60 14 70
6 66 0 72 8 30 11 3 1 74 13 90 10 1 2 77 7 93 12 76 4 87 9 16 5 55 19 51 3 39 15 6 18 43 17 45 16 60 14 81
19 9 9 40 14 32 13 97 17 70 2 50 0 65 11 71 8 69 1 63 6 34 18 62 16 83 5 46 12 95 3 4 7 72 4 11 15 90 10 62
8 46 0 71 17 7 6 74 9 98 4 93 14 22 19 10 3 34 18 14 5 8 11 33 7 53 10 46 15 82 16 4 12 66 13 67 1 56 2 1
18 1 16 33 11 23 17 24 19 51 6 41 4 67 15 65 7 50 2 78 5 94 13 21 0 80 1 82 14 18 12 91 3 53 8 74 10 3 9 13
3 6 2 17 19 17 6 16 9 32 1 2 7 28 18 38 4 48 11 36 5 33 12 77 14 92 0 40 10 82 16 33 17 76 15 13 13 70 8 81
15 11 6 11 8 67 14 23 17 41 5 92 0 98 19 95 1 66 9 28 4 6 10 31 18 83 3 61 12 6 16 89 13 61 2 41 7 43 11 92
19 6 16 47 0 92 3 85 9 17 18 13 2 43 5 63 7 67 17 79 8 2 12 17 4 8 11 4 6 10 13 4 15 12 10 61 14 22 1 5
5 32 14 88 7 37 1 57 9 77 13 78 3 32 15 39 10 11 8 92 16 22 11 68 6 72 12 25 4 12 0 93 17 87 2 68 19 53 18 42
12 34 19 2 18 4 3 19 11 75 5 87 14 41 10 38 13 3 4 63 8 79 7 44 2 9 6 27 9 77 15 33 1 5 17 94 0 24 16 2
5 84 11 94 0 13 18 86 9 63 7 93 17 43 12 46 19 42 6 98 4 97 16 67 8 21 15 48 1 84 10 6 2 5 14 40 13 97 3 67
5 97 18 96 6 99 7 98 17 60 14 70 8 56 19 67 15 8 4 94 2 69 10 79 9 2 13 67 3 51 1 95 12 53 11 53 16 11 0 11
11 27 17 29 13 41 5 5 16 58 8 77 7 7 18 32 0 17 15 94 1 29 10 51 4 48 2 61 19 51 12 11 14 89 6 65 3 66 9 10
14 50 18 96 5 46 10 23 15 20 1 23 13 81 3 20 6 16 19 31 12 65 11 82 0 8 8 80 7 57 4 68 17 32 16 91 9 60 2 77
19 9 1 64 18 70 0 4 6 49 13 53 3 75 12 2 7 9 11 9 8 54 14 56 17 50 16 29 4 87 9 87 15 65 5 54 10 61 2 13
15 78 7 94 6 6 3 36 16 34 17 86 18 76 19 49 8 78 1 78 13 93 11 11 14 48 10 37 0 72 12 12 4 60 9 52 5 94 2 38
15 6 19 1 7 54 6 22 5 8 14 11 13 6 3 10 16 38 18 64 11 3 0 22 2 48 1 21 12 75 10 8 17 89 4 21 8 71 9 39
14 37 13 37 3 75 15 32 0 61 8 10 11 92 9 1 19 45 4 91 12 1 5 30 10 91 17 60 1 30 6 37 16 31 7 5 2 86 18 86
3 71 4 48 1 3 13 37 2 22 18 33 12 11 11 30 8 28 14 68 19 16 7 4 15 45 17 40 6 72 9 85 5 30 10 23 16 55 0 93
18 38 6 80 15 46 13 49 7 54 19 62 10 60 0 57 8 7 16 71 2 99 5 87 9 55 17 68 14 29 4 77 3 28 1 48 12 28 11 47
19 70 1 83 7 3 4 68 15 76 11 58 17 23 9 38 5 20 18 83 16 49 13 94 14 57 3 11 12 67 8 48 2 74 0 47 10 97 6 71
8 81 12 22 4 48 7 45 17 20 6 77 11 38 3 30 16 11 13 71 0 43 18 68 5 4 14 96 9 43 1 72 19 75 15 81 10 9 2 48
8 48 1 90 12 81 18 40 17 58 0 24 19 3 15 39 5 96 10 78 9 90 13 86 2 92 7 40 11 53 14 14 3 32 6 52 16 30 4 52
0 55 16 39 8 11 15 46 4 57 2 80 12 70 1 9 6 8 17 45 11 26 18 22 9 88 14 82 13 94 7 59 5 38 10 35 3 22 19 36
19 56 9 40 17 60 7 3 13 92 1 50 5 83 2 85 3 2 6 32 18 68 4 80 0 92 10 87 14 48 11 36 12 50 15 55 8 80 16 3
14 59 9 51 15 5 19 62 18 8 8 22 16 18 10 45 13 30 1 60 12 70 3 60 7 93 2 18 4 79 6 3 5 92 17 33 0 62 11 7
11 47 12 10 0 67 3 80 6 75 9 46 13 42 17 71 14 31 5 68 7 80 4 75 16 24 1 97 18 4 15 49 8 84 19 72 10 80 2 95
8 36 5 68 10 88 4 73 7 82 16 40 14 6 12 18 9 7 3 94 17 36 13 69 6 13 18 34 2 46 1 9 19 67 15 9 0 25 11 70
0 98 18 18 2 7 13 24 1 96 5 55 17 49 8 46 6 10 16 99 7 49 10 11 9 77 19 55 11 20 12 5 15 8 14 73 4 60 3 73
5 92 17 42 6 10 8 36 18 64 15 91 3 31 13 8 14 37 12 6 0 48 11 16 9 97 19 82 7 73 2 50 10 28 4 61 1 90 16 61
4 18 17 57 7 43 2 38 9 40 18 50 6 55 0 30 3 54 14 50 5 39 1 22 16 31 11 70 13 12 12 63 15 22 10 42 8 24 19 7
4 4 14 22 0 27 5 82 9 26 11 9 19 48 13 24 7 8 1 18 15 22 2 42 10 37 17 96 6 9 16 29 3 27 12 84 8 31 18 6
11 43 9 2 4 45 8 42 14 70 16 5 15 3 19 88 6 17 12 81 7 20 1 86 0 24 3 63 2 79 17 83 13 50 5 96 10 83 18 1
3 69 5 32 11 82 4 89 8 71 18 87 17 17 14 93 1 30 19 96 13 87 10 10 16 56 0 67 6 41 12 60 2 24 9 28 15 61 7 18
19 90 8 90 13 15 3 58 7 68 17 6 12 78 1 92 5 18 15 32 18 80 6 52 4 73 2 88 9 71 10 30 16 98 14 9 0 28 11 7
12 9 5 44 17 69 9 87 18 36 2 80 13 26 0 10 3 10 1 13 19 59 11 4 7 30 6 3 10 38 14 72 15 6 8 57 16 18 4 38
14 45 7 87 3 55 9 82 16 24 1 8 18 38 17 63 11 34 0 88 2 86 4 91 10 30 15 55 6 41 12 75 19 8 5 81 13 14 8 75
