50 20
17 34 9 18 13 56 3 95 6 18 5 48 19 53 16 48 7 21 12 34 8 2 10 78 2 40 18 80 11 8 1 5 15 19 0 44 14 51 4 61
12 48 11 52 3 13 6 22 2 92 13 17 8 76 7 2 19 7 9 65 4 31 10 78 14 82 18 32 17 20 16 44 15 30 0 28 1 59 5 11
0 79 7 6 4 41 15 45 11 24 8 64 17 20 5 94 1 45 13 24 16 82 18 48 9 4 2 52 10 75 12 54 3 48 19 13 6 88 14 31
12 21 3 25 2 30 6 48 11 37 5 83 7 40 16 19 1 24 15 45 19 80 14 43 18 84 13 53 8 73 10 29 4 44 9 1 17 67 0 7
1 35 5 25 14 12 7 9 8 39 16 33 11 41 6 40 0 66 12 13 2 75 15 13 3 83 19 2 10 11 9 7 17 32 18 99 4 70 13 75
14 81 19 8 3 29 18 58 8 40 10 19 13 55 0 4 15 56 5 67 17 51 2 28 1 51 7 33 4 41 12 92 9 26 6 60 16 15 11 32
17 75 6 28 19 8 13 72 8 65 1 93 14 1 9 63 12 13 3 10 18 66 11 55 10 22 0 38 16 53 5 7 2 19 15 49 7 3 4 53
17 27 14 15 19 74 18 96 4 58 10 84 1 12 9 76 15 87 6 13 8 41 7 44 0 23 3 45 5 70 12 66 13 86 11 33 16 76 2 15
15 39 6 75 11 27 12 63 10 83 7 21 0 9 9 89 17 52 3 10 19 22 18 54 5 78 1 27 8 26 2 23 16 79 13 41 4 25 14 92
5 10 8 47 2 88 1 60 10 5 11 49 18 22 3 26 19 24 13 85 16 23 7 40 15 96 6 78 17 18 9 92 14 64 0 52 12 67 4 69
17 26 11 59 12 37 6 27 2 85 14 23 0 89 18 8 19 64 1 95 7 3 9 87 8 69 4 10 13 66 15 94 16 35 5 64 3 81 10 79
1 78 11 30 16 39 2 62 14 23 13 11 9 85 10 97 15 56 3 51 6 14 12 13 17 94 19 96 4 33 5 59 0 55 7 96 18 93 8 50
17 86 7 50 11 77 10 56 14 94 12 54 2 82 15 17 16 62 19 8 3 89 18 85 6 77 9 86 0 61 1 85 5 27 13 94 4 40 8 58
12 67 2 69 15 90 5 1 14 2 10 77 7 83 9 50 11 19 4 14 13 82 16 31 18 25 17 90 8 90 6 7 3 18 1 84 0 95 19 51
5 3 3 47 16 58 19 95 10 17 4 87 12 95 6 70 15 96 8 37 18 6 2 54 1 6 9 8 11 98 0 11 17 75 14 37 13 97 7 6
14 30 6 83 13 12 10 22 0 14 11 2 8 53 18 20 1 32 2 23 19 14 15 59 4 92 7 56 9 63 17 38 12 64 3 90 16 9 5 34
11 14 13 11 3 49 1 10 5 1 17 13 4 41 16 22 9 34 19 6 0 56 14 4 7 92 18 29 12 41 2 80 10 7 6 68 8 99 15 96
8 18 6 91 13 94 9 15 17 5 19 56 15 44 4 16 0 13 10 81 16 89 14 35 3 19 5 47 18 26 12 48 2 90 7 46 1 32 11 77
14 3 19 27 2 75 10 29 5 57 9 71 7 38 16 27 18 16 11 44 12 52 4 86 15 13 17 85 8 80 0 35 1 31 3 2 6 12 13 84
13 67 18 30 3 59 19 77 9 84 10 32 1 93 11 42 15 46 7 13 4 46 16 37 2 68 5 61 0 8 8 54 12 98 17 22 6 37 14 20
12 33 7 79 2 36 18 78 5 97 16 8 14 38 9 35 3 45 19 65 0 56 8 98 13 76 17 30 11 9 4 58 10 63 1 60 15 13 6 21
5 69 8 81 4 96 6 28 13 95 10 8 12 85 14 93 16 74 3 18 7 1 1 65 17 76 2 51 0 90 19 9 18 49 11 85 9 28 15 75
0 5 17 49 19 15 16 68 18 44 5 71 11 2 6 77 12 66 4 66 1 89 14 36 13 55 9 65 2 55 8 87 10 82 15 34 7 26 3 33
9 30 2 16 6 39 18 16 8 8 12 31 10 76 7 13 4 9 19 15 0 76 1 3 16 75 17 27 11 91 15 87 13 75 5 83 3 16 14 38
18 98 14 68 5 95 16 2 3 80 2 37 0 5 4 76 9 82 15 42 8 96 17 98 12 74 6 81 11 83 10 31 7 46 1 11 19 52 13 68
1 60 7 22 13 18 11 44 3 27 2 57 10 83 6 74 17 29 15 74 16 51 19 12 9 3 0 74 5 55 18 19 12 3 4 1 8 22 14 10
9 97 15 28 14 37 11 43 18 69 19 40 6 3 0 36 1 70 17 69 3 53 7 10 2 21 4 33 8 56 12 12 13 69 16 84 10 25 5 66
19 72 11 88 7 38 12 85 18 27 5 49 16 99 2 99 3 6 4 2 9 20 8 74 1 37 10 57 15 37 0 28 13 87 6 34 14 79 17 86
11 77 4 2 5 47 6 97 18 94 15 4 1 25 10 71 7 44 16 6 9 40 8 10 17 82 2 18 0 25 12 67 3 12 14 60 13 56 19 80
10 79 2 9 19 11 12 15 15 56 9 84 16 79 17 70 1 60 14 7 3 5 13 58 5 56 8 72 11 9 7 57 4 86 6 34 18 45 0 10
8 79 7 87 17 15 12 17 19 92 0 45 2 52 11 29 6 64 13 34 1 27 9 24 18 97 14 64 10 53 4 69 16 9 3 57 5 50 15 47
18 21 14 41 4 43 7 53 17 63 8 7 11 11 12 3 10 61 3 20 2 69 0 97 9 67 6 82 5 14 15 89 1 74 19 45 13 96 16 32
3 98 4 33 11 3 15 45 19 52 0 20 18 38 8 14 9 33 5 53 14 52 10 46 7 36 1 47 16 94 6 30 2 1 12 6 17 92 13 9
15 68 5 72 7 35 17 88 18 77 2 85 9 53 6 43 8 17 4 9 1 96 14 97 3 7 10 71 16 34 13 41 12 78 19 50 11 8 0 25
0 25 10 67 6 18 3 47 14 10 15 97 12 39 18 26 11 36 13 2 16 60 9 2 2 32 17 88 8 54 1 95 4 71 19 22 5 18 7 17
5 95 9 99 0 23 18 35 1 50 14 31 6 79 3 57 12 84 10 8 4 82 16 28 17 16 7 86 19 77 15 57 8 19 13 14 2 76 11 87
3 82 2 26 1 71 4 7 8 10 5 44 9 61 10 71 17 54 16 22 0 82 18 13 14 82 13 91 12 72 6 31 7 83 11 10 19 30 15 98
7 21 0 22 10 2 18 33 9 14 11 31 8 84 13 44 17 54 2 18 1 70 3 40 5 44 12 5 16 29 15 65 14 26 6 64 19 65 4 5
1 38 4 86 8 59 11 65 10 2 12 49 7 78 18 72 3 81 0 64 9 34 17 97 15 32 6 39 16 65 14 72 19 35 13 64 2 61 5 68
14 70 5 61 7 28 8 79 17 52 3 52 2 53 11 80 9 75 15 33 18 96 6 80 10 48 19 61 0 1 1 65 16 84 13 61 12 92 4 16
5 24 18 30 10 65 6 90 3 11 9 65 14 50 17 37 2 30 15 4 13 63 8 64 16 89 7 22 0 42 19 5 1 50 12 11 4 67 11 50
5 66 2 77 12 78 9 88 6 41 10 95 11 7 7 72 17 60 1 72 15 71 18 29 3 22 19 86 14 72 16 81 8 93 0 44 13 64 4 74
16 44 3 98 10 92 1 41 13 60 2 36 4 77 19 53 15 29 6 44 7 67 11 14 14 23 0 47 18 84 12 19 8 56 17 67 9 73 5 12
6 37 5 77 2 31 14 24 8 80 11 19 18 11 9 90 0 3 16 87 19 94 7 1 17 30 13 38 4 82 3 13 10 20 12 58 15 53 1 63
5 29 1 89 17 99 19 66 6 8 10 93 18 80 11 44 3 70 14 33 9 42 0 36 2 65 15 3 16 13 12 51 7 27 8 62 4 31 13 25
4 6 7 66 5 36 15 4 16 49 12 52 10 7 17 29 0 3 8 37 11 9 9 69 18 96 6 92 3 17 14 27 19 67 2 57 1 32 13 15
0 50 5 29 2 74 3 29 12 74 10 64 9 17 18 27 8 69 14 49 1 46 4 94 11 86 7 81 19 92 16 87 13 30 15 29 17 63 6 31
13 87 4 33 8 86 7 53 0 81 11 86 3 11 17 6 16 88 10 17 2 1 15 94 9 86 12 95 5 80 18 44 19 71 1 41 6 91 14 93
19 35 14 32 8 29 2 89 4 63 10 55 3 62 5 70 12 29 18 95 16 50 17 61 1 35 13 99 15 24 0 71 9 29 7 74 11 27 6 87
14 49 15 57 10 8 16 4 0 76 8 80 1 45 5 99 4 39 18 71 19 72 2 95 9 67 6 94 7 18 12 85 11 13 3 38 13 79 17 98
