50 20
9 3 13 25 18 94 15 91 1 50 14 63 4 38 17 37 0 85 7 72 2 63 19 50 11 48 10 26 12 90 6 92 5 36 8 30 3 55 16 20
12 61 3 89 10 11 14 22 8 3 6 60 18 84 9 17 16 52 5 19 17 45 1 11 15 85 13 76 4 30 0 59 2 69 19 1 11 7 7 27
15 94 19 45 9 59 5 93 2 46 3 74 0 25 11 27 14 22 13 79 6 4 17 90 16 30 18 24 4 95 10 74 7 72 8 22 12 14 1 50
9 12 15 54 5 75 12 60 4 21 13 58 19 12 1 43 16 62 14 38 3 83 18 42 10 26 0 64 6 72 17 55 11 50 7 58 8 90 2 20
13 9 5 54 7 96 1 51 6 77 17 81 10 78 11 97 12 79 2 65 8 96 19 63 3 22 4 74 9 43 14 42 16 49 18 96 15 5 0 61
9 76 19 45 0 47 6 89 12 48 18 50 8 4 16 63 4 68 10 49 15 12 3 33 13 4 17 56 1 22 11 13 14 50 2 72 5 30 7 40
14 99 16 11 15 14 5 91 9 46 1 40 18 58 6 62 8 21 11 43 17 42 12 71 0 95 3 36 4 49 10 76 19 67 7 65 2 67 13 59
10 53 15 20 19 32 11 6 16 93 1 6 17 40 3 85 12 37 7 92 5 98 13 77 0 31 4 95 18 52 2 97 6 87 14 50 9 43 8 2
3 27 11 5 0 94 7 52 17 51 1 36 12 96 4 38 5 56 16 82 8 11 2 93 9 21 10 43 19 24 6 28 13 39 18 60 14 42 15 3
17 70 5 85 16 57 10 52 4 3 7 50 13 38 1 75 6 72 8 44 12 65 3 83 2 46 0 98 15 86 9 24 11 66 19 6 18 5 14 19
17 51 19 20 18 5 8 11 13 32 6 7 15 45 5 12 9 47 0 22 1 42 3 5 7 93 14 21 16 59 2 38 4 40 11 84 12 29 10 74
2 60 16 94 13 21 0 32 10 50 9 74 12 36 17 92 14 24 4 29 8 2 18 4 6 46 19 35 15 68 3 5 11 13 5 65 1 19 7 71
15 8 6 75 11 70 8 30 10 41 2 49 14 44 1 43 16 67 18 57 17 2 19 30 13 12 7 51 9 94 5 60 4 1 3 3 0 81 12 35
1 44 10 12 3 47 19 45 0 49 7 61 9 90 5 55 12 51 11 3 2 54 16 8 13 90 6 97 18 61 14 34 8 93 17 19 15 70 4 77
4 69 18 83 15 89 17 69 1 52 14 1 9 63 10 86 16 8 0 48 19 45 13 36 8 70 6 32 2 54 5 13 7 71 12 9 3 20 11 78
17 39 4 41 0 30 8 1 9 50 7 1 10 70 1 7 15 42 19 54 16 72 5 82 14 15 11 41 2 94 18 61 13 58 12 64 6 82 3 12
1 73 13 96 6 91 8 5 16 25 2 72 12 92 19 64 14 77 5 59 15 64 17 95 3 82 4 97 0 19 11 29 10 35 7 83 18 54 9 56
19 6 4 26 15 81 8 37 0 9 6 45 18 6 3 6 9 17 12 20 13 97 10 44 7 24 14 43 11 84 5 75 16 91 1 99 2 1 17 68
19 56 4 61 9 66 13 68 5 91 8 99 3 35 18 32 17 59 6 62 0 37 14 6 10 45 1 58 15 9 11 34 7 22 12 89 2 82 16 78
6 95 0 75 2 17 11 28 19 84 13 82 5 93 17 74 3 27 8 80 9 69 16 68 12 31 10 48 7 29 15 32 18 93 14 2 1 64 4 18
18 30 7 49 19 94 10 3 11 67 5 45 17 47 3 74 6 49 2 74 0 33 13 64 16 76 15 95 1 35 9 60 12 74 8 40 4 13 14 16
10 7 6 60 17 3 8 95 18 77 13 70 19 88 16 28 15 26 12 32 2 76 0 42 7 62 1 41 11 22 4 13 5 24 14 4 3 30 9 21
1 53 18 94 10 32 4 23 3 94 19 99 16 62 12 18 7 97 14 71 5 1 17 21 2 76 13 30 15 13 0 13 11 6 8 6 9 94 6 46
2 41 8 58 17 23 12 16 13 10 7 31 5 15 16 98 18 22 6 48 1 12 19 59 4 54 0 47 14 62 11 75 3 30 15 53 9 72 10 10
18 39 0 94 6 23 9 27 7 73 2 75 8 29 15 40 3 30 12 58 13 57 11 84 1 77 14 87 17 55 16 83 19 50 10 1 4 79 5 38
3 8 8 60 4 73 1 54 5 37 13 39 12 95 9 61 14 61 18 66 11 40 6 12 15 1 16 20 2 67 17 87 7 67 19 9 10 45 0 20
1 32 16 81 15 33 6 31 5 23 7 77 12 93 4 84 11 54 3 91 8 42 10 32 0 74 18 67 2 86 9 10 19 68 14 56 13 37 17 19
17 54 10 47 5 53 6 12 1 1 13 67 8 72 7 4 12 55 3 17 16 35 14 44 4 99 11 45 19 85 18 11 15 55 0 66 9 70 2 18
17 23 11 10 0 21 2 72 10 90 1 68 5 73 16 82 19 61 13 38 18 45 15 61 14 69 6 71 8 7 4 33 3 29 7 72 12 9 9 14
14 1 19 48 17 31 2 24 10 6 4 34 3 42 11 95 1 94 13 54 9 39 5 51 18 2 16 47 15 25 7 18 8 29 6 41 12 89 0 21
9 96 4 30 7 77 17 18 2 71 5 75 8 58 6 97 3 54 15 94 16 64 11 20 18 90 1 59 10 99 13 88 14 76 0 72 12 28 19 10
7 58 6 34 14 55 16 17 15 43 8 9 9 97 18 53 4 73 11 47 13 82 0 58 5 94 2 69 10 80 12 89 17 46 19 44 1 50 3 94
14 98 0 48 6 59 19 78 1 33 3 5 17 31 5 99 2 87 11 21 8 34 4 4 18 37 16 87 12 14 15 1 13 13 7 18 10 43 9 76
1 95 8 99 13 73 0 95 17 74 12 80 11 61 5 73 3 58 15 95 18 91 4 2 16 41 9 54 7 50 2 62 10 48 14 25 6 79 19 47
8 57 12 94 9 41 17 9 14 80 10 32 1 8 15 5 7 39 19 10 11 75 5 12 6 90 18 11 13 94 2 11 16 79 4 67 3 42 0 84
8 34 7 38 9 91 1 55 11 52 4 2 10 45 13 98 15 73 2 57 16 8 0 85 3 71 6 89 17 96 12 57 19 35 18 52 5 33 14 79
14 52 9 82 10 26 12 54 6 19 2 53 7 10 13 28 18 18 11 27 1 42 19 12 3 48 17 80 4 18 15 19 0 48 8 28 16 78 5 63
3 7 14 75 10 44 12 53 15 1 9 33 16 8 6 22 8 36 4 48 11 65 2 33 7 91 5 31 19 27 13 11 1 57 17 95 18 97 0 55
6 49 7 62 17 98 3 56 4 21 9 53 10 65 13 14 8 51 0 97 14 71 19 69 16 88 18 38 15 3 12 22 2 50 5 62 1 23 11 44
15 9 4 74 17 52 10 36 1 81 11 69 7 22 2 6 14 10 3 58 8 26 16 8 12 79 19 94 18 76 13 22 5 63 6 96 9 2 0 14
1 68 9 51 2 31 3 22 14 41 10 54 11 9 13 15 8 53 12 89 4 23 17 95 7 75 16 91 5 45 18 35 19 36 6 74 0 57 15 15
16 87 8 98 4 41 18 17 0 12 6 79 17 81 3 94 14 80 19 69 5 19 10 34 11 28 9 73 12 53 15 23 13 76 2 93 7 64 1 69
6 7 5 56 16 68 18 68 17 46 13 8 7 53 8 53 4 45 12 89 9 35 3 66 0 78 1 28 10 46 14 81 2 68 19 29 15 97 11 30
1 82 4 95 10 73 6 21 13 6 7 89 9 26 5 56 19 32 14 11 15 65 0 16 3 16 16 37 2 81 18 53 17 71 8 35 11 28 12 32
17 18 16 29 0 95 14 26 11 23 1 4 4 45 8 95 13 63 15 83 7 6 12 41 6 26 5 80 9 18 2 12 18 16 19 27 10 58 3 20
9 27 17 62 4 56 6 34 2 60 12 46 10 55 5 76 16 16 13 59 18 8 15 98 8 26 0 56 14 22 11 36 19 99 3 91 7 65 1 50
8 42 12 88 7 20 2 68 17 6 3 2 4 83 15 54 10 67 11 4 5 37 18 51 16 7 0 99 6 84 1 44 19 85 9 5 13 30 14 96
19 41 16 53 10 20 17 36 5 96 9 37 2 95 18 59 6 41 4 24 11 4 15 13 3 96 0 16 14 33 1 40 13 11 12 26 7 57 8 34
18 5 1 17 4 37 10 30 17 41 16 65 9 39 2 82 15 13 3 10 7 2 8 41 12 29 14 52 6 14 5 77 0 14 11 22 19 1 13 79
16 2 12 38 1 31 15 99 4 64 8 24 7 63 6 84 9 12 13 37 0 83 17 57 10 23 5 7 19 77 14 33 3 11 18 29 2 37 11 61
