50 20
19 21 18 64 7 95 16 72 1 1 14 77 4 76 10 92 2 62 13 22 0 23 17 94 11 80 5 58 6 79 3 39 12 41 15 88 8 51 9 24
4 96 11 50 14 60 9 50 0 76 8 69 3 83 6 32 5 25 19 74 10 97 16 93 1 11 7 75 17 26 12 7 18 80 2 60 15 15 13 43
5 18 19 39 3 61 17 61 2 22 13 96 12 88 10 6 14 87 7 11 11 79 9 31 4 54 8 80 16 47 18 11 6 22 1 34 15 69 0 5
6 74 8 77 2 31 0 52 9 75 5 47 11 18 1 78 13 19 3 59 7 10 15 61 12 67 16 20 4 64 10 28 17 72 14 80 19 65 18 64
7 43 0 69 13 31 1 60 17 73 12 99 19 62 2 24 4 75 8 66 15 58 5 93 10 60 3 33 9 17 16 60 14 55 11 23 18 12 6 15
15 74 17 20 4 78 12 33 13 70 6 80 7 55 16 56 19 29 5 14 3 87 11 88 18 28 8 44 10 43 9 75 1 23 14 68 2 54 0 99
19 67 8 96 12 53 2 95 14 62 9 66 16 83 7 29 6 35 1 52 4 68 15 97 5 49 0 4 18 49 11 61 3 37 17 92 10 94 13 64
7 93 3 53 14 52 11 97 12 16 18 54 15 89 13 50 0 77 16 26 6 86 4 4 17 81 1 41 2 67 9 87 5 99 10 40 8 82 19 47
14 66 13 21 2 2 15 66 19 26 10 56 6 33 4 19 1 64 16 86 12 76 11 27 0 43 5 33 8 86 17 9 7 26 9 28 3 3 18 76
17 71 3 18 10 17 16 77 9 90 19 24 14 36 8 51 0 69 5 40 15 2 4 11 18 10 11 44 13 15 2 25 6 57 12 32 7 71 1 77
6 83 0 54 12 49 8 73 14 95 11 63 3 53 16 42 18 28 2 20 19 2 1 11 15 6 7 91 9 75 5 58 4 9 13 76 10 80 17 86
6 74 2 57 4 98 7 70 0 3 17 12 1 97 19 49 13 54 11 22 18 69 5 1 8 48 15 52 10 40 3 91 14 99 9 56 16 43 12 91
11 69 12 27 0 70 18 18 8 92 6 3 16 93 13 4 1 1 14 63 7 94 2 18 15 23 9 33 5 23 4 83 10 9 19 45 3 14 17 70
5 7 17 52 12 45 11 12 18 73 8 51 4 94 1 59 3 85 13 84 0 93 9 79 7 50 16 72 2 33 19 29 10 17 15 41 14 70 6 7
15 51 17 73 16 26 1 64 10 75 18 14 9 93 6 62 11 72 13 56 3 55 5 23 4 80 0 90 2 45 19 93 14 36 8 60 7 27 12 49
2 95 10 67 12 9 13 16 19 21 0 42 6 19 8 41 9 53 3 66 5 23 18 8 1 85 15 56 16 49 7 59 14 97 11 2 4 27 17 40
2 3 10 1 18 10 19 68 0 4 5 1 1 2 4 47 13 10 15 89 8 71 14 64 6 18 16 72 12 69 11 73 7 93 9 16 17 88 3 69
0 69 9 98 14 27 18 91 19 89 4 65 13 25 12 85 15 69 8 14 11 25 5 29 3 70 10 41 7 38 6 48 17 12 16 20 1 52 2 39
14 95 9 81 17 45 2 81 3 83 11 34 16 84 6 54 0 88 19 92 1 66 10 2 8 98 18 47 5 8 15 86 7 9 4 44 12 88 13 90
11 40 14 30 2 62 1 2 3 96 6 17 19 46 18 38 8 61 0 56 12 66 13 82 15 70 7 97 17 57 5 72 16 91 4 77 10 93 9 90
2 97 15 93 9 31 5 74 11 33 13 46 16 46 3 75 12 4 6 70 7 86 19 84 8 60 10 9 14 89 4 15 18 51 17 99 1 79 0 30
14 90 3 46 8 35 0 6 2 52 1 54 15 59 17 98 7 69 10 49 19 50 6 33 9 21 12 88 18 85 13 82 5 36 4 46 16 77 11 30
1 94 16 1 13 91 11 12 5 55 7 70 3 10 12 66 6 41 18 74 19 32 14 25 2 49 0 97 15 30 9 8 17 13 4 75 8 71 10 88
8 71 17 85 19 17 7 93 5 4 14 81 2 55 15 86 4 25 13 33 0 39 6 40 16 1 3 75 18 30 9 87 10 19 12 96 11 99 1 38
15 60 0 11 12 77 7 41 2 47 13 56 1 87 19 85 4 19 10 93 3 43 14 81 5 20 18 6 6 29 9 92 16 70 8 55 17 83 11 80
19 58 5 4 3 39 15 53 6 24 16 97 7 43 17 80 1 12 8 55 9 51 4 98 2 43 12 57 18 51 10 17 0 76 14 10 11 44 13 72
11 88 2 86 16 2 6 57 15 2 1 40 19 23 7 76 18 26 12 21 3 18 13 24 4 42 0 34 14 66 5 47 10 96 9 55 8 19 17 21
6 78 19 93 9 98 12 29 13 61 7 47 14 69 1 28 8 42 4 35 18 24 16 24 2 5 3 55 17 29 15 3 11 96 10 74 0 95 5 84
5 81 12 64 3 80 17 50 2 1 14 65 7 49 19 25 1 94 8 44 0 5 4 97 16 76 9 99 15 65 18 8 13 59 6 70 10 29 11 85
18 2 8 76 1 55 2 85 4 95 3 35 19 14 12 72 11 93 6 43 17 88 10 30 7 94 14 72 15 3 0 56 16 16 5 53 9 18 13 5
4 36 17 42 7 2 2 14 5 54 16 24 6 57 3 67 18 10 11 13 14 99 0 64 1 30 12 4 19 41 13 90 9 88 8 82 10 77 15 95
0 18 8 51 17 97 6 26 18 68 2 78 19 5 10 59 3 79 7 65 13 84 15 61 5 59 9 85 1 38 4 68 14 82 16 29 12 4 11 68
2 3 19 96 13 83 6 59 10 78 15 56 16 66 4 45 12 54 7 98 1 74 17 87 5 49 8 53 0 15 3 10 18 19 11 90 14 28 9 19
5 14 10 86 11 39 17 49 12 56 14 85 1 74 9 94 15 59 19 57 2 19 3 86 8 92 4 77 16 43 7 68 0 89 13 24 6 62 18 20
1 17 13 72 8 49 11 88 7 77 18 79 16 18 0 78 3 78 17 16 15 32 4 18 5 8 10 18 2 14 12 67 14 24 19 11 6 26 9 68
3 40 1 71 18 20 0 77 10 76 11 20 2 44 4 67 13 45 8 4 14 91 15 75 7 32 9 65 19 63 17 74 16 83 6 96 5 46 12 7
18 33 16 85 5 96 8 63 7 18 6 58 17 86 11 49 3 27 2 75 0 70 10 75 12 30 19 94 9 96 15 52 4 88 14 72 1 98 13 74
14 99 15 36 16 73 6 2 8 11 4 83 1 10 19 66 7 12 11 99 2 44 13 90 9 14 10 52 0 20 17 83 18 6 5 75 3 19 12 82
19 65 3 64 16 89 0 91 15 78 2 61 11 84 1 19 6 18 9 93 8 90 5 67 18 64 4 93 7 1 10 21 17 80 13 84 14 13 12 79
9 9 13 66 14 65 2 45 4 21 7 96 12 20 17 70 16 47 10 22 18 98 3 17 8 84 11 36 15 48 0 28 19 14 5 9 6 98 1 48
10 96 11 39 6 84 18 38 8 11 9 53 7 67 17 12 15 89 14 83 2 31 4 76 1 88 19 54 0 4 16 88 3 9 13 57 12 37 5 29
2 98 11 39 15 32 14 14 8 95 12 2 17 83 18 85 0 28 16 48 5 92 6 6 13 88 4 24 1 69 19 60 7 29 9 78 3 47 10 13
0 36 14 4 19 97 10 44 15 14 17 31 13 90 1 76 11 72 16 65 7 73 12 64 6 6 3 1 8 8 4 7 5 84 2 1 18 72 9 70
2 1 12 8 6 48 1 69 0 81 3 98 15 38 11 9 17 80 10 72 14 93 9 97 4 18 5 50 16 30 19 95 13 37 8 43 7 6 18 43
6 3 13 23 12 49 4 35 9 46 5 7 7 51 8 62 14 70 16 81 11 48 2 98 15 20 0 84 3 23 10 62 18 85 17 91 1 55 19 21
18 60 10 85 0 25 16 45 3 94 17 40 8 13 2 51 12 77 5 60 15 16 19 59 14 76 6 5 13 48 4 82 7 54 1 6 9 85 11 49
0 73 10 58 1 93 5 23 18 43 2 25 11 57 9 39 15 58 12 46 8 22 3 80 16 91 6 66 19 21 17 47 14 84 13 85 4 52 7 20
5 85 9 80 6 75 18 77 2 64 12 23 7 6 13 61 8 60 1 63 19 81 3 22 14 80 0 50 10 60 16 12 4 55 11 13 15 15 17 23
3 32 6 92 14 95 16 58 0 64 17 55 1 88 7 46 5 50 8 39 11 24 13 36 4 69 18 98 9 95 15 46 12 99 10 30 2 88 19 43
17 72 3 21 4 9 8 32 19 17 10 59 6 60 11 23 12 13 13 78 5 25 1 27 16 55 9 32 7 27 15 43 0 6 2 99 14 63 18 83
