50 20
16 41 12 36 4 61 5 92 9 71 1 67 18 62 8 84 2 43 14 74 11 44 0 60 19 64 7 37 13 91 10 25 6 5 17 74 15 9 3 54
16 52 18 14 4 68 1 18 7 45 5 20 2 85 10 6 6 85 0 26 19 43 14 41 17 13 3 77 13 83 15 77 8 50 9 92 12 56 11 59
7 7 3 5 0 64 17 51 1 11 18 6 12 7 6 47 4 5 16 28 9 60 11 11 14 94 2 21 5 54 15 95 19 2 13 82 8 58 10 31
13 59 8 54 12 74 4 60 7 57 11 25 10 45 6 56 2 31 0 66 15 50 19 53 14 52 5 81 1 48 18 91 17 2 9 45 16 98 3 97
11 29 3 55 6 87 10 70 15 57 12 6 19 69 14 9 17 14 18 71 1 52 4 34 5 69 8 10 2 74 9 50 16 54 13 10 0 25 7 67
13 93 11 81 4 51 0 92 9 44 15 87 19 37 16 29 8 19 3 20 17 69 6 10 10 37 14 22 18 66 5 61 7 82 12 31 1 31 2 48
5 15 11 33 19 44 8 17 9 28 6 9 4 81 10 9 17 24 13 57 14 60 2 50 12 55 18 11 16 78 3 20 15 93 1 19 7 69 0 49
5 17 3 24 16 28 0 38 7 61 15 30 18 75 1 62 12 68 8 98 13 91 11 57 14 51 4 53 17 70 6 88 9 25 2 95 10 4 19 53
18 88 12 48 5 36 8 87 6 57 4 96 1 43 3 62 11 27 9 95 10 96 13 78 7 16 19 14 2 22 0 82 16 86 14 93 17 71 15 73
10 2 18 66 5 84 11 22 2 34 0 49 12 23 17 22 1 78 7 72 9 19 14 16 6 41 13 20 16 30 19 6 15 11 8 89 3 96 4 58
17 50 6 2 4 50 2 27 16 87 18 14 19 89 15 75 8 17 3 67 1 16 10 9 9 96 0 94 13 60 7 46 11 69 5 97 12 52 14 23
14 78 17 83 5 82 9 96 13 45 0 37 11 17 2 35 4 19 3 12 8 57 18 33 1 86 6 61 7 56 19 50 16 84 12 64 10 69 15 80
15 86 13 28 5 23 6 37 0 63 11 54 19 19 10 16 2 71 18 51 7 14 17 62 12 85 3 98 14 68 8 51 4 97 16 86 9 1 1 85
18 95 7 26 4 81 9 28 3 6 15 10 19 15 6 63 2 48 11 31 1 72 16 73 8 53 14 6 0 36 13 81 5 3 17 16 12 57 10 63
10 85 4 29 19 81 5 97 18 85 0 86 6 38 17 92 12 79 1 59 3 86 13 14 9 86 7 61 2 27 14 19 11 36 16 56 8 12 15 27
11 27 1 67 0 59 3 72 2 41 16 87 8 65 9 87 19 66 6 9 15 31 17 86 5 13 10 53 4 55 18 81 7 27 12 44 13 26 14 92
6 28 1 11 16 54 19 77 3 81 7 29 2 93 0 29 4 63 10 42 14 48 18 24 15 98 9 83 17 63 12 27 5 84 8 18 11 44 13 51
13 33 12 51 6 63 2 67 10 75 0 93 19 92 16 73 3 19 18 88 11 20 8 51 4 47 14 13 7 12 1 31 5 92 17 49 9 27 15 52
13 73 10 80 3 30 4 72 8 52 18 75 1 60 6 30 19 44 2 33 15 69 7 32 5 89 14 81 9 3 17 76 16 31 11 74 0 44 12 38
9 92 19 54 11 81 5 42 18 89 15 59 1 75 4 40 2 99 12 99 17 26 3 61 8 94 0 22 6 1 7 83 14 54 13 97 10 19 16 74
19 55 3 21 0 36 17 92 8 15 16 95 15 67 7 75 11 32 6 62 2 41 13 90 14 64 4 2 10 77 12 65 5 47 9 11 18 4 1 36
0 94 14 69 5 32 16 44 15 77 2 22 19 4 9 77 18 22 12 19 3 59 4 15 6 79 8 70 1 49 7 95 17 44 10 93 11 25 13 94
9 64 13 39 14 75 10 65 5 42 3 36 1 12 6 55 19 73 0 80 16 5 7 80 11 64 2 86 4 15 12 82 8 48 18 34 17 79 15 80
5 40 12 50 0 13 18 71 15 42 1 20 6 74 17 15 3 13 7 97 11 98 2 28 13 28 9 17 19 18 8 40 4 34 14 59 10 50 16 32
12 34 9 16 2 6 1 32 19 98 4 32 5 84 17 94 14 83 3 71 7 42 18 15 8 11 16 13 15 98 10 34 0 36 6 60 11 35 13 89
7 64 15 46 6 94 8 12 1 45 13 77 16 21 3 85 9 72 5 62 17 84 2 7 11 36 10 83 19 85 0 95 14 17 4 48 18 60 12 61
6 42 19 4 0 96 15 15 1 89 9 44 13 38 16 68 18 88 4 92 2 21 5 53 11 17 14 42 3 40 17 63 7 47 8 1 10 77 12 78
19 72 3 87 18 45 17 96 16 52 7 81 10 42 8 80 15 38 6 93 9 64 13 2 11 86 14 1 12 48 4 24 5 72 0 53 1 30 2 19
5 8 6 98 1 74 3 52 9 22 0 40 8 41 17 7 15 80 4 98 10 68 2 48 13 74 16 79 19 77 12 7 14 78 11 85 18 23 7 51
5 18 4 71 10 11 9 41 8 26 0 5 3 9 14 8 11 74 12 99 1 18 16 31 17 39 19 78 15 31 7 13 2 99 6 43 13 37 18 26
0 15 5 12 16 86 6 36 7 26 3 30 18 11 17 21 2 45 4 90 12 43 11 93 13 3 15 15 10 46 19 14 9 79 8 68 14 10 1 53
3 49 7 25 0 17 9 22 17 28 18 38 11 32 15 79 6 6 1 26 13 31 14 23 8 50 19 75 16 42 5 97 10 90 2 90 4 69 12 51
14 33 12 38 1 98 4 14 2 62 11 83 16 19 7 87 3 47 10 59 19 98 0 93 13 89 6 22 15 79 5 25 9 24 8 69 18 41 17 19
9 31 14 91 11 72 16 92 10 21 13 13 8 98 15 82 12 70 3 91 1 91 2 28 7 58 17 16 4 25 18 79 5 23 6 81 0 82 19 36
3 57 14 5 0 53 6 49 12 95 19 42 2 69 4 88 13 33 11 36 8 77 7 95 9 96 18 79 16 94 17 40 10 78 5 35 1 26 15 9
18 48 15 57 10 96 7 93 3 33 1 44 19 13 13 25 17 46 16 26 14 56 5 86 0 34 2 69 11 30 9 92 12 73 8 50 4 84 6 66
17 8 5 93 11 54 16 92 8 73 19 37 13 68 14 17 3 68 18 26 0 10 15 15 4 72 12 69 6 23 7 11 9 50 2 94 1 45 10 80
1 41 13 35 5 76 7 20 2 53 3 94 4 16 19 67 16 94 14 87 11 78 17 56 10 11 0 60 6 63 18 47 9 32 8 75 12 98 15 68
13 75 11 32 18 65 9 51 0 24 5 95 12 13 2 90 17 22 15 57 4 66 1 4 14 47 8 32 16 48 10 85 7 41 19 36 3 40 6 84
1 89 19 33 2 98 12 26 10 96 18 97 3 91 8 83 7 4 16 87 15 76 9 58 5 72 14 87 6 3 17 79 11 76 4 90 13 51 0 89
18 87 6 93 13 44 3 92 16 51 10 18 11 61 7 13 2 20 8 52 0 94 17 37 1 7 4 62 12 76 9 48 19 72 5 6 15 65 14 4
7 60 17 41 11 89 6 73 16 60 8 8 12 82 9 15 3 97 18 53 13 83 0 47 14 80 2 51 15 91 10 50 1 75 5 5 19 18 4 75
0 58 8 89 18 20 9 8 17 16 2 30 16 69 15 4 1 39 12 81 19 36 4 22 7 83 5 1 3 4 13 43 10 35 6 90 11 72 14 26
12 98 17 41 2 16 15 60 16 48 5 47 11 71 14 16 0 86 13 82 3 87 18 93 8 14 7 64 1 15 4 18 10 66 9 83 19 54 6 13
8 23 7 47 14 84 2 4 19 82 15 79 16 53 17 86 3 28 0 1 4 41 9 77 1 77 12 67 6 38 13 67 18 45 10 34 5 65 11 56
8 97 0 13 17 59 15 88 6 76 9 86 12 1 18 70 19 28 13 14 10 39 3 7 7 52 1 23 11 41 2 54 16 30 14 76 5 41 4 1
5 71 6 50 16 65 14 36 13 18 17 44 12 3 3 62 18 72 0 91 4 91 8 69 15 17 7 6 10 47 19 16 11 21 1 69 9 44 2 38
16 50 2 10 13 86 11 28 15 38 18 99 6 15 7 12 10 47 9 91 4 58 12 38 19 88 0 93 5 56 3 10 14 13 8 75 17 70 1 44
4 70 7 10 19 20 16 40 6 60 5 54 3 29 10 87 18 91 15 34 11 98 1 50 0 8 9 97 14 96 12 98 13 65 8 67 2 26 17 3
9 96 13 17 1 8 8 6 10 91 16 88 15 4 17 3 14 92 0 56 7 82 2 59 4 47 19 42 5 96 6 77 11 88 3 34 12 17 18 49
