50 20
2 8 3 13 18 72 16 87 15 81 7 27 11 26 12 79 13 75 9 38 4 72 0 42 17 1 14 16 8 17 1 79 5 9 10 1 19 86 6 35
7 18 13 61 9 43 1 2 16 20 0 88 3 63 11 88 4 47 6 40 14 1 18 43 12 74 10 74 8 27 19 24 2 6 5 30 15 53 17 67
18 98 0 62 16 49 11 80 13 28 10 93 1 28 3 5 14 90 9 70 7 71 15 23 17 96 5 33 4 31 12 21 2 30 6 67 19 34 8 48
8 64 12 34 7 69 19 71 15 2 16 40 13 21 11 16 6 5 1 49 4 92 2 66 3 99 14 62 5 5 10 65 17 97 9 11 0 13 18 75
10 81 17 64 4 68 0 28 3 39 1 2 11 54 5 77 2 43 18 27 14 54 13 40 15 52 8 48 12 96 19 77 9 94 16 73 6 20 7 60
10 85 8 31 3 17 17 4 2 61 4 88 13 91 15 15 7 58 19 66 16 68 12 20 5 41 0 66 6 63 9 98 14 8 1 34 18 77 11 87
4 31 14 64 13 29 18 60 19 62 12 78 15 39 6 37 17 61 16 46 0 74 9 59 3 91 7 28 1 92 10 41 11 36 5 94 2 81 8 37
0 43 19 76 13 45 15 10 12 49 8 19 18 80 5 26 17 44 7 25 14 35 11 25 3 7 10 98 1 11 9 19 16 18 2 17 6 15 4 21
12 10 7 55 0 47 19 95 2 68 1 20 11 39 5 66 6 7 14 85 13 36 8 93 3 55 10 14 15 57 17 27 4 50 16 13 9 30 18 86
1 99 12 16 11 6 9 12 17 5 15 67 13 73 2 9 0 45 18 55 6 61 10 32 19 12 5 12 16 10 4 26 7 88 3 34 14 93 8 37
18 67 9 51 6 94 17 68 1 37 14 3 8 17 4 41 3 73 10 5 11 56 15 18 16 95 2 63 7 20 13 98 12 63 19 55 5 5 0 42
19 74 8 34 15 70 17 36 1 36 2 91 9 37 12 85 16 46 4 2 7 20 14 3 5 64 0 62 10 61 18 85 13 78 3 3 6 18 11 86
12 82 1 72 10 17 5 16 9 97 15 35 8 9 0 93 11 43 17 23 13 17 2 3 3 3 19 96 14 94 6 98 4 74 16 65 7 94 18 37
18 74 2 74 12 49 14 40 16 5 13 60 15 45 7 24 4 66 19 17 11 53 3 30 1 78 17 57 10 75 9 58 8 50 0 63 6 12 5 20
7 49 19 36 12 18 17 27 8 23 5 59 2 82 9 63 15 8 13 25 10 61 18 29 3 41 0 6 11 94 16 44 1 33 14 37 4 98 6 5
3 52 16 86 18 35 15 52 0 40 5 95 2 8 9 48 14 40 8 69 19 80 4 47 12 72 10 24 13 36 1 50 11 39 6 56 17 39 7 47
2 90 15 42 19 8 18 58 16 66 17 24 14 67 10 32 8 91 9 26 1 67 12 41 5 89 3 41 11 17 13 42 4 9 6 37 0 38 7 60
1 85 2 77 0 24 5 67 6 49 14 40 8 60 7 17 10 35 4 35 17 45 18 82 16 64 13 11 11 5 19 45 15 99 12 75 3 2 9 48
13 71 19 35 7 27 6 93 15 39 4 10 12 42 17 9 8 83 18 9 9 65 2 44 3 56 16 62 0 84 11 72 5 64 10 7 1 58 14 98
6 69 5 54 10 49 1 67 4 85 11 79 13 70 16 95 8 76 17 92 14 81 7 19 18 44 0 1 19 86 2 90 3 28 9 11 15 18 12 97
6 28 17 98 3 34 0 30 12 85 11 68 5 26 9 7 14 26 10 46 13 49 2 38 16 31 4 23 8 66 18 10 15 17 19 6 1 84 7 76
18 55 1 58 2 77 15 27 17 88 7 21 13 49 0 62 3 13 14 55 12 26 16 67 8 78 9 38 10 60 6 42 11 50 4 36 19 82 5 82
1 27 14 34 4 47 8 80 0 39 5 82 2 41 10 8 7 80 6 84 12 57 19 18 9 78 16 94 15 56 13 42 17 31 3 56 11 67 18 62
8 42 15 41 18 14 6 96 12 86 5 94 1 21 7 75 9 14 3 69 17 63 13 50 0 60 10 28 2 41 14 64 4 40 19 60 11 32 16 55
13 87 11 35 4 67 15 70 12 34 2 12 14 37 1 58 0 99 18 14 7 47 8 96 6 58 16 35 5 75 10 55 17 29 9 95 3 65 19 82
3 87 17 96 5 6 11 75 7 82 13 27 15 14 12 71 1 59 8 1 16 12 0 54 14 16 19 60 9 43 6 2 4 83 2 42 18 51 10 35
15 4 9 72 16 97 0 5 4 40 6 12 14 98 10 91 18 47 1 45 3 52 11 92 19 76 2 39 8 21 12 34 13 39 5 76 7 95 17 28
0 13 8 58 7 64 4 4 18 67 14 8 17 82 6 1 5 49 11 13 2 82 19 96 16 11 10 10 9 94 13 2 12 47 3 53 15 57 1 36
1 93 15 95 8 47 10 36 7 50 14 21 17 20 5 11 4 49 11 69 0 82 16 73 19 81 6 22 9 99 12 86 18 26 3 16 13 25 2 89
4 90 7 35 9 46 6 99 10 30 8 81 13 62 5 45 18 54 19 61 1 73 2 67 11 11 15 64 12 40 16 73 14 51 3 16 0 57 17 2
1 21 14 10 15 38 4 53 6 19 7 41 3 50 16 92 17 90 19 28 12 99 11 21 8 40 0 94 5 71 13 86 18 40 10 95 2 76 9 69
6 26 2 21 18 10 5 97 3 38 16 88 8 69 7 82 14 97 1 42 19 23 9 78 11 98 0 7 4 96 12 97 13 24 10 32 15 19 17 75
5 97 18 27 10 14 6 61 16 95 9 63 13 99 8 91 0 46 1 71 19 16 11 71 7 27 17 59 12 43 14 47 3 74 15 69 4 62 2 99
2 1 6 54 11 26 18 55 4 36 19 17 16 11 0 26 7 98 10 44 14 32 12 30 15 94 3 97 8 51 9 5 1 74 13 70 5 33 17 88
10 43 3 64 19 60 12 92 15 43 9 37 17 70 1 42 4 40 18 89 7 59 8 21 16 65 11 39 6 30 0 44 2 7 14 95 13 92 5 95
12 32 2 22 8 13 18 96 4 9 0 94 14 48 11 85 15 57 16 70 3 48 5 94 7 29 6 24 19 57 9 77 1 99 17 8 10 72 13 57
14 90 6 30 1 52 13 40 2 84 18 85 11 94 5 89 8 62 3 23 16 98 15 83 9 65 17 74 12 25 19 72 7 24 10 85 0 87 4 1
5 94 1 52 13 26 7 5 0 16 18 64 16 8 11 92 19 45 17 32 2 56 10 83 6 97 15 66 4 14 9 98 8 48 14 44 12 44 3 89
6 43 12 7 5 38 0 71 15 56 18 34 8 39 2 23 4 37 17 87 7 15 16 61 3 70 1 42 10 80 13 2 14 96 9 48 11 1 19 31
5 84 19 16 2 39 1 35 11 88 6 33 16 77 15 57 12 96 4 8 18 65 10 8 13 84 8 36 14 80 7 57 9 67 3 23 17 40 0 46
13 98 9 57 17 10 1 61 4 15 11 8 19 73 14 25 12 33 16 42 3 79 15 47 2 18 18 58 10 90 5 63 8 75 7 89 0 4 6 37
4 13 11 47 13 41 5 64 16 95 7 68 2 31 17 83 12 52 14 90 8 26 9 47 6 77 18 15 1 33 3 39 19 82 0 82 15 10 10 78
9 61 5 49 10 9 12 33 16 30 14 2 15 64 17 94 7 24 0 61 8 73 2 78 19 97 6 97 18 25 3 22 1 83 13 97 4 22 11 50
13 73 19 80 12 74 4 92 1 72 18 37 10 18 8 27 11 56 17 96 14 19 0 24 15 88 6 21 2 98 9 5 5 78 7 97 3 19 16 83
12 70 19 25 10 53 7 52 14 70 13 46 6 73 17 20 15 38 4 14 11 2 9 74 1 71 18 21 5 42 0 97 2 20 3 79 8 72 16 92
10 91 6 98 1 64 17 26 12 86 11 49 14 81 5 89 19 93 8 16 7 9 15 70 0 74 9 14 16 70 4 78 2 97 13 43 18 35 3 82
19 47 5 45 11 99 17 58 13 30 0 22 3 96 9 82 7 33 1 40 4 60 18 93 15 8 12 95 14 19 10 48 8 72 2 18 16 46 6 50
13 52 16 25 7 6 10 18 15 64 0 51 11 18 9 1 17 50 6 24 4 39 1 58 2 96 3 20 14 17 12 61 8 58 5 47 18 38 19 9
17 98 5 97 0 52 2 25 1 5 14 34 11 16 10 68 16 60 9 64 4 66 8 1 6 55 12 61 3 20 19 39 13 54 15 7 7 11 18 77
8 24 15 66 2 63 1 16 0 8 16 58 3 45 9 22 10 26 18 74 19 8 12 4 7 73 11 30 5 5 4 25 17 61 14 13 13 77 6 54
