50 20
3 28 8 70 6 83 13 31 19 7 17 92 1 91 2 19 4 12 5 9 9 32 18 80 7 37 10 67 14 56 11 62 15 90 0 81 16 41 12 81
5 48 7 41 0 21 15 87 3 65 9 40 16 62 14 15 11 94 6 9 8 37 2 24 1 89 17 94 13 26 18 21 12 62 4 50 10 23 19 44
8 21 10 27 5 32 4 27 0 11 12 49 6 52 18 19 2 12 13 36 11 49 14 32 9 16 19 71 17 16 3 13 1 77 16 71 15 41 7 30
15 47 12 15 3 20 14 42 5 61 0 47 7 67 10 56 16 5 13 50 2 44 6 75 1 83 8 98 18 86 11 84 19 29 9 5 4 69 17 92
16 12 7 20 6 95 11 85 4 97 17 43 14 42 9 73 19 75 10 64 12 30 0 83 8 9 5 10 18 6 1 20 2 86 13 33 3 93 15 97
5 22 10 85 0 53 3 57 14 10 16 91 9 11 19 90 4 20 17 52 13 16 11 59 8 98 18 38 6 85 15 18 1 37 12 10 7 64 2 73
11 57 2 86 12 25 18 73 7 26 10 96 8 59 6 6 9 79 5 38 3 51 13 40 4 58 15 24 16 62 19 95 1 56 14 89 0 6 17 5
13 53 6 87 15 49 12 52 19 51 0 98 7 7 1 85 18 30 3 23 11 78 9 55 17 3 4 81 14 51 10 95 5 98 2 18 16 26 8 79
18 93 5 49 19 91 8 21 2 50 14 6 12 25 0 44 16 11 10 68 17 57 1 60 9 45 4 55 3 31 6 59 15 89 13 12 7 79 11 21
4 51 16 77 2 70 10 72 1 66 7 93 13 58 17 10 19 64 14 79 3 79 8 41 18 58 15 33 5 10 6 2 0 95 12 55 11 8 9 23
8 97 13 63 3 78 6 61 5 37 11 89 14 1 12 95 4 78 16 3 19 23 15 41 0 73 10 22 18 21 2 58 7 82 17 51 1 45 9 88
4 24 10 58 14 56 13 39 9 38 12 95 1 5 0 61 7 69 17 98 11 36 5 21 19 21 15 79 3 29 6 73 18 81 16 78 8 79 2 76
10 93 0 41 5 94 14 37 4 21 17 18 13 98 11 43 9 47 15 67 16 84 7 35 8 97 6 9 2 8 19 58 18 42 12 1 1 83 3 73
0 23 5 12 2 97 18 60 9 29 7 7 17 83 16 20 14 44 15 35 13 71 3 12 1 67 11 41 6 93 19 52 12 38 4 59 10 62 8 79
5 52 10 30 6 32 17 95 7 50 14 43 9 32 11 43 13 62 1 35 0 63 2 26 4 80 15 11 3 16 8 52 18 74 12 39 16 75 19 36
10 40 18 78 3 34 7 45 12 58 2 76 14 67 1 21 4 87 17 95 19 1 0 10 13 49 6 94 8 64 9 61 16 9 5 8 11 10 15 38
5 72 18 17 16 35 0 10 7 79 4 48 11 14 19 5 15 8 14 39 8 93 2 86 12 20 9 23 3 34 1 39 10 32 6 51 13 68 17 20
11 15 10 25 4 56 6 69 3 8 8 91 19 89 16 45 12 92 13 62 15 9 2 54 7 22 9 51 5 17 14 19 0 85 1 77 18 18 17 25
4 85 11 3 13 38 14 85 12 73 1 3 0 71 7 76 2 95 6 43 3 47 8 31 5 93 18 6 15 41 16 33 17 6 9 8 19 16 10 89
3 89 4 28 5 11 11 90 10 10 0 94 17 2 16 11 19 86 8 11 13 33 14 36 1 3 12 80 7 51 6 72 9 85 2 89 15 65 18 91
18 2 14 70 15 44 1 84 7 51 9 79 8 2 2 74 0 57 5 79 13 12 19 55 3 33 17 12 6 5 12 24 11 48 4 51 10 14 16 98
17 45 10 2 1 50 5 71 3 82 16 61 9 75 6 62 19 15 15 91 13 9 2 26 18 20 0 56 8 72 11 34 7 98 4 43 12 46 14 67
13 66 2 98 1 4 4 53 19 91 0 71 17 2 9 12 16 67 18 92 3 20 5 91 12 76 6 30 11 78 14 48 7 38 8 34 10 37 15 2
4 57 1 11 3 69 13 52 11 96 2 58 19 67 18 34 17 93 10 11 9 72 5 7 16 8 7 36 8 99 15 35 0 95 12 44 6 45 14 75
6 55 9 32 15 23 12 56 2 33 10 34 5 36 13 8 16 83 3 28 11 89 4 98 0 93 18 92 17 15 7 70 1 1 19 12 8 73 14 16
17 55 8 8 10 14 0 30 3 73 16 44 1 47 15 64 4 37 11 9 13 47 5 71 7 51 19 92 14 87 6 69 12 38 18 29 2 41 9 35
18 8 4 89 0 80 16 51 5 75 6 48 10 82 2 35 1 95 19 54 14 5 7 49 11 17 9 87 17 62 12 8 3 45 8 11 13 62 15 52
6 24 0 87 5 62 18 61 19 28 11 21 12 17 16 16 14 86 7 91 9 44 10 75 3 37 15 82 8 54 13 35 17 73 1 23 2 57 4 20
18 51 5 78 7 55 13 65 4 11 6 94 1 66 8 43 9 54 19 8 10 58 0 99 14 43 15 5 11 88 16 78 12 31 3 11 17 22 2 90
6 86 13 24 7 44 8 98 0 51 18 13 4 87 12 37 11 75 16 62 9 41 17 45 10 9 19 68 3 45 2 45 1 64 5 46 15 2 14 42
6 1 18 60 10 62 11 53 16 63 4 78 14 34 7 9 12 90 13 25 0 33 3 50 8 2 2 73 5 99 9 4 1 80 19 77 15 3 17 41
13 74 1 86 6 38 3 66 9 22 5 43 17 57 18 94 2 41 11 92 7 77 16 53 12 1 4 33 8 66 10 58 15 51 14 79 19 87 0 63
6 47 3 16 16 39 15 38 1 54 13 13 18 10 17 63 7 80 11 47 14 87 5 94 9 87 2 13 8 94 12 7 19 66 10 70 0 35 4 25
1 56 2 50 15 2 16 30 4 16 19 87 18 78 0 76 7 59 5 13 10 76 13 66 11 60 17 55 6 16 3 97 8 21 12 45 14 97 9 81
1 41 10 30 16 95 12 63 6 37 19 71 14 49 18 22 0 59 4 39 2 34 13 57 7 23 3 91 8 86 5 38 11 86 9 7 15 17 17 82
14 11 3 49 19 37 6 41 4 21 15 30 16 1 17 24 13 28 11 17 1 7 7 77 5 99 0 21 9 22 12 14 18 14 10 15 2 26 8 81
19 54 8 9 11 77 6 79 7 90 14 37 5 95 15 31 2 88 3 4 16 76 4 9 13 23 10 94 18 27 12 82 0 79 1 67 17 6 9 31
5 97 7 75 6 47 9 83 4 50 1 37 16 67 19 4 15 8 2 45 14 84 18 57 17 21 8 41 0 6 3 38 13 26 12 69 10 59 11 89
5 29 12 1 14 59 3 14 0 59 1 93 16 8 8 52 9 96 15 56 17 51 19 29 7 87 6 25 13 94 2 13 18 85 4 17 10 13 11 97
17 79 10 31 5 71 3 58 19 45 13 2 6 6 15 45 8 12 14 35 18 99 1 79 7 86 2 38 16 95 4 90 9 35 11 79 12 33 0 76
5 8 7 51 9 69 3 49 18 49 17 87 16 6 15 27 10 96 8 1 14 85 13 99 6 17 1 8 19 92 0 57 4 71 12 81 11 13 2 39
19 15 9 41 7 59 10 16 12 26 5 19 4 76 16 93 3 23 8 45 2 28 6 11 15 65 0 26 11 60 13 45 14 78 17 50 1 21 18 61
13 27 10 95 19 33 12 26 14 40 15 90 17 24 9 90 2 74 6 69 8 47 18 59 5 69 3 31 16 22 4 53 11 91 1 70 0 93 7 28
8 56 13 79 18 59 3 58 17 80 6 89 10 59 19 6 15 65 0 8 9 83 14 8 5 23 12 62 11 79 2 31 4 67 1 8 7 95 16 6
12 39 11 18 1 24 6 70 9 31 5 15 15 9 17 6 10 36 2 1 13 98 19 69 16 88 7 78 14 61 8 8 18 21 3 48 0 39 4 9
12 92 0 92 13 96 10 99 19 90 16 51 14 14 9 70 5 73 11 77 8 95 3 43 17 41 18 41 7 90 2 62 4 27 6 60 1 61 15 63
5 55 15 4 3 93 6 97 1 11 10 78 13 24 9 80 11 67 17 12 12 53 0 98 2 4 19 59 16 72 7 6 14 55 4 17 8 88 18 15
16 37 2 53 13 44 6 93 3 23 11 75 0 30 14 83 17 98 5 98 12 23 9 1 18 15 19 8 7 7 15 37 1 72 4 26 8 8 10 38
2 50 0 34 17 96 11 60 9 93 15 50 19 25 4 41 14 28 5 18 6 89 7 37 13 74 8 94 12 89 1 9 18 60 10 30 3 10 16 10
8 78 2 40 6 28 0 6 18 15 3 88 15 1 4 21 5 12 19 15 16 89 11 22 10 58 14 20 9 93 1 58 7 87 17 70 13 75 12 87
