50 20
13 92 16 98 7 15 19 35 14 75 4 47 18 33 12 57 9 27 3 56 10 31 6 67 5 74 15 69 8 33 0 62 11 36 1 64 17 39 2 37
5 18 7 93 16 7 11 66 13 62 2 53 0 84 6 85 18 78 4 80 9 31 3 35 17 6 19 90 14 80 10 53 8 60 12 17 15 44 1 41
15 95 0 2 9 57 17 78 18 2 6 9 14 86 16 75 7 8 2 85 13 2 19 7 4 8 3 79 5 68 8 20 1 61 12 88 10 72 11 62
13 92 8 76 7 18 6 33 1 67 16 55 10 14 18 14 4 8 14 16 3 55 0 17 17 45 9 9 12 30 15 92 2 53 19 38 5 67 11 30
13 24 16 61 17 25 12 16 7 79 4 22 3 83 11 72 9 9 18 44 14 3 0 46 8 42 15 49 1 25 6 99 10 23 2 68 5 2 19 64
3 79 15 20 13 5 4 79 7 68 17 15 19 14 2 8 16 56 8 78 18 67 11 88 1 75 6 3 5 34 9 50 10 73 12 2 14 90 0 8
10 48 19 55 12 5 15 93 17 6 7 16 16 30 0 66 9 85 13 58 3 33 8 19 14 4 4 69 18 94 5 47 1 97 2 14 11 99 6 78
9 79 18 71 19 98 1 76 6 96 17 58 7 70 11 18 10 84 3 58 4 49 14 10 15 20 5 48 12 78 0 48 13 71 16 60 8 9 2 20
9 62 18 73 4 74 8 99 5 36 6 13 7 31 2 57 3 38 19 25 10 11 14 5 11 3 0 44 17 77 12 52 15 11 13 46 16 28 1 24
8 28 14 9 4 52 19 89 11 47 17 21 10 16 0 98 13 42 7 55 1 70 3 14 18 92 2 15 6 22 9 85 16 91 12 82 5 60 15 78
15 99 9 19 4 58 17 92 6 53 18 19 12 36 7 52 5 39 13 75 10 20 11 65 14 55 16 27 0 18 2 7 1 18 8 7 19 76 3 5
6 3 19 32 5 57 8 10 13 56 16 96 12 87 9 63 0 54 11 2 14 45 4 97 17 36 3 80 7 78 1 41 15 95 18 68 2 89 10 75
5 19 13 3 1 4 9 38 10 63 16 43 15 37 11 56 18 57 3 13 19 26 17 5 6 90 0 81 12 54 7 87 2 43 4 62 14 55 8 89
0 78 9 22 13 65 6 8 7 20 12 87 5 24 3 30 8 12 10 92 11 31 4 28 2 39 15 88 18 88 17 44 1 93 16 78 14 40 19 3
8 18 15 79 4 24 13 51 18 50 5 23 0 80 3 61 10 97 11 26 1 88 2 49 9 60 14 26 17 80 12 38 16 49 19 89 7 76 6 23
17 89 14 84 3 5 19 8 9 41 4 96 6 52 10 97 2 55 0 40 18 98 11 33 1 16 5 55 16 22 13 38 12 88 8 21 7 11 15 50
10 81 18 81 8 73 6 4 11 83 17 74 7 30 2 3 0 74 14 97 1 31 3 93 15 55 13 14 16 13 12 39 9 28 5 20 19 36 4 73
0 51 4 37 9 33 15 90 10 88 19 63 18 29 5 90 2 10 1 9 7 6 3 70 13 99 16 65 8 60 6 66 11 16 14 15 17 74 12 12
2 80 16 53 12 53 8 7 11 16 15 5 0 26 14 20 7 94 6 53 10 7 3 41 9 84 1 49 19 50 5 81 18 48 13 67 17 17 4 96
13 40 11 60 0 50 12 58 3 30 18 85 2 89 17 57 8 15 4 69 14 57 10 43 6 7 1 92 16 44 5 15 7 67 9 21 19 1 15 14
14 29 9 12 4 17 8 95 11 57 10 83 17 3 2 47 15 7 13 94 16 3 1 82 3 84 18 47 0 61 6 25 7 68 19 93 12 39 5 50
5 36 8 44 12 17 0 35 16 53 2 42 9 5 1 96 14 33 6 51 11 7 7 58 10 51 3 94 13 22 19 52 15 5 18 49 4 95 17 11
9 76 1 15 17 60 14 95 13 25 19 32 12 28 3 37 2 37 11 38 18 82 16 70 6 31 4 68 0 84 15 80 10 19 5 83 7 53 8 21
12 3 5 16 15 51 11 58 16 76 1 68 10 57 3 93 9 92 7 24 17 51 8 79 14 52 18 79 6 7 4 11 13 83 19 21 0 19 2 14
11 38 14 48 8 65 10 12 5 40 2 12 4 21 19 25 9 33 16 74 17 84 1 83 6 70 13 38 15 79 18 41 3 93 12 61 7 51 0 43
11 69 9 12 15 44 10 67 2 92 3 76 0 21 12 38 17 49 8 75 18 17 6 27 16 64 13 70 14 60 7 85 4 41 5 63 19 52 1 4
15 15 16 73 5 94 6 74 18 40 17 88 10 43 1 45 2 54 4 36 13 13 12 14 11 43 8 32 19 98 9 74 7 81 3 1 0 71 14 59
15 36 9 5 19 78 17 48 11 18 0 23 18 42 12 35 13 20 4 70 2 85 7 12 14 97 1 57 5 73 16 73 3 15 8 42 10 31 6 72
4 66 13 96 19 93 8 83 10 60 2 41 15 14 11 29 17 63 1 81 16 62 18 59 14 96 5 79 9 14 6 86 3 72 0 9 12 60 7 60
3 28 16 51 2 89 4 21 11 75 17 73 0 41 6 44 13 35 18 23 15 96 1 23 5 36 10 71 12 33 19 43 9 3 7 71 14 22 8 91
5 14 16 32 14 37 7 23 15 89 17 35 6 74 12 46 13 39 11 12 18 43 19 57 0 35 10 77 4 11 3 78 8 66 9 94 1 91 2 3
5 73 13 89 12 33 7 23 2 96 18 29 4 5 8 1 17 21 16 34 11 17 1 33 14 76 0 16 19 63 15 26 6 82 10 84 3 37 9 18
4 63 9 29 13 8 17 96 18 14 11 68 12 61 19 44 15 4 16 89 10 73 8 58 1 23 14 98 7 60 6 47 0 25 3 26 2 57 5 24
10 31 14 3 12 96 5 14 2 92 17 88 3 16 6 48 15 77 16 6 4 22 18 22 8 85 7 40 19 6 13 5 0 20 1 66 11 72 9 94
11 27 18 33 0 13 2 7 12 98 9 88 8 95 4 14 5 22 1 40 16 3 14 11 10 47 7 99 3 54 15 22 13 28 17 75 19 50 6 17
9 79 19 2 18 36 7 89 2 88 4 59 5 36 8 88 15 49 11 5 3 30 6 86 17 48 16 14 10 80 14 71 0 74 12 37 13 43 1 20
16 48 2 95 12 65 15 23 3 18 18 65 5 92 4 92 1 33 10 42 11 61 6 49 0 37 17 87 9 38 7 41 14 28 13 91 19 53 8 30
15 45 2 61 3 9 4 55 18 50 16 82 14 97 10 51 6 6 0 91 11 82 7 5 5 21 1 89 13 5 17 91 19 78 12 65 8 28 9 91
15 24 11 71 18 32 7 30 17 14 14 13 2 19 4 46 13 13 16 33 0 77 6 76 10 83 9 1 19 44 1 43 8 28 3 32 12 64 5 1
2 86 8 82 6 50 11 75 10 71 3 90 16 51 4 49 17 48 0 18 14 48 1 11 5 65 12 90 7 42 19 83 9 42 15 73 13 33 18 9
7 85 13 98 1 2 19 3 5 90 8 40 9 24 6 88 10 31 3 94 4 73 17 29 15 25 2 40 14 15 16 14 0 20 11 50 18 53 12 38
4 17 5 89 8 33 10 36 7 26 6 89 14 93 9 55 16 16 11 72 3 55 2 76 13 23 12 34 1 68 18 48 15 47 19 86 0 28 17 52
0 80 4 85 6 82 7 35 1 59 15 75 14 25 2 26 12 90 11 20 18 77 10 93 8 96 3 61 13 4 17 48 9 25 19 33 5 99 16 95
12 24 9 85 4 27 0 73 6 56 8 56 3 82 17 16 13 26 11 24 19 40 18 88 5 48 7 79 15 13 1 87 14 50 2 55 16 91 10 52
4 35 8 25 12 58 17 99 9 79 1 38 11 85 18 6 16 40 10 37 3 92 2 91 14 26 6 9 5 83 13 5 7 83 19 90 15 53 0 27
4 47 13 33 5 22 9 5 16 34 2 4 15 82 14 60 8 70 3 28 17 67 0 81 19 1 11 13 1 50 6 96 12 73 18 16 10 30 7 75
1 61 5 15 3 28 9 78 18 31 19 3 8 26 10 26 4 66 0 60 11 55 14 86 2 28 16 68 15 35 17 9 7 19 13 74 6 6 12 9
7 4 9 82 8 53 13 62 16 48 2 74 11 13 12 52 15 25 6 2 17 6 4 7 1 46 5 3 14 92 0 32 18 75 3 4 10 83 19 84
12 22 1 54 19 99 5 24 9 22 10 63 6 16 16 20 4 4 2 84 17 80 15 57 7 71 11 24 14 84 3 34 18 24 13 60 0 91 8 35
18 40 15 83 0 79 10 67 7 19 9 39 8 71 3 8 12 66 16 62 2 83 6 67 17 87 13 90 14 51 11 84 5 74 4 76 19 66 1 62
