50 20
16 45 17 47 18 74 15 57 14 12 0 41 5 18 4 73 2 77 7 59 6 33 11 32 19 80 12 44 3 12 13 20 10 94 8 79 1 2 9 70
1 99 15 21 17 5 10 45 5 44 0 61 19 72 8 5 9 69 3 6 6 93 2 25 18 54 13 21 4 16 12 57 16 36 7 70 11 17 14 47
1 36 15 66 17 49 6 12 4 56 11 81 14 69 8 60 18 23 0 44 3 28 2 45 16 2 9 4 7 34 13 52 10 34 12 40 19 49 5 89
0 58 18 23 1 98 16 98 11 60 12 93 10 84 14 58 2 22 15 60 13 67 19 38 5 94 17 29 8 50 3 87 6 85 7 78 9 59 4 35
7 96 2 27 12 80 1 26 17 32 6 1 10 32 16 84 8 45 14 80 11 68 9 33 4 4 5 13 19 52 0 27 13 30 3 86 18 14 15 52
2 65 10 16 0 7 14 66 13 54 11 12 15 59 4 96 16 7 8 44 6 36 9 52 19 21 12 95 7 85 5 39 1 35 18 5 17 86 3 31
8 77 16 90 11 65 3 87 19 40 7 57 10 62 4 67 0 78 13 75 9 21 6 83 14 20 1 93 18 73 17 64 12 28 15 85 5 39 2 31
12 35 4 44 3 22 2 59 16 52 6 20 10 81 14 40 18 61 11 59 7 60 13 11 19 25 1 42 9 48 0 60 15 84 17 47 5 21 8 26
13 59 6 51 4 19 19 71 17 42 18 72 2 97 14 60 0 34 16 77 12 76 8 34 15 7 1 46 5 75 3 98 10 87 11 71 9 77 7 56
8 31 12 57 15 37 1 14 4 10 9 84 7 43 16 1 3 51 6 50 5 76 11 11 2 13 17 73 10 60 18 24 19 28 14 48 0 85 13 88
10 66 9 75 12 41 19 70 13 44 5 34 17 6 1 43 8 64 18 35 16 52 3 39 14 3 2 69 4 46 15 38 0 61 11 57 7 10 6 46
2 1 6 82 9 49 19 5 11 96 5 71 14 21 16 7 13 80 8 67 3 28 1 74 17 33 10 43 12 49 15 84 0 13 18 79 7 38 4 14
15 91 0 61 17 71 1 42 19 33 14 5 16 25 13 25 10 21 4 72 7 24 3 86 9 78 11 35 12 29 5 86 6 36 18 59 8 81 2 77
8 51 9 7 1 1 19 39 10 38 17 16 4 30 2 34 3 34 15 57 18 30 11 28 13 1 6 13 16 96 0 95 12 66 14 22 5 98 7 64
1 36 10 91 6 40 13 30 16 91 9 24 19 79 17 44 12 29 15 46 11 54 5 93 7 58 8 83 4 5 14 62 3 83 18 10 2 93 0 42
0 30 16 4 7 3 6 89 1 70 9 4 5 95 14 30 17 1 11 87 19 75 13 5 15 10 4 30 10 67 2 1 8 97 3 2 12 77 18 56
8 5 18 41 16 48 4 19 10 68 5 45 7 37 11 24 19 53 15 73 12 10 1 50 14 96 13 33 6 42 2 55 3 47 0 53 9 79 17 58
0 28 17 3 1 6 4 50 19 75 18 55 10 70 6 60 16 63 12 83 3 50 7 32 11 71 8 63 14 28 13 9 5 88 9 36 15 28 2 60
6 96 13 94 0 42 14 50 4 56 15 55 16 61 11 59 5 41 8 55 19 86 10 28 12 18 17 5 1 29 3 83 18 69 7 43 9 31 2 35
0 88 9 2 1 55 6 81 12 42 11 3 17 60 15 11 7 87 18 36 3 24 2 34 16 57 13 73 4 8 10 53 14 48 5 19 19 39 8 97
13 81 5 11 1 69 16 82 2 76 14 82 0 52 6 16 15 49 8 58 4 3 19 3 10 81 12 90 9 69 18 36 3 85 17 67 11 11 7 7
9 88 19 59 2 93 8 25 3 2 10 94 4 11 16 89 11 32 17 60 14 6 1 96 7 19 6 75 12 1 5 31 13 26 15 98 18 39 0 10
9 80 8 4 17 3 6 20 3 56 13 70 12 75 18 65 4 75 0 75 7 90 1 69 15 98 16 45 19 73 2 55 10 10 11 30 5 53 14 83
2 75 18 98 7 22 11 83 15 55 19 39 6 39 8 33 4 83 3 81 10 3 1 41 12 84 9 63 13 68 5 70 14 4 16 35 0 16 17 20
13 24 11 39 14 35 18 90 4 95 6 83 12 17 9 79 5 31 10 37 3 65 2 23 7 99 8 27 0 92 19 1 17 65 1 94 15 2 16 74
12 99 14 11 4 74 8 26 15 92 10 76 18 18 19 59 9 16 3 45 6 65 17 25 13 58 2 76 7 14 0 29 16 68 5 47 1 2 11 77
1 83 11 23 16 36 18 67 0 1 9 12 13 90 10 92 3 90 2 28 4 95 19 22 8 60 6 22 12 95 5 29 17 58 14 42 15 44 7 15
2 66 13 31 18 52 14 94 3 42 4 64 5 10 15 34 9 55 0 88 16 11 17 93 6 66 11 78 12 45 7 11 1 83 19 39 10 51 8 75
1 17 19 32 16 27 9 8 6 33 18 87 17 44 7 3 4 27 8 28 13 43 15 8 10 47 0 38 3 4 12 2 5 69 2 43 11 57 14 2
17 48 0 14 16 12 19 74 6 76 9 78 15 20 4 76 2 20 5 27 18 35 3 92 8 51 10 82 11 95 14 44 1 43 7 4 12 70 13 56
16 26 1 63 2 61 6 25 4 95 5 4 3 98 13 27 11 32 7 5 19 94 12 3 0 20 18 36 17 43 10 76 14 99 15 41 9 15 8 98
2 8 13 56 11 93 1 63 0 89 6 27 8 26 14 26 4 29 5 26 15 81 19 69 7 16 17 19 12 29 9 66 18 18 16 58 10 65 3 39
19 38 14 90 7 62 12 43 8 11 3 73 18 64 10 11 16 6 6 40 1 55 0 31 13 60 2 68 4 38 11 50 15 94 17 91 9 98 5 83
4 14 3 52 16 48 17 99 6 73 1 18 10 14 19 47 15 87 8 91 18 44 9 2 2 83 14 25 11 29 5 25 0 6 7 41 12 3 13 29
10 99 7 31 19 35 18 58 2 35 13 61 4 87 11 3 17 91 16 43 6 5 15 15 9 4 0 23 8 45 12 32 3 59 1 33 14 57 5 59
18 93 9 65 10 91 14 76 13 4 7 27 6 89 11 36 16 18 2 96 0 82 8 41 17 17 3 40 15 5 5 93 12 59 1 85 19 79 4 31
5 49 14 25 6 13 13 96 12 90 11 5 15 82 17 26 9 47 8 72 10 98 0 4 3 2 16 12 1 32 18 73 7 98 2 33 19 82 4 70
15 46 3 97 0 57 2 23 4 71 18 81 8 32 14 20 16 41 5 1 19 97 11 12 9 47 1 17 17 8 7 79 13 20 12 64 6 75 10 11
3 9 8 49 10 18 5 2 9 39 1 2 14 99 19 57 11 54 6 80 13 29 16 81 2 57 0 52 4 68 7 97 12 28 17 93 15 31 18 66
15 25 6 91 17 63 4 83 0 52 9 55 5 39 2 10 10 23 7 89 16 67 12 13 3 27 8 70 1 79 11 90 18 37 19 60 13 50 14 78
17 52 11 56 9 33 7 67 6 84 10 34 18 5 15 61 13 54 19 41 8 65 0 98 4 8 1 61 14 16 2 48 12 19 16 62 3 56 5 16
16 43 17 74 1 80 5 94 6 33 0 84 19 63 10 4 12 35 2 44 9 26 18 68 13 20 14 45 11 59 7 15 15 62 3 18 8 22 4 63
2 23 3 40 12 70 4 87 18 67 5 25 15 56 6 38 0 51 8 36 7 4 19 77 9 38 13 23 11 70 10 60 17 35 14 81 1 25 16 34
12 60 8 96 5 4 16 78 15 9 19 49 6 97 11 23 17 82 3 91 1 24 18 35 4 68 7 3 0 93 13 72 2 77 10 28 14 65 9 49
0 60 10 2 1 67 16 16 15 36 19 12 11 71 3 82 7 27 18 75 8 2 12 92 5 64 4 86 13 29 14 38 2 34 9 33 17 36 6 73
6 17 16 93 13 62 8 17 4 64 19 59 12 86 2 85 17 80 3 97 18 35 11 23 5 8 14 94 1 5 15 46 0 26 7 13 10 19 9 12
5 32 6 86 8 70 7 7 0 38 1 10 10 45 12 72 16 24 14 13 17 57 9 76 13 62 18 75 15 9 2 93 19 24 4 94 11 62 3 28
8 30 0 16 14 95 4 23 2 62 9 37 7 60 17 51 11 79 15 85 19 56 16 30 10 88 13 60 6 36 5 57 18 95 1 82 3 68 12 83
10 63 5 14 17 1 16 94 4 45 12 68 2 4 15 14 3 44 14 12 0 34 7 71 6 38 18 41 19 31 8 33 11 3 9 29 13 73 1 34
18 28 16 20 15 40 0 36 14 93 19 86 2 26 9 19 17 74 12 89 3 74 11 21 7 88 8 65 13 83 1 76 10 92 5 46 4 66 6 98
