50 20
3 65 11 99 17 24 18 72 9 47 19 31 2 8 12 8 7 84 10 93 4 2 13 66 8 3 6 70 14 93 5 76 16 97 0 24 1 86 15 9
15 19 5 14 11 9 7 13 18 53 12 25 6 63 0 7 13 51 1 86 8 89 4 5 2 27 3 87 17 48 9 23 16 63 19 45 10 84 14 66
17 27 5 18 4 92 11 23 6 91 0 67 15 23 1 5 3 47 14 31 7 79 10 87 16 96 18 83 9 29 8 99 2 97 12 41 19 71 13 49
19 80 8 37 11 28 16 73 18 84 0 3 1 29 4 37 6 2 15 9 17 41 14 82 3 32 2 59 13 28 10 6 7 39 12 83 9 72 5 8
15 68 10 95 16 48 19 82 12 81 11 76 2 20 4 18 14 15 1 95 8 79 7 80 0 49 5 16 3 99 6 49 17 87 9 61 13 81 18 74
17 33 3 82 5 39 1 70 10 25 2 94 16 48 13 68 15 58 4 68 8 89 12 77 0 18 18 13 14 95 7 55 11 61 19 37 9 37 6 99
1 30 6 33 4 72 3 30 12 42 14 93 18 70 9 64 13 15 2 2 17 10 8 53 0 53 16 86 11 89 15 92 19 54 5 13 7 31 10 73
1 1 19 55 0 99 11 51 3 46 7 88 6 31 18 78 17 38 5 21 14 11 2 74 16 66 12 53 4 7 15 36 8 44 9 34 10 95 13 37
15 81 9 35 7 41 17 67 3 94 4 16 0 77 14 2 11 8 12 29 10 38 6 66 8 29 13 14 2 18 5 74 18 16 1 37 16 61 19 38
5 43 17 79 7 79 15 48 12 2 13 94 8 52 11 15 9 61 10 30 1 48 16 68 3 19 19 3 14 10 6 90 0 52 2 3 4 81 18 53
17 34 2 78 6 96 13 50 19 83 12 66 1 14 5 57 14 53 11 47 16 99 10 22 15 99 3 68 8 1 18 9 7 94 0 32 9 66 4 72
9 93 16 58 11 82 2 16 5 46 3 53 14 9 15 79 7 46 10 67 8 68 6 90 18 49 12 42 4 26 0 12 1 69 17 53 19 11 13 77
3 36 10 84 1 7 6 68 9 62 15 81 4 87 8 14 2 88 5 47 11 88 7 7 14 41 19 34 12 64 17 20 13 42 0 17 18 15 16 73
15 72 6 11 12 58 8 26 0 87 13 8 19 74 1 72 4 21 3 14 14 29 7 27 10 69 18 30 9 88 17 59 16 59 11 39 2 40 5 25
19 96 17 86 16 92 8 30 13 95 1 37 2 5 5 28 18 46 12 8 0 66 10 39 3 98 11 63 4 68 14 76 7 16 6 20 15 61 9 60
6 99 13 7 17 70 10 64 11 24 7 24 9 85 15 88 18 81 19 15 8 69 0 13 1 86 14 65 12 18 2 22 3 3 16 3 4 9 5 3
8 2 4 14 2 92 10 39 6 30 9 87 7 55 15 74 18 27 16 32 1 43 0 6 19 74 5 65 17 61 12 67 13 17 3 37 11 5 14 94
16 86 5 83 15 70 4 70 8 18 3 17 2 62 19 17 12 35 7 5 1 53 14 63 18 22 9 25 13 43 11 8 10 58 6 69 0 76 17 76
14 82 2 80 6 99 17 59 8 42 4 28 0 83 16 88 1 36 3 53 11 94 5 49 19 34 7 88 15 62 10 71 12 69 13 11 9 48 18 50
13 53 7 61 16 24 10 44 3 22 1 50 4 59 5 41 6 59 12 16 15 55 17 61 0 76 19 38 9 21 2 45 11 14 14 59 18 13 8 48
16 85 19 5 9 53 0 36 17 67 14 24 5 54 12 47 13 28 3 95 18 64 8 11 1 65 15 4 2 44 7 87 11 46 6 2 10 40 4 28
11 6 16 23 2 48 5 53 0 91 9 83 3 9 14 59 15 83 12 8 19 64 10 95 1 67 8 29 7 83 4 20 18 46 13 27 17 26 6 96
10 93 12 62 3 96 13 44 16 17 9 34 1 69 8 10 2 5 11 33 19 66 15 33 4 89 18 35 0 53 5 9 17 38 14 32 6 48 7 53
3 69 14 20 9 86 18 72 0 79 8 44 5 33 13 58 15 50 17 44 10 82 19 8 12 68 4 63 11 28 7 45 2 78 1 55 6 75 16 3
17 25 10 36 15 11 3 12 2 96 4 51 13 96 6 15 0 61 8 9 16 98 7 1 18 57 5 48 19 97 9 78 1 1 14 43 11 85 12 16
16 97 19 40 5 7 1 33 18 62 6 44 8 64 12 15 14 43 17 88 9 11 13 36 15 82 4 20 3 61 2 82 11 85 10 39 7 36 0 89
0 65 17 85 18 25 3 94 16 22 12 35 8 28 7 30 15 93 14 21 13 83 6 71 11 25 5 30 10 18 9 51 4 26 19 14 1 61 2 28
16 92 9 77 6 93 5 80 2 45 7 37 1 74 3 33 17 42 4 79 14 53 18 79 12 84 0 37 8 22 13 6 19 25 10 33 11 95 15 6
8 24 19 15 6 12 9 91 7 34 3 11 0 29 10 13 15 41 18 60 16 52 12 37 2 92 1 41 17 39 4 12 5 6 11 11 14 21 13 17
16 13 7 4 12 48 13 53 3 16 9 49 17 33 1 74 19 6 6 90 11 33 14 17 18 4 4 22 8 85 0 31 2 21 15 79 10 30 5 83
13 57 8 22 12 18 16 32 0 27 6 38 14 55 5 76 1 29 4 2 9 13 7 19 19 94 15 78 10 57 3 77 2 59 11 34 17 51 18 17
17 89 6 53 5 56 16 68 15 30 18 20 11 5 9 15 13 43 14 67 8 22 2 38 4 99 19 82 12 27 0 57 3 63 7 29 1 87 10 61
17 41 11 75 6 8 10 80 14 96 5 24 1 26 4 74 15 87 12 99 16 73 19 57 18 10 0 28 7 30 3 76 8 80 9 72 13 58 2 52
19 79 8 45 11 79 5 22 14 94 3 65 7 89 9 46 10 36 1 34 18 89 15 50 12 19 16 71 6 31 13 27 2 6 4 27 17 35 0 96
0 88 16 78 17 88 15 94 13 20 11 80 5 15 12 47 10 47 8 85 19 62 9 22 3 48 7 56 14 37 2 21 1 68 18 56 6 12 4 1
16 75 8 57 7 24 19 19 17 11 4 22 5 59 0 91 9 76 12 37 15 82 3 77 2 16 1 19 10 50 18 7 14 96 13 81 6 41 11 86
7 99 12 55 18 81 17 21 11 6 6 1 0 66 19 79 4 96 9 76 1 65 16 53 10 69 8 65 13 89 14 52 2 14 5 72 3 15 15 51
8 16 4 65 13 24 16 23 19 90 18 32 15 47 2 49 12 69 11 92 17 90 7 46 3 60 10 53 5 5 9 46 0 17 14 1 6 13 1 5
3 98 1 60 8 99 9 49 15 1 16 52 18 15 4 58 6 97 14 83 10 17 19 41 0 98 2 40 13 23 7 46 12 19 11 16 17 18 5 88
12 33 19 70 1 12 7 22 15 29 6 43 18 63 17 63 2 6 13 63 11 47 8 49 3 24 16 89 9 90 4 22 0 85 10 77 14 75 5 79
10 75 12 2 18 87 1 69 17 79 13 66 11 77 8 46 2 72 4 43 9 74 3 18 7 55 0 11 6 92 5 63 14 95 19 50 15 74 16 94
10 36 6 21 4 61 11 17 5 20 12 17 7 28 17 12 1 66 2 32 8 62 3 61 19 59 9 72 15 83 13 80 16 41 14 14 0 43 18 42
16 60 0 94 8 94 18 47 12 26 5 14 3 48 17 29 2 58 13 86 6 4 19 48 7 69 4 37 15 21 9 1 14 24 11 41 1 38 10 55
12 12 10 9 13 50 7 74 18 10 15 81 1 41 8 6 2 97 9 49 3 9 4 5 16 23 5 34 0 91 17 80 6 96 19 43 11 83 14 52
6 42 18 58 2 78 1 71 12 48 8 9 17 79 7 38 0 58 10 38 5 16 15 54 16 5 14 36 4 6 3 4 9 52 19 77 11 91 13 50
6 50 3 55 10 90 11 73 17 7 5 24 0 41 18 30 8 67 7 22 14 23 19 76 15 54 12 45 9 98 1 72 2 61 16 97 4 47 13 91
3 20 8 19 16 61 7 2 1 91 12 91 17 11 19 58 4 65 0 49 2 51 6 77 18 12 14 37 5 67 11 44 9 3 10 28 13 63 15 58
9 55 18 7 0 45 13 91 19 25 5 44 2 80 1 79 7 91 3 27 12 62 10 61 11 24 16 38 17 85 6 39 15 27 8 96 14 95 4 88
6 11 17 88 1 62 4 92 14 73 15 85 18 46 2 57 8 29 13 79 10 72 3 70 5 22 0 62 19 33 7 65 11 34 16 41 9 96 12 7
19 42 11 11 5 12 2 99 3 83 8 91 6 26 1 63 14 46 7 19 16 60 18 49 17 46 10 65 4 59 9 18 0 6 13 37 15 69 12 18
