50 20
3 21 13 19 6 39 5 48 8 54 2 94 9 91 0 96 14 99 7 55 4 60 1 64 10 3 12 8 18 54 16 25 17 27 11 55 19 63 15 49
18 97 6 39 10 49 7 49 19 20 1 94 8 66 9 16 0 62 5 44 12 21 2 64 3 93 15 66 13 59 17 58 14 34 11 31 4 15 16 37
7 63 19 60 6 64 8 27 12 12 4 20 9 79 5 68 1 36 16 43 17 24 14 17 13 57 18 46 10 64 2 73 0 63 3 7 15 9 11 84
7 68 15 5 2 85 6 79 0 53 14 69 1 50 12 80 5 18 17 90 3 61 16 32 8 27 4 10 11 6 13 44 9 72 18 87 10 47 19 66
10 7 9 29 19 96 13 93 18 28 12 68 7 19 15 39 17 74 11 27 2 79 0 7 14 20 16 54 6 11 1 45 3 48 5 9 4 78 8 71
13 91 1 92 10 63 6 13 2 8 16 63 12 51 4 75 17 17 14 34 0 17 9 82 19 84 8 89 18 36 15 91 5 73 7 92 3 60 11 39
16 11 6 18 10 92 12 23 3 52 1 81 19 75 0 14 13 74 4 95 15 49 9 30 14 30 17 73 11 62 18 15 2 73 8 31 7 64 5 94
7 97 14 6 1 46 12 21 16 88 8 14 10 63 2 9 13 1 11 75 17 51 19 57 5 6 15 44 9 46 6 57 3 12 4 68 18 31 0 9
12 14 13 49 6 64 15 29 17 30 10 18 3 80 8 28 0 71 5 19 7 4 19 48 4 8 14 27 18 11 2 66 11 37 1 41 9 57 16 85
16 18 12 87 18 55 6 15 1 83 5 14 9 74 0 47 3 89 11 50 13 27 19 32 10 57 2 33 4 59 17 81 15 86 7 96 14 60 8 77
3 12 11 34 4 48 15 60 6 62 9 66 12 79 10 18 7 97 0 43 19 97 1 26 16 38 5 72 17 26 14 15 13 55 18 94 8 25 2 88
9 42 16 22 6 60 17 21 11 99 3 51 1 19 19 4 7 78 4 40 18 65 5 57 15 76 8 42 13 60 10 48 2 90 14 71 0 92 12 6
3 29 6 12 9 57 12 66 15 35 13 2 4 13 18 97 8 40 11 34 19 57 14 32 5 33 17 65 2 16 1 45 0 18 10 90 7 28 16 71
12 58 4 24 0 78 17 74 11 66 9 72 16 44 5 9 7 40 2 47 8 36 15 79 13 39 19 43 1 55 14 93 10 95 18 63 3 81 6 21
16 98 0 79 12 48 10 46 8 80 14 81 13 76 17 26 4 26 2 80 19 24 1 3 18 75 5 17 6 83 3 21 11 80 9 94 15 39 7 60
14 55 8 52 19 98 18 43 16 10 13 69 7 81 11 81 15 60 10 33 5 43 3 25 12 84 2 18 4 83 17 67 0 80 9 28 1 75 6 92
10 73 15 47 1 85 6 73 2 41 17 26 7 1 12 11 5 28 18 78 14 50 16 23 8 63 9 24 3 16 0 57 19 31 13 79 11 12 4 56
8 75 19 16 14 43 18 56 4 48 6 35 10 77 12 93 16 38 15 46 5 25 9 83 13 85 1 95 17 46 0 77 7 24 3 21 2 49 11 34
6 69 3 18 4 34 5 82 15 31 11 41 7 87 14 73 2 99 8 14 10 35 0 44 9 97 13 8 12 65 16 23 18 4 17 59 19 80 1 8
14 94 4 58 3 95 5 56 2 8 8 89 17 70 19 41 0 75 15 13 18 11 13 78 1 53 16 32 7 14 12 86 11 21 6 55 10 71 9 21
9 36 18 17 0 8 13 76 16 50 10 16 15 79 6 70 17 5 19 38 3 90 11 73 2 21 8 79 1 98 14 43 12 76 5 27 4 91 7 37
12 25 3 45 10 52 2 18 15 54 19 39 1 71 7 77 4 90 8 19 13 54 17 41 9 70 14 30 11 97 5 28 6 4 18 72 16 7 0 4
13 3 1 51 4 31 15 33 12 95 5 29 17 14 14 19 19 50 7 79 3 86 0 83 6 49 8 84 11 68 18 71 9 99 2 82 10 65 16 25
9 82 12 80 8 67 4 94 10 37 14 7 1 99 5 93 11 18 19 16 13 23 18 38 17 54 7 44 2 70 15 45 3 24 0 86 16 6 6 50
14 49 2 99 17 75 10 61 8 19 4 43 18 65 3 8 9 8 1 26 19 15 13 51 11 93 6 66 15 49 5 73 16 11 7 18 12 36 0 82
15 15 6 50 18 74 12 38 13 93 2 82 10 20 0 24 7 77 3 6 14 78 4 88 8 71 5 37 1 36 19 38 9 68 17 56 16 96 11 32
16 5 7 91 14 41 12 97 13 13 19 72 18 29 10 70 0 30 9 69 17 8 5 16 1 27 3 68 6 82 8 89 4 92 15 32 11 38 2 57
10 86 9 89 16 94 5 15 14 14 11 35 8 56 2 61 17 32 4 89 0 69 7 3 19 87 15 54 12 46 1 3 6 71 13 82 18 84 3 33
2 65 13 94 3 22 9 86 18 53 0 61 12 79 17 86 8 37 7 77 19 93 4 62 14 2 11 33 6 15 10 41 16 60 1 92 5 70 15 97
5 86 4 53 16 37 11 79 19 89 6 75 2 14 10 23 7 6 12 28 1 67 18 15 14 2 17 66 0 69 15 93 13 90 9 43 3 8 8 64
16 62 10 6 1 21 11 70 5 52 12 8 3 13 19 54 9 17 4 2 15 94 8 28 2 29 13 4 0 84 7 45 14 29 18 82 6 23 17 93
1 13 8 89 17 12 18 82 12 89 3 83 13 46 9 42 10 1 16 57 7 13 4 96 6 29 5 95 15 66 14 46 11 84 19 53 0 9 2 83
7 73 3 78 8 79 1 84 11 74 14 87 4 19 16 86 6 36 10 15 17 27 12 57 2 43 18 92 13 1 9 93 5 37 19 14 0 50 15 19
18 69 7 15 17 62 0 28 15 42 5 6 3 56 19 83 12 93 14 6 9 37 11 84 1 5 4 49 2 84 8 66 13 83 16 29 6 3 10 58
2 63 9 11 13 24 8 67 10 56 7 18 5 16 18 87 12 92 11 76 0 85 6 14 19 16 15 65 3 6 1 32 17 92 4 53 16 57 14 24
19 66 2 39 16 87 17 8 4 96 1 15 3 61 18 22 6 88 15 37 9 38 11 24 0 76 13 19 7 90 14 7 8 28 5 11 10 70 12 34
16 22 7 42 2 18 14 98 9 83 11 17 19 6 15 19 1 75 4 58 8 21 13 12 0 49 18 47 5 89 3 57 12 37 6 10 10 74 17 66
10 81 15 58 6 33 8 73 12 91 14 45 5 29 4 43 0 8 18 6 9 41 2 8 7 69 11 81 16 81 19 86 17 47 1 58 3 42 13 18
14 88 17 42 7 6 2 24 8 7 4 38 3 3 18 47 6 24 13 63 0 36 15 32 19 97 10 59 12 90 1 9 5 14 11 19 16 39 9 16
11 16 8 94 19 65 14 94 17 5 13 7 7 77 6 21 0 32 15 97 9 41 2 77 3 66 4 95 18 72 12 18 16 16 10 79 1 28 5 57
4 20 18 60 0 17 1 54 6 51 15 54 11 89 10 17 17 89 14 11 2 70 9 91 3 86 16 86 8 85 7 9 12 4 5 16 13 9 19 5
4 70 16 61 1 97 5 42 15 30 12 21 14 85 3 93 10 57 13 46 9 24 19 20 0 58 6 97 8 81 7 86 11 95 2 11 18 70 17 27
7 54 0 67 10 6 12 65 5 67 6 56 18 89 14 28 11 98 15 55 3 6 17 96 19 30 4 15 8 28 1 79 2 95 13 5 9 50 16 7
19 32 7 46 17 38 15 56 6 56 4 78 9 91 2 42 3 9 11 3 13 6 10 31 5 75 16 41 0 88 14 15 1 68 8 23 12 6 18 96
16 78 4 19 12 82 2 38 11 54 9 33 18 83 0 11 7 15 17 74 19 72 6 79 1 93 8 73 10 74 13 72 5 78 15 11 3 36 14 44
16 21 14 18 19 52 12 21 3 47 4 66 15 67 6 99 9 72 7 24 11 1 0 53 13 39 8 46 1 56 5 49 10 30 18 96 17 47 2 36
15 61 19 36 2 62 6 13 14 45 1 49 4 21 9 71 16 10 18 66 5 90 10 90 12 20 8 98 0 88 11 77 3 14 7 93 13 81 17 10
3 99 19 14 1 51 18 3 16 29 14 78 12 52 11 1 0 42 8 8 15 76 5 90 9 93 2 62 7 65 4 93 6 70 13 24 17 6 10 88
9 11 6 19 14 29 15 93 8 12 17 57 13 24 3 35 4 19 11 10 7 63 10 83 1 85 5 63 12 19 2 95 0 91 18 46 19 96 16 93
7 43 0 92 8 32 16 63 11 25 15 72 6 20 18 40 12 37 17 91 3 31 13 62 10 93 14 71 1 10 9 94 2 34 4 7 5 98 19 71
