50 20
2 22 16 6 13 61 1 80 9 88 4 81 0 92 14 1 10 77 7 33 18 65 19 9 5 22 12 47 15 27 8 62 3 90 6 55 17 93 11 14
2 66 14 54 1 50 7 22 11 14 12 81 15 34 5 11 8 90 4 43 17 47 13 63 9 47 6 70 10 89 19 10 3 35 16 98 0 89 18 29
7 51 4 91 19 61 12 89 3 98 8 61 18 52 17 28 15 73 16 16 5 38 9 47 11 45 0 17 13 52 2 50 6 54 1 7 10 43 14 2
6 68 18 33 11 60 13 31 4 24 10 7 15 48 9 62 17 39 16 88 5 79 0 63 2 27 3 38 8 81 14 8 19 36 7 52 1 33 12 22
6 18 10 63 4 24 5 60 14 37 0 82 13 29 9 31 11 92 8 5 15 3 12 78 16 56 7 39 2 63 1 39 19 69 18 48 17 32 3 37
11 91 10 27 7 3 8 16 3 16 1 39 12 50 15 37 13 45 2 61 5 97 9 13 4 89 6 53 19 65 0 70 17 4 14 17 18 19 16 7
10 15 14 75 9 23 8 35 7 24 12 12 1 22 18 91 3 45 13 59 16 65 5 60 17 86 2 67 15 90 6 87 11 18 19 98 4 96 0 56
19 94 0 17 5 54 7 78 2 75 13 54 12 80 17 30 16 27 18 14 10 45 3 94 8 53 11 59 9 64 6 88 14 33 1 46 15 65 4 30
19 94 5 7 9 78 7 49 16 77 12 3 8 87 17 23 13 21 14 37 6 25 3 82 15 10 11 51 4 63 2 84 0 96 1 65 18 19 10 93
4 98 10 27 18 79 16 83 14 65 0 43 8 18 13 50 9 90 2 88 12 23 17 41 15 84 7 55 6 63 19 70 5 39 1 37 3 19 11 29
19 1 2 66 7 10 13 32 17 85 6 3 1 60 0 83 8 77 15 52 12 42 16 25 9 66 14 75 18 69 10 43 3 21 5 70 4 4 11 99
5 90 2 27 15 5 9 21 11 42 18 28 4 93 19 14 14 74 13 68 1 81 3 33 10 83 17 91 12 28 6 10 16 58 8 16 7 27 0 20
1 67 10 24 18 19 12 48 5 52 3 47 19 54 4 27 17 16 11 75 6 16 16 85 0 52 9 36 14 6 15 80 8 34 13 5 7 81 2 36
9 40 13 75 18 91 7 77 14 54 19 80 12 45 8 87 4 26 2 58 17 23 0 32 10 87 3 14 15 88 1 33 11 35 6 56 5 9 16 12
0 43 7 64 16 99 12 38 11 39 19 94 10 42 2 2 17 43 3 27 1 21 13 61 8 42 5 75 15 84 4 95 18 42 14 23 9 26 6 22
9 41 5 12 16 22 14 8 12 83 19 82 10 5 15 36 1 26 11 70 2 31 13 21 4 70 17 23 3 54 7 30 6 6 0 51 8 16 18 25
14 75 12 89 6 31 13 82 1 40 15 65 4 18 16 50 10 22 9 62 5 86 2 69 3 94 7 7 19 12 11 87 0 68 17 60 8 18 18 14
3 43 2 59 9 54 18 24 12 11 7 7 17 88 19 46 5 49 1 4 8 60 4 53 0 49 16 84 10 87 13 79 11 38 15 40 14 42 6 74
4 14 7 12 2 93 14 39 8 87 17 60 5 78 1 10 19 73 10 22 15 39 3 20 0 54 6 7 9 5 13 50 11 48 12 39 16 70 18 13
9 69 0 73 1 50 5 43 18 32 7 54 12 10 14 52 4 88 17 58 2 68 8 65 13 82 11 91 10 43 15 47 6 55 3 33 19 45 16 89
7 95 11 35 19 44 5 86 6 32 9 53 8 28 4 92 1 98 12 87 16 68 18 88 0 89 10 36 13 47 14 81 15 42 17 78 3 1 2 68
2 20 14 86 0 62 4 2 3 67 11 17 18 78 6 86 13 68 19 30 16 70 8 36 15 33 9 83 17 55 7 94 12 92 10 6 1 18 5 9
2 49 10 92 8 66 18 25 11 45 19 27 13 36 17 56 7 11 4 36 5 15 1 4 15 60 12 5 14 39 3 75 16 17 6 54 9 82 0 25
19 97 7 79 4 31 2 40 14 3 18 95 5 57 0 47 15 32 3 4 12 95 1 13 9 85 13 35 17 53 6 26 16 97 11 48 8 38 10 4
19 81 0 4 16 76 11 95 8 42 10 69 15 34 13 42 6 21 5 13 4 89 3 97 18 53 12 72 14 67 17 19 2 51 9 6 7 99 1 91
11 10 1 36 16 91 6 27 0 65 17 70 13 30 10 95 18 4 14 2 19 35 9 75 12 57 7 12 8 84 3 87 2 83 15 24 4 59 5 88
18 16 14 43 6 78 12 45 17 30 15 55 0 65 2 45 11 96 8 29 1 82 5 41 9 57 10 70 13 40 19 51 3 2 4 57 16 83 7 27
11 25 3 95 16 11 6 95 7 40 8 67 19 21 0 97 12 5 9 38 18 63 4 62 17 26 15 81 14 1 10 86 13 3 2 33 5 2 1 39
4 64 1 34 9 87 12 90 19 16 3 68 10 87 2 81 13 56 14 34 11 59 6 80 18 41 16 30 15 76 8 90 17 73 0 88 5 63 7 46
12 53 0 17 18 83 4 76 8 84 3 77 5 10 1 20 10 93 13 6 11 15 19 87 14 34 7 12 16 35 2 90 15 70 9 4 6 73 17 99
18 22 7 82 5 19 16 67 10 25 11 92 19 78 0 73 4 25 14 81 15 16 17 22 13 47 9 40 12 73 2 52 1 14 6 55 8 25 3 30
2 30 12 53 5 31 11 24 1 75 0 93 14 12 9 7 18 69 3 78 19 4 6 65 15 23 8 3 10 65 16 79 13 75 4 34 7 23 17 53
9 95 15 99 5 67 8 71 6 32 2 24 3 51 13 11 16 43 17 63 0 37 10 56 1 69 12 29 14 36 4 52 11 15 19 38 18 47 7 56
18 11 0 76 11 33 16 24 3 25 1 20 19 19 8 40 10 94 6 88 12 4 9 71 14 10 7 38 15 97 17 78 2 80 4 10 5 86 13 41
17 6 18 92 9 7 6 11 12 76 8 12 14 70 15 10 3 9 13 18 5 83 16 32 19 69 11 35 4 29 7 40 10 74 0 46 2 17 1 79
3 23 1 61 4 86 18 22 8 19 9 94 6 20 19 7 16 70 2 64 17 27 7 79 15 24 11 17 0 80 10 93 14 97 13 2 12 6 5 77
2 65 14 67 11 89 4 94 8 2 1 36 7 53 19 6 18 46 0 45 5 83 16 51 9 86 13 48 17 63 3 75 10 36 12 93 6 21 15 57
16 58 3 51 6 43 2 44 12 98 11 81 14 51 5 74 17 45 1 68 9 13 4 71 18 99 0 44 19 78 10 62 7 89 15 98 13 52 8 64
0 76 5 21 9 11 10 22 11 9 2 91 8 24 17 92 14 90 7 60 4 73 6 22 19 43 12 79 15 7 18 8 13 46 1 44 16 28 3 49
1 49 7 55 12 13 6 25 14 44 5 77 16 80 2 69 10 23 11 22 18 88 9 46 3 51 0 71 4 74 17 16 15 81 13 45 19 23 8 98
0 81 9 2 8 63 3 12 19 77 16 79 17 36 2 48 5 25 12 97 18 25 7 14 15 29 1 84 6 39 10 8 11 53 14 59 4 92 13 76
15 24 0 1 10 48 18 91 6 97 1 85 12 54 11 89 3 99 5 72 17 78 4 90 7 65 14 79 9 49 13 97 2 66 16 64 8 58 19 26
8 48 16 60 3 74 17 67 14 71 5 41 11 80 19 91 10 22 6 42 4 46 12 91 2 89 15 6 18 4 1 25 13 8 7 71 9 87 0 6
11 21 2 82 9 55 6 78 0 58 17 78 1 15 18 76 16 31 12 25 7 39 15 46 8 17 5 34 10 23 13 3 4 77 3 21 19 36 14 15
4 6 13 67 7 4 10 27 11 28 3 57 15 9 5 91 0 18 9 8 17 39 8 38 16 78 6 83 1 90 14 22 18 97 12 15 2 40 19 17
2 89 10 78 7 12 4 31 14 89 17 20 6 66 1 69 3 35 16 32 12 62 19 32 0 29 9 74 13 96 18 35 8 79 5 38 11 51 15 97
12 49 7 35 15 53 3 86 4 71 19 48 17 95 9 90 1 31 14 26 5 95 18 78 8 67 6 50 11 9 0 98 16 85 10 76 2 7 13 72
18 26 19 12 13 35 16 98 9 86 15 49 1 8 5 26 10 88 8 36 7 76 17 84 14 3 6 92 2 17 12 71 3 79 0 54 11 96 4 80
3 28 12 60 1 92 0 57 17 39 8 46 15 27 10 6 5 12 4 22 18 19 16 5 11 97 7 58 2 18 19 5 9 25 14 64 6 5 13 68
12 99 15 44 2 44 11 17 14 72 5 74 9 53 3 61 13 6 18 45 10 44 17 52 6 25 0 27 19 37 16 53 8 61 7 97 1 54 4 22
