50 20
5 70 6 99 4 68 3 83 17 42 14 4 16 65 9 57 12 75 8 61 18 49 7 1 1 70 0 18 13 48 15 17 2 58 10 46 11 41 19 57
3 82 4 28 6 56 10 63 19 22 18 48 13 74 11 65 8 67 7 54 14 92 2 12 5 50 16 90 0 42 15 2 12 98 17 31 1 6 9 17
2 1 6 66 9 30 19 86 7 38 5 1 16 65 11 17 0 84 8 85 14 42 15 46 17 63 18 25 1 52 12 98 10 23 13 56 4 20 3 80
0 55 17 30 15 9 10 58 19 25 3 5 7 90 1 52 18 44 8 20 9 26 11 53 13 86 14 4 5 46 12 4 4 62 6 92 16 90 2 53
3 97 16 14 14 32 1 42 0 44 12 67 10 12 13 81 5 42 19 16 6 19 9 70 8 81 17 52 11 38 2 8 4 63 7 52 15 3 18 45
5 41 6 39 19 25 12 11 11 11 13 5 0 66 9 87 18 3 15 39 2 81 8 86 1 42 16 83 10 61 7 57 4 34 3 86 17 23 14 95
0 5 7 7 6 22 18 62 15 23 16 89 10 10 5 59 8 95 14 17 9 98 4 54 19 62 1 26 2 62 13 38 12 32 11 1 17 37 3 95
15 59 14 22 18 49 13 5 19 54 11 41 6 12 0 5 10 86 9 90 2 9 17 62 7 65 5 34 8 41 1 27 12 56 16 73 3 98 4 89
14 42 0 87 2 96 4 91 7 7 13 39 12 61 18 41 15 57 16 89 1 76 6 27 5 8 17 35 8 16 19 51 10 79 9 6 3 94 11 90
16 86 14 18 5 90 6 40 12 25 17 58 18 44 13 4 7 63 11 38 9 59 1 18 15 4 0 27 2 33 3 17 4 52 8 39 10 17 19 4
13 31 7 85 18 27 16 26 9 43 11 60 5 86 8 21 4 92 10 43 12 39 2 25 19 56 14 18 17 93 3 50 0 67 1 78 6 5 15 44
2 26 19 59 8 85 5 44 18 46 17 63 6 23 12 13 10 85 15 70 13 48 3 15 11 36 14 82 4 8 9 6 0 3 16 67 1 6 7 75
5 60 13 81 19 75 8 86 11 90 1 29 14 92 10 63 6 52 7 2 18 8 4 28 0 50 9 52 17 36 12 33 15 54 16 98 3 95 2 66
19 53 15 18 6 96 8 79 5 20 0 31 3 34 14 32 17 17 13 37 7 98 12 42 1 10 18 88 16 36 10 60 9 90 2 33 11 16 4 26
1 32 12 1 10 22 11 59 16 99 3 72 6 52 7 74 2 73 14 8 15 11 4 13 19 72 17 13 9 54 5 36 18 50 8 29 13 67 0 31
10 1 0 80 16 24 11 41 18 47 5 34 8 56 17 45 6 63 7 27 2 68 12 76 4 29 1 68 13 43 9 93 19 34 15 29 3 9 14 62
19 96 4 36 5 13 12 56 13 96 9 14 16 1 0 70 11 19 8 83 3 59 6 30 10 89 15 96 1 95 2 95 14 40 17 32 18 11 7 18
8 1 14 90 10 16 17 25 18 95 19 56 16 14 0 94 9 46 4 12 11 30 2 94 3 86 15 14 6 1 1 7 5 46 13 38 7 75 12 84
10 64 13 87 12 96 16 65 19 46 15 92 7 9 3 52 18 72 5 62 8 92 14 51 11 93 9 7 2 32 4 56 6 51 0 50 1 12 17 45
12 49 3 82 11 86 8 6 10 89 15 81 0 56 7 12 17 16 6 49 19 39 4 85 18 22 2 91 5 44 1 17 16 27 13 77 9 10 14 13
9 17 16 5 17 53 13 98 6 37 1 71 10 14 11 94 2 21 5 42 3 8 19 69 15 7 4 41 7 1 8 13 12 83 0 95 14 9 18 98
7 14 5 37 3 57 0 76 11 57 16 15 12 51 4 96 15 78 9 26 1 64 2 43 19 48 14 41 17 23 18 86 6 6 8 48 13 31 10 3
14 71 1 92 13 28 4 31 15 41 18 57 12 59 9 35 19 76 6 61 10 91 16 27 11 52 3 86 0 41 2 46 7 42 17 99 8 69 5 29
14 79 2 25 0 40 15 91 17 91 5 11 10 68 7 95 6 78 4 72 8 94 13 9 12 40 18 34 19 12 9 13 1 15 3 58 11 92 16 52
19 17 11 38 17 29 7 82 12 73 1 10 15 81 10 6 5 10 14 53 18 55 2 36 8 53 9 42 0 98 4 38 16 83 13 80 6 3 3 29
16 35 10 32 8 36 11 5 18 99 13 57 5 72 14 98 12 87 0 17 7 34 19 69 4 90 17 63 6 44 3 86 2 80 9 14 1 42 15 59
9 31 15 40 18 25 10 35 14 80 3 31 1 84 4 62 17 80 16 91 19 51 2 71 7 37 6 94 0 65 5 39 13 33 8 73 12 31 11 7
4 79 0 61 2 53 9 4 15 66 17 2 1 32 12 1 13 36 16 46 11 10 3 63 18 34 6 17 5 65 10 71 19 26 8 32 14 81 7 49
7 69 3 78 6 17 0 54 9 41 10 85 4 15 1 3 12 44 18 80 2 99 14 23 16 52 13 18 8 74 5 35 19 9 15 76 17 26 11 38
4 4 15 78 2 33 5 45 6 34 8 6 7 67 18 45 13 13 19 33 0 78 14 13 16 5 17 36 9 11 11 27 12 71 10 39 3 44 1 40
11 12 17 63 2 46 10 81 3 57 5 33 16 44 6 92 14 31 4 91 19 89 18 51 13 58 0 71 1 66 15 36 12 33 9 6 7 96 8 81
16 34 3 36 15 61 9 48 1 16 18 99 0 39 14 21 4 68 13 51 7 12 5 77 11 79 2 74 19 59 8 4 10 82 12 98 17 83 6 2
14 76 18 11 6 77 2 13 0 20 11 98 7 64 4 28 10 1 17 11 8 83 9 68 15 87 3 69 13 83 16 57 12 7 19 8 1 29 5 99
15 90 16 66 0 52 14 2 13 15 5 80 7 20 9 40 8 28 4 55 12 82 6 4 1 70 2 31 19 77 17 7 3 81 18 52 10 89 11 29
1 53 3 29 16 52 9 72 0 73 2 38 14 80 18 2 8 87 15 17 12 8 17 17 5 45 4 87 11 5 13 98 6 91 7 49 19 51 10 47
14 14 6 55 5 19 13 45 19 76 4 34 0 93 18 83 1 34 10 90 16 49 7 32 3 73 17 25 8 23 12 68 9 39 15 98 2 69 11 15
12 52 15 33 2 65 11 64 4 40 5 88 16 63 7 1 6 64 17 33 8 83 9 21 19 9 3 70 13 40 18 21 10 10 0 80 14 32 1 61
13 1 4 96 19 72 3 42 0 75 1 41 2 73 8 25 9 73 12 48 10 27 6 94 14 17 7 94 17 84 5 50 16 79 11 30 18 56 15 89
10 77 11 25 0 15 2 32 5 70 18 70 17 93 16 6 6 17 3 93 1 94 7 69 8 53 12 65 13 4 9 73 4 13 15 41 19 60 14 79
19 70 7 4 3 81 9 99 15 4 11 17 12 95 8 13 17 70 4 35 16 81 5 20 6 72 18 34 1 56 2 4 14 4 0 64 10 30 13 36
4 5 11 20 15 97 3 62 6 46 5 74 0 66 13 81 17 94 14 64 7 74 10 62 1 29 19 1 16 38 8 62 9 99 2 66 18 69 12 43
10 98 16 64 19 67 1 51 17 84 11 73 0 53 14 39 7 27 5 68 12 75 8 26 6 17 9 70 18 51 4 80 13 63 15 44 3 95 2 12
12 8 8 87 2 5 13 73 17 94 0 69 19 18 6 3 15 42 14 19 5 55 7 9 18 41 11 12 10 26 3 26 1 91 9 45 16 95 4 97
2 39 3 38 5 74 6 64 8 42 4 50 7 82 11 24 17 37 13 60 14 12 12 68 9 28 19 46 16 78 1 29 15 51 18 47 0 89 10 24
16 82 3 63 2 96 11 52 19 35 7 46 5 85 6 4 9 44 13 79 12 82 17 87 8 62 15 77 1 27 14 30 10 77 0 69 4 71 18 89
11 77 16 81 17 68 6 18 19 88 14 8 12 79 8 87 10 31 3 72 4 21 9 42 18 55 13 97 5 49 0 79 1 73 15 42 7 30 2 49
8 21 10 34 18 18 0 86 6 53 7 24 16 56 9 16 13 48 15 75 12 98 5 79 14 37 4 54 11 97 2 34 17 84 1 49 3 88 19 55
4 70 7 48 8 30 17 38 5 69 0 20 13 19 6 45 9 71 2 85 14 79 18 95 1 22 10 16 16 58 12 49 19 81 3 74 11 67 15 32
16 86 11 55 8 94 14 27 18 59 9 46 15 54 13 77 0 93 1 47 5 45 19 76 17 99 7 94 2 43 4 43 6 11 10 71 3 76 12 61
16 35 12 95 14 90 5 27 11 54 9 90 15 38 13 74 17 61 7 97 8 46 19 39 18 81 4 68 3 47 10 99 6 38 0 69 2 63 1 7
