50 20
14 74 19 62 6 98 9 84 1 88 3 15 17 26 15 97 2 24 11 37 13 10 16 83 10 57 5 96 7 87 4 79 8 37 18 75 0 62 12 92
17 49 15 24 13 26 7 82 19 7 0 92 5 24 16 39 8 78 12 78 9 58 18 52 3 82 6 76 4 54 11 8 1 22 14 81 10 64 2 36
17 14 18 16 6 63 1 93 12 37 9 54 14 53 4 26 16 13 15 53 19 50 8 74 0 8 5 50 2 68 10 45 7 12 11 70 3 4 13 32
13 58 17 40 18 11 5 66 16 38 4 7 19 28 12 98 8 95 0 51 2 84 10 40 11 77 9 61 14 30 1 53 6 24 15 79 7 8 3 10
17 48 10 16 7 80 1 18 19 40 6 33 5 19 8 66 0 26 14 36 15 70 16 18 13 49 4 84 12 10 11 67 9 37 3 94 2 40 18 42
6 80 10 33 16 31 9 28 5 49 8 8 14 9 1 67 13 39 19 23 12 45 2 28 4 99 18 40 0 2 15 51 17 20 11 34 3 88 7 52
13 94 2 30 15 28 17 49 1 79 7 41 3 84 18 97 12 2 10 65 11 43 9 39 4 81 14 11 19 88 5 80 16 64 6 35 0 64 8 6
18 92 1 46 3 48 7 2 8 63 13 86 0 46 5 18 11 7 4 89 9 42 15 7 14 70 17 61 6 32 12 17 2 82 10 88 16 88 19 75
16 89 13 39 1 30 3 84 2 53 6 57 19 2 4 89 17 82 5 42 8 62 12 64 18 9 0 64 14 51 10 5 7 55 15 81 11 95 9 18
9 77 10 92 8 88 17 98 4 1 5 68 1 81 0 86 3 17 13 2 6 50 12 31 18 98 7 38 14 71 11 2 15 92 16 40 19 79 2 57
5 60 1 92 10 98 14 7 3 20 4 5 18 74 9 11 19 8 11 94 7 9 15 33 8 6 12 7 0 15 2 59 6 50 17 35 16 27 13 19
15 71 19 4 18 35 0 45 6 94 2 51 5 85 12 85 9 18 7 11 1 8 13 22 11 90 8 66 4 67 10 94 17 18 14 26 3 70 16 85
11 29 16 13 6 39 2 14 3 92 0 85 15 54 14 25 9 96 10 47 12 81 17 50 4 55 18 50 7 53 19 38 13 99 8 47 1 40 5 5
11 95 19 96 16 50 2 75 12 78 0 14 17 85 6 91 10 81 13 17 3 83 7 19 8 69 1 61 4 38 15 33 18 65 14 59 5 53 9 49
16 84 10 12 11 78 17 15 6 94 8 45 14 9 15 64 3 84 0 79 13 28 2 46 4 73 9 80 5 76 18 81 7 17 1 49 12 8 19 77
14 77 6 51 9 26 12 11 8 30 18 96 7 39 10 66 13 86 2 11 11 5 3 67 16 89 5 70 0 44 4 25 15 87 1 94 19 26 17 62
16 70 3 57 10 54 15 90 4 97 19 5 6 76 12 15 18 57 2 43 8 53 17 15 14 65 1 37 11 2 5 68 7 15 9 98 13 60 0 54
6 79 10 66 12 45 11 58 14 17 5 43 8 82 9 11 15 82 16 82 13 96 1 63 0 89 17 73 3 86 19 48 2 11 4 1 7 44 18 28
2 51 15 51 6 50 13 86 1 8 19 71 12 62 10 48 0 57 9 58 8 19 18 70 14 53 11 39 3 28 5 51 7 21 17 4 4 62 16 13
15 70 17 49 11 53 5 81 4 6 0 64 12 29 16 71 8 80 1 95 10 12 9 40 18 89 13 17 19 15 6 8 3 49 2 7 7 11 14 46
16 88 13 27 15 44 9 62 7 18 12 41 5 96 3 20 1 77 6 23 0 45 18 35 4 96 10 50 19 29 11 2 8 42 14 33 2 36 17 59
16 19 11 83 13 38 9 60 18 3 5 15 7 75 14 79 6 5 1 37 4 76 3 21 0 33 17 51 2 93 19 17 10 71 8 66 15 64 12 61
17 77 10 77 4 97 0 91 16 2 3 12 1 12 2 66 5 91 18 97 11 62 6 92 15 55 14 2 8 42 12 27 7 72 19 30 13 43 9 68
10 80 9 3 15 91 17 23 5 67 13 43 14 45 16 52 8 71 19 51 12 82 0 23 11 2 3 16 1 73 6 75 2 46 4 95 7 52 18 11
18 63 2 72 14 2 4 36 13 10 3 4 16 27 1 59 7 77 5 4 11 94 9 18 12 55 6 43 10 15 19 82 0 29 17 87 8 54 15 66
11 19 10 55 6 13 9 88 17 63 5 20 1 59 2 76 19 22 3 99 16 36 8 67 14 68 13 30 4 43 0 53 18 34 7 12 12 39 15 1
1 80 5 6 17 77 10 56 7 22 12 96 11 12 9 98 0 48 6 28 8 64 2 73 3 47 15 29 4 89 19 58 16 54 18 25 13 37 14 56
1 20 3 3 10 8 17 7 6 78 8 71 9 51 5 73 14 99 0 37 4 15 15 12 7 76 18 91 2 4 13 4 12 27 11 82 19 9 16 28
2 25 3 41 8 62 5 83 15 14 12 62 18 15 16 5 19 59 10 40 9 80 17 55 13 23 6 57 7 97 1 62 11 69 4 71 14 9 0 94
9 57 4 5 5 58 14 44 3 4 17 3 10 53 15 25 12 49 6 37 2 56 13 9 19 24 8 49 0 50 1 54 11 2 7 72 18 53 16 94
12 29 0 88 3 66 2 44 13 60 17 10 18 99 1 47 5 79 7 66 14 29 8 16 10 53 11 43 15 19 6 34 16 27 9 83 4 7 19 34
13 44 8 25 16 16 3 35 12 57 14 90 4 29 17 66 19 28 10 29 7 29 18 86 9 15 6 60 11 44 2 62 0 18 1 39 15 43 5 1
4 21 11 2 18 62 1 14 8 60 16 85 15 66 6 7 14 44 2 74 10 55 0 73 17 33 19 18 12 49 7 44 3 69 9 75 5 26 13 9
13 75 9 58 10 16 15 7 5 24 6 43 2 52 14 43 19 80 1 90 4 18 16 17 12 65 0 67 7 48 3 93 17 53 8 95 18 60 11 33
16 2 15 9 19 71 10 69 1 54 17 38 3 6 14 43 2 96 6 85 0 37 8 94 9 61 12 8 18 87 13 58 5 84 11 38 4 61 7 10
3 90 19 12 11 53 15 12 8 44 5 21 10 80 14 58 18 25 0 97 17 23 7 16 13 26 9 14 2 67 4 60 6 62 1 88 12 15 16 66
6 98 17 48 13 15 9 94 4 27 2 66 18 31 15 94 16 49 12 78 19 49 5 11 3 62 1 63 8 6 11 86 7 34 14 14 0 29 10 44
19 89 4 6 7 19 17 89 2 65 5 59 10 97 12 51 3 46 11 80 6 34 0 45 15 76 13 20 8 6 9 52 14 41 16 75 1 44 18 1
10 22 17 4 14 79 13 40 12 52 2 79 8 95 18 27 3 35 9 43 19 84 16 64 6 52 11 1 4 73 0 38 5 98 15 30 1 20 7 39
10 3 7 79 16 19 0 56 3 16 11 77 5 87 17 21 2 1 9 81 15 83 18 8 14 4 1 90 19 96 4 13 12 64 6 38 8 20 13 5
0 48 19 64 18 66 5 19 13 81 1 37 6 40 12 99 16 63 10 88 2 26 15 44 3 72 4 39 9 37 7 68 8 90 17 73 11 88 14 86
15 68 9 90 6 13 8 39 5 13 4 3 16 9 11 35 1 46 13 78 3 22 0 40 7 84 10 62 2 12 14 85 12 49 18 8 19 34 17 25
5 63 14 8 9 46 19 45 4 25 2 87 15 43 16 9 10 41 12 95 13 51 17 86 0 1 3 36 11 99 6 66 18 90 8 35 1 54 7 14
16 12 4 20 8 29 2 32 14 67 11 93 10 99 15 4 0 45 12 50 7 10 3 46 19 98 1 52 13 95 17 40 6 52 18 37 5 77 9 61
5 1 6 44 16 29 14 21 17 44 1 20 0 98 18 66 10 86 8 45 12 26 4 13 15 13 9 51 11 24 2 2 3 4 7 7 19 48 13 35
17 31 2 22 7 64 8 72 6 7 0 61 10 89 12 37 1 78 18 46 19 3 3 66 9 38 14 64 11 87 13 78 5 74 4 24 16 40 15 40
9 87 2 52 10 23 0 86 16 88 11 8 5 56 12 59 1 75 18 75 17 99 7 62 8 79 4 72 15 22 13 34 3 30 14 1 19 7 6 39
9 3 14 63 0 71 3 87 17 90 15 12 16 35 10 30 13 53 4 33 19 61 7 49 1 94 2 73 12 63 5 53 6 36 18 75 8 2 11 77
12 8 8 39 10 55 2 16 4 36 11 62 9 13 7 66 15 39 5 3 1 70 3 76 19 12 17 24 0 60 6 49 13 71 18 51 14 88 16 76
4 37 10 47 1 94 12 67 3 67 5 35 9 70 11 84 2 19 17 20 8 19 6 65 14 45 0 79 19 7 13 57 15 8 16 36 18 63 7 36
