30 15
0 85 1 11 12 58 9 66 6 75 3 90 5 41 13 15 4 77 14 79 7 56 10 51 2 50 11 19 8 44
3 75 8 76 12 87 14 1 1 94 7 39 4 23 13 89 2 44 11 21 0 28 6 11 10 24 9 12 5 60
1 67 2 33 13 77 0 66 14 42 7 44 12 57 8 16 5 84 9 96 11 87 4 62 3 10 10 63 6 23
2 81 12 50 5 72 11 4 7 72 10 23 8 34 6 54 9 97 1 14 3 85 14 4 13 90 4 82 0 46
13 37 7 65 8 62 11 67 12 91 10 59 0 80 14 55 2 36 4 23 1 32 9 78 3 48 5 39 6 11
13 61 3 3 7 15 14 8 4 90 0 84 11 45 2 50 5 66 10 33 1 49 9 17 8 41 12 19 6 76
1 11 13 60 11 21 14 44 7 91 4 23 10 79 9 86 2 13 6 46 3 53 0 57 5 55 8 11 12 81
6 15 13 40 8 98 4 15 3 13 9 29 14 37 0 67 2 59 1 48 5 58 11 42 10 10 12 16 7 49
7 93 11 82 3 54 1 99 14 62 12 66 6 89 0 89 13 92 10 43 4 47 2 19 8 17 9 86 5 82
8 26 11 79 7 61 5 29 2 62 13 71 6 82 1 75 12 8 10 52 4 61 0 40 3 25 14 78 9 98
7 10 13 80 6 52 3 29 9 58 2 51 4 70 12 8 11 22 8 44 0 37 10 63 1 87 5 3 14 45
13 90 3 35 2 38 0 66 8 84 5 82 4 41 6 78 12 92 1 94 10 16 14 50 7 36 9 47 11 61
4 82 14 71 0 11 11 15 10 46 8 76 13 63 5 89 1 66 2 11 3 33 7 12 6 4 12 51 9 84
7 90 1 3 8 61 0 43 13 2 5 72 11 89 10 47 9 88 6 19 2 96 12 1 14 66 4 12 3 43
6 55 12 41 4 98 9 63 11 62 2 57 5 90 8 20 0 14 14 37 10 72 7 63 13 5 3 43 1 84
7 71 11 51 5 69 13 41 6 87 3 62 2 23 1 87 10 17 9 41 12 19 0 29 4 4 8 69 14 74
4 14 3 37 2 42 7 56 9 99 13 4 6 6 12 11 14 87 0 20 11 82 10 14 8 1 5 63 1 87
10 95 9 14 14 71 0 49 1 6 4 48 7 61 11 23 8 40 3 77 12 57 13 22 5 18 2 33 6 75
1 7 4 40 13 93 14 65 10 39 0 62 2 49 7 89 8 34 11 90 6 59 3 79 12 29 9 25 5 60
4 70 2 27 9 68 5 68 3 43 7 37 1 50 11 28 8 36 14 85 6 67 0 60 10 17 13 95 12 62
2 89 8 98 10 47 13 49 14 88 7 98 12 23 5 76 11 88 9 81 4 69 1 74 0 61 6 79 3 78
14 39 0 80 1 23 13 49 3 64 5 23 2 16 12 33 6 51 4 50 8 80 9 66 11 30 7 98 10 35
13 59 8 27 3 36 1 30 11 54 4 36 7 61 12 33 0 65 5 97 9 2 6 12 10 79 2 71 14 3
14 7 13 45 3 7 9 60 1 16 5 61 12 59 0 96 6 28 4 67 11 36 2 48 10 24 7 62 8 22
6 70 14 73 0 76 8 15 7 70 5 46 1 57 13 15 3 76 9 14 2 66 11 82 4 62 12 27 10 44
6 81 13 44 2 25 3 43 7 70 11 62 10 62 0 25 8 16 14 8 4 28 1 71 9 92 5 95 12 58
7 30 2 3 10 45 12 59 11 69 5 99 9 56 4 4 6 25 0 73 3 47 14 41 1 97 8 5 13 39
4 70 3 72 10 27 11 99 5 24 8 51 0 99 12 27 13 40 7 96 9 15 1 46 2 72 14 31 6 72
14 39 11 94 7 88 9 38 10 2 2 32 6 48 0 55 3 71 8 97 1 87 13 93 4 46 5 32 12 45
0 49 3 93 12 12 2 38 13 2 5 71 10 40 8 62 14 8 7 19 1 62 11 54 4 37 6 73 9 15
