100 20
14 3 9 43 1 55 10 66 19 68 7 63 4 20 12 94 15 90 5 41 11 69 8 6 17 96 16 67 3 82 13 83 18 51 6 81 2 69 0 43
13 55 15 87 18 20 5 73 2 75 10 73 16 50 7 72 8 43 17 6 14 24 3 87 6 78 19 17 9 1 1 14 12 16 11 53 0 77 4 70
8 61 10 31 9 37 4 82 0 76 12 27 5 29 18 42 2 1 3 86 15 22 19 86 7 82 13 78 1 44 14 10 16 61 17 7 6 46 11 11
4 72 5 34 10 51 18 11 7 38 2 13 9 75 17 94 0 58 8 62 1 8 11 29 16 47 14 9 3 50 19 25 15 84 13 21 12 54 6 25
1 84 11 92 14 92 4 6 13 61 19 70 12 50 3 29 17 25 2 61 0 23 9 47 10 42 8 43 15 7 18 14 7 8 5 80 16 61 6 10
18 28 4 47 19 9 5 67 1 38 12 26 13 51 9 50 6 74 7 64 8 5 15 69 11 71 0 41 10 45 17 9 14 95 3 55 16 53 2 80
6 52 10 28 14 14 18 79 17 39 0 11 3 46 9 38 12 37 11 74 16 41 4 12 2 88 8 38 15 76 7 86 5 1 13 97 1 93 19 26
19 25 13 12 11 22 14 80 2 74 3 62 9 35 12 41 1 1 8 38 4 72 10 24 5 60 0 95 17 52 18 56 7 63 6 90 16 5 15 40
13 70 1 36 5 36 19 24 0 77 7 62 12 74 11 16 16 24 2 69 15 47 9 20 6 50 10 2 8 35 3 48 17 37 14 72 4 10 18 63
15 48 11 11 8 99 7 44 1 20 4 86 19 9 9 25 2 69 16 75 13 3 0 99 12 78 18 34 17 18 6 96 10 56 3 75 14 14 5 68
11 26 12 16 10 20 1 69 8 35 2 44 17 1 4 36 3 21 14 13 18 61 13 19 5 66 15 43 19 74 6 39 9 2 0 65 7 97 16 16
2 20 7 78 11 82 8 43 6 27 16 67 12 10 1 67 14 63 10 1 5 15 9 38 17 72 3 88 15 84 19 78 13 87 4 28 18 26 0 39
5 52 3 96 14 55 11 55 6 64 12 24 13 93 16 86 19 82 17 78 8 80 1 99 4 91 15 21 9 96 7 41 18 88 2 19 0 99 10 5
4 90 12 37 6 49 11 20 17 49 9 47 18 42 16 33 7 36 19 47 14 4 10 84 15 45 2 9 5 62 0 44 13 43 8 49 3 71 1 89
8 74 9 27 17 36 12 95 6 55 7 74 11 71 0 45 1 53 14 67 5 95 3 62 16 55 15 84 13 69 18 41 4 58 10 37 19 92 2 37
6 81 15 31 10 98 16 48 9 36 14 11 1 7 11 9 8 70 2 30 0 66 4 71 7 73 13 71 5 31 19 86 17 89 18 65 12 67 3 17
5 67 6 7 2 66 17 63 9 81 0 8 11 28 16 24 12 91 8 58 18 45 10 36 19 11 15 99 3 4 1 4 7 57 4 85 14 98 13 82
15 3 2 38 9 40 18 11 12 54 4 55 6 36 10 54 7 51 19 27 11 21 17 52 8 78 5 36 14 16 3 47 13 80 1 61 0 66 16 53
12 34 17 70 18 23 4 19 9 22 11 24 8 29 2 37 7 15 1 94 15 92 5 66 16 89 13 78 0 33 10 27 6 28 19 80 3 72 14 67
15 91 11 34 14 72 1 82 3 86 16 59 2 92 6 38 7 4 12 85 0 44 5 36 4 29 10 80 13 66 8 89 17 30 9 51 19 70 18 66
10 79 17 83 4 55 1 20 0 97 14 54 7 97 18 79 13 36 11 89 8 61 16 26 2 67 3 15 6 30 9 33 5 49 19 93 15 26 12 29
0 12 18 76 2 34 3 17 5 35 15 72 1 60 7 22 8 63 13 12 10 53 14 71 19 53 12 64 17 88 6 77 16 99 9 96 11 14 4 42
1 72 18 25 17 67 19 7 15 13 14 1 3 6 7 80 9 75 5 49 10 70 0 23 16 90 8 51 13 31 2 82 4 21 11 63 6 31 12 58
2 97 10 73 11 92 16 20 1 88 15 54 14 57 8 25 13 2 18 89 6 8 4 29 3 22 17 60 19 71 7 78 0 76 5 4 12 63 9 89
1 51 15 92 17 1 19 95 7 74 6 76 13 27 5 70 2 6 14 34 3 88 10 81 8 5 12 60 16 72 9 25 4 47 11 83 18 54 0 14
1 49 17 88 0 67 2 1 14 58 6 14 13 92 8 28 7 91 18 79 5 5 3 96 11 77 15 65 10 38 4 68 9 60 12 30 16 85 19 50
18 91 13 8 14 61 5 91 11 14 6 14 1 18 12 24 4 47 16 88 9 49 19 7 0 64 7 44 10 16 15 12 17 43 8 57 3 66 2 40
17 9 11 45 0 74 7 10 9 86 14 51 8 3 18 20 19 37 10 3 13 43 12 40 2 27 15 35 1 51 4 24 5 80 3 73 6 70 16 98
3 67 16 99 15 15 18 51 14 77 10 44 6 91 13 73 8 33 2 14 4 10 7 68 0 71 1 18 19 11 5 77 11 68 12 79 9 2 17 7
9 47 6 10 4 75 14 41 5 47 15 50 13 94 16 56 8 23 1 48 11 89 2 27 7 11 10 49 12 91 0 57 17 26 18 82 3 55 19 29
16 17 5 85 10 35 18 26 6 94 14 97 13 7 1 95 8 99 17 80 7 82 3 49 19 8 0 33 9 99 4 21 2 87 11 92 15 75 12 7
14 75 4 84 8 33 11 42 19 83 18 97 13 42 2 56 7 38 1 90 10 49 5 75 12 11 0 11 9 91 16 75 15 48 6 74 3 51 17 78
10 43 3 20 11 69 6 22 4 53 1 20 19 75 0 92 9 54 2 65 17 14 12 53 14 4 5 40 16 33 18 25 15 41 13 75 8 14 7 84
6 61 14 28 0 29 8 80 5 75 1 71 2 70 12 28 17 43 16 71 4 80 9 29 13 22 7 1 15 38 11 17 10 12 3 51 18 9 19 92
3 37 19 43 4 24 6 27 12 73 8 83 2 73 7 85 15 19 1 27 17 49 10 85 14 40 13 4 5 88 11 68 16 25 9 57 18 23 0 43
18 55 6 36 1 25 17 37 14 34 4 34 8 54 15 65 19 85 13 62 11 91 10 94 2 69 16 70 3 35 7 10 5 11 9 97 0 18 12 76
10 26 7 25 11 50 14 21 16 40 9 34 2 38 13 77 0 96 6 50 3 31 15 61 1 62 5 88 4 39 19 85 8 28 18 31 12 38 17 76
14 29 10 23 4 22 11 96 12 35 2 78 16 85 15 11 8 64 6 70 13 47 5 93 3 29 1 52 9 29 0 13 17 3 7 15 18 16 19 44
12 65 0 50 6 39 11 36 10 96 4 5 7 3 16 62 3 88 17 29 1 6 14 33 5 60 13 14 9 32 15 78 18 62 2 40 19 37 8 94
10 7 3 63 6 37 15 5 9 25 17 98 11 13 18 48 8 46 4 47 14 11 12 88 13 39 7 32 2 24 19 84 5 56 16 78 1 33 0 31
15 87 13 35 17 62 9 17 0 59 11 97 6 21 1 88 10 48 12 10 8 77 19 27 16 74 2 18 7 27 4 46 5 25 14 15 3 69 18 25
3 33 19 1 10 71 13 56 12 54 4 24 16 36 9 54 5 15 7 18 0 39 11 8 17 69 14 84 15 76 2 93 8 74 18 39 6 85 1 28
19 40 4 22 17 45 13 87 9 63 12 19 0 73 8 72 15 90 18 56 5 93 16 74 14 48 3 57 11 78 10 8 7 26 2 3 1 39 6 96
17 39 11 85 12 94 6 35 10 89 13 93 4 31 2 51 15 19 9 20 1 90 8 96 3 48 16 50 18 30 5 64 14 75 19 32 0 16 7 72
0 58 2 69 1 72 19 91 15 48 3 77 6 16 12 9 4 43 14 16 5 21 8 47 11 64 18 42 7 37 17 29 9 58 10 18 13 35 16 72
10 12 7 74 18 63 2 47 13 8 0 55 8 50 1 34 12 39 6 4 5 80 17 50 16 17 3 25 9 91 11 3 19 91 15 56 4 94 14 63
10 30 19 89 0 28 16 85 4 65 13 24 9 83 1 7 12 12 5 47 14 93 8 19 15 99 7 15 3 97 2 78 18 94 11 63 6 43 17 57
17 24 0 80 3 92 6 32 16 87 19 71 8 29 9 78 4 64 12 57 18 91 7 57 11 62 2 76 14 63 5 61 13 65 1 27 10 21 15 3
4 31 6 79 19 77 9 59 14 55 3 72 2 1 16 76 7 58 12 4 5 65 10 57 17 70 1 60 13 63 18 89 15 78 8 46 11 93 0 55
8 97 6 61 2 58 11 91 12 86 14 33 0 20 1 51 7 89 13 71 10 54 5 41 3 9 15 48 9 56 17 82 4 62 16 61 19 84 18 28
18 7 15 43 2 87 3 36 12 87 19 39 10 78 7 59 0 11 5 6 4 43 8 70 14 10 13 46 17 1 6 24 11 34 16 68 1 88 9 56
4 79 8 61 10 38 13 30 5 94 17 79 6 8 18 44 1 33 19 95 12 44 3 21 11 73 15 23 0 48 16 45 9 28 7 20 14 11 2 83
2 85 12 96 9 71 5 79 3 75 15 33 8 2 13 1 4 8 16 44 7 91 11 2 10 64 19 67 14 84 1 91 0 73 18 63 6 55 17 82
0 93 12 38 15 17 10 34 6 12 17 36 1 82 13 73 9 36 2 70 14 75 16 55 8 75 19 75 4 46 5 64 3 6 18 6 7 1 11 68
8 6 17 57 4 61 11 12 18 95 16 19 10 92 9 63 5 45 15 31 0 94 1 98 7 89 13 9 19 1 14 14 12 72 6 83 3 53 2 57
16 64 15 15 9 74 7 51 5 19 14 50 3 35 11 19 8 76 13 93 10 33 12 69 2 6 0 8 1 6 18 74 19 63 6 76 4 46 17 85
7 98 14 8 19 95 12 10 11 96 0 96 10 10 16 97 6 44 2 7 8 47 18 77 9 42 17 71 15 39 3 82 4 88 5 53 1 81 13 63
3 83 7 54 11 70 13 68 19 40 15 11 0 59 8 62 10 31 18 2 6 41 2 1 14 11 4 90 17 60 12 80 9 71 5 88 16 16 1 27
11 49 2 4 1 95 6 9 4 13 10 40 8 38 15 91 19 30 13 42 12 7 18 12 0 79 14 43 5 66 17 35 16 49 3 62 9 33 7 9
2 16 7 23 13 56 0 89 5 53 17 64 8 38 16 79 14 76 3 5 12 53 9 16 15 16 19 11 6 6 10 26 18 41 11 93 4 76 1 50
16 70 13 81 4 61 10 90 8 32 17 29 7 59 12 60 9 20 11 29 19 12 14 30 15 79 2 7 5 76 1 20 18 28 6 1 0 80 3 6
9 68 7 34 17 55 11 19 14 25 18 6 0 76 13 56 5 78 1 82 19 3 8 61 4 51 10 40 12 18 3 32 15 35 6 78 2 14 16 75
1 18 2 3 4 30 8 15 3 45 7 26 17 15 16 75 10 51 5 46 6 63 0 16 12 55 14 86 11 95 15 8 13 48 9 85 19 62 18 57
10 81 4 95 0 67 3 2 13 77 6 18 19 56 17 40 7 31 18 86 8 32 11 3 1 58 5 51 2 40 14 62 16 14 15 56 9 68 12 61
17 88 0 62 19 79 14 12 10 84 1 72 12 86 3 88 8 64 16 3 11 12 7 32 18 25 9 59 2 67 6 40 13 84 5 31 4 41 15 67
11 74 0 27 3 80 9 70 10 83 8 11 1 1 16 77 12 11 18 8 5 42 13 4 7 58 15 89 6 8 2 48 19 67 4 86 17 49 14 67
18 39 0 95 15 81 4 25 12 6 19 69 13 41 1 42 7 43 14 57 3 32 11 36 8 96 16 88 17 32 5 43 2 26 9 51 10 61 6 6
15 68 8 46 3 87 14 93 5 54 11 35 13 43 17 23 4 28 9 71 16 85 12 61 0 3 18 91 7 66 2 77 19 39 6 94 1 90 10 86
19 66 9 31 17 4 0 42 2 13 14 91 18 5 12 82 8 66 16 54 7 97 15 23 10 85 3 83 5 13 6 68 4 51 1 70 11 58 13 71
8 22 9 68 6 43 0 76 14 90 5 25 4 13 12 51 13 47 19 82 18 67 16 29 15 16 17 13 10 42 11 76 7 68 2 99 1 6 3 2
10 60 5 88 0 33 17 14 18 19 9 89 16 26 1 33 14 91 7 1 4 91 13 52 8 28 3 61 19 3 15 2 2 90 6 35 11 27 12 98
3 7 6 26 13 68 17 36 16 16 7 84 14 33 8 35 4 42 12 81 9 25 10 44 19 55 1 92 5 82 2 93 0 13 18 51 15 16 11 14
15 37 19 1 9 64 0 83 12 73 11 29 16 91 6 8 14 46 3 31 1 60 17 56 2 13 5 1 7 90 8 40 13 52 18 60 4 80 10 39
8 32 3 34 10 2 2 40 12 41 17 70 16 64 11 34 1 69 7 66 5 22 6 28 0 35 14 87 9 10 19 82 15 88 18 54 13 84 4 44
15 5 19 17 6 43 4 50 18 8 14 82 2 70 7 16 10 4 0 77 3 36 12 86 8 48 11 95 1 47 13 82 9 25 5 29 17 37 16 38
2 99 13 73 1 66 14 7 6 31 4 55 10 94 16 69 0 14 9 89 11 45 19 37 5 19 15 65 12 15 3 54 7 95 17 23 18 99 8 83
4 37 9 1 7 69 6 37 8 17 0 67 14 85 16 71 12 59 19 85 1 63 2 90 15 80 17 66 10 53 3 53 13 43 5 66 18 4 11 81
4 72 13 79 11 17 3 4 8 9 7 99 0 33 10 42 14 45 18 66 15 25 1 11 9 88 5 46 12 65 2 74 16 9 19 92 6 32 17 42
1 8 19 71 3 54 0 73 17 46 12 88 9 95 8 26 10 33 11 72 16 92 5 19 4 4 2 81 18 47 13 29 7 10 15 42 6 25 14 20
8 12 11 14 16 12 14 20 19 73 4 47 6 35 18 22 0 52 2 32 13 61 12 73 17 88 15 73 9 32 1 73 5 53 3 69 7 74 10 12
2 58 9 72 10 25 0 27 7 63 11 31 18 91 3 14 12 60 17 99 4 9 1 96 8 87 19 97 15 10 6 73 16 25 13 63 5 87 14 75
1 37 5 1 9 87 13 55 2 80 17 31 15 72 19 52 16 87 10 83 11 39 14 7 0 44 7 35 4 9 3 11 12 16 6 27 8 56 18 25
2 31 3 44 7 90 12 7 18 35 14 76 1 24 15 14 13 20 9 2 10 39 6 72 0 38 5 23 8 93 4 19 16 73 19 37 11 8 17 70
13 36 15 21 19 91 5 45 16 50 3 19 1 1 9 31 6 38 18 43 12 98 11 44 7 95 4 32 14 75 8 73 10 17 17 82 2 59 0 6
7 15 0 26 9 96 2 86 17 84 16 26 3 86 6 4 11 30 8 27 4 58 14 30 10 31 12 96 13 58 1 53 19 17 5 77 18 7 15 63
11 86 12 49 0 79 3 55 13 73 8 83 14 59 2 83 10 71 19 46 4 28 17 10 9 71 15 54 5 13 7 1 18 26 1 26 16 48 6 16
10 47 12 94 2 49 6 86 8 26 1 20 7 18 19 89 14 68 16 53 15 40 4 92 18 41 3 87 11 58 5 26 13 3 17 20 9 79 0 45
16 32 4 34 7 6 5 43 17 19 15 67 2 23 11 30 9 14 13 1 10 70 3 88 18 64 0 99 1 50 19 9 14 48 6 85 8 2 12 74
19 4 14 18 3 19 0 49 8 96 15 60 4 11 12 58 18 3 13 52 2 11 9 66 7 7 1 59 17 81 5 69 10 11 16 35 11 2 6 1
6 60 16 66 12 89 0 73 9 47 18 57 11 13 15 95 4 60 7 65 13 64 1 88 2 63 14 82 19 99 10 46 17 99 5 14 8 92 3 95
9 64 19 93 11 32 4 53 3 74 17 99 7 60 15 43 14 29 13 37 6 32 18 11 0 58 5 99 1 2 8 45 2 33 16 8 10 28 12 88
7 64 16 62 6 62 9 42 15 95 13 95 14 49 19 41 0 27 10 84 3 25 11 95 4 50 18 30 1 14 8 15 2 86 17 57 12 92 5 47
19 48 7 90 17 47 9 27 6 47 16 13 3 18 8 45 12 97 5 56 18 71 4 23 11 66 0 80 14 94 2 98 13 69 1 47 15 13 10 14
9 56 1 57 11 76 10 11 12 43 13 22 4 80 14 75 2 62 15 55 7 38 0 19 8 57 18 98 17 1 3 96 6 22 16 51 5 7 19 59
16 80 10 37 3 91 15 77 9 3 0 4 11 90 2 91 1 44 13 43 19 99 18 84 14 6 6 59 4 75 7 51 12 46 17 58 8 30 5 35
11 99 14 66 2 73 12 59 13 24 9 49 16 65 7 40 1 99 17 51 6 76 3 31 5 24 8 68 0 2 4 20 10 48 15 16 19 19 18 64
9 86 0 87 19 74 7 84 17 3 8 92 3 78 18 47 11 4 13 6 12 45 15 87 5 4 16 70 2 61 14 97 1 32 10 15 4 41 6 98
19 4 4 43 3 55 1 85 15 45 9 97 7 53 14 9 12 79 11 43 16 89 2 38 5 24 8 97 6 94 18 76 13 1 0 79 10 42 17 99
18 31 5 98 7 8 2 68 11 61 9 28 8 25 13 74 6 24 16 6 3 5 0 66 1 44 4 74 15 33 14 77 17 4 12 45 19 7 10 89
19 13 10 39 8 21 17 5 5 13 3 36 11 27 6 93 16 2 1 29 2 43 7 28 15 34 18 13 0 36 14 17 13 49 12 4 9 70 4 70
