50 20
2 18 13 26 18 70 1 85 4 29 3 13 6 39 12 14 19 92 17 85 7 54 9 25 10 96 16 47 8 81 14 50 11 55 5 50 0 53 15 38
10 99 0 47 12 40 9 5 13 95 1 96 2 50 15 75 18 78 5 14 11 85 14 91 8 81 7 17 16 83 4 19 6 69 19 61 17 38 3 33
19 65 10 59 8 53 2 49 7 84 17 12 9 78 5 15 0 94 15 45 11 9 14 64 4 84 1 79 13 28 12 46 6 73 3 80 16 76 18 81
18 17 2 49 4 8 6 77 12 77 13 51 16 26 17 11 8 30 0 96 5 39 10 66 19 86 15 11 9 5 14 67 1 89 11 70 7 44 3 25
15 87 5 94 0 26 3 62 10 70 11 57 17 54 14 90 7 97 18 5 16 76 9 15 4 57 12 43 19 53 6 15 2 65 1 37 13 2 8 68
8 15 6 98 17 60 16 54 12 79 13 66 15 45 9 58 19 17 11 43 0 82 18 11 3 82 5 82 10 96 2 63 7 89 14 73 4 86 1 48
10 11 12 1 4 44 5 28 3 51 2 51 6 50 15 86 19 8 17 71 16 62 13 48 1 57 7 58 14 19 18 70 11 53 8 39 0 28 9 51
9 21 15 4 12 62 19 13 14 70 3 49 0 53 6 81 2 6 10 64 1 29 5 71 13 80 4 95 8 12 16 40 18 89 17 17 11 15 7 8
14 49 1 7 3 11 0 46 19 88 18 27 2 44 16 62 9 18 8 41 10 96 12 20 11 77 7 23 5 45 4 35 15 96 13 50 17 29 6 2
19 42 3 33 16 36 6 59 12 19 0 83 8 38 15 60 10 3 4 15 14 75 13 79 5 5 9 37 11 76 17 21 2 33 7 51 18 93 1 17
12 71 11 66 8 64 4 61 9 77 16 77 2 97 19 91 6 2 0 12 7 12 3 66 1 91 17 97 5 62 15 92 18 55 10 2 14 42 13 27
2 72 5 30 15 43 4 68 17 80 19 3 13 91 18 23 6 67 14 43 10 45 8 52 12 71 9 51 7 82 16 23 0 2 11 16 3 73 1 75
14 46 1 95 11 52 6 11 12 63 2 72 4 2 13 36 18 10 3 4 8 27 19 59 7 77 10 4 5 94 16 18 9 55 15 43 0 15 17 82
9 29 6 87 18 54 11 66 10 19 17 55 5 13 1 88 2 63 16 20 3 59 14 76 8 22 15 99 13 36 4 67 0 68 19 30 7 43 12 53
1 34 5 12 17 39 10 1 7 80 12 6 11 77 9 56 0 22 6 96 8 12 2 98 3 48 15 28 4 64 19 73 16 47 18 29 13 89 14 58
1 54 3 25 10 37 17 56 6 20 8 3 9 8 5 7 14 78 0 71 4 51 15 73 7 99 18 37 2 15 13 12 12 76 11 91 19 4 16 4
2 27 3 82 8 9 5 28 15 25 12 41 18 62 16 83 19 14 10 62 9 15 17 5 13 59 6 40 7 80 1 55 11 23 4 57 14 97 0 62
9 69 4 71 5 9 14 94 3 57 17 5 10 58 15 44 12 4 6 3 2 53 13 25 19 49 8 37 0 56 1 9 11 24 7 49 18 50 16 54
12 2 0 72 3 53 2 94 13 29 17 88 18 66 1 44 5 60 7 10 14 99 8 47 10 79 11 66 15 29 6 16 16 53 9 43 4 19 19 34
13 27 8 83 16 7 3 34 12 44 14 25 4 16 17 35 19 57 10 90 7 29 18 66 9 28 6 29 11 29 2 86 0 15 1 60 15 44 5 62
4 18 11 39 18 43 1 1 8 21 16 2 15 62 6 14 14 60 2 85 10 66 0 7 17 44 19 74 12 55 7 73 3 33 9 18 5 49 13 44
13 69 9 75 10 26 15 9 5 75 6 58 2 16 14 7 19 24 1 43 4 52 16 43 12 80 0 90 7 18 3 17 17 65 8 67 18 48 11 93
16 53 15 95 19 60 10 33 1 2 17 9 3 71 14 69 2 54 6 38 0 6 8 43 9 96 12 85 18 37 13 94 5 61 11 8 4 87 7 58
3 84 19 38 11 61 15 10 8 90 5 12 10 53 14 12 18 44 0 21 17 80 7 58 13 25 9 97 2 23 4 16 6 26 1 14 12 67 16 60
6 62 17 88 13 15 9 66 4 98 2 48 18 15 15 94 16 27 12 66 19 31 5 94 3 49 1 78 8 49 11 11 7 62 14 63 0 6 10 86
19 34 4 14 7 29 17 44 2 89 5 6 10 19 12 89 3 65 11 59 6 97 0 51 15 46 13 80 8 34 9 45 14 76 16 20 1 6 18 52
10 41 17 75 14 44 13 1 12 22 2 4 8 79 18 40 3 52 9 79 19 95 16 27 6 35 11 43 4 84 0 64 5 52 15 1 1 73 7 38
10 98 7 30 16 20 0 39 3 3 11 79 5 19 17 56 2 16 9 77 15 87 18 21 14 1 1 81 19 83 4 8 12 4 6 90 8 96 13 13
0 64 19 38 18 20 5 5 13 48 1 64 6 66 12 19 16 81 10 37 2 40 15 99 3 63 4 88 9 26 7 44 8 72 17 39 11 37 14 68
15 90 9 73 6 88 8 86 5 68 4 90 16 13 11 39 1 13 13 3 3 9 0 35 7 46 10 78 2 22 14 40 12 84 18 62 19 12 17 85
5 49 14 8 9 34 19 25 4 63 2 8 15 46 16 45 10 25 12 87 13 43 17 9 0 41 3 95 11 51 6 86 18 1 8 36 1 99 7 66
16 90 4 35 8 54 2 14 14 12 11 20 10 29 15 32 0 67 12 93 7 99 3 4 19 45 1 50 13 10 17 46 6 98 18 52 5 95 9 40
5 52 6 37 16 77 14 61 17 1 1 44 0 29 18 21 10 44 8 20 12 98 4 66 15 86 9 45 11 26 2 13 3 13 7 51 19 24 13 2
17 4 2 7 7 48 8 35 6 31 0 22 10 64 12 72 1 7 18 61 19 89 3 37 9 78 14 46 11 3 13 66 5 38 4 64 16 87 15 78
9 74 2 24 10 40 0 40 16 87 11 52 5 23 12 86 1 88 18 8 17 56 7 59 8 75 4 75 15 99 13 62 3 79 14 72 19 22 6 34
9 30 14 1 0 7 3 39 17 3 15 63 16 71 10 87 13 90 4 12 19 35 7 30 1 53 2 33 12 61 5 49 6 94 18 73 8 63 11 53
12 36 8 75 10 2 2 77 4 8 11 39 9 55 7 16 15 36 5 62 1 13 3 66 19 39 17 3 0 70 6 76 13 12 18 24 14 60 16 49
4 71 10 51 1 88 12 76 3 37 5 47 9 94 11 67 2 67 17 35 8 70 6 84 14 19 0 20 19 19 13 65 15 45 16 79 18 7 7 57
2 8 9 36 16 63 5 36 7 87 10 23 13 54 15 1 11 88 6 89 12 65 4 5 1 72 18 22 19 15 3 75 8 86 0 57 17 19 14 9
11 56 16 4 5 34 6 63 10 25 8 67 1 75 9 56 19 90 0 66 18 12 3 84 17 43 15 74 2 31 7 68 4 89 13 34 12 30 14 31
8 91 7 98 15 97 2 88 5 27 1 87 3 14 17 58 4 4 12 96 9 76 6 55 19 64 18 8 16 59 11 35 14 25 10 22 0 47 13 63
14 27 13 70 11 24 2 13 5 99 15 54 16 78 10 9 9 62 6 68 17 11 8 72 19 27 1 80 4 96 12 19 0 7 3 66 7 95 18 10
12 35 18 65 4 41 11 35 6 40 15 72 9 96 13 12 7 99 1 66 10 67 16 55 17 25 8 45 5 21 3 69 19 74 0 90 14 69 2 65
11 17 17 64 6 78 10 22 3 59 13 11 4 96 18 40 16 59 12 12 2 80 9 1 8 69 19 3 7 96 5 40 14 16 1 33 15 84 0 92
11 86 3 68 16 33 1 7 8 49 17 70 9 25 2 41 4 5 12 26 13 74 0 5 18 28 5 41 10 10 14 17 7 52 15 61 19 88 6 11
19 3 17 71 11 87 4 10 9 91 2 75 7 30 10 1 3 88 14 53 18 41 13 73 16 17 1 74 8 52 0 16 12 24 15 31 6 40 5 59
13 95 1 12 2 28 6 64 19 86 0 10 12 59 10 57 15 5 16 55 7 54 3 31 8 3 11 42 5 69 18 99 4 3 9 94 14 49 17 92
16 63 19 56 15 83 0 51 10 39 17 73 11 10 12 78 7 46 13 45 9 91 3 55 14 82 1 46 6 81 4 18 8 39 2 51 5 33 18 13
4 31 12 35 9 40 11 51 10 76 17 89 13 83 6 63 3 60 18 89 14 62 8 36 7 95 16 15 0 18 19 91 15 27 1 80 5 18 2 8
17 56 6 80 15 40 12 27 0 59 4 49 3 45 2 96 13 70 11 31 5 2 16 9 14 22 19 56 7 34 10 53 9 37 18 53 1 69 8 16
