50 20
1 28 7 49 5 79 6 41 12 84 13 97 16 2 10 65 2 43 0 39 3 81 17 11 14 88 11 80 19 64 18 35 15 64 9 6 4 92 8 46
11 48 14 2 2 63 15 86 3 46 1 18 5 7 12 89 16 42 8 7 17 70 7 61 0 32 13 17 19 82 10 88 18 88 4 75 9 89 6 39
1 30 14 84 10 53 7 57 3 2 0 89 15 82 8 42 12 62 19 64 17 9 18 64 2 51 5 5 6 55 13 81 4 95 9 18 11 77 16 92
5 88 17 98 3 1 7 68 18 81 4 86 15 17 2 2 14 50 11 31 0 98 1 38 19 71 10 2 12 92 16 40 13 79 9 57 8 60 6 92
5 98 7 7 6 20 9 5 2 74 13 11 0 8 17 94 11 9 4 33 12 6 8 7 10 15 1 59 15 50 19 35 3 27 16 19 14 71 18 4
15 35 12 45 6 94 2 51 3 85 0 85 14 18 10 11 9 8 11 22 16 90 19 66 17 67 7 94 18 18 13 26 8 70 1 85 5 29 4 13
11 39 19 14 16 92 2 85 12 54 0 25 17 96 6 47 10 81 13 50 3 55 7 50 8 53 1 38 4 99 15 47 18 40 14 5 5 95 9 96
16 50 10 75 11 78 17 14 6 85 8 91 14 81 15 17 3 83 0 19 13 69 2 61 4 38 9 33 5 65 18 59 7 53 1 49 12 84 19 12
14 78 6 15 9 94 12 45 8 9 18 64 7 84 10 79 13 28 2 46 11 73 3 80 16 76 5 81 0 17 4 49 15 8 1 77 19 77 17 51
16 26 3 11 10 30 15 96 4 39 19 66 6 86 12 11 18 5 2 67 8 89 17 70 14 44 1 25 11 87 5 94 7 26 9 62 13 70 0 57
6 54 10 90 12 97 11 5 14 76 5 15 8 57 9 43 15 53 16 15 13 65 1 37 0 2 17 68 3 15 19 98 2 60 4 54 7 79 18 66
2 45 15 58 6 17 13 43 1 82 19 11 12 82 10 82 0 96 9 63 8 89 18 73 14 86 11 48 3 11 5 1 7 44 17 28 4 51 16 51
15 50 17 86 11 8 5 71 4 62 0 48 12 57 16 58 8 19 1 70 10 53 9 39 18 28 13 51 19 21 6 4 3 62 2 13 7 70 14 49
16 53 13 81 15 6 9 64 7 29 12 71 5 80 3 95 1 12 6 40 0 89 18 17 4 15 10 8 19 49 11 7 8 11 14 46 2 88 17 27
16 44 11 62 13 18 9 41 18 96 5 20 7 77 14 23 6 45 1 35 4 96 3 50 0 29 17 2 2 42 19 33 10 36 8 59 15 19 12 83
17 38 10 60 4 3 0 15 16 75 3 79 1 5 2 37 5 76 18 21 11 33 6 51 15 93 14 17 8 71 12 66 7 64 19 61 13 77 9 77
10 97 9 91 15 2 17 12 5 12 13 66 14 91 16 97 8 62 19 92 12 55 0 2 11 42 3 27 1 72 6 30 2 43 4 68 7 80 18 3
18 91 2 23 14 67 4 43 13 45 3 52 16 71 1 51 7 82 5 23 11 2 9 16 12 73 6 75 10 46 19 95 0 52 17 11 8 63 15 72
11 2 10 36 6 10 9 4 17 27 5 59 1 77 2 4 19 94 3 18 16 55 8 43 14 15 13 82 4 29 0 87 18 54 7 66 12 19 15 55
1 13 5 88 17 63 10 20 7 59 12 76 11 22 9 99 0 36 6 67 8 68 2 30 3 43 15 53 4 34 19 12 16 39 18 1 13 80 14 6
1 77 3 56 10 22 17 96 6 12 8 98 9 48 5 28 14 64 0 73 4 47 15 29 7 89 18 58 2 54 13 25 12 37 11 56 19 20 16 3
2 8 3 7 8 78 5 71 15 51 12 73 18 99 16 37 19 15 10 12 9 76 17 91 13 4 6 4 7 27 1 82 11 9 4 28 14 25 0 41
9 62 4 83 5 14 14 62 3 15 17 5 10 59 15 40 12 80 6 55 2 23 13 57 19 97 8 62 0 69 1 71 11 9 7 94 18 57 16 5
12 58 0 44 3 4 2 3 13 53 17 25 18 49 1 37 5 56 7 9 14 24 8 49 10 50 11 54 15 2 6 72 16 53 9 94 4 29 19 88
13 66 8 44 16 60 3 10 12 99 14 47 4 79 17 66 19 29 10 16 7 53 18 43 9 19 6 34 11 27 2 83 0 7 1 34 15 44 5 25
4 16 11 35 18 57 1 90 8 29 16 66 15 28 6 29 14 29 2 86 10 15 0 60 17 44 19 62 12 18 7 39 3 43 9 1 5 21 13 2
13 62 9 14 10 60 15 85 5 66 6 7 2 44 14 74 19 55 1 73 4 33 16 18 12 49 0 44 7 69 3 75 17 26 8 9 18 75 11 58
16 16 15 7 19 24 10 43 1 52 17 43 3 80 14 90 2 18 6 17 0 65 8 67 9 48 12 93 18 53 13 95 5 60 11 33 4 2 7 9
3 71 19 69 11 54 15 38 8 6 5 43 10 96 14 85 18 37 0 94 17 61 7 8 13 87 9 58 2 84 4 38 6 61 1 10 12 90 16 12
6 53 17 12 13 44 9 21 4 80 2 58 18 25 15 97 16 23 12 16 19 26 5 14 3 67 1 60 8 62 11 88 7 15 14 66 0 98 10 48
19 15 4 94 7 27 17 66 2 31 5 94 10 49 12 78 3 49 11 11 6 62 0 63 15 6 13 86 8 34 9 14 14 29 16 44 1 89 18 6
10 19 17 89 14 65 13 59 12 97 2 51 8 46 18 80 3 34 9 45 19 76 16 20 6 6 11 52 4 41 0 75 5 44 15 1 1 22 7 4
10 79 7 40 16 52 0 79 3 95 11 27 5 35 17 43 2 84 9 64 15 52 18 1 14 73 1 38 19 98 4 30 12 20 6 39 8 3 13 79
0 19 19 56 18 16 5 77 13 87 1 21 6 1 12 81 16 83 10 8 2 4 15 90 3 96 4 13 9 64 7 38 8 20 17 5 11 48 14 64
15 66 9 19 6 81 8 37 5 40 4 99 16 63 11 88 1 26 13 44 3 72 0 39 7 37 10 68 2 90 14 73 12 88 18 86 19 68 17 90
5 13 14 39 9 13 19 3 4 9 2 35 15 46 16 78 10 22 12 40 13 84 17 62 0 12 3 85 11 49 6 8 18 34 8 25 1 63 7 8
16 46 4 45 8 25 2 87 14 43 11 9 10 41 15 95 0 51 12 86 7 1 3 36 19 99 1 66 13 90 17 35 6 54 18 14 5 12 9 20
5 29 6 32 16 67 14 93 17 99 1 4 0 45 18 50 10 10 8 46 12 98 4 52 15 95 9 40 11 52 2 37 3 77 7 61 19 1 13 44
17 29 2 21 7 44 8 20 6 98 0 66 10 86 12 45 1 26 18 13 19 13 3 51 9 24 14 2 11 4 13 7 5 48 4 35 16 31 15 22
9 64 2 72 10 7 0 61 16 89 11 37 5 78 12 46 1 3 18 66 17 38 7 64 8 87 4 78 15 74 13 24 3 40 14 40 19 87 6 52
9 23 14 86 0 88 3 8 17 56 15 59 16 75 10 75 13 99 4 62 19 79 7 72 1 22 2 34 12 30 5 1 6 7 18 39 8 3 11 63
12 71 8 87 10 90 2 12 4 35 11 30 9 53 7 33 15 61 5 49 1 94 3 73 19 63 17 53 0 36 6 75 13 2 18 77 14 8 16 39
4 55 10 16 1 36 12 62 3 13 5 66 9 39 11 3 2 70 17 76 8 12 6 24 14 60 0 49 19 71 13 51 15 88 16 76 18 37 7 47
2 94 9 67 16 67 5 35 7 70 10 84 13 19 15 20 11 19 6 65 12 45 4 79 1 7 18 57 19 8 3 36 8 63 0 36 17 87 14 23
11 54 16 1 5 88 6 89 10 65 8 5 1 72 9 22 19 15 0 75 18 86 3 57 17 19 15 9 2 56 7 4 4 34 13 63 12 25 14 67
8 75 7 56 15 90 2 66 5 12 1 84 3 43 17 74 4 31 12 68 9 89 6 34 19 30 18 31 16 91 11 98 14 97 10 88 0 27 13 87
14 14 13 58 11 4 2 96 5 76 15 55 16 64 10 8 9 59 6 35 17 25 8 22 19 47 1 63 4 27 12 70 0 24 3 13 7 99 18 54
12 78 18 9 4 62 11 68 6 11 15 72 9 27 13 80 7 96 1 19 10 7 16 66 17 95 8 10 5 35 3 65 19 41 0 35 14 40 2 72
11 96 17 12 6 99 10 66 3 67 13 55 4 25 18 45 16 21 12 69 2 74 9 90 8 69 19 65 7 17 5 64 14 78 1 22 15 59 0 11
11 96 3 40 16 59 1 12 8 80 17 1 9 69 2 3 4 96 12 40 13 16 0 33 18 84 5 92 10 86 14 68 7 33 15 7 19 49 6 70
