100 20
6 66 14 18 16 14 0 68 5 33 12 8 19 52 4 29 9 16 10 74 18 3 7 64 3 70 13 69 11 62 17 30 2 79 8 68 15 56 1 63
3 88 10 4 1 66 7 54 15 47 19 74 5 44 11 39 6 98 13 44 12 87 0 31 8 3 18 19 4 89 14 53 16 52 17 67 9 21 2 25
0 28 5 46 6 92 7 99 11 87 12 30 8 32 1 1 16 86 13 26 14 81 2 1 15 49 19 27 10 46 18 10 3 52 17 26 9 38 4 29
1 80 14 94 16 80 11 18 8 13 0 78 2 7 17 62 15 50 9 18 18 48 3 57 4 11 10 41 7 42 6 87 5 57 13 63 19 61 12 59
0 30 19 46 17 63 8 32 10 52 18 6 5 26 15 31 2 54 13 88 14 99 7 20 12 83 1 99 3 43 16 80 9 60 11 41 4 45 6 47
2 89 10 84 14 44 9 96 7 92 19 41 16 89 8 85 4 97 18 14 12 89 3 52 13 73 15 22 0 12 11 21 6 29 5 52 17 50 1 31
3 62 18 68 19 30 16 61 10 49 7 66 13 7 14 46 17 43 2 9 15 77 0 75 4 14 9 1 6 71 5 66 11 16 1 85 8 50 12 90
10 94 15 63 1 55 6 96 16 64 19 13 5 97 8 7 11 46 12 53 9 45 0 85 4 50 2 22 13 15 18 90 14 48 3 38 17 52 7 66
10 53 18 79 12 44 7 81 5 83 4 59 19 35 0 14 6 14 8 90 9 44 11 94 17 18 2 64 1 97 16 93 14 91 13 8 3 58 15 71
19 16 5 68 6 83 7 69 2 83 4 46 15 16 9 33 14 89 0 54 12 90 10 17 3 27 8 78 13 52 16 58 11 63 1 23 17 45 18 54
9 92 0 3 17 12 5 71 14 30 3 86 13 14 12 15 1 98 2 90 10 11 6 82 19 55 11 83 8 66 18 31 16 22 15 60 7 70 4 72
0 96 1 57 15 90 19 11 11 76 18 86 16 39 8 21 10 39 17 71 13 87 14 91 4 66 12 88 3 22 6 91 5 61 9 54 2 68 7 60
4 69 19 53 12 41 18 85 5 79 10 83 17 42 1 37 15 17 14 14 3 1 6 63 16 52 2 24 11 26 7 66 0 39 9 44 8 91 13 45
18 6 15 87 1 52 13 81 14 88 7 89 11 29 5 50 2 99 4 93 17 31 6 21 16 40 9 78 0 13 8 76 3 70 10 53 19 86 12 51
12 85 1 27 2 77 0 42 3 8 10 7 17 26 15 99 11 49 14 10 5 46 9 19 18 95 7 92 13 73 6 82 19 55 16 11 4 49 8 84
0 78 12 51 19 46 7 97 10 84 9 93 18 70 13 75 15 85 3 19 2 55 6 47 5 94 11 20 16 61 14 42 4 61 8 98 17 48 1 64
15 81 11 76 1 86 16 50 3 13 6 2 17 18 5 31 2 27 14 32 8 47 9 81 10 41 12 35 18 15 0 50 13 20 19 78 7 33 4 37
0 4 7 25 16 15 8 38 11 62 5 7 3 58 4 1 2 97 13 3 14 54 9 31 18 48 17 28 15 6 12 5 6 33 19 5 10 2 1 90
1 40 11 62 0 58 4 36 16 12 18 14 5 57 6 40 3 53 19 35 14 99 10 47 15 94 2 73 8 22 9 18 13 39 17 48 7 46 12 81
19 63 13 78 7 15 9 59 4 3 6 1 8 49 1 40 12 76 5 58 16 73 11 41 14 34 2 88 15 27 3 81 17 48 0 23 10 11 18 61
5 23 2 45 13 2 12 89 17 1 14 52 10 42 15 98 6 57 11 4 3 42 19 43 8 69 4 53 0 66 18 39 9 20 1 36 7 41 16 92
4 25 3 85 9 54 12 20 13 76 14 86 1 17 2 23 5 12 16 65 11 98 6 23 10 52 19 36 7 8 0 10 18 61 17 48 8 63 15 19
11 22 14 52 8 42 18 83 0 12 13 39 9 49 4 97 15 51 6 54 5 47 3 24 12 97 17 60 1 48 2 57 10 15 16 40 7 50 19 88
16 7 10 4 15 92 11 55 12 26 6 31 1 92 2 86 9 49 0 51 13 44 18 14 8 98 14 85 4 68 17 98 7 43 5 22 19 31 3 52
15 54 5 19 1 87 4 64 0 31 10 6 16 89 11 17 19 34 3 72 9 47 8 8 13 33 7 13 12 88 14 37 18 77 6 34 17 17 2 97
8 6 4 31 3 78 15 1 11 19 18 32 14 94 9 88 0 15 6 59 16 3 19 48 7 14 12 61 10 76 13 76 1 58 2 38 17 46 5 63
19 9 16 67 1 65 4 85 13 84 12 73 5 5 8 31 14 16 15 78 9 92 0 22 3 98 18 30 10 78 2 73 7 59 6 45 17 18 11 78
2 90 13 58 4 29 1 73 18 68 3 67 12 71 6 84 11 33 17 1 10 91 16 88 19 3 14 51 9 35 5 31 0 91 8 32 15 42 7 61
3 93 7 84 12 38 8 29 19 39 6 6 1 31 10 62 0 45 4 95 14 67 13 24 18 32 15 98 11 29 2 5 9 33 5 84 16 7 17 97
18 52 10 43 8 53 1 67 17 38 9 82 16 28 7 62 2 90 13 49 3 12 15 2 0 68 12 41 19 53 11 77 14 54 6 83 5 8 4 89
6 34 11 28 15 4 0 23 9 82 16 20 4 68 3 27 2 31 10 99 18 60 8 88 13 31 7 35 12 20 19 64 1 75 5 87 17 42 14 20
14 77 7 88 1 94 0 79 11 83 8 44 2 95 16 30 18 92 3 78 12 11 17 88 19 31 9 47 15 79 4 73 5 10 6 49 13 38 10 28
18 18 17 97 8 87 9 94 15 40 6 14 7 50 13 30 11 3 19 90 5 75 4 94 1 3 3 3 16 5 12 50 14 60 10 43 0 92 2 49
18 55 6 28 0 61 3 9 8 95 2 81 4 79 19 37 5 50 1 51 17 69 11 6 10 32 15 27 16 98 14 89 9 52 12 41 7 98 13 50
9 83 18 34 4 50 0 15 6 26 1 44 16 37 14 92 15 5 11 36 19 20 12 38 17 61 7 42 3 23 5 84 2 63 13 37 10 91 8 56
3 64 8 62 6 62 4 15 16 66 5 55 19 39 2 15 1 93 15 72 7 17 10 63 9 73 12 46 17 41 18 89 14 64 0 54 11 12 13 44
2 61 5 52 18 96 14 22 3 7 6 24 10 54 4 95 15 12 19 61 16 46 12 75 13 48 1 54 7 58 0 15 8 13 9 48 11 59 17 65
10 85 8 57 13 8 3 92 15 76 12 87 7 82 18 43 16 42 4 55 14 52 1 38 19 78 11 37 5 56 2 3 17 18 9 70 6 43 0 19
2 42 11 35 17 8 13 1 6 91 8 58 18 65 4 99 16 94 5 98 15 85 3 25 14 98 0 57 12 30 19 51 10 72 9 99 7 91 1 39
4 36 15 40 2 45 5 8 9 14 18 34 13 57 6 68 12 27 19 4 7 7 14 34 3 68 8 40 1 7 11 79 10 28 0 1 17 16 16 87
7 23 11 62 14 55 8 35 0 56 10 15 6 9 19 51 15 81 17 12 9 49 3 49 12 88 2 20 18 59 5 77 16 26 1 12 13 20 4 76
16 75 6 39 19 73 13 85 18 39 7 28 0 55 2 32 11 50 5 32 14 89 12 83 4 69 3 40 10 92 9 66 8 97 17 86 1 16 15 11
3 96 18 99 13 26 14 30 16 49 15 39 11 86 2 89 10 67 0 41 4 16 12 2 7 82 8 1 19 27 5 34 1 44 6 46 9 41 17 94
8 91 10 24 19 5 11 16 7 25 2 12 6 87 9 6 5 47 3 12 4 76 1 90 15 92 14 24 0 16 18 80 16 33 13 62 17 40 12 68
5 75 16 10 14 38 4 14 2 47 6 46 7 77 3 83 18 34 17 59 13 78 15 6 10 17 12 31 1 20 11 54 8 55 9 85 19 6 0 88
6 41 8 12 14 91 7 22 19 80 17 53 12 2 1 35 10 39 0 89 16 38 11 83 15 26 4 11 3 59 5 70 13 63 2 62 9 72 18 77
1 48 18 62 19 47 9 2 5 35 12 83 6 97 13 80 17 63 2 85 15 84 14 20 11 95 0 12 7 78 16 77 3 67 8 10 10 91 4 7
2 35 10 85 15 88 19 42 4 30 16 94 1 66 12 99 14 34 5 47 6 31 8 36 17 76 3 35 18 71 11 30 0 50 7 28 9 96 13 2
17 93 6 69 19 32 12 44 7 28 8 88 2 40 4 61 3 85 11 48 0 34 5 75 13 16 1 93 14 83 18 67 16 55 10 71 15 34 9 91
4 99 14 43 15 86 19 82 11 31 13 8 2 41 6 29 18 3 1 35 3 41 12 91 17 26 16 20 0 4 8 46 7 83 9 47 5 9 10 2
11 6 16 8 2 90 17 91 6 80 19 13 3 42 18 67 8 39 13 20 12 74 15 20 10 42 14 74 5 35 1 3 7 95 4 71 0 89 9 30
2 90 8 23 9 42 6 81 14 13 13 1 11 86 1 26 17 69 19 2 4 6 18 56 3 76 15 26 12 81 5 44 16 30 0 9 7 63 10 18
5 48 12 28 3 10 2 69 17 32 9 99 4 2 8 77 7 44 0 17 16 36 19 63 11 3 6 21 18 83 15 38 13 7 10 27 1 8 14 26
8 36 19 60 18 99 5 82 10 21 12 20 16 78 9 65 14 22 11 38 17 82 6 77 7 57 0 39 2 34 3 83 15 10 4 41 13 3 1 4
17 19 12 85 6 12 18 62 14 20 7 75 0 19 11 84 19 47 4 43 16 44 9 29 10 63 15 8 1 16 8 49 5 47 2 77 13 57 3 81
19 21 9 98 15 1 0 47 5 11 17 30 11 57 4 51 13 15 8 93 2 5 10 25 12 23 14 49 6 95 18 65 1 19 3 87 16 43 7 86
17 89 1 2 4 74 8 53 14 81 15 28 0 63 16 88 3 78 18 94 11 54 9 92 2 36 13 92 6 42 10 53 7 93 12 60 5 69 19 41
16 7 11 77 15 36 17 36 9 26 4 35 18 30 3 64 7 75 8 3 13 35 19 60 5 71 14 29 10 47 1 15 0 29 6 43 12 88 2 56
7 22 15 9 8 45 13 40 17 50 19 52 0 76 5 66 12 72 14 38 6 10 18 37 4 25 9 62 16 94 10 18 3 20 1 25 2 18 11 14
0 90 6 49 10 75 16 59 7 20 8 78 11 57 19 80 5 94 2 20 18 22 12 52 9 21 13 23 4 37 3 56 15 40 1 23 17 85 14 80
16 72 10 2 6 50 9 99 0 46 4 72 15 74 5 59 3 75 12 6 8 71 13 52 1 95 14 32 11 45 19 97 17 3 2 70 7 88 18 20
17 24 4 6 3 77 18 36 8 83 14 53 19 70 1 67 6 35 12 51 13 18 9 40 2 84 7 40 0 10 16 51 10 64 11 24 5 51 15 93
4 56 9 91 19 7 16 48 6 27 5 12 0 11 10 36 12 66 11 41 3 88 14 23 8 6 7 38 1 2 2 4 15 99 18 52 13 64 17 7
18 77 8 91 7 4 6 18 17 85 14 28 0 48 5 66 15 33 11 61 13 40 4 37 16 14 19 5 9 24 10 79 3 41 2 94 1 39 12 82
1 49 17 35 16 22 7 50 11 58 12 56 3 60 6 68 13 66 0 24 19 16 5 32 14 2 18 27 15 33 2 78 4 51 10 89 9 53 8 65
6 16 2 26 13 51 10 72 1 37 18 32 11 35 19 40 12 5 4 17 9 52 8 97 15 54 5 52 7 48 14 34 0 38 16 27 3 87 17 35
11 68 14 8 9 5 18 36 5 74 6 87 7 38 8 94 0 31 19 13 1 41 2 15 16 22 15 67 10 30 13 27 17 52 4 27 12 66 3 90
2 86 3 39 1 87 16 27 18 89 0 26 15 25 11 80 5 82 17 21 6 25 9 55 10 27 4 20 8 81 13 47 19 79 12 26 7 72 14 10
16 11 12 90 8 89 5 10 7 30 19 99 17 26 15 54 3 75 6 88 14 25 0 9 18 38 1 66 11 39 9 66 10 28 2 96 13 88 4 50
3 88 2 46 17 91 10 65 0 5 4 14 14 51 8 23 12 87 7 67 13 62 1 68 16 4 11 47 19 49 9 33 6 79 18 61 15 2 5 73
13 35 11 57 2 58 14 12 0 46 5 82 3 59 19 56 4 24 16 33 10 22 7 78 6 1 17 48 18 41 15 91 1 87 9 54 12 63 8 76
12 13 8 26 19 70 7 77 13 85 2 60 9 42 1 77 11 63 16 13 3 32 15 42 6 54 0 50 18 83 5 60 4 15 17 61 10 91 14 15
6 13 2 76 11 44 0 58 4 18 17 1 13 60 12 80 3 94 19 29 14 11 9 14 5 49 18 89 16 44 1 83 15 39 7 52 10 63 8 74
3 81 5 16 12 93 1 4 14 35 15 29 13 69 17 67 10 21 8 32 19 58 11 84 2 62 0 55 18 59 16 74 9 84 4 90 6 3 7 91
12 25 6 88 16 15 1 67 18 13 5 28 17 16 3 69 2 89 14 50 19 54 10 48 15 68 4 30 8 9 13 79 7 63 11 57 9 91 0 61
12 88 18 41 16 8 8 12 1 22 19 98 14 81 4 89 6 15 13 80 5 85 3 6 7 8 9 97 15 14 0 59 17 48 10 2 11 83 2 59
12 15 3 25 6 81 16 78 18 37 19 11 11 83 7 48 14 28 13 36 8 17 17 19 0 7 5 90 10 72 15 90 2 61 1 27 4 92 9 3
0 34 17 25 15 93 7 43 2 20 11 50 3 41 13 17 5 70 6 25 9 39 4 41 12 61 14 60 8 94 18 20 19 76 16 1 1 78 10 92
0 18 2 50 1 94 18 20 10 59 12 86 14 86 13 48 8 87 5 3 15 91 9 91 4 84 6 47 17 73 3 60 16 93 11 51 19 58 7 65
3 60 2 67 5 79 10 52 16 95 12 3 7 33 13 84 15 97 17 91 19 93 14 19 18 74 8 1 11 41 0 33 1 72 9 12 6 91 4 26
0 48 16 13 10 97 9 31 18 71 2 85 11 79 17 66 15 75 5 49 6 44 1 89 3 4 4 29 19 30 13 41 7 86 12 93 14 32 8 2
12 36 8 72 2 54 3 97 18 96 5 90 11 46 10 26 15 34 19 85 6 28 1 63 14 92 0 82 17 41 16 44 13 60 9 51 7 19 4 58
12 27 16 44 14 16 10 44 15 25 7 3 1 31 0 9 18 42 11 56 4 75 3 11 17 6 9 12 19 20 2 32 6 37 5 13 13 68 8 72
1 78 2 29 0 68 17 51 6 77 4 91 13 28 18 95 14 93 3 19 19 14 11 51 12 49 5 44 15 59 9 22 7 99 16 59 8 35 10 2
10 4 16 89 1 30 13 89 0 8 9 68 3 24 15 48 8 62 2 6 19 65 5 6 17 22 14 64 7 58 4 25 11 81 6 27 12 19 18 78
11 82 8 86 13 64 15 67 18 96 2 35 19 37 10 66 5 50 1 64 7 64 3 66 0 38 17 38 6 94 12 79 14 84 16 55 9 19 4 84
2 46 0 75 1 58 13 66 7 31 10 33 6 70 5 81 4 34 9 44 14 81 3 51 12 65 15 81 8 90 16 58 18 88 11 51 17 71 19 38
15 9 13 84 18 49 6 99 5 29 16 14 8 64 14 39 2 24 0 64 1 31 9 68 7 83 17 92 19 82 10 36 11 93 3 76 4 92 12 1
4 35 18 33 16 96 0 38 19 19 12 64 13 86 9 45 17 55 2 54 1 95 11 14 8 38 6 75 14 27 7 76 3 79 15 84 10 19 5 18
17 11 10 44 2 62 4 81 0 35 5 81 7 20 15 74 8 60 18 33 9 48 13 39 1 52 16 87 11 95 12 27 14 61 6 59 19 81 3 72
13 17 7 58 12 70 1 54 17 61 0 37 9 57 15 99 8 22 18 72 11 38 16 85 2 23 4 85 14 15 5 4 19 49 10 9 6 15 3 25
9 7 5 63 10 79 12 6 0 85 14 30 1 12 13 34 16 38 4 6 7 59 6 62 8 59 18 34 2 72 11 97 15 70 3 44 19 95 17 58
2 99 0 72 19 41 17 77 18 62 6 78 7 36 16 75 1 28 10 91 5 39 9 32 12 56 14 60 3 64 15 21 8 15 13 80 4 85 11 28
5 22 19 53 17 58 12 69 14 62 9 60 2 48 16 66 7 91 15 38 13 66 1 54 8 5 10 24 3 1 0 49 4 71 18 49 11 41 6 92
2 64 5 78 14 95 9 55 19 63 11 19 7 18 0 2 13 45 10 35 3 14 8 7 15 32 17 78 12 97 4 30 6 24 1 9 16 20 18 22
13 82 15 22 14 78 16 14 9 59 12 23 5 22 0 96 3 31 18 37 6 67 4 20 2 41 1 62 11 2 7 9 19 10 17 61 8 37 10 87
6 63 8 88 2 27 16 40 14 76 17 76 19 19 15 58 10 16 18 2 12 10 9 73 0 96 7 1 11 1 4 95 1 29 3 63 13 71 5 60
14 27 8 76 11 12 3 18 5 47 10 8 6 31 12 18 17 33 9 34 7 40 1 13 13 76 19 67 4 90 2 25 0 41 15 6 18 24 16 47
15 10 19 45 9 43 0 31 11 65 16 21 18 19 6 97 17 11 4 7 2 84 10 93 5 80 12 4 1 39 3 94 8 57 14 15 13 37 7 89
0 13 6 96 7 67 11 78 3 23 8 1 16 12 19 33 12 58 1 66 18 48 10 42 2 61 15 95 13 24 17 5 5 20 4 85 14 30 9 89
