50 20
8 18 11 49 18 84 17 10 14 67 6 37 3 94 2 40 12 42 15 80 1 33 10 31 7 28 5 49 13 8 16 9 0 67 19 39 9 23 4 45
18 28 1 99 14 40 19 2 10 51 17 20 6 34 13 88 8 52 12 94 5 30 11 28 16 49 0 79 9 41 3 84 15 97 7 2 2 65 4 43
11 39 10 81 18 11 5 88 1 80 16 64 6 35 17 64 12 6 13 92 7 46 14 48 2 2 0 63 3 86 19 46 8 18 4 7 15 89 9 42
6 7 5 70 2 61 4 32 1 17 15 82 12 88 11 88 14 75 18 89 7 39 3 30 19 84 13 53 17 57 16 2 8 89 0 82 10 42 9 62
8 64 5 9 10 64 15 51 1 5 12 55 3 81 6 95 16 18 18 77 7 92 11 88 0 98 14 1 17 68 19 81 9 86 2 17 13 2 4 50
5 31 1 98 10 38 14 71 3 2 4 92 19 40 9 79 18 57 11 60 7 92 15 98 8 7 12 20 0 5 2 74 6 11 16 8 13 94 17 9
15 33 19 6 18 7 0 15 6 59 2 50 5 35 12 27 9 19 7 71 1 4 13 35 11 45 8 94 4 51 10 85 17 85 14 18 3 11 16 8
11 22 16 90 6 66 2 67 3 94 0 18 15 26 14 70 9 85 10 29 12 13 17 39 4 14 18 92 7 85 19 54 13 25 8 96 1 47 5 81
11 50 19 55 16 50 2 53 12 38 0 99 17 47 6 40 10 5 13 95 3 96 7 50 8 75 1 78 4 14 15 85 18 91 14 81 5 17 9 83
16 19 10 69 11 61 17 38 6 33 8 65 14 59 15 53 3 49 0 84 13 12 2 78 4 15 9 94 5 45 18 9 7 64 1 84 12 79 19 28
14 46 6 73 9 80 12 76 8 81 18 17 7 49 10 8 13 77 2 77 11 51 3 26 16 11 5 30 0 96 4 39 15 66 1 86 19 11 17 5
16 67 3 89 10 70 15 44 4 25 19 87 6 94 12 26 18 62 2 70 8 57 17 54 14 90 1 97 11 5 5 76 7 15 9 57 13 43 0 53
6 15 10 65 12 37 11 2 14 68 5 15 8 98 9 60 15 54 16 79 13 66 1 45 0 58 17 17 3 43 19 82 2 11 4 82 7 82 18 96
2 63 15 89 6 73 13 86 1 48 19 11 12 1 10 44 0 28 9 51 8 51 18 50 14 86 11 8 3 71 5 62 7 48 17 57 4 58 16 19
15 70 17 53 11 39 5 28 4 51 0 21 12 4 16 62 8 13 1 70 10 49 9 53 18 81 13 6 19 64 6 29 3 71 2 80 7 95 14 12
16 40 13 89 15 17 9 15 7 8 12 49 5 7 3 11 1 46 6 88 0 27 18 44 4 62 10 18 19 41 11 96 8 20 14 77 2 23 17 45
16 35 11 96 13 50 9 29 18 2 5 42 7 33 14 36 6 59 1 19 4 83 3 38 0 60 17 3 2 15 19 75 10 79 8 5 15 37 12 76
17 21 10 33 4 51 0 93 16 17 3 71 1 66 2 64 5 61 18 77 11 77 6 97 15 91 14 2 8 12 12 12 7 66 19 91 13 97 9 62
10 92 9 55 15 2 17 42 5 27 13 72 14 30 16 43 8 68 19 80 12 3 0 91 11 23 3 67 1 43 6 45 2 52 4 71 7 51 18 82
18 23 2 2 14 16 4 73 13 75 3 46 16 95 1 52 7 11 5 63 11 72 9 2 12 36 6 10 10 4 19 27 0 59 17 77 8 4 15 94
11 18 10 55 6 43 9 15 17 82 5 29 1 87 2 54 19 66 3 19 16 55 8 13 14 88 13 63 4 20 0 59 18 76 7 22 12 99 15 36
1 67 5 68 17 30 10 43 7 53 12 34 11 12 9 39 0 1 6 80 8 6 2 77 3 56 15 22 4 96 19 12 16 98 18 48 13 28 14 64
1 73 3 47 10 29 17 89 6 58 8 54 9 25 5 37 14 56 0 20 4 3 15 8 7 7 18 78 2 71 13 51 12 73 11 99 19 37 16 15
2 12 3 76 8 91 5 4 15 4 12 27 18 82 16 9 19 28 10 25 9 41 17 62 13 83 6 14 7 62 1 15 11 5 4 59 14 40 0 80
9 55 4 23 5 57 14 97 3 62 17 69 10 71 15 9 12 94 6 57 2 5 13 58 19 44 8 4 0 3 1 53 11 25 7 49 18 37 16 56
12 9 0 24 3 49 2 50 13 54 17 2 18 72 1 53 5 94 7 29 14 88 8 66 10 44 11 60 15 10 6 99 16 47 9 79 4 66 19 29
13 16 8 53 16 43 3 19 12 34 14 27 4 83 17 7 19 34 10 44 7 25 18 16 9 35 6 57 11 90 2 29 0 66 1 28 15 29 5 29
4 86 11 15 18 60 1 44 8 62 16 18 15 39 6 43 14 1 2 21 10 2 0 62 17 14 19 60 12 85 7 66 3 7 9 44 5 74 13 55
13 73 9 33 10 18 15 49 5 44 6 69 2 75 14 26 19 9 1 75 4 58 16 16 12 7 0 24 7 43 3 52 17 43 8 80 18 90 11 18
16 17 15 65 19 67 10 48 1 93 17 53 3 95 14 60 2 33 6 2 0 9 8 71 9 69 12 54 18 38 13 6 5 43 11 96 4 85 7 37
3 94 19 61 11 8 15 87 8 58 5 84 10 38 14 61 18 10 0 90 17 12 7 53 13 12 9 44 2 21 4 80 6 58 1 25 12 97 16 23
6 16 17 26 13 14 9 67 4 60 2 62 18 88 15 15 16 66 12 98 19 48 5 15 3 94 1 27 8 66 11 31 7 94 14 49 0 78 10 49
19 11 4 62 7 63 17 6 2 86 5 34 10 14 12 29 3 44 11 89 6 6 0 19 15 89 13 65 8 59 9 97 14 51 16 46 1 80 18 34
10 45 17 76 14 20 13 6 12 52 2 41 8 75 18 44 3 1 9 22 19 4 16 79 6 40 11 52 4 79 0 95 5 27 15 35 1 43 7 84
10 64 7 52 16 1 0 73 3 38 11 98 5 30 17 20 2 39 9 3 15 79 18 19 14 56 1 16 19 77 4 87 12 21 6 1 8 81 13 83
0 8 19 4 18 90 5 96 13 13 1 64 6 38 12 20 16 5 10 48 2 64 15 66 3 19 4 81 9 37 7 40 8 99 17 63 11 88 14 26
15 44 9 72 6 39 8 37 5 68 4 90 16 73 11 88 1 86 13 68 3 90 0 13 7 39 10 13 2 3 14 9 12 35 18 46 19 78 17 22
5 40 14 84 9 62 19 12 4 85 2 49 15 8 16 34 10 25 12 63 13 8 17 46 0 45 3 25 11 87 6 43 18 9 8 41 1 95 7 51
16 86 4 1 8 36 2 99 14 66 11 90 10 35 15 54 0 14 12 12 7 20 3 29 19 32 1 67 13 93 17 99 6 4 18 45 5 50 9 10
5 46 6 98 16 52 14 95 17 40 1 52 0 37 18 77 10 61 8 1 12 44 4 29 15 21 9 44 11 20 2 98 3 66 7 86 19 45 13 26
17 13 2 13 7 51 8 24 6 2 0 4 10 7 12 48 1 35 18 31 19 22 3 64 9 72 14 7 11 61 13 89 5 37 4 78 16 46 15 3
9 66 2 38 10 64 0 87 16 78 11 74 5 24 12 40 1 40 18 87 17 52 7 23 8 86 4 88 15 8 13 56 3 59 14 75 19 75 6 99
9 62 14 79 0 72 3 22 17 34 15 30 16 1 10 7 13 39 4 3 19 63 7 71 1 87 2 90 12 12 5 35 6 30 18 53 8 33 11 61
12 49 8 94 10 73 2 63 4 53 11 36 9 75 7 2 15 77 5 8 1 39 3 55 19 16 17 36 0 62 6 13 13 66 18 39 14 3 16 70
4 76 10 12 1 24 12 60 3 49 5 71 9 51 11 88 2 76 17 37 8 47 6 94 14 67 0 67 19 35 13 70 15 84 16 19 18 20 7 19
2 65 9 45 16 79 5 7 7 57 10 8 13 36 15 63 11 36 6 87 12 23 4 54 1 1 18 88 19 89 3 65 8 5 0 72 17 22 14 15
11 75 16 86 5 57 6 19 10 9 8 56 1 4 9 34 19 63 0 25 18 67 3 75 17 56 15 90 2 66 7 12 4 84 13 43 12 74 14 31
8 68 7 89 15 34 2 30 5 31 1 91 3 98 17 97 4 88 12 27 9 87 6 14 19 58 18 4 16 96 11 76 14 55 10 64 0 8 13 59
14 35 13 25 11 22 2 47 5 63 15 27 16 70 10 24 9 13 6 99 17 54 8 78 19 9 1 62 4 68 12 11 0 72 3 27 7 80 18 96
12 19 18 7 4 66 11 95 6 10 15 35 9 65 13 41 7 35 1 40 10 72 16 96 17 12 8 99 5 66 3 67 19 55 0 25 14 45 2 21
