100 20
16 29 18 52 13 50 10 31 14 62 2 68 17 30 0 61 4 49 9 66 6 7 5 46 15 43 3 9 1 77 11 75 8 14 19 1 7 71 12 66
10 16 6 85 16 50 11 90 5 94 8 63 9 55 15 96 0 64 19 13 18 97 14 7 4 46 13 53 3 45 1 85 7 50 17 22 2 15 12 90
12 48 14 38 17 52 7 66 4 53 13 79 0 44 6 81 8 83 10 59 2 35 1 14 5 14 11 90 9 44 3 94 15 18 19 64 16 97 18 93
19 91 6 8 5 58 2 71 4 16 9 68 7 83 12 69 0 83 14 46 10 16 3 33 8 89 13 54 15 90 11 17 1 27 17 78 18 52 16 58
18 63 3 23 5 45 14 54 9 92 13 3 11 12 2 71 6 30 17 86 19 14 16 15 0 98 1 90 10 11 15 82 7 55 4 83 12 66 8 31
0 22 1 60 13 70 17 72 10 96 16 57 14 90 8 11 15 76 11 86 18 39 4 21 3 39 6 71 5 87 19 91 2 66 7 88 12 22 9 91
4 61 19 54 12 68 18 60 5 69 10 53 17 41 1 85 15 79 14 83 3 42 6 37 16 17 2 14 11 1 7 63 0 52 9 24 8 26 13 66
18 39 15 44 1 91 13 45 14 6 7 87 11 52 5 81 2 88 4 89 17 29 6 50 16 99 9 93 0 31 8 21 3 40 10 78 19 13 12 76
12 70 1 53 2 86 0 51 3 85 10 27 17 77 15 42 11 8 14 7 5 26 9 99 18 49 7 10 13 46 6 19 19 95 16 92 4 73 8 82
0 55 12 11 19 49 7 84 10 78 9 51 18 46 13 97 15 84 3 93 2 70 6 75 5 85 11 19 16 55 14 47 4 94 8 20 17 61 1 42
15 61 11 98 1 48 16 64 3 81 6 76 17 86 5 50 2 13 14 2 8 18 9 31 10 27 12 32 18 47 0 81 13 41 19 35 7 15 4 50
0 20 7 78 16 33 8 37 11 4 5 25 3 15 4 38 2 62 13 7 14 58 9 1 18 97 17 3 15 54 12 31 6 48 19 28 10 6 1 5
1 33 11 5 0 2 4 90 16 40 18 62 5 58 6 36 3 12 19 14 14 57 10 40 15 53 2 35 8 99 9 47 13 94 17 73 7 22 12 18
19 39 13 48 7 46 9 81 4 63 6 78 8 15 1 59 12 3 5 1 16 49 11 40 14 76 2 58 15 73 3 41 17 34 0 88 10 27 18 81
5 48 2 23 13 11 12 61 17 23 14 45 10 2 15 89 6 1 11 52 3 42 19 98 8 57 4 4 0 42 18 43 9 69 1 53 7 66 16 39
4 20 3 36 9 41 12 92 13 25 14 85 1 54 2 20 5 76 16 86 11 17 6 23 10 12 19 65 7 98 0 23 18 52 17 36 8 8 15 10
11 61 14 48 8 63 18 19 0 22 13 52 9 42 4 83 15 12 6 39 5 49 3 97 12 51 17 54 1 47 2 24 10 97 16 60 7 48 19 57
16 15 10 40 15 50 11 88 12 7 6 4 1 92 2 55 9 26 0 31 13 92 18 86 8 49 14 51 4 44 17 14 7 98 5 85 19 68 3 98
15 43 5 22 1 31 4 52 0 54 10 19 16 87 11 64 19 31 3 6 9 89 8 17 13 34 7 72 12 47 14 8 18 33 6 13 17 88 2 37
8 77 4 34 3 17 15 97 11 6 18 31 14 78 9 1 0 19 6 32 16 94 19 88 7 15 12 59 10 3 13 48 1 14 2 61 17 76 5 76
19 58 16 38 1 46 4 63 13 9 12 67 5 65 8 85 14 84 15 73 9 5 0 31 3 16 18 78 10 92 2 22 7 98 6 30 17 78 11 73
2 59 13 45 4 18 1 78 18 90 3 58 12 29 6 73 11 68 17 67 10 71 16 84 19 33 14 1 9 91 5 88 0 3 8 51 15 35 7 31
3 91 7 32 12 42 8 61 19 93 6 84 1 38 10 29 0 39 4 6 14 31 13 62 18 45 15 95 11 67 2 24 9 32 5 98 16 29 17 5
18 33 10 84 8 7 1 97 17 52 9 43 16 53 7 67 2 38 13 82 3 28 15 62 0 90 12 49 19 12 11 2 14 68 6 41 5 53 4 77
6 54 11 83 15 8 0 89 9 34 16 28 4 4 3 23 2 82 10 20 18 68 8 27 13 31 7 99 12 60 19 88 1 31 5 35 17 20 14 64
14 75 7 87 1 42 0 20 11 77 8 88 2 94 16 79 18 83 3 44 12 95 17 30 19 92 9 78 15 11 4 88 5 31 6 47 13 79 10 73
18 10 17 49 8 38 9 28 15 18 6 97 7 87 13 94 11 40 19 14 5 50 4 30 1 3 3 90 16 75 12 94 14 3 10 3 0 5 2 50
18 60 6 43 0 92 3 49 8 55 2 28 4 61 19 9 5 95 1 81 17 79 11 37 10 50 15 51 16 69 14 6 9 32 12 27 7 98 13 89
9 52 18 41 4 98 0 50 6 83 1 34 16 50 14 15 15 26 11 44 19 37 12 92 17 5 7 36 3 20 5 38 2 61 13 42 10 23 8 84
3 63 8 37 6 91 4 56 16 64 5 62 19 62 2 15 1 66 15 55 7 39 10 15 9 93 12 72 17 17 18 63 14 73 0 46 11 41 13 89
2 64 5 54 18 12 14 44 3 61 6 52 10 96 4 22 15 7 19 24 16 54 12 95 13 12 1 61 7 46 0 75 8 48 9 54 11 58 17 15
10 13 8 48 13 59 3 65 15 85 12 57 7 8 18 92 16 76 4 87 14 82 1 43 19 42 11 55 5 52 2 38 17 78 9 37 6 56 0 3
2 18 11 70 17 43 13 19 6 42 8 35 18 8 4 1 16 91 5 58 15 65 3 99 14 94 0 98 12 85 19 25 10 98 9 57 7 30 1 51
4 72 15 99 2 91 5 39 9 36 18 40 13 45 6 8 12 14 19 34 7 57 14 68 3 27 8 4 1 7 11 34 10 68 0 40 17 7 16 79
7 28 11 1 14 16 8 87 0 23 10 62 6 55 19 35 15 56 17 15 9 9 3 51 12 81 2 12 18 49 5 49 16 88 1 20 13 59 4 77
16 26 6 12 19 20 13 76 18 75 7 39 0 73 2 85 11 39 5 28 14 55 12 32 4 50 3 32 10 89 9 83 8 69 17 40 1 92 15 66
3 97 18 86 13 16 14 11 16 96 15 99 11 26 2 30 10 49 0 39 4 86 12 89 7 67 8 41 19 16 5 2 1 82 6 1 9 27 17 34
8 44 10 46 19 41 11 94 7 91 2 24 6 5 9 16 5 25 3 12 4 87 1 6 15 47 14 12 0 76 18 90 16 92 13 24 17 16 12 80
5 33 16 62 14 40 4 68 2 75 6 10 7 38 3 14 18 47 17 46 13 77 15 83 10 34 12 59 1 78 11 6 8 17 9 31 19 20 0 54
6 55 8 85 14 6 7 88 19 41 17 12 12 91 1 22 10 80 0 53 16 2 11 35 15 39 4 89 3 38 5 83 13 26 2 11 9 59 18 70
1 63 18 62 19 72 9 77 5 48 12 62 6 47 13 2 17 35 2 83 15 97 14 80 11 63 0 85 7 84 16 20 3 95 8 12 10 78 4 77
2 67 10 10 15 91 19 7 4 35 16 85 1 88 12 42 14 30 5 94 6 66 8 99 17 34 3 47 18 31 11 36 0 76 7 35 9 71 13 30
17 50 6 28 19 96 12 2 7 93 8 69 2 32 4 44 3 28 11 88 0 40 5 61 13 85 1 48 14 34 18 75 16 16 10 93 15 83 9 67
4 55 14 71 15 34 19 91 11 99 13 43 2 86 6 82 18 31 1 8 3 41 12 29 17 3 16 35 0 41 8 91 7 26 9 20 5 4 10 46
11 83 16 47 2 9 17 2 6 6 19 8 3 90 18 91 8 80 13 13 12 42 15 67 10 39 14 20 5 74 1 20 7 42 4 74 0 35 9 3
2 95 8 71 9 89 6 30 14 90 13 23 11 42 1 81 17 13 19 1 4 86 18 26 3 69 15 2 12 6 5 56 16 76 0 26 7 81 10 44
5 30 12 9 3 63 2 18 17 48 9 28 4 10 8 69 7 32 0 99 16 2 19 77 11 44 6 17 18 36 15 63 13 3 10 21 1 83 14 38
8 7 19 27 18 8 5 26 10 36 12 60 16 99 9 82 14 21 11 20 17 78 6 65 7 22 0 38 2 82 3 77 15 57 4 39 13 34 1 83
17 10 12 41 6 3 18 4 14 19 7 85 0 12 11 62 19 20 4 75 16 19 9 84 10 47 15 43 1 44 8 29 5 63 2 8 13 16 3 49
19 47 9 77 15 57 0 81 5 21 17 98 11 1 4 47 13 11 8 30 2 57 10 51 12 15 14 93 6 5 18 25 1 23 3 49 16 95 7 65
17 19 1 87 4 43 8 86 14 89 15 2 0 74 16 53 3 81 18 28 11 63 9 88 2 78 13 94 6 54 10 92 7 36 12 92 5 42 19 53
16 93 11 60 15 69 17 41 9 7 4 77 18 36 3 36 7 26 8 35 13 30 19 64 5 75 14 3 10 35 1 60 0 71 6 29 12 47 2 15
7 29 15 43 8 88 13 56 17 22 19 9 0 45 5 40 12 50 14 52 6 76 18 66 4 72 9 38 16 10 10 37 3 25 1 62 2 94 11 18
0 20 6 25 10 18 16 14 7 90 8 49 11 75 19 59 5 20 2 78 18 57 12 80 9 94 13 20 4 22 3 52 15 21 1 23 17 37 14 56
16 40 10 23 6 85 9 80 0 72 4 2 15 50 5 99 3 46 12 72 8 74 13 59 1 75 14 6 11 71 19 52 17 95 2 32 7 45 18 97
17 3 4 70 3 88 18 20 8 24 14 6 19 77 1 36 6 83 12 53 13 70 9 67 2 35 7 51 0 18 16 40 10 84 11 40 5 10 15 51
4 64 9 24 19 51 16 93 6 56 5 91 0 7 10 48 12 27 11 12 3 11 14 36 8 66 7 41 1 88 2 23 15 6 18 38 13 2 17 4
18 99 8 52 7 64 6 7 17 77 14 91 0 4 5 18 15 85 11 28 13 48 4 66 16 33 19 61 9 40 10 37 3 14 2 5 1 24 12 79
1 41 17 94 16 39 7 82 11 49 12 35 3 22 6 50 13 58 0 56 19 60 5 68 14 66 18 24 15 16 2 32 4 2 10 27 9 33 8 78
6 51 2 89 13 53 10 65 1 16 18 26 11 51 19 72 12 37 4 32 9 35 8 40 15 5 5 17 7 52 14 97 0 54 16 52 3 48 17 34
11 38 14 27 9 87 18 35 5 68 6 8 7 5 8 36 0 74 19 87 1 38 2 94 16 31 15 13 10 41 13 15 17 22 4 67 12 30 3 27
2 52 3 27 1 66 16 90 18 86 0 39 15 87 11 27 5 89 17 26 6 25 9 80 10 82 4 21 8 25 13 55 19 27 12 20 7 81 14 47
16 79 12 26 8 72 5 10 7 11 19 90 17 89 15 10 3 30 6 99 14 26 0 54 18 75 1 88 11 25 9 9 10 38 2 66 13 39 4 66
3 28 2 96 17 88 10 50 0 88 4 46 14 91 8 65 12 5 7 14 13 51 1 23 16 87 11 67 19 62 9 68 6 4 18 47 15 49 5 33
13 79 11 61 2 2 14 73 0 35 5 57 3 58 19 12 4 46 16 82 10 59 7 56 6 24 17 33 18 22 15 78 1 1 9 48 12 41 8 91
12 87 8 54 19 63 7 76 13 13 2 26 9 70 1 77 11 85 16 60 3 42 15 77 6 63 0 13 18 32 5 42 4 54 17 50 10 83 14 60
6 15 2 61 11 91 0 15 4 13 17 76 13 44 12 58 3 18 19 1 14 60 9 80 5 94 18 29 16 11 1 14 15 49 7 89 10 44 8 83
3 39 5 52 12 63 1 74 14 81 15 16 13 93 17 4 10 35 8 29 19 69 11 67 2 21 0 32 18 58 16 84 9 62 4 55 6 59 7 74
12 84 6 90 16 3 1 91 18 25 5 88 17 15 3 67 2 13 14 28 19 16 10 69 15 89 4 50 8 54 13 48 7 68 11 30 9 9 0 79
12 63 18 57 16 91 8 61 1 88 19 41 14 8 4 12 6 22 13 98 5 81 3 89 7 15 9 80 15 85 0 6 17 8 10 97 11 14 2 59
12 48 3 2 6 83 16 59 18 15 19 25 11 81 7 78 14 37 13 11 8 83 17 48 0 28 5 36 10 17 15 19 2 7 1 90 4 72 9 90
0 61 17 27 15 92 7 3 2 34 11 25 3 93 13 43 5 20 6 50 9 41 4 17 12 70 14 25 8 39 18 41 19 61 16 60 1 94 10 20
0 76 2 1 1 78 18 92 10 18 12 50 14 94 13 20 8 59 5 86 15 86 9 48 4 87 6 3 17 91 3 91 16 84 11 47 19 73 7 60
3 93 2 51 5 58 10 65 16 60 12 67 7 79 13 52 15 95 17 3 19 33 14 84 18 97 8 91 11 93 0 19 1 74 9 1 6 41 4 33
0 72 16 12 10 91 9 26 18 48 2 13 11 97 17 31 15 71 5 85 6 79 1 66 3 75 4 49 19 44 13 89 7 4 12 29 14 30 8 41
12 86 8 93 2 32 3 2 18 36 5 72 11 54 10 97 15 96 19 90 6 46 1 26 14 34 0 85 17 28 16 63 13 92 9 82 7 41 4 44
12 60 16 51 14 19 10 58 15 27 7 44 1 16 0 44 18 25 11 3 4 31 3 9 17 42 9 56 19 75 2 11 6 6 5 12 13 20 8 32
1 37 2 13 0 68 17 72 6 78 4 29 13 68 18 51 14 77 3 91 19 28 11 95 12 93 5 19 15 14 9 51 7 49 16 44 8 59 10 22
10 99 16 59 1 35 13 2 0 4 9 89 3 30 15 89 8 8 2 68 19 24 5 48 17 62 14 6 7 65 4 6 11 22 6 64 12 58 18 25
11 81 8 27 13 19 15 78 18 82 2 86 19 64 10 67 5 96 1 35 7 37 3 66 0 50 17 64 6 64 12 66 14 38 16 38 9 94 4 79
2 84 0 55 1 19 13 84 7 46 10 75 6 58 5 66 4 31 9 33 14 70 3 81 12 34 15 44 8 81 16 51 18 65 11 81 17 90 19 58
15 88 13 51 18 71 6 38 5 9 16 84 8 49 14 99 2 29 0 14 1 64 9 39 7 24 17 64 19 31 10 68 11 83 3 92 4 82 12 36
4 93 18 76 16 92 0 1 19 35 12 33 13 96 9 38 17 19 2 64 1 86 11 45 8 55 6 54 14 95 7 14 3 38 15 75 10 27 5 76
17 79 10 84 2 19 4 18 0 11 5 44 7 62 15 81 8 35 18 81 9 20 13 74 1 60 16 33 11 48 12 39 14 52 6 87 19 95 3 27
13 61 7 59 12 81 1 72 17 17 0 58 9 70 15 54 8 61 18 37 11 57 16 99 2 22 4 72 14 38 5 85 19 23 10 85 6 15 3 4
9 49 5 9 10 15 12 25 0 7 14 63 1 79 13 6 16 85 4 30 7 12 6 34 8 38 18 6 2 59 11 62 15 59 3 34 19 72 17 97
2 70 0 44 19 95 17 58 18 99 6 72 7 41 16 77 1 62 10 78 5 36 9 75 12 28 14 91 3 39 15 32 8 56 13 60 4 64 11 21
5 15 19 80 17 85 12 28 14 22 9 53 2 58 16 69 7 62 15 60 13 48 1 66 8 91 10 38 3 66 0 54 4 5 18 24 11 1 6 49
2 71 5 49 14 41 9 92 19 64 11 78 7 95 0 55 13 63 10 19 3 18 8 2 15 45 17 35 12 14 4 7 6 32 1 78 16 97 18 30
13 24 15 9 14 20 16 22 9 82 12 22 5 78 0 14 3 59 18 23 6 22 4 96 2 31 1 37 11 67 7 20 19 41 17 62 8 2 10 9
6 10 8 61 2 37 16 87 14 63 17 88 19 27 15 40 10 76 18 76 12 19 9 58 0 16 7 2 11 10 4 73 1 96 3 1 13 1 5 95
14 29 8 63 11 71 3 60 5 27 10 76 6 12 12 18 17 47 9 8 7 31 1 18 13 33 19 34 4 40 2 13 0 76 15 67 18 90 16 25
15 41 19 6 9 24 0 47 11 10 16 45 18 43 6 31 17 65 4 21 2 19 10 97 5 11 12 7 1 84 3 93 8 80 14 4 13 39 7 94
0 57 6 15 7 37 11 89 3 13 8 96 16 67 19 78 12 23 1 1 18 12 10 33 2 58 15 66 13 48 17 42 5 61 4 95 14 24 9 5
5 20 1 85 15 30 10 89 19 98 14 16 6 89 17 22 16 3 4 57 3 60 18 62 0 4 11 79 12 56 2 89 7 89 9 5 13 98 8 28
5 68 12 65 8 27 10 35 9 10 3 63 4 49 6 63 15 64 13 42 16 25 18 49 0 32 19 46 17 42 14 40 2 14 1 3 11 32 7 38
16 85 11 29 2 2 14 30 12 69 17 22 7 50 1 36 5 37 0 31 3 3 10 28 19 59 8 95 18 2 13 40 15 96 9 42 6 45 4 77
18 14 3 60 8 56 14 21 15 6 1 88 10 43 2 53 5 84 11 60 13 69 6 90 9 55 17 5 12 51 7 95 16 96 4 59 0 76 19 25
13 85 7 39 8 37 16 12 17 60 9 90 5 52 6 2 4 45 10 52 14 66 1 67 11 42 12 86 2 53 18 20 0 32 15 98 19 36 3 66
19 20 15 32 0 23 14 50 5 38 18 71 12 28 11 33 4 44 8 12 13 61 17 46 9 4 3 53 7 29 10 40 16 47 2 42 6 69 1 58
