50 20
3 6 2 7 6 15 19 59 13 50 9 35 10 27 17 19 0 71 5 4 18 35 12 45 7 94 1 51 16 85 11 85 8 18 4 11 15 8 14 22
2 90 10 66 6 67 19 94 16 18 3 26 13 70 12 85 7 29 9 13 18 39 11 14 14 92 0 85 5 54 15 25 17 96 4 47 8 81 1 50
10 55 0 50 12 53 9 38 13 99 1 47 2 40 15 5 18 95 5 96 11 50 14 75 8 78 7 14 16 85 4 91 6 81 19 17 17 83 3 19
19 69 10 61 8 38 2 33 7 65 17 59 9 53 5 49 0 84 15 12 11 78 14 15 4 94 1 45 13 9 12 64 6 84 3 79 16 28 18 46
18 73 2 80 4 76 6 81 12 17 13 49 16 8 17 77 8 77 0 51 5 26 10 11 19 30 15 96 9 39 14 66 1 86 11 11 7 5 3 67
15 89 5 70 0 44 3 25 10 87 11 94 17 26 14 62 7 70 18 57 16 54 9 90 4 97 12 5 19 76 6 15 2 57 1 43 13 53 8 15
8 65 6 37 17 2 16 68 12 15 13 98 15 60 9 54 19 79 11 66 0 45 18 58 3 17 5 43 10 82 2 11 7 82 14 82 4 96 1 63
10 89 12 73 4 86 5 48 3 11 2 1 6 44 15 28 19 51 17 51 16 50 13 86 1 8 7 71 14 62 18 48 11 57 8 58 0 19 9 70
9 53 15 39 12 28 19 51 14 21 3 4 0 62 6 13 2 70 10 49 1 53 5 81 13 6 4 64 8 29 16 71 18 80 17 95 11 12 7 40
14 89 1 17 3 15 0 8 19 49 18 7 2 11 16 46 9 88 8 27 10 44 12 62 11 18 7 41 5 96 4 20 15 77 13 23 17 45 6 35
19 96 3 50 16 29 6 2 12 42 0 33 8 36 15 59 10 19 4 83 14 38 13 60 5 3 9 15 11 75 17 79 2 5 7 37 18 76 1 21
12 33 11 51 8 93 4 17 9 71 16 66 2 64 19 61 6 77 0 77 7 97 3 91 1 2 17 12 5 12 15 66 18 91 10 97 14 62 13 92
2 55 5 2 15 42 4 27 17 72 19 30 13 43 18 68 6 80 14 3 10 91 8 23 12 67 9 43 7 45 16 52 0 71 11 51 3 82 1 23
14 2 1 16 11 73 6 75 12 46 2 95 4 52 13 11 18 63 3 72 8 2 19 36 7 10 10 4 5 27 16 59 9 77 15 4 0 94 17 18
9 55 6 43 18 15 11 82 10 29 17 87 5 54 1 66 2 19 16 55 3 13 14 88 8 63 15 20 13 59 4 76 0 22 19 99 7 36 12 67
1 68 5 30 17 43 10 53 7 34 12 12 11 39 9 1 0 80 6 6 8 77 2 56 3 22 15 96 4 12 19 98 16 48 18 28 13 64 14 73
1 47 3 29 10 89 17 58 6 54 8 25 9 37 5 56 14 20 0 3 4 8 15 7 7 78 18 71 2 51 13 73 12 99 11 37 19 15 16 12
2 76 3 91 8 4 5 4 15 27 12 82 18 9 16 28 19 25 10 41 9 62 17 83 13 14 6 62 7 15 1 5 11 59 4 40 14 80 0 55
9 23 4 57 5 97 14 62 3 69 17 71 10 9 15 94 12 57 6 5 2 58 13 44 19 4 8 3 0 53 1 25 11 49 7 37 18 56 16 9
12 24 0 49 3 50 2 54 13 2 17 72 18 53 1 94 5 29 7 88 14 66 8 44 10 60 11 10 15 99 6 47 16 79 9 66 4 29 19 16
13 53 8 43 16 19 3 34 12 27 14 83 4 7 17 34 19 44 10 25 7 16 18 35 9 57 6 90 11 29 2 66 0 28 1 29 15 29 5 86
4 15 11 60 18 44 1 62 8 18 16 39 15 43 6 1 14 21 2 2 10 62 0 14 17 60 19 85 12 66 7 7 3 44 9 74 5 55 13 73
13 33 9 18 10 49 15 44 5 69 6 75 2 26 14 9 19 75 1 58 4 16 16 7 12 24 0 43 7 52 3 43 17 80 8 90 18 18 11 17
16 65 15 67 19 48 10 93 1 53 17 95 3 60 14 33 2 2 6 9 0 71 8 69 9 54 12 38 18 6 13 43 5 96 11 85 4 37 7 94
3 61 19 8 11 87 15 58 8 84 5 38 10 61 14 10 18 90 0 12 17 53 7 12 13 44 9 21 2 80 4 58 6 25 1 97 12 23 16 16
6 26 17 14 13 67 9 60 4 62 2 88 18 15 15 66 16 98 12 48 19 15 5 94 3 27 1 66 8 31 11 94 7 49 14 78 0 49 10 11
19 62 4 63 7 6 17 86 2 34 5 14 10 29 12 44 3 89 11 6 6 19 0 89 15 65 13 59 8 97 9 51 14 46 16 80 1 34 18 45
10 76 17 20 14 6 13 52 12 41 2 75 8 44 18 1 3 22 9 4 19 79 16 40 6 52 11 79 4 95 0 27 5 35 15 43 1 84 7 64
10 52 7 1 16 73 0 38 3 98 11 30 5 20 17 39 2 3 9 79 15 19 18 56 14 16 1 77 19 87 4 21 12 1 6 81 8 83 13 8
0 4 19 90 18 96 5 13 13 64 1 38 6 20 12 5 16 48 10 64 2 66 15 19 3 81 4 37 9 40 7 99 8 63 17 88 11 26 14 44
15 72 9 39 6 37 8 68 5 90 4 73 16 88 11 86 1 68 13 90 3 13 0 39 7 13 10 3 2 9 14 35 12 46 18 78 19 22 17 40
5 84 14 62 9 12 19 85 4 49 2 8 15 34 16 25 10 63 12 8 13 46 17 45 0 25 3 87 11 43 6 9 18 41 8 95 1 51 7 86
16 1 4 36 8 99 2 66 14 90 11 35 10 54 15 14 0 12 12 20 7 29 3 32 19 67 1 93 13 99 17 4 6 45 18 50 5 10 9 46
5 98 6 52 16 95 14 40 17 52 1 37 0 77 18 61 10 1 8 44 12 29 4 21 15 44 9 20 11 98 2 66 3 86 7 45 19 26 13 13
17 13 2 51 7 24 8 2 6 4 0 7 10 48 12 35 1 31 18 22 19 64 3 72 9 7 14 61 11 89 13 37 5 78 4 46 16 3 15 66
9 38 2 64 10 87 0 78 16 74 11 24 5 40 12 40 1 87 18 52 17 23 7 86 8 88 4 8 15 56 13 59 3 75 14 75 19 99 6 62
9 79 14 72 0 22 3 34 17 30 15 1 16 7 10 39 13 3 4 63 19 71 7 87 1 90 2 12 12 35 5 30 6 53 18 33 8 61 11 49
12 94 8 73 10 63 2 53 4 36 11 75 9 2 7 77 15 8 5 39 1 55 3 16 19 36 17 62 0 13 6 66 13 39 18 3 14 70 16 76
4 12 10 24 1 60 12 49 3 71 5 51 9 88 11 76 2 37 17 47 8 94 6 67 14 67 0 35 19 70 13 84 15 19 16 20 18 19 7 65
2 45 9 79 16 7 5 57 7 8 10 36 13 63 15 36 11 87 6 23 12 54 4 1 1 88 18 89 19 65 3 5 8 72 0 22 17 15 14 75
11 86 16 57 5 19 6 9 10 56 8 4 1 34 9 63 19 25 0 67 18 75 3 56 17 90 15 66 2 12 7 84 4 43 13 74 12 31 14 68
8 89 7 34 15 30 2 31 5 91 1 98 3 97 17 88 4 27 12 87 9 14 6 58 19 4 18 96 16 76 11 55 14 64 10 8 0 59 13 35
14 25 13 22 11 47 2 63 5 27 15 70 16 24 10 13 9 99 6 54 17 78 8 9 19 62 1 68 4 11 12 72 0 27 3 80 7 96 18 19
12 7 18 66 4 95 11 10 6 35 15 65 9 41 13 35 7 40 1 72 10 96 16 12 17 99 8 66 5 67 3 55 19 25 0 45 14 21 2 69
11 74 17 90 6 69 10 65 3 17 13 64 4 78 18 22 16 59 12 11 2 96 9 40 8 59 19 12 7 80 5 1 14 69 1 3 15 96 0 40
11 16 3 33 16 84 1 92 8 86 17 68 9 33 2 7 4 49 12 70 13 25 0 41 18 5 5 26 10 74 14 5 7 28 15 41 19 10 6 17
19 52 17 61 11 88 4 11 9 3 2 71 7 87 10 10 3 91 14 75 18 30 13 1 16 88 1 53 8 41 0 73 12 17 15 74 6 52 5 16
13 24 1 31 2 40 6 59 19 95 0 12 12 28 10 64 15 86 16 10 7 59 3 57 8 5 11 55 5 54 18 31 4 3 9 42 14 69 17 99
16 3 19 94 15 49 0 92 10 63 17 56 11 83 12 51 7 39 13 73 9 10 3 78 14 46 1 45 6 91 4 55 8 82 2 46 5 81 18 18
4 39 12 51 9 33 11 13 10 31 17 35 13 40 6 51 3 76 18 89 14 83 8 63 7 60 16 89 0 62 19 36 15 95 1 15 5 18 2 91
