100 20
2 54 8 88 11 99 10 20 19 83 4 99 7 43 18 80 0 60 12 41 13 45 15 47 6 89 5 84 16 44 17 96 3 92 1 41 14 89 9 85
2 97 11 14 6 89 0 52 15 73 18 22 5 12 10 21 3 29 1 52 8 50 16 31 12 62 19 68 17 30 4 61 13 49 9 66 14 7 7 46
8 43 5 9 9 77 6 75 13 14 19 1 0 71 10 66 16 16 11 85 18 50 3 90 15 94 7 63 4 55 1 96 2 64 12 13 14 97 17 7
12 46 14 53 17 45 7 85 4 50 13 22 0 15 6 90 8 48 10 38 2 52 1 66 5 53 11 79 9 44 3 81 15 83 19 59 16 35 18 14
19 14 6 90 5 44 2 94 4 18 9 64 7 97 12 93 0 91 14 8 10 58 3 71 8 16 13 68 15 83 11 69 1 83 17 46 18 16 16 33
18 89 3 54 5 90 14 17 9 27 13 78 11 52 2 58 6 63 17 23 19 45 16 54 0 92 1 3 10 12 15 71 7 30 4 86 12 14 8 15
0 98 1 90 13 11 17 82 10 55 16 83 14 66 8 31 15 22 11 60 18 70 4 72 3 96 6 57 5 90 19 11 2 76 7 86 12 39 9 21
4 39 19 71 12 87 18 91 5 66 10 88 17 22 1 91 15 61 14 54 3 68 6 60 16 69 2 53 11 41 7 85 0 79 9 83 8 42 13 37
18 17 15 14 1 1 13 63 14 52 7 24 11 26 5 66 2 39 4 44 17 91 6 45 16 6 9 87 0 52 8 81 3 88 10 89 19 29 12 50
12 99 1 93 2 31 0 21 3 40 10 78 17 13 15 76 11 70 14 53 5 86 9 51 18 85 7 27 13 77 6 42 19 8 16 7 4 26 8 99
0 49 12 10 19 46 7 19 10 95 9 92 18 73 13 82 15 55 3 11 2 49 6 84 5 78 11 51 16 46 14 97 4 84 8 93 17 70 1 75
15 85 11 19 1 55 16 47 3 94 6 20 17 61 5 42 2 61 14 98 8 48 9 64 10 81 12 76 18 86 0 50 13 13 19 2 7 18 4 31
0 27 7 32 16 47 8 81 11 41 5 35 3 15 4 50 2 20 13 78 14 33 9 37 18 4 17 25 15 15 12 38 6 62 19 7 10 58 1 1
1 97 11 3 0 54 4 31 16 48 18 28 5 6 6 5 3 33 19 5 14 2 10 90 15 40 2 62 8 58 9 36 13 12 17 14 7 57 12 40
19 53 13 35 7 99 9 47 4 94 6 73 8 22 1 18 12 39 5 48 16 46 11 81 14 63 2 78 15 15 3 59 17 3 0 1 10 49 18 40
5 76 2 58 13 73 12 41 17 34 14 88 10 27 15 81 6 48 11 23 3 11 19 61 8 23 4 45 0 2 18 89 9 1 1 52 7 42 16 98
4 57 3 4 9 42 12 43 13 69 14 53 1 66 2 39 5 20 16 36 11 41 6 92 10 25 19 85 7 54 0 20 18 76 17 86 8 17 15 23
11 12 14 65 8 98 18 23 0 52 13 36 9 8 4 10 15 61 6 48 5 63 3 19 12 22 17 52 1 42 2 83 10 12 16 39 7 49 19 97
16 51 10 54 15 47 11 24 12 97 6 60 1 48 2 57 9 15 0 40 13 50 18 88 8 7 14 4 4 92 17 55 7 26 5 31 19 92 3 86
15 49 5 51 1 44 4 14 0 98 10 85 16 68 11 98 19 43 3 22 9 31 8 52 13 54 7 19 12 87 14 64 18 31 6 6 17 89 2 17
8 34 4 72 3 47 15 8 11 33 18 13 14 88 9 37 0 77 6 34 16 17 19 97 7 6 12 31 10 78 13 1 1 19 2 32 17 94 5 88
19 15 16 59 1 3 4 48 13 14 12 61 5 76 8 76 14 58 15 38 9 46 0 63 3 9 18 67 10 65 2 85 7 84 6 73 17 5 11 31
2 16 13 78 4 92 1 22 18 98 3 30 12 78 6 73 11 59 17 45 10 18 16 78 19 90 14 58 9 29 5 73 0 68 8 67 15 71 7 84
3 33 7 1 12 91 8 88 19 3 6 51 1 35 10 31 0 91 4 32 14 42 13 61 18 93 15 84 11 38 2 29 9 39 5 6 16 31 17 62
18 45 10 95 8 67 1 24 17 32 9 98 16 29 7 5 2 33 13 84 3 7 15 97 0 52 12 43 19 53 11 67 14 38 6 82 5 28 4 62
6 90 11 49 15 12 0 2 9 68 16 41 4 53 3 77 2 54 10 83 18 8 8 89 13 34 7 28 12 4 19 23 1 82 5 20 17 68 14 27
14 31 7 99 1 60 0 88 11 31 8 35 2 20 16 64 18 75 3 87 12 42 17 20 19 77 9 88 15 94 4 79 5 83 6 44 13 95 10 30
18 92 17 78 8 11 9 88 15 31 6 47 7 79 13 73 11 10 19 49 5 38 4 28 1 18 3 97 16 87 12 94 14 40 10 14 0 50 2 30
18 3 6 90 0 75 3 94 8 3 2 3 4 5 19 50 5 60 1 43 17 92 11 49 10 55 15 28 16 61 14 9 9 95 12 81 7 79 13 37
9 50 18 51 4 69 0 6 6 32 1 27 16 98 14 89 15 52 11 41 19 98 12 50 17 83 7 34 3 50 5 15 2 26 13 44 10 37 8 92
3 5 8 36 6 20 4 38 16 61 5 42 19 23 2 84 1 63 15 37 7 91 10 56 9 64 12 62 17 62 18 15 14 66 0 55 11 39 13 15
2 93 5 72 18 17 14 63 3 73 6 46 10 41 4 89 15 64 19 54 16 12 12 44 13 61 1 52 7 96 0 22 8 7 9 24 11 54 17 95
10 12 8 61 13 46 3 75 15 48 12 54 7 58 18 15 16 13 4 48 14 59 1 65 19 85 11 57 5 8 2 92 17 76 9 87 6 82 0 43
2 42 11 55 17 52 13 38 6 78 8 37 18 56 4 3 16 18 5 70 15 43 3 19 14 42 0 35 12 8 19 1 10 91 9 58 7 65 1 99
4 94 15 98 2 85 5 25 9 98 18 57 13 30 6 51 12 72 19 99 7 91 14 39 3 36 8 40 1 45 11 8 10 14 0 34 17 57 16 68
7 27 11 4 14 7 8 34 0 68 10 40 6 7 19 79 15 28 17 1 9 16 3 87 12 23 2 62 18 55 5 35 16 56 1 15 13 9 4 51
16 81 6 12 19 49 13 49 18 88 7 20 0 59 2 77 11 26 5 12 14 20 12 76 4 75 3 39 10 73 9 85 8 39 17 28 1 55 15 32
3 50 18 32 13 89 14 83 16 69 15 40 11 92 2 66 10 97 0 86 4 16 12 11 7 96 8 99 19 26 5 30 1 49 6 39 9 86 17 89
8 67 10 41 19 16 11 2 7 82 2 1 6 27 9 34 5 44 3 46 4 41 1 94 15 91 14 24 0 5 18 16 16 25 13 12 17 87 12 6
5 47 16 12 14 76 4 90 2 92 6 24 7 16 3 80 18 33 17 62 13 40 15 68 10 75 12 10 1 38 11 14 8 47 9 46 19 77 0 83
6 34 8 59 14 78 7 6 19 17 17 31 12 20 1 54 10 55 0 85 16 6 11 88 15 41 4 12 3 91 5 22 13 80 2 53 9 2 18 35
1 39 18 89 19 38 9 83 5 26 12 11 6 59 13 70 17 63 2 62 15 72 14 77 11 48 0 62 7 47 16 2 3 35 8 83 10 97 4 80
2 63 10 85 15 84 19 20 4 95 16 12 1 78 12 77 14 67 5 10 6 91 8 7 17 35 3 85 18 88 11 42 0 30 7 94 9 66 13 99
17 34 6 47 19 31 12 36 7 76 8 35 2 71 4 30 3 50 11 28 0 96 5 2 13 93 1 69 14 32 18 44 16 28 10 88 15 40 9 61
4 85 14 48 15 34 19 75 11 16 13 93 2 83 6 67 18 55 1 71 3 34 12 91 17 99 16 43 0 86 8 82 7 31 9 8 5 41 10 29
11 3 16 35 2 41 17 91 6 26 19 20 3 4 18 46 8 83 13 47 12 9 15 2 10 6 14 8 5 90 1 91 7 80 4 13 0 42 9 67
2 39 8 20 9 74 6 20 14 42 13 74 11 35 1 3 17 95 19 71 4 89 18 30 3 90 15 23 12 42 5 81 16 13 0 1 7 86 10 26
5 69 12 2 3 6 2 56 17 76 9 26 4 81 8 44 7 30 0 9 16 63 19 18 11 48 6 28 18 10 15 69 13 32 10 99 1 2 14 77
8 44 19 17 18 36 5 63 10 3 12 21 16 83 9 38 14 7 11 27 17 8 6 26 7 36 0 60 2 99 3 82 15 21 4 20 13 78 1 65
17 22 12 38 6 82 18 77 14 57 7 39 0 34 11 83 19 10 4 41 16 3 9 4 10 19 15 85 1 12 8 62 5 20 2 75 13 19 3 84
19 47 9 43 15 44 0 29 5 63 17 8 11 16 4 49 13 47 8 77 2 57 10 81 12 21 14 98 6 1 18 47 1 11 3 30 16 57 7 51
17 15 1 93 4 5 8 25 14 23 15 49 0 95 16 65 3 19 18 87 11 43 9 86 2 89 13 2 6 74 10 53 7 81 12 28 5 63 19 88
16 78 11 94 15 54 17 92 9 36 4 92 18 42 3 53 7 93 8 60 13 69 19 41 5 7 14 77 10 36 1 36 0 26 6 35 12 30 2 64
7 75 15 3 8 35 13 60 17 71 19 29 0 47 5 15 12 29 14 43 6 88 18 56 4 22 9 9 16 45 10 40 3 50 1 52 2 76 11 66
0 72 6 38 10 10 16 37 7 25 8 62 11 94 19 18 5 20 2 25 18 18 12 14 9 90 13 49 4 75 3 59 15 20 1 78 17 57 14 80
16 94 10 20 6 22 9 52 0 21 4 23 15 37 5 56 3 40 12 23 8 85 13 80 1 72 14 2 11 50 19 99 17 46 2 72 7 74 18 59
17 75 4 6 3 71 18 52 8 95 14 32 19 45 1 97 6 3 12 70 13 88 9 20 2 24 7 6 0 77 16 36 10 83 11 53 5 70 15 67
4 35 9 51 19 18 16 40 6 84 5 40 0 10 10 51 12 64 11 24 3 51 14 93 8 56 7 91 1 7 2 48 15 27 18 12 13 11 17 36
18 66 8 41 7 88 6 23 17 6 14 38 0 2 5 4 15 99 11 52 13 64 4 7 16 77 19 91 9 4 10 18 3 85 2 28 1 48 12 66
1 33 17 61 16 40 7 37 11 14 12 5 3 24 6 79 13 41 0 94 19 39 5 82 14 49 18 35 15 22 2 50 4 58 10 56 9 60 8 68
6 66 2 24 13 16 10 32 1 2 18 27 11 33 19 78 12 51 4 89 9 53 8 65 15 16 5 26 7 51 14 72 0 37 16 32 3 35 17 40
11 5 14 17 9 52 18 97 5 54 6 52 7 48 8 34 0 38 19 27 1 87 2 35 16 68 15 8 10 5 13 36 17 74 4 87 12 38 3 94
2 31 3 13 1 41 16 15 18 22 0 67 15 30 11 27 5 52 17 27 6 66 9 90 10 86 4 39 8 87 13 27 19 89 12 26 7 25 14 80
16 82 12 21 8 25 5 55 7 27 19 20 17 81 15 47 3 79 6 26 14 72 0 10 18 11 1 90 11 89 9 10 10 30 2 99 13 26 4 54
3 75 2 88 17 25 10 9 0 38 4 66 14 39 8 66 12 28 7 96 13 88 1 50 16 88 11 46 19 91 9 65 6 5 18 14 15 51 5 23
13 87 11 67 2 62 14 68 0 4 5 47 3 49 19 33 4 79 16 61 10 2 7 73 6 35 17 57 18 58 15 12 1 46 9 82 12 59 8 56
12 24 8 33 19 22 7 78 13 1 2 48 9 41 1 91 11 87 16 54 3 63 15 76 6 13 0 26 18 70 5 77 4 85 17 60 10 42 14 77
6 63 2 13 11 32 0 42 4 54 17 50 13 83 12 60 3 15 19 61 14 91 9 15 5 13 18 76 16 44 1 58 15 18 7 1 10 60 8 80
3 94 5 29 12 11 1 14 14 49 15 89 13 44 17 83 10 39 8 52 19 63 11 74 2 81 0 16 18 93 16 4 9 35 4 29 6 69 7 67
12 21 6 32 16 58 1 84 18 62 5 55 17 59 3 74 2 84 14 90 19 3 10 91 15 25 4 88 8 15 13 67 7 13 11 28 9 16 0 69
12 89 18 50 16 54 8 48 1 68 19 30 14 9 4 79 6 63 13 57 5 91 3 61 7 88 9 41 15 8 0 12 17 22 10 98 11 81 2 89
12 15 3 80 6 85 16 6 18 8 19 97 11 14 7 59 14 48 13 2 8 83 17 59 0 15 5 25 10 81 15 78 2 37 1 11 4 83 9 48
0 28 17 36 15 17 7 19 2 7 11 90 3 72 13 90 5 61 6 27 9 92 4 3 12 34 14 25 8 93 18 43 19 20 16 50 1 41 10 17
0 70 2 25 1 39 18 41 10 61 12 60 14 94 13 20 8 76 5 1 15 78 9 92 4 18 6 50 17 94 3 20 16 59 11 86 19 86 7 48
3 87 2 3 5 91 10 91 16 84 12 47 7 73 13 60 15 93 17 51 19 58 14 65 18 60 8 67 11 79 0 52 1 95 9 3 6 33 4 84
0 97 16 91 10 93 9 19 18 74 2 1 11 41 17 33 15 72 5 12 6 91 1 26 3 48 4 13 19 97 13 31 7 71 12 85 14 79 8 66
12 75 8 49 2 44 3 89 18 4 5 29 11 30 10 41 15 86 19 93 6 32 1 2 14 36 0 72 17 54 16 97 13 96 9 90 7 46 4 26
12 34 16 85 14 28 10 63 15 92 7 82 1 41 0 44 18 60 11 51 4 19 3 58 17 27 9 44 19 16 2 44 6 25 5 3 13 31 8 9
1 42 2 56 0 75 17 11 6 6 4 12 13 20 18 32 14 37 3 13 19 68 11 72 12 78 5 29 15 68 9 51 7 77 16 91 8 28 10 95
10 93 16 19 1 14 13 51 0 49 9 44 3 59 15 22 8 99 2 59 19 35 5 2 17 4 14 89 7 30 4 89 11 8 6 68 12 24 18 48
11 62 8 6 13 65 15 6 18 22 2 64 19 58 10 25 5 81 1 27 7 19 3 78 0 82 17 86 6 64 12 67 14 96 16 35 9 37 4 66
2 50 0 64 1 64 13 66 7 38 10 38 6 94 5 79 4 84 9 55 14 19 3 84 12 46 15 75 8 58 16 66 18 31 11 33 17 70 19 81
15 34 13 44 18 81 6 51 5 65 16 81 8 90 14 58 2 88 0 51 1 71 9 38 7 9 17 84 19 49 10 99 11 29 3 14 4 64 12 39
4 24 18 64 16 31 0 68 19 83 12 92 13 82 9 36 17 93 2 76 1 92 11 1 8 35 6 33 14 96 7 38 3 19 15 64 10 86 5 45
17 55 10 54 2 95 4 14 0 38 5 75 7 27 15 76 8 79 18 84 9 19 13 18 1 11 16 44 11 62 12 81 14 35 6 81 19 20 3 74
13 60 7 33 12 48 1 39 17 52 0 87 9 95 15 27 8 61 18 59 11 81 16 72 2 17 4 58 14 70 5 54 19 61 10 37 6 57 3 99
9 22 5 72 10 38 12 85 0 23 14 85 1 15 13 4 16 49 4 9 7 15 6 25 8 7 18 63 2 79 11 6 15 85 3 30 19 12 17 34
2 38 0 6 19 59 17 62 18 59 6 34 7 72 16 97 1 70 10 44 5 95 9 58 12 99 14 72 3 41 15 77 8 62 13 78 4 36 11 75
5 28 19 91 17 39 12 32 14 56 9 60 2 64 16 21 7 15 15 80 13 85 1 28 8 22 10 53 3 58 0 69 4 62 18 60 11 48 6 66
2 91 5 38 14 66 9 54 19 5 11 24 7 1 0 49 13 71 10 49 3 41 8 92 15 64 17 78 12 95 4 55 6 63 1 19 16 18 18 2
13 45 15 35 14 14 16 7 9 32 12 78 5 97 0 30 3 24 18 9 6 20 4 22 2 82 1 22 11 78 7 14 19 59 17 23 8 22 10 96
6 31 8 37 2 67 16 20 14 41 17 62 19 2 15 9 10 10 18 61 12 37 9 87 0 63 7 88 11 27 4 40 1 76 3 76 13 19 5 58
14 16 8 2 11 10 3 73 5 96 10 1 6 1 12 95 17 29 9 63 7 71 1 60 13 27 19 76 4 12 2 18 0 47 15 8 18 31 16 18
15 33 19 34 9 40 0 13 11 76 16 67 18 90 6 25 17 41 4 6 2 24 10 47 5 10 12 45 1 43 3 31 8 65 14 21 13 19 7 97
0 11 6 7 7 84 11 93 3 80 8 4 16 39 19 94 12 57 1 15 18 37 10 89 2 13 15 96 13 67 17 78 5 23 4 1 14 12 9 33
5 58 1 66 15 48 10 42 19 61 14 95 6 24 17 5 16 20 4 85 3 30 18 89 0 98 11 16 12 89 2 22 7 3 9 57 13 60 8 62
5 4 12 79 8 56 10 89 9 89 3 5 4 98 6 28 15 68 13 65 16 27 18 35 0 10 19 63 17 49 14 63 2 64 1 42 11 25 7 49
16 32 11 46 2 42 14 40 12 14 17 3 7 32 1 38 5 85 0 29 3 2 10 30 19 69 8 22 18 50 13 36 15 37 9 31 6 3 4 28
18 59 3 95 8 2 14 40 15 96 1 42 10 45 2 77 5 14 11 60 13 56 6 21 9 6 17 88 12 43 7 53 16 84 4 60 0 69 19 90
13 55 7 5 8 51 16 95 17 96 9 59 5 76 6 25 4 85 10 39 14 37 1 12 11 60 12 90 2 52 18 2 0 45 15 52 19 66 3 67
