50 20
7 5 3 55 5 81 4 95 16 18 2 77 11 92 14 88 0 98 1 1 17 68 10 81 12 86 13 17 9 2 19 50 8 31 6 98 18 38 15 71
5 2 16 92 9 40 6 79 4 57 18 60 13 92 19 98 1 7 3 20 0 5 10 74 8 11 17 8 12 94 15 9 14 33 11 6 7 7 2 15
2 59 10 50 3 35 9 27 18 19 0 71 14 4 11 35 17 45 13 94 8 51 1 85 6 85 5 18 4 11 12 8 16 22 19 90 15 66 7 67
2 94 13 18 18 26 1 70 4 85 3 29 6 13 12 39 19 14 17 92 7 85 9 54 10 25 16 96 8 47 14 81 11 50 5 55 0 50 15 53
10 38 0 99 12 47 9 40 13 5 1 95 2 96 15 50 18 75 5 78 11 14 14 85 8 91 7 81 16 17 4 83 6 19 19 69 17 61 3 38
19 33 10 65 8 59 2 53 7 49 17 84 9 12 5 78 0 15 15 94 11 45 14 9 4 64 1 84 13 79 12 28 6 46 3 73 16 80 18 76
18 81 2 17 4 49 6 8 12 77 13 77 16 51 17 26 8 11 0 30 5 96 10 39 19 66 15 86 9 11 14 5 1 67 11 89 7 70 3 44
15 25 5 87 0 94 3 26 10 62 11 70 17 57 14 54 7 90 18 97 16 5 9 76 4 15 12 57 19 43 6 53 2 15 1 65 13 37 8 2
8 68 6 15 17 98 16 60 12 54 13 79 15 66 9 45 19 58 11 17 0 43 18 82 3 11 5 82 10 82 2 96 7 63 14 89 4 73 1 86
10 48 12 11 4 1 5 44 3 28 2 51 6 51 15 50 19 86 17 8 16 71 13 62 1 48 7 57 14 58 18 19 11 70 8 53 0 39 9 28
9 51 15 21 12 4 19 62 14 13 3 70 0 49 6 53 2 81 10 6 1 64 5 29 13 71 4 80 8 95 16 12 18 40 17 89 11 17 7 15
14 8 1 49 3 7 0 11 19 46 18 88 2 27 16 44 9 62 8 18 10 41 12 96 11 20 7 77 5 23 4 45 15 35 13 96 17 50 6 29
19 2 3 42 16 33 6 36 12 59 0 19 8 83 15 38 10 60 4 3 14 15 13 75 5 79 9 5 11 37 17 76 2 21 7 33 18 51 1 93
12 17 11 71 8 66 4 64 9 61 16 77 2 77 19 97 6 91 0 2 7 12 3 12 1 66 17 91 5 97 15 62 18 92 10 55 14 2 13 42
2 27 5 72 15 30 4 43 17 68 19 80 13 3 18 91 6 23 14 67 10 43 8 45 12 52 9 71 7 51 16 82 0 23 11 2 3 16 1 73
14 75 1 46 11 95 6 52 12 11 2 63 4 72 13 2 18 36 3 10 8 4 19 27 7 59 10 77 5 4 16 94 9 18 15 55 0 43 17 15
9 82 6 29 18 87 11 54 10 66 17 19 5 55 1 13 2 88 16 63 3 20 14 59 8 76 15 22 13 99 4 36 0 67 19 68 7 30 12 43
1 53 5 34 17 12 10 39 7 1 12 80 11 6 9 77 0 56 6 22 8 96 2 12 3 98 15 48 4 28 19 64 16 73 18 47 13 29 14 89
1 58 3 54 10 25 17 37 6 56 8 20 9 3 5 8 14 7 0 78 4 71 15 51 7 73 18 99 2 37 13 15 12 12 11 76 19 91 16 4
2 4 3 27 8 82 5 9 15 28 12 25 18 41 16 62 19 83 10 14 9 62 17 15 13 5 6 59 7 40 1 80 11 55 4 23 14 57 0 97
9 62 4 69 5 71 14 9 3 94 17 57 10 5 15 58 12 44 6 4 2 3 13 53 19 25 8 49 0 37 1 56 11 9 7 24 18 49 16 50
12 54 0 2 3 72 2 53 13 94 17 29 18 88 1 66 5 44 7 60 14 10 8 99 10 47 11 79 15 66 6 29 16 16 9 53 4 43 19 19
13 34 8 27 16 83 3 7 12 34 14 44 4 25 17 16 19 35 10 57 7 90 18 29 9 66 6 28 11 29 2 29 0 86 1 15 15 60 5 44
4 62 11 18 18 39 1 43 8 1 16 21 15 2 6 62 14 14 2 60 10 85 0 66 17 7 19 44 12 74 7 55 3 73 9 33 5 18 13 49
13 44 9 69 10 75 15 26 5 9 6 75 2 58 14 16 19 7 1 24 4 43 16 52 12 43 0 80 7 90 3 18 17 17 8 65 18 67 11 48
16 93 15 53 19 95 10 60 1 33 17 2 3 9 14 71 2 69 6 54 0 38 8 6 9 43 12 96 18 85 13 37 5 94 11 61 4 8 7 87
3 58 19 84 11 38 15 61 8 10 5 90 10 12 14 53 18 12 0 44 17 21 7 80 13 58 9 25 2 97 4 23 6 16 1 26 12 14 16 67
6 60 17 62 13 88 9 15 4 66 2 98 18 48 15 15 16 94 12 27 19 66 5 31 3 94 1 49 8 78 11 49 7 11 14 62 0 63 10 6
19 86 4 34 7 14 17 29 2 44 5 89 10 6 12 19 3 89 11 65 6 59 0 97 15 51 13 46 8 80 9 34 14 45 16 76 1 20 18 6
10 52 17 41 14 75 13 44 12 1 2 22 8 4 18 79 3 40 9 52 19 79 16 95 6 27 11 35 4 43 0 84 5 64 15 52 1 1 7 73
10 38 7 98 16 30 0 20 3 39 11 3 5 79 17 19 2 56 9 16 15 77 18 87 14 21 1 1 19 81 4 83 12 8 6 4 8 90 13 96
0 13 19 64 18 38 5 20 13 5 1 48 6 64 12 66 16 19 10 81 2 37 15 40 3 99 4 63 9 88 7 26 8 44 17 72 11 39 14 37
15 68 9 90 6 73 8 88 5 86 4 68 16 90 11 13 1 39 13 13 3 3 0 9 7 35 10 46 2 78 14 22 12 40 18 84 19 62 17 12
5 85 14 49 9 8 19 34 4 25 2 63 15 8 16 46 10 45 12 25 13 87 17 43 0 9 3 41 11 95 6 51 18 86 8 1 1 36 7 99
16 66 4 90 8 35 2 54 14 14 11 12 10 20 15 29 0 32 12 67 7 93 3 99 19 4 1 45 13 50 17 10 6 46 18 98 5 52 9 95
5 40 6 52 16 37 14 77 17 61 1 1 0 44 18 29 10 21 8 44 12 20 4 98 15 66 9 86 11 45 2 26 3 13 7 13 19 51 13 24
17 2 2 4 7 7 8 48 6 35 0 31 10 22 12 64 1 72 18 7 19 61 3 89 9 37 14 78 11 46 13 3 5 66 4 38 16 64 15 87
9 78 2 74 10 24 0 40 16 40 11 87 5 52 12 23 1 86 18 88 17 8 7 56 8 59 4 75 15 75 13 99 3 62 14 79 19 72 6 22
9 34 14 30 0 1 3 7 17 39 15 3 16 63 10 71 13 87 4 90 19 12 7 35 1 30 2 53 12 33 5 61 6 49 18 94 8 73 11 63
12 53 8 36 10 75 2 2 4 77 11 8 9 39 7 55 15 16 5 36 1 62 3 13 19 66 17 39 0 3 6 70 13 76 18 12 14 24 16 60
4 49 10 71 1 51 12 88 3 76 5 37 9 47 11 94 2 67 17 67 8 35 6 70 14 84 0 19 19 20 13 19 15 65 16 45 18 79 7 7
2 57 9 8 16 36 5 63 7 36 10 87 13 23 15 54 11 1 6 88 12 89 4 65 1 5 18 72 19 22 3 15 8 75 0 86 17 57 14 19
11 9 16 56 5 4 6 34 10 63 8 25 1 67 9 75 19 56 0 90 18 66 3 12 17 84 15 43 2 74 7 31 4 68 13 89 12 34 14 30
8 31 7 91 15 98 2 97 5 88 1 27 3 87 17 14 4 58 12 4 9 96 6 76 19 55 18 64 16 8 11 59 14 35 10 25 0 22 13 47
14 63 13 27 11 70 2 24 5 13 15 99 16 54 10 78 9 9 6 62 17 68 8 11 19 72 1 27 4 80 12 96 0 19 3 7 7 66 18 95
12 10 18 35 4 65 11 41 6 35 15 40 9 72 13 96 7 12 1 99 10 66 16 67 17 55 8 25 5 45 3 21 19 69 0 74 14 90 2 69
11 65 17 17 6 64 10 78 3 22 13 59 4 11 18 96 16 40 12 59 2 12 9 80 8 1 19 69 7 3 5 96 14 40 1 16 15 33 0 84
11 92 3 86 16 68 1 33 8 7 17 49 9 70 2 25 4 41 12 5 13 26 0 74 18 5 5 28 10 41 14 10 7 17 15 52 19 61 6 88
19 11 17 3 11 71 4 87 9 10 2 91 7 75 10 30 3 1 14 88 18 53 13 41 16 73 1 17 8 74 0 52 12 16 15 24 6 31 5 40
13 59 1 95 2 12 6 28 19 64 0 86 12 10 10 59 15 57 16 5 7 55 3 54 8 31 11 3 5 42 18 69 4 99 9 3 14 94 17 49
