50 20
16 92 17 24 13 39 12 78 2 78 0 58 15 52 5 82 7 76 18 54 8 8 19 22 9 81 10 64 3 36 6 14 4 16 11 63 1 93 14 37
17 54 18 53 6 26 1 13 12 53 9 50 14 74 4 8 16 50 15 68 19 45 8 12 0 70 5 4 2 32 10 58 7 40 11 11 3 66 13 38
13 7 17 28 18 98 5 95 16 51 4 84 19 40 12 77 8 61 0 30 2 53 10 24 11 79 9 8 14 10 1 48 6 16 15 80 7 18 3 40
17 33 10 19 7 66 1 26 19 36 6 70 5 18 8 49 0 84 14 10 15 67 16 37 13 94 4 40 12 42 11 80 9 33 3 31 2 28 18 49
6 8 10 9 16 67 9 39 5 23 8 45 14 28 1 99 13 40 19 2 12 51 2 20 4 34 18 88 0 52 15 94 17 30 11 28 3 49 7 79
13 41 2 84 15 97 17 2 1 65 7 43 3 39 18 81 12 11 10 88 11 80 9 64 4 35 14 64 19 6 5 92 16 46 6 48 0 2 8 63
18 86 1 46 3 18 7 7 8 89 13 42 0 7 5 70 11 61 4 32 9 17 15 82 14 88 17 88 6 75 12 89 2 39 10 30 16 84 19 53
16 57 13 2 1 89 3 82 2 42 6 62 19 64 4 9 17 64 5 51 8 5 12 55 18 81 0 95 14 18 10 77 7 92 15 88 11 98 9 1
9 68 10 81 8 86 17 17 4 2 5 50 1 31 0 98 3 38 13 71 6 2 12 92 18 40 7 79 14 57 11 60 15 92 16 98 19 7 2 20
5 5 1 74 10 11 14 8 3 94 4 9 18 33 9 6 19 7 11 15 7 59 15 50 8 35 12 27 0 19 2 71 6 4 17 35 16 45 13 94
15 51 19 85 18 85 0 18 6 11 2 8 5 22 12 90 9 66 7 67 1 94 13 18 11 26 8 70 4 85 10 29 17 13 14 39 3 14 16 92
11 85 16 54 6 25 2 96 3 47 0 81 15 50 14 55 9 50 10 53 12 38 17 99 4 47 18 40 7 5 19 95 13 96 8 50 1 75 5 78
11 14 19 85 16 91 2 81 12 17 0 83 17 19 6 69 10 61 13 38 3 33 7 65 8 59 1 53 4 49 15 84 18 12 14 78 5 15 9 94
16 45 10 9 11 64 17 84 6 79 8 28 14 46 15 73 3 80 0 76 13 81 2 17 4 49 9 8 5 77 18 77 7 51 1 26 12 11 19 30
14 96 6 39 9 66 12 86 8 11 18 5 7 67 10 89 13 70 2 44 11 25 3 87 16 94 5 26 0 62 4 70 15 57 1 54 19 90 17 97
16 5 3 76 10 15 15 57 4 43 19 53 6 15 12 65 18 37 2 2 8 68 17 15 14 98 1 60 11 54 5 79 7 66 9 45 13 58 0 17
6 43 10 82 12 11 11 82 14 82 5 96 8 63 9 89 15 73 16 86 13 48 1 11 0 1 17 44 3 28 19 51 2 51 4 50 7 86 18 8
2 71 15 62 6 48 13 57 1 58 19 19 12 70 10 53 0 39 9 28 8 51 18 21 14 4 11 62 3 13 5 70 7 49 17 53 4 81 16 6
15 64 17 29 11 71 5 80 4 95 0 12 12 40 16 89 8 17 1 15 10 8 9 49 18 7 13 11 19 46 6 88 3 27 2 44 7 62 14 18
16 41 13 96 15 20 9 77 7 23 12 45 5 35 3 96 1 50 6 29 0 2 18 42 4 33 10 36 19 59 11 19 8 83 14 38 2 60 17 3
16 15 11 75 13 79 9 5 18 37 5 76 7 21 14 33 6 51 1 93 4 17 3 71 0 66 17 64 2 61 19 77 10 77 8 97 15 91 12 2
17 12 10 12 4 66 0 91 16 97 3 62 1 92 2 55 5 2 18 42 11 27 6 72 15 30 14 43 8 68 12 80 7 3 19 91 13 23 9 67
10 43 9 45 15 52 17 71 5 51 13 82 14 23 16 2 8 16 19 73 12 75 0 46 11 95 3 52 1 11 6 63 2 72 4 2 7 36 18 10
18 4 2 27 14 59 4 77 13 4 3 94 16 18 1 55 7 43 5 15 11 82 9 29 12 87 6 54 10 66 19 19 0 55 17 13 8 88 15 63
11 20 10 59 6 76 9 22 17 99 5 36 1 67 2 68 19 30 3 43 16 53 8 34 14 12 13 39 4 1 0 80 18 6 7 77 12 56 15 22
1 96 5 12 17 98 10 48 7 28 12 64 11 73 9 47 0 29 6 89 8 58 2 54 3 25 15 37 4 56 19 20 16 3 18 8 13 7 14 78
1 71 3 51 10 73 17 99 6 37 8 15 9 12 5 76 14 91 0 4 4 4 15 27 7 82 18 9 2 28 13 25 12 41 11 62 19 83 16 14
2 62 3 15 8 5 5 59 15 40 12 80 18 55 16 23 19 57 10 97 9 62 17 69 13 71 6 9 7 94 1 57 11 5 4 58 14 44 0 4
9 3 4 53 5 25 14 49 3 37 17 56 10 9 15 24 12 49 6 50 2 54 13 2 19 72 8 53 0 94 1 29 11 88 7 66 18 44 16 60
12 10 0 99 3 47 2 79 13 66 17 29 18 16 1 53 5 43 7 19 14 34 8 27 10 83 11 7 15 34 6 44 16 25 9 16 4 35 19 57
13 90 8 29 16 66 3 28 12 29 14 29 4 86 17 15 19 60 10 44 7 62 18 18 9 39 6 43 11 1 2 21 0 2 1 62 15 14 5 60
4 85 11 66 18 7 1 44 8 74 16 55 15 73 6 33 14 18 2 49 10 44 0 69 17 75 19 26 12 9 7 75 3 58 9 16 5 7 13 24
13 43 9 52 10 43 15 80 5 90 6 18 2 17 14 65 19 67 1 48 4 93 16 53 12 95 0 60 7 33 3 2 17 9 8 71 18 69 11 54
16 38 15 6 19 43 10 96 1 85 17 37 3 94 14 61 2 8 6 87 0 58 8 84 9 38 12 61 18 10 13 90 5 12 11 53 4 12 7 44
3 21 19 80 11 58 15 25 8 97 5 23 10 16 14 26 18 14 0 67 17 60 7 62 13 88 9 15 2 66 4 98 6 48 1 15 12 94 16 27
6 66 17 31 13 94 9 49 4 78 2 49 18 11 15 62 16 63 12 6 19 86 5 34 3 14 1 29 8 44 11 89 7 6 14 19 0 89 10 65
19 59 4 97 7 51 17 46 2 80 5 34 10 45 12 76 3 20 11 6 6 52 0 41 15 75 13 44 8 1 9 22 14 4 16 79 1 40 18 52
10 79 17 95 14 27 13 35 12 43 2 84 8 64 18 52 3 1 9 73 19 38 16 98 6 30 11 20 4 39 0 3 5 79 15 19 1 56 7 16
10 77 7 87 16 21 0 1 3 81 11 83 5 8 17 4 2 90 9 96 15 13 18 64 14 38 1 20 19 5 4 48 12 64 6 66 8 19 13 81
0 37 19 40 18 99 5 63 13 88 1 26 6 44 12 72 16 39 10 37 2 68 15 90 3 73 4 88 9 86 7 68 8 90 17 13 11 39 14 13
15 3 9 9 6 35 8 46 5 78 4 22 16 40 11 84 1 62 13 12 3 85 0 49 7 8 10 34 2 25 14 63 12 8 18 46 19 45 17 25
5 87 14 43 9 9 19 41 4 95 2 51 15 86 16 1 10 36 12 99 13 66 17 90 0 35 3 54 11 14 6 12 18 20 8 29 1 32 7 67
16 93 4 99 8 4 2 45 14 50 11 10 10 46 15 98 0 52 12 95 7 40 3 52 19 37 1 77 13 61 17 1 6 44 18 29 5 21 9 44
5 20 6 98 16 66 14 86 17 45 1 26 0 13 18 13 10 51 8 24 12 2 4 4 15 7 9 48 11 35 2 31 3 22 7 64 19 72 13 7
17 61 2 89 7 37 8 78 6 46 0 3 10 66 12 38 1 64 18 87 19 78 3 74 9 24 14 40 11 40 13 87 5 52 4 23 16 86 15 88
9 8 2 56 10 59 0 75 16 75 11 99 5 62 12 79 1 72 18 22 17 34 7 30 8 1 4 7 15 39 13 3 3 63 14 71 19 87 6 90
9 12 14 35 0 30 3 53 17 33 15 61 16 49 10 94 13 73 4 63 19 53 7 36 1 75 2 2 12 77 5 8 6 39 18 55 8 16 11 36
12 62 8 13 10 66 2 39 4 3 11 70 9 76 7 12 15 24 5 60 1 49 3 71 19 51 17 88 0 76 6 37 13 47 18 94 14 67 16 67
4 35 10 70 1 84 12 19 3 20 5 19 9 65 11 45 2 79 17 7 8 57 6 8 14 36 0 63 19 36 13 87 15 23 16 54 18 1 7 88
2 89 9 65 16 5 5 72 7 22 10 15 13 75 15 86 11 57 6 19 12 9 4 56 1 4 18 34 19 63 3 25 8 67 0 75 17 56 14 90
