50 20
11 82 4 76 12 54 17 8 8 22 14 81 16 64 5 36 2 14 15 16 13 63 3 93 9 37 6 54 10 53 18 26 0 13 19 53 7 50 1 74
12 8 5 50 0 68 4 45 11 12 18 70 17 4 14 32 1 58 6 40 2 11 19 66 7 38 16 7 9 28 10 98 3 95 8 51 13 84 15 40
10 77 9 61 5 30 0 53 4 24 17 79 12 8 3 10 8 48 6 16 14 80 13 18 1 40 19 33 16 19 15 66 11 26 18 36 7 70 2 18
19 49 11 84 2 10 15 67 6 37 12 94 9 40 8 42 3 80 14 33 18 31 1 28 10 49 17 8 7 9 5 67 13 39 16 23 0 45 4 28
19 99 2 40 11 2 18 51 10 20 12 34 1 88 4 52 9 94 16 30 5 28 13 49 6 79 17 41 8 84 3 97 14 2 0 65 15 43 7 39
4 81 14 11 5 88 11 80 13 64 1 35 19 64 18 6 6 92 15 46 10 48 0 2 7 63 12 86 17 46 2 18 16 7 3 89 9 42 8 7
15 70 14 61 2 32 4 17 1 82 6 88 5 88 10 75 17 89 19 39 12 30 7 84 11 53 3 57 9 2 13 89 16 82 18 42 8 62 0 64
8 9 5 64 10 51 15 5 1 55 12 81 3 95 6 18 16 77 18 92 7 88 11 98 0 1 14 68 17 81 19 86 9 17 2 2 13 50 4 31
5 98 1 38 10 71 14 2 3 92 4 40 19 79 9 57 18 60 11 92 7 98 15 7 8 20 12 5 0 74 2 11 6 8 16 94 13 9 17 33
15 6 19 7 18 15 0 59 6 50 2 35 5 27 12 19 9 71 7 4 1 35 13 45 11 94 8 51 4 85 10 85 17 18 14 11 3 8 16 22
11 90 16 66 6 67 2 94 3 18 0 26 15 70 14 85 9 29 10 13 12 39 17 14 4 92 18 85 7 54 19 25 13 96 8 47 1 81 5 50
11 55 19 50 16 53 2 38 12 99 0 47 17 40 6 5 10 95 13 96 3 50 7 75 8 78 1 14 4 85 15 91 18 81 14 17 5 83 9 19
16 69 10 61 11 38 17 33 6 65 8 59 14 53 15 49 3 84 0 12 13 78 2 15 4 94 9 45 5 9 18 64 7 84 1 79 12 28 19 46
14 73 6 80 9 76 12 81 8 17 18 49 7 8 10 77 13 77 2 51 11 26 3 11 16 30 5 96 0 39 4 66 15 86 1 11 19 5 17 67
16 89 3 70 10 44 15 25 4 87 19 94 6 26 12 62 18 70 2 57 8 54 17 90 14 97 1 5 11 76 5 15 7 57 9 43 13 53 0 15
6 65 10 37 12 2 11 68 14 15 5 98 8 60 9 54 15 79 16 66 13 45 1 58 0 17 17 43 3 82 19 11 2 82 4 82 7 96 18 63
2 89 15 73 6 86 13 48 1 11 19 1 12 44 10 28 0 51 9 51 8 50 18 86 14 8 11 71 3 62 5 48 7 57 17 58 4 19 16 70
15 53 17 39 11 28 5 51 4 21 0 4 12 62 16 13 8 70 1 49 10 53 9 81 18 6 13 64 19 29 6 71 3 80 2 95 7 12 14 40
16 89 13 17 15 15 9 8 7 49 12 7 5 11 3 46 1 88 6 27 0 44 18 62 4 18 10 41 19 96 11 20 8 77 14 23 2 45 17 35
16 96 11 50 13 29 9 2 18 42 5 33 7 36 14 59 6 19 1 83 4 38 3 60 0 3 17 15 2 75 19 79 10 5 8 37 15 76 12 21
17 33 10 51 4 93 0 17 16 71 3 66 1 64 2 61 5 77 18 77 11 97 6 91 15 2 14 12 8 12 12 66 7 91 19 97 13 62 9 92
10 55 9 2 15 42 17 27 5 72 13 30 14 43 16 68 8 80 19 3 12 91 0 23 11 67 3 43 1 45 6 52 2 71 4 51 7 82 18 23
18 2 2 16 14 73 4 75 13 46 3 95 16 52 1 11 7 63 5 72 11 2 9 36 12 10 6 4 10 27 19 59 0 77 17 4 8 94 15 18
11 55 10 43 6 15 9 82 17 29 5 87 1 54 2 66 19 19 3 55 16 13 8 88 14 63 13 20 4 59 0 76 18 22 7 99 12 36 15 67
1 68 5 30 17 43 10 53 7 34 12 12 11 39 9 1 0 80 6 6 8 77 2 56 3 22 15 96 4 12 19 98 16 48 18 28 13 64 14 73
1 47 3 29 10 89 17 58 6 54 8 25 9 37 5 56 14 20 0 3 4 8 15 7 7 78 18 71 2 51 13 73 12 99 11 37 19 15 16 12
2 76 3 91 8 4 5 4 15 27 12 82 18 9 16 28 19 25 10 41 9 62 17 83 13 14 6 62 7 15 1 5 11 59 4 40 14 80 0 55
9 23 4 57 5 97 14 62 3 69 17 71 10 9 15 94 12 57 6 5 2 58 13 44 19 4 8 3 0 53 1 25 11 49 7 37 18 56 16 9
12 24 0 49 3 50 2 54 13 2 17 72 18 53 1 94 5 29 7 88 14 66 8 44 10 60 11 10 15 99 6 47 16 79 9 66 4 29 19 16
13 53 8 43 16 19 3 34 12 27 14 83 4 7 17 34 19 44 10 25 7 16 18 35 9 57 6 90 11 29 2 66 0 28 1 29 15 29 5 86
4 15 11 60 18 44 1 62 8 18 16 39 15 43 6 1 14 21 2 2 10 62 0 14 17 60 19 85 12 66 7 7 3 44 9 74 5 55 13 73
13 33 9 18 10 49 15 44 5 69 6 75 2 26 14 9 19 75 1 58 4 16 16 7 12 24 0 43 7 52 3 43 17 80 8 90 18 18 11 17
16 65 15 67 19 48 10 93 1 53 17 95 3 60 14 33 2 2 6 9 0 71 8 69 9 54 12 38 18 6 13 43 5 96 11 85 4 37 7 94
3 61 19 8 11 87 15 58 8 84 5 38 10 61 14 10 18 90 0 12 17 53 7 12 13 44 9 21 2 80 4 58 6 25 1 97 12 23 16 16
6 26 17 14 13 67 9 60 4 62 2 88 18 15 15 66 16 98 12 48 19 15 5 94 3 27 1 66 8 31 11 94 7 49 14 78 0 49 10 11
19 62 4 63 7 6 17 86 2 34 5 14 10 29 12 44 3 89 11 6 6 19 0 89 15 65 13 59 8 97 9 51 14 46 16 80 1 34 18 45
10 76 17 20 14 6 13 52 12 41 2 75 8 44 18 1 3 22 9 4 19 79 16 40 6 52 11 79 4 95 0 27 5 35 15 43 1 84 7 64
10 52 7 1 16 73 0 38 3 98 11 30 5 20 17 39 2 3 9 79 15 19 18 56 14 16 1 77 19 87 4 21 12 1 6 81 8 83 13 8
0 4 19 90 18 96 5 13 13 64 1 38 6 20 12 5 16 48 10 64 2 66 15 19 3 81 4 37 9 40 7 99 8 63 17 88 11 26 14 44
15 72 9 39 6 37 8 68 5 90 4 73 16 88 11 86 1 68 13 90 3 13 0 39 7 13 10 3 2 9 14 35 12 46 18 78 19 22 17 40
5 84 14 62 9 12 19 85 4 49 2 8 15 34 16 25 10 63 12 8 13 46 17 45 0 25 3 87 11 43 6 9 18 41 8 95 1 51 7 86
16 1 4 36 8 99 2 66 14 90 11 35 10 54 15 14 0 12 12 20 7 29 3 32 19 67 1 93 13 99 17 4 6 45 18 50 5 10 9 46
5 98 6 52 16 95 14 40 17 52 1 37 0 77 18 61 10 1 8 44 12 29 4 21 15 44 9 20 11 98 2 66 3 86 7 45 19 26 13 13
17 13 2 51 7 24 8 2 6 4 0 7 10 48 12 35 1 31 18 22 19 64 3 72 9 7 14 61 11 89 13 37 5 78 4 46 16 3 15 66
9 38 2 64 10 87 0 78 16 74 11 24 5 40 12 40 1 87 18 52 17 23 7 86 8 88 4 8 15 56 13 59 3 75 14 75 19 99 6 62
9 79 14 72 0 22 3 34 17 30 15 1 16 7 10 39 13 3 4 63 19 71 7 87 1 90 2 12 12 35 5 30 6 53 18 33 8 61 11 49
12 94 8 73 10 63 2 53 4 36 11 75 9 2 7 77 15 8 5 39 1 55 3 16 19 36 17 62 0 13 6 66 13 39 18 3 14 70 16 76
4 12 10 24 1 60 12 49 3 71 5 51 9 88 11 76 2 37 17 47 8 94 6 67 14 67 0 35 19 70 13 84 15 19 16 20 18 19 7 65
2 45 9 79 16 7 5 57 7 8 10 36 13 63 15 36 11 87 6 23 12 54 4 1 1 88 18 89 19 65 3 5 8 72 0 22 17 15 14 75
11 86 16 57 5 19 6 9 10 56 8 4 1 34 9 63 19 25 0 67 18 75 3 56 17 90 15 66 2 12 7 84 4 43 13 74 12 31 14 68
