30 15
0 58 9 66 1 75 6 90 13 41 14 15 12 77 3 79 5 56 4 51 8 50 7 19 10 44 2 75 11 76
11 87 3 1 14 94 8 39 12 23 7 89 1 44 5 21 9 28 4 11 2 24 13 12 0 60 6 67 10 33
1 77 8 66 6 42 2 44 0 57 7 16 12 84 11 96 10 87 14 62 5 10 9 63 13 23 4 81 3 50
2 72 6 4 14 72 9 23 7 34 5 54 8 97 12 14 13 85 10 4 11 90 1 82 3 46 0 37 4 65
8 62 14 67 3 91 5 59 10 80 12 55 13 36 4 23 9 32 6 78 7 48 11 39 1 11 0 61 2 3
3 15 0 8 6 90 2 84 11 45 4 50 9 66 14 33 8 49 7 17 1 41 10 19 5 76 13 11 12 60
7 21 14 44 1 91 12 23 9 79 10 86 4 13 11 46 13 53 2 57 6 55 3 11 0 81 5 15 8 40
7 98 10 15 4 13 6 29 3 37 12 67 14 59 13 48 5 58 9 42 8 10 0 16 2 49 1 93 11 82
2 54 14 99 11 62 6 66 9 89 0 89 10 92 4 43 3 47 7 19 5 17 1 86 13 82 12 26 8 79
7 61 3 29 8 62 13 71 14 82 0 75 11 8 4 52 1 61 5 40 9 25 2 78 10 98 6 10 12 80
13 52 10 29 1 58 6 51 5 70 14 8 12 22 3 44 7 37 8 63 2 87 4 3 9 45 0 90 11 35
3 38 12 66 0 84 2 82 8 41 4 78 13 92 9 94 14 16 5 50 6 36 7 47 1 61 10 82 11 71
4 11 9 15 0 46 11 76 10 63 8 89 13 66 5 11 1 33 2 12 3 4 7 51 14 84 6 90 12 3
7 61 1 43 8 2 0 72 13 89 5 47 11 88 10 19 9 96 6 1 2 66 12 12 14 43 4 55 3 41
6 98 12 63 4 62 9 57 11 90 2 20 5 14 8 37 0 72 14 63 10 5 7 43 13 84 3 71 1 51
7 69 11 41 5 87 13 62 6 23 3 87 2 17 1 41 10 19 9 29 12 4 0 69 4 74 8 14 14 37
4 42 3 56 2 99 7 4 9 6 13 11 6 87 12 20 14 82 0 14 11 1 10 63 8 87 5 95 1 14
10 71 9 49 14 6 0 48 1 61 4 23 7 40 11 77 8 57 3 22 12 18 13 33 5 75 2 7 6 40
1 93 4 65 13 39 14 62 10 49 0 89 2 34 7 90 8 59 11 79 6 29 3 25 12 60 9 70 5 27
4 68 2 68 9 43 5 37 3 50 7 28 1 36 11 85 8 67 14 60 6 17 0 95 10 62 13 89 12 98
2 47 8 49 10 88 13 98 14 23 7 76 12 88 5 81 11 69 9 74 4 61 1 79 0 78 6 39 3 80
14 23 0 49 1 64 13 23 3 16 5 33 2 51 12 50 6 80 4 66 8 30 9 98 11 35 7 59 10 27
13 36 8 30 3 54 1 36 11 61 4 33 7 65 12 97 0 2 5 12 9 79 6 71 10 3 2 7 14 45
14 7 13 60 3 16 9 61 1 59 5 96 12 28 0 67 6 36 4 48 11 24 2 62 10 22 7 70 8 73
6 76 14 15 0 70 8 46 7 57 5 15 1 76 13 14 3 66 9 82 2 62 11 27 4 44 12 81 10 44
6 25 13 43 2 70 3 62 7 62 11 25 10 16 0 8 8 28 14 71 4 92 1 95 9 58 5 30 12 3
7 45 2 59 10 69 12 99 11 56 5 4 9 25 4 73 6 47 0 41 3 97 14 5 1 39 8 70 13 72
4 27 3 99 10 24 11 51 5 99 8 27 0 40 12 96 13 15 7 46 9 72 1 31 2 72 14 39 6 94
14 88 11 38 7 2 9 32 10 48 2 55 6 71 0 97 3 87 8 93 1 46 13 32 4 45 5 49 12 93
0 12 3 38 12 2 2 71 13 40 5 62 10 8 8 19 14 62 7 54 1 37 11 73 4 15 6 25 9 64
