50 20
14 38 4 66 9 77 8 86 10 7 11 13 0 52 16 99 18 16 5 62 2 69 17 75 1 67 19 23 13 92 3 56 15 81 6 29 7 74 12 89
4 97 1 38 16 59 11 91 13 83 9 69 12 14 7 22 8 89 6 18 0 99 14 74 15 72 10 35 17 10 3 85 5 22 18 85 19 99 2 68
14 24 19 74 6 62 9 98 1 84 3 88 17 15 15 26 2 97 11 24 13 37 16 10 10 83 5 57 7 96 4 87 8 79 18 37 0 75 12 62
17 92 15 49 13 24 7 26 19 82 0 7 5 92 16 24 8 39 12 78 9 78 18 58 3 52 6 82 4 76 11 54 1 8 14 22 10 81 2 64
17 36 18 14 6 16 1 63 12 93 9 37 14 54 4 53 16 26 15 13 19 53 8 50 0 74 5 8 2 50 10 68 7 45 11 12 3 70 13 4
13 32 17 58 18 40 5 11 16 66 4 38 19 7 12 28 8 98 0 95 2 51 10 84 11 40 9 77 14 61 1 30 6 53 15 24 7 79 3 8
17 10 10 48 7 16 1 80 19 18 6 40 5 33 8 19 0 66 14 26 15 36 16 70 13 18 4 49 12 84 11 10 9 67 3 37 2 94 18 40
6 42 10 80 16 33 9 31 5 28 8 49 14 8 1 9 13 67 19 39 12 23 2 45 4 28 18 99 0 40 15 2 17 51 11 20 3 34 7 88
13 52 2 94 15 30 17 28 1 49 7 79 3 41 18 84 12 97 10 2 11 65 9 43 4 39 14 81 19 11 5 88 16 80 6 64 0 35 8 64
18 6 1 92 3 46 7 48 8 2 13 63 0 86 5 46 11 18 4 7 9 89 15 42 14 7 17 70 6 61 12 32 2 17 10 82 16 88 19 88
16 75 13 89 1 39 3 30 2 84 6 53 19 57 4 2 17 89 5 82 8 42 12 62 18 64 0 9 14 64 10 51 7 5 15 55 11 81 9 95
9 18 10 77 8 92 17 88 4 98 5 1 1 68 0 81 3 86 13 17 6 2 12 50 18 31 7 98 14 38 11 71 15 2 16 92 19 40 2 79
5 57 1 60 10 92 14 98 3 7 4 20 18 5 9 74 19 11 11 8 7 94 15 9 8 33 12 6 0 7 2 15 6 59 17 50 16 35 13 27
15 19 19 71 18 4 0 35 6 45 2 94 5 51 12 85 9 85 7 18 1 11 13 8 11 22 8 90 4 66 10 67 17 94 14 18 3 26 16 70
11 85 16 29 6 13 2 39 3 14 0 92 15 85 14 54 9 25 10 96 12 47 17 81 4 50 18 55 7 50 19 53 13 38 8 99 1 47 5 40
11 5 19 95 16 96 2 50 12 75 0 78 17 14 6 85 10 91 13 81 3 17 7 83 8 19 1 69 4 61 15 38 18 33 14 65 5 59 9 53
16 49 10 84 11 12 17 78 6 15 8 94 14 45 15 9 3 64 0 84 13 79 2 28 4 46 9 73 5 80 18 76 7 81 1 17 12 49 19 8
14 77 6 77 9 51 12 26 8 11 18 30 7 96 10 39 13 66 2 86 11 11 3 5 16 67 5 89 0 70 4 44 15 25 1 87 19 94 17 26
16 62 3 70 10 57 15 54 4 90 19 97 6 5 12 76 18 15 2 57 8 43 17 53 14 15 1 65 11 37 5 2 7 68 9 15 13 98 0 60
6 54 10 79 12 66 11 45 14 58 5 17 8 43 9 82 15 11 16 82 13 82 1 96 0 63 17 89 3 73 19 86 2 48 4 11 7 1 18 44
2 28 15 51 6 51 13 50 1 86 19 8 12 71 10 62 0 48 9 57 8 58 18 19 14 70 11 53 3 39 5 28 7 51 17 21 4 4 16 62
15 13 17 70 11 49 5 53 4 81 0 6 12 64 16 29 8 71 1 80 10 95 9 12 18 40 13 89 19 17 6 15 3 8 2 49 7 7 14 11
16 46 13 88 15 27 9 44 7 62 12 18 5 41 3 96 1 20 6 77 0 23 18 45 4 35 10 96 19 50 11 29 8 2 14 42 2 33 17 36
16 59 11 19 13 83 9 38 18 60 5 3 7 15 14 75 6 79 1 5 4 37 3 76 0 21 17 33 2 51 19 93 10 17 8 71 15 66 12 64
17 61 10 77 4 77 0 97 16 91 3 2 1 12 2 12 5 66 18 91 11 97 6 62 15 92 14 55 8 2 12 42 7 27 19 72 13 30 9 43
10 68 9 80 15 3 17 91 5 23 13 67 14 43 16 45 8 52 19 71 12 51 0 82 11 23 3 2 1 16 6 73 2 75 4 46 7 95 18 52
18 11 2 63 14 72 4 2 13 36 3 10 16 4 1 27 7 59 5 77 11 4 9 94 12 18 6 55 10 43 19 15 0 82 17 29 8 87 15 54
11 66 10 19 6 55 9 13 17 88 5 63 1 20 2 59 19 76 3 22 16 99 8 36 14 67 13 68 4 30 0 43 18 53 7 34 12 12 15 39
1 1 5 80 17 6 10 77 7 56 12 22 11 96 9 12 0 98 6 48 8 28 2 64 3 73 15 47 4 29 19 89 16 58 18 54 13 25 14 37
1 56 3 20 10 3 17 8 6 7 8 78 9 71 5 51 14 73 0 99 4 37 15 15 7 12 18 76 2 91 13 4 12 4 11 27 19 82 16 9
2 28 3 25 8 41 5 62 15 83 12 14 18 62 16 15 19 5 10 59 9 40 17 80 13 55 6 23 7 57 1 97 11 62 4 69 14 71 0 9
9 94 4 57 5 5 14 58 3 44 17 4 10 3 15 53 12 25 6 49 2 37 13 56 19 9 8 24 0 49 1 50 11 54 7 2 18 72 16 53
12 94 0 29 3 88 2 66 13 44 17 60 18 10 1 99 5 47 7 79 14 66 8 29 10 16 11 53 15 43 6 19 16 34 9 27 4 83 19 7
13 34 8 44 16 25 3 16 12 35 14 57 4 90 17 29 19 66 10 28 7 29 18 29 9 86 6 15 11 60 2 44 0 62 1 18 15 39 5 43
4 1 11 21 18 2 1 62 8 14 16 60 15 85 6 66 14 7 2 44 10 74 0 55 17 73 19 33 12 18 7 49 3 44 9 69 5 75 13 26
13 9 9 75 10 58 15 16 5 7 6 24 2 43 14 52 19 43 1 80 4 90 16 18 12 17 0 65 7 67 3 48 17 93 8 53 18 95 11 60
16 33 15 2 19 9 10 71 1 69 17 54 3 38 14 6 2 43 6 96 0 85 8 37 9 94 12 61 18 8 13 87 5 58 11 84 4 38 7 61
3 10 19 90 11 12 15 53 8 12 5 44 10 21 14 80 18 58 0 25 17 97 7 23 13 16 9 26 2 14 4 67 6 60 1 62 12 88 16 15
6 66 17 98 13 48 9 15 4 94 2 27 18 66 15 31 16 94 12 49 19 78 5 49 3 11 1 62 8 63 11 6 7 86 14 34 0 14 10 29
19 44 4 89 7 6 17 19 2 89 5 65 10 59 12 97 3 51 11 46 6 80 0 34 15 45 13 76 8 20 9 6 14 52 16 41 1 75 18 44
10 1 17 22 14 4 13 79 12 40 2 52 8 79 18 95 3 27 9 35 19 43 16 84 6 64 11 52 4 1 0 73 5 38 15 98 1 30 7 20
10 39 7 3 16 79 0 19 3 56 11 16 5 77 17 87 2 21 9 1 15 81 18 83 14 8 1 4 19 90 4 96 12 13 6 64 8 38 13 20
0 5 19 48 18 64 5 66 13 19 1 81 6 37 12 40 16 99 10 63 2 88 15 26 3 44 4 72 9 39 7 37 8 68 17 90 11 73 14 88
15 86 9 68 6 90 8 13 5 39 4 13 16 3 11 9 1 35 13 46 3 78 0 22 7 40 10 84 2 62 14 12 12 85 18 49 19 8 17 34
5 25 14 63 9 8 19 46 4 45 2 25 15 87 16 43 10 9 12 41 13 95 17 51 0 86 3 1 11 36 6 99 18 66 8 90 1 35 7 54
16 14 4 12 8 20 2 29 14 32 11 67 10 93 15 99 0 4 12 45 7 50 3 10 19 46 1 98 13 52 17 95 6 40 18 52 5 37 9 77
5 61 6 1 16 44 14 29 17 21 1 44 0 20 18 98 10 66 8 86 12 45 4 26 15 13 9 13 11 51 2 24 3 2 7 4 19 7 13 48
17 35 2 31 7 22 8 64 6 72 0 7 10 61 12 89 1 37 18 78 19 46 3 3 9 66 14 38 11 64 13 87 5 78 4 74 16 24 15 40
9 40 2 87 10 52 0 23 16 86 11 88 5 8 12 56 1 59 18 75 17 75 7 99 8 62 4 79 15 72 13 22 3 34 14 30 19 1 6 7
9 39 14 3 0 63 3 71 17 87 15 90 16 12 10 35 13 30 4 53 19 33 7 61 1 49 2 94 12 73 5 63 6 53 18 36 8 75 11 2
