100 20
6 81 9 83 5 60 4 54 3 99 18 79 8 90 12 73 2 66 15 72 16 68 0 34 10 82 1 10 13 55 7 86 14 41 17 72 19 56 11 5
5 31 18 71 7 12 15 80 8 51 17 60 3 51 1 73 6 78 13 99 2 66 11 32 4 55 0 19 19 27 10 14 16 17 12 39 9 39 14 27
3 72 19 88 10 40 5 47 16 86 18 48 8 35 7 66 17 38 9 98 15 73 1 93 11 66 0 38 6 83 13 75 2 70 12 48 4 97 14 40
6 10 14 66 16 18 0 14 5 68 12 33 19 8 4 52 9 29 10 16 18 74 7 3 3 64 13 70 11 69 17 62 2 30 8 79 15 68 1 56
3 63 10 88 1 4 7 66 15 54 19 47 5 74 11 44 6 39 13 98 12 44 0 87 8 31 18 3 4 19 14 89 16 53 17 52 9 67 2 21
0 25 5 28 6 46 7 92 11 99 12 87 8 30 1 32 16 1 13 86 14 26 2 81 15 1 19 49 10 27 18 46 3 10 17 52 9 26 4 38
1 29 14 80 16 94 11 80 8 18 0 13 2 78 17 7 15 62 9 50 18 18 3 48 4 57 10 11 7 41 6 42 5 87 13 57 19 63 12 61
0 59 19 30 17 46 8 63 10 32 18 52 5 6 15 26 2 31 13 54 14 88 7 99 12 20 1 83 3 99 16 43 9 80 11 60 4 41 6 45
2 47 10 89 14 84 9 44 7 96 19 92 16 41 8 89 4 85 18 97 12 14 3 89 13 52 15 73 0 22 11 12 6 21 5 29 17 52 1 50
3 31 18 62 19 68 16 30 10 61 7 49 13 66 14 7 17 46 2 43 15 9 0 77 4 75 9 14 6 1 5 71 11 66 1 16 8 85 12 50
10 90 15 94 1 63 6 55 16 96 19 64 5 13 8 97 11 7 12 46 9 53 0 45 4 85 2 50 13 22 18 15 14 90 3 48 17 38 7 52
10 66 18 53 12 79 7 44 5 81 4 83 19 59 0 35 6 14 8 14 9 90 11 44 17 94 2 18 1 64 16 97 14 93 13 91 3 8 15 58
19 71 5 16 6 68 7 83 2 69 4 83 15 46 9 16 14 33 0 89 12 54 10 90 3 17 8 27 13 78 16 52 11 58 1 63 17 23 18 45
9 54 0 92 17 3 5 12 14 71 3 30 13 86 12 14 1 15 2 98 10 90 6 11 19 82 11 55 8 83 18 66 16 31 15 22 7 60 4 70
0 72 1 96 15 57 19 90 11 11 18 76 16 86 8 39 10 21 17 39 13 71 14 87 4 91 12 66 3 88 6 22 5 91 9 61 2 54 7 68
4 60 19 69 12 53 18 41 5 85 10 79 17 83 1 42 15 37 14 17 3 14 6 1 16 63 2 52 11 24 7 26 0 66 9 39 8 44 13 91
18 45 15 6 1 87 13 52 14 81 7 88 11 89 5 29 2 50 4 99 17 93 6 31 16 21 9 40 0 78 8 13 3 76 10 70 19 53 12 86
12 51 1 85 2 27 0 77 3 42 10 8 17 7 15 26 11 99 14 49 5 10 9 46 18 19 7 95 13 92 6 73 19 82 16 55 4 11 8 49
0 84 12 78 19 51 7 46 10 97 9 84 18 93 13 70 15 75 3 85 2 19 6 55 5 47 11 94 16 20 14 61 4 42 8 61 17 98 1 48
15 64 11 81 1 76 16 86 3 50 6 13 17 2 5 18 2 31 14 27 8 32 9 47 10 81 12 41 18 35 0 15 13 50 19 20 7 78 4 33
0 37 7 4 16 25 8 15 11 38 5 62 3 7 4 58 2 1 13 97 14 3 9 54 18 31 17 48 15 28 12 6 6 5 19 33 10 5 1 2
1 90 11 40 0 62 4 58 16 36 18 12 5 14 6 57 3 40 19 53 14 35 10 99 15 47 2 94 8 73 9 22 13 18 17 39 7 48 12 46
19 81 13 63 7 78 9 15 4 59 6 3 8 1 1 49 12 40 5 76 16 58 11 73 14 41 2 34 15 88 3 27 17 81 0 48 10 23 18 11
5 61 2 23 13 45 12 2 17 89 14 1 10 52 15 42 6 98 11 57 3 4 19 42 8 43 4 69 0 53 18 66 9 39 1 20 7 36 16 41
4 92 3 25 9 85 12 54 13 20 14 76 1 86 2 17 5 23 16 12 11 65 6 98 10 23 19 52 7 36 0 8 18 10 17 61 8 48 15 63
11 19 14 22 8 52 18 42 0 83 13 12 9 39 4 49 15 97 6 51 5 54 3 47 12 24 17 97 1 60 2 48 10 57 16 15 7 40 19 50
16 88 10 7 15 4 11 92 12 55 6 26 1 31 2 92 9 86 0 49 13 51 18 44 8 14 14 98 4 85 17 68 7 98 5 43 19 22 3 31
15 52 5 54 1 19 4 87 0 64 10 31 16 6 11 89 19 17 3 34 9 72 8 47 13 8 7 33 12 13 14 88 18 37 6 77 17 34 2 17
8 97 4 6 3 31 15 78 11 1 18 19 14 32 9 94 0 88 6 15 16 59 19 3 7 48 12 14 10 61 13 76 1 76 2 58 17 38 5 46
19 63 16 9 1 67 4 65 13 85 12 84 5 73 8 5 14 31 15 16 9 78 0 92 3 22 18 98 10 30 2 78 7 73 6 59 17 45 11 18
2 78 13 90 4 58 1 29 18 73 3 68 12 67 6 71 11 84 17 33 10 1 16 91 19 88 14 3 9 51 5 35 0 31 8 91 15 32 7 42
3 61 7 93 12 84 8 38 19 29 6 39 1 6 10 31 0 62 4 45 14 95 13 67 18 24 15 32 11 98 2 29 9 5 5 33 16 84 17 7
18 97 10 52 8 43 1 53 17 67 9 38 16 82 7 28 2 62 13 90 3 49 15 12 0 2 12 68 19 41 11 53 14 77 6 54 5 83 4 8
6 89 11 34 15 28 0 4 9 23 16 82 4 20 3 68 2 27 10 31 18 99 8 60 13 88 7 31 12 35 19 20 1 64 5 75 17 87 14 42
14 20 7 77 1 88 0 94 11 79 8 83 2 44 16 95 18 30 3 92 12 78 17 11 19 88 9 31 15 47 4 79 5 73 6 10 13 49 10 38
18 28 17 18 8 97 9 87 15 94 6 40 7 14 13 50 11 30 19 3 5 90 4 75 1 94 3 3 16 3 12 5 14 50 10 60 0 43 2 92
18 49 6 55 0 28 3 61 8 9 2 95 4 81 19 79 5 37 1 50 17 51 11 69 10 6 15 32 16 27 14 98 9 89 12 52 7 41 13 98
9 50 18 83 4 34 0 50 6 15 1 26 16 44 14 37 15 92 11 5 19 36 12 20 17 38 7 61 3 42 5 23 2 84 13 63 10 37 8 91
3 56 8 64 6 62 4 62 16 15 5 66 19 55 2 39 1 15 15 93 7 72 10 17 9 63 12 73 17 46 18 41 14 89 0 64 11 54 13 12
2 44 5 61 18 52 14 96 3 22 6 7 10 24 4 54 15 95 19 12 16 61 12 46 13 75 1 48 7 54 0 58 8 15 9 13 11 48 17 59
10 65 8 85 13 57 3 8 15 92 12 76 7 87 18 82 16 43 4 42 14 55 1 52 19 38 11 78 5 37 2 56 17 3 9 18 6 70 0 43
2 19 11 42 17 35 13 8 6 1 8 91 18 58 4 65 16 99 5 94 15 98 3 85 14 25 0 98 12 57 19 30 10 51 9 72 7 99 1 91
4 39 15 36 2 40 5 45 9 8 18 14 13 34 6 57 12 68 19 27 7 4 14 7 3 34 8 68 1 40 11 7 10 79 0 28 17 1 16 16
7 87 11 23 14 62 8 55 0 35 10 56 6 15 19 9 15 51 17 81 9 12 3 49 12 49 2 88 18 20 5 59 16 77 1 26 13 12 4 20
16 76 6 75 19 39 13 73 18 85 7 39 0 28 2 55 11 32 5 50 14 32 12 89 4 83 3 69 10 40 9 92 8 66 17 97 1 86 15 16
3 11 18 96 13 99 14 26 16 30 15 49 11 39 2 86 10 89 0 67 4 41 12 16 7 2 8 82 19 1 5 27 1 34 6 44 9 46 17 41
8 94 10 91 19 24 11 5 7 16 2 25 6 12 9 87 5 6 3 47 4 12 1 76 15 90 14 92 0 24 18 16 16 80 13 33 17 62 12 40
5 68 16 75 14 10 4 38 2 14 6 47 7 46 3 77 18 83 17 34 13 59 15 78 10 6 12 17 1 31 11 20 8 54 9 55 19 85 0 6
6 88 8 41 14 12 7 91 19 22 17 80 12 53 1 2 10 35 0 39 16 89 11 38 15 83 4 26 3 11 5 59 13 70 2 63 9 62 18 72
1 77 18 48 19 62 9 47 5 2 12 35 6 83 13 97 17 80 2 63 15 85 14 84 11 20 0 95 7 12 16 78 3 77 8 67 10 10 4 91
2 7 10 35 15 85 19 88 4 42 16 30 1 94 12 66 14 99 5 34 6 47 8 31 17 36 3 76 18 35 11 71 0 30 7 50 9 28 13 96
17 2 6 93 19 69 12 32 7 44 8 28 2 88 4 40 3 61 11 85 0 48 5 34 13 75 1 16 14 93 18 83 16 67 10 55 15 71 9 34
4 91 14 99 15 43 19 86 11 82 13 31 2 8 6 41 18 29 1 3 3 35 12 41 17 91 16 26 0 20 8 4 7 46 9 83 5 47 10 9
11 2 16 6 2 8 17 90 6 91 19 80 3 13 18 42 8 67 13 39 12 20 15 74 10 20 14 42 5 74 1 35 7 3 4 95 0 71 9 89
2 30 8 90 9 23 6 42 14 81 13 13 11 1 1 86 17 26 19 69 4 2 18 6 3 56 15 76 12 26 5 81 16 44 0 30 7 9 10 63
5 18 12 48 3 28 2 10 17 69 9 32 4 99 8 2 7 77 0 44 16 17 19 36 11 63 6 3 18 21 15 83 13 38 10 7 1 27 14 8
8 26 19 36 18 60 5 99 10 82 12 21 16 20 9 78 14 65 11 22 17 38 6 82 7 77 0 57 2 39 3 34 15 83 4 10 13 41 1 3
17 4 12 19 6 85 18 12 14 62 7 20 0 75 11 19 19 84 4 47 16 43 9 44 10 29 15 63 1 8 8 16 5 49 2 47 13 77 3 57
19 81 9 21 15 98 0 1 5 47 17 11 11 30 4 57 13 51 8 15 2 93 10 5 12 25 14 23 6 49 18 95 1 65 3 19 16 87 7 43
17 86 1 89 4 2 8 74 14 53 15 81 0 28 16 63 3 88 18 78 11 94 9 54 2 92 13 36 6 92 10 42 7 53 12 93 5 60 19 69
16 41 11 7 15 77 17 36 9 36 4 26 18 35 3 30 7 64 8 75 13 3 19 35 5 60 14 71 10 29 1 47 0 15 6 29 12 43 2 88
7 56 15 22 8 9 13 45 17 40 19 50 0 52 5 76 12 66 14 72 6 38 18 10 4 37 9 25 16 62 10 94 3 18 1 20 2 25 11 18
0 14 6 90 10 49 16 75 7 59 8 20 11 78 19 57 5 80 2 94 18 20 12 22 9 52 13 21 4 23 3 37 15 56 1 40 17 23 14 85
16 80 10 72 6 2 9 50 0 99 4 46 15 72 5 74 3 59 12 75 8 6 13 71 1 52 14 95 11 32 19 45 17 97 2 3 7 70 18 88
17 20 4 24 3 6 18 77 8 36 14 83 19 53 1 70 6 67 12 35 13 51 9 18 2 40 7 84 0 40 16 10 10 51 11 64 5 24 15 51
4 93 9 56 19 91 16 7 6 48 5 27 0 12 10 11 12 36 11 66 3 41 14 88 8 23 7 6 1 38 2 2 15 4 18 99 13 52 17 64
18 7 8 77 7 91 6 4 17 18 14 85 0 28 5 48 15 66 11 33 13 61 4 40 16 37 19 14 9 5 10 24 3 79 2 41 1 94 12 39
1 82 17 49 16 35 7 22 11 50 12 58 3 56 6 60 13 68 0 66 19 24 5 16 14 32 18 2 15 27 2 33 4 78 10 51 9 89 8 53
6 65 2 16 13 26 10 51 1 72 18 37 11 32 19 35 12 40 4 5 9 17 8 52 15 97 5 54 7 52 14 48 0 34 16 38 3 27 17 87
11 35 14 68 9 8 18 5 5 36 6 74 7 87 8 38 0 94 19 31 1 13 2 41 16 15 15 22 10 67 13 30 17 27 4 52 12 27 3 66
2 90 3 86 1 39 16 87 18 27 0 89 15 26 11 25 5 80 17 82 6 21 9 25 10 55 4 27 8 20 13 81 19 47 12 79 7 26 14 72
16 10 12 11 8 90 5 89 7 10 19 30 17 99 15 26 3 54 6 75 14 88 0 25 18 9 1 38 11 66 9 39 10 66 2 28 13 96 4 88
3 50 2 88 17 46 10 91 0 65 4 5 14 14 8 51 12 23 7 87 13 67 1 62 16 68 11 4 19 47 9 49 6 33 18 79 15 61 5 2
13 73 11 35 2 57 14 58 0 12 5 46 3 82 19 59 4 56 16 24 10 33 7 22 6 78 17 1 18 48 15 41 1 91 9 87 12 54 8 63
12 76 8 13 19 26 7 70 13 77 2 85 9 60 1 42 11 77 16 63 3 13 15 32 6 42 0 54 18 50 5 83 4 60 17 15 10 61 14 91
6 15 2 13 11 76 0 44 4 58 17 18 13 1 12 60 3 80 19 94 14 29 9 11 5 14 18 49 16 89 1 44 15 83 7 39 10 52 8 63
3 74 5 81 12 16 1 93 14 4 15 35 13 29 17 69 10 67 8 21 19 32 11 58 2 84 0 62 18 55 16 59 9 74 4 84 6 90 7 3
12 91 6 25 16 88 1 15 18 67 5 13 17 28 3 16 2 69 14 89 19 50 10 54 15 48 4 68 8 30 13 9 7 79 11 63 9 57 0 91
12 61 18 88 16 41 8 8 1 12 19 22 14 98 4 81 6 89 13 15 5 80 3 85 7 6 9 8 15 97 0 14 17 59 10 48 11 2 2 83
12 59 3 15 6 25 16 81 18 78 19 37 11 11 7 83 14 48 13 28 8 36 17 17 0 19 5 7 10 90 15 72 2 90 1 61 4 27 9 92
0 3 17 34 15 25 7 93 2 43 11 20 3 50 13 41 5 17 6 70 9 25 4 39 12 41 14 61 8 60 18 94 19 20 16 76 1 1 10 78
0 92 2 18 1 50 18 94 10 20 12 59 14 86 13 86 8 48 5 87 15 3 9 91 4 91 6 84 17 47 3 73 16 60 11 93 19 51 7 58
3 65 2 60 5 67 10 79 16 52 12 95 7 3 13 33 15 84 17 97 19 91 14 93 18 19 8 74 11 1 0 41 1 33 9 72 6 12 4 91
0 26 16 48 10 13 9 97 18 31 2 71 11 85 17 79 15 66 5 75 6 49 1 44 3 89 4 4 19 29 13 30 7 41 12 86 14 93 8 32
12 2 8 36 2 72 3 54 18 97 5 96 11 90 10 46 15 26 19 34 6 85 1 28 14 63 0 92 17 82 16 41 13 44 9 60 7 51 4 19
12 58 16 27 14 44 10 16 15 44 7 25 1 3 0 31 18 9 11 42 4 56 3 75 17 11 9 6 19 12 2 20 6 32 5 37 13 13 8 68
1 72 2 78 0 29 17 68 6 51 4 77 13 91 18 28 14 95 3 93 19 19 11 14 12 51 5 49 15 44 9 59 7 22 16 99 8 59 10 35
10 2 16 4 1 89 13 30 0 89 9 8 3 68 15 24 8 48 2 62 19 6 5 65 17 6 14 22 7 64 4 58 11 25 6 81 12 27 18 19
11 78 8 82 13 86 15 64 18 67 2 96 19 35 10 37 5 66 1 50 7 64 3 64 0 66 17 38 6 38 12 94 14 79 16 84 9 55 4 19
2 84 0 46 1 75 13 58 7 66 10 31 6 33 5 70 4 81 9 34 14 44 3 81 12 51 15 65 8 81 16 90 18 58 11 88 17 51 19 71
15 38 13 9 18 84 6 49 5 99 16 29 8 14 14 64 2 39 0 24 1 64 9 31 7 68 17 83 19 92 10 82 11 36 3 93 4 76 12 92
4 1 18 35 16 33 0 96 19 38 12 19 13 64 9 86 17 45 2 55 1 54 11 95 8 14 6 38 14 75 7 27 3 76 15 79 10 84 5 19
17 18 10 11 2 44 4 62 0 81 5 35 7 81 15 20 8 74 18 60 9 33 13 48 1 39 16 52 11 87 12 95 14 27 6 61 19 59 3 81
13 72 7 17 12 58 1 70 17 54 0 61 9 37 15 57 8 99 18 22 11 72 16 38 2 85 4 23 14 85 5 15 19 4 10 49 6 9 3 15
9 25 5 7 10 63 12 79 0 6 14 85 1 30 13 12 16 34 4 38 7 6 6 59 8 62 18 59 2 34 11 72 15 97 3 70 19 44 17 95
2 58 0 99 19 72 17 41 18 77 6 62 7 78 16 36 1 75 10 28 5 91 9 39 12 32 14 56 3 60 15 64 8 21 13 15 4 80 11 85
5 28 19 22 17 53 12 58 14 69 9 62 2 60 16 48 7 66 15 91 13 38 1 66 8 54 10 5 3 24 0 1 4 49 18 71 11 49 6 41
2 92 5 64 14 78 9 95 19 55 11 63 7 19 0 18 13 2 10 45 3 35 8 14 15 7 17 32 12 78 4 97 6 30 1 24 16 9 18 20
13 22 15 82 14 22 16 78 9 14 12 59 5 23 0 22 3 96 18 31 6 37 4 67 2 20 1 41 11 62 7 2 19 9 17 10 8 61 10 37
6 87 8 63 2 88 16 27 14 40 17 76 19 76 15 19 10 58 18 16 12 2 9 10 0 73 7 96 11 1 4 1 1 95 3 29 13 63 5 71
