30 15
7 19 12 44 1 75 8 76 4 87 14 1 3 94 13 39 0 23 6 89 10 44 9 21 5 28 11 11 2 24
2 12 7 60 0 67 5 33 9 77 14 66 12 42 11 44 4 57 3 16 10 84 6 96 8 87 13 62 1 10
2 63 10 23 9 81 5 50 13 72 6 4 7 72 1 23 14 34 12 54 11 97 4 14 0 85 8 4 3 90
7 82 11 46 12 37 10 65 14 62 0 67 2 91 4 59 1 80 9 55 3 36 13 23 6 32 5 78 8 48
13 39 3 11 7 61 14 3 4 15 0 8 11 90 2 84 5 45 10 50 1 66 9 33 8 49 12 17 6 41
1 19 13 76 11 11 14 60 7 21 4 44 10 91 9 23 2 79 6 86 3 13 0 46 5 53 8 57 12 55
6 11 13 81 8 15 4 40 3 98 9 15 14 13 0 29 2 37 1 67 5 59 11 48 10 58 12 42 7 10
7 16 11 49 3 93 1 82 14 54 12 99 6 62 0 66 13 89 10 89 4 92 2 43 8 47 9 19 5 17
8 86 11 82 7 26 5 79 2 61 13 29 6 62 1 71 12 82 10 75 4 8 0 52 3 61 14 40 9 25
7 78 13 98 6 10 3 80 9 52 2 29 4 58 12 51 11 70 8 8 0 22 10 44 1 37 5 63 14 87
13 3 3 45 2 90 0 35 8 38 5 66 4 84 6 82 12 41 1 78 10 92 14 94 7 16 9 50 11 36
4 47 14 61 0 82 11 71 10 11 8 15 13 46 5 76 1 63 2 89 3 66 7 11 6 33 12 12 9 4
7 51 1 84 8 90 0 3 13 61 5 43 11 2 10 72 9 89 6 47 2 88 12 19 14 96 4 1 3 66
6 12 12 43 4 55 9 41 11 98 2 63 5 62 8 57 0 90 14 20 10 14 7 37 13 72 3 63 1 5
7 43 11 84 5 71 13 51 6 69 3 41 2 87 1 62 10 23 9 87 12 17 0 41 4 19 8 29 14 4
4 69 3 74 2 14 7 37 9 42 13 56 6 99 12 4 14 6 0 11 11 87 10 20 8 82 5 14 1 1
10 63 9 87 14 95 0 14 1 71 4 49 7 6 11 48 8 61 3 23 12 40 13 77 5 57 2 22 6 18
1 33 4 75 13 7 14 40 10 93 0 65 2 39 7 62 8 49 11 89 6 34 3 90 12 59 9 79 5 29
4 25 2 60 9 70 5 27 3 68 7 68 1 43 11 37 8 50 14 28 6 36 0 85 10 67 13 60 12 17
2 95 8 62 10 89 13 98 14 47 7 49 12 88 5 98 11 23 9 76 4 88 1 81 0 69 6 74 3 61
14 79 0 78 1 39 13 80 3 23 5 49 2 64 12 23 6 16 4 33 8 51 9 50 11 80 7 66 10 30
13 98 8 35 3 59 1 27 11 36 4 30 7 54 12 36 0 61 5 33 9 65 6 97 10 2 2 12 14 79
14 71 13 3 3 7 9 45 1 7 5 60 12 16 0 61 6 59 4 96 11 28 2 67 10 36 7 48 8 24
6 62 14 22 0 70 8 73 7 76 5 15 1 70 13 46 3 57 9 15 2 76 11 14 4 66 12 82 10 62
6 27 13 44 2 81 3 44 7 25 11 43 10 70 0 62 8 62 14 25 4 16 1 8 9 28 5 71 12 92
7 95 2 58 10 30 12 3 11 45 5 59 9 69 4 99 6 56 0 4 3 25 14 73 1 47 8 41 13 97
4 5 3 39 10 70 11 72 5 27 8 99 0 24 12 51 13 99 7 27 9 40 1 96 2 15 14 46 6 72
14 31 11 72 7 39 9 94 10 88 2 38 6 2 0 32 3 48 8 55 1 71 13 97 4 87 5 93 12 46
0 32 3 45 12 49 2 93 13 12 5 38 10 2 8 71 14 40 7 62 1 8 11 19 4 62 6 54 9 37
6 73 14 15 9 25 7 64 5 12 3 67 0 75 2 96 4 88 13 9 8 21 12 32 1 6 10 84 11 16
