50 20
13 88 2 52 15 94 17 30 1 28 7 49 3 79 18 41 12 84 10 97 11 2 9 65 4 43 14 39 19 81 5 11 16 88 6 80 0 64 8 35
18 64 1 6 3 92 7 46 8 48 13 2 0 63 5 86 11 46 4 18 9 7 15 89 14 42 17 7 6 70 12 61 2 32 10 17 16 82 19 88
16 88 13 75 1 89 3 39 2 30 6 84 19 53 4 57 17 2 5 89 8 82 12 42 18 62 0 64 14 9 10 64 7 51 15 5 11 55 9 81
9 95 10 18 8 77 17 92 4 88 5 98 1 1 0 68 3 81 13 86 6 17 12 2 18 50 7 31 14 98 11 38 15 71 16 2 19 92 2 40
5 79 1 57 10 60 14 92 3 98 4 7 18 20 9 5 19 74 11 11 7 8 15 94 8 9 12 33 0 6 2 7 6 15 17 59 16 50 13 35
15 27 19 19 18 71 0 4 6 35 2 45 5 94 12 51 9 85 7 85 1 18 13 11 11 8 8 22 4 90 10 66 17 67 14 94 3 18 16 26
11 70 16 85 6 29 2 13 3 39 0 14 15 92 14 85 9 54 10 25 12 96 17 47 4 81 18 50 7 55 19 50 13 53 8 38 1 99 5 47
11 40 19 5 16 95 2 96 12 50 0 75 17 78 6 14 10 85 13 91 3 81 7 17 8 83 1 19 4 69 15 61 18 38 14 33 5 65 9 59
16 53 10 49 11 84 17 12 6 78 8 15 14 94 15 45 3 9 0 64 13 84 2 79 4 28 9 46 5 73 18 80 7 76 1 81 12 17 19 49
14 8 6 77 9 77 12 51 8 26 18 11 7 30 10 96 13 39 2 66 11 86 3 11 16 5 5 67 0 89 4 70 15 44 1 25 19 87 17 94
16 26 3 62 10 70 15 57 4 54 19 90 6 97 12 5 18 76 2 15 8 57 17 43 14 53 1 15 11 65 5 37 7 2 9 68 13 15 0 98
6 60 10 54 12 79 11 66 14 45 5 58 8 17 9 43 15 82 16 11 13 82 1 82 0 96 17 63 3 89 19 73 2 86 4 48 7 11 18 1
2 44 15 28 6 51 13 51 1 50 19 86 12 8 10 71 0 62 9 48 8 57 18 58 14 19 11 70 3 53 5 39 7 28 17 51 4 21 16 4
15 62 17 13 11 70 5 49 4 53 0 81 12 6 16 64 8 29 1 71 10 80 9 95 18 12 13 40 19 89 6 17 3 15 2 8 7 49 14 7
16 11 13 46 15 88 9 27 7 44 12 62 5 18 3 41 1 96 6 20 0 77 18 23 4 45 10 35 19 96 11 50 8 29 14 2 2 42 17 33
16 36 11 59 13 19 9 83 18 38 5 60 7 3 14 15 6 75 1 79 4 5 3 37 0 76 17 21 2 33 19 51 10 93 8 17 15 71 12 66
17 64 10 61 4 77 0 77 16 97 3 91 1 2 2 12 5 12 18 66 11 91 6 97 15 62 14 92 8 55 12 2 7 42 19 27 13 72 9 30
10 43 9 68 15 80 17 3 5 91 13 23 14 67 16 43 8 45 19 52 12 71 0 51 11 82 3 23 1 2 6 16 2 73 4 75 7 46 18 95
18 52 2 11 14 63 4 72 13 2 3 36 16 10 1 4 7 27 5 59 11 77 9 4 12 94 6 18 10 55 19 43 0 15 17 82 8 29 15 87
11 54 10 66 6 19 9 55 17 13 5 88 1 63 2 20 19 59 3 76 16 22 8 99 14 36 13 67 4 68 0 30 18 43 7 53 12 34 15 12
1 39 5 1 17 80 10 6 7 77 12 56 11 22 9 96 0 12 6 98 8 48 2 28 3 64 15 73 4 47 19 29 16 89 18 58 13 54 14 25
1 37 3 56 10 20 17 3 6 8 8 7 9 78 5 71 14 51 0 73 4 99 15 37 7 15 18 12 2 76 13 91 12 4 11 4 19 27 16 82
2 9 3 28 8 25 5 41 15 62 12 83 18 14 16 62 19 15 10 5 9 59 17 40 13 80 6 55 7 23 1 57 11 97 4 62 14 69 0 71
9 9 4 94 5 57 14 5 3 58 17 44 10 4 15 3 12 53 6 25 2 49 13 37 19 56 8 9 0 24 1 49 11 50 7 54 18 2 16 72
12 53 0 94 3 29 2 88 13 66 17 44 18 60 1 10 5 99 7 47 14 79 8 66 10 29 11 16 15 53 6 43 16 19 9 34 4 27 19 83
13 7 8 34 16 44 3 25 12 16 14 35 4 57 17 90 19 29 10 66 7 28 18 29 9 29 6 86 11 15 2 60 0 44 1 62 15 18 5 39
4 43 11 1 18 21 1 2 8 62 16 14 15 60 6 85 14 66 2 7 10 44 0 74 17 55 19 73 12 33 7 18 3 49 9 44 5 69 13 75
13 26 9 9 10 75 15 58 5 16 6 7 2 24 14 43 19 52 1 43 4 80 16 90 12 18 0 17 7 65 3 67 17 48 8 93 18 53 11 95
16 60 15 33 19 2 10 9 1 71 17 69 3 54 14 38 2 6 6 43 0 96 8 85 9 37 12 94 18 61 13 8 5 87 11 58 4 84 7 38
3 61 19 10 11 90 15 12 8 53 5 12 10 44 14 21 18 80 0 58 17 25 7 97 13 23 9 16 2 26 4 14 6 67 1 60 12 62 16 88
6 15 17 66 13 98 9 48 4 15 2 94 18 27 15 66 16 31 12 94 19 49 5 78 3 49 1 11 8 62 11 63 7 6 14 86 0 34 10 14
19 29 4 44 7 89 17 6 2 19 5 89 10 65 12 59 3 97 11 51 6 46 0 80 15 34 13 45 8 76 9 20 14 6 16 52 1 41 18 75
10 44 17 1 14 22 13 4 12 79 2 40 8 52 18 79 3 95 9 27 19 35 16 43 6 84 11 64 4 52 0 1 5 73 15 38 1 98 7 30
10 20 7 39 16 3 0 79 3 19 11 56 5 16 17 77 2 87 9 21 15 1 18 81 14 83 1 8 19 4 4 90 12 96 6 13 8 64 13 38
0 20 19 5 18 48 5 64 13 66 1 19 6 81 12 37 16 40 10 99 2 63 15 88 3 26 4 44 9 72 7 39 8 37 17 68 11 90 14 73
15 88 9 86 6 68 8 90 5 13 4 39 16 13 11 3 1 9 13 35 3 46 0 78 7 22 10 40 2 84 14 62 12 12 18 85 19 49 17 8
5 34 14 25 9 63 19 8 4 46 2 45 15 25 16 87 10 43 12 9 13 41 17 95 0 51 3 86 11 1 6 36 18 99 8 66 1 90 7 35
16 54 4 14 8 12 2 20 14 29 11 32 10 67 15 93 0 99 12 4 7 45 3 50 19 10 1 46 13 98 17 52 6 95 18 40 5 52 9 37
5 77 6 61 16 1 14 44 17 29 1 21 0 44 18 20 10 98 8 66 12 86 4 45 15 26 9 13 11 13 2 51 3 24 7 2 19 4 13 7
17 48 2 35 7 31 8 22 6 64 0 72 10 7 12 61 1 89 18 37 19 78 3 46 9 3 14 66 11 38 13 64 5 87 4 78 16 74 15 24
9 40 2 40 10 87 0 52 16 23 11 86 5 88 12 8 1 56 18 59 17 75 7 75 8 99 4 62 15 79 13 72 3 22 14 34 19 30 6 1
9 7 14 39 0 3 3 63 17 71 15 87 16 90 10 12 13 35 4 30 19 53 7 33 1 61 2 49 12 94 5 73 6 63 18 53 8 36 11 75
12 2 8 77 10 8 2 39 4 55 11 16 9 36 7 62 15 13 5 66 1 39 3 3 19 70 17 76 0 12 6 24 13 60 18 49 14 71 16 51
4 88 10 76 1 37 12 47 3 94 5 67 9 67 11 35 2 70 17 84 8 19 6 20 14 19 0 65 19 45 13 79 15 7 16 57 18 8 7 36
2 63 9 36 16 87 5 23 7 54 10 1 13 88 15 89 11 65 6 5 12 72 4 22 1 15 18 75 19 86 3 57 8 19 0 9 17 56 14 4
11 34 16 63 5 25 6 67 10 75 8 56 1 90 9 66 19 12 0 84 18 43 3 74 17 31 15 68 2 89 7 34 4 30 13 31 12 91 14 98
8 97 7 88 15 27 2 87 5 14 1 58 3 4 17 96 4 76 12 55 9 64 6 8 19 59 18 35 16 25 11 22 14 47 10 63 0 27 13 70
14 24 13 13 11 99 2 54 5 78 15 9 16 62 10 68 9 11 6 72 17 27 8 80 19 96 1 19 4 7 12 66 0 95 3 10 7 35 18 65
12 41 18 35 4 40 11 72 6 96 15 12 9 99 13 66 7 67 1 55 10 25 16 45 17 21 8 69 5 74 3 90 19 69 0 65 14 17 2 64
11 78 17 22 6 59 10 11 3 96 13 40 4 59 18 12 16 80 12 1 2 69 9 3 8 96 19 40 7 16 5 33 14 84 1 92 15 86 0 68
