50 15
14 62 9 21 3 64 8 5 11 55 7 57 13 44 6 11 0 98 12 74 10 11 5 73 1 2 4 85 2 75
0 71 4 74 9 33 6 98 1 54 2 78 13 80 14 15 10 7 11 27 12 75 5 98 7 39 8 23 3 61
8 4 7 52 14 21 12 35 11 37 0 88 10 54 1 44 3 80 5 75 4 52 2 32 6 54 9 1 13 84
8 39 2 62 6 29 14 73 1 62 3 35 11 38 4 70 0 77 7 75 13 91 9 49 5 6 10 27 12 56
5 75 2 79 14 26 9 88 12 90 6 44 3 67 0 92 10 64 8 21 1 26 4 96 11 27 7 20 13 94
11 25 7 42 5 11 10 87 1 92 14 71 8 41 3 68 9 57 13 43 4 66 6 14 0 67 2 27 12 66
2 80 6 71 14 50 11 52 3 49 4 54 9 76 1 30 12 50 0 69 7 92 8 43 13 90 10 35 5 21
4 40 2 68 8 86 12 26 11 44 1 59 5 62 7 7 10 41 14 2 3 55 0 60 6 6 13 70 9 63
14 58 6 30 9 75 7 93 10 60 1 62 12 6 2 95 13 72 11 88 3 16 4 82 8 7 0 49 5 8
10 95 2 84 14 9 1 53 8 68 13 23 4 39 11 90 7 88 3 59 6 99 0 77 12 43 9 9 5 98
7 23 4 58 2 98 12 74 6 42 1 95 14 42 3 19 5 87 8 92 9 45 11 10 0 64 10 34 13 1
10 43 6 85 12 50 1 96 3 45 13 51 7 9 5 11 14 77 2 91 0 53 4 37 9 82 8 82 11 11
11 29 5 47 14 86 7 95 6 10 12 44 8 2 13 7 4 60 10 55 9 64 0 4 1 40 2 70 3 54
7 79 2 28 1 2 11 43 10 19 6 90 5 46 12 16 4 89 3 33 0 28 9 88 13 92 14 88 8 88
8 31 3 61 2 76 9 42 0 71 6 28 7 27 11 26 5 58 13 61 12 10 1 97 10 26 4 71 14 88
14 72 4 37 6 4 3 73 5 57 12 22 8 45 1 56 2 11 0 79 7 19 11 18 9 12 10 23 13 60
4 97 8 82 9 82 14 40 3 77 5 60 13 94 7 44 6 54 12 54 1 87 2 85 0 67 10 51 11 18
4 93 10 84 3 6 12 51 14 74 6 74 7 37 1 79 13 8 8 71 2 50 9 61 0 47 5 20 11 92
14 71 5 90 12 1 13 24 10 54 7 53 1 53 6 73 3 74 0 64 9 67 4 86 2 42 11 45 8 8
12 83 7 47 10 21 14 55 4 59 8 87 3 46 6 11 11 37 13 58 9 54 5 20 2 87 1 86 0 19
0 68 14 3 12 49 4 56 2 13 13 91 1 71 7 91 10 7 8 63 3 64 6 79 9 62 5 2 11 52
0 47 6 77 10 44 13 55 9 21 11 48 2 92 8 72 12 89 14 98 1 86 4 81 3 49 5 14 7 68
5 99 4 96 9 4 8 88 14 24 1 20 11 54 7 34 6 23 10 79 13 72 0 68 12 37 3 19 2 30
11 78 3 25 5 45 4 8 2 18 6 13 9 60 14 89 10 18 8 26 13 15 0 46 7 51 12 53 1 99
10 43 4 8 8 26 5 86 2 92 0 12 9 48 14 6 3 63 6 9 12 9 11 47 1 80 7 91 13 76
13 35 9 61 12 78 11 38 3 30 6 21 2 20 10 23 7 24 4 75 14 10 1 37 0 99 8 14 5 64
13 54 9 15 3 66 11 7 4 56 1 24 8 99 6 88 0 2 5 25 12 41 7 24 14 80 2 19 10 27
3 46 0 2 13 32 11 21 14 3 9 43 8 15 4 21 5 8 6 91 1 75 10 42 2 3 7 12 12 22
8 29 14 67 9 30 10 12 4 81 12 38 2 77 5 36 6 31 11 84 1 51 3 34 13 86 7 39 0 14
7 3 3 80 4 65 12 53 13 73 2 4 5 68 6 28 14 5 8 67 10 37 9 62 11 10 1 66 0 60
9 19 13 20 0 65 5 21 3 23 12 15 4 65 8 16 1 79 11 20 10 18 14 4 6 65 2 75 7 25
11 3 2 99 8 85 14 82 13 1 10 4 4 29 9 79 12 78 5 75 1 43 0 87 3 71 6 46 7 82
10 71 5 9 2 25 13 22 8 19 14 42 12 10 7 16 3 33 9 6 0 73 6 96 1 16 11 99 4 99
9 11 12 32 1 28 8 94 5 59 14 86 0 56 10 24 13 58 2 2 4 94 11 42 7 52 6 97 3 50
14 47 2 88 7 52 3 55 8 82 0 81 1 93 13 49 10 15 11 55 4 74 6 79 5 17 12 22 9 20
9 79 13 58 14 55 2 19 10 84 11 12 5 80 7 34 6 55 0 44 12 41 8 84 3 24 4 36 1 94
4 20 7 25 2 69 1 53 3 37 9 15 11 21 5 81 8 65 14 37 6 30 0 99 12 84 13 60 10 68
10 88 9 98 4 36 14 78 6 94 7 45 2 3 5 86 1 17 0 34 13 12 12 81 3 69 11 18 8 5
0 11 13 71 11 5 6 70 12 88 8 34 10 82 7 97 1 11 2 38 14 17 4 94 5 84 3 2 9 47
12 13 0 98 7 98 6 40 2 49 3 80 9 71 13 17 1 18 5 14 10 44 4 66 8 12 11 78 14 62
6 12 11 96 3 61 12 80 13 20 1 39 4 21 8 56 7 15 9 83 0 93 10 17 2 73 14 37 5 5
13 51 9 67 1 9 14 11 11 35 0 47 5 77 10 82 7 16 8 66 4 6 2 89 3 21 12 96 6 87
9 2 6 85 8 50 12 26 0 44 5 33 13 13 10 4 1 41 2 93 7 50 3 1 4 87 11 95 14 52
6 80 14 39 12 71 1 65 7 32 4 31 9 58 5 87 13 40 2 92 3 66 0 75 10 98 11 20 8 78
1 52 0 25 6 32 11 73 3 53 9 59 13 44 10 32 7 85 12 2 14 2 8 20 2 63 5 85 4 57
14 17 6 63 11 37 2 12 4 91 1 71 13 69 10 53 5 59 8 89 7 61 3 32 9 21 0 37 12 43
7 11 6 52 11 34 8 56 1 79 0 20 14 4 5 56 2 54 3 91 9 19 13 26 10 62 12 5 4 41
14 90 10 93 6 38 4 71 0 24 7 33 2 82 8 51 1 45 11 61 9 22 13 83 3 94 5 29 12 90
4 54 11 30 13 36 12 51 3 56 10 46 5 12 1 20 14 26 9 50 7 25 8 22 0 36 6 74 2 8
13 74 3 24 1 28 12 31 8 37 9 75 2 42 4 28 6 37 5 65 7 36 10 12 11 27 14 11 0 86
