50 15
2 91 9 49 12 6 10 27 6 56 13 75 8 79 0 26 11 88 4 90 7 44 14 67 5 92 3 64 1 21
5 26 1 96 10 27 13 20 9 94 3 25 7 42 11 11 14 87 6 92 0 71 2 41 12 68 8 57 4 43
2 66 11 14 3 67 12 27 6 66 4 80 1 71 0 50 7 52 14 49 10 54 5 76 9 30 8 50 13 69
11 92 8 43 13 90 10 35 7 21 1 40 4 68 12 86 0 26 6 44 9 59 2 62 14 7 5 41 3 2
10 55 8 60 2 6 3 70 4 63 7 58 12 30 14 75 5 93 11 60 9 62 13 6 0 95 1 72 6 88
4 16 10 82 12 7 7 49 1 8 5 95 14 84 11 9 13 53 3 68 9 23 6 39 8 90 2 88 0 59
9 99 13 77 14 43 8 9 2 98 12 23 1 58 5 98 10 74 4 42 0 95 7 42 3 19 11 87 6 92
4 45 9 10 6 64 12 34 10 1 0 43 7 85 3 50 2 96 8 45 13 51 1 9 14 11 11 77 5 91
7 53 8 37 10 82 11 82 0 11 14 29 1 47 2 86 9 95 3 10 12 44 6 2 13 7 5 60 4 55
6 64 12 4 5 40 3 70 11 54 7 79 1 28 0 2 10 43 8 19 14 90 13 46 2 16 4 89 9 33
14 28 6 88 0 92 12 88 10 88 11 31 1 61 2 76 4 42 3 71 9 28 7 27 8 26 5 58 13 61
10 10 6 97 12 26 1 71 8 88 2 72 3 37 4 4 0 73 7 57 14 22 9 45 5 56 13 11 11 79
10 19 4 18 9 12 5 23 6 60 14 97 3 82 12 82 13 40 8 77 1 60 2 94 0 44 7 54 11 54
10 87 7 85 8 67 9 51 12 18 3 93 5 84 4 6 2 51 13 74 6 74 0 37 11 79 1 8 14 71
14 50 13 61 11 47 6 20 7 92 3 71 0 90 2 1 4 24 10 54 12 53 9 53 1 73 5 74 8 64
4 67 12 86 13 42 5 45 7 8 14 83 2 47 0 21 8 55 9 59 1 87 6 46 3 11 11 37 10 58
0 54 8 20 7 87 2 86 11 19 13 68 4 3 10 49 3 56 6 13 5 91 1 71 12 91 9 7 14 63
0 64 1 79 10 62 4 2 2 52 14 47 12 77 5 44 9 55 7 21 13 48 11 92 8 72 3 89 6 98
0 86 6 81 10 49 13 14 9 68 11 99 2 96 8 4 12 88 14 24 1 20 4 54 3 34 5 23 7 79
5 72 4 68 9 37 8 19 14 30 1 78 11 25 7 45 6 8 10 18 13 13 0 60 12 89 3 18 2 26
11 15 3 46 5 51 4 53 2 99 6 43 9 8 14 26 10 86 8 92 13 12 0 48 7 6 12 63 1 9
10 9 4 47 8 80 5 91 2 76 0 35 9 61 14 78 3 38 6 30 12 21 11 20 1 23 7 24 13 75
13 10 9 37 12 99 11 14 3 64 6 54 2 15 10 66 7 7 4 56 14 24 1 99 0 88 8 2 5 25
13 41 9 24 3 80 11 19 4 27 1 46 8 2 6 32 0 21 5 3 12 43 7 15 14 21 2 8 10 91
3 75 0 42 13 3 11 12 14 22 9 29 8 67 4 30 5 12 6 81 1 38 10 77 2 36 7 31 12 84
8 51 14 34 9 86 10 39 4 14 12 3 2 80 5 65 6 53 11 73 1 4 3 68 13 28 7 5 0 67
7 37 3 62 4 10 12 66 13 60 2 19 5 20 6 65 14 21 8 23 10 15 9 65 11 16 1 79 0 20
9 18 13 4 0 65 5 75 3 25 12 3 4 99 8 85 1 82 11 1 10 4 14 29 6 79 2 78 7 75
11 43 2 87 8 71 14 46 13 82 10 71 4 9 9 25 12 22 5 19 1 42 0 10 3 16 6 33 7 6
10 73 5 96 2 16 13 99 8 99 14 11 12 32 7 28 3 94 9 59 0 86 6 56 1 24 11 58 4 2
9 94 12 42 1 52 8 97 5 50 14 47 0 88 10 52 13 55 2 82 4 81 11 93 7 49 6 15 3 55
14 74 2 79 7 17 3 22 8 20 0 79 1 58 13 55 10 19 11 84 4 12 6 80 5 34 12 55 9 44
9 41 13 84 14 24 2 36 10 94 11 20 5 25 7 69 6 53 0 37 12 15 8 21 3 81 4 65 1 37
4 30 7 99 2 84 1 60 3 68 9 88 11 98 5 36 8 78 14 94 6 45 0 3 12 86 13 17 10 34
10 12 9 81 4 69 14 18 6 5 7 11 2 71 5 5 1 70 0 88 13 34 12 82 3 97 11 11 8 38
0 17 13 94 11 84 6 2 12 47 8 13 10 98 7 98 1 40 2 49 14 80 4 71 5 17 3 18 9 14
12 44 0 66 7 12 6 78 2 62 3 12 9 96 13 61 1 80 5 20 10 39 4 21 8 56 11 15 14 83
6 93 11 17 3 73 12 37 13 5 1 51 4 67 8 9 7 11 9 35 0 47 10 77 2 82 14 16 5 66
13 6 9 89 1 21 14 96 11 87 0 2 5 85 10 50 7 26 8 44 4 33 2 13 3 4 12 41 6 93
9 50 6 1 8 87 12 95 0 52 5 80 13 39 10 71 1 65 2 32 7 31 3 58 4 87 11 40 14 92
6 66 14 75 12 98 1 20 7 78 4 52 9 25 5 32 13 73 2 53 3 59 0 44 10 32 11 85 8 2
1 2 0 20 6 63 11 85 3 57 9 17 13 63 10 37 7 12 12 91 14 71 8 69 2 53 5 59 4 89
14 61 6 32 11 21 2 37 4 43 1 11 13 52 10 34 5 56 8 79 7 20 3 4 9 56 0 54 12 91
7 19 6 26 11 62 8 5 1 41 0 90 14 93 5 38 2 71 3 24 9 33 13 82 10 51 12 45 4 61
14 22 10 83 6 94 4 29 0 90 7 54 2 30 8 36 1 51 11 56 9 46 13 12 3 20 5 26 12 50
4 25 11 22 13 36 12 74 3 8 10 74 5 24 1 28 14 31 9 37 7 75 8 42 0 28 6 37 2 65
13 36 3 12 1 27 12 11 8 86 9 99 2 53 4 18 6 54 5 59 7 66 10 49 11 63 14 45 0 72
13 37 10 13 2 97 8 46 6 68 3 89 12 88 0 96 7 70 1 31 5 8 9 86 14 95 4 88 11 20
1 91 2 50 10 79 12 24 14 30 3 10 11 79 7 80 4 71 5 99 13 38 8 45 9 39 6 9 0 54
4 59 7 15 9 57 6 86 1 29 2 11 14 70 12 26 3 8 11 81 13 13 5 60 8 46 0 23 10 63
