50 20
1 35 2 10 10 85 13 22 16 85 0 99 4 68 5 24 9 74 11 62 18 98 19 84 17 88 8 15 15 26 3 97 7 24 6 37 14 10 12 83
17 57 18 96 0 87 4 79 13 37 6 75 12 62 9 92 5 49 2 24 11 26 16 82 1 7 3 92 15 24 19 39 8 78 10 78 14 58 7 52
17 82 4 76 12 54 16 8 11 22 5 81 6 64 2 36 13 14 0 16 14 63 18 93 15 37 7 54 1 53 8 26 3 13 9 53 10 50 19 74
0 8 4 50 11 68 6 45 1 12 13 70 3 4 9 32 8 58 12 40 18 11 19 66 5 38 10 7 17 28 15 98 14 95 16 51 2 84 7 40
5 77 12 61 16 30 17 53 14 24 19 79 3 8 15 10 7 48 4 16 13 80 8 18 0 40 2 33 10 19 11 66 9 26 1 36 6 70 18 18
19 49 17 84 6 10 16 67 1 37 2 94 8 40 7 42 5 80 10 33 0 31 14 28 13 49 18 8 15 9 4 67 12 39 11 23 9 45 3 28
6 99 10 40 16 2 9 51 5 20 8 34 14 88 1 52 13 94 19 30 12 28 2 49 4 79 18 41 0 84 15 97 17 2 11 65 3 43 7 39
13 81 2 11 15 88 17 80 1 64 7 35 3 64 18 6 12 92 10 46 11 48 9 2 4 63 14 86 19 46 5 18 16 7 6 89 0 42 8 7
18 70 1 61 3 32 7 17 8 82 13 88 0 88 5 75 11 89 4 39 9 30 15 84 14 53 17 57 6 2 12 89 2 82 10 42 16 62 19 64
16 9 13 64 1 51 3 5 2 55 6 81 19 95 4 18 17 77 5 92 8 88 12 98 18 1 0 68 14 81 10 86 7 17 15 2 11 50 9 31
9 98 10 38 8 71 17 2 4 92 5 40 1 79 0 57 3 60 13 92 6 98 12 7 18 20 7 5 14 74 11 11 15 8 16 94 19 9 2 33
5 6 1 7 10 15 14 59 3 50 4 35 18 27 9 19 19 71 11 4 7 35 15 45 8 94 12 51 0 85 2 85 6 18 17 11 16 8 13 22
15 90 19 66 18 67 0 94 6 18 2 26 5 70 12 85 9 29 7 13 1 39 13 14 11 92 8 85 4 54 10 25 17 96 14 47 3 81 16 50
11 55 16 50 6 53 2 38 3 99 0 47 15 40 14 5 9 95 10 96 12 50 17 75 4 78 18 14 7 85 19 91 13 81 8 17 1 83 5 19
11 69 19 61 16 38 2 33 12 65 0 59 17 53 6 49 10 84 13 12 3 78 7 15 8 94 1 45 4 9 15 64 18 84 14 79 5 28 9 46
16 73 10 80 11 76 17 81 6 17 8 49 14 8 15 77 3 77 0 51 13 26 2 11 4 30 9 96 5 39 18 66 7 86 1 11 12 5 19 67
14 89 6 70 9 44 12 25 8 87 18 94 7 26 10 62 13 70 2 57 11 54 3 90 16 97 5 5 0 76 4 15 15 57 1 43 19 53 17 15
16 65 3 37 10 2 15 68 4 15 19 98 6 60 12 54 18 79 2 66 8 45 17 58 14 17 1 43 11 82 5 11 7 82 9 82 13 96 0 63
6 89 10 73 12 86 11 48 14 11 5 1 8 44 9 28 15 51 16 51 13 50 1 86 0 8 17 71 3 62 19 48 2 57 4 58 7 19 18 70
2 53 15 39 6 28 13 51 1 21 19 4 12 62 10 13 0 70 9 49 8 53 18 81 14 6 11 64 3 29 5 71 7 80 17 95 4 12 16 40
15 89 17 17 11 15 5 8 4 49 0 7 12 11 16 46 8 88 1 27 10 44 9 62 18 18 13 41 19 96 6 20 3 77 2 23 7 45 14 35
16 96 13 50 15 29 9 2 7 42 12 33 5 36 3 59 1 19 6 83 0 38 18 60 4 3 10 15 19 75 11 79 8 5 14 37 2 76 17 21
16 33 11 51 13 93 9 17 18 71 5 66 7 64 14 61 6 77 1 77 4 97 3 91 0 2 17 12 2 12 19 66 10 91 8 97 15 62 12 92
17 55 10 2 4 42 0 27 16 72 3 30 1 43 2 68 5 80 18 3 11 91 6 23 15 67 14 43 8 45 12 52 7 71 19 51 13 82 9 23
10 2 9 16 15 73 17 75 5 46 13 95 14 52 16 11 8 63 19 72 12 2 0 36 11 10 3 4 1 27 6 59 2 77 4 4 7 94 18 18
18 55 2 43 14 15 4 82 13 29 3 87 16 54 1 66 7 19 5 55 11 13 9 88 12 63 6 20 10 59 19 76 0 22 17 99 8 36 15 67
11 68 10 30 6 43 9 53 17 34 5 12 1 39 2 1 19 80 3 6 16 77 8 56 14 22 13 96 4 12 0 98 18 48 7 28 12 64 15 73
1 47 5 29 17 89 10 58 7 54 12 25 11 37 9 56 0 20 6 3 8 8 2 7 3 78 15 71 4 51 19 73 16 99 18 37 13 15 14 12
1 76 3 91 10 4 17 4 6 27 8 82 9 9 5 28 14 25 0 41 4 62 15 83 7 14 18 62 2 15 13 5 12 59 11 40 19 80 16 55
2 23 3 57 8 97 5 62 15 69 12 71 18 9 16 94 19 57 10 5 9 58 17 44 13 4 6 3 7 53 1 25 11 49 4 37 14 56 0 9
9 24 4 49 5 50 14 54 3 2 17 72 10 53 15 94 12 29 6 88 2 66 13 44 19 60 8 10 0 99 1 47 11 79 7 66 18 29 16 16
12 53 0 43 3 19 2 34 13 27 17 83 18 7 1 34 5 44 7 25 14 16 8 35 10 57 11 90 15 29 6 66 16 28 9 29 4 29 19 86
13 15 8 60 16 44 3 62 12 18 14 39 4 43 17 1 19 21 10 2 7 62 18 14 9 60 6 85 11 66 2 7 0 44 1 74 15 55 5 73
4 33 11 18 18 49 1 44 8 69 16 75 15 26 6 9 14 75 2 58 10 16 0 7 17 24 19 43 12 52 7 43 3 80 9 90 5 18 13 17
13 65 9 67 10 48 15 93 5 53 6 95 2 60 14 33 19 2 1 9 4 71 16 69 12 54 0 38 7 6 3 43 17 96 8 85 18 37 11 94
16 61 15 8 19 87 10 58 1 84 17 38 3 61 14 10 2 90 6 12 0 53 8 12 9 44 12 21 18 80 13 58 5 25 11 97 4 23 7 16
3 26 19 14 11 67 15 60 8 62 5 88 10 15 14 66 18 98 0 48 17 15 7 94 13 27 9 66 2 31 4 94 6 49 1 78 12 49 16 11
6 62 17 63 13 6 9 86 4 34 2 14 18 29 15 44 16 89 12 6 19 19 5 89 3 65 1 59 8 97 11 51 7 46 14 80 0 34 10 45
19 76 4 20 7 6 17 52 2 41 5 75 10 44 12 1 3 22 11 4 6 79 0 40 15 52 13 79 8 95 9 27 14 35 16 43 1 84 18 64
10 52 17 1 14 73 13 38 12 98 2 30 8 20 18 39 3 3 9 79 19 19 16 56 6 16 11 77 4 87 0 21 5 1 15 81 1 83 7 8
10 4 7 90 16 96 0 13 3 64 11 38 5 20 17 5 2 48 9 64 15 66 18 19 14 81 1 37 19 40 4 99 12 63 6 88 8 26 13 44
0 72 19 39 18 37 5 68 13 90 1 73 6 88 12 86 16 68 10 90 2 13 15 39 3 13 4 3 9 9 7 35 8 46 17 78 11 22 14 40
15 84 9 62 6 12 8 85 5 49 4 8 16 34 11 25 1 63 13 8 3 46 0 45 7 25 10 87 2 43 14 9 12 41 18 95 19 51 17 86
5 1 14 36 9 99 19 66 4 90 2 35 15 54 16 14 10 12 12 20 13 29 17 32 0 67 3 93 11 99 6 4 18 45 8 50 1 10 7 46
16 98 4 52 8 95 2 40 14 52 11 37 10 77 15 61 0 1 12 44 7 29 3 21 19 44 1 20 13 98 17 66 6 86 18 45 5 26 9 13
5 13 6 51 16 24 14 2 17 4 1 7 0 48 18 35 10 31 8 22 12 64 4 72 15 7 9 61 11 89 2 37 3 78 7 46 19 3 13 66
17 38 2 64 7 87 8 78 6 74 0 24 10 40 12 40 1 87 18 52 19 23 3 86 9 88 14 8 11 56 13 59 5 75 4 75 16 99 15 62
9 79 2 72 10 22 0 34 16 30 11 1 5 7 12 39 1 3 18 63 17 71 7 87 8 90 4 12 15 35 13 30 3 53 14 33 19 61 6 49
9 94 14 73 0 63 3 53 17 36 15 75 16 2 10 77 13 8 4 39 19 55 7 16 1 36 2 62 12 13 5 66 6 39 18 3 8 70 11 76
12 12 8 24 10 60 2 49 4 71 11 51 9 88 7 76 15 37 5 47 1 94 3 67 19 67 17 35 0 70 6 84 13 19 18 20 14 19 16 65
