50 15
0 66 3 47 2 29 4 76 12 26 1 67 13 4 7 35 10 55 8 95 6 72 5 61 14 61 9 84 11 76
2 86 7 60 10 66 4 68 1 4 11 63 14 75 6 25 3 95 8 62 12 81 0 26 13 49 9 36 5 71
6 57 5 36 3 47 0 53 9 27 4 3 7 11 2 41 13 37 12 96 8 95 1 94 14 66 11 1 10 99
12 6 7 49 1 37 0 93 9 34 10 3 2 28 6 68 3 99 4 41 8 9 14 69 13 48 5 63 11 6
8 56 6 13 2 31 11 48 12 29 1 4 0 68 7 91 10 52 13 66 9 62 5 96 3 5 14 39 4 88
4 91 2 56 1 76 12 80 7 10 11 77 5 70 0 21 3 9 8 51 10 74 13 59 14 74 9 24 6 3
7 41 13 7 14 6 9 54 11 3 1 92 6 9 10 15 4 48 2 39 12 59 8 97 5 1 3 82 0 62
3 71 9 3 1 34 12 26 14 84 8 68 5 95 13 35 10 84 2 47 4 63 7 52 11 18 6 99 0 99
9 19 2 12 6 91 3 37 4 49 11 91 7 50 0 4 8 44 1 15 10 51 13 88 12 55 5 53 14 8
6 2 13 99 0 91 5 43 1 87 10 18 7 60 8 44 11 56 2 74 4 80 3 24 9 71 14 57 12 3
13 52 9 68 7 29 6 13 14 31 3 2 1 69 11 71 0 47 12 50 10 38 5 6 2 75 4 55 8 1
14 62 10 28 11 54 0 24 2 76 1 93 7 14 6 21 9 60 4 68 13 13 5 1 3 44 8 96 12 47
4 77 10 87 0 65 2 73 13 97 6 57 5 14 8 18 3 48 11 98 1 39 7 8 12 30 14 53 9 99
9 82 5 67 8 98 4 21 12 65 14 63 1 50 13 87 11 86 0 29 7 70 6 82 10 48 2 6 3 60
12 13 3 33 7 83 5 31 1 80 13 71 11 95 10 53 6 17 9 5 4 81 8 39 0 30 2 48 14 5
0 42 14 72 12 35 13 31 7 70 9 3 10 94 5 93 1 12 3 95 2 71 4 5 6 53 8 62 11 39
4 75 10 42 11 16 1 54 12 87 9 28 13 94 14 89 0 23 5 91 3 95 8 32 7 89 6 64 2 35
12 87 14 12 2 43 1 5 7 37 9 97 6 76 0 25 4 61 10 33 5 53 3 5 8 56 13 96 11 80
11 46 9 58 12 60 5 2 4 31 7 53 8 62 1 19 13 15 6 58 14 14 0 15 2 87 10 56 3 6
0 13 14 85 10 56 5 80 13 11 4 10 6 67 12 71 2 82 8 37 7 86 1 69 11 63 3 40 9 44
12 20 1 32 3 91 5 95 9 80 10 55 13 51 4 13 8 92 11 14 7 93 0 59 2 90 14 52 6 10
4 11 7 84 2 6 6 99 14 49 9 8 5 9 3 85 8 8 11 88 10 84 0 19 13 66 1 29 12 91
3 63 8 65 12 90 4 21 0 61 14 83 7 26 11 8 5 9 1 27 2 5 13 2 10 38 6 30 9 70
6 71 1 94 14 1 10 56 11 95 7 86 2 35 4 14 3 38 9 47 0 53 8 48 13 5 5 63 12 57
12 15 11 64 7 83 8 60 6 34 5 30 3 39 9 48 4 19 14 80 13 99 1 22 0 43 10 87 2 47
9 16 13 88 12 67 10 21 11 63 4 16 3 31 7 93 0 66 14 91 8 58 2 86 1 90 5 43 6 39
11 89 9 68 4 9 10 91 8 20 6 44 5 61 12 47 13 3 7 85 14 54 3 35 2 44 0 98 1 22
10 54 12 40 2 99 1 53 0 6 3 93 14 51 9 79 13 31 11 65 6 98 5 18 8 65 7 51 4 52
10 96 0 45 1 95 2 6 9 2 8 49 14 26 3 43 11 96 6 54 7 52 4 28 12 50 5 92 13 7
13 48 8 15 7 59 12 1 11 50 9 19 4 62 5 57 1 1 2 88 10 88 6 90 0 19 3 32 14 27
13 84 11 85 5 63 7 45 4 67 1 74 14 14 2 17 12 7 0 28 8 94 10 49 9 79 6 20 3 28
4 98 7 16 9 19 11 66 12 40 1 79 0 85 2 40 8 94 14 42 3 6 5 52 6 16 10 23 13 41
7 16 2 48 6 55 12 40 5 27 10 96 4 9 13 36 11 85 14 61 1 1 9 83 8 5 3 38 0 69
3 37 14 42 0 95 1 30 9 8 4 80 10 50 2 52 11 56 8 60 7 68 6 78 13 11 5 56 12 11
3 48 9 81 7 87 11 20 4 22 0 46 13 93 5 23 10 10 12 31 2 62 1 82 14 59 8 29 6 41
14 42 0 44 7 51 2 75 13 98 10 15 3 19 6 23 9 37 11 91 5 77 1 20 12 84 4 17 8 65
11 69 8 73 6 66 0 57 7 80 2 92 13 82 14 18 12 62 10 18 5 40 4 2 1 75 3 12 9 60
10 79 4 5 11 48 7 19 13 68 2 90 12 62 14 99 0 60 5 28 3 19 1 67 6 11 9 54 8 25
4 65 10 84 1 85 13 41 12 95 2 31 7 60 3 94 0 26 14 32 11 56 9 12 6 76 8 49 5 58
0 63 13 84 14 52 4 77 9 75 3 21 8 98 1 63 6 33 2 40 11 2 5 8 7 12 10 2 12 99
0 47 3 31 8 9 9 60 6 9 12 6 10 54 7 66 13 60 5 46 1 57 2 25 11 47 4 61 14 9
0 9 12 73 4 8 13 53 11 93 14 52 5 54 1 14 10 13 9 96 7 63 3 86 2 94 6 58 8 33
3 32 8 31 11 49 4 3 6 46 14 7 7 21 5 19 10 70 1 43 12 74 0 59 2 25 9 1 13 91
2 23 0 25 14 25 13 16 1 55 7 39 5 26 6 49 10 47 8 82 4 72 11 64 9 90 12 74 3 49
12 21 14 89 5 55 6 11 11 71 1 25 4 29 8 5 7 1 2 14 3 26 0 68 9 34 10 87 13 49
6 47 8 7 11 76 5 46 7 7 9 34 12 97 2 15 0 29 10 78 4 38 1 87 13 24 3 75 14 41
12 66 14 42 1 68 10 78 9 4 2 24 11 80 7 8 13 53 0 99 3 80 6 21 4 79 8 32 5 14
1 82 3 98 4 91 0 71 11 76 14 90 9 4 7 94 10 2 6 53 2 40 12 59 13 85 8 45 5 60
9 98 10 31 1 27 3 54 4 30 8 73 11 49 13 96 7 53 2 36 0 4 5 60 6 23 12 57 14 56
9 5 13 47 0 57 10 63 1 3 14 87 7 7 5 17 3 64 12 58 6 60 2 36 11 87 8 81 4 90
