50 20
17 24 15 26 13 82 7 7 19 92 0 24 5 39 16 78 8 78 12 58 9 52 18 82 3 76 6 54 4 8 11 22 1 81 14 64 10 36 2 14
17 16 18 63 6 93 1 37 12 54 9 53 14 26 4 13 16 53 15 50 19 74 8 8 0 50 5 68 2 45 10 12 7 70 11 4 3 32 13 58
13 40 17 11 18 66 5 38 16 7 4 28 19 98 12 95 8 51 0 84 2 40 10 77 11 61 9 30 14 53 1 24 6 79 15 8 7 10 3 48
17 16 10 80 7 18 1 40 19 33 6 19 5 66 8 26 0 36 14 70 15 18 16 49 13 84 4 10 12 67 11 37 9 94 3 40 2 42 18 80
6 33 10 31 16 28 9 49 5 8 8 9 14 67 1 39 13 23 19 45 12 28 2 99 4 40 18 2 0 51 15 20 17 34 11 88 3 52 7 94
13 30 2 28 15 49 17 79 1 41 7 84 3 97 18 2 12 65 10 43 11 39 9 81 4 11 14 88 19 80 5 64 16 35 6 64 0 6 8 92
18 46 1 48 3 2 7 63 8 86 13 46 0 18 5 7 11 89 4 42 9 7 15 70 14 61 17 32 6 17 12 82 2 88 10 88 16 75 19 89
16 39 13 30 1 84 3 53 2 57 6 2 19 89 4 82 17 42 5 62 8 64 12 9 18 64 0 51 14 5 10 55 7 81 15 95 11 18 9 77
9 92 10 88 8 98 17 1 4 68 5 81 1 86 0 17 3 2 13 50 6 31 12 98 18 38 7 71 14 2 11 92 15 40 16 79 19 57 2 60
5 92 1 98 10 7 14 20 3 5 4 74 18 11 9 8 19 94 11 9 7 33 15 6 8 7 12 15 0 59 2 50 6 35 17 27 16 19 13 71
15 4 19 35 18 45 0 94 6 51 2 85 5 85 12 18 9 11 7 8 1 22 13 90 11 66 8 67 4 94 10 18 17 26 14 70 3 85 16 29
11 13 16 39 6 14 2 92 3 85 0 54 15 25 14 96 9 47 10 81 12 50 17 55 4 50 18 53 7 38 19 99 13 47 8 40 1 5 5 95
11 96 19 50 16 75 2 78 12 14 0 85 17 91 6 81 10 17 13 83 3 19 7 69 8 61 1 38 4 33 15 65 18 59 14 53 5 49 9 84
16 12 10 78 11 15 17 94 6 45 8 9 14 64 15 84 3 79 0 28 13 46 2 73 4 80 9 76 5 81 18 17 7 49 1 8 12 77 19 77
14 51 6 26 9 11 12 30 8 96 18 39 7 66 10 86 13 11 2 5 11 67 3 89 16 70 5 44 0 25 4 87 15 94 1 26 19 62 17 70
16 57 3 54 10 90 15 97 4 5 19 76 6 15 12 57 18 43 2 53 8 15 17 65 14 37 1 2 11 68 5 15 7 98 9 60 13 54 0 79
6 66 10 45 12 58 11 17 14 43 5 82 8 11 9 82 15 82 16 96 13 63 1 89 0 73 17 86 3 48 19 11 2 1 4 44 7 28 18 51
2 51 15 50 6 86 13 8 1 71 19 62 12 48 10 57 0 58 9 19 8 70 18 53 14 39 11 28 3 51 5 21 7 4 17 62 4 13 16 70
15 49 17 53 11 81 5 6 4 64 0 29 12 71 16 80 8 95 1 12 10 40 9 89 18 17 13 15 19 8 6 49 3 7 2 11 7 46 14 88
16 27 13 44 15 62 9 18 7 41 12 96 5 20 3 77 1 23 6 45 0 35 18 96 4 50 10 29 19 2 11 42 8 33 14 36 2 59 17 19
16 83 11 38 13 60 9 3 18 15 5 75 7 79 14 5 6 37 1 76 4 21 3 33 0 51 17 93 2 17 19 71 10 66 8 64 15 61 12 77
17 77 10 97 4 91 0 2 16 12 3 12 1 66 2 91 5 97 18 62 11 92 6 55 15 2 14 42 8 27 12 72 7 30 19 43 13 68 9 80
10 3 9 91 15 23 17 67 5 43 13 45 14 52 16 71 8 51 19 82 12 23 0 2 11 16 3 73 1 75 6 46 2 95 4 52 7 11 18 63
18 72 2 2 14 36 4 10 13 4 3 27 16 59 1 77 7 4 5 94 11 18 9 55 12 43 6 15 10 82 19 29 0 87 17 54 8 66 15 19
11 55 10 13 6 88 9 63 17 20 5 59 1 76 2 22 19 99 3 36 16 67 8 68 14 30 13 43 4 53 0 34 18 12 7 39 12 1 15 80
1 6 5 77 17 56 10 22 7 96 12 12 11 98 9 48 0 28 6 64 8 73 2 47 3 29 15 89 4 58 19 54 16 25 18 37 13 56 14 20
1 3 3 8 10 7 17 78 6 71 8 51 9 73 5 99 14 37 0 15 4 12 15 76 7 91 18 4 2 4 13 27 12 82 11 9 19 28 16 25
2 41 3 62 8 83 5 14 15 62 12 15 18 5 16 59 19 40 10 80 9 55 17 23 13 57 6 97 7 62 1 69 11 71 4 9 14 94 0 57
9 5 4 58 5 44 14 4 3 3 17 53 10 25 15 49 12 37 6 56 2 9 13 24 19 49 8 50 0 54 1 2 11 72 7 53 18 94 16 29
12 88 0 66 3 44 2 60 13 10 17 99 18 47 1 79 5 66 7 29 14 16 8 53 10 43 11 19 15 34 6 27 16 83 9 7 4 34 19 44
13 25 8 16 16 35 3 57 12 90 14 29 4 66 17 28 19 29 10 29 7 86 18 15 9 60 6 44 11 62 2 18 0 39 1 43 15 1 5 21
4 2 11 62 18 14 1 60 8 85 16 66 15 7 6 44 14 74 2 55 10 73 0 33 17 18 19 49 12 44 7 69 3 75 9 26 5 9 13 75
13 58 9 16 10 7 15 24 5 43 6 52 2 43 14 80 19 90 1 18 4 17 16 65 12 67 0 48 7 93 3 53 17 95 8 60 18 33 11 2
16 9 15 71 19 69 10 54 1 38 17 6 3 43 14 96 2 85 6 37 0 94 8 61 9 8 12 87 18 58 13 84 5 38 11 61 4 10 7 90
3 12 19 53 11 12 15 44 8 21 5 80 10 58 14 25 18 97 0 23 17 16 7 26 13 14 9 67 2 60 4 62 6 88 1 15 12 66 16 98
6 48 17 15 13 94 9 27 4 66 2 31 18 94 15 49 16 78 12 49 19 11 5 62 3 63 1 6 8 86 11 34 7 14 14 29 0 44 10 89
19 6 4 19 7 89 17 65 2 59 5 97 10 51 12 46 3 80 11 34 6 45 0 76 15 20 13 6 8 52 9 41 14 75 16 44 1 1 18 22
10 4 17 79 14 40 13 52 12 79 2 95 8 27 18 35 3 43 9 84 19 64 16 52 6 1 11 73 4 38 0 98 5 30 15 20 1 39 7 3
10 79 7 19 16 56 0 16 3 77 11 87 5 21 17 1 2 81 9 83 15 8 18 4 14 90 1 96 19 13 4 64 12 38 6 20 8 5 13 48
0 64 19 66 18 19 5 81 13 37 1 40 6 99 12 63 16 88 10 26 2 44 15 72 3 39 4 37 9 68 7 90 8 73 17 88 11 86 14 68
15 90 9 13 6 39 8 13 5 3 4 9 16 35 11 46 1 78 13 22 3 40 0 84 7 62 10 12 2 85 14 49 12 8 18 34 19 25 17 63
5 8 14 46 9 45 19 25 4 87 2 43 15 9 16 41 10 95 12 51 13 86 17 1 0 36 3 99 11 66 6 90 18 35 8 54 1 14 7 12
16 20 4 29 8 32 2 67 14 93 11 99 10 4 15 45 0 50 12 10 7 46 3 98 19 52 1 95 13 40 17 52 6 37 18 77 5 61 9 1
5 44 6 29 16 21 14 44 17 20 1 98 0 66 18 86 10 45 8 26 12 13 4 13 15 51 9 24 11 2 2 4 3 7 7 48 19 35 13 31
17 22 2 64 7 72 8 7 6 61 0 89 10 37 12 78 1 46 18 3 19 66 3 38 9 64 14 87 11 78 13 74 5 24 4 40 16 40 15 87
9 52 2 23 10 86 0 88 16 8 11 56 5 59 12 75 1 75 18 99 17 62 7 79 8 72 4 22 15 34 13 30 3 1 14 7 19 39 6 3
9 63 14 71 0 87 3 90 17 12 15 35 16 30 10 53 13 33 4 61 19 49 7 94 1 73 2 63 12 53 5 36 6 75 18 2 8 77 11 8
12 39 8 55 10 16 2 36 4 62 11 13 9 66 7 39 15 3 5 70 1 76 3 12 19 24 17 60 0 49 6 71 13 51 18 88 14 76 16 37
4 47 10 94 1 67 12 67 3 35 5 70 9 84 11 19 2 20 17 19 8 65 6 45 14 79 0 7 19 57 13 8 15 36 16 63 18 36 7 87
2 23 9 54 16 1 5 88 7 89 10 65 13 5 15 72 11 22 6 15 12 75 4 86 1 57 18 19 19 9 3 56 8 4 0 34 17 63 14 25
