100 20
0 40 10 22 12 47 7 36 5 4 15 12 16 48 11 74 6 39 17 19 9 63 19 73 1 82 18 69 8 91 3 32 2 95 4 36 14 21 13 83
3 34 4 44 17 97 15 28 2 97 18 15 11 7 5 60 7 12 19 22 10 83 13 80 12 19 6 65 16 51 14 75 0 81 8 83 9 60 1 54
1 99 14 79 10 90 13 73 4 66 19 72 6 68 17 34 0 82 9 10 16 55 5 86 15 41 3 72 18 56 8 5 7 31 2 71 11 12 12 80
11 51 17 60 19 51 5 73 13 78 1 99 16 66 0 32 14 55 2 19 12 27 4 14 8 17 7 39 18 39 3 27 15 72 9 88 6 40 10 47
16 86 19 48 6 35 17 66 0 38 7 98 13 73 3 93 10 66 2 38 14 83 5 75 12 70 11 48 8 97 15 40 1 10 4 66 18 18 9 14
15 68 11 33 6 8 18 52 7 29 13 16 5 74 10 3 12 64 8 70 16 69 4 62 17 30 19 79 9 68 2 56 14 63 0 88 3 4 1 66
8 54 19 47 12 74 0 44 7 39 15 98 14 44 6 87 11 31 2 3 13 19 17 89 10 53 16 52 3 67 18 21 9 25 4 28 1 46 5 92
17 99 10 87 0 30 2 32 15 1 1 86 19 26 8 81 3 1 16 49 14 27 6 46 5 10 4 52 7 26 11 38 13 29 18 80 12 94 9 80
0 18 5 13 18 78 8 7 17 62 12 50 2 18 10 48 15 57 7 11 1 41 3 42 13 87 14 57 9 63 16 61 19 59 4 30 6 46 11 63
2 32 9 52 13 6 8 26 15 31 17 54 7 88 4 99 16 20 10 83 18 99 12 43 14 80 0 60 11 41 6 45 5 47 19 89 3 84 1 44
3 96 18 92 19 41 16 89 10 85 7 97 13 14 14 89 17 52 2 73 15 22 0 12 4 21 9 29 6 52 5 50 11 31 1 62 8 68 12 30
10 61 15 49 1 66 6 7 16 46 19 43 5 9 8 77 11 75 12 14 9 1 0 71 4 66 2 16 13 85 18 50 14 90 3 94 17 63 7 55
10 96 18 64 12 13 7 97 5 7 4 46 19 53 0 45 6 85 8 50 9 22 11 15 17 90 2 48 1 38 16 52 14 66 13 53 3 79 15 44
19 81 5 83 6 59 7 35 2 14 4 14 15 90 9 44 14 94 0 18 12 64 10 97 3 93 8 91 13 8 16 58 11 71 1 16 17 68 18 83
9 69 0 83 17 46 5 16 14 33 3 89 13 54 12 90 1 17 2 27 10 78 6 52 19 58 11 63 8 23 18 45 16 54 15 92 7 3 4 12
0 71 1 30 15 86 19 14 11 15 18 98 16 90 8 11 10 82 17 55 13 83 14 66 4 31 12 22 3 60 6 70 5 72 9 96 2 57 7 90
4 11 19 76 12 86 18 39 5 21 10 39 17 71 1 87 15 91 14 66 3 88 6 22 16 91 2 61 11 54 7 68 0 60 9 69 8 53 13 41
18 85 15 79 1 83 13 42 14 37 7 17 11 14 5 1 2 63 4 52 17 24 6 26 16 66 9 39 0 44 8 91 3 45 10 6 19 87 12 52
12 81 1 88 2 89 0 29 3 50 10 99 17 93 15 31 11 21 14 40 5 78 9 13 18 76 7 70 13 53 6 86 19 51 16 85 4 27 8 77
0 42 12 8 19 7 7 26 10 99 9 49 18 10 13 46 15 19 3 95 2 92 6 73 5 82 11 55 16 11 14 49 4 84 8 78 17 51 1 46
15 97 11 84 1 93 16 70 3 75 6 85 17 19 5 55 2 47 14 94 8 20 9 61 10 42 12 61 18 98 0 48 13 64 19 81 7 76 4 86
0 50 7 13 16 2 8 18 11 31 5 27 3 32 4 47 2 81 13 41 14 35 9 15 18 50 17 20 15 78 12 33 6 37 19 4 10 25 1 15
1 38 11 62 0 7 4 58 16 1 18 97 5 3 6 54 3 31 19 48 14 28 10 6 15 5 2 33 8 5 9 2 13 90 17 40 7 62 12 58
19 36 13 12 7 14 9 57 4 40 6 53 8 35 1 99 12 47 5 94 16 73 11 22 14 18 2 39 15 48 3 46 17 81 0 63 10 78 18 15
5 59 2 3 13 1 12 49 17 40 14 76 10 58 15 73 6 41 11 34 3 88 19 27 8 81 4 48 0 23 18 11 9 61 1 23 7 45 16 2
4 89 3 1 9 52 12 42 13 98 14 57 1 4 2 42 5 43 16 69 11 53 6 66 10 39 19 20 7 36 0 41 18 92 17 25 8 85 15 54
11 20 14 76 8 86 18 17 0 23 13 12 9 65 4 98 15 23 6 52 5 36 3 8 12 10 17 61 1 48 2 63 10 19 16 22 7 52 19 42
16 83 10 12 15 39 11 49 12 97 6 51 1 54 2 47 9 24 0 97 13 60 18 48 8 57 14 15 4 40 17 50 7 88 5 7 19 4 3 92
15 55 5 26 1 31 4 92 0 86 10 49 16 51 11 44 19 14 3 98 9 85 8 68 13 98 7 43 12 22 14 31 18 52 6 54 17 19 2 87
8 64 4 31 3 6 15 89 11 17 18 34 14 72 9 47 0 8 6 33 16 13 19 88 7 37 12 77 10 34 13 17 1 97 2 6 17 31 5 78
19 1 16 19 1 32 4 94 13 88 12 15 5 59 8 3 14 48 15 14 9 61 0 76 3 76 18 58 10 38 2 46 7 63 6 9 17 67 11 65
2 85 13 84 4 73 1 5 18 31 3 16 12 78 6 92 11 22 17 98 10 30 16 78 19 73 14 59 9 45 5 18 0 78 8 90 15 58 7 29
3 73 7 68 12 67 8 71 19 84 6 33 1 1 10 91 0 88 4 3 14 51 13 35 18 31 15 91 11 32 2 42 9 61 5 93 16 84 17 38
18 29 10 39 8 6 1 31 17 62 9 45 16 95 7 67 2 24 13 32 3 98 15 29 0 5 12 33 19 84 11 7 14 97 6 52 5 43 4 53
6 67 11 38 15 82 0 28 9 62 16 90 4 49 3 12 2 2 10 68 18 41 8 53 13 77 7 54 12 83 19 8 1 89 5 34 17 28 14 4
14 23 7 82 1 20 0 68 11 27 8 31 2 99 16 60 18 88 3 31 12 35 17 20 19 64 9 75 15 87 4 42 5 20 6 77 13 88 10 94
18 79 17 83 8 44 9 95 15 30 6 92 7 78 13 11 11 88 19 31 5 47 4 79 1 73 3 10 16 49 12 38 14 28 10 18 0 97 2 87
18 94 6 40 0 14 3 50 8 30 2 3 4 90 19 75 5 94 1 3 17 3 11 5 10 50 15 60 16 43 14 92 9 49 12 55 7 28 13 61
9 9 18 95 4 81 0 79 6 37 1 50 16 51 14 69 15 6 11 32 19 27 12 98 17 89 7 52 3 41 5 98 2 50 13 83 10 34 8 50
3 15 8 26 6 44 4 37 16 92 5 5 19 36 2 20 1 38 15 61 7 42 10 23 9 84 12 63 17 37 18 91 14 56 0 64 11 62 13 62
2 15 5 66 18 55 14 39 3 15 6 93 10 72 4 17 15 63 19 73 16 46 12 41 13 89 1 64 7 54 0 12 8 44 9 61 11 52 17 96
10 22 8 7 13 24 3 54 15 95 12 12 7 61 18 46 16 75 4 48 14 54 1 58 19 15 11 13 5 48 2 59 17 65 9 85 6 57 0 8
2 92 11 76 17 87 13 82 6 43 8 42 18 55 4 52 16 38 5 78 15 37 3 56 14 3 0 18 12 70 19 43 10 19 9 42 7 35 1 8
4 1 15 91 2 58 5 65 9 99 18 94 13 98 6 85 12 25 19 98 7 57 14 30 3 51 8 72 1 99 11 91 10 39 0 36 17 40 16 45
7 8 11 14 14 34 8 57 0 68 10 27 6 4 19 7 15 34 17 68 9 40 3 7 12 79 2 28 18 1 5 16 16 87 1 23 13 62 4 55
16 35 6 56 19 15 13 9 18 51 7 81 0 12 2 49 11 49 5 88 14 20 12 59 4 77 3 26 10 12 9 20 8 76 17 75 1 39 15 73
3 85 18 39 13 28 14 55 16 32 15 50 11 32 2 89 10 83 0 69 4 40 12 92 7 66 8 97 19 86 5 16 1 11 6 96 9 99 17 26
8 30 10 49 19 39 11 86 7 89 2 67 6 41 9 16 5 2 3 82 4 1 1 27 15 34 14 44 0 46 18 41 16 94 13 91 17 24 12 5
5 16 16 25 14 12 4 87 2 6 6 47 7 12 3 76 18 90 17 92 13 24 15 16 10 80 12 33 1 62 11 40 8 68 9 75 19 10 0 38
6 14 8 47 14 46 7 77 19 83 17 34 12 59 1 78 10 6 0 17 16 31 11 20 15 54 4 55 3 85 5 6 13 88 2 41 9 12 18 91
1 22 18 80 19 53 9 2 5 35 12 39 6 89 13 38 17 83 2 26 15 11 14 59 11 70 0 63 7 62 16 72 3 77 8 48 10 62 4 47
2 2 10 35 15 83 19 97 4 80 16 63 1 85 12 84 14 20 5 95 6 12 8 78 17 77 3 67 18 10 11 91 0 7 7 35 9 85 13 88
17 42 6 30 19 94 12 66 7 99 8 34 2 47 4 31 3 36 11 76 0 35 5 71 13 30 1 50 14 28 18 96 16 2 10 93 15 69 9 32
4 44 14 28 15 88 19 40 11 61 13 85 2 48 6 34 18 75 1 16 3 93 12 83 17 67 16 55 0 71 8 34 7 91 9 99 5 43 10 86
11 82 16 31 2 8 17 41 6 29 19 3 3 35 18 41 8 91 13 26 12 20 15 4 10 46 14 83 5 47 1 9 7 2 4 6 0 8 9 90
2 91 8 80 9 13 6 42 14 67 13 39 11 20 1 74 17 20 19 42 4 74 18 35 3 3 15 95 12 71 5 89 16 30 0 90 7 23 10 42
5 81 12 13 3 1 2 86 17 26 9 69 4 2 8 6 7 56 0 76 16 26 19 81 11 44 6 30 18 9 15 63 13 18 10 48 1 28 14 10
8 69 19 32 18 99 5 2 10 77 12 44 16 17 9 36 14 63 11 3 17 21 6 83 7 38 0 7 2 27 3 8 15 26 4 36 13 60 1 99
17 82 12 21 6 20 18 78 14 65 7 22 0 38 11 82 19 77 4 57 16 39 9 34 10 83 15 10 1 41 8 3 5 4 2 19 13 85 3 12
19 62 9 20 15 75 0 19 5 84 17 47 11 43 4 44 13 29 8 63 2 8 10 16 12 49 14 47 6 77 18 57 1 81 3 21 16 98 7 1
17 47 1 11 4 30 8 57 14 51 15 15 0 93 16 5 3 25 18 23 11 49 9 95 2 65 13 19 6 87 10 43 7 86 12 89 5 2 19 74
16 53 11 81 15 28 17 63 9 88 4 78 18 94 3 54 7 92 8 36 13 92 19 42 5 53 14 93 10 60 1 69 0 41 6 7 12 77 2 36
7 36 15 26 8 35 13 30 17 64 19 75 0 3 5 35 12 60 14 71 6 29 18 47 4 15 9 29 16 43 10 88 3 56 1 22 2 9 11 45
0 40 6 50 10 52 16 76 7 66 8 72 11 38 19 10 5 37 2 25 18 62 12 94 9 18 13 20 4 25 3 18 15 14 1 90 17 49 14 75
16 59 10 20 6 78 9 57 0 80 4 94 15 20 5 22 3 52 12 21 8 23 13 37 1 56 14 40 11 23 19 85 17 80 2 72 7 2 18 50
17 99 4 46 3 72 18 74 8 59 14 75 19 6 1 71 6 52 12 95 13 32 9 45 2 97 7 3 0 70 16 88 10 20 11 24 5 6 15 77
4 36 9 83 19 53 16 70 6 67 5 35 0 51 10 18 12 40 11 84 3 40 14 10 8 51 7 64 1 24 2 51 15 93 18 56 13 91 17 7
18 48 8 27 7 12 6 11 17 36 14 66 0 41 5 88 15 23 11 6 13 38 4 2 16 4 19 99 9 52 10 64 3 7 2 77 1 91 12 4
1 18 17 85 16 28 7 48 11 66 12 33 3 61 6 40 13 37 0 14 19 5 5 24 14 79 18 41 15 94 2 39 4 82 10 49 9 35 8 22
6 50 2 58 13 56 10 60 1 68 18 66 11 24 19 16 12 32 4 2 9 27 8 33 15 78 5 51 7 89 14 53 0 65 16 16 3 26 17 51
11 72 14 37 9 32 18 35 5 40 6 5 7 17 8 52 0 97 19 54 1 52 2 48 16 34 15 38 10 27 13 87 17 35 4 68 12 8 3 5
2 36 3 74 1 87 16 38 18 94 0 31 15 13 11 41 5 15 17 22 6 67 9 30 10 27 4 52 8 27 13 66 19 90 12 86 7 39 14 87
16 27 12 89 8 26 5 25 7 80 19 82 17 21 15 25 3 55 6 27 14 20 0 81 18 47 1 79 11 26 9 72 10 10 2 11 13 90 4 89
3 10 2 30 17 99 10 26 0 54 4 75 14 88 8 25 12 9 7 38 13 66 1 39 16 66 11 28 19 96 9 88 6 50 18 88 15 46 5 91
13 65 11 5 2 14 14 51 0 23 5 87 3 67 19 62 4 68 16 4 10 47 7 49 6 33 17 79 18 61 15 2 1 73 9 35 12 57 8 58
12 12 8 46 19 82 7 59 13 56 2 24 9 33 1 22 11 78 16 1 3 48 15 41 6 91 0 87 18 54 5 63 4 76 17 13 10 26 14 70
6 77 2 85 11 60 0 42 4 77 17 63 13 13 12 32 3 42 19 54 14 50 9 83 5 60 18 15 16 61 1 91 15 15 7 13 10 76 8 44
3 58 5 18 12 1 1 60 14 80 15 94 13 29 17 11 10 14 8 49 19 89 11 44 2 83 0 39 18 52 16 63 9 74 4 81 6 16 7 93
12 4 6 35 16 29 1 69 18 67 5 21 17 32 3 58 2 84 14 62 19 55 10 59 15 74 4 84 8 90 13 3 7 91 11 25 9 88 0 15
12 67 18 13 16 28 8 16 1 69 19 89 14 50 4 54 6 48 13 68 5 30 3 9 7 79 9 63 15 57 0 91 17 61 10 88 11 41 2 8
12 12 3 22 6 98 16 81 18 89 19 15 11 80 7 85 14 6 13 8 8 97 17 14 0 59 5 48 10 2 15 83 2 59 1 15 4 25 9 81
0 78 17 37 15 11 7 83 2 48 11 28 3 36 13 17 5 19 6 7 9 90 4 72 12 90 14 61 8 27 18 92 19 3 16 34 1 25 10 93
0 43 2 20 1 50 18 41 10 17 12 70 14 25 13 39 8 41 5 61 15 60 9 94 4 20 6 76 17 1 3 78 16 92 11 18 19 50 7 94
3 20 2 59 5 86 10 86 16 48 12 87 7 3 13 91 15 91 17 84 19 47 14 73 18 60 8 93 11 51 0 58 1 65 9 60 6 67 4 79
0 52 16 95 10 3 9 33 18 84 2 97 11 91 17 93 15 19 5 74 6 1 1 41 3 33 4 72 19 12 13 91 7 26 12 48 14 13 8 97
12 31 8 71 2 85 3 79 18 66 5 75 11 49 10 44 15 89 19 4 6 29 1 30 14 41 0 86 17 93 16 32 13 2 9 36 7 72 4 54
12 97 16 96 14 90 10 46 15 26 7 34 1 85 0 28 18 63 11 92 4 82 3 41 17 44 9 60 19 51 2 19 6 58 5 27 13 44 8 16
1 44 2 25 0 3 17 31 6 9 4 42 13 56 18 75 14 11 3 6 19 12 11 20 12 32 5 37 15 13 9 68 7 72 16 78 8 29 10 68
10 51 16 77 1 91 13 28 0 95 9 93 3 19 15 14 8 51 2 49 19 44 5 59 17 22 14 99 7 59 4 35 11 2 6 4 12 89 18 30
11 89 8 8 13 68 15 24 18 48 2 62 19 6 10 65 5 6 1 22 7 64 3 58 0 25 17 81 6 27 12 19 14 78 16 82 9 86 4 64
2 67 0 96 1 35 13 37 7 66 10 50 6 64 5 64 4 66 9 38 14 38 3 94 12 79 15 84 8 55 16 19 18 84 11 46 17 75 19 58
15 66 13 31 18 33 6 70 5 81 16 34 8 44 14 81 2 51 0 65 1 81 9 90 7 58 17 88 19 51 10 71 11 38 3 9 4 84 12 49
4 99 18 29 16 14 0 64 19 39 12 24 13 64 9 31 17 68 2 83 1 92 11 82 8 36 6 93 14 76 7 92 3 1 15 35 10 33 5 96
17 38 10 19 2 64 4 86 0 45 5 55 7 54 15 95 8 14 18 38 9 75 13 27 1 76 16 79 11 84 12 19 14 18 6 11 19 44 3 62
13 81 7 35 12 81 1 20 17 74 0 60 9 33 15 48 8 39 18 52 11 87 16 95 2 27 4 61 14 59 5 81 19 72 10 17 6 58 3 70
9 54 5 61 10 37 12 57 0 99 14 22 1 72 13 38 16 85 4 23 7 85 6 15 8 4 18 49 2 9 11 15 15 25 3 7 19 63 17 79
2 6 0 85 19 30 17 12 18 34 6 38 7 6 16 59 1 62 10 59 5 34 9 72 12 97 14 70 3 44 15 95 8 58 13 99 4 72 11 41
5 77 19 62 17 78 12 36 14 75 9 28 2 91 16 39 7 32 15 56 13 60 1 64 8 21 10 15 3 80 0 85 4 28 18 22 11 53 6 58
2 69 5 62 14 60 9 48 19 66 11 91 7 38 0 66 13 54 10 5 3 24 8 1 15 49 17 71 12 49 4 41 6 92 1 64 16 78 18 95
13 55 15 63 14 19 16 18 9 2 12 45 5 35 0 14 3 7 18 32 6 78 4 97 2 30 1 24 11 9 7 20 19 22 17 82 8 22 10 78
