30 15
3 63 13 87 0 3 2 45 9 90 4 35 8 38 12 66 5 84 6 82 14 41 1 78 10 92 11 94 7 16
4 50 9 36 0 47 11 61 10 82 8 71 13 11 5 15 1 46 2 76 3 63 7 89 14 66 6 11 12 33
7 12 1 4 8 51 0 84 13 90 5 3 11 61 10 43 9 2 6 72 2 89 12 47 14 88 4 19 3 96
6 1 12 66 4 12 9 43 11 55 2 41 5 98 8 63 0 62 14 57 10 90 7 20 13 14 3 37 1 72
7 63 11 5 5 43 13 84 6 71 3 51 2 69 1 41 10 87 9 62 12 23 0 87 4 17 8 41 14 19
4 29 3 4 2 69 7 74 9 14 13 37 6 42 12 56 14 99 0 4 11 6 10 11 8 87 5 20 1 82
10 14 9 1 14 63 0 87 1 95 4 14 7 71 11 49 8 6 3 48 12 61 13 23 5 40 2 77 6 57
1 22 4 18 13 33 14 75 10 7 0 40 2 93 7 65 8 39 11 62 6 49 3 89 12 34 9 90 5 59
4 79 2 29 9 25 5 60 3 70 7 27 1 68 11 68 8 43 14 37 6 50 0 28 10 36 13 85 12 67
2 60 8 17 10 95 13 62 14 89 7 98 12 47 5 49 11 88 9 98 4 23 1 76 0 88 6 81 3 69
14 74 0 61 1 79 13 78 3 39 5 80 2 23 12 49 6 64 4 23 8 16 9 33 11 51 7 50 10 80
13 66 8 30 3 98 1 35 11 59 4 27 7 36 12 30 0 54 5 36 9 61 6 33 10 65 2 97 14 2
14 12 13 79 3 71 9 3 1 7 5 45 12 7 0 60 6 16 4 61 11 59 2 96 10 28 7 67 8 36
6 48 14 24 0 62 8 22 7 70 5 73 1 76 13 15 3 70 9 46 2 57 11 15 4 76 12 14 10 66
6 82 13 62 2 27 3 44 7 81 11 44 10 25 0 43 8 70 14 62 4 62 1 25 9 16 5 8 12 28
7 71 2 92 10 95 12 58 11 30 5 3 9 45 4 59 6 69 0 99 3 56 14 4 1 25 8 73 13 47
4 41 3 97 10 5 11 39 5 70 8 72 0 27 12 99 13 24 7 51 9 99 1 27 2 40 14 96 6 15
14 46 11 72 7 31 9 72 10 39 2 94 6 88 0 38 3 2 8 32 1 48 13 55 4 71 5 97 12 87
0 93 3 46 12 32 2 45 13 49 5 93 10 12 8 38 14 2 7 71 1 40 11 62 4 8 6 19 9 62
6 54 14 37 9 73 7 15 5 25 3 64 0 12 2 67 4 75 13 96 8 88 12 9 1 21 10 32 11 6
12 84 13 16 6 51 14 92 7 86 11 43 9 87 10 33 1 7 2 12 4 19 0 47 8 64 3 78 5 25
0 93 6 71 8 59 14 20 11 53 3 95 9 37 13 38 7 21 12 64 2 84 4 47 1 49 10 97 5 94
14 82 1 50 12 2 7 74 2 49 0 60 13 9 6 22 3 23 4 54 10 52 5 42 11 50 8 69 9 51
11 81 1 98 10 8 9 39 7 23 14 77 8 57 2 42 0 18 13 50 6 90 12 80 5 61 3 46 4 38
14 43 0 50 9 73 7 38 5 6 10 5 3 74 12 87 11 70 8 13 6 9 4 38 13 32 1 16 2 81
7 96 1 32 10 4 9 55 0 12 4 51 12 28 8 6 6 4 2 8 11 29 13 27 3 61 5 60 14 86
5 62 1 50 14 64 0 46 8 47 7 3 2 9 12 90 13 12 6 11 10 76 9 26 3 57 11 83 4 80
0 30 3 60 6 5 5 64 9 37 12 9 1 31 14 66 8 80 2 86 7 88 13 42 10 80 4 20 11 77
2 46 13 63 4 17 3 21 5 20 1 50 11 87 6 16 10 87 14 11 0 67 9 58 12 18 7 91 8 49
6 27 10 26 12 92 3 97 0 58 11 83 4 9 1 8 7 84 8 92 9 24 2 85 13 45 5 60 14 10
