100 20
18 65 19 11 13 36 10 48 3 90 6 26 15 41 4 80 8 51 17 70 2 91 9 82 12 16 14 79 11 41 5 60 0 34 7 70 1 46 16 62
8 82 10 31 0 58 6 92 7 8 12 5 2 45 1 15 3 25 13 88 17 70 16 60 18 5 11 39 9 44 19 32 15 30 14 46 5 32 4 65
5 38 18 77 7 87 13 44 12 85 10 98 19 11 14 16 9 76 1 51 2 11 15 12 11 54 8 46 17 87 6 23 16 82 0 69 3 59 4 93
19 43 11 78 9 51 12 29 1 22 16 55 0 47 3 94 2 65 15 74 4 62 7 1 5 40 6 22 14 47 10 36 18 4 13 12 17 48 8 74
18 39 12 19 13 63 5 73 15 82 3 69 19 91 16 32 6 95 10 36 0 21 8 83 14 34 1 44 9 97 2 28 17 97 11 15 7 7 4 60
4 12 5 22 10 83 15 80 8 19 6 65 3 51 16 75 14 81 18 83 9 60 2 54 11 99 12 79 19 90 1 73 0 66 17 72 13 68 7 34
1 82 14 10 7 55 13 86 19 41 5 72 8 56 15 5 3 31 9 71 6 12 17 80 18 51 2 60 11 51 4 73 0 78 10 99 16 66 12 32
10 55 6 19 5 27 15 14 17 17 8 39 3 39 4 27 7 72 18 88 19 40 14 47 9 86 16 48 1 35 11 66 0 38 13 98 2 73 12 93
9 66 12 38 11 83 5 75 10 70 15 48 6 97 18 40 0 10 17 66 1 18 4 14 13 68 16 33 19 8 7 52 14 29 3 16 2 74 8 3
11 64 0 70 3 69 14 62 18 30 12 79 15 68 10 56 1 63 4 88 5 4 2 66 7 54 17 47 6 74 19 44 13 39 8 98 16 44 9 87
14 31 15 3 0 19 6 89 8 53 18 52 5 67 17 21 13 25 11 28 9 46 10 92 7 99 12 87 16 30 1 32 3 1 19 86 2 26 4 81
0 1 5 49 13 27 2 46 7 10 15 52 12 26 1 38 3 29 10 80 9 94 17 80 14 18 6 13 19 78 8 7 11 62 16 50 18 18 4 48
2 57 8 11 11 41 10 42 9 87 4 57 7 63 18 61 0 59 12 30 13 46 15 63 6 32 5 52 16 6 17 26 3 31 1 54 14 88 19 99
2 20 11 83 6 99 0 43 15 80 18 60 5 41 10 45 3 47 1 89 8 84 16 44 12 96 19 92 17 41 4 89 13 85 9 97 14 14 7 89
8 52 5 73 9 22 6 12 13 21 19 29 0 52 10 50 16 31 11 62 18 68 3 30 15 61 7 49 4 66 1 7 2 46 12 43 14 9 17 77
12 75 14 14 17 1 7 71 4 66 13 16 0 85 6 50 8 90 10 94 2 63 1 55 5 96 11 64 9 13 3 97 15 7 19 46 16 53 18 45
19 85 6 50 5 22 2 15 4 90 9 48 7 38 12 52 0 66 14 53 10 79 3 44 8 81 13 83 15 59 11 35 1 14 17 14 18 90 16 44
18 94 3 18 5 64 14 97 9 93 13 91 11 8 2 58 6 71 17 16 19 68 16 83 0 69 1 83 10 46 15 16 7 33 4 89 12 54 8 90
0 17 1 27 13 78 17 52 10 58 16 63 14 23 8 45 15 54 11 92 18 3 4 12 3 71 6 30 5 86 19 14 2 15 7 98 12 90 9 11
4 82 19 55 12 83 18 66 5 31 10 22 17 60 1 70 15 72 14 96 3 57 6 90 16 11 2 76 11 86 7 39 0 21 9 39 8 71 13 87
18 91 15 66 1 88 13 22 14 91 7 61 11 54 5 68 2 60 4 69 17 53 6 41 16 85 9 79 0 83 8 42 3 37 10 17 19 14 12 1
12 63 1 52 2 24 0 26 3 66 10 39 17 44 15 91 11 45 14 6 5 87 9 52 18 81 7 88 13 89 6 29 19 50 16 99 4 93 8 31
0 21 12 40 19 78 7 13 10 76 9 70 18 53 13 86 15 51 3 85 2 27 6 77 5 42 11 8 16 7 14 26 4 99 8 49 17 10 1 46
15 19 11 95 1 92 16 73 3 82 6 55 17 11 5 49 2 84 14 78 8 51 9 46 10 97 12 84 18 93 0 70 13 75 19 85 7 19 4 55
0 47 7 94 16 20 8 61 11 42 5 61 3 98 4 48 2 64 13 81 14 76 9 86 18 50 17 13 15 2 12 18 6 31 19 27 10 32 1 47
1 81 11 41 0 35 4 15 16 50 18 20 5 78 6 33 3 37 19 4 14 25 10 15 15 38 2 62 8 7 9 58 13 1 17 97 7 3 12 54
19 31 13 48 7 28 9 6 4 5 6 33 8 5 1 2 12 90 5 40 16 62 11 58 14 36 2 12 15 14 3 57 17 40 0 53 10 35 18 99
5 47 2 94 13 73 12 22 17 18 14 39 10 48 15 46 6 81 11 63 3 78 19 15 8 59 4 3 0 1 18 49 9 40 1 76 7 58 16 73
4 41 3 34 9 88 12 27 13 81 14 48 1 23 2 11 5 61 16 23 11 45 6 2 10 89 19 1 7 52 0 42 18 98 17 57 8 4 15 42
11 43 14 69 8 53 18 66 0 39 13 20 9 36 4 41 15 92 6 25 5 85 3 54 12 20 17 76 1 86 2 17 10 23 16 12 7 65 19 98
16 23 10 52 15 36 11 8 12 10 6 61 1 48 2 63 9 19 0 22 13 52 18 42 8 83 14 12 4 39 17 49 7 97 5 51 19 54 3 47
15 24 5 97 1 60 4 48 0 57 10 15 16 40 11 50 19 88 3 7 9 4 8 92 13 55 7 26 12 31 14 92 18 86 6 49 17 51 2 44
8 14 4 98 3 85 15 68 11 98 18 43 14 22 9 31 0 52 6 54 16 19 19 87 7 64 12 31 10 6 13 89 1 17 2 34 17 72 5 47
19 8 16 33 1 13 4 88 13 37 12 77 5 34 8 17 14 97 15 6 9 31 0 78 3 1 18 19 10 32 2 94 7 88 6 15 17 59 11 3
2 48 13 14 4 61 1 76 18 76 3 58 12 38 6 46 11 63 17 9 10 67 16 65 19 85 14 84 9 73 5 5 0 31 8 16 15 78 7 92
3 22 7 98 12 30 8 78 19 73 6 59 1 45 10 18 0 78 4 90 14 58 13 29 18 73 15 68 11 67 2 71 9 84 5 33 16 1 17 91
18 88 10 3 8 51 1 35 17 31 9 91 16 32 7 42 2 61 13 93 3 84 15 38 0 29 12 39 19 6 11 31 14 62 6 45 5 95 4 67
6 24 11 32 15 98 0 29 9 5 16 33 4 84 3 7 2 97 10 52 18 43 8 53 13 67 7 38 12 82 19 28 1 62 5 90 17 49 14 12
14 2 7 68 1 41 0 53 11 77 8 54 2 83 16 8 18 89 3 34 12 28 17 4 19 23 9 82 15 20 4 68 5 27 6 31 13 99 10 60
18 88 17 31 8 35 9 20 15 64 6 75 7 87 13 42 11 20 19 77 5 88 4 94 1 79 3 83 16 44 12 95 14 30 10 92 0 78 2 11
18 88 6 31 0 47 3 79 8 73 2 10 4 49 19 38 5 28 1 18 17 97 11 87 10 94 15 40 16 14 14 50 9 30 12 3 7 90 13 75
9 94 18 3 4 3 0 5 6 50 1 60 16 43 14 92 15 49 11 55 19 28 12 61 17 9 7 95 3 81 5 79 2 37 13 50 10 51 8 69
3 6 8 32 6 27 4 98 16 89 5 52 19 41 2 98 1 50 15 83 7 34 10 50 9 15 12 26 17 44 18 37 14 92 0 5 11 36 13 20
2 38 5 61 18 42 14 23 3 84 6 63 10 37 4 91 15 56 19 64 16 62 12 62 13 15 1 66 7 55 0 39 8 15 9 93 11 72 17 17
10 63 8 73 13 46 3 41 15 89 12 64 7 54 18 12 16 44 4 61 14 52 1 96 19 22 11 7 5 24 2 54 17 95 9 12 6 61 0 46
2 75 11 48 17 54 13 58 6 15 8 13 18 48 4 59 16 65 5 85 15 57 3 8 14 92 0 76 12 87 19 82 10 43 9 42 7 55 1 52
4 38 15 78 2 37 5 56 9 3 18 18 13 70 6 43 12 19 19 42 7 35 14 8 3 1 8 91 1 58 11 65 10 99 0 94 17 98 16 85
7 25 11 98 14 57 8 30 0 51 10 72 6 99 19 91 15 39 17 36 9 40 3 45 12 8 2 14 18 34 5 57 16 68 1 27 13 4 4 7
16 34 6 68 19 40 13 7 18 79 7 28 0 1 2 16 11 87 5 23 14 62 12 55 4 35 3 56 10 15 9 9 8 51 17 81 1 12 15 49
3 49 18 88 13 20 14 59 16 77 15 26 11 12 2 20 10 76 0 75 4 39 12 73 7 85 8 39 19 28 5 55 1 32 6 50 9 32 17 89
8 83 10 69 19 40 11 92 7 66 2 97 6 86 9 16 5 11 3 96 4 99 1 26 15 30 14 49 0 39 18 86 16 89 13 67 17 41 12 16
5 2 16 82 14 1 4 27 2 34 6 44 7 46 3 41 18 94 17 91 13 24 15 5 10 16 12 25 1 12 11 87 8 6 9 47 19 12 0 76
6 90 8 92 14 24 7 16 19 80 17 33 12 62 1 40 10 68 0 75 16 10 11 38 15 14 4 47 3 46 5 77 13 83 2 34 9 59 18 78
1 6 18 17 19 31 9 20 5 54 12 55 6 85 13 6 17 88 2 41 15 12 14 91 11 22 0 80 7 53 16 2 3 35 8 39 10 89 4 38
2 83 10 26 15 11 19 59 4 70 16 63 1 62 12 72 14 77 5 48 6 62 8 47 17 2 3 35 18 83 11 97 0 80 7 63 9 85 13 84
17 20 6 95 19 12 12 78 7 77 8 67 2 10 4 91 3 7 11 35 0 85 5 88 13 42 1 30 14 94 18 66 16 99 10 34 15 47 9 31
4 36 14 76 15 35 19 71 11 30 13 50 2 28 6 96 18 2 1 93 3 69 12 32 17 44 16 28 0 88 8 40 7 61 9 85 5 48 10 34
11 75 16 16 2 93 17 83 6 67 19 55 3 71 18 34 8 91 13 99 12 43 15 86 10 82 14 31 5 8 1 41 7 29 4 3 0 35 9 41
2 91 8 26 9 20 6 4 14 46 13 83 11 47 1 9 17 2 19 6 4 8 18 90 3 91 15 80 12 13 5 42 16 67 0 39 7 20 10 74
5 20 12 42 3 74 2 35 17 3 9 95 4 71 8 89 7 30 0 90 16 23 19 42 11 81 6 13 18 1 15 86 13 26 10 69 1 2 14 6
8 56 19 76 18 26 5 81 10 44 12 30 16 9 9 63 14 18 11 48 17 28 6 10 7 69 0 32 2 99 3 2 15 77 4 44 13 17 1 36
17 63 12 3 6 21 18 83 14 38 7 7 0 27 11 8 19 26 4 36 16 60 9 99 10 82 15 21 1 20 8 78 5 65 2 22 13 38 3 82
19 77 9 57 15 39 0 34 5 83 17 10 11 41 4 3 13 4 8 19 2 85 10 12 12 62 14 20 6 75 18 19 1 84 3 47 16 43 7 44
17 29 1 63 4 8 8 16 14 49 15 47 0 77 16 57 3 81 18 21 11 98 9 1 2 47 13 11 6 30 10 57 7 51 12 15 5 93 19 5
16 25 11 23 15 49 17 95 9 65 4 19 18 87 3 43 7 86 8 89 13 2 19 74 5 53 14 81 10 28 1 63 0 88 6 78 12 94 2 54
7 92 15 36 8 92 13 42 17 53 19 93 0 60 5 69 12 41 14 7 6 77 18 36 4 36 9 26 16 35 10 30 3 64 1 75 2 3 11 35
0 60 6 71 10 29 16 47 7 15 8 29 11 43 19 88 5 56 2 22 18 9 12 45 9 40 13 50 4 52 3 76 15 66 1 72 17 38 14 10
16 37 10 25 6 62 9 94 0 18 4 20 15 25 5 18 3 14 12 90 8 49 13 75 1 59 14 20 11 78 19 57 17 80 2 94 7 20 18 22
17 52 4 21 3 23 18 37 8 56 14 40 19 23 1 85 6 80 12 72 13 2 9 50 2 99 7 46 0 72 16 74 10 59 11 75 5 6 15 71
4 52 9 95 19 32 16 45 6 97 5 3 0 70 10 88 12 20 11 24 3 6 14 77 8 36 7 83 1 53 2 70 15 67 18 35 13 51 17 18
18 40 8 84 7 40 6 10 17 51 14 64 0 24 5 51 15 93 11 56 13 91 4 7 16 48 19 27 9 12 10 11 3 36 2 66 1 41 12 88
1 23 17 6 16 38 7 2 11 4 12 99 3 52 6 64 13 7 0 77 19 91 5 4 14 18 18 85 15 28 2 48 4 66 10 33 9 61 8 40
6 37 2 14 13 5 10 24 1 79 18 41 11 94 19 39 12 82 4 49 9 35 8 22 15 50 5 58 7 56 14 60 0 68 16 66 3 24 17 16
11 32 14 2 9 27 18 33 5 78 6 51 7 89 8 53 0 65 19 16 1 26 2 51 16 72 15 37 10 32 13 35 17 40 4 5 12 17 3 52
2 97 3 54 1 52 16 48 18 34 0 38 15 27 11 87 5 35 17 68 6 8 9 5 10 36 4 74 8 87 13 38 19 94 12 31 7 13 14 41
16 15 12 22 8 67 5 30 7 27 19 52 17 27 15 66 3 90 6 86 14 39 0 87 18 27 1 89 11 26 9 25 10 80 2 82 13 21 4 25
3 55 2 27 17 20 10 81 0 47 4 79 14 26 8 72 12 10 7 11 13 90 1 89 16 10 11 30 19 99 9 26 6 54 18 75 15 88 5 25
13 9 11 38 2 66 14 39 0 66 5 28 3 96 19 88 4 50 16 88 10 46 7 91 6 65 17 5 18 14 15 51 1 23 9 87 12 67 8 62
12 68 8 4 19 47 7 49 13 33 2 79 9 61 1 2 11 73 16 35 3 57 15 58 6 12 0 46 18 82 5 59 4 56 17 24 10 33 14 22
6 78 2 1 11 48 0 41 4 91 17 87 13 54 12 63 3 76 19 13 14 26 9 70 5 77 18 85 16 60 1 42 15 77 7 63 10 13 8 32
3 42 5 54 12 50 1 83 14 60 15 15 13 61 17 91 10 15 8 13 19 76 11 44 2 58 0 18 18 1 16 60 9 80 4 94 6 29 7 11
12 14 6 49 16 89 1 44 18 83 5 39 17 52 3 63 2 74 14 81 19 16 10 93 15 4 4 35 8 29 13 69 7 67 11 21 9 32 0 58
12 84 18 62 16 55 8 59 1 74 19 84 14 90 4 3 6 91 13 25 5 88 3 15 7 67 9 13 15 28 0 16 17 69 10 89 11 50 2 54
12 48 3 68 6 30 16 9 18 79 19 63 11 57 7 91 14 61 13 88 8 41 17 8 0 12 5 22 10 98 15 81 2 89 1 15 4 80 9 85
0 6 17 8 15 97 7 14 2 59 11 48 3 2 13 83 5 59 6 15 9 25 4 81 12 78 14 37 8 11 18 83 19 48 16 28 1 36 10 17
0 19 2 7 1 90 18 72 10 90 12 61 14 27 13 92 8 3 5 34 15 25 9 93 4 43 6 20 17 50 3 41 16 17 11 70 19 25 7 39
3 41 2 61 5 60 10 94 16 20 12 76 7 1 13 78 15 92 17 18 19 50 14 94 18 20 8 59 11 86 0 86 1 48 9 87 6 3 4 91
0 91 16 84 10 47 9 73 18 60 2 93 11 51 17 58 15 65 5 60 6 67 1 79 3 52 4 95 19 3 13 33 7 84 12 97 14 91 8 93
12 19 8 74 2 1 3 41 18 33 5 72 11 12 10 91 15 26 19 48 6 13 1 97 14 31 0 71 17 85 16 79 13 66 9 75 7 49 4 44
12 89 16 4 14 29 10 30 15 41 7 86 1 93 0 32 18 2 11 36 4 72 3 54 17 97 9 96 19 90 2 46 6 26 5 34 13 85 8 28
1 63 2 92 0 82 17 41 6 44 4 60 13 51 18 19 14 58 3 27 19 44 11 16 12 44 5 25 15 3 9 31 7 9 16 42 8 56 10 75
10 11 16 6 1 12 13 20 0 32 9 37 3 13 15 68 8 72 2 78 19 29 5 68 17 51 14 77 7 91 4 28 11 95 6 93 12 19 18 14
11 51 8 49 13 44 15 59 18 22 2 99 19 59 10 35 5 2 1 4 7 89 3 30 0 89 17 8 6 68 12 24 14 48 16 62 9 6 4 65
2 6 0 22 1 64 13 58 7 25 10 81 6 27 5 19 4 78 9 82 14 86 3 64 12 67 15 96 8 35 16 37 18 66 11 50 17 64 19 64
15 66 13 38 18 38 6 94 5 79 16 84 8 55 14 19 2 84 0 46 1 75 9 58 7 66 17 31 19 33 10 70 11 81 3 34 4 44 12 81
4 51 18 65 16 81 0 90 19 58 12 88 13 51 9 71 17 38 2 9 1 84 11 49 8 99 6 29 14 14 7 64 3 39 15 24 10 64 5 31
17 68 10 83 2 92 4 82 0 36 5 93 7 76 15 92 8 1 18 35 9 33 13 96 1 38 16 19 11 64 12 86 14 45 6 55 19 54 3 95
13 14 7 38 12 75 1 27 17 76 0 79 9 84 15 19 8 18 18 11 11 44 16 62 2 81 4 35 14 81 5 20 19 74 10 60 6 33 3 48
9 39 5 52 10 87 12 95 0 27 14 61 1 59 13 81 16 72 4 17 7 58 6 70 8 54 18 61 2 37 11 57 15 99 3 22 19 72 17 38
2 85 0 23 19 85 17 15 18 4 6 49 7 9 16 15 1 25 10 7 5 63 9 79 12 6 14 85 3 30 15 12 8 34 13 38 4 6 11 59
