100 20
10 72 6 88 5 40 15 47 17 86 8 48 3 35 4 66 7 38 18 98 19 73 14 93 9 66 16 38 1 83 11 75 0 70 13 48 2 97 12 40
9 10 12 66 11 18 5 14 10 68 15 33 6 8 18 52 0 29 17 16 1 74 4 3 13 64 16 70 19 69 7 62 14 30 3 79 2 68 8 56
11 63 0 88 3 4 14 66 18 54 12 47 15 74 10 44 1 39 4 98 5 44 2 87 7 31 17 3 6 19 19 89 13 53 8 52 16 67 9 21
14 25 15 28 0 46 6 92 8 99 18 87 5 30 17 32 13 1 11 86 9 26 10 81 7 1 12 49 16 27 1 46 3 10 19 52 2 26 4 38
0 29 5 80 13 94 2 80 7 18 15 13 12 78 1 7 3 62 10 50 9 18 17 48 14 57 6 11 19 41 8 42 11 87 16 57 18 63 4 61
2 59 8 30 11 46 10 63 9 32 4 52 7 6 18 26 0 31 12 54 13 88 15 99 6 20 5 83 16 99 17 43 3 80 1 60 14 41 19 45
2 47 11 89 6 84 0 44 15 96 18 92 5 41 10 89 3 85 1 97 8 14 16 89 12 52 19 73 17 22 4 12 13 21 9 29 14 52 7 50
8 31 5 62 9 68 6 30 13 61 19 49 0 66 10 7 16 46 11 43 18 9 3 77 15 75 7 14 4 1 1 71 2 66 12 16 14 85 17 50
12 90 14 94 17 63 7 55 4 96 13 64 0 13 6 97 8 7 10 46 2 53 1 45 5 85 11 50 9 22 3 15 15 90 19 48 16 38 18 52
19 66 6 53 5 79 2 44 4 81 9 83 7 59 12 35 0 14 14 14 10 90 3 44 8 94 13 18 15 64 11 97 1 93 17 91 18 8 16 58
18 71 3 16 5 68 14 83 9 69 13 83 11 46 2 16 6 33 17 89 19 54 16 90 0 17 1 27 10 78 15 52 7 58 4 63 12 23 8 45
0 54 1 92 13 3 17 12 10 71 16 30 14 86 8 14 15 15 11 98 18 90 4 11 3 82 6 55 5 83 19 66 2 31 7 22 12 60 9 70
4 72 19 96 12 57 18 90 5 11 10 76 17 86 1 39 15 21 14 39 3 71 6 87 16 91 2 66 11 88 7 22 0 91 9 61 8 54 13 68
18 60 15 69 1 53 13 41 14 85 7 79 11 83 5 42 2 37 4 17 17 14 6 1 16 63 9 52 0 24 8 26 3 66 10 39 19 44 12 91
12 45 1 6 2 87 0 52 3 81 10 88 17 89 15 29 11 50 14 99 5 93 9 31 18 21 7 40 13 78 6 13 19 76 16 70 4 53 8 86
0 51 12 85 19 27 7 77 10 42 9 8 18 7 13 26 15 99 3 49 2 10 6 46 5 19 11 95 16 92 14 73 4 82 8 55 17 11 1 49
15 84 11 78 1 51 16 46 3 97 6 84 17 93 5 70 2 75 14 85 8 19 9 55 10 47 12 94 18 20 0 61 13 42 19 61 7 98 4 48
0 64 7 81 16 76 8 86 11 50 5 13 3 2 4 18 2 31 13 27 14 32 9 47 18 81 17 41 15 35 12 15 6 50 19 20 10 78 1 33
1 37 11 4 0 25 4 15 16 38 18 62 5 7 6 58 3 1 19 97 14 3 10 54 15 31 2 48 8 28 9 6 13 5 17 33 7 5 12 2
19 90 13 40 7 62 9 58 4 36 6 12 8 14 1 57 12 40 5 53 16 35 11 99 14 47 2 94 15 73 3 22 17 18 0 39 10 48 18 46
5 81 2 63 13 78 12 15 17 59 14 3 10 1 15 49 6 40 11 76 3 58 19 73 8 41 4 34 0 88 18 27 9 81 1 48 7 23 16 11
4 61 3 23 9 45 12 2 13 89 14 1 1 52 2 42 5 98 16 57 11 4 6 42 10 43 19 69 7 53 0 66 18 39 17 20 8 36 15 41
11 92 14 25 8 85 18 54 0 20 13 76 9 86 4 17 15 23 6 12 5 65 3 98 12 23 17 52 1 36 2 8 10 10 16 61 7 48 19 63
16 19 10 22 15 52 11 42 12 83 6 12 1 39 2 49 9 97 0 51 13 54 18 47 8 24 14 97 4 60 17 48 7 57 5 15 19 40 3 50
15 88 5 7 1 4 4 92 0 55 10 26 16 31 11 92 19 86 3 49 9 51 8 44 13 14 7 98 12 85 14 68 18 98 6 43 17 22 2 31
8 52 4 54 3 19 15 87 11 64 18 31 14 6 9 89 0 17 6 34 16 72 19 47 7 8 12 33 10 13 13 88 1 37 2 77 17 34 5 17
19 97 16 6 1 31 4 78 13 1 12 19 5 32 8 94 14 88 15 15 9 59 0 3 3 48 18 14 10 61 2 76 7 76 6 58 17 38 11 46
2 63 13 9 4 67 1 65 18 85 3 84 12 73 6 5 11 31 17 16 10 78 16 92 19 22 14 98 9 30 5 78 0 73 8 59 15 45 7 18
3 78 7 90 12 58 8 29 19 73 6 68 1 67 10 71 0 84 4 33 14 1 13 91 18 88 15 3 11 51 2 35 9 31 5 91 16 32 17 42
18 61 10 93 8 84 1 38 17 29 9 39 16 6 7 31 2 62 13 45 3 95 15 67 0 24 12 32 19 98 11 29 14 5 6 33 5 84 4 7
6 97 11 52 15 43 0 53 9 67 16 38 4 82 3 28 2 62 10 90 18 49 8 12 13 2 7 68 12 41 19 53 1 77 5 54 17 83 14 8
14 89 7 34 1 28 0 4 11 23 8 82 2 20 16 68 18 27 3 31 12 99 17 60 19 88 9 31 15 35 4 20 5 64 6 75 13 87 10 42
18 20 17 77 8 88 9 94 15 79 6 83 7 44 13 95 11 30 19 92 5 78 4 11 1 88 3 31 16 47 12 79 14 73 10 10 0 49 2 38
18 28 6 18 0 97 3 87 8 94 2 40 4 14 19 50 5 30 1 3 17 90 11 75 10 94 15 3 16 3 14 5 9 50 12 60 7 43 13 92
9 49 18 55 4 28 0 61 6 9 1 95 16 81 14 79 15 37 11 50 19 51 12 69 17 6 7 32 3 27 5 98 2 89 13 52 10 41 8 98
3 50 8 83 6 34 4 50 16 15 5 26 19 44 2 37 1 92 15 5 7 36 10 20 9 38 12 61 17 42 18 23 14 84 0 63 11 37 13 91
2 56 5 64 18 62 14 62 3 15 6 66 10 55 4 39 15 15 19 93 16 72 12 17 13 63 1 73 7 46 0 41 8 89 9 64 11 54 17 12
10 44 8 61 13 52 3 96 15 22 12 7 7 24 18 54 16 95 4 12 14 61 1 46 19 75 11 48 5 54 2 58 17 15 9 13 6 48 0 59
2 65 11 85 17 57 13 8 6 92 8 76 18 87 4 82 16 43 5 42 15 55 3 52 14 38 0 78 12 37 19 56 10 3 9 18 7 70 1 43
4 19 15 42 2 35 5 8 9 1 18 91 13 58 6 65 12 99 19 94 7 98 14 85 3 25 8 98 1 57 11 30 10 51 0 72 17 99 16 91
7 39 11 36 14 40 8 45 0 8 10 14 6 34 19 57 15 68 17 27 9 4 3 7 12 34 2 68 18 40 5 7 16 79 1 28 13 1 4 16
16 87 6 23 19 62 13 55 18 35 7 56 0 15 2 9 11 51 5 81 14 12 12 49 4 49 3 88 10 20 9 59 8 77 17 26 1 12 15 20
3 76 18 75 13 39 14 73 16 85 15 39 11 28 2 55 10 32 0 50 4 32 12 89 7 83 8 69 19 40 5 92 1 66 6 97 9 86 17 16
8 11 10 96 19 99 11 26 7 30 2 49 6 39 9 86 5 89 3 67 4 41 1 16 15 2 14 82 0 1 18 27 16 34 13 44 17 46 12 41
5 94 16 91 14 24 4 5 2 16 6 25 7 12 3 87 18 6 17 47 13 12 15 76 10 90 12 92 1 24 11 16 8 80 9 33 19 62 0 40
6 68 8 75 14 10 7 38 19 14 17 47 12 46 1 77 10 83 0 34 16 59 11 78 15 6 4 17 3 31 5 20 13 54 2 55 9 85 18 6
1 88 18 41 19 12 9 91 5 22 12 80 6 53 13 2 17 35 2 39 15 89 14 38 11 83 0 26 7 11 16 59 3 70 8 63 10 62 4 72
2 77 10 48 15 62 19 47 4 2 16 35 1 83 12 97 14 80 5 63 6 85 8 84 17 20 3 95 18 12 11 78 0 77 7 67 9 10 13 91
17 7 6 35 19 85 12 88 7 42 8 30 2 94 4 66 3 99 11 34 0 47 5 31 13 36 1 76 14 35 18 71 16 30 10 50 15 28 9 96
4 2 14 93 15 69 19 32 11 44 13 28 2 88 6 40 18 61 1 85 3 48 12 34 17 75 16 16 0 93 8 83 7 67 9 55 5 71 10 34
11 91 16 99 2 43 17 86 6 82 19 31 3 8 18 41 8 29 13 3 12 35 15 41 10 91 14 26 5 20 1 4 7 46 4 83 0 47 9 9
2 2 8 6 9 8 6 90 14 91 13 80 11 13 1 42 17 67 19 39 4 20 18 74 3 20 15 42 12 74 5 35 16 3 0 95 7 71 10 89
5 30 12 90 3 23 2 42 17 81 9 13 4 1 8 86 7 26 0 69 16 2 19 6 11 56 6 76 18 26 15 81 13 44 10 30 1 9 14 63
8 18 19 48 18 28 5 10 10 69 12 32 16 99 9 2 14 77 11 44 17 17 6 36 7 63 0 3 2 21 3 83 15 38 4 7 13 27 1 8
17 26 12 36 6 60 18 99 14 82 7 21 0 20 11 78 19 65 4 22 16 38 9 82 10 77 15 57 1 39 8 34 5 83 2 10 13 41 3 3
19 4 9 19 15 85 0 12 5 62 17 20 11 75 4 19 13 84 8 47 2 43 10 44 12 29 14 63 6 8 18 16 1 49 3 47 16 77 7 57
17 81 1 21 4 98 8 1 14 47 15 11 0 30 16 57 3 51 18 15 11 93 9 5 2 25 13 23 6 49 10 95 7 65 12 19 5 87 19 43
16 86 11 89 15 2 17 74 9 53 4 81 18 28 3 63 7 88 8 78 13 94 19 54 5 92 14 36 10 92 1 42 0 53 6 93 12 60 2 69
7 41 15 7 8 77 13 36 17 36 19 26 0 35 5 30 12 64 14 75 6 3 18 35 4 60 9 71 16 29 10 47 3 15 1 29 2 43 11 88
0 56 6 22 10 9 16 45 7 40 8 50 11 52 19 76 5 66 2 72 18 38 12 10 9 37 13 25 4 62 3 94 15 18 1 20 17 25 14 18
16 14 10 90 6 49 9 75 0 59 4 20 15 78 5 57 3 80 12 94 8 20 13 22 1 52 14 21 11 23 19 37 17 56 2 40 7 23 18 85
17 80 4 72 3 2 18 50 8 99 14 46 19 72 1 74 6 59 12 75 13 6 9 71 2 52 7 95 0 32 16 45 10 97 11 3 5 70 15 88
4 20 9 24 19 6 16 77 6 36 5 83 0 53 10 70 12 67 11 35 3 51 14 18 8 40 7 84 1 40 2 10 15 51 18 64 13 24 17 51
18 93 8 56 7 91 6 7 17 48 14 27 0 12 5 11 15 36 11 66 13 41 4 88 16 23 19 6 9 38 10 2 3 4 2 99 1 52 12 64
1 7 17 77 16 91 7 4 11 18 12 85 3 28 6 48 13 66 0 33 19 61 5 40 14 37 18 14 15 5 2 24 4 79 10 41 9 94 8 39
6 82 2 49 13 35 10 22 1 50 18 58 11 56 19 60 12 68 4 66 9 24 8 16 15 32 5 2 7 27 14 33 0 78 16 51 3 89 17 53
11 65 14 16 9 26 18 51 5 72 6 37 7 32 8 35 0 40 19 5 1 17 2 52 16 97 15 54 10 52 13 48 17 34 4 38 12 27 3 87
2 35 3 68 1 8 16 5 18 36 0 74 15 87 11 38 5 94 17 31 6 13 9 41 10 15 4 22 8 67 13 30 19 27 12 52 7 27 14 66
16 90 12 86 8 39 5 87 7 27 19 89 17 26 15 25 3 80 6 82 14 21 0 25 18 55 1 27 11 20 9 81 10 47 2 79 13 26 4 72
3 10 2 11 17 90 10 89 0 10 4 30 14 99 8 26 12 54 7 75 13 88 1 25 16 9 11 38 19 66 9 39 6 66 18 28 15 96 5 88
13 50 11 88 2 46 14 91 0 65 5 5 3 14 19 51 4 23 16 87 10 67 7 62 6 68 17 4 18 47 15 49 1 33 9 79 12 61 8 2
12 73 8 35 19 57 7 58 13 12 2 46 9 82 1 59 11 56 16 24 3 33 15 22 6 78 0 1 18 48 5 41 4 91 17 87 10 54 14 63
6 76 2 13 11 26 0 70 4 77 17 85 13 60 12 42 3 77 19 63 14 13 9 32 5 42 18 54 16 50 1 83 15 60 7 15 10 61 8 91
3 15 5 13 12 76 1 44 14 58 15 18 13 1 17 60 10 80 8 94 19 29 11 11 2 14 0 49 18 89 16 44 9 83 4 39 6 52 7 63
12 74 6 81 16 16 1 93 18 4 5 35 17 29 3 69 2 67 14 21 19 32 10 58 15 84 4 62 8 55 13 59 7 74 11 84 9 90 0 3
12 91 18 25 16 88 8 15 1 67 19 13 14 28 4 16 6 69 13 89 5 50 3 54 7 48 9 68 15 30 0 9 17 79 10 63 11 57 2 91
12 61 3 88 6 41 16 8 18 12 19 22 11 98 7 81 14 89 13 15 8 80 17 85 0 6 5 8 10 97 15 14 2 59 1 48 4 2 9 83
0 59 17 15 15 25 7 81 2 78 11 37 3 11 13 83 5 48 6 28 9 36 4 17 12 19 14 7 8 90 18 72 19 90 16 61 1 27 10 92
0 3 2 34 1 25 18 93 10 43 12 20 14 50 13 41 8 17 5 70 15 25 9 39 4 41 6 61 17 60 3 94 16 20 11 76 19 1 7 78
3 92 2 18 5 50 10 94 16 20 12 59 7 86 13 86 15 48 17 87 19 3 14 91 18 91 8 84 11 47 0 73 1 60 9 93 6 51 4 58
0 65 16 60 10 67 9 79 18 52 2 95 11 3 17 33 15 84 5 97 6 91 1 93 3 19 4 74 19 1 13 41 7 33 12 72 14 12 8 91
12 26 8 48 2 13 3 97 18 31 5 71 11 85 10 79 15 66 19 75 6 49 1 44 14 89 0 4 17 29 16 30 13 41 9 86 7 93 4 32
12 2 16 36 14 72 10 54 15 97 7 96 1 90 0 46 18 26 11 34 4 85 3 28 17 63 9 92 19 82 2 41 6 44 5 60 13 51 8 19
1 58 2 27 0 44 17 16 6 44 4 25 13 3 18 31 14 9 3 42 19 56 11 75 12 11 5 6 15 12 9 20 7 32 16 37 8 13 10 68
10 72 16 78 1 29 13 68 0 51 9 77 3 91 15 28 8 95 2 93 19 19 5 14 17 51 14 49 7 44 4 59 11 22 6 99 12 59 18 35
11 2 8 4 13 89 15 30 18 89 2 8 19 68 10 24 5 48 1 62 7 6 3 65 0 6 17 22 6 64 12 58 14 25 16 81 9 27 4 19
2 78 0 82 1 86 13 64 7 67 10 96 6 35 5 37 4 66 9 50 14 64 3 64 12 66 15 38 8 38 16 94 18 79 11 84 17 55 19 19
15 84 13 46 18 75 6 58 5 66 16 31 8 33 14 70 2 81 0 34 1 44 9 81 7 51 17 65 19 81 10 90 11 58 3 88 4 51 12 71
4 38 18 9 16 84 0 49 19 99 12 29 13 14 9 64 17 39 2 24 1 64 11 31 8 68 6 83 14 92 7 82 3 36 15 93 10 76 5 92
17 1 10 35 2 33 4 96 0 38 5 19 7 64 15 86 8 45 18 55 9 54 13 95 1 14 16 38 11 75 12 27 14 76 6 79 19 84 3 19
13 18 7 11 12 44 1 62 17 81 0 35 9 81 15 20 8 74 18 60 11 33 16 48 2 39 4 52 14 87 5 95 19 27 10 61 6 59 3 81
9 72 5 17 10 58 12 70 0 54 14 61 1 37 13 57 16 99 4 22 7 72 6 38 8 85 18 23 2 85 11 15 15 4 3 49 19 9 17 15
2 25 0 7 19 63 17 79 18 6 6 85 7 30 16 12 1 34 10 38 5 6 9 59 12 62 14 59 3 34 15 72 8 97 13 70 4 44 11 95
5 58 19 99 17 72 12 41 14 77 9 62 2 78 16 36 7 75 15 28 13 91 1 39 8 32 10 56 3 60 0 64 4 21 18 15 11 80 6 85
2 28 5 22 14 53 9 58 19 69 11 62 7 60 0 48 13 66 10 91 3 38 8 66 15 54 17 5 12 24 4 1 6 49 1 71 16 49 18 41
13 92 15 64 14 78 16 95 9 55 12 63 5 19 0 18 3 2 18 45 6 35 4 14 2 7 1 32 11 78 7 97 19 30 17 24 8 9 10 20
6 22 8 82 2 22 16 78 14 14 17 59 19 23 15 22 10 96 18 31 12 37 9 67 0 20 7 41 11 62 4 2 1 9 3 10 13 61 5 37
14 87 8 63 11 88 3 27 5 40 10 76 6 76 12 19 17 58 9 16 7 2 1 10 13 73 19 96 4 1 2 1 0 95 15 29 18 63 16 71
15 60 19 27 9 76 0 12 11 18 16 47 18 8 6 31 17 18 4 33 2 34 10 40 5 13 12 76 1 67 3 90 8 25 14 41 13 6 7 24
0 47 6 10 7 45 11 43 3 31 8 65 16 21 19 19 12 97 1 11 18 7 10 84 2 93 15 80 13 4 17 39 5 94 4 57 14 15 9 37
