50 20
8 12 16 4 19 81 4 55 17 54 6 51 7 29 0 72 18 68 14 11 2 76 11 44 1 15 3 95 15 20 9 30 5 4 12 56 13 35 10 64
4 49 7 14 14 32 11 90 0 86 17 87 9 97 10 70 16 76 8 50 2 46 6 17 12 65 18 80 13 72 5 17 1 70 3 43 15 78 19 9
15 17 6 50 12 37 7 85 8 94 5 63 1 57 18 23 19 84 17 27 10 90 2 74 13 93 16 16 11 55 9 38 3 81 4 29 0 46 14 89
7 32 2 25 3 44 5 69 14 51 6 39 12 21 8 88 19 35 11 29 13 17 16 30 18 68 10 80 9 14 15 55 0 63 1 82 17 16 4 48
7 41 16 80 13 61 15 14 10 76 0 12 4 88 14 49 11 53 19 67 12 99 6 8 2 11 5 81 3 58 18 52 8 7 1 96 9 89 17 2
6 91 11 26 17 33 16 73 5 75 2 8 4 74 1 76 12 25 8 14 18 82 14 52 0 90 15 74 9 82 10 79 19 96 7 88 13 96 3 51
9 65 14 68 5 71 17 90 15 45 3 26 19 52 2 72 8 6 4 14 6 94 16 84 12 20 18 40 7 61 0 10 11 25 10 48 13 18 1 95
11 94 8 95 5 58 19 93 9 32 10 79 1 70 6 76 2 2 7 67 15 3 0 3 12 59 16 62 4 18 18 49 13 50 17 57 14 8 3 70
12 44 9 84 2 67 17 88 8 75 0 28 13 91 15 87 10 1 14 40 6 6 7 71 5 48 11 14 1 76 16 57 19 27 3 47 18 5 4 68
19 87 4 8 3 55 2 40 6 63 0 84 7 31 15 84 11 87 1 43 12 12 5 16 16 74 18 22 14 85 9 5 10 48 17 31 8 23 13 25
16 44 1 9 6 20 18 23 11 45 7 54 10 6 0 26 19 24 9 30 15 71 2 63 5 55 14 57 13 25 12 26 17 29 8 7 3 21 4 62
13 33 16 51 1 52 15 54 5 24 7 39 8 14 10 21 14 20 17 13 9 37 11 70 18 61 0 80 2 34 19 75 6 87 12 77 4 76 3 95
4 86 8 54 7 39 15 77 19 45 16 31 13 40 9 45 0 65 14 72 2 32 10 71 3 22 1 36 6 88 18 74 11 42 17 77 5 95 12 17
11 72 16 31 6 82 18 43 19 33 5 52 1 3 14 97 17 26 8 2 15 82 0 10 13 13 7 94 2 45 12 20 10 5 3 82 4 81 9 30
2 92 6 98 14 47 0 19 3 9 9 37 10 64 13 28 1 78 19 54 15 29 7 15 8 92 11 70 12 43 5 51 17 31 4 40 16 58 18 53
3 23 9 61 16 37 11 86 1 75 12 53 0 76 19 24 10 44 7 15 4 7 8 69 18 28 5 26 15 24 14 99 2 3 17 30 13 9 6 68
3 16 8 58 17 89 9 20 18 36 5 86 12 26 0 33 1 84 19 51 7 74 14 28 4 36 2 64 11 4 16 78 13 59 6 29 10 9 15 72
14 80 16 78 0 55 12 86 6 36 1 29 17 10 7 3 13 55 3 60 15 55 10 83 19 50 8 69 18 16 2 6 11 69 5 44 9 81 4 57
7 14 8 7 6 6 9 46 14 27 12 91 5 73 1 29 11 18 2 99 17 34 18 82 16 46 13 4 3 98 0 72 15 77 10 65 19 68 4 97
17 27 1 45 13 38 8 52 7 36 3 41 12 48 9 11 6 8 18 54 11 26 2 26 4 5 5 13 0 25 19 45 10 46 16 86 14 79 15 28
9 58 8 22 16 24 12 9 5 78 6 64 1 23 4 75 18 14 0 6 7 65 3 43 11 63 15 70 17 33 2 49 19 48 10 95 13 95 14 92
19 62 11 94 6 39 0 44 14 48 1 28 5 41 9 64 17 1 18 32 3 10 13 5 12 55 16 43 8 97 7 18 4 81 10 39 15 79 2 19
12 20 1 35 15 38 4 3 6 71 17 72 7 92 9 6 14 92 16 25 5 38 10 23 13 27 11 14 2 39 18 28 0 8 19 73 8 24 3 86
14 59 12 64 4 38 7 6 3 55 17 75 19 16 15 56 2 98 11 31 18 17 0 76 5 79 9 11 1 40 6 97 10 27 8 95 16 12 13 2
11 81 6 49 5 85 14 99 19 10 1 19 13 2 8 77 7 37 4 92 16 58 3 17 17 95 18 2 12 30 10 82 15 65 9 8 0 75 2 7
15 49 16 38 18 42 10 7 13 80 6 28 8 92 7 4 4 70 5 80 12 80 9 77 0 6 14 9 1 91 19 11 17 3 11 62 2 26 3 60
3 48 15 10 4 65 9 90 17 20 11 10 13 90 10 10 2 13 0 36 8 36 6 19 7 96 14 14 16 27 5 14 1 90 18 82 19 35 12 64
19 41 3 86 6 49 15 11 5 16 9 24 16 87 10 79 0 77 13 57 4 45 12 72 2 37 18 48 14 31 1 64 8 52 7 39 11 87 17 83
12 53 13 88 16 34 19 63 11 84 14 4 8 85 4 86 17 39 7 21 2 52 6 61 0 43 15 35 3 99 10 88 1 6 18 68 5 84 9 32
15 31 7 60 10 48 0 55 12 1 17 80 4 80 9 21 6 69 1 28 8 17 5 44 19 95 2 94 18 29 16 53 3 15 11 48 14 96 13 10
2 66 16 66 14 31 3 99 7 65 10 47 18 39 12 52 9 95 15 84 0 96 17 44 4 11 1 96 8 52 13 84 5 69 11 49 6 25 19 3
7 92 6 87 9 24 16 45 13 86 17 82 14 69 1 67 4 13 0 34 15 85 12 55 19 47 18 59 10 94 11 98 8 12 2 35 5 22 3 45
10 78 11 14 4 47 12 54 9 20 0 85 14 63 3 21 16 32 7 3 13 52 5 94 6 2 15 31 1 17 18 26 17 46 2 17 8 24 19 41
10 57 8 39 9 2 6 60 7 4 18 90 0 94 12 86 13 59 2 42 17 4 16 47 3 96 15 9 1 74 11 89 4 49 5 34 19 8 14 51
12 71 7 88 4 7 10 75 13 54 16 39 6 67 2 65 15 8 3 84 19 84 5 23 17 89 11 73 18 68 1 65 9 54 8 63 0 93 14 71
13 84 19 68 9 86 14 16 12 37 6 45 10 32 16 64 11 65 15 17 17 67 3 96 8 46 4 38 0 93 5 76 1 25 7 55 18 11 2 76
16 73 4 61 3 88 2 40 7 89 15 93 13 81 12 44 19 88 17 37 10 92 14 97 6 80 18 66 9 43 0 64 5 97 1 91 8 7 11 14
13 92 14 83 18 10 4 6 19 49 0 81 17 78 1 56 9 89 11 38 3 97 16 68 5 22 7 50 2 51 15 86 12 65 10 39 6 1 8 99
13 6 18 93 19 2 2 53 17 41 16 49 14 12 3 56 11 10 5 54 15 77 1 5 8 62 9 2 7 55 4 90 6 48 10 14 12 24 0 29
13 95 16 42 6 50 1 44 10 57 9 46 3 74 5 44 8 86 14 12 18 25 2 89 4 16 15 67 11 40 7 14 0 70 19 87 17 41 12 39
0 97 11 10 14 53 18 67 19 26 12 74 5 72 15 16 7 1 13 21 17 27 9 15 8 6 3 99 4 59 6 1 2 15 1 41 16 66 10 65
2 4 3 2 0 35 10 95 17 53 18 49 7 90 14 54 4 89 19 88 12 86 9 82 8 77 15 26 1 5 13 27 6 52 5 90 11 61 16 77
11 21 16 14 2 56 12 4 6 25 4 48 10 5 7 37 5 62 3 87 18 15 15 48 17 6 0 47 9 18 14 73 19 43 13 86 1 80 8 4
5 42 15 92 7 87 19 58 0 43 10 7 12 66 13 53 17 42 8 6 4 44 2 27 18 57 14 44 9 94 6 59 3 14 16 19 11 43 1 30
8 94 6 78 9 39 16 86 7 49 2 49 5 97 19 75 11 6 4 56 12 7 1 4 10 83 3 47 14 32 15 83 18 64 0 59 13 2 17 32
2 4 0 72 11 7 7 54 6 56 3 66 12 54 8 52 17 37 10 29 5 98 4 41 13 46 19 84 1 77 16 68 9 96 14 94 18 52 15 2
6 57 11 33 19 54 15 52 16 6 13 87 18 79 9 11 8 60 10 59 7 46 1 55 4 67 2 90 0 37 14 73 12 11 3 1 5 46 17 80
17 44 0 92 1 16 4 64 19 75 11 14 12 85 10 38 7 91 6 62 2 51 8 9 14 31 9 78 18 27 15 84 13 40 3 88 16 22 5 54
18 79 4 3 16 84 1 58 17 87 10 35 15 85 8 2 11 98 14 48 13 10 6 3 0 87 3 58 9 11 19 81 5 27 2 96 7 79 12 41
9 94 16 69 19 6 4 93 2 77 8 34 12 46 18 33 14 92 0 1 3 31 6 16 11 32 13 3 10 42 7 10 15 80 17 55 1 58 5 80
