30 15
1 47 3 20 7 83 14 38 5 61 10 15 8 45 6 80 0 76 2 99 12 50 11 58 4 18 13 22 9 36
1 38 3 96 14 55 8 22 5 48 11 32 13 43 4 25 9 81 2 34 0 76 7 29 12 73 6 90 10 66
10 8 6 46 12 13 7 17 8 1 13 97 0 36 3 44 14 93 9 23 5 97 2 25 1 90 4 29 11 60
11 63 2 83 7 79 13 3 3 32 9 51 0 44 10 71 1 44 6 18 14 77 5 83 8 97 12 47 4 96
3 99 13 25 6 3 1 79 4 44 0 12 8 24 12 84 11 91 2 35 14 13 7 30 10 94 5 6 9 75
13 36 11 96 7 28 14 99 9 59 12 97 1 48 3 78 6 19 2 81 4 70 0 80 5 49 8 66 10 85
8 39 11 39 5 72 4 76 7 5 6 91 12 5 3 38 13 47 9 22 10 35 1 66 14 29 2 61 0 41
12 89 13 16 11 99 0 8 5 8 10 56 2 81 4 80 7 65 14 10 6 13 1 57 3 62 9 6 8 29
1 59 2 82 12 21 13 85 10 59 7 17 11 35 8 19 0 3 4 41 9 49 14 65 6 36 3 80 5 64
10 3 12 84 4 59 5 48 11 74 3 58 13 44 7 34 6 14 9 81 0 96 14 7 1 24 2 53 8 74
4 40 13 40 0 13 10 91 8 6 9 91 5 96 3 2 14 94 2 53 11 82 7 45 12 24 1 64 6 14
12 90 7 46 1 65 9 84 13 70 2 84 3 51 0 10 14 7 11 30 5 55 4 67 6 46 8 35 10 46
1 89 9 55 5 19 12 38 7 90 0 47 3 23 6 59 10 14 4 23 2 68 8 10 14 88 13 5 11 97
2 86 12 24 4 4 9 11 6 81 11 33 10 64 13 3 1 91 0 92 3 21 14 94 8 97 7 29 5 74
7 39 1 3 4 61 6 48 5 4 13 25 8 52 10 62 11 35 3 80 0 25 9 89 12 10 14 81 2 32
3 20 2 26 7 86 9 59 13 22 12 94 4 38 0 4 8 12 11 18 14 72 6 72 5 31 1 58 10 39
0 19 13 52 4 68 5 38 9 65 6 9 12 18 7 81 11 82 1 4 8 46 14 39 3 11 2 70 10 66
6 45 11 35 10 89 0 91 4 49 13 31 3 59 8 29 1 33 9 88 14 54 12 75 5 60 7 69 2 43
4 40 1 56 8 21 6 68 12 6 14 23 2 43 5 85 7 9 9 31 11 16 13 45 3 78 0 29 10 40
10 93 14 7 13 82 5 36 6 28 4 21 7 36 0 20 3 21 12 13 2 60 11 57 1 24 9 54 8 4
8 63 1 29 12 71 3 22 13 42 14 15 7 36 10 43 4 31 0 93 2 15 5 32 11 18 9 78 6 97
13 6 11 2 8 18 9 78 2 21 14 24 7 1 4 39 1 80 3 82 6 12 0 87 10 73 5 60 12 67
13 53 2 5 0 93 3 10 12 34 11 69 5 63 10 23 7 84 14 2 9 70 6 56 1 81 8 23 4 15
0 8 10 89 2 65 12 25 13 80 3 74 1 77 7 93 4 98 11 36 9 17 14 59 5 79 6 31 8 40
12 53 13 48 10 97 11 6 5 46 4 2 9 70 0 86 7 98 6 63 8 19 14 76 2 63 1 94 3 88
3 93 10 62 11 52 14 20 12 53 13 79 4 20 6 14 8 11 5 96 9 92 1 21 0 65 7 98 2 29
10 46 3 53 12 47 13 92 9 99 14 18 7 86 4 17 6 43 1 92 8 44 11 12 2 90 5 97 0 8
7 4 3 44 4 94 1 44 14 6 2 2 10 90 9 53 8 71 12 55 5 50 11 55 0 24 13 27 6 73
7 66 6 12 5 84 2 88 4 39 10 76 11 49 0 2 14 48 8 12 1 66 13 81 3 32 9 42 12 48
2 84 8 64 7 54 3 75 1 92 10 82 11 86 14 23 9 19 6 17 4 99 12 35 13 71 0 16 5 72
