100 20
0 31 1 22 16 60 7 70 11 72 19 96 17 57 8 90 10 11 18 76 13 86 15 39 4 21 12 39 14 71 3 87 6 91 5 66 9 88 2 22
4 91 19 61 12 54 18 68 5 60 10 69 17 53 1 41 15 85 14 79 3 83 6 42 16 37 2 17 11 14 7 1 0 63 9 52 8 24 13 26
18 66 15 39 1 44 13 91 14 45 7 6 11 87 5 52 2 81 4 88 17 89 6 29 16 50 9 99 0 93 8 31 3 21 10 40 19 78 12 13
12 76 1 70 2 53 0 86 3 51 10 85 17 27 15 77 11 42 14 8 5 7 9 26 18 99 7 49 13 10 6 46 19 19 16 95 4 92 8 73
0 82 12 55 19 11 7 49 10 84 9 78 18 51 13 46 15 97 3 84 2 93 6 70 5 75 11 85 16 19 14 55 4 47 8 94 17 20 1 61
15 42 11 61 1 98 16 48 3 64 6 81 17 76 5 86 2 50 14 13 8 2 9 18 10 31 12 27 18 32 0 47 13 81 19 41 7 35 4 15
0 50 7 20 16 78 8 33 11 37 5 4 3 25 4 15 2 38 13 62 14 7 9 58 18 1 17 97 15 3 12 54 6 31 19 48 10 28 1 6
1 5 11 33 0 5 4 2 16 90 18 40 5 62 6 58 3 36 19 12 14 14 10 57 15 40 2 53 8 35 9 99 13 47 17 94 7 73 12 22
19 18 13 39 7 48 9 46 4 81 6 63 8 78 1 15 12 59 5 3 16 1 11 49 14 40 2 76 15 58 3 73 17 41 0 34 10 88 18 27
5 81 2 48 13 23 12 11 17 61 14 23 10 45 15 2 6 89 11 1 3 52 19 42 8 98 4 57 0 4 18 42 9 43 1 69 7 53 16 66
4 39 3 20 9 36 12 41 13 92 14 25 1 85 2 54 5 20 16 76 11 86 6 17 10 23 19 12 7 65 0 98 18 23 17 52 8 36 15 8
11 10 14 61 8 48 18 63 0 19 13 22 9 52 4 42 15 83 6 12 5 39 3 49 12 97 17 51 1 54 2 47 10 24 16 97 7 60 19 48
16 57 10 15 15 40 11 50 12 88 6 7 1 4 2 92 9 55 0 26 13 31 18 92 8 86 14 49 4 51 17 44 7 14 5 98 19 85 3 68
15 98 5 43 1 22 4 31 0 52 10 54 16 19 11 87 19 64 3 31 9 6 8 89 13 17 7 34 12 72 14 47 18 8 6 33 17 13 2 88
8 37 4 77 3 34 15 17 11 97 18 6 14 31 9 78 0 1 6 19 16 32 19 94 7 88 12 15 10 59 13 3 1 48 2 14 17 61 5 76
19 76 16 58 1 38 4 46 13 63 12 9 5 67 8 65 14 85 15 84 9 73 0 5 3 31 18 16 10 78 2 92 7 22 6 98 17 30 11 78
2 73 13 59 4 45 1 18 18 78 3 90 12 58 6 29 11 73 17 68 10 67 16 71 19 84 14 33 9 1 5 91 0 88 8 3 15 51 7 35
3 31 7 91 12 32 8 42 19 61 6 93 1 84 10 38 0 29 4 39 14 6 13 31 18 62 15 45 11 95 2 67 9 24 5 32 16 98 17 29
18 5 10 33 8 84 1 7 17 97 9 52 16 43 7 53 2 67 13 38 3 82 15 28 0 62 12 90 19 49 11 12 14 2 6 68 5 41 4 53
6 77 11 54 15 83 0 8 9 89 16 34 4 28 3 4 2 23 10 82 18 20 8 68 13 27 7 31 12 99 19 60 1 88 5 31 17 35 14 20
14 64 7 75 1 87 0 42 11 20 8 77 2 88 16 94 18 79 3 83 12 44 17 95 19 30 9 92 15 78 4 11 5 88 6 31 13 47 10 79
18 73 17 10 8 49 9 38 15 28 6 18 7 97 13 87 11 94 19 40 5 14 4 50 1 30 3 3 16 90 12 75 14 94 10 3 0 3 2 5
18 50 6 60 0 43 3 92 8 49 2 55 4 28 19 61 5 9 1 95 17 81 11 79 10 37 15 50 16 51 14 69 9 6 12 32 7 27 13 98
9 89 18 52 4 41 0 98 6 50 1 83 16 34 14 50 15 15 11 26 19 44 12 37 17 92 7 5 3 36 5 20 2 38 13 61 10 42 8 23
3 84 8 63 6 37 4 91 16 56 5 64 19 62 2 62 1 15 15 66 7 55 10 39 9 15 12 93 17 72 18 17 14 63 0 73 11 46 13 41
2 89 5 64 18 54 14 12 3 44 6 61 10 52 4 96 15 22 19 7 16 24 12 54 13 95 1 12 7 61 0 46 8 75 9 48 11 54 17 58
10 15 8 13 13 48 3 59 15 65 12 85 7 57 18 8 16 92 4 76 14 87 1 82 19 43 11 42 5 55 2 52 17 38 9 78 6 37 0 56
2 3 11 18 17 70 13 43 6 19 8 42 18 35 4 8 16 1 5 91 15 58 3 65 14 99 0 94 12 98 19 85 10 25 9 98 7 57 1 30
4 51 15 72 2 99 5 91 9 39 18 36 13 40 6 45 12 8 19 14 7 34 14 57 3 68 8 27 1 4 11 7 10 34 0 68 17 40 16 7
7 79 11 28 14 1 8 16 0 87 10 23 6 62 19 55 15 35 17 56 9 15 3 9 12 51 2 81 18 12 5 49 16 49 1 88 13 20 4 59
16 77 6 26 19 12 13 20 18 76 7 75 0 39 2 73 11 85 5 39 14 28 12 55 4 32 3 50 10 32 9 89 8 83 17 69 1 40 15 92
3 66 18 97 13 86 14 16 16 11 15 96 11 99 2 26 10 30 0 49 4 39 12 86 7 89 8 67 19 41 5 16 1 2 6 82 9 1 17 27
8 34 10 44 19 46 11 41 7 94 2 91 6 24 9 5 5 16 3 25 4 12 1 87 15 6 14 47 0 12 18 76 16 90 13 92 17 24 12 16
5 80 16 33 14 62 4 40 2 68 6 75 7 10 3 38 18 14 17 47 13 46 15 77 10 83 12 34 1 59 11 78 8 6 9 17 19 31 0 20
6 54 8 55 14 85 7 6 19 88 17 41 12 12 1 91 10 22 0 80 16 53 11 2 15 35 4 39 3 89 5 38 13 83 2 26 9 11 18 59
1 70 18 63 19 62 9 72 5 77 12 48 6 62 13 47 17 2 2 35 15 83 14 97 11 80 0 63 7 85 16 84 3 20 8 95 10 12 4 78
2 77 10 67 15 10 19 91 4 7 16 35 1 85 12 88 14 42 5 30 6 94 8 66 17 99 3 34 18 47 11 31 0 36 7 76 9 35 13 71
17 30 6 50 19 28 12 96 7 2 8 93 2 69 4 32 3 44 11 28 0 88 5 40 13 61 1 85 14 48 18 34 16 75 10 16 15 93 9 83
4 67 14 55 15 71 19 34 11 91 13 99 2 43 6 86 18 82 1 31 3 8 12 41 17 29 16 3 0 35 8 41 7 91 9 26 5 20 10 4
11 46 16 83 2 47 17 9 6 2 19 6 3 8 18 90 8 91 13 80 12 13 15 42 10 67 14 39 5 20 1 74 7 20 4 42 0 74 9 35
2 3 8 95 9 71 6 89 14 30 13 90 11 23 1 42 17 81 19 13 4 1 18 86 3 26 15 69 12 2 5 6 16 56 0 76 7 26 10 81
5 44 12 30 3 9 2 63 17 18 9 48 4 28 8 10 7 69 0 32 16 99 19 2 11 77 6 44 18 17 15 36 13 63 10 3 1 21 14 83
8 38 19 7 18 27 5 8 10 26 12 36 16 60 9 99 14 82 11 21 17 20 6 78 7 65 0 22 2 38 3 82 15 77 4 57 13 39 1 34
17 83 12 10 6 41 18 3 14 4 7 19 0 85 11 12 19 62 4 20 16 75 9 19 10 84 15 47 1 43 8 44 5 29 2 63 13 8 3 16
19 49 9 47 15 77 0 57 5 81 17 21 11 98 4 1 13 47 8 11 2 30 10 57 12 51 14 15 6 93 18 5 1 25 3 23 16 49 7 95
17 65 1 19 4 87 8 43 14 86 15 89 0 2 16 74 3 53 18 81 11 28 9 63 2 88 13 78 6 94 10 54 7 92 12 36 5 92 19 42
16 53 11 93 15 60 17 69 9 41 4 7 18 77 3 36 7 36 8 26 13 35 19 30 5 64 14 75 10 3 1 35 0 60 6 71 12 29 2 47
7 15 15 29 8 43 13 88 17 56 19 22 0 9 5 45 12 40 14 50 6 52 18 76 4 66 9 72 16 38 10 10 3 37 1 25 2 62 11 94
0 18 6 20 10 25 16 18 7 14 8 90 11 49 19 75 5 59 2 20 18 78 12 57 9 80 13 94 4 20 3 22 15 52 1 21 17 23 14 37
16 56 10 40 6 23 9 85 0 80 4 72 15 2 5 50 3 99 12 46 8 72 13 74 1 59 14 75 11 6 19 71 17 52 2 95 7 32 18 45
17 97 4 3 3 70 18 88 8 20 14 24 19 6 1 77 6 36 12 83 13 53 9 70 2 67 7 35 0 51 16 18 10 40 11 84 5 40 15 10
4 51 9 64 19 24 16 51 6 93 5 56 0 91 10 7 12 48 11 27 3 12 14 11 8 36 7 66 1 41 2 88 15 23 18 6 13 38 17 2
18 4 8 99 7 52 6 64 17 7 14 77 0 91 5 4 15 18 11 85 13 28 4 48 16 66 19 33 9 61 10 40 3 37 2 14 1 5 12 24
1 79 17 41 16 94 7 39 11 82 12 49 3 35 6 22 13 50 0 58 19 56 5 60 14 68 18 66 15 24 2 16 4 32 10 2 9 27 8 33
6 78 2 51 13 89 10 53 1 65 18 16 11 26 19 51 12 72 4 37 9 32 8 35 15 40 5 5 7 17 14 52 0 97 16 54 3 52 17 48
11 34 14 38 9 27 18 87 5 35 6 68 7 8 8 5 0 36 19 74 1 87 2 38 16 94 15 31 10 13 13 41 17 15 4 22 12 67 3 30
2 27 3 52 1 27 16 66 18 90 0 86 15 39 11 87 5 27 17 89 6 26 9 25 10 80 4 82 8 21 13 25 19 55 12 27 7 20 14 81
16 47 12 79 8 26 5 72 7 10 19 11 17 90 15 89 3 10 6 30 14 99 0 26 18 54 1 75 11 88 9 25 10 9 2 38 13 66 4 39
3 66 2 28 17 96 10 88 0 50 4 88 14 46 8 91 12 65 7 5 13 14 1 51 16 23 11 87 19 67 9 62 6 68 18 4 15 47 5 49
13 33 11 79 2 61 14 2 0 73 5 35 3 57 19 58 4 12 16 46 10 82 7 59 6 56 17 24 18 33 15 22 1 78 9 1 12 48 8 41
12 91 8 87 19 54 7 63 13 76 2 13 9 26 1 70 11 77 16 85 3 60 15 42 6 77 0 63 18 13 5 32 4 42 17 54 10 50 14 83
6 60 2 15 11 61 0 91 4 15 17 13 13 76 12 44 3 58 19 18 14 1 9 60 5 80 18 94 16 29 1 11 15 14 7 49 10 89 8 44
3 83 5 39 12 52 1 63 14 74 15 81 13 16 17 93 10 4 8 35 19 29 11 69 2 67 0 21 18 32 16 58 9 84 4 62 6 55 7 59
12 74 6 84 16 90 1 3 18 91 5 25 17 88 3 15 2 67 14 13 19 28 10 16 15 69 4 89 8 50 13 54 7 48 11 68 9 30 0 9
12 79 18 63 16 57 8 91 1 61 19 88 14 41 4 8 6 12 13 22 5 98 3 81 7 89 9 15 15 80 0 85 17 6 10 8 11 97 2 14
12 59 3 48 6 2 16 83 18 59 19 15 11 25 7 81 14 78 13 37 8 11 17 83 0 48 5 28 10 36 15 17 2 19 1 7 4 90 9 72
0 90 17 61 15 27 7 92 2 3 11 34 3 25 13 93 5 43 6 20 9 50 4 41 12 17 14 70 8 25 18 39 19 41 16 61 1 60 10 94
0 20 2 76 1 1 18 78 10 92 12 18 14 50 13 94 8 20 5 59 15 86 9 86 4 48 6 87 17 3 3 91 16 91 11 84 19 47 7 73
3 60 2 93 5 51 10 58 16 65 12 60 7 67 13 79 15 52 17 95 19 3 14 33 18 84 8 97 11 91 0 93 1 19 9 74 6 1 4 41
0 33 16 72 10 12 9 91 18 26 2 48 11 13 17 97 15 31 5 71 6 85 1 79 3 66 4 75 19 49 13 44 7 89 12 4 14 29 8 30
12 41 8 86 2 93 3 32 18 2 5 36 11 72 10 54 15 97 19 96 6 90 1 46 14 26 0 34 17 85 16 28 13 63 9 92 7 82 4 41
12 44 16 60 14 51 10 19 15 58 7 27 1 44 0 16 18 44 11 25 4 3 3 31 17 9 9 42 19 56 2 75 6 11 5 6 13 12 8 20
1 32 2 37 0 13 17 68 6 72 4 78 13 29 18 68 14 51 3 77 19 91 11 28 12 95 5 93 15 19 9 14 7 51 16 49 8 44 10 59
10 22 16 99 1 59 13 35 0 2 9 4 3 89 15 30 8 89 2 8 19 68 5 24 17 48 14 62 7 6 4 65 11 6 6 22 12 64 18 58
11 25 8 81 13 27 15 19 18 78 2 82 19 86 10 64 5 67 1 96 7 35 3 37 0 66 17 50 6 64 12 64 14 66 16 38 9 38 4 94
2 79 0 84 1 55 13 19 7 84 10 46 6 75 5 58 4 66 9 31 14 33 3 70 12 81 15 34 8 44 16 81 18 51 11 65 17 81 19 90
15 58 13 88 18 51 6 71 5 38 16 9 8 84 14 49 2 99 0 29 1 14 9 64 7 39 17 24 19 64 10 31 11 68 3 83 4 92 12 82
4 36 18 93 16 76 0 92 19 1 12 35 13 33 9 96 17 38 2 19 1 64 11 86 8 45 6 55 14 54 7 95 3 14 15 38 10 75 5 27
17 76 10 79 2 84 4 19 0 18 5 11 7 44 15 62 8 81 18 35 9 81 13 20 1 74 16 60 11 33 12 48 14 39 6 52 19 87 3 95
13 27 7 61 12 59 1 81 17 72 0 17 9 58 15 70 8 54 18 61 11 37 16 57 2 99 4 22 14 72 5 38 19 85 10 23 6 85 3 15
9 4 5 49 10 9 12 15 0 25 14 7 1 63 13 79 16 6 4 85 7 30 6 12 8 34 18 38 2 6 11 59 15 62 3 59 19 34 17 72
2 97 0 70 19 44 17 95 18 58 6 99 7 72 16 41 1 77 10 62 5 78 9 36 12 75 14 28 3 91 15 39 8 32 13 56 4 60 11 64
5 21 19 15 17 80 12 85 14 28 9 22 2 53 16 58 7 69 15 62 13 60 1 48 8 66 10 91 3 38 0 66 4 54 18 5 11 24 6 1
2 49 5 71 14 49 9 41 19 92 11 64 7 78 0 95 13 55 10 63 3 19 8 18 15 2 17 45 12 35 4 14 6 7 1 32 16 78 18 97
13 30 15 24 14 9 16 20 9 22 12 82 5 22 0 78 3 14 18 59 6 23 4 22 2 96 1 31 11 37 7 67 19 20 17 41 8 62 10 2
6 9 8 10 2 61 16 37 14 87 17 63 19 88 15 27 10 40 18 76 12 76 9 19 0 58 7 16 11 2 4 10 1 73 3 96 13 1 5 1
14 95 8 29 11 63 3 71 5 60 10 27 6 76 12 12 17 18 9 47 7 8 1 31 13 18 19 33 4 34 2 40 0 13 15 76 18 67 16 90
15 25 19 41 9 6 0 24 11 47 16 10 18 45 6 43 17 31 4 65 2 21 10 19 5 97 12 11 1 7 3 84 8 93 14 80 13 4 7 39
0 94 6 57 7 15 11 37 3 89 8 13 16 96 19 67 12 78 1 23 18 1 10 12 2 33 15 58 13 66 17 48 5 42 4 61 14 95 9 24
5 5 1 20 15 85 10 30 19 89 14 98 6 16 17 89 16 22 4 3 3 57 18 60 0 62 11 4 12 79 2 56 7 89 9 89 13 5 8 98
5 28 12 68 8 65 10 27 9 35 3 10 4 63 6 49 15 63 13 64 16 42 18 25 0 49 19 32 17 46 14 42 2 40 1 14 11 3 7 32
16 38 11 85 2 29 14 2 12 30 17 69 7 22 1 50 5 36 0 37 3 31 10 3 19 28 8 59 18 95 13 2 15 40 9 96 6 42 4 45
18 77 3 14 8 60 14 56 15 21 1 6 10 88 2 43 5 53 11 84 13 60 6 69 9 90 17 55 12 5 7 51 16 95 4 96 0 59 19 76
13 25 7 85 8 39 16 37 17 12 9 60 5 90 6 52 4 2 10 45 14 52 1 66 11 67 12 42 2 86 18 53 0 20 15 32 19 98 3 36
19 66 15 20 0 32 14 23 5 50 18 38 12 71 11 28 4 33 8 44 13 12 17 61 9 46 3 4 7 53 10 29 16 40 2 47 6 42 1 69
7 58 4 56 15 45 12 40 17 93 0 77 2 60 8 66 1 20 11 86 14 90 19 5 6 49 3 70 9 19 5 18 18 15 16 27 10 24 13 77
12 35 7 18 1 85 17 72 14 50 9 68 0 68 15 62 10 21 19 26 3 33 5 73 6 64 2 22 11 57 8 17 16 81 18 80 4 36 13 90
9 28 7 86 19 93 12 29 11 78 3 15 18 47 16 34 10 83 5 51 17 29 8 80 6 58 15 89 4 66 0 96 2 45 14 69 13 85 1 11
12 17 13 19 7 88 17 66 0 76 4 76 9 30 15 96 11 47 18 52 6 75 19 84 3 80 14 65 5 73 10 41 16 93 8 9 1 41 2 13
15 40 18 80 4 82 16 81 10 56 7 41 2 44 3 21 1 77 11 23 12 43 0 3 14 2 6 45 19 20 8 8 9 16 13 74 5 72 17 87
