50 20
4 49 11 85 16 51 8 51 3 89 13 99 12 40 9 34 17 13 18 19 6 51 0 62 15 66 1 56 5 77 7 79 14 60 2 35 19 38 10 99
17 32 13 84 19 34 4 47 9 95 5 58 2 64 15 15 14 53 18 49 11 72 6 38 7 66 12 77 1 86 10 7 3 13 8 52 16 99 0 16
1 62 19 69 12 75 0 67 6 23 8 92 7 56 10 81 3 29 5 74 17 89 15 97 9 38 2 59 13 91 14 83 4 69 11 14 18 22 16 89
2 18 1 99 11 74 18 72 15 35 9 10 0 85 4 22 5 85 10 99 12 68 16 24 13 74 19 62 8 98 14 84 17 88 3 15 7 26 6 97
0 24 18 37 6 10 12 83 11 57 9 96 4 87 15 79 19 37 16 75 5 62 2 92 13 49 17 24 1 26 3 82 7 7 8 92 10 24 14 39
11 78 4 78 12 58 17 52 8 82 14 76 16 54 5 8 2 22 15 81 13 64 3 36 9 14 6 16 10 63 18 93 0 37 19 54 7 53 1 26
12 13 5 53 0 50 4 74 11 8 18 50 17 68 14 45 1 12 6 70 2 4 19 32 7 58 16 40 9 11 10 66 3 38 8 7 13 28 15 98
10 95 9 51 5 84 0 40 4 77 17 61 12 30 3 53 8 24 6 79 14 8 13 10 1 48 19 16 16 80 15 18 11 40 18 33 7 19 2 66
19 26 11 36 2 70 15 18 6 49 12 84 9 10 8 67 3 37 14 94 18 40 1 42 10 80 17 33 7 31 5 28 13 49 16 8 0 9 4 67
19 39 2 23 11 45 18 28 10 99 12 40 1 2 4 51 9 20 16 34 5 88 13 52 6 94 17 30 8 28 3 49 14 79 0 41 15 84 7 97
4 2 14 65 5 43 11 39 13 81 1 11 19 88 18 80 6 64 15 35 10 64 0 6 7 92 12 46 17 48 2 2 16 63 3 86 9 46 8 18
15 7 14 89 2 42 4 7 1 70 6 61 5 32 10 17 17 82 19 88 12 88 7 75 11 89 3 39 9 30 13 84 16 53 18 57 8 2 0 89
8 82 5 42 10 62 15 64 1 9 12 64 3 51 6 5 16 55 18 81 7 95 11 18 0 77 14 92 17 88 19 98 9 1 2 68 13 81 4 86
5 17 1 2 10 50 14 31 3 98 4 38 19 71 9 2 18 92 11 40 7 79 15 57 8 60 12 92 0 98 2 7 6 20 16 5 13 74 17 11
15 8 19 94 18 9 0 33 6 6 2 7 5 15 12 59 9 50 7 35 1 27 13 19 11 71 8 4 4 35 10 45 17 94 14 51 3 85 16 85
11 18 16 11 6 8 2 22 3 90 0 66 15 67 14 94 9 18 10 26 12 70 17 85 4 29 18 13 7 39 19 14 13 92 8 85 1 54 5 25
11 96 19 47 16 81 2 50 12 55 0 50 17 53 6 38 10 99 13 47 3 40 7 5 8 95 1 96 4 50 15 75 18 78 14 14 5 85 9 91
16 81 10 17 11 83 17 19 6 69 8 61 14 38 15 33 3 65 0 59 13 53 2 49 4 84 9 12 5 78 18 15 7 94 1 45 12 9 19 64
14 84 6 79 9 28 12 46 8 73 18 80 7 76 10 81 13 17 2 49 11 8 3 77 16 77 5 51 0 26 4 11 15 30 1 96 19 39 17 66
16 86 3 11 10 5 15 67 4 89 19 70 6 44 12 25 18 87 2 94 8 26 17 62 14 70 1 57 11 54 5 90 7 97 9 5 13 76 0 15
6 57 10 43 12 53 11 15 14 65 5 37 8 2 9 68 15 15 16 98 13 60 1 54 0 79 17 66 3 45 19 58 2 17 4 43 7 82 18 11
2 82 15 82 6 96 13 63 1 89 19 73 12 86 10 48 0 11 9 1 8 44 18 28 14 51 11 51 3 50 5 86 7 8 17 71 4 62 16 48
15 57 17 58 11 19 5 70 4 53 0 39 12 28 16 51 8 21 1 4 10 62 9 13 18 70 13 49 19 53 6 81 3 6 2 64 7 29 14 71
16 80 13 95 15 12 9 40 7 89 12 17 5 15 3 8 1 49 6 7 0 11 18 46 4 88 10 27 19 44 11 62 8 18 14 41 2 96 17 20
16 77 11 23 13 45 9 35 18 96 5 50 7 29 14 2 6 42 1 33 4 36 3 59 0 19 17 83 2 38 19 60 10 3 8 15 15 75 12 79
17 5 10 37 4 76 0 21 16 33 3 51 1 93 2 17 5 71 18 66 11 64 6 61 15 77 14 77 8 97 12 91 7 2 19 12 13 12 9 66
10 91 9 97 15 62 17 92 5 55 13 2 14 42 16 27 8 72 19 30 12 43 0 68 11 80 3 3 1 91 6 23 2 67 4 43 7 45 18 52
18 71 2 51 14 82 4 23 13 2 3 16 16 73 1 75 7 46 5 95 11 52 9 11 12 63 6 72 10 2 19 36 0 10 17 4 8 27 15 59
11 77 10 4 6 94 9 18 17 55 5 43 1 15 2 82 19 29 3 87 16 54 8 66 14 19 13 55 4 13 0 88 18 63 7 20 12 59 15 76
1 22 5 99 17 36 10 67 7 68 12 30 11 43 9 53 0 34 6 12 8 39 2 1 3 80 15 6 4 77 19 56 16 22 18 96 13 12 14 98
1 48 3 28 10 64 17 73 6 47 8 29 9 89 5 58 14 54 0 25 4 37 15 56 7 20 18 3 2 8 13 7 12 78 11 71 19 51 16 73
2 99 3 37 8 15 5 12 15 76 12 91 18 4 16 4 19 27 10 82 9 9 17 28 13 25 6 41 7 62 1 83 11 14 4 62 14 15 0 5
9 59 4 40 5 80 14 55 3 23 17 57 10 97 15 62 12 69 6 71 2 9 13 94 19 57 8 5 0 58 1 44 11 4 7 3 18 53 16 25
12 49 0 37 3 56 2 9 13 24 17 49 18 50 1 54 5 2 7 72 14 53 8 94 10 29 11 88 15 66 6 44 16 60 9 10 4 99 19 47
13 79 8 66 16 29 3 16 12 53 14 43 4 19 17 34 19 27 10 83 7 7 18 34 9 44 6 25 11 16 2 35 0 57 1 90 15 29 5 66
4 28 11 29 18 29 1 86 8 15 16 60 15 44 6 62 14 18 2 39 10 43 0 1 17 21 19 2 12 62 7 14 3 60 9 85 5 66 13 7
13 44 9 74 10 55 15 73 5 33 6 18 2 49 14 44 19 69 1 75 4 26 16 9 12 75 0 58 7 16 3 7 17 24 8 43 18 52 11 43
16 80 15 90 19 18 10 17 1 65 17 67 3 48 14 93 2 53 6 95 0 60 8 33 9 2 12 9 18 71 13 69 5 54 11 38 4 6 7 43
3 96 19 85 11 37 15 94 8 61 5 8 10 87 14 58 18 84 0 38 17 61 7 10 13 90 9 12 2 53 4 12 6 44 1 21 12 80 16 58
6 25 17 97 13 23 9 16 4 26 2 14 18 67 15 60 16 62 12 88 19 15 5 66 3 98 1 48 8 15 11 94 7 27 14 66 0 31 10 94
19 49 4 78 7 49 17 11 2 62 5 63 10 6 12 86 3 34 11 14 6 29 0 44 15 89 13 6 8 19 9 89 14 65 16 59 1 97 18 51
10 46 17 80 14 34 13 45 12 76 2 20 8 6 18 52 3 41 9 75 19 44 16 1 6 22 11 4 4 79 0 40 5 52 15 79 1 95 7 27
10 35 7 43 16 84 0 64 3 52 11 1 5 73 17 38 2 98 9 30 15 20 18 39 14 3 1 79 19 19 4 56 12 16 6 77 8 87 13 21
0 1 19 81 18 83 5 8 13 4 1 90 6 96 12 13 16 64 10 38 2 20 15 5 3 48 4 64 9 66 7 19 8 81 17 37 11 40 14 99
15 63 9 88 6 26 8 44 5 72 4 39 16 37 11 68 1 90 13 73 3 88 0 86 7 68 10 90 2 13 14 39 12 13 18 3 19 9 17 35
5 46 14 78 9 22 19 40 4 84 2 62 15 12 16 85 10 49 12 8 13 34 17 25 0 63 3 8 11 46 6 45 18 25 8 87 1 43 7 9
16 41 4 95 8 51 2 86 14 1 11 36 10 99 15 66 0 90 12 35 7 54 3 14 19 12 1 20 13 29 17 32 6 67 18 93 5 99 9 4
5 45 6 50 16 10 14 46 17 98 1 52 0 95 18 40 10 52 8 37 12 77 4 61 15 1 9 44 11 29 2 21 3 44 7 20 19 98 13 66
17 86 2 45 7 26 8 13 6 13 0 51 10 24 12 2 1 4 18 7 19 48 3 35 9 31 14 22 11 64 13 72 5 7 4 61 16 89 15 37
9 78 2 46 10 3 0 66 16 38 11 64 5 87 12 78 1 74 18 24 17 40 7 40 8 87 4 52 15 23 13 86 3 88 14 8 19 56 6 59
