30 15
1 50 10 19 7 44 4 75 12 76 3 87 8 1 0 94 6 39 9 23 14 89 13 44 2 21 11 28 5 11
2 24 7 12 0 60 14 67 9 33 13 77 12 66 11 42 4 44 3 57 10 16 6 84 8 96 1 87 5 62
2 10 10 63 9 23 5 81 13 50 6 72 7 4 1 72 14 23 12 34 11 54 4 97 0 14 8 85 3 4
7 90 11 82 12 46 10 37 14 65 0 62 2 67 4 91 1 59 9 80 3 55 13 36 6 23 5 32 8 78
13 48 3 39 7 11 14 61 4 3 0 15 11 8 2 90 5 84 10 45 1 50 9 66 8 33 12 49 6 17
1 41 13 19 11 76 14 11 7 60 4 21 10 44 9 91 2 23 6 79 3 86 0 13 5 46 8 53 12 57
6 55 13 11 8 81 4 15 3 40 9 98 14 15 0 13 2 29 1 37 5 67 11 59 10 48 12 58 7 42
7 10 11 16 3 49 1 93 14 82 12 54 6 99 0 62 13 66 10 89 4 89 2 92 8 43 9 47 5 19
8 17 11 86 7 82 5 26 2 79 13 61 6 29 1 62 12 71 10 82 4 75 0 8 3 52 14 61 9 40
7 25 13 78 6 98 3 10 9 80 2 52 4 29 12 58 11 51 8 70 0 8 10 22 1 44 5 37 14 63
13 87 3 3 2 45 0 90 8 35 5 38 4 66 6 84 12 82 1 41 10 78 14 92 7 94 9 16 11 50
4 36 14 47 0 61 11 82 10 71 8 11 13 15 5 46 1 76 2 63 3 89 7 66 6 11 12 33 9 12
7 4 1 51 8 84 0 90 13 3 5 61 11 43 10 2 9 72 6 89 2 47 12 88 14 19 4 96 3 1
6 66 12 12 4 43 9 55 11 41 2 98 5 63 8 62 0 57 14 90 10 20 7 14 13 37 3 72 1 63
7 5 11 43 5 84 13 71 6 51 3 69 2 41 1 87 10 62 9 23 12 87 0 17 4 41 8 19 14 29
4 4 3 69 2 74 7 14 9 37 13 42 6 56 12 99 14 4 0 6 11 11 10 87 8 20 5 82 1 14
10 1 9 63 14 87 0 95 1 14 4 71 7 49 11 6 8 48 3 61 12 23 13 40 5 77 2 57 6 22
1 18 4 33 13 75 14 7 10 40 0 93 2 65 7 39 8 62 11 49 6 89 3 34 12 90 9 59 5 79
4 29 2 25 9 60 5 70 3 27 7 68 1 68 11 43 8 37 14 50 6 28 0 36 10 85 13 67 12 60
2 17 8 95 10 62 13 89 14 98 7 47 12 49 5 88 11 98 9 23 4 76 1 88 0 81 6 69 3 74
14 61 0 79 1 78 13 39 3 80 5 23 2 49 12 64 6 23 4 16 8 33 9 51 11 50 7 80 10 66
13 30 8 98 3 35 1 59 11 27 4 36 7 30 12 54 0 36 5 61 9 33 6 65 10 97 2 2 14 12
14 79 13 71 3 3 9 7 1 45 5 7 12 60 0 16 6 61 4 59 11 96 2 28 10 67 7 36 8 48
6 24 14 62 0 22 8 70 7 73 5 76 1 15 13 70 3 46 9 57 2 15 11 76 4 14 12 66 10 82
6 62 13 27 2 44 3 81 7 44 11 25 10 43 0 70 8 62 14 62 4 25 1 16 9 8 5 28 12 71
7 92 2 95 10 58 12 30 11 3 5 45 9 59 4 69 6 99 0 56 3 4 14 25 1 73 8 47 13 41
4 97 3 5 10 39 11 70 5 72 8 27 0 99 12 24 13 51 7 99 9 27 1 40 2 96 14 15 6 46
14 72 11 31 7 72 9 39 10 94 2 88 6 38 0 2 3 32 8 48 1 55 13 71 4 97 5 87 12 93
0 46 3 32 12 45 2 49 13 93 5 12 10 38 8 2 14 71 7 40 1 62 11 8 4 19 6 62 9 54
6 37 14 73 9 15 7 25 5 64 3 12 0 67 2 75 4 96 13 88 8 9 12 21 1 32 10 6 11 84
