30 15
11 75 0 90 12 41 6 15 1 77 13 79 2 56 9 51 14 50 3 19 5 44 4 75 8 76 7 87 10 1
8 94 7 39 14 23 3 89 12 44 10 21 0 28 9 11 1 24 5 12 13 60 4 67 2 33 11 77 6 66
1 42 2 44 6 57 8 16 10 84 0 96 13 87 7 62 14 10 11 63 12 23 3 81 5 50 9 72 4 4
2 72 6 23 4 34 10 54 7 97 5 14 8 85 14 4 0 90 9 82 11 46 12 37 1 65 3 62 13 67
8 91 14 59 3 80 5 55 10 36 12 23 13 32 4 78 9 48 6 39 7 11 11 61 1 3 0 15 2 8
3 90 0 84 6 45 2 50 11 66 4 33 9 49 14 17 8 41 7 19 1 76 10 11 5 60 13 21 12 44
7 91 14 23 1 79 12 86 9 13 10 46 4 53 11 57 13 55 2 11 6 81 3 15 0 40 5 98 8 15
7 13 10 29 4 37 6 67 3 59 12 48 14 58 13 42 5 10 9 16 8 49 0 93 2 82 1 54 11 99
2 62 14 66 11 89 6 89 9 92 0 43 10 47 4 19 3 17 7 86 5 82 1 26 13 79 12 61 8 29
7 62 3 71 8 82 13 75 14 8 0 52 11 61 4 40 1 25 5 78 9 98 2 10 10 80 6 52 12 29
13 58 10 51 1 70 6 8 5 22 14 44 12 37 3 63 7 87 8 3 2 45 4 90 9 35 0 38 11 66
3 84 12 82 0 41 2 78 8 92 4 94 13 16 9 50 14 36 5 47 6 61 7 82 1 71 10 11 11 15
4 46 9 76 0 63 11 89 10 66 8 11 13 33 5 12 1 4 2 51 3 84 7 90 14 3 6 61 12 43
7 2 1 72 8 89 0 47 13 88 5 19 11 96 10 1 9 66 6 12 2 43 12 55 14 41 4 98 3 63
6 62 12 57 4 90 9 20 11 14 2 37 5 72 8 63 0 5 14 43 10 84 7 71 13 51 3 69 1 41
7 87 11 62 5 23 13 87 6 17 3 41 2 19 1 29 10 4 9 69 12 74 0 14 4 37 8 42 14 56
4 99 3 4 2 6 7 11 9 87 13 20 6 82 12 14 14 1 0 63 11 87 10 95 8 14 5 71 1 49
10 6 9 48 14 61 0 23 1 40 4 77 7 57 11 22 8 18 3 33 12 75 13 7 5 40 2 93 6 65
1 39 4 62 13 49 14 89 10 34 0 90 2 59 7 79 8 29 11 25 6 60 3 70 12 27 9 68 5 68
4 43 2 37 9 50 5 28 3 36 7 85 1 67 11 60 8 17 14 95 6 62 0 89 10 98 13 47 12 49
2 88 8 98 10 23 13 76 14 88 7 81 12 69 5 74 11 61 9 79 4 78 1 39 0 80 6 23 3 49
14 64 0 23 1 16 13 33 3 51 5 50 2 80 12 66 6 30 4 98 8 35 9 59 11 27 7 36 10 30
13 54 8 36 3 61 1 33 11 65 4 97 7 2 12 12 0 79 5 71 9 3 6 7 10 45 2 7 14 60
14 16 13 61 3 59 9 96 1 28 5 67 12 36 0 48 6 24 4 62 11 22 2 70 10 73 7 76 8 15
6 70 14 46 0 57 8 15 7 76 5 14 1 66 13 82 3 62 9 27 2 44 11 81 4 44 12 25 10 43
6 70 13 62 2 62 3 25 7 16 11 8 10 28 0 71 8 92 14 95 4 58 1 30 9 3 5 45 12 59
7 69 2 99 10 56 12 4 11 25 5 73 9 47 4 41 6 97 0 5 3 39 14 70 1 72 8 27 13 99
4 24 3 51 10 99 11 27 5 40 8 96 0 15 12 46 13 72 7 31 9 72 1 39 2 94 14 88 6 38
14 2 11 32 7 48 9 55 10 71 2 97 6 87 0 93 3 46 8 32 1 45 13 49 4 93 5 12 12 38
0 2 3 71 12 40 2 62 13 8 5 19 10 62 8 54 14 37 7 73 1 15 11 25 4 64 6 12 9 67
