100 20
17 55 11 96 13 64 14 13 12 97 1 7 3 46 7 53 10 45 9 85 19 50 2 22 6 15 15 90 5 48 8 38 0 52 4 66 16 53 18 79
7 44 3 81 17 83 0 59 5 35 4 14 19 14 16 90 10 44 6 94 8 18 9 64 12 97 11 93 15 91 2 8 1 58 18 71 14 16 13 68
19 83 5 69 6 83 7 46 2 16 4 33 15 89 9 54 14 90 0 17 12 27 10 78 3 52 8 58 13 63 16 23 11 45 1 54 17 92 18 3
9 12 0 71 17 30 5 86 14 14 3 15 13 98 12 90 1 11 2 82 10 55 6 83 19 66 11 31 8 22 18 60 16 70 15 72 7 96 4 57
0 90 1 11 15 76 19 86 11 39 18 21 16 39 8 71 10 87 17 91 13 66 14 88 4 22 12 91 3 61 6 54 5 68 9 60 2 69 7 53
4 41 19 85 12 79 18 83 5 42 10 37 17 17 1 14 15 1 14 63 3 52 6 24 16 26 2 66 11 39 7 44 0 91 9 45 8 6 13 87
18 52 15 81 1 88 13 89 14 29 7 50 11 99 5 93 2 31 4 21 17 40 6 78 16 13 9 76 0 70 8 53 3 86 10 51 19 85 12 27
12 77 1 42 2 8 0 7 3 26 10 99 17 49 15 10 11 46 14 19 5 95 9 92 18 73 7 82 13 55 6 11 19 49 16 84 4 78 8 51
0 46 12 97 19 84 7 93 10 70 9 75 18 85 13 19 15 55 3 47 2 94 6 20 5 61 11 42 16 61 14 98 4 48 8 64 17 81 1 76
15 86 11 50 1 13 16 2 3 18 6 31 17 27 5 32 2 47 14 81 8 41 9 35 10 15 12 50 18 20 0 78 13 33 19 37 7 4 4 25
0 15 7 38 16 62 8 7 11 58 5 1 3 97 4 3 2 54 13 31 14 48 9 28 18 6 17 5 15 33 12 5 6 2 19 90 10 40 1 62
1 58 11 36 0 12 4 14 16 57 18 40 5 53 6 35 3 99 19 47 14 94 10 73 15 22 2 18 8 39 9 48 13 46 17 81 7 63 12 78
19 15 13 59 7 3 9 1 4 49 6 40 8 76 1 58 12 73 5 41 16 34 11 88 14 27 2 81 15 48 3 23 17 11 0 61 10 23 18 45
5 2 2 89 13 1 12 52 17 42 14 98 10 57 15 4 6 42 11 43 3 69 19 53 8 66 4 39 0 20 18 36 9 41 1 92 7 25 16 85
4 54 3 20 9 76 12 86 13 17 14 23 1 12 2 65 5 98 16 23 11 52 6 36 10 8 19 10 7 61 0 48 18 63 17 19 8 22 15 52
11 42 14 83 8 12 18 39 0 49 13 97 9 51 4 54 15 47 6 24 5 97 3 60 12 48 17 57 1 15 2 40 10 50 16 88 7 7 19 4
16 92 10 55 15 26 11 31 12 92 6 86 1 49 2 51 9 44 0 14 13 98 18 85 8 68 14 98 4 43 17 22 7 31 5 52 19 54 3 19
15 87 5 64 1 31 4 6 0 89 10 17 16 34 11 72 19 47 3 8 9 33 8 13 13 88 7 37 12 77 14 34 18 17 6 97 17 6 2 31
8 78 4 1 3 19 15 32 11 94 18 88 14 15 9 59 0 3 6 48 16 14 19 61 7 76 12 76 10 58 13 38 1 46 2 63 17 9 5 67
19 65 16 85 1 84 4 73 13 5 12 31 5 16 8 78 14 92 15 22 9 98 0 30 3 78 18 73 10 59 2 45 7 18 6 78 17 90 11 58
2 29 13 73 4 68 1 67 18 71 3 84 12 33 6 1 11 91 17 88 10 3 16 51 19 35 14 31 9 91 5 32 0 42 8 61 15 93 7 84
3 38 7 29 12 39 8 6 19 31 6 62 1 45 10 95 0 67 4 24 14 32 13 98 18 29 15 5 11 33 2 84 9 7 5 97 16 52 17 43
18 53 10 67 8 38 1 82 17 28 9 62 16 90 7 49 2 12 13 2 3 68 15 41 0 53 12 77 19 54 11 83 14 8 6 89 5 34 4 28
6 4 11 23 15 82 0 20 9 68 16 27 4 31 3 99 2 60 10 88 18 31 8 35 13 20 7 64 12 75 19 87 1 42 5 20 17 77 14 88
14 94 7 79 1 83 0 44 11 95 8 30 2 92 16 78 18 11 3 88 12 31 17 47 19 79 9 73 15 10 4 49 5 38 6 28 13 18 10 97
18 87 17 94 8 40 9 14 15 50 6 30 7 3 13 90 11 75 19 94 5 3 4 3 1 5 3 50 16 60 12 43 14 92 10 49 0 55 2 28
18 61 6 9 0 95 3 81 8 79 2 37 4 50 19 51 5 69 1 6 17 32 11 27 10 98 15 89 16 52 14 41 9 98 12 50 7 83 13 34
9 50 18 15 4 26 0 44 6 37 1 92 16 5 14 36 15 20 11 38 19 61 12 42 17 23 7 84 3 63 5 37 2 91 13 56 10 64 8 62
3 62 8 15 6 66 4 55 16 39 5 15 19 93 2 72 1 17 15 63 7 73 10 46 9 41 12 89 17 64 18 54 14 12 0 44 11 61 13 52
2 96 5 22 18 7 14 24 3 54 6 95 10 12 4 61 15 46 19 75 16 48 12 54 13 58 1 15 7 13 0 48 8 59 9 65 11 85 17 57
10 8 8 92 13 76 3 87 15 82 12 43 7 42 18 55 16 52 4 38 14 78 1 37 19 56 11 3 5 18 2 70 17 43 9 19 6 42 0 35
2 8 11 1 17 91 13 58 6 65 8 99 18 94 4 98 16 85 5 25 15 98 3 57 14 30 0 51 12 72 19 99 10 91 9 39 7 36 1 40
4 45 15 8 2 14 5 34 9 57 18 68 13 27 6 4 12 7 19 34 7 68 14 40 3 7 8 79 1 28 11 1 10 16 0 87 17 23 16 62
7 55 11 35 14 56 8 15 0 9 10 51 6 81 19 12 15 49 17 49 9 88 3 20 12 59 2 77 18 26 5 12 16 20 1 76 13 75 4 39
16 73 6 85 19 39 13 28 18 55 7 32 0 50 2 32 11 89 5 83 14 69 12 40 4 92 3 66 10 97 9 86 8 16 17 11 1 96 15 99
3 26 18 30 13 49 14 39 16 86 15 89 11 67 2 41 10 16 0 2 4 82 12 1 7 27 8 34 19 44 5 46 1 41 6 94 9 91 17 24
8 5 10 16 19 25 11 12 7 87 2 6 6 47 9 12 5 76 3 90 4 92 1 24 15 16 14 80 0 33 18 62 16 40 13 68 17 75 12 10
5 38 16 14 14 47 4 46 2 77 6 83 7 34 3 59 18 78 17 6 13 17 15 31 10 20 12 54 1 55 11 85 8 6 9 88 19 41 0 12
6 91 8 22 14 80 7 53 19 2 17 35 12 39 1 89 10 38 0 83 16 26 11 11 15 59 4 70 3 63 5 62 13 72 2 77 9 48 18 62
1 47 18 2 19 35 9 83 5 97 12 80 6 63 13 85 17 84 2 20 15 95 14 12 11 78 0 77 7 67 16 10 3 91 8 7 10 35 4 85
2 88 10 42 15 30 19 94 4 66 16 99 1 34 12 47 14 31 5 36 6 76 8 35 17 71 3 30 18 50 11 28 0 96 7 2 9 93 13 69
17 32 6 44 19 28 12 88 7 40 8 61 2 85 4 48 3 34 11 75 0 16 5 93 13 83 1 67 14 55 18 71 16 34 10 91 15 99 9 43
4 86 14 82 15 31 19 8 11 41 13 29 2 3 6 35 18 41 1 91 3 26 12 20 17 4 16 46 0 83 8 47 7 9 9 2 5 6 10 8
11 90 16 91 2 80 17 13 6 42 19 67 3 39 18 20 8 74 13 20 12 42 15 74 10 35 14 3 5 95 1 71 7 89 4 30 0 90 9 23
2 42 8 81 9 13 6 1 14 86 13 26 11 69 1 2 17 6 19 56 4 76 18 26 3 81 15 44 12 30 5 9 16 63 0 18 7 48 10 28
5 10 12 69 3 32 2 99 17 2 9 77 4 44 8 17 7 36 0 63 16 3 19 21 11 83 6 38 18 7 15 27 13 8 10 26 1 36 14 60
8 99 19 82 18 21 5 20 10 78 12 65 16 22 9 38 14 82 11 77 17 57 6 39 7 34 0 83 2 10 3 41 15 3 4 4 13 19 1 85
17 12 12 62 6 20 18 75 14 19 7 84 0 47 11 43 19 44 4 29 16 63 9 8 10 16 15 49 1 47 8 77 5 57 2 81 13 21 3 98
19 1 9 47 15 11 0 30 5 57 17 51 11 15 4 93 13 5 8 25 2 23 10 49 12 95 14 65 6 19 18 87 1 43 3 86 16 89 7 2
17 74 1 53 4 81 8 28 14 63 15 88 0 78 16 94 3 54 18 92 11 36 9 92 2 42 13 53 6 93 10 60 7 69 12 41 5 7 19 77
16 36 11 36 15 26 17 35 9 30 4 64 18 75 3 3 7 35 8 60 13 71 19 29 5 47 14 15 10 29 1 43 0 88 6 56 12 22 2 9
7 45 15 40 8 50 13 52 17 76 19 66 0 72 5 38 12 10 14 37 6 25 18 62 4 94 9 18 16 20 10 25 3 18 1 14 2 90 11 49
0 75 6 59 10 20 16 78 7 57 8 80 11 94 19 20 5 22 2 52 18 21 12 23 9 37 13 56 4 40 3 23 15 85 1 80 17 72 14 2
16 50 10 99 6 46 9 72 0 74 4 59 15 75 5 6 3 71 12 52 8 95 13 32 1 45 14 97 11 3 19 70 17 88 2 20 7 24 18 6
17 77 4 36 3 83 18 53 8 70 14 67 19 35 1 51 6 18 12 40 13 84 9 40 2 10 7 51 0 64 16 24 10 51 11 93 5 56 15 91
4 7 9 48 19 27 16 12 6 11 5 36 0 66 10 41 12 88 11 23 3 6 14 38 8 2 7 4 1 99 2 52 15 64 18 7 13 77 17 91
18 4 8 18 7 85 6 28 17 48 14 66 0 33 5 61 15 40 11 37 13 14 4 5 16 24 19 79 9 41 10 94 3 39 2 82 1 49 12 35
1 22 17 50 16 58 7 56 11 60 12 68 3 66 6 24 13 16 0 32 19 2 5 27 14 33 18 78 15 51 2 89 4 53 10 65 9 16 8 26
6 51 2 72 13 37 10 32 1 35 18 40 11 5 19 17 12 52 4 97 9 54 8 52 15 48 5 34 7 38 14 27 0 87 16 35 3 68 17 8
11 5 14 36 9 74 18 87 5 38 6 94 7 31 8 13 0 41 19 15 1 22 2 67 16 30 15 27 10 52 13 27 17 66 4 90 12 86 3 39
2 87 3 27 1 89 16 26 18 25 0 80 15 82 11 21 5 25 17 55 6 27 9 20 10 81 4 47 8 79 13 26 19 72 12 10 7 11 14 90
16 89 12 10 8 30 5 99 7 26 19 54 17 75 15 88 3 25 6 9 14 38 0 66 18 39 1 66 11 28 9 96 10 88 2 50 13 88 4 46
3 91 2 65 17 5 10 14 0 51 4 23 14 87 8 67 12 62 7 68 13 4 1 47 16 49 11 33 19 79 9 61 6 2 18 73 15 35 5 57
13 58 11 12 2 46 14 82 0 59 5 56 3 24 19 33 4 22 16 78 10 1 7 48 6 41 17 91 18 87 15 54 1 63 9 76 12 13 8 26
12 70 8 77 19 85 7 60 13 42 2 77 9 63 1 13 11 32 16 42 3 54 15 50 6 83 0 60 18 15 5 61 4 91 17 15 10 13 14 76
6 44 2 58 11 18 0 1 4 60 17 80 13 94 12 29 3 11 19 14 14 49 9 89 5 44 18 83 16 39 1 52 15 63 7 74 10 81 8 16
3 93 5 4 12 35 1 29 14 69 15 67 13 21 17 32 10 58 8 84 19 62 11 55 2 59 0 74 18 84 16 90 9 3 4 91 6 25 7 88
12 15 6 67 16 13 1 28 18 16 5 69 17 89 3 50 2 54 14 48 19 68 10 30 15 9 4 79 8 63 13 57 7 91 11 61 9 88 0 41
12 8 18 12 16 22 8 98 1 81 19 89 14 15 4 80 6 85 13 6 5 8 3 97 7 14 9 59 15 48 0 2 17 83 10 59 11 15 2 25
12 81 3 78 6 37 16 11 18 83 19 48 11 28 7 36 14 17 13 19 8 7 17 90 0 72 5 90 10 61 15 27 2 92 1 3 4 34 9 25
0 93 17 43 15 20 7 50 2 41 11 17 3 70 13 25 5 39 6 41 9 61 4 60 12 94 14 20 8 76 18 1 19 78 16 92 1 18 10 50
0 94 2 20 1 59 18 86 10 86 12 48 14 87 13 3 8 91 5 91 15 84 9 47 4 73 6 60 17 93 3 51 16 58 11 65 19 60 7 67
3 79 2 52 5 95 10 3 16 33 12 84 7 97 13 91 15 93 17 19 19 74 14 1 18 41 8 33 11 72 0 12 1 91 9 26 6 48 4 13
0 97 16 31 10 71 9 85 18 79 2 66 11 75 17 49 15 44 5 89 6 4 1 29 3 30 4 41 19 86 13 93 7 32 12 2 14 36 8 72
12 54 8 97 2 96 3 90 18 46 5 26 11 34 10 85 15 28 19 63 6 92 1 82 14 41 0 44 17 60 16 51 13 19 9 58 7 27 4 44
12 16 16 44 14 25 10 3 15 31 7 9 1 42 0 56 18 75 11 11 4 6 3 12 17 20 9 32 19 37 2 13 6 68 5 72 13 78 8 29
1 68 2 51 0 77 17 91 6 28 4 95 13 93 18 19 14 14 3 51 19 49 11 44 12 59 5 22 15 99 9 59 7 35 16 2 8 4 10 89
10 30 16 89 1 8 13 68 0 24 9 48 3 62 15 6 8 65 2 6 19 22 5 64 17 58 14 25 7 81 4 27 11 19 6 78 12 82 18 86
11 64 8 67 13 96 15 35 18 37 2 66 19 50 10 64 5 64 1 66 7 38 3 38 0 94 17 79 6 84 12 55 14 19 16 84 9 46 4 75
2 58 0 66 1 31 13 33 7 70 10 81 6 34 5 44 4 81 9 51 14 65 3 81 12 90 15 58 8 88 16 51 18 71 11 38 17 9 19 84
15 49 13 99 18 29 6 14 5 64 16 39 8 24 14 64 2 31 0 68 1 83 9 92 7 82 17 36 19 93 10 76 11 92 3 1 4 35 12 33
4 96 18 38 16 19 0 64 19 86 12 45 13 55 9 54 17 95 2 14 1 38 11 75 8 27 6 76 14 79 7 84 3 19 15 18 10 11 5 44
17 62 10 81 2 35 4 81 0 20 5 74 7 60 15 33 8 48 18 39 9 52 13 87 1 95 16 27 11 61 12 59 14 81 6 72 19 17 3 58
13 70 7 54 12 61 1 37 17 57 0 99 9 22 15 72 8 38 18 85 11 23 16 85 2 15 4 4 14 49 5 9 19 15 10 25 6 7 3 63
9 79 5 6 10 85 12 30 0 12 14 34 1 38 13 6 16 59 4 62 7 59 6 34 8 72 18 97 2 70 11 44 15 95 3 58 19 99 17 72
2 41 0 77 19 62 17 78 18 36 6 75 7 28 16 91 1 39 10 32 5 56 9 60 12 64 14 21 3 15 15 80 8 85 13 28 4 22 11 53
5 58 19 69 17 62 12 60 14 48 9 66 2 91 16 38 7 66 15 54 13 5 1 24 8 1 10 49 3 71 0 49 4 41 18 92 11 64 6 78
2 95 5 55 14 63 9 19 19 18 11 2 7 45 0 35 13 14 10 7 3 32 8 78 15 97 17 30 12 24 4 9 6 20 1 22 16 82 18 22
13 78 15 14 14 59 16 23 9 22 12 96 5 31 0 37 3 67 18 20 6 41 4 62 2 2 1 9 11 10 7 61 19 37 17 87 8 63 10 88
6 27 8 40 2 76 16 76 14 19 17 58 19 16 15 2 10 10 18 73 12 96 9 1 0 1 7 95 11 29 4 63 1 71 3 60 13 27 5 76
14 12 8 18 11 47 3 8 5 31 10 18 6 33 12 34 17 40 9 13 7 76 1 67 13 90 19 25 4 41 2 6 0 24 15 47 18 10 16 45
15 43 19 31 9 65 0 21 11 19 16 97 18 11 6 7 17 84 4 93 2 80 10 4 5 39 12 94 1 57 3 15 8 37 14 89 13 13 7 96
0 67 6 78 7 23 11 1 3 12 8 33 16 58 19 66 12 48 1 42 18 61 10 95 2 24 15 5 13 20 17 85 5 30 4 89 14 98 9 16
5 89 1 22 15 3 10 57 19 60 14 62 6 4 17 79 16 56 4 89 3 89 18 5 0 98 11 28 12 68 2 65 7 27 9 35 13 10 8 63
5 49 12 63 8 64 10 42 9 25 3 49 4 32 6 46 15 42 13 40 16 14 18 3 0 32 19 38 17 85 14 29 2 2 1 30 11 69 7 22
16 50 11 36 2 37 14 31 12 3 17 28 7 59 1 95 5 2 0 40 3 96 10 42 19 45 8 77 18 14 13 60 15 56 9 21 6 6 4 88
18 43 3 53 8 84 14 60 15 69 1 90 10 55 2 5 5 51 11 95 13 96 6 59 9 76 17 25 12 85 7 39 16 37 4 12 0 60 19 90
13 52 7 2 8 45 16 52 17 66 9 67 5 42 6 86 4 53 10 20 14 32 1 98 11 36 12 66 2 20 18 32 0 23 15 50 19 38 3 71
19 28 15 33 0 44 14 12 5 61 18 46 12 4 11 53 4 29 8 40 13 47 17 42 9 69 3 58 7 56 10 45 16 40 2 93 6 77 1 60
7 66 4 20 15 86 12 90 17 5 0 49 2 70 8 19 1 18 11 15 14 27 19 24 6 77 3 35 9 18 5 85 18 72 16 50 10 68 13 68
