50 15
8 39 3 55 12 22 13 9 14 42 1 12 0 80 6 9 4 82 9 54 2 94 10 3 5 97 7 28 11 80
12 28 13 89 3 41 6 30 9 99 4 90 8 42 10 69 5 35 11 29 2 77 1 26 0 73 14 98 7 84
12 56 14 24 4 46 6 97 8 38 10 47 5 18 0 10 13 96 9 97 3 42 11 61 7 81 1 78 2 40
1 21 5 3 14 87 6 92 7 9 12 53 2 43 8 64 3 62 0 21 13 64 9 5 10 55 4 57 11 44
13 11 9 98 3 74 8 11 10 73 7 2 12 85 6 75 0 71 11 74 14 33 1 98 4 54 2 78 5 80
0 15 4 7 9 27 6 75 1 98 2 39 13 23 14 61 10 4 11 52 12 21 5 35 7 37 8 88 3 54
8 44 7 80 14 75 12 52 11 32 0 54 10 1 1 84 3 39 5 62 4 29 2 73 6 62 9 35 13 38
8 70 2 77 6 75 14 91 1 49 3 6 11 27 4 56 0 75 7 79 13 26 9 88 5 90 10 44 12 67
5 92 2 64 14 21 9 26 12 96 6 27 3 20 0 94 10 25 8 42 1 11 4 87 11 92 7 71 13 41
11 68 7 57 5 43 10 66 1 14 14 67 8 27 3 66 9 80 13 71 4 50 6 52 0 49 2 54 12 76
2 30 6 50 14 69 11 92 3 43 4 90 9 35 1 21 12 40 0 68 7 86 8 26 13 44 10 59 5 62
4 7 2 41 8 2 12 55 11 60 1 6 5 70 7 63 10 58 14 30 3 75 0 93 6 60 13 62 9 6
14 95 6 72 9 88 7 16 10 82 1 7 12 49 2 8 13 95 11 84 3 9 4 53 8 68 0 23 5 39
10 90 2 88 14 59 1 99 8 77 13 43 4 9 11 98 7 23 3 58 6 98 0 74 12 42 9 95 5 42
7 19 4 87 2 92 12 45 6 10 1 64 14 34 3 1 5 43 8 85 9 50 11 96 0 45 10 51 13 9
10 11 6 77 12 91 1 53 3 37 13 82 7 82 5 11 14 29 2 47 0 86 4 95 9 10 8 44 11 2
11 7 5 60 14 55 7 64 6 4 12 40 8 70 13 54 4 79 10 28 9 2 0 43 1 19 2 90 3 46
7 16 2 89 1 33 11 28 10 88 6 92 5 88 12 88 4 31 3 61 0 76 9 42 13 71 14 28 8 27
8 26 3 58 2 61 9 10 0 97 6 26 7 71 11 88 5 72 13 37 12 4 1 73 10 57 4 22 14 45
14 56 4 11 6 79 3 19 5 18 12 12 8 23 1 60 2 97 0 82 7 82 11 40 9 77 10 60 13 94
4 44 8 54 9 54 14 87 3 85 5 67 13 51 7 18 6 93 12 84 1 6 2 51 0 74 10 74 11 37
4 79 10 8 3 71 12 50 14 61 6 47 7 20 1 92 13 71 8 90 2 1 9 24 0 54 5 53 11 53
14 73 5 74 12 64 13 67 10 86 7 42 1 45 6 8 3 83 0 47 9 21 4 55 2 59 11 87 8 46
12 11 7 37 10 58 14 54 4 20 8 87 3 86 6 19 11 68 13 3 9 49 5 56 2 13 1 91 0 71
0 91 14 7 12 63 4 64 2 79 13 62 1 2 7 52 10 47 8 77 3 44 6 55 9 21 5 48 11 92
0 72 6 89 10 98 13 86 9 81 11 49 2 14 8 68 12 99 14 96 1 4 4 88 3 24 5 20 7 54
5 34 4 23 9 79 8 72 14 68 1 37 11 19 7 30 6 78 10 25 13 45 0 8 12 18 3 13 2 60
11 89 3 18 5 26 4 15 2 46 6 51 9 53 14 99 10 43 8 8 13 26 0 86 7 92 12 12 1 48
10 6 4 63 8 9 5 9 2 47 0 80 9 91 14 76 3 35 6 61 12 78 11 38 1 30 7 21 13 20
13 23 9 24 12 75 11 10 3 37 6 99 2 14 10 64 7 54 4 15 14 66 1 7 0 56 8 24 5 99
13 88 9 2 3 25 11 41 4 24 1 80 8 19 6 27 0 46 5 2 12 32 7 21 14 3 2 43 10 15
3 21 0 8 13 91 11 75 14 42 9 3 8 12 4 22 5 29 6 67 1 30 10 12 2 81 7 38 12 77
8 36 14 31 9 84 10 51 4 34 12 86 2 39 5 14 6 3 11 80 1 65 3 53 13 73 7 4 0 68
7 28 3 5 4 67 12 37 13 62 2 10 5 66 6 60 14 19 8 20 10 65 9 21 11 23 1 15 0 65
9 16 13 79 0 20 5 18 3 4 12 65 4 75 8 25 1 3 11 99 10 85 14 82 6 1 2 4 7 29
11 79 2 78 8 75 14 43 13 87 10 71 4 46 9 82 12 71 5 9 1 25 0 22 3 19 6 42 7 10
10 16 5 33 2 6 13 73 8 96 14 16 12 99 7 99 3 11 9 32 0 28 6 94 1 59 11 86 4 56
9 24 12 58 1 2 8 94 5 42 14 52 0 97 10 50 13 47 2 88 4 52 11 55 7 82 6 81 3 93
14 49 2 15 7 55 3 74 8 79 0 17 1 22 13 20 10 79 11 58 4 55 6 19 5 84 12 12 9 80
9 34 13 55 14 44 2 41 10 84 11 24 5 36 7 94 6 20 0 25 12 69 8 53 3 37 4 15 1 21
4 81 7 65 2 37 1 30 3 99 9 84 11 60 5 68 8 88 14 98 6 36 0 78 12 94 13 45 10 3
10 86 9 17 4 34 14 12 6 81 7 69 2 18 5 5 1 11 0 71 13 5 12 70 3 88 11 34 8 82
0 97 13 11 11 38 6 17 12 94 8 84 10 2 7 47 1 13 2 98 14 98 4 40 5 49 3 80 9 71
12 17 0 18 7 14 6 44 2 66 3 12 9 78 13 62 1 12 5 96 10 61 4 80 8 20 11 39 14 21
6 56 11 15 3 83 12 93 13 17 1 73 4 37 8 5 7 51 9 67 0 9 10 11 2 35 14 47 5 77
13 82 9 16 1 66 14 6 11 89 0 21 5 96 10 87 7 2 8 85 4 50 2 26 3 44 12 33 6 13
9 4 6 41 8 93 12 50 0 1 5 87 13 95 10 52 1 80 2 39 7 71 3 65 4 32 11 31 14 58
6 87 14 40 12 92 1 66 7 75 4 98 9 20 5 78 13 52 2 25 3 32 0 73 10 53 11 59 8 44
1 32 0 85 6 2 11 2 3 20 9 63 13 85 10 57 7 17 12 63 14 37 8 12 2 91 5 71 4 69
14 53 6 59 11 89 2 61 4 32 1 21 13 37 10 43 5 11 8 52 7 34 3 56 9 79 0 20 12 4
