30 15
13 77 4 80 3 15 7 75 2 11 8 91 10 55 1 59 9 68 5 90 6 63 11 57 14 26 0 15 12 77
0 86 1 85 10 11 9 58 6 66 3 75 5 90 14 41 12 15 7 77 2 79 11 56 13 51 8 50 4 19
3 44 8 75 12 76 14 87 1 1 7 94 4 39 13 23 2 89 11 44 0 21 6 28 10 11 9 24 5 12
1 60 2 67 13 33 0 77 14 66 7 42 12 44 8 57 5 16 9 84 11 96 4 87 3 62 10 10 6 63
2 23 12 81 5 50 11 72 7 4 10 72 8 23 6 34 9 54 1 97 3 14 14 85 13 4 4 90 0 82
13 46 7 37 8 65 11 62 12 67 10 91 0 59 14 80 2 55 4 36 1 23 9 32 3 78 5 48 6 39
13 11 3 61 7 3 14 15 4 8 0 90 11 84 2 45 5 50 10 66 1 33 9 49 8 17 12 41 6 19
1 76 13 11 11 60 14 21 7 44 4 91 10 23 9 79 2 86 6 13 3 46 0 53 5 57 8 55 12 11
6 81 13 15 8 40 4 98 3 15 9 13 14 29 0 37 2 67 1 59 5 48 11 58 10 42 12 10 7 16
7 49 11 93 3 82 1 54 14 99 12 62 6 66 0 89 13 89 10 92 4 43 2 47 8 19 9 17 5 86
8 82 11 26 7 79 5 61 2 29 13 62 6 71 1 82 12 75 10 8 4 52 0 61 3 40 14 25 9 78
7 98 13 10 6 80 3 52 9 29 2 58 4 51 12 70 11 8 8 22 0 44 10 37 1 63 5 87 14 3
13 45 3 90 2 35 0 38 8 66 5 84 4 82 6 41 12 78 1 92 10 94 14 16 7 50 9 36 11 47
4 61 14 82 0 71 11 11 10 15 8 46 13 76 5 63 1 89 2 66 3 11 7 33 6 12 12 4 9 51
7 84 1 90 8 3 0 61 13 43 5 2 11 72 10 89 9 47 6 88 2 19 12 96 14 1 4 66 3 12
6 43 12 55 4 41 9 98 11 63 2 62 5 57 8 90 0 20 14 14 10 37 7 72 13 63 3 5 1 43
7 84 11 71 5 51 13 69 6 41 3 87 2 62 1 23 10 87 9 17 12 41 0 19 4 29 8 4 14 69
4 74 3 14 2 37 7 42 9 56 13 99 6 4 12 6 14 11 0 87 11 20 10 82 8 14 5 1 1 63
10 87 9 95 14 14 0 71 1 49 4 6 7 48 11 61 8 23 3 40 12 77 13 57 5 22 2 18 6 33
1 75 4 7 13 40 14 93 10 65 0 39 2 62 7 49 8 89 11 34 6 90 3 59 12 79 9 29 5 25
4 60 2 70 9 27 5 68 3 68 7 43 1 37 11 50 8 28 14 36 6 85 0 67 10 60 13 17 12 95
2 62 8 89 10 98 13 47 14 49 7 88 12 98 5 23 11 76 9 88 4 81 1 69 0 74 6 61 3 79
14 78 0 39 1 80 13 23 3 49 5 64 2 23 12 16 6 33 4 51 8 50 9 80 11 66 7 30 10 98
13 35 8 59 3 27 1 36 11 30 4 54 7 36 12 61 0 33 5 65 9 97 6 2 10 12 2 79 14 71
14 3 13 7 3 45 9 7 1 60 5 16 12 61 0 59 6 96 4 28 11 67 2 36 10 48 7 24 8 62
6 22 14 70 0 73 8 76 7 15 5 70 1 46 13 57 3 15 9 76 2 14 11 66 4 82 12 62 10 27
6 44 13 81 2 44 3 25 7 43 11 70 10 62 0 62 8 25 14 16 4 8 1 28 9 71 5 92 12 95
7 58 2 30 10 3 12 45 11 59 5 69 9 99 4 56 6 4 0 25 3 73 14 47 1 41 8 97 13 5
4 39 3 70 10 72 11 27 5 99 8 24 0 51 12 99 13 27 7 40 9 96 1 15 2 46 14 72 6 31
14 72 11 39 7 94 9 88 10 38 2 2 6 32 0 48 3 55 8 71 1 97 13 87 4 93 5 46 12 32
