50 20
0 37 18 10 6 83 12 57 11 96 9 87 4 79 15 37 19 75 16 62 5 92 2 49 13 24 17 26 1 82 3 7 7 92 8 24 10 39 14 78
11 78 4 58 12 52 17 82 8 76 14 54 16 8 5 22 2 81 15 64 13 36 3 14 9 16 6 63 10 93 18 37 0 54 19 53 7 26 1 13
12 53 5 50 0 74 4 8 11 50 18 68 17 45 14 12 1 70 6 4 2 32 19 58 7 40 16 11 9 66 10 38 3 7 8 28 13 98 15 95
10 51 9 84 5 40 0 77 4 61 17 30 12 53 3 24 8 79 6 8 14 10 13 48 1 16 19 80 16 18 15 40 11 33 18 19 7 66 2 26
19 36 11 70 2 18 15 49 6 84 12 10 9 67 8 37 3 94 14 40 18 42 1 80 10 33 17 31 7 28 5 49 13 8 16 9 0 67 4 39
19 23 2 45 11 28 18 99 10 40 12 2 1 51 4 20 9 34 16 88 5 52 13 94 6 30 17 28 8 49 3 79 14 41 0 84 15 97 7 2
4 65 14 43 5 39 11 81 13 11 1 88 19 80 18 64 6 35 15 64 10 6 0 92 7 46 12 48 17 2 2 63 16 86 3 46 9 18 8 7
15 89 14 42 2 7 4 70 1 61 6 32 5 17 10 82 17 88 19 88 12 75 7 89 11 39 3 30 9 84 13 53 16 57 18 2 8 89 0 82
8 42 5 62 10 64 15 9 1 64 12 51 3 5 6 55 16 81 18 95 7 18 11 77 0 92 14 88 17 98 19 1 9 68 2 81 13 86 4 17
5 2 1 50 10 31 14 98 3 38 4 71 19 2 9 92 18 40 11 79 7 57 15 60 8 92 12 98 0 7 2 20 6 5 16 74 13 11 17 8
15 94 19 9 18 33 0 6 6 7 2 15 5 59 12 50 9 35 7 27 1 19 13 71 11 4 8 35 4 45 10 94 17 51 14 85 3 85 16 18
11 11 16 8 6 22 2 90 3 66 0 67 15 94 14 18 9 26 10 70 12 85 17 29 4 13 18 39 7 14 19 92 13 85 8 54 1 25 5 96
11 47 19 81 16 50 2 55 12 50 0 53 17 38 6 99 10 47 13 40 3 5 7 95 8 96 1 50 4 75 15 78 18 14 14 85 5 91 9 81
16 17 10 83 11 19 17 69 6 61 8 38 14 33 15 65 3 59 0 53 13 49 2 84 4 12 9 78 5 15 18 94 7 45 1 9 12 64 19 84
14 79 6 28 9 46 12 73 8 80 18 76 7 81 10 17 13 49 2 8 11 77 3 77 16 51 5 26 0 11 4 30 15 96 1 39 19 66 17 86
16 11 3 5 10 67 15 89 4 70 19 44 6 25 12 87 18 94 2 26 8 62 17 70 14 57 1 54 11 90 5 97 7 5 9 76 13 15 0 57
6 43 10 53 12 15 11 65 14 37 5 2 8 68 9 15 15 98 16 60 13 54 1 79 0 66 17 45 3 58 19 17 2 43 4 82 7 11 18 82
2 82 15 96 6 63 13 89 1 73 19 86 12 48 10 11 0 1 9 44 8 28 18 51 14 51 11 50 3 86 5 8 7 71 17 62 4 48 16 57
15 58 17 19 11 70 5 53 4 39 0 28 12 51 16 21 8 4 1 62 10 13 9 70 18 49 13 53 19 81 6 6 3 64 2 29 7 71 14 80
16 95 13 12 15 40 9 89 7 17 12 15 5 8 3 49 1 7 6 11 0 46 18 88 4 27 10 44 19 62 11 18 8 41 14 96 2 20 17 77
16 23 11 45 13 35 9 96 18 50 5 29 7 2 14 42 6 33 1 36 4 59 3 19 0 83 17 38 2 60 19 3 10 15 8 75 15 79 12 5
17 37 10 76 4 21 0 33 16 51 3 93 1 17 2 71 5 66 18 64 11 61 6 77 15 77 14 97 8 91 12 2 7 12 19 12 13 66 9 91
10 97 9 62 15 92 17 55 5 2 13 42 14 27 16 72 8 30 19 43 12 68 0 80 11 3 3 91 1 23 6 67 2 43 4 45 7 52 18 71
18 51 2 82 14 23 4 2 13 16 3 73 16 75 1 46 7 95 5 52 11 11 9 63 12 72 6 2 10 36 19 10 0 4 17 27 8 59 15 77
11 4 10 94 6 18 9 55 17 43 5 15 1 82 2 29 19 87 3 54 16 66 8 19 14 55 13 13 4 88 0 63 18 20 7 59 12 76 15 22
1 99 5 36 17 67 10 68 7 30 12 43 11 53 9 34 0 12 6 39 8 1 2 80 3 6 15 77 4 56 19 22 16 96 18 12 13 98 14 48
1 28 3 64 10 73 17 47 6 29 8 89 9 58 5 54 14 25 0 37 4 56 15 20 7 3 18 8 2 7 13 78 12 71 11 51 19 73 16 99
2 37 3 15 8 12 5 76 15 91 12 4 18 4 16 27 19 82 10 9 9 28 17 25 13 41 6 62 7 83 1 14 11 62 4 15 14 5 0 59
9 40 4 80 5 55 14 23 3 57 17 97 10 62 15 69 12 71 6 9 2 94 13 57 19 5 8 58 0 44 1 4 11 3 7 53 18 25 16 49
12 37 0 56 3 9 2 24 13 49 17 50 18 54 1 2 5 72 7 53 14 94 8 29 10 88 11 66 15 44 6 60 16 10 9 99 4 47 19 79
13 66 8 29 16 16 3 53 12 43 14 19 4 34 17 27 19 83 10 7 7 34 18 44 9 25 6 16 11 35 2 57 0 90 1 29 15 66 5 28
4 29 11 29 18 86 1 15 8 60 16 44 15 62 6 18 14 39 2 43 10 1 0 21 17 2 19 62 12 14 7 60 3 85 9 66 5 7 13 44
13 74 9 55 10 73 15 33 5 18 6 49 2 44 14 69 19 75 1 26 4 9 16 75 12 58 0 16 7 7 3 24 17 43 8 52 18 43 11 80
16 90 15 18 19 17 10 65 1 67 17 48 3 93 14 53 2 95 6 60 0 33 8 2 9 9 12 71 18 69 13 54 5 38 11 6 4 43 7 96
3 85 19 37 11 94 15 61 8 8 5 87 10 58 14 84 18 38 0 61 17 10 7 90 13 12 9 53 2 12 4 44 6 21 1 80 12 58 16 25
6 97 17 23 13 16 9 26 4 14 2 67 18 60 15 62 16 88 12 15 19 66 5 98 3 48 1 15 8 94 11 27 7 66 14 31 0 94 10 49
19 78 4 49 7 11 17 62 2 63 5 6 10 86 12 34 3 14 11 29 6 44 0 89 15 6 13 19 8 89 9 65 14 59 16 97 1 51 18 46
10 80 17 34 14 45 13 76 12 20 2 6 8 52 18 41 3 75 9 44 19 1 16 22 6 4 11 79 4 40 0 52 5 79 15 95 1 27 7 35
10 43 7 84 16 64 0 52 3 1 11 73 5 38 17 98 2 30 9 20 15 39 18 3 14 79 1 19 19 56 4 16 12 77 6 87 8 21 13 1
0 81 19 83 18 8 5 4 13 90 1 96 6 13 12 64 16 38 10 20 2 5 15 48 3 64 4 66 9 19 7 81 8 37 17 40 11 99 14 63
15 88 9 26 6 44 8 72 5 39 4 37 16 68 11 90 1 73 13 88 3 86 0 68 7 90 10 13 2 39 14 13 12 3 18 9 19 35 17 46
5 78 14 22 9 40 19 84 4 62 2 12 15 85 16 49 10 8 12 34 13 25 17 63 0 8 3 46 11 45 6 25 18 87 8 43 1 9 7 41
16 95 4 51 8 86 2 1 14 36 11 99 10 66 15 90 0 35 12 54 7 14 3 12 19 20 1 29 13 32 17 67 6 93 18 99 5 4 9 45
5 50 6 10 16 46 14 98 17 52 1 95 0 40 18 52 10 37 8 77 12 61 4 1 15 44 9 29 11 21 2 44 3 20 7 98 19 66 13 86
17 45 2 26 7 13 8 13 6 51 0 24 10 2 12 4 1 7 18 48 19 35 3 31 9 22 14 64 11 72 13 7 5 61 4 89 16 37 15 78
9 46 2 3 10 66 0 38 16 64 11 87 5 78 12 74 1 24 18 40 17 40 7 87 8 52 4 23 15 86 13 88 3 8 14 56 19 59 6 75
9 75 14 99 0 62 3 79 17 72 15 22 16 34 10 30 13 1 4 7 19 39 7 3 1 63 2 71 12 87 5 90 6 12 18 35 8 30 11 53
12 33 8 61 10 49 2 94 4 73 11 63 9 53 7 36 15 75 5 2 1 77 3 8 19 39 17 55 0 16 6 36 13 62 18 13 14 66 16 39
4 3 10 70 1 76 12 12 3 24 5 60 9 49 11 71 2 51 17 88 8 76 6 37 14 47 0 94 19 67 13 67 15 35 16 70 18 84 7 19
2 20 9 19 16 65 5 45 7 79 10 7 13 57 15 8 11 36 6 63 12 36 4 87 1 23 18 54 19 1 3 88 8 89 0 65 17 5 14 72
