50 15
10 92 7 43 2 90 4 35 5 21 11 40 8 68 14 86 1 26 6 44 13 59 9 62 12 7 3 41 0 2
5 55 6 60 9 6 7 70 11 63 1 58 14 30 2 75 0 93 12 60 10 62 3 6 4 95 13 72 8 88
10 16 2 82 14 7 1 49 8 8 13 95 4 84 11 9 7 53 3 68 6 23 0 39 12 90 9 88 5 59
7 99 4 77 2 43 12 9 6 98 1 23 14 58 3 98 5 74 8 42 9 95 11 42 0 19 10 87 13 92
10 45 6 10 12 64 1 34 3 1 13 43 7 85 5 50 14 96 2 45 0 51 4 9 9 11 8 77 11 91
11 53 5 37 14 82 7 82 6 11 12 29 8 47 13 86 4 95 10 10 9 44 0 2 1 7 2 60 3 55
7 64 2 4 1 40 11 70 10 54 6 79 5 28 12 2 4 43 3 19 0 90 9 46 13 16 14 89 8 33
8 28 3 88 2 92 9 88 0 88 6 31 7 61 11 76 5 42 13 71 12 28 1 27 10 26 4 58 14 61
14 10 4 97 6 26 3 71 5 88 12 72 8 37 1 4 2 73 0 57 7 22 11 45 9 56 10 11 13 79
4 19 8 18 9 12 14 23 3 60 5 97 13 82 7 82 6 40 12 77 1 60 2 94 0 44 10 54 11 54
4 87 10 85 3 67 12 51 14 18 6 93 7 84 1 6 13 51 8 74 2 74 9 37 0 79 5 8 11 71
14 50 5 61 12 47 13 20 10 92 7 71 1 90 6 1 3 24 0 54 9 53 4 53 2 73 11 74 8 64
12 67 7 86 10 42 14 45 4 8 8 83 3 47 6 21 11 55 13 59 9 87 5 46 2 11 1 37 0 58
0 54 14 20 12 87 4 86 2 19 13 68 1 3 7 49 10 56 8 13 3 91 6 71 9 91 5 7 11 63
0 64 6 79 10 62 13 2 9 52 11 47 2 77 8 44 12 55 14 21 1 48 4 92 3 72 5 89 7 98
5 86 4 81 9 49 8 14 14 68 1 99 11 96 7 4 6 88 10 24 13 20 0 54 12 34 3 23 2 79
11 72 3 68 5 37 4 19 2 30 6 78 9 25 14 45 10 8 8 18 13 13 0 60 7 89 12 18 1 26
10 15 4 46 8 51 5 53 2 99 0 43 9 8 14 26 3 86 6 92 12 12 11 48 1 6 7 63 13 9
13 9 9 47 12 80 11 91 3 76 6 35 2 61 10 78 7 38 4 30 14 21 1 20 0 23 8 24 5 75
13 10 9 37 3 99 11 14 4 64 1 54 8 15 6 66 0 7 5 56 12 24 7 99 14 88 2 2 10 25
3 41 0 24 13 80 11 19 14 27 9 46 8 2 4 32 5 21 6 3 1 43 10 15 2 21 7 8 12 91
8 75 14 42 9 3 10 12 4 22 12 29 2 67 5 30 6 12 11 81 1 38 3 77 13 36 7 31 0 84
7 51 3 34 4 86 12 39 13 14 2 3 5 80 6 65 14 53 8 73 10 4 9 68 11 28 1 5 0 67
9 37 13 62 0 10 5 66 3 60 12 19 4 20 8 65 1 21 11 23 10 15 14 65 6 16 2 79 7 20
11 18 2 4 8 65 14 75 13 25 10 3 4 99 9 85 12 82 5 1 1 4 0 29 3 79 6 78 7 75
10 43 5 87 2 71 13 46 8 82 14 71 12 9 7 25 3 22 9 19 0 42 6 10 1 16 11 33 4 6
9 73 12 96 1 16 8 99 5 99 14 11 0 32 10 28 13 94 2 59 4 86 11 56 7 24 6 58 3 2
14 94 2 42 7 52 3 97 8 50 0 47 1 88 13 52 10 55 11 82 4 81 6 93 5 49 12 15 9 55
9 74 13 79 14 17 2 22 10 20 11 79 5 58 7 55 6 19 0 84 12 12 8 80 3 34 4 55 1 44
4 41 7 84 2 24 1 36 3 94 9 20 11 25 5 69 8 53 14 37 6 15 0 21 12 81 13 65 10 37
10 30 9 99 4 84 14 60 6 68 7 88 2 98 5 36 1 78 0 94 13 45 12 3 3 86 11 17 8 34
0 12 13 81 11 69 6 18 12 5 8 11 10 71 7 5 1 70 2 88 14 34 4 82 5 97 3 11 9 38
12 17 0 94 7 84 6 2 2 47 3 13 9 98 13 98 1 40 5 49 10 80 4 71 8 17 11 18 14 14
6 44 11 66 3 12 12 78 13 62 1 12 4 96 8 61 7 80 9 20 0 39 10 21 2 56 14 15 5 83
13 93 9 17 1 73 14 37 11 5 0 51 5 67 10 9 7 11 8 35 4 47 2 77 3 82 12 16 6 66
9 6 6 89 8 21 12 96 0 87 5 2 13 85 10 50 1 26 2 44 7 33 3 13 4 4 11 41 14 93
6 50 14 1 12 87 1 95 7 52 4 80 9 39 5 71 13 65 2 32 3 31 0 58 10 87 11 40 8 92
1 66 0 75 6 98 11 20 3 78 9 52 13 25 10 32 7 73 12 53 14 59 8 44 2 32 5 85 4 2
14 2 6 20 11 63 2 85 4 57 1 17 13 63 10 37 5 12 8 91 7 71 3 69 9 53 0 59 12 89
7 61 6 32 11 21 8 37 1 43 0 11 14 52 5 34 2 56 3 79 9 20 13 4 10 56 12 54 4 91
14 19 10 26 6 62 4 5 0 41 7 90 2 93 8 38 1 71 11 24 9 33 13 82 3 51 5 45 12 61
4 22 11 83 13 94 12 29 3 90 10 54 5 30 1 36 14 51 9 56 7 46 8 12 0 20 6 26 2 50
13 25 3 22 1 36 12 74 8 8 9 74 2 24 4 28 6 31 5 37 7 75 10 42 11 28 14 37 0 65
13 36 10 12 2 27 8 11 6 86 3 99 12 53 0 18 7 54 1 59 5 66 9 49 14 63 4 45 11 72
1 37 2 13 10 97 12 46 14 68 3 89 11 88 7 96 4 70 5 31 13 8 8 86 9 95 6 88 0 20
4 91 7 50 9 79 6 24 1 30 2 10 14 79 12 80 3 71 11 99 13 38 5 45 8 39 0 9 10 54
0 59 8 15 11 57 10 86 6 29 14 11 12 70 2 26 13 8 7 81 1 13 3 60 5 46 9 23 4 63
11 2 0 52 10 86 6 2 13 46 5 8 4 44 7 50 9 57 1 2 8 97 14 12 12 85 3 37 2 25
12 45 0 67 14 1 10 87 4 35 7 51 11 76 13 51 6 31 8 41 3 58 1 14 5 9 2 22 9 11
12 91 14 57 2 72 10 33 9 93 8 24 4 34 7 57 0 56 1 52 3 70 6 68 5 83 11 58 13 71
