50 20
7 81 3 95 5 18 4 77 16 92 2 88 11 98 14 1 0 68 1 81 17 86 10 17 12 2 13 50 9 31 15 98 8 38 6 71 19 2 18 92
5 40 16 79 9 57 6 60 4 92 18 98 13 7 19 20 1 5 3 74 0 11 10 8 8 94 17 9 12 33 15 6 14 7 11 15 7 59 2 50
2 35 10 27 3 19 9 71 18 4 0 35 14 45 11 94 17 51 13 85 8 85 1 18 6 11 5 8 4 22 12 90 16 66 19 67 15 94 7 18
2 26 13 70 18 85 1 29 4 13 3 39 6 14 12 92 19 85 17 54 7 25 9 96 10 47 16 81 8 50 14 55 11 50 5 53 0 38 15 99
10 47 0 40 12 5 9 95 13 96 1 50 2 75 15 78 18 14 5 85 11 91 14 81 8 17 7 83 16 19 4 69 6 61 19 38 17 33 3 65
19 59 10 53 8 49 2 84 7 12 17 78 9 15 5 94 0 45 15 9 11 64 14 84 4 79 1 28 13 46 12 73 6 80 3 76 16 81 18 17
18 49 2 8 4 77 6 77 12 51 13 26 16 11 17 30 8 96 0 39 5 66 10 86 19 11 15 5 9 67 14 89 1 70 11 44 7 25 3 87
15 94 5 26 0 62 3 70 10 57 11 54 17 90 14 97 7 5 18 76 16 15 9 57 4 43 12 53 19 15 6 65 2 37 1 2 13 68 8 15
8 98 6 60 17 54 16 79 12 66 13 45 15 58 9 17 19 43 11 82 0 11 18 82 3 82 5 96 10 63 2 89 7 73 14 86 4 48 1 11
10 1 12 44 4 28 5 51 3 51 2 50 6 86 15 8 19 71 17 62 16 48 13 57 1 58 7 19 14 70 18 53 11 39 8 28 0 51 9 21
9 4 15 62 12 13 19 70 14 49 3 53 0 81 6 6 2 64 10 29 1 71 5 80 13 95 4 12 8 40 16 89 18 17 17 15 11 8 7 49
14 7 1 11 3 46 0 88 19 27 18 44 2 62 16 18 9 41 8 96 10 20 12 77 11 23 7 45 5 35 4 96 15 50 13 29 17 2 6 42
19 33 3 36 16 59 6 19 12 83 0 38 8 60 15 3 10 15 4 75 14 79 13 5 5 37 9 76 11 21 17 33 2 51 7 93 18 17 1 71
12 66 11 64 8 61 4 77 9 77 16 97 2 91 19 2 6 12 0 12 7 66 3 91 1 97 17 62 5 92 15 55 18 2 10 42 14 27 13 72
2 30 5 43 15 68 4 80 17 3 19 91 13 23 18 67 6 43 14 45 10 52 8 71 12 51 9 82 7 23 16 2 0 16 11 73 3 75 1 46
14 95 1 52 11 11 6 63 12 72 2 2 4 36 13 10 18 4 3 27 8 59 19 77 7 4 10 94 5 18 16 55 9 43 15 15 0 82 17 29
9 87 6 54 18 66 11 19 10 55 17 13 5 88 1 63 2 20 16 59 3 76 14 22 8 99 15 36 13 67 4 68 0 30 19 43 7 53 12 34
1 12 5 39 17 1 10 80 7 6 12 77 11 56 9 22 0 96 6 12 8 98 2 48 3 28 15 64 4 73 19 47 16 29 18 89 13 58 14 54
1 25 3 37 10 56 17 20 6 3 8 8 9 7 5 78 14 71 0 51 4 73 15 99 7 37 18 15 2 12 13 76 12 91 11 4 19 4 16 27
2 82 3 9 8 28 5 25 15 41 12 62 18 83 16 14 19 62 10 15 9 5 17 59 13 40 6 80 7 55 1 23 11 57 4 97 14 62 0 69
9 71 4 9 5 94 14 57 3 5 17 58 10 44 15 4 12 3 6 53 2 25 13 49 19 37 8 56 0 9 1 24 11 49 7 50 18 54 16 2
12 72 0 53 3 94 2 29 13 88 17 66 18 44 1 60 5 10 7 99 14 47 8 79 10 66 11 29 15 16 6 53 16 43 9 19 4 34 19 27
13 83 8 7 16 34 3 44 12 25 14 16 4 35 17 57 19 90 10 29 7 66 18 28 9 29 6 29 11 86 2 15 0 60 1 44 15 62 5 18
4 39 11 43 18 1 1 21 8 2 16 62 15 14 6 60 14 85 2 66 10 7 0 44 17 74 19 55 12 73 7 33 3 18 9 49 5 44 13 69
13 75 9 26 10 9 15 75 5 58 6 16 2 7 14 24 19 43 1 52 4 43 16 80 12 90 0 18 7 17 3 65 17 67 8 48 18 93 11 53
16 95 15 60 19 33 10 2 1 9 17 71 3 69 14 54 2 38 6 6 0 43 8 96 9 85 12 37 18 94 13 61 5 8 11 87 4 58 7 84
3 38 19 61 11 10 15 90 8 12 5 53 10 12 14 44 18 21 0 80 17 58 7 25 13 97 9 23 2 16 4 26 6 14 1 67 12 60 16 62
6 88 17 15 13 66 9 98 4 48 2 15 18 94 15 27 16 66 12 31 19 94 5 49 3 78 1 49 8 11 11 62 7 63 14 6 0 86 10 34
19 14 4 29 7 44 17 89 2 6 5 19 10 89 12 65 3 59 11 97 6 51 0 46 15 80 13 34 8 45 9 76 14 20 16 6 1 52 18 41
10 75 17 44 14 1 13 22 12 4 2 79 8 40 18 52 3 79 9 95 19 27 16 35 6 43 11 84 4 64 0 52 5 1 15 73 1 38 7 98
10 30 7 20 16 39 0 3 3 79 11 19 5 56 17 16 2 77 9 87 15 21 18 1 14 81 1 83 19 8 4 4 12 90 6 96 8 13 13 64
0 38 19 20 18 5 5 48 13 64 1 66 6 19 12 81 16 37 10 40 2 99 15 63 3 88 4 26 9 44 7 72 8 39 17 37 11 68 14 90
15 73 9 88 6 86 8 68 5 90 4 13 16 39 11 13 1 3 13 9 3 35 0 46 7 78 10 22 2 40 14 84 12 62 18 12 19 85 17 49
5 8 14 34 9 25 19 63 4 8 2 46 15 45 16 25 10 87 12 43 13 9 17 41 0 95 3 51 11 86 6 1 18 36 8 99 1 66 7 90
16 35 4 54 8 14 2 12 14 20 11 29 10 32 15 67 0 93 12 99 7 4 3 45 19 50 1 10 13 46 17 98 6 52 18 95 5 40 9 52
5 37 6 77 16 61 14 1 17 44 1 29 0 21 18 44 10 20 8 98 12 66 4 86 15 45 9 26 11 13 2 13 3 51 7 24 19 2 13 4
17 7 2 48 7 35 8 31 6 22 0 64 10 72 12 7 1 61 18 89 19 37 3 78 9 46 14 3 11 66 13 38 5 64 4 87 16 78 15 74
9 24 2 40 10 40 0 87 16 52 11 23 5 86 12 88 1 8 18 56 17 59 7 75 8 75 4 99 15 62 13 79 3 72 14 22 19 34 6 30
9 1 14 7 0 39 3 3 17 63 15 71 16 87 10 90 13 12 4 35 19 30 7 53 1 33 2 61 12 49 5 94 6 73 18 63 8 53 11 36
12 75 8 2 10 77 2 8 4 39 11 55 9 16 7 36 15 62 5 13 1 66 3 39 19 3 17 70 0 76 6 12 13 24 18 60 14 49 16 71
4 51 10 88 1 76 12 37 3 47 5 94 9 67 11 67 2 35 17 70 8 84 6 19 14 20 0 19 19 65 13 45 15 79 16 7 18 57 7 8
2 36 9 63 16 36 5 87 7 23 10 54 13 1 15 88 11 89 6 65 12 5 4 72 1 22 18 15 19 75 3 86 8 57 0 19 17 9 14 56
11 4 16 34 5 63 6 25 10 67 8 75 1 56 9 90 19 66 0 12 18 84 3 43 17 74 15 31 2 68 7 89 4 34 13 30 12 31 14 91
8 98 7 97 15 88 2 27 5 87 1 14 3 58 17 4 4 96 12 76 9 55 6 64 19 8 18 59 16 35 11 25 14 22 10 47 0 63 13 27
14 70 13 24 11 13 2 99 5 54 15 78 16 9 10 62 9 68 6 11 17 72 8 27 19 80 1 96 4 19 12 7 0 66 3 95 7 10 18 35
12 65 18 41 4 35 11 40 6 72 15 96 9 12 13 99 7 66 1 67 10 55 16 25 17 45 8 21 5 69 3 74 19 90 0 69 14 65 2 17
11 64 17 78 6 22 10 59 3 11 13 96 4 40 18 59 16 12 12 80 2 1 9 69 8 3 19 96 7 40 5 16 14 33 1 84 15 92 0 86
11 68 3 33 16 7 1 49 8 70 17 25 9 41 2 5 4 26 12 74 13 5 0 28 18 41 5 10 10 17 14 52 7 61 15 88 19 11 6 3
19 71 17 87 11 10 4 91 9 75 2 30 7 1 10 88 3 53 14 41 18 73 13 17 16 74 1 52 8 16 0 24 12 31 15 40 6 59 5 95
13 12 1 28 2 64 6 86 19 10 0 59 12 57 10 5 15 55 16 54 7 31 3 3 8 42 11 69 5 99 18 3 4 94 9 49 14 92 17 63
