30 15
7 67 11 59 3 48 1 58 14 42 12 10 6 16 0 49 13 93 10 82 4 54 2 99 8 62 9 66 5 89
8 89 11 92 7 43 5 47 2 19 13 17 6 86 1 82 12 26 10 79 4 61 0 29 3 62 14 71 9 82
7 75 13 8 6 52 3 61 9 40 2 25 4 78 12 98 11 10 8 80 0 52 10 29 1 58 5 51 14 70
13 8 3 22 2 44 0 37 8 63 5 87 4 3 6 45 12 90 1 35 10 38 14 66 7 84 9 82 11 41
4 78 14 92 0 94 11 16 10 50 8 36 13 47 5 61 1 82 2 71 3 11 7 15 6 46 12 76 9 63
7 89 1 66 8 11 0 33 13 12 5 4 11 51 10 84 9 90 6 3 2 61 12 43 14 2 4 72 3 89
6 47 12 88 4 19 9 96 11 1 2 66 5 12 8 43 0 55 14 41 10 98 7 63 13 62 3 57 1 90
7 20 11 14 5 37 13 72 6 63 3 5 2 43 1 84 10 71 9 51 12 69 0 41 4 87 8 62 14 23
4 87 3 17 2 41 7 19 9 29 13 4 6 69 12 74 14 14 0 37 11 42 10 56 8 99 5 4 1 6
10 11 9 87 14 20 0 82 1 14 4 1 7 63 11 87 8 95 3 14 12 71 13 49 5 6 2 48 6 61
1 23 4 40 13 77 14 57 10 22 0 18 2 33 7 75 8 7 11 40 6 93 3 65 12 39 9 62 5 49
4 89 2 34 9 90 5 59 3 79 7 29 1 25 11 60 8 70 14 27 6 68 0 68 10 43 13 37 12 50
2 28 8 36 10 85 13 67 14 60 7 17 12 95 5 62 11 89 9 98 4 47 1 49 0 88 6 98 3 23
14 76 0 88 1 81 13 69 3 74 5 61 2 79 12 78 6 39 4 80 8 23 9 49 11 64 7 23 10 16
13 33 8 51 3 50 1 80 11 66 4 30 7 98 12 35 0 59 5 27 9 36 6 30 10 54 2 36 14 61
14 33 13 65 3 97 9 2 1 12 5 79 12 71 0 3 6 7 4 45 11 7 2 60 10 16 7 61 8 59
6 96 14 28 0 67 8 36 7 48 5 24 1 62 13 22 3 70 9 73 2 76 11 15 4 70 12 46 10 57
6 15 13 76 2 14 3 66 7 82 11 62 10 27 0 44 8 81 14 44 4 25 1 43 9 70 5 62 12 62
7 25 2 16 10 8 12 28 11 71 5 92 9 95 4 58 6 30 0 3 3 45 14 59 1 69 8 99 13 56
4 4 3 25 10 73 11 47 5 41 8 97 0 5 12 39 13 70 7 72 9 27 1 99 2 24 14 51 6 99
14 27 11 40 7 96 9 15 10 46 2 72 6 31 0 72 3 39 8 94 1 88 13 38 4 2 5 32 12 48
0 55 3 71 12 97 2 87 13 93 5 46 10 32 8 45 14 49 7 93 1 12 11 38 4 2 6 71 9 40
6 62 14 8 9 19 7 62 5 54 3 37 0 73 2 15 4 25 13 64 8 12 12 67 1 75 10 96 11 88
12 9 13 21 6 32 14 6 7 84 11 16 9 51 10 92 1 86 2 43 4 87 0 33 8 7 3 12 5 19
0 47 6 64 8 78 14 25 11 93 3 71 9 59 13 20 7 53 12 95 2 37 4 38 1 21 10 64 5 84
14 47 1 49 12 97 7 94 2 82 0 50 13 2 6 74 3 49 4 60 10 9 5 22 11 23 8 54 9 52
11 42 1 50 10 69 9 51 7 81 14 98 8 8 2 39 0 23 13 77 6 57 12 42 5 18 3 50 4 90
14 80 0 61 9 46 7 38 5 43 10 50 3 73 12 38 11 6 8 5 6 74 4 87 13 70 1 13 2 9
7 38 1 32 10 16 9 81 0 96 4 32 12 4 8 55 6 12 2 51 11 28 13 6 3 4 5 8 14 29
5 27 1 61 14 60 0 86 8 62 7 50 2 64 12 46 13 47 6 3 10 9 9 90 3 12 11 11 4 76
