100 20
6 97 14 40 16 10 0 66 5 18 12 14 19 68 4 33 9 8 10 52 18 29 7 16 3 74 13 3 11 64 17 70 2 69 8 62 15 30 1 79
3 68 10 56 1 63 7 88 15 4 19 66 5 54 11 47 6 74 13 44 12 39 0 98 8 44 18 87 4 31 14 3 16 19 17 89 9 53 2 52
0 67 5 21 6 25 7 28 11 46 12 92 8 99 1 87 16 30 13 32 14 1 2 86 15 26 19 81 10 1 18 49 3 27 17 46 9 10 4 52
1 26 14 38 16 29 11 80 8 94 0 80 2 18 17 13 15 78 9 7 18 62 3 50 4 18 10 48 7 57 6 11 5 41 13 42 19 87 12 57
0 63 19 61 17 59 8 30 10 46 18 63 5 32 15 52 2 6 13 26 14 31 7 54 12 88 1 99 3 20 16 83 9 99 11 43 4 80 6 60
2 41 10 45 14 47 9 89 7 84 19 44 16 96 8 92 4 41 18 89 12 85 3 97 13 14 15 89 0 52 11 73 6 22 5 12 17 21 1 29
3 52 18 50 19 31 16 62 10 68 7 30 13 61 14 49 17 66 2 7 15 46 0 43 4 9 9 77 6 75 5 14 11 1 1 71 8 66 12 16
10 85 15 50 1 90 6 94 16 63 19 55 5 96 8 64 11 13 12 97 9 7 0 46 4 53 2 45 13 85 18 50 14 22 3 15 17 90 7 48
10 38 18 52 12 66 7 53 5 79 4 44 19 81 0 83 6 59 8 35 9 14 11 14 17 90 2 44 1 94 16 18 14 64 13 97 3 93 15 91
19 8 5 58 6 71 7 16 2 68 4 83 15 69 9 83 14 46 0 16 12 33 10 89 3 54 8 90 13 17 16 27 11 78 1 52 17 58 18 63
9 23 0 45 17 54 5 92 14 3 3 12 13 71 12 30 1 86 2 14 10 15 6 98 19 90 11 11 8 82 18 55 16 83 15 66 7 31 4 22
0 60 1 70 15 72 19 96 11 57 18 90 16 11 8 76 10 86 17 39 13 21 14 39 4 71 12 87 3 91 6 66 5 88 9 22 2 91 7 61
4 54 19 68 12 60 18 69 5 53 10 41 17 85 1 79 15 83 14 42 3 37 6 17 16 14 2 1 11 63 7 52 0 24 9 26 8 66 13 39
18 44 15 91 1 45 13 6 14 87 7 52 11 81 5 88 2 89 4 29 17 50 6 99 16 93 9 31 0 21 8 40 3 78 10 13 19 76 12 70
12 53 1 86 2 51 0 85 3 27 10 77 17 42 15 8 11 7 14 26 5 99 9 49 18 10 7 46 13 19 6 95 19 92 16 73 4 82 8 55
0 11 12 49 19 84 7 78 10 51 9 46 18 97 13 84 15 93 3 70 2 75 6 85 5 19 11 55 16 47 14 94 4 20 8 61 17 42 1 61
15 98 11 48 1 64 16 81 3 76 6 86 17 50 5 13 2 2 14 18 8 31 9 27 10 32 12 47 18 81 0 41 13 35 19 15 7 50 4 20
0 78 7 33 16 37 8 4 11 25 5 15 3 38 4 62 2 7 13 58 14 1 9 97 18 3 17 54 15 31 12 48 6 28 19 6 10 5 1 33
1 5 11 2 0 90 4 40 16 62 18 58 5 36 6 12 3 14 19 57 14 40 10 53 15 35 2 99 8 47 9 94 13 73 17 22 7 18 12 39
19 48 13 46 7 81 9 63 4 78 6 15 8 59 1 3 12 1 5 49 16 40 11 76 14 58 2 73 15 41 3 34 17 88 0 27 10 81 18 48
5 23 2 11 13 61 12 23 17 45 14 2 10 89 15 1 6 52 11 42 3 98 19 57 8 4 4 42 0 43 18 69 9 53 1 66 7 39 16 20
4 36 3 41 9 92 12 25 13 85 14 54 1 20 2 76 5 86 16 17 11 23 6 12 10 65 19 98 7 23 0 52 18 36 17 8 8 10 15 61
11 48 14 63 8 19 18 22 0 52 13 42 9 83 4 12 15 39 6 49 5 97 3 51 12 54 17 47 1 24 2 97 10 60 16 48 7 57 19 15
16 40 10 50 15 88 11 7 12 4 6 92 1 55 2 26 9 31 0 92 13 86 18 49 8 51 14 44 4 14 17 98 7 85 5 68 19 98 3 43
15 22 5 31 1 52 4 54 0 19 10 87 16 64 11 31 19 6 3 89 9 17 8 34 13 72 7 47 12 8 14 33 18 13 6 88 17 37 2 77
8 34 4 17 3 97 15 6 11 31 18 78 14 1 9 19 0 32 6 94 16 88 19 15 7 59 12 3 10 48 13 14 1 61 2 76 17 76 5 58
19 38 16 46 1 63 4 9 13 67 12 65 5 85 8 84 14 73 15 5 9 31 0 16 3 78 18 92 10 22 2 98 7 30 6 78 17 73 11 59
2 45 13 18 4 78 1 90 18 58 3 29 12 73 6 68 11 67 17 71 10 84 16 33 19 1 14 91 9 88 5 3 0 51 8 35 15 31 7 91
3 32 7 42 12 61 8 93 19 84 6 38 1 29 10 39 0 6 4 31 14 62 13 45 18 95 15 67 11 24 2 32 9 98 5 29 16 5 17 33
18 84 10 7 8 97 1 52 17 43 9 53 16 67 7 38 2 82 13 28 3 62 15 90 0 49 12 12 19 2 11 68 14 41 6 53 5 77 4 54
6 83 11 8 15 89 0 34 9 28 16 4 4 23 3 82 2 20 10 68 18 27 8 31 13 99 7 60 12 88 19 31 1 35 5 20 17 64 14 75
14 87 7 42 1 20 0 77 11 88 8 94 2 79 16 83 18 44 3 95 12 30 17 92 19 78 9 11 15 88 4 31 5 47 6 79 13 73 10 10
18 49 17 38 8 28 9 18 15 97 6 87 7 94 13 40 11 14 19 50 5 30 4 3 1 90 3 75 16 94 12 3 14 3 10 5 0 50 2 60
18 43 6 92 0 49 3 55 8 28 2 61 4 9 19 95 5 81 1 79 17 37 11 50 10 51 15 69 16 6 14 32 9 27 12 98 7 89 13 52
9 41 18 98 4 50 0 83 6 34 1 50 16 15 14 26 15 44 11 37 19 92 12 5 17 36 7 20 3 38 5 61 2 42 13 23 10 84 8 63
3 37 8 91 6 56 4 64 16 62 5 62 19 15 2 66 1 55 15 39 7 15 10 93 9 72 12 17 17 63 18 73 14 46 0 41 11 89 13 64
2 54 5 12 18 44 14 61 3 52 6 96 10 22 4 7 15 24 19 54 16 95 12 12 13 61 1 46 7 75 0 48 8 54 9 58 11 15 17 13
10 48 8 59 13 65 3 85 15 57 12 8 7 92 18 76 16 87 4 82 14 43 1 42 19 55 11 52 5 38 2 78 17 37 9 56 6 3 0 18
2 70 11 43 17 19 13 42 6 35 8 8 18 1 4 91 16 58 5 65 15 99 3 94 14 98 0 85 12 25 19 98 10 57 9 30 7 51 1 72
4 99 15 91 2 39 5 36 9 40 18 45 13 8 6 14 12 34 19 57 7 68 14 27 3 4 8 7 1 34 11 68 10 40 0 7 17 79 16 28
7 1 11 16 14 87 8 23 0 62 10 55 6 35 19 56 15 15 17 9 9 51 3 81 12 12 2 49 18 49 5 88 16 20 1 59 13 77 4 26
16 12 6 20 19 76 13 75 18 39 7 73 0 85 2 39 11 28 5 55 14 32 12 50 4 32 3 89 10 83 9 69 8 40 17 92 1 66 15 97
3 86 18 16 13 11 14 96 16 99 15 26 11 30 2 49 10 39 0 86 4 89 12 67 7 41 8 16 19 2 5 82 1 1 6 27 9 34 17 44
8 46 10 41 19 94 11 91 7 24 2 5 6 16 9 25 5 12 3 87 4 6 1 47 15 12 14 76 0 90 18 92 16 24 13 16 17 80 12 33
5 62 16 40 14 68 4 75 2 10 6 38 7 14 3 47 18 46 17 77 13 83 15 34 10 59 12 78 1 6 11 17 8 31 9 20 19 54 0 55
6 85 8 6 14 88 7 41 19 12 17 91 12 22 1 80 10 53 0 2 16 35 11 39 15 89 4 38 3 83 5 26 13 11 2 59 9 70 18 63
1 62 18 72 19 77 9 48 5 62 12 47 6 2 13 35 17 83 2 97 15 80 14 63 11 85 0 84 7 20 16 95 3 12 8 78 10 77 4 67
2 10 10 91 15 7 19 35 4 85 16 88 1 42 12 30 14 94 5 66 6 99 8 34 17 47 3 31 18 36 11 76 0 35 7 71 9 30 13 50
17 28 6 96 19 2 12 93 7 69 8 32 2 44 4 28 3 88 11 40 0 61 5 85 13 48 1 34 14 75 18 16 16 93 10 83 15 67 9 55
4 71 14 34 15 91 19 99 11 43 13 86 2 82 6 31 18 8 1 41 3 29 12 3 17 35 16 41 0 91 8 26 7 20 9 4 5 46 10 83
11 47 16 9 2 2 17 6 6 8 19 90 3 91 18 80 8 13 13 42 12 67 15 39 10 20 14 74 5 20 1 42 7 74 4 35 0 3 9 95
2 71 8 89 9 30 6 90 14 23 13 42 11 81 1 13 17 1 19 86 4 26 18 69 3 2 15 6 12 56 5 76 16 26 0 81 7 44 10 30
5 9 12 63 3 18 2 48 17 28 9 10 4 69 8 32 7 99 0 2 16 77 19 44 11 17 6 36 18 63 15 3 13 21 10 83 1 38 14 7
8 27 19 8 18 26 5 36 10 60 12 99 16 82 9 21 14 20 11 78 17 65 6 22 7 38 0 82 2 77 3 57 15 39 4 34 13 83 1 10
17 41 12 3 6 4 18 19 14 85 7 12 0 62 11 20 19 75 4 19 16 84 9 47 10 43 15 44 1 29 8 63 5 8 2 16 13 49 3 47
19 77 9 57 15 81 0 21 5 98 17 1 11 47 4 11 13 30 8 57 2 51 10 15 12 93 14 5 6 25 18 23 1 49 3 95 16 65 7 19
17 87 1 43 4 86 8 89 14 2 15 74 0 53 16 81 3 28 18 63 11 88 9 78 2 94 13 54 6 92 10 36 7 92 12 42 5 53 19 93
16 60 11 69 15 41 17 7 9 77 4 36 18 36 3 26 7 35 8 30 13 64 19 75 5 3 14 35 10 60 1 71 0 29 6 47 12 15 2 29
7 43 15 88 8 56 13 22 17 9 19 45 0 40 5 50 12 52 14 76 6 66 18 72 4 38 9 10 16 37 10 25 3 62 1 94 2 18 11 20
0 25 6 18 10 14 16 90 7 49 8 75 11 59 19 20 5 78 2 57 18 80 12 94 9 20 13 22 4 52 3 21 15 23 1 37 17 56 14 40
16 23 10 85 6 80 9 72 0 2 4 50 15 99 5 46 3 72 12 74 8 59 13 75 1 6 14 71 11 52 19 95 17 32 2 45 7 97 18 3
17 70 4 88 3 20 18 24 8 6 14 77 19 36 1 83 6 53 12 70 13 67 9 35 2 51 7 18 0 40 16 84 10 40 11 10 5 51 15 64
4 24 9 51 19 93 16 56 6 91 5 7 0 48 10 27 12 12 11 11 3 36 14 66 8 41 7 88 1 23 2 6 15 38 18 2 13 4 17 99
18 52 8 64 7 7 6 77 17 91 14 4 0 18 5 85 15 28 11 48 13 66 4 33 16 61 19 40 9 37 10 14 3 5 2 24 1 79 12 41
1 94 17 39 16 82 7 49 11 35 12 22 3 50 6 58 13 56 0 60 19 68 5 66 14 24 18 16 15 32 2 2 4 27 10 33 9 78 8 51
6 89 2 53 13 65 10 16 1 26 18 51 11 72 19 37 12 32 4 35 9 40 8 5 15 17 5 52 7 97 14 54 0 52 16 48 3 34 17 38
11 27 14 87 9 35 18 68 5 8 6 5 7 36 8 74 0 87 19 38 1 94 2 31 16 13 15 41 10 15 13 22 17 67 4 30 12 27 3 52
2 27 3 66 1 90 16 86 18 39 0 87 15 27 11 89 5 26 17 25 6 80 9 82 10 21 4 25 8 55 13 27 19 20 12 81 7 47 14 79
16 26 12 72 8 10 5 11 7 90 19 89 17 10 15 30 3 99 6 26 14 54 0 75 18 88 1 25 11 9 9 38 10 66 2 39 13 66 4 28
3 96 2 88 17 50 10 88 0 46 4 91 14 65 8 5 12 14 7 51 13 23 1 87 16 67 11 62 19 68 9 4 6 47 18 49 15 33 5 79
13 61 11 2 2 73 14 35 0 57 5 58 3 12 19 46 4 82 16 59 10 56 7 24 6 33 17 22 18 78 15 1 1 48 9 41 12 91 8 87
12 54 8 63 19 76 7 13 13 26 2 70 9 77 1 85 11 60 16 42 3 77 15 63 6 13 0 32 18 42 5 54 4 50 17 83 10 60 14 15
6 61 2 91 11 15 0 13 4 76 17 44 13 58 12 18 3 1 19 60 14 80 9 94 5 29 18 11 16 14 1 49 15 89 7 44 10 83 8 39
3 52 5 63 12 74 1 81 14 16 15 93 13 4 17 35 10 29 8 69 19 67 11 21 2 32 0 58 18 84 16 62 9 55 4 59 6 74 7 84
12 90 6 3 16 91 1 25 18 88 5 15 17 67 3 13 2 28 14 16 19 69 10 89 15 50 4 54 8 48 13 68 7 30 11 9 9 79 0 63
12 57 18 91 16 61 8 88 1 41 19 8 14 12 4 22 6 98 13 81 5 89 3 15 7 80 9 85 15 6 0 8 17 97 10 14 11 59 2 48
12 2 3 83 6 59 16 15 18 25 19 81 11 78 7 37 14 11 13 83 8 48 17 28 0 36 5 17 10 19 15 7 2 90 1 72 4 90 9 61
0 27 17 92 15 3 7 34 2 25 11 93 3 43 13 20 5 50 6 41 9 17 4 70 12 25 14 39 8 41 18 61 19 60 16 94 1 20 10 76
0 1 2 78 1 92 18 18 10 50 12 94 14 20 13 59 8 86 5 86 15 48 9 87 4 3 6 91 17 91 3 84 16 47 11 73 19 60 7 93
3 51 2 58 5 65 10 60 16 67 12 79 7 52 13 95 15 3 17 33 19 84 14 97 18 91 8 93 11 19 0 74 1 1 9 41 6 33 4 72
0 12 16 91 10 26 9 48 18 13 2 97 11 31 17 71 15 85 5 79 6 66 1 75 3 49 4 44 19 89 13 4 7 29 12 30 14 41 8 86
12 93 8 32 2 2 3 36 18 72 5 54 11 97 10 96 15 90 19 46 6 26 1 34 14 85 0 28 17 63 16 92 13 82 9 41 7 44 4 60
12 51 16 19 14 58 10 27 15 44 7 16 1 44 0 25 18 3 11 31 4 9 3 42 17 56 9 75 19 11 2 6 6 12 5 20 13 32 8 37
1 13 2 68 0 72 17 78 6 29 4 68 13 51 18 77 14 91 3 28 19 95 11 93 12 19 5 14 15 51 9 49 7 44 16 59 8 22 10 99
10 59 16 35 1 2 13 4 0 89 9 30 3 89 15 8 8 68 2 24 19 48 5 62 17 6 14 65 7 6 4 22 11 64 6 58 12 25 18 81
11 27 8 19 13 78 15 82 18 86 2 64 19 67 10 96 5 35 1 37 7 66 3 50 0 64 17 64 6 66 12 38 14 38 16 94 9 79 4 84
2 55 0 19 1 84 13 46 7 75 10 58 6 66 5 31 4 33 9 70 14 81 3 34 12 44 15 81 8 51 16 65 18 81 11 90 17 58 19 88
15 51 13 71 18 38 6 9 5 84 16 49 8 99 14 29 2 14 0 64 1 39 9 24 7 64 17 31 19 68 10 83 11 92 3 82 4 36 12 93
4 76 18 92 16 1 0 35 19 33 12 96 13 38 9 19 17 64 2 86 1 45 11 55 8 54 6 95 14 14 7 38 3 75 15 27 10 76 5 79
17 84 10 19 2 18 4 11 0 44 5 62 7 81 15 35 8 81 18 20 9 74 13 60 1 33 16 48 11 39 12 52 14 87 6 95 19 27 3 61
13 59 7 81 12 72 1 17 17 58 0 70 9 54 15 61 8 37 18 57 11 99 16 22 2 72 4 38 14 85 5 23 19 85 10 15 6 4 3 49
9 9 5 15 10 25 12 7 0 63 14 79 1 6 13 85 16 30 4 12 7 34 6 38 8 6 18 59 2 62 11 59 15 34 3 72 19 97 17 70
2 44 0 95 19 58 17 99 18 72 6 41 7 77 16 62 1 78 10 36 5 75 9 28 12 91 14 39 3 32 15 56 8 60 13 64 4 21 11 15
5 80 19 85 17 28 12 22 14 53 9 58 2 69 16 62 7 60 15 48 13 66 1 91 8 38 10 66 3 54 0 5 4 24 18 1 11 49 6 71
2 49 5 41 14 92 9 64 19 78 11 95 7 55 0 63 13 19 10 18 3 2 8 45 15 35 17 14 12 7 4 32 6 78 1 97 16 30 18 24
13 9 15 20 14 22 16 82 9 22 12 78 5 14 0 59 3 23 18 22 6 96 4 31 2 37 1 67 11 20 7 41 19 62 17 2 8 9 10 10
6 61 8 37 2 87 16 63 14 88 17 27 19 40 15 76 10 76 18 19 12 58 9 16 0 2 7 10 11 73 4 96 1 1 3 1 13 95 5 29
14 63 8 71 11 60 3 27 5 76 10 12 6 18 12 47 17 8 9 31 7 18 1 33 13 34 19 40 4 13 2 76 0 67 15 90 18 25 16 41
15 6 19 24 9 47 0 10 11 45 16 43 18 31 6 65 17 21 4 19 2 97 10 11 5 7 12 84 1 93 3 80 8 4 14 39 13 94 7 57
0 15 6 37 7 89 11 13 3 96 8 67 16 78 19 23 12 1 1 12 18 33 10 58 2 66 15 48 13 42 17 61 5 95 4 24 14 5 9 20
