50 20
13 61 1 32 17 17 3 82 0 88 14 88 19 75 15 89 12 39 2 30 5 84 6 53 4 57 8 2 10 89 18 82 9 42 11 62 16 64 7 9
7 64 3 51 5 5 4 55 16 81 2 95 11 18 14 77 0 92 1 88 17 98 10 1 12 68 13 81 9 86 15 17 8 2 6 50 19 31 18 98
5 38 16 71 9 2 6 92 4 40 18 79 13 57 19 60 1 92 3 98 0 7 10 20 8 5 17 74 12 11 15 8 14 94 11 9 7 33 2 6
2 7 10 15 3 59 9 50 18 35 0 27 14 19 11 71 17 4 13 35 8 45 1 94 6 51 5 85 4 85 12 18 16 11 19 8 15 22 7 90
2 66 13 67 18 94 1 18 4 26 3 70 6 85 12 29 19 13 17 39 7 14 9 92 10 85 16 54 8 25 14 96 11 47 5 81 0 50 15 55
10 50 0 53 12 38 9 99 13 47 1 40 2 5 15 95 18 96 5 50 11 75 14 78 8 14 7 85 16 91 4 81 6 17 19 83 17 19 3 69
19 61 10 38 8 33 2 65 7 59 17 53 9 49 5 84 0 12 15 78 11 15 14 94 4 45 1 9 13 64 12 84 6 79 3 28 16 46 18 73
18 80 2 76 4 81 6 17 12 49 13 8 16 77 17 77 8 51 0 26 5 11 10 30 19 96 15 39 9 66 14 86 1 11 11 5 7 67 3 89
15 70 5 44 0 25 3 87 10 94 11 26 17 62 14 70 7 57 18 54 16 90 9 97 4 5 12 76 19 15 6 57 2 43 1 53 13 15 8 65
8 37 6 2 17 68 16 15 12 98 13 60 15 54 9 79 19 66 11 45 0 58 18 17 3 43 5 82 10 11 2 82 7 82 14 96 4 63 1 89
10 73 12 86 4 48 5 11 3 1 2 44 6 28 15 51 19 51 17 50 16 86 13 8 1 71 7 62 14 48 18 57 11 58 8 19 0 70 9 53
9 39 15 28 12 51 19 21 14 4 3 62 0 13 6 70 2 49 10 53 1 81 5 6 13 64 4 29 8 71 16 80 18 95 17 12 11 40 7 89
14 17 1 15 3 8 0 49 19 7 18 11 2 46 16 88 9 27 8 44 10 62 12 18 11 41 7 96 5 20 4 77 15 23 13 45 17 35 6 96
19 50 3 29 16 2 6 42 12 33 0 36 8 59 15 19 10 83 4 38 14 60 13 3 5 15 9 75 11 79 17 5 2 37 7 76 18 21 1 33
12 51 11 93 8 17 4 71 9 66 16 64 2 61 19 77 6 77 0 97 7 91 3 2 1 12 17 12 5 66 15 91 18 97 10 62 14 92 13 55
2 2 5 42 15 27 4 72 17 30 19 43 13 68 18 80 6 3 14 91 10 23 8 67 12 43 9 45 7 52 16 71 0 51 11 82 3 23 1 2
14 16 1 73 11 75 6 46 12 95 2 52 4 11 13 63 18 72 3 2 8 36 19 10 7 4 10 27 5 59 16 77 9 4 15 94 0 18 17 55
9 43 6 15 18 82 11 29 10 87 17 54 5 66 1 19 2 55 16 13 3 88 14 63 8 20 15 59 13 76 4 22 0 99 19 36 7 67 12 68
1 30 5 43 17 53 10 34 7 12 12 39 11 1 9 80 0 6 6 77 8 56 2 22 3 96 15 12 4 98 19 48 16 28 18 64 13 73 14 47
1 29 3 89 10 58 17 54 6 25 8 37 9 56 5 20 14 3 0 8 4 7 15 78 7 71 18 51 2 73 13 99 12 37 11 15 19 12 16 76
2 91 3 4 8 4 5 27 15 82 12 9 18 28 16 25 19 41 10 62 9 83 17 14 13 62 6 15 7 5 1 59 11 40 4 80 14 55 0 23
9 57 4 97 5 62 14 69 3 71 17 9 10 94 15 57 12 5 6 58 2 44 13 4 19 3 8 53 0 25 1 49 11 37 7 56 18 9 16 24
12 49 0 50 3 54 2 2 13 72 17 53 18 94 1 29 5 88 7 66 14 44 8 60 10 10 11 99 15 47 6 79 16 66 9 29 4 16 19 53
13 43 8 19 16 34 3 27 12 83 14 7 4 34 17 44 19 25 10 16 7 35 18 57 9 90 6 29 11 66 2 28 0 29 1 29 15 86 5 15
4 60 11 44 18 62 1 18 8 39 16 43 15 1 6 21 14 2 2 62 10 14 0 60 17 85 19 66 12 7 7 44 3 74 9 55 5 73 13 33
13 18 9 49 10 44 15 69 5 75 6 26 2 9 14 75 19 58 1 16 4 7 16 24 12 43 0 52 7 43 3 80 17 90 8 18 18 17 11 65
16 67 15 48 19 93 10 53 1 95 17 60 3 33 14 2 2 9 6 71 0 69 8 54 9 38 12 6 18 43 13 96 5 85 11 37 4 94 7 61
3 8 19 87 11 58 15 84 8 38 5 61 10 10 14 90 18 12 0 53 17 12 7 44 13 21 9 80 2 58 4 25 6 97 1 23 12 16 16 26
6 14 17 67 13 60 9 62 4 88 2 15 18 66 15 98 16 48 12 15 19 94 5 27 3 66 1 31 8 94 11 49 7 78 14 49 0 11 10 62
19 63 4 6 7 86 17 34 2 14 5 29 10 44 12 89 3 6 11 19 6 89 0 65 15 59 13 97 8 51 9 46 14 80 16 34 1 45 18 76
10 20 17 6 14 52 13 41 12 75 2 44 8 1 18 22 3 4 9 79 19 40 16 52 6 79 11 95 4 27 0 35 5 43 15 84 1 64 7 52
10 1 7 73 16 38 0 98 3 30 11 20 5 39 17 3 2 79 9 19 15 56 18 16 14 77 1 87 19 21 4 1 12 81 6 83 8 8 13 4
0 90 19 96 18 13 5 64 13 38 1 20 6 5 12 48 16 64 10 66 2 19 15 81 3 37 4 40 9 99 7 63 8 88 17 26 11 44 14 72
15 39 9 37 6 68 8 90 5 73 4 88 16 86 11 68 1 90 13 13 3 39 0 13 7 3 10 9 2 35 14 46 12 78 18 22 19 40 17 84
5 62 14 12 9 85 19 49 4 8 2 34 15 25 16 63 10 8 12 46 13 45 17 25 0 87 3 43 11 9 6 41 18 95 8 51 1 86 7 1
16 36 4 99 8 66 2 90 14 35 11 54 10 14 15 12 0 20 12 29 7 32 3 67 19 93 1 99 13 4 17 45 6 50 18 10 5 46 9 98
5 52 6 95 16 40 14 52 17 37 1 77 0 61 18 1 10 44 8 29 12 21 4 44 15 20 9 98 11 66 2 86 3 45 7 26 19 13 13 13
17 51 2 24 7 2 8 4 6 7 0 48 10 35 12 31 1 22 18 64 19 72 3 7 9 61 14 89 11 37 13 78 5 46 4 3 16 66 15 38
9 64 2 87 10 78 0 74 16 24 11 40 5 40 12 87 1 52 18 23 17 86 7 88 8 8 4 56 15 59 13 75 3 75 14 99 19 62 6 79
9 72 14 22 0 34 3 30 17 1 15 7 16 39 10 3 13 63 4 71 19 87 7 90 1 12 2 35 12 30 5 53 6 33 18 61 8 49 11 94
12 73 8 63 10 53 2 36 4 75 11 2 9 77 7 8 15 39 5 55 1 16 3 36 19 62 17 13 0 66 6 39 13 3 18 70 14 76 16 12
4 24 10 60 1 49 12 71 3 51 5 88 9 76 11 37 2 47 17 94 8 67 6 67 14 35 0 70 19 84 13 19 15 20 16 19 18 65 7 45
2 79 9 7 16 57 5 8 7 36 10 63 13 36 15 87 11 23 6 54 12 1 4 88 1 89 18 65 19 5 3 72 8 22 0 15 17 75 14 86
11 57 16 19 5 9 6 56 10 4 8 34 1 63 9 25 19 67 0 75 18 56 3 90 17 66 15 12 2 84 7 43 4 74 13 31 12 68 14 89
8 34 7 30 15 31 2 91 5 98 1 97 3 88 17 27 4 87 12 14 9 58 6 4 19 96 18 76 16 55 11 64 14 8 10 59 0 35 13 25
14 22 13 47 11 63 2 27 5 70 15 24 16 13 10 99 9 54 6 78 17 9 8 62 19 68 1 11 4 72 12 27 0 80 3 96 7 19 18 7
12 66 18 95 4 10 11 35 6 65 15 41 9 35 13 40 7 72 1 96 10 12 16 99 17 66 8 67 5 55 3 25 19 45 0 21 14 69 2 74
11 90 17 69 6 65 10 17 3 64 13 78 4 22 18 59 16 11 12 96 2 40 9 59 8 12 19 80 7 1 5 69 14 3 1 96 15 40 0 16
11 33 3 84 16 92 1 86 8 68 17 33 9 7 2 49 4 70 12 25 13 41 0 5 18 26 5 74 10 5 14 28 7 41 15 10 19 17 6 52
19 61 17 88 11 11 4 3 9 71 2 87 7 10 10 91 3 75 14 30 18 1 13 88 16 53 1 41 8 73 0 17 12 74 15 52 6 16 5 24
