50 20
17 80 1 64 3 35 7 64 8 6 11 92 0 46 5 48 13 2 12 63 4 86 15 46 9 18 14 7 19 89 18 42 6 7 2 70 10 61 16 32
16 17 13 82 1 88 3 88 2 75 6 89 19 39 4 30 17 84 5 53 8 57 12 2 18 89 0 82 14 42 10 62 7 64 15 9 11 64 9 51
9 5 10 55 8 81 17 95 4 18 5 77 1 92 0 88 3 98 13 1 6 68 12 81 18 86 7 17 14 2 11 50 15 31 16 98 19 38 2 71
5 2 1 92 10 40 14 79 3 57 4 60 18 92 9 98 19 7 11 20 7 5 15 74 8 11 12 8 0 94 2 9 6 33 17 6 16 7 13 15
15 59 19 50 18 35 0 27 6 19 2 71 5 4 12 35 9 45 7 94 1 51 13 85 11 85 8 18 4 11 10 8 17 22 14 90 3 66 16 67
11 94 16 18 6 26 2 70 3 85 0 29 15 13 14 39 9 14 10 92 12 85 17 54 4 25 18 96 7 47 19 81 13 50 8 55 1 50 5 53
11 38 19 99 16 47 2 40 12 5 0 95 17 96 6 50 10 75 13 78 3 14 7 85 8 91 1 81 4 17 15 83 18 19 14 69 5 61 9 38
16 33 10 65 11 59 17 53 6 49 8 84 14 12 15 78 3 15 0 94 13 45 2 9 4 64 9 84 5 79 18 28 7 46 1 73 12 80 19 76
14 81 6 17 9 49 12 8 8 77 18 77 7 51 10 26 13 11 2 30 11 96 3 39 16 66 5 86 0 11 4 5 15 67 1 89 19 70 17 44
16 25 3 87 10 94 15 26 4 62 19 70 6 57 12 54 18 90 2 97 8 5 17 76 14 15 1 57 11 43 5 53 7 15 9 65 13 37 0 2
6 68 10 15 12 98 11 60 14 54 5 79 8 66 9 45 15 58 16 17 13 43 1 82 0 11 17 82 3 82 19 96 2 63 4 89 7 73 18 86
2 48 15 11 6 1 13 44 1 28 19 51 12 51 10 50 0 86 9 8 8 71 18 62 14 48 11 57 3 58 5 19 7 70 17 53 4 39 16 28
15 51 17 21 11 4 5 62 4 13 0 70 12 49 16 53 8 81 1 6 10 64 9 29 18 71 13 80 19 95 6 12 3 40 2 89 7 17 14 15
16 8 13 49 15 7 9 11 7 46 12 88 5 27 3 44 1 62 6 18 0 41 18 96 4 20 10 77 19 23 11 45 8 35 14 96 2 50 17 29
16 2 11 42 13 33 9 36 18 59 5 19 7 83 14 38 6 60 1 3 4 15 3 75 0 79 17 5 2 37 19 76 10 21 8 33 15 51 12 93
17 17 10 71 4 66 0 64 16 61 3 77 1 77 2 97 5 91 18 2 11 12 6 12 15 66 14 91 8 97 12 62 7 92 19 55 13 2 9 42
10 27 9 72 15 30 17 43 5 68 13 80 14 3 16 91 8 23 19 67 12 43 0 45 11 52 3 71 1 51 6 82 2 23 4 2 7 16 18 73
18 75 2 46 14 95 4 52 13 11 3 63 16 72 1 2 7 36 5 10 11 4 9 27 12 59 6 77 10 4 19 94 0 18 17 55 8 43 15 15
11 82 10 29 6 87 9 54 17 66 5 19 1 55 2 13 19 88 3 63 16 20 8 59 14 76 13 22 4 99 0 36 18 67 7 68 12 30 15 43
1 53 5 34 17 12 10 39 7 1 12 80 11 6 9 77 0 56 6 22 8 96 2 12 3 98 15 48 4 28 19 64 16 73 18 47 13 29 14 89
1 58 3 54 10 25 17 37 6 56 8 20 9 3 5 8 14 7 0 78 4 71 15 51 7 73 18 99 2 37 13 15 12 12 11 76 19 91 16 4
2 4 3 27 8 82 5 9 15 28 12 25 18 41 16 62 19 83 10 14 9 62 17 15 13 5 6 59 7 40 1 80 11 55 4 23 14 57 0 97
9 62 4 69 5 71 14 9 3 94 17 57 10 5 15 58 12 44 6 4 2 3 13 53 19 25 8 49 0 37 1 56 11 9 7 24 18 49 16 50
12 54 0 2 3 72 2 53 13 94 17 29 18 88 1 66 5 44 7 60 14 10 8 99 10 47 11 79 15 66 6 29 16 16 9 53 4 43 19 19
13 34 8 27 16 83 3 7 12 34 14 44 4 25 17 16 19 35 10 57 7 90 18 29 9 66 6 28 11 29 2 29 0 86 1 15 15 60 5 44
4 62 11 18 18 39 1 43 8 1 16 21 15 2 6 62 14 14 2 60 10 85 0 66 17 7 19 44 12 74 7 55 3 73 9 33 5 18 13 49
13 44 9 69 10 75 15 26 5 9 6 75 2 58 14 16 19 7 1 24 4 43 16 52 12 43 0 80 7 90 3 18 17 17 8 65 18 67 11 48
16 93 15 53 19 95 10 60 1 33 17 2 3 9 14 71 2 69 6 54 0 38 8 6 9 43 12 96 18 85 13 37 5 94 11 61 4 8 7 87
3 58 19 84 11 38 15 61 8 10 5 90 10 12 14 53 18 12 0 44 17 21 7 80 13 58 9 25 2 97 4 23 6 16 1 26 12 14 16 67
6 60 17 62 13 88 9 15 4 66 2 98 18 48 15 15 16 94 12 27 19 66 5 31 3 94 1 49 8 78 11 49 7 11 14 62 0 63 10 6
19 86 4 34 7 14 17 29 2 44 5 89 10 6 12 19 3 89 11 65 6 59 0 97 15 51 13 46 8 80 9 34 14 45 16 76 1 20 18 6
10 52 17 41 14 75 13 44 12 1 2 22 8 4 18 79 3 40 9 52 19 79 16 95 6 27 11 35 4 43 0 84 5 64 15 52 1 1 7 73
10 38 7 98 16 30 0 20 3 39 11 3 5 79 17 19 2 56 9 16 15 77 18 87 14 21 1 1 19 81 4 83 12 8 6 4 8 90 13 96
0 13 19 64 18 38 5 20 13 5 1 48 6 64 12 66 16 19 10 81 2 37 15 40 3 99 4 63 9 88 7 26 8 44 17 72 11 39 14 37
15 68 9 90 6 73 8 88 5 86 4 68 16 90 11 13 1 39 13 13 3 3 0 9 7 35 10 46 2 78 14 22 12 40 18 84 19 62 17 12
5 85 14 49 9 8 19 34 4 25 2 63 15 8 16 46 10 45 12 25 13 87 17 43 0 9 3 41 11 95 6 51 18 86 8 1 1 36 7 99
16 66 4 90 8 35 2 54 14 14 11 12 10 20 15 29 0 32 12 67 7 93 3 99 19 4 1 45 13 50 17 10 6 46 18 98 5 52 9 95
5 40 6 52 16 37 14 77 17 61 1 1 0 44 18 29 10 21 8 44 12 20 4 98 15 66 9 86 11 45 2 26 3 13 7 13 19 51 13 24
17 2 2 4 7 7 8 48 6 35 0 31 10 22 12 64 1 72 18 7 19 61 3 89 9 37 14 78 11 46 13 3 5 66 4 38 16 64 15 87
9 78 2 74 10 24 0 40 16 40 11 87 5 52 12 23 1 86 18 88 17 8 7 56 8 59 4 75 15 75 13 99 3 62 14 79 19 72 6 22
9 34 14 30 0 1 3 7 17 39 15 3 16 63 10 71 13 87 4 90 19 12 7 35 1 30 2 53 12 33 5 61 6 49 18 94 8 73 11 63
12 53 8 36 10 75 2 2 4 77 11 8 9 39 7 55 15 16 5 36 1 62 3 13 19 66 17 39 0 3 6 70 13 76 18 12 14 24 16 60
4 49 10 71 1 51 12 88 3 76 5 37 9 47 11 94 2 67 17 67 8 35 6 70 14 84 0 19 19 20 13 19 15 65 16 45 18 79 7 7
2 57 9 8 16 36 5 63 7 36 10 87 13 23 15 54 11 1 6 88 12 89 4 65 1 5 18 72 19 22 3 15 8 75 0 86 17 57 14 19
11 9 16 56 5 4 6 34 10 63 8 25 1 67 9 75 19 56 0 90 18 66 3 12 17 84 15 43 2 74 7 31 4 68 13 89 12 34 14 30
8 31 7 91 15 98 2 97 5 88 1 27 3 87 17 14 4 58 12 4 9 96 6 76 19 55 18 64 16 8 11 59 14 35 10 25 0 22 13 47
14 63 13 27 11 70 2 24 5 13 15 99 16 54 10 78 9 9 6 62 17 68 8 11 19 72 1 27 4 80 12 96 0 19 3 7 7 66 18 95
12 10 18 35 4 65 11 41 6 35 15 40 9 72 13 96 7 12 1 99 10 66 16 67 17 55 8 25 5 45 3 21 19 69 0 74 14 90 2 69
11 65 17 17 6 64 10 78 3 22 13 59 4 11 18 96 16 40 12 59 2 12 9 80 8 1 19 69 7 3 5 96 14 40 1 16 15 33 0 84
11 92 3 86 16 68 1 33 8 7 17 49 9 70 2 25 4 41 12 5 13 26 0 74 18 5 5 28 10 41 14 10 7 17 15 52 19 61 6 88
