50 20
4 55 9 44 12 32 16 47 3 90 11 42 15 78 8 63 6 49 0 85 14 51 1 51 5 89 18 99 13 40 2 34 17 13 10 19 19 51 7 62
17 66 13 56 19 77 4 79 9 60 5 35 2 38 15 99 14 32 18 84 11 34 6 47 7 95 12 58 1 64 10 15 3 53 8 49 16 72 0 38
1 66 19 77 12 86 0 7 6 13 8 52 7 99 10 16 3 62 5 69 17 75 15 67 9 23 2 92 13 56 14 81 4 29 11 74 18 89 16 97
2 38 1 59 11 91 18 83 15 69 9 14 0 22 4 89 5 18 10 99 12 74 16 72 13 35 19 10 8 85 14 22 17 85 3 99 7 68 6 24
0 74 18 62 6 98 12 84 11 88 9 15 4 26 15 97 19 24 16 37 5 10 2 83 13 57 17 96 1 87 3 79 7 37 8 75 10 62 14 92
11 49 4 24 12 26 17 82 8 7 14 92 16 24 5 39 2 78 15 78 13 58 3 52 9 82 6 76 10 54 18 8 0 22 19 81 7 64 1 36
12 14 5 16 0 63 4 93 11 37 18 54 17 53 14 26 1 13 6 53 2 50 19 74 7 8 16 50 9 68 10 45 3 12 8 70 13 4 15 32
10 58 9 40 5 11 0 66 4 38 17 7 12 28 3 98 8 95 6 51 14 84 13 40 1 77 19 61 16 30 15 53 11 24 18 79 7 8 2 10
19 48 11 16 2 80 15 18 6 40 12 33 9 19 8 66 3 26 14 36 18 70 1 18 10 49 17 84 7 10 5 67 13 37 16 94 0 40 4 42
19 80 2 33 11 31 18 28 10 49 12 8 1 9 4 67 9 39 16 23 5 45 13 28 6 99 17 40 8 2 3 51 14 20 0 34 15 88 7 52
4 94 14 30 5 28 11 49 13 79 1 41 19 84 18 97 6 2 15 65 10 43 0 39 7 81 12 11 17 88 2 80 16 64 3 35 9 64 8 6
15 92 14 46 2 48 4 2 1 63 6 86 5 46 10 18 17 7 19 89 12 42 7 7 11 70 3 61 9 32 13 17 16 82 18 88 8 88 0 75
8 89 5 39 10 30 15 84 1 53 12 57 3 2 6 89 16 82 18 42 7 62 11 64 0 9 14 64 17 51 19 5 9 55 2 81 13 95 4 18
5 77 1 92 10 88 14 98 3 1 4 68 19 81 9 86 18 17 11 2 7 50 15 31 8 98 12 38 0 71 2 2 6 92 16 40 13 79 17 57
15 60 19 92 18 98 0 7 6 20 2 5 5 74 12 11 9 8 7 94 1 9 13 33 11 6 8 7 4 15 10 59 17 50 14 35 3 27 16 19
11 71 16 4 6 35 2 45 3 94 0 51 15 85 14 85 9 18 10 11 12 8 17 22 4 90 18 66 7 67 19 94 13 18 8 26 1 70 5 85
11 29 19 13 16 39 2 14 12 92 0 85 17 54 6 25 10 96 13 47 3 81 7 50 8 55 1 50 4 53 15 38 18 99 14 47 5 40 9 5
16 95 10 96 11 50 17 75 6 78 8 14 14 85 15 91 3 81 0 17 13 83 2 19 4 69 9 61 5 38 18 33 7 65 1 59 12 53 19 49
14 84 6 12 9 78 12 15 8 94 18 45 7 9 10 64 13 84 2 79 11 28 3 46 16 73 5 80 0 76 4 81 15 17 1 49 19 8 17 77
16 77 3 51 10 26 15 11 4 30 19 96 6 39 12 66 18 86 2 11 8 5 17 67 14 89 1 70 11 44 5 25 7 87 9 94 13 26 0 62
6 70 10 57 12 54 11 90 14 97 5 5 8 76 9 15 15 57 16 43 13 53 1 15 0 65 17 37 3 2 19 68 2 15 4 98 7 60 18 54
2 79 15 66 6 45 13 58 1 17 19 43 12 82 10 11 0 82 9 82 8 96 18 63 14 89 11 73 3 86 5 48 7 11 17 1 4 44 16 28
15 51 17 51 11 50 5 86 4 8 0 71 12 62 16 48 8 57 1 58 10 19 9 70 18 53 13 39 19 28 6 51 3 21 2 4 7 62 14 13
16 70 13 49 15 53 9 81 7 6 12 64 5 29 3 71 1 80 6 95 0 12 18 40 4 89 10 17 19 15 11 8 8 49 14 7 2 11 17 46
16 88 11 27 13 44 9 62 18 18 5 41 7 96 14 20 6 77 1 23 4 45 3 35 0 96 17 50 2 29 19 2 10 42 8 33 15 36 12 59
17 19 10 83 4 38 0 60 16 3 3 15 1 75 2 79 5 5 18 37 11 76 6 21 15 33 14 51 8 93 12 17 7 71 19 66 13 64 9 61
10 77 9 77 15 97 17 91 5 2 13 12 14 12 16 66 8 91 19 97 12 62 0 92 11 55 3 2 1 42 6 27 2 72 4 30 7 43 18 68
18 80 2 3 14 91 4 23 13 67 3 43 16 45 1 52 7 71 5 51 11 82 9 23 12 2 6 16 10 73 19 75 0 46 17 95 8 52 15 11
11 63 10 72 6 2 9 36 17 10 5 4 1 27 2 59 19 77 3 4 16 94 8 18 14 55 13 43 4 15 0 82 18 29 7 87 12 54 15 66
1 19 5 55 17 13 10 88 7 63 12 20 11 59 9 76 0 22 6 99 8 36 2 67 3 68 15 30 4 43 19 53 16 34 18 12 13 39 14 1
1 80 3 6 10 77 17 56 6 22 8 96 9 12 5 98 14 48 0 28 4 64 15 73 7 47 18 29 2 89 13 58 12 54 11 25 19 37 16 56
2 20 3 3 8 8 5 7 15 78 12 71 18 51 16 73 19 99 10 37 9 15 17 12 13 76 6 91 7 4 1 4 11 27 4 82 14 9 0 28
9 25 4 41 5 62 14 83 3 14 17 62 10 15 15 5 12 59 6 40 2 80 13 55 19 23 8 57 0 97 1 62 11 69 7 71 18 9 16 94
12 57 0 5 3 58 2 44 13 4 17 3 18 53 1 25 5 49 7 37 14 56 8 9 10 24 11 49 15 50 6 54 16 2 9 72 4 53 19 94
13 29 8 88 16 66 3 44 12 60 14 10 4 99 17 47 19 79 10 66 7 29 18 16 9 53 6 43 11 19 2 34 0 27 1 83 15 7 5 34
4 44 11 25 18 16 1 35 8 57 16 90 15 29 6 66 14 28 2 29 10 29 0 86 17 15 19 60 12 44 7 62 3 18 9 39 5 43 13 1
13 21 9 2 10 62 15 14 5 60 6 85 2 66 14 7 19 44 1 74 4 55 16 73 12 33 0 18 7 49 3 44 17 69 8 75 18 26 11 9
16 75 15 58 19 16 10 7 1 24 17 43 3 52 14 43 2 80 6 90 0 18 8 17 9 65 12 67 18 48 13 93 5 53 11 95 4 60 7 33
3 2 19 9 11 71 15 69 8 54 5 38 10 6 14 43 18 96 0 85 17 37 7 94 13 61 9 8 2 87 4 58 6 84 1 38 12 61 16 10
6 90 17 12 13 53 9 12 4 44 2 21 18 80 15 58 16 25 12 97 19 23 5 16 3 26 1 14 8 67 11 60 7 62 14 88 0 15 10 66
19 98 4 48 7 15 17 94 2 27 5 66 10 31 12 94 3 49 11 78 6 49 0 11 15 62 13 63 8 6 9 86 14 34 16 14 1 29 18 44
10 89 17 6 14 19 13 89 12 65 2 59 8 97 18 51 3 46 9 80 19 34 16 45 6 76 11 20 4 6 0 52 5 41 15 75 1 44 7 1
10 22 7 4 16 79 0 40 3 52 11 79 5 95 17 27 2 35 9 43 15 84 18 64 14 52 1 1 19 73 4 38 12 98 6 30 8 20 13 39
0 3 19 79 18 19 5 56 13 16 1 77 6 87 12 21 16 1 10 81 2 83 15 8 3 4 4 90 9 96 7 13 8 64 17 38 11 20 14 5
15 48 9 64 6 66 8 19 5 81 4 37 16 40 11 99 1 63 13 88 3 26 0 44 7 72 10 39 2 37 14 68 12 90 18 73 19 88 17 86
5 68 14 90 9 13 19 39 4 13 2 3 15 9 16 35 10 46 12 78 13 22 17 40 0 84 3 62 11 12 6 85 18 49 8 8 1 34 7 25
16 63 4 8 8 46 2 45 14 25 11 87 10 43 15 9 0 41 12 95 7 51 3 86 19 1 1 36 13 99 17 66 6 90 18 35 5 54 9 14
5 12 6 20 16 29 14 32 17 67 1 93 0 99 18 4 10 45 8 50 12 10 4 46 15 98 9 52 11 95 2 40 3 52 7 37 19 77 13 61
17 1 2 44 7 29 8 21 6 44 0 20 10 98 12 66 1 86 18 45 19 26 3 13 9 13 14 51 11 24 13 2 5 4 4 7 16 48 15 35
9 31 2 22 10 64 0 72 16 7 11 61 5 89 12 37 1 78 18 46 17 3 7 66 8 38 4 64 15 87 13 78 3 74 14 24 19 40 6 40
