50 15
1 40 7 84 10 1 11 43 3 52 12 95 2 24 4 82 9 8 14 34 5 75 6 58 0 93 13 75 8 91
13 64 11 31 5 12 12 97 8 24 10 52 6 69 14 32 1 52 4 28 0 83 3 60 9 18 2 34 7 69
4 77 6 83 11 7 2 77 14 12 13 34 12 9 8 15 1 48 10 46 9 36 7 44 0 42 3 57 5 62
8 79 1 25 6 46 14 79 9 74 2 42 7 58 0 37 13 45 10 4 11 27 5 74 4 86 12 80 3 7
7 46 8 96 9 67 13 19 6 68 4 33 2 52 14 21 3 46 5 5 11 51 0 52 12 33 1 50 10 18
9 34 5 36 0 10 11 10 8 83 7 71 1 12 6 79 14 78 13 5 12 89 2 62 4 61 3 25 10 77
2 44 6 41 3 15 13 15 10 81 11 19 5 38 12 87 8 36 14 34 4 26 9 93 1 83 7 80 0 44
10 97 8 95 7 95 11 27 12 40 5 32 2 37 9 39 0 43 1 82 4 11 3 85 6 83 14 57 13 88
4 94 10 51 1 52 7 90 14 28 8 75 12 91 5 68 0 86 11 51 6 49 9 85 3 87 2 84 13 39
6 42 4 90 9 81 7 12 13 33 11 37 8 69 12 12 10 6 0 68 14 18 1 2 2 96 3 84 5 44
3 24 4 41 6 76 1 50 14 62 12 84 13 53 5 8 8 78 9 11 0 64 7 97 2 91 10 68 11 74
10 58 2 67 4 11 6 43 14 32 11 37 8 13 7 11 0 20 5 15 3 90 1 37 12 59 9 94 13 44
7 79 12 30 2 76 1 78 3 78 11 43 4 42 0 98 13 2 14 78 10 96 8 38 6 31 5 49 9 97
3 55 4 19 13 5 14 55 1 12 0 16 8 99 9 53 10 6 7 11 11 92 6 63 2 55 12 15 5 37
11 89 4 78 13 8 5 41 3 27 2 4 12 93 7 29 14 37 0 45 1 10 6 49 10 74 8 37 9 75
7 61 5 73 10 21 9 9 14 33 6 23 8 64 4 72 12 75 3 83 11 26 13 36 2 24 1 51 0 6
5 43 1 67 3 64 8 12 2 7 7 75 0 16 6 5 11 61 13 7 4 53 14 48 9 28 10 44 12 5
8 54 3 88 0 99 6 12 2 50 11 59 1 8 13 91 5 71 4 56 12 74 10 80 14 84 9 31 7 1
13 70 3 77 14 64 2 25 11 32 6 85 0 46 1 94 9 81 10 27 8 65 12 90 7 90 5 59 4 50
10 85 5 37 9 40 14 4 2 8 11 79 8 67 13 93 12 14 0 36 3 11 6 10 4 1 1 63 7 25
1 76 8 56 14 95 6 25 5 90 2 5 11 3 13 78 3 16 9 10 0 41 7 57 12 17 10 95 4 34
6 97 5 23 9 44 0 83 3 72 1 92 11 78 8 48 7 12 12 67 2 66 13 80 4 14 10 2 14 45
1 92 2 14 13 82 6 56 12 60 11 10 5 57 7 7 14 63 10 29 8 78 3 42 9 11 0 84 4 74
7 27 10 14 8 52 4 63 2 84 13 21 9 11 11 13 3 57 5 41 1 87 14 50 0 90 6 12 12 10
11 56 4 34 1 1 7 47 0 35 8 85 5 52 14 9 13 8 9 23 12 79 3 49 6 75 10 41 2 25
7 75 5 29 8 5 2 52 9 89 6 30 4 11 11 49 14 3 10 67 0 21 1 76 13 17 3 58 12 57
12 50 11 68 4 20 9 31 0 29 6 50 14 43 10 72 13 6 1 30 8 90 2 91 5 35 3 44 7 45
4 35 3 53 13 72 11 80 7 19 8 23 0 82 9 92 10 9 6 48 5 39 12 64 14 96 2 73 1 83
9 60 12 37 13 91 2 16 5 37 3 55 1 80 11 65 7 4 0 68 4 31 6 94 8 86 14 8 10 61
0 97 1 24 5 41 12 45 11 20 3 96 6 82 2 87 9 41 10 26 13 2 4 49 8 93 14 60 7 55
4 92 6 83 1 64 5 88 2 73 12 84 11 87 8 3 14 86 9 44 10 23 13 90 0 23 7 68 3 86
2 34 14 75 11 33 1 14 13 92 8 87 12 52 7 33 10 63 3 69 9 97 5 69 0 65 4 11 6 18
3 22 10 98 6 40 9 9 12 61 7 56 8 45 0 1 1 94 11 36 2 13 14 73 4 20 5 19 13 9
10 51 2 32 8 88 7 41 0 99 12 6 1 48 11 15 9 75 13 74 3 62 4 65 14 2 6 72 5 78
9 88 13 13 12 34 0 38 14 9 6 49 11 33 1 74 3 27 10 79 5 71 8 95 2 77 4 19 7 51
13 34 14 21 5 92 11 5 2 39 8 88 10 40 12 79 3 94 9 87 4 19 7 31 1 27 0 26 6 49
5 91 0 85 8 56 1 69 3 19 9 9 6 62 2 8 12 11 4 42 13 30 7 35 10 70 11 59 14 92
6 40 1 65 11 94 4 83 7 18 12 56 10 83 8 66 14 27 13 29 5 88 9 37 3 36 2 49 0 16
8 26 14 98 7 23 1 5 4 52 9 9 11 29 10 53 2 26 6 69 12 56 0 17 5 72 3 44 13 52
11 92 12 53 4 46 2 91 8 52 10 66 14 43 7 80 6 32 3 39 5 75 13 78 9 2 1 99 0 22
1 66 9 59 11 80 3 4 0 28 10 85 7 83 5 27 4 67 12 8 13 53 2 92 6 53 8 1 14 59
7 70 4 6 14 76 13 93 6 87 0 74 1 92 9 64 10 21 11 87 3 33 2 57 8 48 5 10 12 97
9 87 2 9 1 2 13 73 14 78 8 79 11 72 5 11 3 48 0 25 12 48 6 39 10 94 7 33 4 8
2 58 14 37 3 26 8 49 9 89 1 62 13 78 4 99 12 54 11 97 0 64 6 60 5 74 7 41 10 55
14 37 2 63 1 66 4 98 9 16 10 7 13 90 8 53 6 55 5 25 12 49 11 32 7 73 0 29 3 92
9 14 7 26 8 97 14 82 11 8 2 58 1 99 12 25 10 86 5 79 6 23 13 46 3 90 4 22 0 80
9 21 0 30 5 34 13 76 10 82 2 60 14 3 3 25 4 3 11 11 12 85 1 53 7 63 6 13 8 83
13 42 6 6 3 82 9 2 5 67 7 14 4 62 0 69 12 81 8 98 11 79 2 76 1 39 10 38 14 68
12 61 13 23 5 71 11 39 4 54 10 19 1 10 2 75 9 73 8 99 6 33 0 58 7 6 14 45 3 95
1 94 8 27 7 51 4 28 9 23 10 45 2 65 5 8 3 62 11 88 6 16 13 46 0 26 14 76 12 64
