50 15
7 99 13 6 12 25 8 17 2 11 10 43 1 35 0 83 6 78 14 98 3 54 5 46 9 92 11 70 4 99
3 57 4 49 2 13 9 80 5 12 13 33 7 52 14 29 1 49 6 39 10 54 0 97 8 97 12 30 11 97
9 97 2 18 0 89 5 6 8 78 3 17 6 24 12 24 11 76 13 36 10 81 14 56 1 95 7 91 4 56
10 80 3 89 7 38 2 13 1 78 0 37 8 8 6 36 5 20 9 86 11 63 13 10 14 22 4 8 12 30
1 44 12 68 4 11 5 63 13 21 9 89 11 53 3 53 8 34 14 12 2 98 10 38 6 69 0 44 7 22
5 69 3 27 14 37 13 55 11 50 6 24 2 18 4 37 12 18 10 42 1 29 0 65 8 79 7 4 9 83
3 30 12 40 7 17 2 4 4 9 5 1 8 45 10 22 0 53 13 79 1 31 9 31 14 1 6 19 11 47
4 41 1 45 9 86 12 66 0 3 11 7 14 88 7 37 6 55 2 15 5 81 3 19 13 44 8 64 10 59
0 24 10 87 1 3 14 73 13 74 4 39 3 16 11 18 2 33 6 78 9 48 5 69 12 48 8 29 7 80
4 40 1 67 11 85 8 26 6 30 5 68 3 82 14 33 0 88 7 88 2 23 12 25 13 82 9 36 10 47
5 37 3 5 11 65 10 76 4 7 9 76 1 37 7 26 14 77 12 70 6 76 8 96 2 63 13 58 0 4
5 24 6 75 9 39 3 67 7 36 14 39 2 88 11 83 10 87 8 73 4 69 12 52 1 86 0 77 13 54
14 68 6 85 8 2 13 62 5 96 9 47 4 53 2 43 1 38 11 19 12 44 3 4 7 17 10 91 0 91
9 62 2 88 7 41 8 59 11 91 12 27 6 32 14 16 13 50 3 17 10 37 0 35 1 84 5 16 4 11
12 28 2 54 4 81 14 63 6 71 13 64 5 88 10 44 7 60 3 8 9 89 8 54 11 62 1 98 0 18
8 29 3 63 9 91 5 61 12 19 4 10 11 56 10 78 14 80 0 75 1 65 13 27 2 13 6 14 7 19
3 56 6 14 12 54 5 24 1 12 10 71 9 56 2 40 13 40 0 23 7 91 4 10 8 15 11 8 14 55
6 71 4 92 9 28 11 75 14 63 0 90 5 89 3 95 10 82 12 74 7 63 13 40 1 56 2 27 8 54
13 81 6 16 1 90 3 18 9 18 12 53 0 65 2 2 7 3 10 70 5 11 8 88 11 54 4 72 14 71
13 90 11 96 14 85 7 58 10 21 2 46 12 11 3 20 0 77 5 82 9 8 6 32 4 23 8 28 1 75
2 71 6 36 11 89 0 83 10 9 3 93 12 25 1 67 9 75 8 20 5 9 14 36 13 52 7 43 4 54
0 25 4 52 12 43 14 90 9 42 1 53 5 18 7 51 13 90 10 63 2 20 8 32 3 31 11 29 6 97
9 36 5 62 2 66 0 94 7 5 12 74 4 17 10 11 14 61 13 59 8 23 11 95 1 27 6 14 3 90
14 3 7 57 10 38 1 35 4 89 8 59 0 71 6 58 5 76 9 49 2 42 12 21 3 59 11 19 13 67
0 61 14 69 4 84 5 90 7 98 9 96 8 98 11 1 1 14 3 70 13 26 12 85 6 55 10 57 2 28
5 45 1 9 10 51 4 21 9 99 13 5 2 83 6 40 14 9 7 61 0 83 12 84 11 35 8 84 3 38
5 6 1 75 8 95 13 96 9 83 0 26 10 20 7 92 2 46 6 12 12 92 3 8 11 3 14 97 4 75
10 57 4 63 11 56 2 33 9 3 14 96 7 97 13 97 1 38 0 81 6 73 12 21 3 24 5 99 8 28
14 27 7 77 0 99 12 20 2 13 13 45 1 34 4 82 6 6 11 66 5 9 8 4 3 75 9 91 10 67
6 12 0 35 4 58 3 58 8 35 9 73 10 12 13 6 7 57 5 92 14 52 2 10 12 60 11 73 1 70
6 21 13 21 11 86 0 29 2 56 1 37 4 72 3 1 12 51 14 52 7 97 10 67 8 59 5 79 9 81
7 61 14 12 2 22 0 36 5 92 9 28 8 77 10 35 1 96 11 95 12 66 13 81 6 18 4 47 3 97
7 21 14 34 12 96 10 51 9 94 11 7 6 12 5 23 3 35 0 13 4 10 8 99 13 50 2 20 1 90
6 96 5 80 1 70 11 74 12 82 9 74 4 54 2 19 8 95 0 64 7 20 10 66 3 5 13 67 14 73
6 24 13 16 5 70 8 15 11 42 2 17 0 77 12 94 4 95 9 93 3 39 7 59 1 83 10 80 14 45
14 92 13 50 1 70 5 99 6 27 2 28 4 61 11 43 7 40 12 22 0 9 10 25 9 44 8 2 3 98
3 53 8 14 5 90 1 79 9 37 6 24 12 48 11 91 14 81 4 66 7 77 10 70 2 26 0 73 13 98
0 28 6 59 4 65 5 56 7 67 13 42 11 78 10 42 9 85 1 3 3 91 12 59 2 12 8 72 14 2
2 80 14 52 8 72 3 60 4 83 11 24 13 9 0 35 12 29 7 37 10 50 9 34 5 76 1 41 6 95
0 13 8 49 6 65 7 32 3 24 13 49 14 59 5 69 4 67 2 87 10 82 1 33 11 69 9 26 12 76
0 84 11 39 5 11 13 84 8 42 9 37 10 99 1 45 2 19 4 31 6 8 7 30 12 24 3 29 14 39
0 29 6 49 1 33 8 1 2 66 3 88 7 9 11 76 5 85 10 86 12 61 9 77 4 26 13 97 14 80
12 15 2 6 4 19 7 11 8 19 0 96 13 84 9 80 1 99 6 27 3 16 5 48 10 42 14 18 11 89
10 24 8 23 6 7 5 52 3 71 9 3 0 13 11 59 2 50 7 79 13 84 4 91 12 64 1 90 14 28
0 64 10 6 2 14 4 79 1 34 11 79 14 76 6 36 3 13 9 43 5 36 13 76 12 84 8 73 7 60
3 88 0 48 6 94 14 68 12 78 11 83 4 17 1 98 8 34 7 68 5 78 2 38 10 45 9 83 13 56
10 38 14 40 7 82 0 46 8 35 1 55 5 7 6 87 9 3 2 1 11 37 12 94 3 20 4 86 13 10
14 67 8 51 10 82 13 31 7 58 9 86 1 51 12 84 3 92 6 92 11 46 5 44 4 68 2 35 0 76
1 90 10 30 12 79 11 80 13 42 9 70 4 71 3 99 6 75 0 1 2 41 14 80 8 29 7 72 5 47
8 8 7 81 14 21 10 11 9 56 12 29 0 86 11 6 4 65 1 3 3 16 5 21 6 52 2 89 13 59
