50 15
1 37 7 16 9 16 12 2 0 79 13 56 5 71 10 17 11 2 14 32 4 22 3 99 6 66 2 82 8 33
3 22 4 30 6 28 14 78 8 52 5 60 0 2 9 66 12 9 2 58 7 79 1 61 11 99 10 33 13 12
14 81 11 19 9 4 12 9 6 64 1 9 13 40 3 40 0 11 5 7 7 51 4 32 2 43 8 17 10 39
2 48 12 24 8 83 11 73 9 4 0 8 1 40 4 2 10 57 7 78 14 14 6 29 3 83 5 73 13 10
9 53 10 54 8 90 2 89 4 30 7 46 13 49 0 94 5 71 3 51 11 47 6 48 14 14 12 22 1 91
5 9 10 96 4 43 3 97 13 53 12 22 0 33 9 47 14 15 7 37 2 82 6 57 8 64 1 71 11 18
1 88 4 19 3 16 12 77 6 98 11 53 7 33 9 41 8 16 2 4 5 11 0 67 13 86 14 31 10 49
10 40 13 76 12 4 2 4 0 94 8 80 11 16 4 54 7 10 3 91 6 95 9 92 1 33 5 45 14 28
4 56 8 61 14 5 13 79 11 4 3 56 10 88 2 80 6 14 1 36 0 49 7 79 5 82 9 30 12 81
12 98 7 48 5 86 13 63 4 39 1 67 10 23 3 81 2 83 9 22 11 32 8 25 0 88 14 80 6 38
1 56 13 6 3 68 9 20 2 51 0 26 12 90 10 86 6 23 5 69 8 96 4 47 14 78 11 75 7 41
3 63 10 57 1 18 13 60 0 8 12 44 7 79 2 35 4 32 14 1 8 82 9 77 5 7 6 28 11 58
6 55 13 17 4 29 10 41 7 63 0 49 5 4 14 31 11 60 3 73 8 74 12 13 2 74 1 8 9 59
12 27 2 36 5 84 6 40 1 16 4 90 0 96 9 77 13 14 10 85 3 82 7 30 14 51 11 16 8 56
11 64 0 23 2 11 14 44 9 88 6 55 8 13 13 29 3 94 5 35 1 8 12 42 10 54 7 19 4 83
1 54 2 70 0 51 3 84 9 19 12 9 5 26 14 67 8 90 10 73 4 87 6 13 11 53 7 59 13 20
9 47 2 95 7 82 13 67 3 87 6 80 8 49 11 47 14 77 1 58 0 78 10 64 5 27 4 8 12 4
8 91 9 78 11 49 13 1 10 82 14 76 12 92 6 58 5 32 4 42 0 41 3 33 1 82 2 52 7 31
9 54 4 17 3 26 14 36 13 34 7 72 10 7 5 53 0 18 6 22 11 17 1 45 8 3 12 22 2 21
7 7 5 70 4 81 8 67 2 74 6 43 3 20 13 72 9 50 14 94 1 5 11 29 10 10 0 74 12 7
12 98 10 95 6 67 2 29 11 51 3 78 7 6 13 6 0 28 1 93 8 55 14 99 4 10 5 92 9 20
3 63 8 20 5 55 9 14 1 1 4 48 2 22 7 93 0 65 13 73 6 11 14 9 11 56 12 77 10 93
14 92 5 16 6 59 7 1 11 66 10 51 13 21 3 93 9 4 12 47 1 72 4 26 2 58 8 60 0 80
4 1 9 59 0 41 3 47 10 19 5 57 6 72 2 25 1 29 12 95 8 52 11 92 14 48 7 74 13 33
11 32 2 18 6 89 12 74 10 64 8 18 14 71 4 32 9 69 7 52 3 12 1 83 0 24 13 40 5 96
6 19 11 1 3 58 8 11 1 46 13 46 4 97 5 58 0 43 2 97 7 91 12 49 10 69 14 40 9 36
14 4 12 39 4 7 7 13 0 8 8 13 11 5 9 23 1 57 10 62 6 32 3 73 13 70 5 55 2 4
9 84 4 24 5 96 7 63 11 22 6 98 12 52 3 84 2 14 13 61 0 91 1 69 10 63 8 52 14 61
2 76 14 58 8 30 10 67 6 15 5 64 12 98 11 90 9 37 0 62 13 53 7 55 4 6 3 32 1 54
0 44 9 29 6 66 1 55 5 68 11 50 4 75 12 72 14 36 8 67 7 36 3 50 13 28 10 36 2 98
6 56 10 50 1 62 13 60 3 43 5 50 14 81 12 40 8 31 11 83 9 15 7 22 4 6 2 28 0 44
1 54 9 86 14 57 5 66 10 15 4 69 12 63 7 21 8 52 11 71 3 82 6 69 2 69 0 30 13 26
3 5 4 21 6 63 7 95 10 11 12 43 8 6 2 69 5 92 1 27 14 39 0 15 11 93 9 26 13 43
5 4 4 80 11 16 6 21 13 23 3 46 10 27 7 40 14 38 8 26 2 98 12 86 0 6 9 32 1 66
1 83 11 77 6 47 4 74 9 48 5 42 2 1 3 24 7 81 14 80 8 28 12 11 13 41 0 68 10 87
9 99 1 40 7 10 8 68 6 45 10 46 0 64 5 31 13 79 11 78 12 52 4 74 2 89 14 39 3 67
4 1 3 38 8 25 5 22 12 82 10 23 13 34 7 21 2 96 6 45 11 60 1 10 9 2 0 67 14 13
11 59 7 48 12 34 0 79 6 24 9 46 1 74 2 67 3 63 5 5 13 72 4 38 10 70 14 44 8 14
5 1 11 49 3 77 9 57 12 14 13 7 8 62 2 96 1 21 14 20 10 82 4 7 6 97 0 50 7 76
14 89 9 15 3 16 0 45 12 93 10 15 13 28 2 35 8 24 6 17 1 53 11 2 7 89 4 90 5 93
2 46 0 74 10 16 6 48 5 35 7 24 13 62 12 88 11 69 1 69 14 71 8 62 4 25 3 57 9 77
12 94 1 84 4 81 13 93 11 15 2 76 10 58 3 77 9 30 7 20 0 51 14 14 8 92 6 21 5 74
0 20 2 88 11 93 4 75 7 83 6 74 3 65 10 88 14 59 9 59 1 20 8 23 5 33 13 1 12 83
4 45 10 63 7 21 9 46 3 54 13 32 1 99 11 7 2 38 14 34 0 69 8 7 6 95 5 27 12 10
1 39 14 63 7 74 13 91 12 41 4 1 9 13 10 35 8 43 11 42 6 81 5 41 0 78 2 42 3 76
4 11 3 79 14 95 6 7 8 78 2 18 0 22 5 19 12 18 13 71 10 40 11 16 1 11 9 20 7 51
14 79 7 79 3 12 11 54 13 60 10 59 9 88 1 6 12 5 5 59 2 72 0 98 8 85 6 15 4 91
4 63 0 69 1 84 9 49 6 52 7 47 11 79 2 36 13 23 12 11 5 28 8 86 3 33 10 37 14 97
5 34 9 40 7 85 0 6 8 22 13 45 12 83 4 95 10 84 14 27 11 94 6 97 1 18 2 98 3 99
12 97 9 1 7 23 4 52 11 12 8 7 13 10 2 76 3 51 5 29 6 58 14 83 0 11 10 77 1 93
