50 15
6 64 7 94 0 40 2 66 4 36 1 76 9 49 14 66 3 40 10 21 5 64 8 23 11 28 12 23 13 96
9 84 3 77 5 23 11 51 13 33 14 18 1 48 2 38 7 29 10 61 8 41 6 36 12 21 0 24 4 5
9 66 8 81 1 56 2 20 12 9 14 95 4 73 7 41 11 92 6 96 10 10 0 36 13 14 3 60 5 97
13 99 12 32 3 90 6 21 5 16 1 1 14 10 9 30 7 82 8 97 0 79 10 10 2 53 11 15 4 10
8 39 1 42 13 99 4 4 3 46 6 89 9 93 7 57 2 42 0 37 14 64 11 37 10 57 5 87 12 5
13 1 9 4 3 50 8 22 5 74 1 70 4 55 12 42 2 46 10 65 11 63 0 77 7 62 6 88 14 28
5 92 6 57 13 91 14 18 12 78 11 10 9 8 3 31 4 48 2 8 7 45 0 28 1 16 8 67 10 33
3 52 2 37 13 79 6 30 14 1 5 1 11 89 9 47 8 71 1 40 4 47 7 37 12 3 10 5 0 17
0 42 7 11 6 42 13 95 3 85 10 48 8 36 12 39 11 80 9 99 4 33 1 39 2 56 14 18 5 39
11 98 7 56 12 19 5 98 6 6 3 17 9 3 2 64 8 20 13 3 14 7 10 79 0 9 1 57 4 54
8 75 10 40 9 13 13 27 14 97 1 18 12 37 6 63 3 75 4 1 0 21 7 50 2 69 11 63 5 67
2 57 6 24 0 24 9 40 1 51 13 87 8 79 7 64 12 83 4 67 10 72 14 54 11 71 5 89 3 88
7 7 1 75 6 98 11 47 2 43 9 33 4 55 12 63 5 75 13 68 10 83 3 53 0 77 8 65 14 60
0 23 1 62 5 39 10 99 14 91 8 19 13 95 12 72 3 70 11 41 2 36 6 94 9 4 4 94 7 8
12 26 9 44 4 48 3 81 7 30 8 53 10 49 0 97 1 94 5 97 14 55 6 36 13 11 11 75 2 39
14 9 2 50 11 80 5 77 1 87 9 41 6 64 4 26 3 91 12 43 0 98 8 84 13 90 7 59 10 14
0 70 7 78 8 52 5 43 9 57 1 45 14 1 12 92 2 57 3 55 4 11 10 63 11 32 6 67 13 47
10 32 14 5 5 83 3 81 12 65 11 42 1 34 4 26 9 38 8 73 13 25 6 85 0 84 7 68 2 73
1 76 14 88 11 22 10 59 8 87 7 56 12 30 13 42 5 94 0 86 4 15 9 4 6 73 3 33 2 49
7 51 14 89 1 74 10 79 0 64 4 67 12 5 8 68 9 86 6 47 11 23 2 67 3 64 13 10 5 77
13 20 0 5 4 16 8 37 5 78 6 70 9 79 12 47 10 99 3 52 7 56 2 71 14 71 1 5 11 37
9 99 11 21 8 97 7 56 12 38 4 91 3 77 13 7 10 12 14 13 0 77 5 22 2 2 1 15 6 82
14 8 2 36 6 59 3 24 12 64 0 8 4 88 10 56 13 12 1 33 11 59 8 36 9 71 5 18 7 84
7 79 12 44 2 15 4 34 13 7 14 63 3 12 0 53 8 79 6 79 9 48 5 69 11 29 10 9 1 94
9 1 3 95 11 8 14 83 1 54 0 78 10 18 4 25 8 67 5 59 6 36 13 70 7 42 2 79 12 80
8 84 6 91 0 51 2 11 7 45 12 29 14 66 13 51 5 59 11 65 1 5 9 1 10 12 3 76 4 99
3 53 5 99 0 98 11 61 4 38 6 81 7 37 8 22 10 10 1 50 9 28 14 27 13 93 2 73 12 8
4 76 11 99 3 94 13 38 9 90 8 2 14 85 2 68 6 59 1 12 0 65 12 47 10 14 7 23 5 44
3 86 2 25 12 75 14 41 5 41 9 56 7 79 10 72 11 58 0 49 1 21 6 25 4 54 13 87 8 10
1 28 9 75 6 84 0 95 3 3 8 95 2 28 11 48 5 79 14 66 10 64 7 98 13 70 4 69 12 95
7 56 3 13 12 97 6 47 8 23 4 51 10 32 5 97 2 2 11 81 9 87 0 85 1 5 13 47 14 73
7 1 5 18 14 41 12 80 13 64 6 79 8 15 1 11 11 16 3 19 0 59 9 40 4 88 10 69 2 48
0 90 14 49 12 12 8 31 13 12 7 82 5 29 2 56 11 71 4 74 3 9 6 89 9 27 10 32 1 35
5 33 7 94 1 42 2 63 14 7 12 14 0 60 11 84 3 9 10 34 6 94 4 57 8 49 9 24 13 34
14 39 8 52 7 97 6 67 4 26 0 76 11 25 1 26 12 67 2 62 5 40 13 76 9 29 3 77 10 75
12 97 13 15 2 15 14 22 4 64 0 24 1 69 8 36 6 10 9 42 3 66 11 16 10 9 7 54 5 88
9 60 5 80 14 73 3 39 0 12 7 91 11 6 13 1 2 6 12 91 1 20 6 76 4 51 8 71 10 73
13 57 3 56 5 56 9 53 6 15 12 66 1 47 7 63 2 75 0 18 10 45 8 9 14 53 4 81 11 52
3 8 4 78 8 43 7 79 6 92 13 68 0 91 9 12 5 26 1 62 2 30 14 42 11 3 12 91 10 44
3 51 8 69 5 21 9 75 14 51 0 77 11 46 10 81 1 46 6 48 4 56 7 45 13 14 12 49 2 77
1 84 11 25 5 26 0 81 4 85 13 16 2 74 3 37 14 37 8 70 6 43 12 80 9 46 7 49 10 33
14 94 4 20 6 4 8 65 13 60 11 22 9 67 7 6 12 9 0 75 2 72 1 98 10 56 3 91 5 98
14 19 6 50 2 21 13 59 4 91 9 43 5 21 3 43 12 65 1 11 10 31 8 7 0 35 7 35 11 7
5 85 4 19 12 90 9 98 14 86 11 33 0 69 13 80 8 34 7 19 10 52 2 46 6 63 3 47 1 60
10 79 1 65 4 9 6 7 5 34 0 66 11 74 13 50 7 54 12 70 3 31 14 10 8 69 9 95 2 67
14 60 2 50 3 58 1 68 4 71 6 68 5 1 0 28 8 28 11 34 13 81 10 16 9 10 7 82 12 23
2 60 11 38 0 61 8 31 12 59 4 79 13 36 10 68 5 80 14 19 6 29 3 29 9 25 7 30 1 41
14 45 0 24 3 13 8 57 5 92 9 16 1 30 7 9 12 69 13 95 4 17 6 51 11 79 2 27 10 64
3 35 4 18 1 77 5 54 7 99 0 5 9 33 8 15 10 35 11 52 2 15 12 25 13 67 6 94 14 22
6 95 0 65 9 74 7 27 8 29 4 28 12 6 13 57 11 32 10 82 14 52 5 23 3 52 2 93 1 32
