50 15
4 8 0 90 8 10 7 84 1 59 12 66 14 20 11 32 9 15 3 47 2 4 10 10 6 7 13 91 5 72
7 41 1 40 13 3 0 75 8 74 10 87 6 4 2 83 4 19 14 3 3 97 12 46 5 83 11 67 9 95
3 28 11 46 2 33 13 16 0 65 8 23 6 27 4 76 14 44 12 37 10 53 9 29 1 97 7 88 5 6
3 31 14 36 11 91 9 42 12 79 2 20 10 16 8 29 1 20 5 22 4 77 6 11 13 74 0 88 7 9
5 11 3 82 13 51 1 37 7 34 8 96 12 73 0 15 2 76 6 47 9 18 11 73 10 1 14 66 4 23
9 7 2 22 1 70 13 38 10 14 12 30 3 97 8 57 0 68 14 12 11 3 5 64 7 79 4 91 6 23
4 16 12 29 11 7 5 94 8 47 10 59 14 25 6 7 0 44 9 76 13 66 3 42 7 76 1 59 2 49
6 82 11 79 2 95 7 75 8 60 4 3 0 93 10 47 9 55 12 95 3 50 5 78 13 58 1 73 14 70
8 61 5 2 13 59 10 34 2 88 14 4 1 13 9 10 11 7 7 97 12 57 0 46 3 40 4 17 6 44
11 85 9 8 12 67 4 91 10 49 5 92 13 5 0 38 6 28 1 8 7 31 8 23 2 13 3 69 14 75
3 35 8 39 9 21 10 43 1 44 11 49 14 76 4 56 7 73 0 38 2 65 5 34 6 96 12 80 13 96
9 69 4 97 2 18 13 34 12 63 7 20 5 47 3 64 11 52 0 67 10 63 8 65 14 6 1 43 6 99
12 88 1 23 0 5 4 82 9 49 2 17 5 48 14 56 8 54 11 20 7 78 6 71 3 73 10 7 13 19
1 91 12 44 0 18 11 17 4 54 6 63 14 25 3 30 13 59 7 14 10 37 9 35 5 4 2 27 8 5
10 46 0 18 11 5 7 55 8 12 4 40 14 76 3 51 12 38 5 75 1 62 9 96 6 46 2 55 13 54
4 85 3 84 8 92 7 2 9 23 12 7 10 38 1 57 13 71 0 62 5 60 11 85 6 19 2 53 14 18
12 43 0 96 4 81 11 46 2 53 3 82 8 19 6 8 10 32 13 51 9 67 7 67 1 74 5 88 14 28
9 51 5 80 6 26 12 82 3 86 1 52 11 91 13 29 8 47 4 80 2 73 7 14 0 30 10 35 14 14
6 2 11 11 1 88 0 95 13 33 3 20 8 98 4 38 7 47 10 52 5 99 9 97 14 61 12 47 2 29
13 19 8 54 12 93 5 34 10 43 14 22 11 7 3 85 2 21 9 85 1 14 4 18 0 72 6 97 7 81
13 50 11 84 5 63 1 84 4 90 7 54 3 17 9 66 8 7 2 73 0 30 6 20 10 92 14 51 12 98
10 69 12 70 5 1 13 18 8 33 4 92 9 62 11 4 2 27 1 45 3 21 6 88 7 61 14 4 0 89
0 32 10 22 8 48 3 10 2 44 4 72 13 29 1 11 7 53 14 18 5 65 6 31 11 38 12 95 9 79
0 30 4 79 9 19 11 48 10 19 12 39 7 34 5 2 1 81 13 53 14 61 6 30 8 75 3 69 2 42
10 97 6 16 1 67 14 56 12 72 4 52 5 69 11 74 2 75 3 68 9 8 8 53 7 43 13 49 0 4
4 1 2 82 0 55 7 6 6 36 14 31 10 90 1 17 11 90 12 96 9 95 13 14 8 14 3 44 5 46
10 58 8 87 3 18 5 21 9 62 13 48 7 5 6 27 12 44 14 71 11 61 1 68 4 46 0 19 2 5
4 36 6 41 2 48 12 35 14 38 7 13 0 38 1 82 8 85 9 48 3 26 5 32 11 77 10 15 13 89
9 86 5 13 11 55 6 22 14 54 3 88 13 36 10 47 7 80 8 56 1 54 2 81 0 3 4 7 12 97
1 42 13 10 11 55 2 47 14 77 6 79 12 58 7 67 4 22 9 15 5 27 0 90 10 39 8 45 3 86
14 57 8 18 13 76 4 13 6 34 10 16 11 25 0 85 3 17 12 81 5 87 2 25 7 24 9 93 1 51
0 48 5 56 12 68 8 78 1 41 4 40 6 86 11 20 14 65 3 9 7 50 2 8 10 4 13 46 9 73
11 45 10 95 2 67 4 78 5 75 13 8 12 61 6 50 9 81 0 92 1 45 3 42 7 34 14 6 8 26
11 45 14 67 12 51 6 43 7 50 1 17 0 28 5 88 9 8 4 57 8 13 2 94 10 97 3 21 13 35
4 88 12 12 14 65 2 13 10 59 7 87 3 57 6 34 1 27 0 90 13 49 8 64 5 3 11 2 9 52
9 41 2 60 10 31 13 94 7 36 3 40 1 30 6 34 0 22 11 13 8 40 12 61 5 29 14 99 4 63
7 41 2 49 12 21 14 88 10 21 4 25 6 81 13 84 5 2 8 92 11 89 9 77 1 26 0 89 3 18
9 23 8 64 0 95 10 44 12 15 6 32 5 66 13 1 11 50 2 67 14 87 7 84 1 70 4 74 3 11
4 95 3 8 12 39 8 72 10 13 13 24 11 98 0 99 6 29 5 46 1 89 7 34 14 46 9 12 2 78
2 82 3 39 5 11 9 45 1 34 6 30 11 45 14 61 0 26 12 61 4 88 7 90 10 49 8 1 13 48
12 66 9 87 7 6 13 35 3 77 14 89 5 28 0 67 8 72 1 6 11 99 2 34 4 63 6 62 10 22
12 24 13 27 3 47 11 73 10 82 2 74 5 22 4 75 7 54 0 83 14 76 8 71 1 95 9 82 6 59
11 2 5 95 6 69 4 57 13 58 3 1 8 64 10 5 2 8 0 87 12 30 9 84 14 4 1 11 7 76
9 51 5 90 4 51 0 15 11 55 7 68 2 40 10 62 3 10 12 48 1 24 14 16 13 73 6 77 8 12
11 4 0 32 10 79 7 45 14 32 8 33 13 91 2 58 6 66 4 17 9 3 12 11 3 1 5 5 1 87
6 37 7 36 11 22 0 53 8 49 10 73 14 35 5 68 3 54 13 43 1 18 4 54 9 27 2 54 12 57
0 58 13 11 9 79 8 26 5 74 14 94 3 37 1 28 7 78 11 20 10 4 6 56 12 20 2 38 4 98
8 98 4 26 13 44 6 43 3 29 1 85 14 94 11 14 5 65 9 17 7 20 2 4 12 75 10 40 0 60
11 57 6 54 5 20 8 68 0 78 4 24 2 8 13 36 3 40 9 88 1 70 7 28 14 58 12 91 10 19
11 45 4 54 14 24 2 4 5 85 0 91 7 89 13 17 6 98 12 41 8 6 3 59 9 29 10 7 1 68
