50 15
0 5 13 14 12 38 14 88 6 62 11 20 5 48 1 67 2 67 3 61 4 40 9 36 7 41 10 13 8 24
9 63 13 44 2 92 0 97 11 56 4 84 3 14 8 14 5 66 1 23 12 57 10 62 7 21 6 61 14 28
2 17 1 20 14 91 5 30 0 49 10 49 6 48 9 15 8 43 11 77 4 5 13 8 3 53 7 52 12 96
7 36 5 5 2 93 6 81 13 55 12 43 10 28 8 34 11 45 0 92 4 57 1 29 3 27 9 18 14 59
6 68 4 47 11 28 1 46 9 87 10 29 2 36 8 33 0 30 12 96 13 17 3 1 14 77 5 94 7 34
12 45 7 86 14 70 0 29 4 42 5 24 3 7 6 53 10 25 11 49 2 60 8 77 13 20 9 45 1 61
0 45 4 79 2 89 9 3 1 75 12 2 14 98 13 43 5 84 8 51 6 37 10 66 11 96 3 84 7 19
11 93 1 98 9 33 10 36 4 85 13 90 2 12 5 90 12 51 7 18 0 77 14 32 6 63 3 27 8 31
11 26 14 69 4 85 5 73 6 34 7 78 1 95 10 45 12 7 3 42 13 51 2 77 8 2 9 27 0 72
10 54 9 20 0 44 2 48 13 23 4 50 5 91 14 40 8 61 7 93 11 81 12 93 6 47 3 39 1 94
4 50 9 62 8 39 10 13 11 66 2 40 14 52 7 77 6 38 12 68 13 33 1 45 5 66 0 27 3 64
12 67 0 37 14 46 4 65 3 30 7 84 13 15 2 85 6 77 11 36 5 36 9 24 8 57 10 58 1 92
8 39 13 26 9 69 5 12 7 47 1 26 2 61 10 65 14 79 12 85 6 81 11 37 0 35 4 15 3 21
6 59 14 48 2 9 9 90 1 86 5 9 4 49 8 58 7 24 13 23 12 10 3 63 10 34 11 98 0 48
6 76 2 36 3 74 7 59 8 48 4 24 9 29 1 23 5 58 11 31 14 9 13 91 0 23 12 5 10 4
5 26 3 72 6 78 11 53 13 72 12 63 1 63 4 12 7 78 9 2 2 21 14 62 8 38 10 97 0 53
14 40 12 99 10 90 3 81 11 65 2 10 0 53 4 69 9 35 7 35 8 70 13 98 1 88 5 47 6 64
2 20 8 93 13 92 14 30 6 82 7 48 0 53 10 33 1 62 11 16 5 31 12 33 4 5 3 93 9 19
11 31 3 6 7 29 9 31 1 14 6 32 4 1 10 48 12 88 14 18 13 23 8 37 5 97 2 76 0 62
1 70 4 35 5 40 9 70 7 80 11 40 12 63 3 58 13 87 2 35 0 94 6 57 8 45 14 52 10 6
6 32 2 44 12 38 4 58 7 46 11 41 9 98 8 78 3 91 5 39 14 44 1 72 10 91 0 87 13 53
14 80 0 41 5 96 2 63 13 13 7 56 4 16 11 62 6 30 12 65 8 70 9 94 3 44 10 95 1 97
0 3 14 6 7 70 4 90 2 5 10 72 3 74 1 1 8 11 6 32 13 87 9 20 12 33 5 88 11 37
9 17 0 10 2 52 8 54 3 72 1 59 14 44 13 51 12 44 10 91 6 22 11 83 4 98 7 64 5 87
10 90 2 58 8 81 9 52 4 32 12 70 5 49 0 91 14 13 6 10 1 52 13 7 11 83 7 29 3 83
13 56 14 90 9 66 3 28 1 57 4 88 7 94 8 28 12 87 11 99 6 46 5 45 0 37 10 68 2 66
7 69 6 55 13 34 4 82 2 84 11 74 0 34 9 92 8 10 5 52 1 63 3 39 10 61 14 29 12 13
1 58 0 75 3 71 8 80 12 64 7 22 11 89 9 46 4 70 5 96 10 3 13 41 14 98 2 33 6 10
10 90 2 26 7 73 5 55 9 75 11 83 13 5 6 79 4 6 0 62 1 5 8 9 12 10 3 46 14 92
10 88 4 13 9 28 5 4 8 41 11 7 7 53 2 8 0 33 12 22 6 66 1 22 14 53 3 11 13 96
12 36 3 10 10 57 1 79 7 40 2 37 6 80 13 80 5 34 9 5 0 5 11 51 4 48 14 45 8 25
13 15 12 94 10 2 6 24 2 49 7 92 1 94 8 37 5 57 14 94 0 1 3 8 9 22 11 14 4 90
11 8 2 26 10 36 3 49 12 34 8 84 9 47 1 72 13 21 0 74 14 2 5 5 6 39 7 6 4 42
10 91 7 33 6 7 11 51 3 70 14 28 12 8 4 88 13 17 8 74 9 8 2 56 0 1 1 37 5 34
12 61 0 21 10 74 7 67 2 58 8 44 6 12 14 81 13 8 4 95 11 87 1 22 3 51 5 13 9 91
11 70 6 93 9 85 8 41 2 39 3 5 13 57 4 39 7 13 5 61 0 98 12 80 14 96 1 94 10 21
6 61 1 71 8 68 0 33 10 67 4 37 14 20 12 82 11 26 5 11 2 3 7 66 13 19 9 38 3 68
4 96 12 17 0 53 6 79 2 57 10 46 14 2 9 6 5 84 3 43 13 79 11 3 8 90 1 81 7 68
0 85 9 98 8 11 13 62 10 40 3 10 14 96 7 26 2 38 5 16 12 91 11 45 6 91 1 72 4 2
14 36 1 33 11 56 9 98 4 45 0 50 12 34 7 37 8 18 6 79 2 87 10 98 3 66 5 64 13 20
5 27 7 16 13 50 11 44 2 63 10 1 4 22 14 2 8 44 6 49 9 40 1 78 12 43 0 74 3 18
9 67 14 72 8 60 6 96 13 39 12 8 3 87 1 86 5 58 7 91 2 48 11 44 10 59 0 55 4 39
10 83 4 54 11 81 3 60 0 85 9 64 13 12 8 19 14 37 12 20 1 94 7 9 6 41 2 83 5 35
11 33 3 34 0 87 1 27 2 4 8 20 12 93 5 7 14 68 6 80 9 35 13 27 4 10 10 43 7 29
4 20 14 11 3 20 2 47 8 44 13 6 7 67 6 47 5 83 11 94 1 65 10 50 9 9 0 1 12 44
11 16 6 16 0 12 5 6 14 23 10 4 4 80 9 14 2 4 1 73 3 45 8 25 13 66 7 99 12 90
8 57 6 80 5 23 14 75 7 40 13 72 4 87 3 58 9 41 2 15 12 73 10 91 1 27 0 28 11 86
2 49 11 41 14 34 6 57 5 63 3 67 9 75 10 61 1 28 0 56 7 60 4 4 13 76 12 21 8 47
2 66 10 22 1 31 6 20 13 38 8 65 3 92 5 87 14 73 12 40 0 81 9 19 4 63 7 52 11 97
10 50 7 35 12 95 4 91 0 26 1 27 8 84 13 56 11 46 3 84 2 59 5 37 6 75 14 89 9 56
