50 15
14 51 9 80 4 62 0 9 8 12 11 92 7 5 12 95 5 95 6 92 2 6 1 9 10 87 3 20 13 83
9 28 4 97 6 74 12 75 10 37 5 14 2 73 0 58 8 50 11 91 13 68 3 89 14 4 1 89 7 51
3 53 12 63 2 99 5 56 8 99 13 79 14 6 0 93 7 37 11 42 1 81 9 69 10 43 4 2 6 54
4 17 5 81 12 75 13 61 14 43 6 80 3 72 7 61 2 40 1 50 8 75 0 95 9 53 10 24 11 44
12 19 6 80 8 67 1 26 13 35 9 24 14 82 0 15 5 57 4 93 3 10 7 7 10 16 2 38 11 57
10 11 12 41 14 97 0 80 2 26 1 44 9 20 8 3 5 90 3 6 7 15 4 50 6 45 11 83 13 2
9 36 1 65 2 25 13 41 4 45 10 93 7 37 0 59 3 29 5 12 6 75 11 40 12 70 8 50 14 74
5 30 12 79 13 98 7 80 8 68 14 33 1 42 11 95 9 95 2 3 6 79 4 3 3 43 0 85 10 83
14 91 8 42 11 68 0 59 7 16 10 56 2 52 13 23 9 23 12 11 4 44 5 4 1 20 6 97 3 35
4 56 7 24 2 59 8 18 3 16 11 55 6 54 5 38 14 59 0 88 13 78 1 73 9 10 12 59 10 6
6 89 14 76 5 57 13 75 10 93 9 22 8 24 12 49 2 14 1 7 4 82 7 77 11 75 3 73 0 26
12 59 0 78 14 58 9 88 6 79 4 29 8 60 2 26 1 33 3 4 11 63 10 52 7 90 5 94 13 96
6 47 12 10 7 18 8 39 9 99 10 72 1 15 5 71 3 53 11 42 14 33 4 54 2 36 0 29 13 87
11 13 12 39 6 39 3 88 0 27 2 62 5 87 14 71 13 54 1 40 10 35 7 45 8 73 4 89 9 80
9 52 5 36 6 79 12 47 7 98 2 54 14 17 11 83 0 43 1 18 4 93 10 66 8 73 3 23 13 14
2 6 4 91 6 42 11 44 12 89 0 8 7 37 13 1 3 35 10 31 9 66 8 76 14 2 1 84 5 59
2 69 5 51 7 4 0 94 4 87 10 68 3 33 14 60 6 16 12 49 9 2 1 57 13 27 11 41 8 38
11 61 9 10 6 58 14 77 1 78 5 70 10 66 8 48 3 70 0 70 13 46 7 43 2 23 4 73 12 41
8 89 11 88 4 99 13 87 9 31 2 10 12 42 5 75 14 59 10 41 0 19 6 40 1 79 7 98 3 97
5 24 9 46 4 26 10 61 3 71 14 99 13 92 8 44 7 53 12 38 2 35 0 99 1 9 6 92 11 62
0 90 13 91 3 74 11 18 10 9 1 3 6 20 9 27 4 9 12 57 8 62 7 10 14 10 5 9 2 16
0 35 3 63 6 53 14 89 11 83 12 23 2 39 7 5 8 27 9 71 1 33 10 13 4 57 13 66 5 96
6 34 7 21 2 6 12 65 3 96 0 5 4 79 14 42 10 80 5 6 8 41 9 75 1 99 11 96 13 32
7 22 9 13 13 23 2 81 10 79 0 71 14 87 12 93 4 68 11 85 3 48 1 39 6 52 5 32 8 21
0 55 8 63 1 52 6 23 12 94 4 5 10 4 2 50 14 75 11 55 9 40 3 97 13 66 7 8 5 73
1 89 3 39 7 36 6 87 5 22 11 98 4 78 10 90 2 48 14 78 13 92 8 3 0 82 12 56 9 76
11 46 7 87 0 95 4 62 1 51 2 90 14 37 3 86 6 33 13 20 12 51 8 21 5 35 9 77 10 6
0 27 8 10 5 3 11 21 4 21 13 73 2 70 12 85 1 88 7 69 9 96 6 55 14 97 10 75 3 53
10 73 13 38 8 53 1 11 5 22 2 5 11 57 7 61 9 27 6 58 3 4 4 10 12 75 14 82 0 55
2 87 10 67 8 21 13 74 5 87 12 72 3 32 1 9 14 44 7 68 11 37 9 47 6 77 4 14 0 79
11 26 3 40 1 22 8 99 0 52 6 64 7 51 14 27 12 37 13 44 4 85 10 18 5 19 9 50 2 67
2 79 7 10 3 42 11 92 6 71 1 15 12 2 14 69 10 88 8 50 5 87 0 72 4 80 13 78 9 61
11 97 9 71 7 74 8 32 13 1 0 16 3 39 12 90 2 13 14 28 1 1 5 43 6 65 4 46 10 11
12 69 4 10 13 63 6 25 2 79 0 6 8 52 14 19 5 48 10 69 3 88 7 17 11 93 1 31 9 13
6 85 8 65 5 68 4 96 2 82 14 93 1 16 13 81 12 66 0 82 3 38 10 63 9 53 11 88 7 19
14 99 11 21 1 64 2 61 6 94 7 70 9 57 10 31 3 87 4 91 0 79 8 74 13 49 5 58 12 44
7 9 1 20 6 93 2 63 13 27 11 62 4 95 14 61 12 32 0 18 10 9 9 96 3 70 8 8 5 80
7 22 11 32 13 25 10 58 5 25 4 27 0 30 1 16 9 92 8 2 2 49 14 55 12 26 3 46 6 17
14 69 6 24 13 6 4 9 0 34 1 39 8 34 5 91 11 48 3 16 9 80 12 31 7 54 10 53 2 47
10 21 4 48 3 85 14 4 7 15 12 92 11 60 2 35 13 70 6 54 0 58 1 95 5 73 8 30 9 89
7 34 12 95 9 29 8 20 3 41 11 81 6 18 1 40 10 83 14 3 0 37 5 3 13 19 2 36 4 6
11 58 1 26 9 60 12 13 3 79 5 20 13 14 0 91 6 98 10 5 8 22 2 58 14 69 7 71 4 6
0 61 8 9 12 10 11 1 13 54 14 97 3 65 2 89 1 78 10 71 4 61 7 70 6 68 5 37 9 26
8 66 7 3 0 70 5 25 12 2 3 44 14 22 13 62 6 91 10 25 11 22 9 87 1 7 4 2 2 16
0 55 13 1 7 9 14 69 11 93 3 97 10 92 1 52 4 43 12 60 5 32 8 94 6 19 2 53 9 58
6 56 9 42 0 28 13 66 8 16 14 46 7 11 1 87 2 70 5 58 10 9 3 8 12 14 11 39 4 20
7 55 14 61 8 69 6 34 11 31 0 24 9 36 2 61 1 35 3 99 5 82 12 38 10 59 13 48 4 27
13 16 8 26 0 27 3 81 2 6 6 28 7 84 11 85 12 83 5 40 9 47 14 93 10 33 4 7 1 16
8 49 6 61 7 48 1 21 13 30 10 29 3 5 9 35 14 71 0 49 5 97 4 47 2 47 12 86 11 13
7 79 11 68 1 93 12 14 6 15 4 71 14 96 2 93 9 41 8 9 0 63 5 12 3 50 13 44 10 44
