50 15
7 28 2 79 14 82 0 86 12 89 8 3 4 51 10 27 1 25 5 24 6 82 11 79 3 22 9 41 13 74
3 36 7 2 6 15 2 47 0 8 9 73 10 26 13 91 8 17 4 62 12 52 11 91 5 62 1 86 14 46
5 58 9 91 13 24 1 64 2 76 11 92 7 18 0 67 3 31 14 44 8 2 4 72 6 4 12 38 10 50
1 8 10 62 4 8 12 27 3 44 5 81 9 34 6 50 8 58 2 76 14 40 7 57 0 84 13 44 11 93
13 91 8 49 1 38 4 61 6 12 12 74 3 10 5 43 7 20 0 30 9 47 2 1 10 88 11 75 14 95
9 81 12 65 2 74 11 23 1 56 0 14 7 6 13 43 10 30 4 16 8 53 6 87 5 25 3 18 14 86
7 93 11 26 8 76 3 69 0 25 9 15 10 81 13 74 6 38 12 30 2 69 14 25 1 46 5 23 4 62
0 69 4 12 7 16 5 53 2 15 10 3 13 46 12 70 1 52 3 87 6 27 14 45 9 18 11 26 8 50
4 38 3 27 9 67 11 91 8 89 7 8 12 1 14 85 2 18 6 15 5 94 0 18 1 86 13 78 10 20
0 65 10 19 3 92 5 52 1 47 8 74 9 21 11 28 7 92 6 70 4 94 13 63 14 14 2 75 12 90
12 81 14 42 9 77 6 15 5 73 3 65 0 41 4 46 1 18 10 39 2 61 8 80 11 60 13 46 7 72
1 40 4 90 5 44 14 82 11 92 0 39 2 79 12 98 6 86 8 21 13 47 3 45 10 22 7 22 9 7
3 27 8 94 5 85 11 75 1 99 12 31 14 37 6 4 10 46 7 52 4 34 0 67 2 37 13 45 9 69
4 54 9 95 1 13 7 17 14 80 0 22 3 63 13 34 10 75 11 41 12 17 5 90 2 1 6 97 8 5
13 72 6 11 1 60 0 16 2 22 4 58 9 58 3 43 7 29 11 7 5 34 10 28 12 99 14 39 8 54
0 19 5 22 14 89 12 35 13 67 9 20 8 95 7 28 3 21 11 27 10 24 4 10 1 46 2 57 6 15
7 95 12 97 14 38 13 28 10 11 3 13 1 6 0 77 9 43 2 42 8 27 5 90 4 52 11 49 6 39
3 53 1 61 0 19 8 68 2 11 9 71 5 99 14 44 4 52 6 30 10 75 7 88 12 17 11 37 13 37
9 78 13 14 7 16 14 28 8 72 11 21 10 21 1 99 6 93 3 70 12 39 4 64 2 33 0 2 5 90
9 69 3 3 10 95 13 41 7 51 8 94 11 1 2 13 5 83 4 31 0 83 6 92 12 34 14 1 1 68
11 62 7 90 8 25 12 29 13 41 10 97 4 99 2 82 5 6 0 10 9 68 14 9 3 96 6 19 1 94
11 50 6 83 4 51 12 49 7 49 2 25 1 11 9 92 3 78 10 73 5 6 0 42 8 1 13 35 14 10
7 19 10 73 3 50 14 27 12 65 2 48 6 1 4 90 0 38 9 1 11 19 1 85 8 64 13 74 5 33
12 58 4 37 14 1 8 42 7 40 3 95 11 86 0 33 1 74 6 48 5 90 9 53 2 9 13 78 10 67
1 96 0 78 3 94 9 90 8 15 11 69 5 56 7 94 14 75 2 51 6 64 10 10 13 36 4 73 12 43
3 42 14 68 11 92 1 52 4 37 0 33 6 10 8 10 10 42 9 78 2 41 7 14 5 88 13 81 12 33
0 86 4 21 7 71 2 64 10 98 14 43 11 85 13 7 5 69 1 56 9 64 12 79 3 85 6 8 8 88
13 6 9 84 2 5 3 60 6 62 11 98 5 45 7 76 8 27 4 10 10 83 0 83 1 92 12 66 14 12
13 49 9 48 5 87 14 89 11 40 8 34 4 97 6 74 7 17 0 47 10 58 2 83 3 51 12 24 1 95
7 9 8 81 4 98 10 13 13 72 12 47 5 58 9 96 1 36 11 28 3 21 2 20 0 98 6 25 14 24
13 64 14 42 4 85 6 97 2 43 3 12 1 98 8 69 0 26 12 14 5 37 11 68 9 31 7 16 10 38
12 51 9 42 13 14 4 34 2 79 14 93 1 8 3 35 7 12 5 42 8 6 10 63 6 47 11 73 0 11
5 79 8 59 1 71 10 54 7 69 6 59 14 97 12 33 4 88 0 10 9 43 11 96 3 76 13 52 2 64
11 85 3 29 9 92 14 11 4 88 13 71 10 33 7 52 12 24 0 60 1 7 8 50 2 70 5 81 6 4
5 52 6 71 14 11 4 39 1 58 11 48 10 31 12 83 7 16 8 78 2 22 13 61 9 55 3 85 0 42
13 12 5 56 3 71 11 17 0 35 4 88 9 17 6 1 8 22 1 53 10 3 2 71 14 96 12 44 7 95
0 2 6 13 1 83 5 15 14 71 4 1 9 62 10 34 7 48 11 43 13 97 12 42 2 98 8 29 3 70
3 91 4 91 10 78 8 14 7 28 5 50 2 56 1 23 13 77 14 79 9 72 6 73 11 84 12 97 0 44
13 24 14 23 0 19 2 31 1 21 5 38 11 48 8 26 3 90 7 45 4 61 9 83 6 22 10 84 12 97
14 13 0 34 13 62 2 36 6 94 1 99 8 4 9 64 5 60 3 86 11 45 10 9 12 4 4 17 7 78
1 26 14 61 8 47 11 54 2 13 10 32 3 34 0 79 12 37 5 69 4 86 7 14 6 9 9 79 13 31
5 57 0 12 6 47 1 84 2 48 11 60 8 75 3 41 10 42 7 8 4 69 12 2 13 28 14 28 9 13
4 33 8 40 13 93 11 86 3 55 2 28 0 88 10 22 14 3 9 13 6 53 1 76 5 23 12 56 7 29
4 29 13 40 11 66 3 73 14 68 9 75 7 52 5 73 12 87 0 57 10 80 6 55 2 35 1 29 8 85
13 54 7 85 5 4 10 15 6 87 9 60 1 77 4 59 8 95 11 23 12 84 2 45 14 4 0 42 3 41
2 35 8 71 11 49 13 71 9 70 5 87 6 63 12 74 0 74 10 80 7 43 14 26 1 54 4 45 3 27
8 3 12 78 10 9 0 13 9 5 5 99 14 43 11 36 2 23 6 89 13 60 4 99 7 98 3 84 1 77
11 19 10 42 1 78 5 47 12 52 2 59 9 53 14 52 8 8 3 37 13 60 7 5 0 81 4 13 6 2
13 55 12 75 4 72 14 97 9 60 10 91 5 77 1 64 2 38 7 51 11 91 3 81 6 49 8 55 0 62
9 25 13 22 12 1 5 15 7 4 4 73 1 13 3 25 10 89 6 28 8 62 11 18 2 39 14 48 0 85
