50 15
8 89 3 16 9 70 5 98 13 57 10 26 2 3 14 71 1 56 0 51 6 80 4 66 7 81 11 70 12 63
9 60 13 42 0 99 4 93 11 19 7 11 12 99 10 14 14 78 1 28 3 45 5 16 6 85 2 7 8 86
11 22 12 65 10 51 8 22 5 66 9 18 7 47 14 50 0 40 13 38 3 25 6 93 2 32 4 2 1 41
4 80 7 89 2 26 12 42 9 62 8 8 5 48 14 95 3 69 11 26 6 55 10 16 0 65 13 7 1 47
10 45 13 14 2 84 8 88 12 73 3 59 5 90 9 76 11 28 4 80 1 31 7 70 0 50 14 80 6 22
8 42 13 13 7 39 3 62 11 29 4 66 14 45 1 67 6 56 5 90 12 2 0 90 9 23 2 19 10 26
11 52 14 7 10 20 6 32 8 98 2 48 3 18 4 86 12 71 13 9 0 88 7 7 5 68 9 63 1 64
2 80 0 34 10 34 5 75 3 22 12 3 13 81 1 28 14 31 7 79 11 5 4 92 8 54 6 39 9 62
9 42 3 1 0 45 12 1 14 33 11 10 1 5 8 52 7 76 4 85 13 97 5 28 10 46 6 14 2 33
12 51 10 25 8 37 3 59 13 24 9 18 14 77 1 48 5 62 4 6 2 45 11 68 6 21 7 97 0 64
3 48 6 78 11 81 2 3 4 60 7 68 8 11 14 10 9 75 1 48 12 4 10 79 13 18 5 29 0 91
0 59 6 47 2 4 5 62 11 54 1 63 9 31 3 45 8 11 10 44 13 28 14 77 4 50 12 20 7 66
11 75 7 42 2 2 9 35 0 93 12 56 5 34 4 43 6 76 1 82 13 66 3 45 10 81 14 65 8 95
6 61 13 2 14 14 12 79 3 81 9 99 1 46 11 43 8 51 7 14 10 75 0 87 4 40 5 24 2 57
9 79 10 57 6 32 12 76 0 75 2 88 1 58 3 42 11 21 13 93 5 71 14 48 8 25 7 82 4 58
12 86 1 15 3 5 13 6 7 55 9 96 5 59 11 18 10 96 2 14 4 61 6 8 8 86 14 8 0 90
13 11 12 30 2 33 5 98 14 84 1 49 9 78 8 5 10 33 0 22 6 96 4 45 11 39 7 54 3 4
8 79 6 83 7 57 4 18 1 17 3 80 2 66 13 37 5 93 10 47 12 22 0 75 9 17 11 19 14 57
9 90 4 47 6 32 11 37 12 44 13 98 1 45 10 66 3 43 7 57 0 32 5 91 2 18 8 24 14 63
10 69 11 96 3 8 4 74 2 54 5 70 0 19 9 2 7 35 12 3 6 86 14 20 8 8 1 58 13 61
11 49 4 66 13 83 0 52 7 28 14 34 9 69 10 71 2 4 5 77 3 77 8 77 1 55 12 98 6 54
0 6 7 67 5 9 2 75 11 52 4 13 9 24 12 15 10 74 14 57 1 40 13 73 6 64 3 34 8 53
7 29 3 13 5 59 4 17 1 19 12 8 2 74 0 24 10 72 9 70 11 19 6 65 14 63 8 30 13 28
0 19 14 42 8 91 1 61 3 24 6 77 9 64 5 40 2 3 4 69 10 52 11 51 7 61 13 97 12 43
4 12 3 38 6 96 9 72 11 49 7 24 0 85 14 61 1 40 8 72 10 57 12 23 5 22 13 84 2 69
12 19 13 62 10 58 5 44 1 74 3 80 8 95 6 34 14 62 4 53 2 61 7 89 9 6 0 84 11 55
9 62 11 95 10 98 14 79 0 18 3 10 7 53 1 6 12 19 6 67 13 25 2 67 8 59 4 64 5 55
7 36 9 72 13 3 10 96 0 71 2 24 5 20 4 61 14 49 8 94 11 85 12 85 3 45 1 94 6 86
7 9 13 48 8 58 12 27 11 99 5 3 10 20 0 41 4 34 3 2 6 20 14 80 2 64 1 9 9 45
14 63 3 86 1 23 11 17 6 83 2 36 13 23 9 29 0 18 4 38 10 94 8 67 12 42 5 51 7 33
9 45 13 45 11 21 3 93 1 86 0 55 12 54 2 47 7 34 4 53 6 16 14 53 10 10 8 44 5 4
6 83 11 49 5 85 4 90 1 44 3 83 13 48 9 41 7 66 0 4 8 76 12 74 2 43 10 25 14 69
2 16 1 76 3 48 0 88 6 30 7 99 9 80 11 69 5 62 8 16 12 12 14 58 13 22 10 7 4 52
12 15 5 72 1 7 9 56 13 39 11 14 10 63 0 45 6 85 8 8 2 52 14 26 3 67 4 75 7 79
10 22 4 62 14 14 8 43 5 65 2 12 6 83 11 5 3 36 13 2 0 95 7 31 1 74 12 98 9 97
1 88 11 42 12 54 14 38 7 49 5 24 13 7 4 70 10 5 6 91 8 77 9 58 2 6 0 61 3 66
11 23 14 5 1 94 4 35 2 41 8 27 10 86 0 58 6 80 5 22 13 10 7 64 12 93 3 24 9 80
6 94 2 59 13 72 7 41 11 27 8 85 3 91 14 89 5 88 1 6 10 17 0 93 9 93 12 75 4 21
2 21 10 20 9 42 4 7 7 50 3 11 6 40 13 57 14 17 0 97 5 55 12 38 1 92 8 21 11 40
12 77 0 40 1 71 6 69 4 44 8 3 11 39 7 28 13 38 3 17 10 11 14 45 2 47 5 48 9 73
6 96 2 67 11 6 1 83 12 25 10 82 9 41 5 79 0 8 4 85 7 55 8 63 13 56 3 67 14 74
11 5 1 41 2 9 0 25 7 23 3 12 13 41 14 37 12 31 9 54 5 38 8 73 4 41 6 21 10 97
6 60 2 85 1 2 12 88 7 83 4 99 13 25 14 85 0 14 5 50 3 60 9 97 8 55 11 37 10 68
1 66 6 2 13 81 7 2 2 14 11 47 3 20 4 62 10 79 5 91 8 32 12 42 14 68 9 17 0 62
12 34 3 62 6 39 10 18 0 8 1 34 11 15 9 74 14 66 13 47 4 93 8 26 5 87 2 26 7 19
12 61 0 21 14 89 10 21 8 86 4 87 13 98 11 78 7 79 3 64 2 45 5 3 1 61 9 30 6 53
3 13 14 12 8 97 6 30 4 5 1 66 11 84 13 39 0 52 12 20 7 21 5 98 10 6 9 54 2 51
1 75 6 66 12 27 7 93 8 85 4 81 0 76 3 40 11 46 13 92 10 14 2 57 5 73 9 73 14 79
8 93 7 48 9 44 3 40 12 23 4 82 5 24 11 82 2 69 14 15 1 49 6 92 10 54 13 41 0 7
2 95 3 68 14 48 5 4 0 9 12 50 7 14 4 45 8 6 10 1 11 85 9 44 6 43 1 27 13 8
