50 15
6 2 10 66 7 41 9 19 2 82 4 54 11 3 3 53 14 14 13 69 1 98 8 64 0 99 12 8 5 82
11 78 2 25 0 71 12 10 13 8 7 83 6 74 4 18 5 86 3 17 10 31 8 79 9 68 1 77 14 50
14 26 3 70 8 14 11 74 6 46 0 76 5 79 4 33 9 76 2 60 1 36 7 70 10 69 12 32 13 76
1 10 9 91 0 48 10 23 5 61 3 92 2 2 11 65 14 55 8 76 7 37 4 1 13 76 12 7 6 90
13 43 10 29 12 96 0 50 8 97 4 86 6 30 14 51 11 35 3 39 7 90 2 87 9 50 1 69 5 12
4 6 6 9 5 7 0 64 2 96 12 51 1 14 7 2 10 82 8 4 13 11 11 24 9 91 14 31 3 9
11 83 9 1 2 62 0 86 4 77 1 68 10 42 5 27 14 1 12 37 6 93 7 20 3 5 8 58 13 43
12 23 7 30 11 86 2 58 6 67 4 65 5 82 14 82 8 81 13 9 3 59 10 9 9 34 0 92 1 94
8 76 1 56 7 6 3 84 5 88 4 34 6 3 12 75 14 70 13 12 0 75 11 10 2 14 9 66 10 50
13 3 11 52 8 44 14 2 9 75 2 19 5 28 6 43 0 48 4 54 3 86 12 72 10 68 1 56 7 12
10 35 5 66 2 64 9 31 0 41 13 77 3 57 4 84 1 35 6 43 14 58 12 21 8 27 11 38 7 68
11 54 9 52 7 89 3 64 0 18 8 8 1 94 13 81 4 14 6 40 2 15 12 92 5 87 10 78 14 10
4 66 10 52 6 41 5 49 1 74 14 24 7 12 12 3 2 71 3 81 0 9 11 47 9 53 13 36 8 93
8 74 9 34 13 15 3 85 14 18 12 34 10 77 1 57 4 55 7 83 5 82 2 3 6 44 0 61 11 18
13 90 0 56 9 55 14 66 3 50 8 44 4 48 5 6 10 2 1 90 6 42 7 88 2 37 12 55 11 21
14 55 2 9 11 58 3 87 4 26 7 89 12 38 6 44 13 49 5 40 10 94 9 99 8 60 0 40 1 56
7 69 12 59 8 59 6 66 9 97 2 12 10 78 11 44 5 87 13 40 3 61 4 34 0 48 14 97 1 40
8 42 13 64 1 26 0 18 3 61 7 30 4 25 5 25 12 66 14 90 2 3 10 24 11 83 6 56 9 89
0 92 9 54 1 84 10 89 3 74 11 7 12 46 8 32 2 54 7 66 14 49 4 78 6 48 5 58 13 63
10 39 4 38 6 99 8 72 9 45 12 33 2 94 5 16 7 19 14 78 11 48 0 58 1 25 13 73 3 28
8 83 11 67 13 54 3 35 7 27 10 53 6 72 0 15 9 15 12 47 2 33 1 34 14 24 4 67 5 62
5 57 3 86 8 12 0 69 1 53 13 48 9 55 11 74 4 98 2 21 12 67 6 91 7 74 14 56 10 25
12 62 8 68 7 74 10 63 5 27 0 27 11 90 1 64 13 42 4 84 6 22 9 57 2 24 14 22 3 82
7 91 14 96 6 26 9 61 1 39 10 8 0 93 2 26 8 30 3 42 5 88 13 59 4 43 12 78 11 28
2 43 9 74 8 34 14 71 6 28 3 12 11 24 7 50 10 94 5 9 4 16 13 43 0 67 12 58 1 93
9 24 0 64 12 85 7 57 1 74 5 20 3 35 2 99 13 80 11 43 10 18 8 36 6 92 4 43 14 71
6 79 9 7 3 43 13 49 14 46 1 25 2 84 7 40 0 76 8 8 5 52 12 59 10 72 11 35 4 86
10 76 2 94 8 74 6 14 11 28 0 28 3 8 13 44 1 80 14 28 4 32 12 98 7 12 9 44 5 10
1 15 4 79 5 54 6 28 7 59 13 89 9 55 0 43 8 64 14 84 2 82 11 63 3 7 12 34 10 5
0 61 5 65 10 6 13 80 8 52 6 12 4 23 12 36 11 70 14 76 9 24 1 84 7 4 2 45 3 19
13 65 11 43 0 1 10 34 9 50 12 56 4 50 8 1 7 46 5 63 3 79 1 73 6 3 2 62 14 61
10 24 14 63 12 40 3 90 11 29 7 6 6 44 5 62 8 76 2 21 1 57 9 48 0 88 4 30 13 84
10 50 13 16 0 55 11 57 7 43 8 86 2 91 4 49 6 31 5 69 9 77 12 9 14 11 3 38 1 35
3 39 6 42 14 95 2 89 10 32 8 8 5 8 13 30 9 39 4 14 0 69 1 66 11 67 12 88 7 5
4 46 10 8 5 55 2 80 0 86 1 87 12 53 3 93 13 85 6 26 9 5 7 37 8 52 11 26 14 70
7 82 11 59 0 76 1 47 10 30 8 70 6 93 2 40 13 33 3 99 4 61 12 97 5 38 14 67 9 81
13 72 14 54 9 20 1 26 4 48 8 21 2 36 6 50 11 32 10 49 0 62 12 27 3 22 7 33 5 90
1 1 14 4 12 40 11 66 10 89 4 50 2 28 5 62 7 10 8 72 0 84 3 70 6 43 9 51 13 90
10 25 3 35 0 14 14 89 4 53 5 75 7 30 6 14 8 90 12 4 1 45 9 10 2 34 11 85 13 6
10 33 9 81 7 23 0 52 11 39 1 56 14 29 12 61 13 96 4 71 6 1 3 57 8 95 5 21 2 94
8 62 13 32 14 79 0 67 4 77 1 96 3 74 6 43 11 15 2 38 5 48 12 55 10 99 7 61 9 17
5 86 7 20 2 11 9 72 0 41 8 75 13 37 6 26 14 7 3 35 11 81 1 23 10 95 12 65 4 90
3 35 0 87 1 46 6 94 10 77 9 57 13 25 5 46 8 5 12 45 14 78 2 78 7 37 11 57 4 56
9 15 13 16 8 19 6 92 5 99 1 61 11 67 12 21 14 26 7 99 4 84 3 2 0 35 10 62 2 50
5 62 0 22 11 97 1 59 14 37 4 34 10 13 7 62 6 24 9 70 3 29 8 47 12 50 2 27 13 15
11 84 12 98 9 66 2 44 13 12 0 39 10 9 7 84 3 71 6 46 14 57 5 56 1 92 8 34 4 19
5 31 6 24 3 75 0 26 12 35 4 12 11 54 10 48 2 4 8 1 1 96 14 68 13 15 7 22 9 85
13 50 10 3 6 45 1 73 0 82 8 91 3 15 5 7 4 26 7 62 11 74 2 68 9 33 12 7 14 25
7 80 10 50 9 37 8 58 13 27 11 27 4 84 1 29 6 25 0 98 12 51 2 75 14 9 3 47 5 32
2 1 14 60 1 49 6 31 5 53 0 13 7 9 13 3 12 45 11 82 9 96 8 28 4 48 3 18 10 48
