50 15
4 37 0 63 7 22 12 14 6 93 14 84 10 1 3 50 2 13 13 25 1 74 11 58 9 2 5 11 8 13
6 27 1 85 7 15 11 52 12 64 0 36 13 60 8 37 2 39 3 39 4 37 9 33 5 72 10 33 14 49
13 39 10 81 9 76 8 11 3 95 5 81 14 45 0 28 6 1 1 8 2 56 4 73 12 89 11 78 7 44
7 10 12 55 6 18 3 81 5 84 14 42 13 45 8 73 2 10 4 72 11 35 10 3 9 14 1 52 0 53
2 41 10 92 3 72 1 19 12 8 13 45 9 62 7 18 4 44 14 31 0 35 5 27 11 72 8 19 6 29
9 1 14 38 3 34 1 46 11 61 10 8 8 4 7 61 4 43 2 90 0 46 6 97 12 77 13 28 5 69
3 29 11 10 8 77 7 34 13 6 0 87 2 18 4 69 10 49 14 17 1 13 5 87 12 38 9 8 6 41
1 80 12 68 7 44 8 3 3 43 2 68 5 69 11 40 4 22 13 86 14 51 6 93 9 93 0 20 10 79
10 1 7 8 6 71 5 42 13 66 0 65 1 41 12 78 14 77 3 72 8 32 9 98 11 52 2 48 4 44
4 49 10 47 1 17 8 59 9 28 7 49 3 72 13 62 12 84 2 96 6 32 0 94 5 83 11 26 14 25
0 3 6 64 1 71 5 75 8 20 10 27 11 33 2 24 14 84 3 43 4 99 13 14 9 87 7 15 12 67
6 58 0 38 11 28 10 90 7 62 8 43 14 76 9 54 13 53 4 36 2 77 3 50 1 30 5 44 12 97
6 60 3 56 11 46 2 60 5 50 9 95 0 59 10 63 7 65 1 23 4 38 8 1 13 3 12 42 14 55
0 62 8 11 2 59 4 81 1 8 13 75 9 48 3 58 12 23 7 54 6 86 5 89 14 41 11 77 10 21
8 19 4 39 5 2 11 37 9 5 1 60 12 50 6 97 0 25 14 51 10 44 2 6 7 10 3 62 13 17
12 59 0 47 14 50 8 40 1 72 6 55 3 45 7 73 5 5 2 61 9 26 11 38 13 87 4 90 10 89
5 96 12 98 3 25 4 45 9 19 6 1 13 39 0 6 10 27 11 5 14 33 2 14 1 22 7 16 8 63
3 29 2 71 4 88 5 85 11 21 1 10 9 97 8 25 6 94 0 84 10 89 7 47 12 97 14 97 13 71
8 98 7 47 9 10 6 44 3 93 1 30 0 32 13 34 4 46 12 94 2 54 14 45 5 72 11 87 10 36
3 24 13 34 11 66 9 26 8 33 4 63 7 46 6 69 1 61 0 32 10 36 2 40 14 95 5 26 12 15
4 66 14 41 13 34 0 29 6 57 5 45 12 91 9 5 3 61 8 16 11 10 2 56 7 82 1 59 10 39
2 2 10 14 7 5 6 51 3 66 12 61 1 27 0 92 4 25 5 90 13 61 8 28 9 3 14 34 11 29
2 46 7 23 11 64 6 21 1 68 9 90 14 18 3 6 8 16 5 88 13 56 12 22 4 90 0 50 10 94
12 72 11 55 0 16 9 34 3 68 8 5 7 78 13 86 5 89 1 52 2 28 4 17 6 19 14 3 10 3
2 33 8 73 6 26 9 75 0 65 7 57 1 2 13 12 10 81 11 13 14 9 3 40 4 48 5 8 12 25
7 24 14 14 9 44 0 19 11 68 6 1 3 38 4 41 5 29 8 71 1 63 10 36 13 42 12 94 2 11
3 58 6 99 0 52 14 70 13 1 4 53 10 45 2 73 12 30 5 31 7 80 11 64 9 98 8 14 1 65
4 3 2 32 6 92 0 69 1 13 5 30 11 58 12 70 9 88 7 88 14 55 13 20 8 64 10 60 3 26
6 27 12 17 5 42 0 14 10 1 2 75 11 82 9 6 13 98 3 36 7 71 14 97 4 4 1 36 8 1
10 89 5 71 1 95 6 80 7 46 13 48 12 83 4 9 11 37 8 21 9 49 14 1 0 41 2 1 3 14
9 19 8 82 6 67 4 38 13 5 2 21 12 53 11 68 0 37 14 16 1 43 3 76 5 51 10 88 7 74
10 56 8 99 13 99 5 15 12 88 0 44 3 56 4 12 11 49 6 13 1 64 9 95 14 32 2 95 7 20
5 61 7 34 6 48 2 88 3 97 9 44 14 11 13 12 1 31 11 43 8 69 0 21 12 83 10 60 4 74
10 72 9 23 0 51 1 46 14 45 8 43 12 33 7 62 6 56 5 46 13 23 11 22 4 51 2 58 3 83
2 47 14 51 3 94 11 23 5 32 12 15 8 56 4 81 6 10 7 42 10 39 9 39 13 49 0 72 1 6
6 18 3 93 0 32 9 48 1 43 13 73 14 58 7 35 10 4 12 50 11 22 4 71 2 21 5 7 8 41
9 31 12 66 8 60 14 12 5 85 11 36 0 10 10 31 1 9 6 92 4 64 13 47 3 30 2 36 7 15
8 60 13 24 7 7 0 93 5 55 4 50 10 99 3 65 14 83 12 40 6 71 9 23 11 43 2 18 1 27
8 64 1 72 2 19 4 84 11 61 3 36 6 72 7 94 0 87 14 46 13 26 10 29 9 89 5 80 12 12
1 8 0 80 6 41 2 64 9 44 10 25 11 53 7 42 12 28 5 22 3 21 14 40 13 33 4 22 8 69
8 91 12 42 10 24 5 10 13 5 7 5 4 9 0 45 9 51 14 85 1 53 2 34 3 55 6 57 11 67
5 76 13 3 10 76 3 87 4 1 1 28 8 39 14 4 12 36 11 9 0 9 6 63 7 4 9 73 2 58
3 15 12 58 14 22 5 90 9 79 4 66 6 41 2 23 11 58 0 28 1 80 8 4 7 88 13 43 10 85
11 57 8 72 12 63 0 44 13 4 1 4 7 61 14 27 9 22 2 11 4 69 6 94 3 16 10 20 5 14
1 65 7 63 9 27 14 64 4 57 11 31 10 14 3 47 13 68 6 88 8 40 5 88 0 8 2 80 12 52
3 45 0 36 12 41 9 54 2 70 10 73 5 58 11 57 13 36 7 53 4 58 6 92 1 28 8 74 14 44
14 74 0 18 4 15 3 80 2 14 1 34 7 99 5 93 13 95 12 6 6 1 8 20 11 77 10 35 9 69
2 3 7 26 13 70 4 40 0 14 8 81 12 74 11 36 3 30 1 53 9 38 10 38 14 78 6 97 5 57
0 41 7 80 1 85 9 97 13 31 3 88 10 25 12 84 8 38 11 80 6 95 4 84 2 78 5 59 14 77
1 88 11 41 7 29 9 62 8 85 0 40 14 5 12 65 4 55 5 14 2 41 10 47 3 71 13 35 6 48
