50 15
5 39 14 13 8 22 7 13 10 3 2 20 9 78 4 68 13 67 1 14 11 94 6 59 12 42 3 32 0 82
10 56 3 50 6 60 5 65 9 76 1 65 13 28 0 64 4 59 2 8 14 12 12 29 7 62 8 63 11 99
10 18 7 53 8 4 1 81 9 29 5 48 2 95 0 82 12 1 14 99 3 76 4 75 13 98 6 14 11 14
14 18 6 63 13 33 0 77 7 47 11 16 8 80 5 58 9 2 1 12 4 8 10 16 12 79 3 71 2 23
7 32 1 46 13 33 5 38 10 99 3 89 0 65 14 51 9 69 11 78 2 16 4 41 6 15 8 84 12 24
0 94 2 80 3 65 11 68 13 58 10 2 6 54 1 20 9 61 7 50 14 52 4 96 5 41 12 93 8 95
1 95 6 50 11 90 0 1 7 25 10 84 5 20 12 89 9 73 2 30 4 87 8 35 13 43 14 35 3 61
6 65 7 73 10 7 14 77 3 8 5 68 9 83 13 22 1 25 11 70 2 5 12 15 4 69 0 93 8 36
7 71 0 5 11 8 14 79 5 80 13 5 3 7 2 96 8 4 1 45 4 60 10 51 12 15 9 51 6 5
6 39 0 60 13 22 7 9 11 67 3 46 1 93 10 92 5 58 8 49 9 77 14 39 2 57 4 45 12 16
14 69 8 35 9 80 5 33 13 34 12 80 6 34 3 23 7 18 4 67 11 33 0 1 10 29 1 50 2 15
5 74 12 43 9 97 1 82 13 31 7 45 6 23 10 15 11 61 2 73 8 64 14 27 3 89 4 84 0 48
10 38 7 77 4 19 13 82 0 26 8 16 3 92 12 41 1 82 5 18 6 65 9 97 14 89 11 33 2 2
3 95 10 63 8 94 2 31 1 84 0 59 6 48 11 5 4 66 13 45 7 47 5 54 12 22 14 67 9 4
5 87 6 79 11 22 13 6 9 52 14 19 0 78 1 40 3 30 4 81 8 77 2 5 10 6 7 25 12 61
13 78 8 67 6 75 1 81 11 92 3 71 14 64 7 71 9 52 2 17 12 68 4 10 5 11 0 14 10 46
10 78 1 28 6 48 9 9 4 32 3 13 14 88 2 48 12 75 13 67 7 63 0 19 8 33 11 71 5 15
14 23 1 27 5 71 12 61 9 65 10 82 3 1 8 64 7 62 0 89 13 22 11 71 2 97 6 12 4 7
12 51 8 28 14 86 2 2 5 55 3 48 13 20 7 49 1 77 9 84 0 44 11 20 4 5 6 11 10 79
2 46 8 60 4 95 6 72 12 18 9 39 13 95 11 41 3 48 0 43 7 66 14 48 5 77 10 50 1 30
14 71 4 86 10 8 13 23 11 48 8 49 7 67 3 86 2 64 12 28 0 46 9 39 6 89 5 98 1 8
3 59 10 35 4 69 1 23 0 62 12 67 5 39 7 72 13 16 11 47 6 45 8 18 9 3 2 46 14 68
8 50 0 59 12 80 1 52 6 75 7 46 5 68 13 86 14 38 4 46 3 61 10 31 9 35 11 76 2 95
2 62 12 26 8 61 10 55 13 1 1 58 14 22 9 78 7 19 6 21 11 16 4 39 5 84 0 73 3 99
0 13 12 71 2 36 1 72 10 80 9 17 6 98 3 55 11 25 13 57 4 36 14 42 7 19 5 59 8 21
6 89 1 38 12 50 10 52 5 9 0 63 2 96 4 73 9 99 13 20 14 33 8 19 11 69 7 97 3 58
14 47 2 49 1 31 4 97 9 34 7 45 11 75 6 73 0 56 10 27 13 58 5 59 8 84 12 94 3 92
0 41 13 98 9 99 8 33 11 12 6 42 10 60 1 49 14 94 2 71 4 17 12 27 3 10 5 34 7 28
14 60 3 70 10 18 5 30 4 16 1 76 11 12 13 13 6 10 9 32 7 9 8 64 0 48 2 65 12 42
9 18 0 75 4 25 13 36 7 95 14 13 6 41 1 87 10 88 11 7 5 70 2 95 8 23 3 55 12 47
12 40 2 28 9 26 10 73 3 27 14 48 1 32 5 43 7 99 4 32 11 16 6 64 8 10 0 46 13 86
5 19 7 85 14 97 11 36 12 77 1 18 13 83 0 22 8 86 3 86 9 85 4 89 6 23 10 73 2 95
14 52 0 50 11 23 10 30 13 76 5 79 9 1 2 24 12 38 3 85 7 24 1 72 6 31 4 95 8 82
5 88 8 38 7 19 2 26 13 61 3 81 11 26 4 56 12 25 6 1 14 89 9 66 0 17 10 94 1 7
12 96 2 84 6 15 11 97 10 72 4 82 14 67 13 61 3 41 5 95 0 94 7 81 1 24 9 24 8 18
4 36 7 92 9 31 0 4 12 69 1 48 2 57 14 4 8 30 5 15 6 84 3 61 13 86 11 74 10 36
9 62 13 83 10 88 11 36 14 83 1 63 3 61 8 45 7 24 5 64 0 28 6 99 12 78 2 73 4 88
10 3 1 49 11 79 4 22 12 22 13 73 6 63 2 43 8 13 3 48 5 41 14 83 7 72 9 20 0 5
9 48 1 96 3 75 12 1 2 63 8 32 5 1 14 92 13 76 0 91 10 40 11 84 7 1 4 69 6 28
5 72 4 27 11 53 8 30 9 29 6 80 7 95 13 87 2 74 3 60 0 73 10 90 12 51 14 76 1 69
3 83 10 14 4 85 14 41 5 11 8 6 11 65 6 97 7 38 9 67 2 77 12 31 13 16 0 36 1 46
0 17 5 32 6 64 7 32 8 79 2 47 4 19 13 24 10 75 1 11 14 54 11 77 3 49 9 37 12 74
0 97 11 47 1 24 4 70 10 53 14 70 13 47 3 71 12 61 2 89 5 11 7 54 8 50 9 22 6 97
0 61 13 36 10 23 4 9 14 93 11 40 6 76 2 80 7 75 8 10 12 95 5 18 1 66 9 25 3 14
1 12 13 41 11 10 3 45 5 14 4 6 9 32 12 55 6 62 7 45 2 89 8 97 10 55 14 4 0 78
13 70 14 6 4 69 6 62 9 37 2 87 5 18 8 80 0 71 3 55 11 47 1 53 10 49 12 27 7 49
8 7 6 71 7 9 5 51 13 34 3 29 11 98 1 36 2 45 14 21 0 63 9 22 10 7 12 36 4 64
5 41 11 74 13 65 10 50 12 14 4 3 9 65 6 9 1 19 2 56 8 24 0 29 3 94 7 10 14 1
11 23 6 61 13 95 3 59 4 46 0 81 10 95 5 74 9 27 14 33 1 56 12 19 2 8 7 47 8 88
3 60 9 55 7 29 5 22 8 4 11 11 10 45 1 14 13 6 12 97 6 52 4 63 14 9 2 7 0 17
