50 15
3 99 5 99 9 88 13 15 11 20 7 69 14 31 2 85 4 2 1 93 10 66 0 24 12 29 8 20 6 84
8 40 2 37 4 17 5 74 13 70 0 16 10 78 9 25 11 60 12 55 7 39 14 14 1 79 3 58 6 29
14 76 12 10 8 13 0 79 11 59 5 80 3 99 13 60 7 26 6 10 2 90 9 27 10 37 1 3 4 4
0 44 11 84 3 69 1 13 10 64 8 79 9 19 5 72 7 76 13 42 12 85 6 3 4 12 2 62 14 43
0 11 8 70 10 75 13 60 9 43 12 42 2 30 11 17 6 6 3 41 1 94 5 89 7 82 14 16 4 57
2 60 3 11 5 40 1 41 9 88 13 42 10 1 6 35 14 43 0 44 8 87 7 24 11 79 4 19 12 17
11 60 0 21 14 18 8 64 10 56 13 82 5 19 4 10 3 77 7 56 2 71 9 94 12 80 6 59 1 88
4 7 1 77 9 66 13 86 3 59 10 94 12 33 8 52 0 24 6 4 11 72 7 58 5 46 14 86 2 55
6 33 1 80 2 89 11 22 3 71 5 97 4 9 0 33 8 83 10 36 9 29 13 23 14 79 12 88 7 35
2 64 9 82 8 26 4 45 1 52 11 85 5 64 3 96 7 95 0 7 6 99 13 32 10 92 12 64 14 89
9 48 10 49 7 76 6 51 8 59 11 38 4 60 12 40 14 6 3 9 0 23 2 29 13 40 1 48 5 83
4 68 7 37 11 24 9 31 3 50 13 52 8 82 14 98 6 49 12 70 1 33 5 27 0 22 2 50 10 7
9 25 1 53 4 55 8 89 5 43 10 93 12 32 14 32 7 62 11 65 3 45 13 13 2 55 0 35 6 31
1 23 3 31 9 48 0 92 7 31 6 8 5 46 13 72 2 80 10 81 4 79 11 48 12 40 14 88 8 44
12 98 9 1 4 12 7 81 13 47 2 78 14 54 6 48 1 63 0 3 11 46 5 2 8 5 3 56 10 68
9 15 5 49 7 27 0 24 11 32 4 75 10 74 14 45 6 71 1 24 12 5 2 33 3 80 13 10 8 15
6 45 12 7 14 12 7 98 11 66 1 85 0 73 3 10 13 32 8 38 10 33 4 39 9 36 2 11 5 15
2 22 14 17 1 20 0 45 12 98 3 71 9 49 13 99 8 10 6 63 5 43 7 21 11 30 4 73 10 87
5 61 8 62 4 60 12 33 0 81 3 58 6 32 11 93 14 37 10 89 2 60 13 52 7 79 9 94 1 15
11 78 8 46 10 13 12 12 7 84 0 58 9 52 1 92 3 96 5 84 14 74 2 27 4 31 13 84 6 15
2 43 6 28 3 67 8 32 10 86 5 68 4 89 11 1 1 28 7 65 0 6 13 27 9 22 14 81 12 37
3 40 13 65 5 50 4 90 2 62 12 16 10 63 1 57 8 55 14 48 7 19 9 93 11 58 6 87 0 41
9 80 14 38 10 80 3 64 2 51 1 69 12 61 0 58 7 68 11 58 8 73 13 24 6 36 5 58 4 98
14 48 10 31 4 61 13 18 12 87 7 59 0 8 5 74 1 21 3 68 8 97 11 12 2 51 9 95 6 33
10 12 7 63 5 99 13 3 8 32 9 18 4 44 1 36 14 29 2 64 11 17 12 9 6 48 0 63 3 14
6 98 13 64 8 96 7 94 1 45 11 77 10 14 9 81 4 26 3 54 14 29 0 55 2 78 12 95 5 20
9 67 3 3 4 68 11 86 12 65 5 15 0 19 6 22 14 32 13 55 8 90 1 78 7 47 10 73 2 88
11 91 12 81 14 47 10 89 6 52 2 58 9 37 7 32 13 19 1 48 3 69 8 67 5 87 0 31 4 99
2 26 3 62 6 72 9 42 8 27 12 22 13 63 0 26 4 16 14 32 10 91 5 90 1 57 7 33 11 9
9 33 2 56 14 71 0 77 3 44 4 55 12 59 8 61 5 37 13 64 7 64 11 80 1 5 6 1 10 96
2 27 8 83 3 86 7 52 14 18 1 47 5 25 11 62 10 47 13 59 9 8 4 7 0 93 6 4 12 86
9 15 8 73 11 58 14 61 0 21 7 16 3 50 1 3 2 85 4 40 13 41 6 57 5 86 10 87 12 7
2 27 9 22 3 77 1 97 13 9 14 66 10 23 11 20 12 85 4 44 6 28 8 39 0 98 5 12 7 1
9 62 14 73 4 58 6 96 7 35 10 45 1 43 12 64 11 9 3 91 8 52 2 26 5 54 13 24 0 56
7 35 6 38 13 21 12 52 14 5 0 51 1 74 4 52 2 62 10 46 5 86 9 21 3 77 8 98 11 79
10 66 14 83 1 43 2 92 9 79 8 24 13 5 7 58 4 83 6 26 3 85 0 41 12 50 5 22 11 52
3 16 7 91 11 24 14 17 8 68 13 85 12 29 6 81 2 70 4 97 1 22 9 88 0 44 10 52 5 69
12 85 8 53 14 46 0 19 2 4 1 13 6 87 3 49 9 49 13 79 4 48 7 95 5 71 10 62 11 13
4 1 3 39 5 69 12 24 6 41 14 7 7 67 10 58 13 75 8 60 0 85 2 51 9 63 11 6 1 26
7 67 14 30 12 89 1 38 13 76 4 92 10 38 2 51 6 26 9 90 3 89 11 59 0 45 5 10 8 70
5 44 7 52 4 78 6 52 2 85 0 57 10 56 1 77 3 67 9 61 8 97 14 26 13 57 12 35 11 48
5 30 12 18 14 4 0 17 13 86 7 61 9 63 10 57 3 60 8 38 6 5 1 4 11 75 2 97 4 28
12 53 2 9 5 91 7 88 1 53 10 21 8 75 6 13 14 65 0 2 9 32 11 28 4 92 3 23 13 51
12 70 4 59 9 5 6 2 13 20 3 57 2 15 10 53 1 33 11 16 5 1 0 75 7 87 8 41 14 33
2 47 13 30 3 38 6 12 5 53 12 23 4 68 10 66 0 61 8 43 7 92 14 40 11 31 1 99 9 82
3 80 8 86 5 55 9 72 4 1 12 70 6 77 7 75 2 25 0 28 14 67 13 37 1 23 11 72 10 11
13 45 0 94 12 14 8 77 5 97 9 36 7 32 14 76 6 96 3 36 10 23 4 42 2 58 11 59 1 85
5 72 8 59 13 68 3 4 10 71 12 15 0 40 2 34 1 23 7 59 11 83 14 47 4 91 9 64 6 98
6 45 9 63 1 64 8 1 3 32 4 59 10 90 2 91 12 61 13 38 11 94 5 11 7 21 14 65 0 40
5 51 7 69 8 24 9 15 6 27 12 90 10 97 3 96 14 64 1 90 0 24 4 39 13 84 11 69 2 1
