50 15
2 81 7 32 8 23 13 36 6 22 14 75 11 5 10 70 1 11 3 88 12 71 0 12 5 97 9 41 4 28
9 61 13 88 0 39 3 11 6 46 8 29 4 11 11 58 14 97 7 13 5 55 1 45 10 83 12 15 2 36
11 9 1 46 14 44 0 44 8 76 4 35 6 43 13 25 7 72 5 67 12 31 2 50 3 56 9 25 10 82
4 98 9 30 11 87 3 67 1 64 14 72 8 20 6 34 0 40 2 94 5 43 7 48 13 15 10 79 12 19
6 87 3 65 9 56 7 18 1 93 10 69 12 39 8 83 0 45 4 87 5 87 2 51 13 50 11 95 14 82
13 61 4 10 14 14 6 98 11 30 8 63 5 19 0 95 3 62 7 88 10 11 12 88 2 60 1 84 9 17
0 80 1 21 5 63 12 65 14 27 4 55 8 3 6 81 2 22 10 86 7 11 13 20 11 47 3 94 9 39
13 10 5 61 11 69 12 98 7 46 8 4 1 52 3 3 14 27 0 31 9 85 6 17 4 12 2 13 10 43
10 17 13 71 9 54 11 94 4 3 2 55 0 97 7 65 14 76 1 28 8 2 12 98 6 95 5 92 3 84
5 90 11 4 8 50 7 93 14 85 12 24 6 6 13 39 4 94 2 88 1 52 9 47 3 55 0 97 10 51
3 98 13 99 1 39 0 52 2 76 5 42 11 30 6 30 9 25 14 69 12 67 4 11 10 20 7 59 8 13
5 82 10 22 6 9 11 44 8 93 14 19 13 36 3 59 4 48 1 28 7 53 2 90 12 64 0 41 9 97
1 46 5 83 11 49 4 93 2 26 7 78 0 23 13 43 10 47 12 79 6 55 3 68 9 50 14 70 8 16
9 91 1 22 11 30 14 46 12 99 2 89 8 94 10 45 7 61 5 51 3 33 6 86 13 78 4 54 0 18
12 9 13 1 4 23 10 49 3 60 6 42 5 18 0 67 2 77 8 73 9 33 1 59 14 27 11 68 7 49
13 30 4 51 1 96 10 78 3 6 14 24 7 35 0 47 5 5 12 3 2 93 9 54 11 37 8 49 6 52
10 40 9 25 12 39 8 70 0 38 2 46 6 89 3 34 4 24 5 26 1 43 7 10 13 85 11 23 14 12
12 92 13 12 14 8 8 66 1 17 11 1 0 75 2 44 6 60 9 7 10 60 7 34 5 99 4 10 3 4
1 78 12 27 8 57 11 46 13 76 0 38 5 25 3 84 9 35 7 43 4 79 6 55 14 80 10 27 2 13
7 84 6 42 14 54 1 28 10 76 0 28 3 20 12 66 11 20 9 85 2 20 8 78 13 20 5 76 4 78
7 27 5 57 14 65 12 88 8 88 0 64 2 84 6 57 13 94 9 45 10 93 11 91 1 9 4 59 3 34
3 95 9 9 4 45 6 16 0 52 11 42 2 1 12 95 14 39 8 49 7 10 13 71 10 66 5 87 1 15
4 36 8 23 11 72 14 78 5 53 3 81 13 73 1 2 0 9 2 63 12 72 9 56 10 37 7 31 6 46
13 46 8 72 11 36 6 81 14 27 9 12 7 1 12 86 3 53 1 45 4 65 2 96 5 47 0 35 10 84
4 7 6 15 5 27 3 87 13 22 12 40 8 4 7 8 0 87 9 24 10 56 1 50 2 77 14 91 11 60
14 53 6 43 13 82 12 80 1 50 5 33 3 65 4 87 10 55 2 22 7 68 0 8 8 65 9 80 11 99
4 54 13 76 0 54 8 71 10 34 7 68 11 5 6 89 5 77 12 89 3 71 2 30 14 70 1 69 9 57
5 12 7 98 4 57 0 44 8 17 10 45 11 97 14 98 6 44 3 73 13 71 1 97 12 57 2 58 9 33
11 99 12 89 13 57 14 20 5 31 7 67 10 96 4 4 0 89 3 25 8 81 6 34 1 20 9 16 2 85
11 74 13 57 7 7 4 36 8 35 6 81 1 49 3 1 0 98 12 15 5 10 14 63 10 86 2 12 9 43
14 75 0 14 9 54 1 67 7 72 10 87 13 7 4 79 12 35 2 35 5 51 6 63 8 72 3 27 11 55
11 71 8 88 10 31 4 52 5 7 9 88 7 74 2 32 13 91 12 95 1 63 0 98 6 39 3 96 14 24
11 53 5 68 7 63 8 40 0 68 2 41 14 27 4 7 3 60 12 39 13 48 10 72 9 9 6 47 1 9
4 74 7 87 11 20 5 85 14 40 9 35 12 9 2 19 3 33 0 50 10 16 13 18 1 72 8 33 6 12
5 54 10 99 14 92 12 38 9 3 2 60 7 70 4 46 13 63 11 5 3 93 8 76 1 41 0 94 6 83
3 31 5 40 1 55 12 56 4 41 10 53 2 95 7 1 0 38 11 29 8 58 9 88 6 69 13 46 14 61
4 16 6 12 9 3 2 81 1 25 14 41 12 87 11 8 8 40 0 15 10 80 13 6 5 88 3 90 7 27
5 56 13 71 10 35 14 82 3 98 6 28 7 94 0 9 2 32 1 12 4 99 9 21 8 92 12 85 11 86
1 35 13 56 4 68 10 56 12 78 8 58 3 26 5 47 6 17 0 67 2 1 11 63 9 22 7 24 14 78
9 67 5 68 11 94 7 58 2 86 10 62 12 30 13 29 14 49 0 30 1 88 8 11 4 72 3 68 6 95
7 58 2 12 12 88 14 7 4 65 6 49 0 61 3 92 5 84 11 74 10 9 8 38 13 43 1 90 9 79
11 3 4 73 10 5 1 69 5 25 2 11 7 77 0 60 3 24 8 40 14 57 12 84 9 43 6 32 13 75
7 8 6 75 0 39 3 21 14 49 11 17 2 63 9 63 13 93 8 77 5 66 10 45 1 48 12 27 4 5
14 24 10 36 7 26 9 85 2 44 12 74 5 73 0 81 1 34 4 34 3 32 8 78 13 98 11 25 6 95
5 77 11 78 10 18 3 47 0 40 9 53 13 34 7 97 1 21 12 55 6 24 2 84 4 60 14 20 8 91
2 76 14 52 11 68 13 13 4 85 1 78 0 47 7 41 5 8 3 54 12 38 9 79 10 50 8 89 6 38
3 86 11 98 1 78 12 59 10 70 0 95 6 16 5 30 14 41 7 4 9 71 4 48 8 70 13 28 2 63
12 95 4 9 11 77 0 96 3 10 13 28 7 55 6 40 5 63 1 98 10 93 14 36 2 44 8 83 9 72
6 72 5 70 0 75 1 65 3 41 13 58 4 29 14 18 8 60 11 56 12 78 9 10 2 60 7 43 10 26
1 6 8 29 13 80 3 13 0 80 6 7 12 66 14 62 4 88 10 18 2 77 9 41 5 37 7 31 11 16
