50 15
11 32 3 97 2 38 8 64 14 59 7 4 13 97 5 47 9 72 4 35 0 63 6 20 1 16 12 56 10 84
14 28 5 89 2 10 8 61 0 37 13 63 9 94 11 40 1 69 4 77 10 76 7 37 6 16 12 12 3 50
14 33 4 66 8 15 0 57 6 27 12 80 13 5 2 89 7 35 11 85 5 39 1 67 10 48 3 97 9 47
1 31 13 8 3 41 7 88 2 65 10 68 5 18 9 67 4 37 12 71 14 74 6 19 11 85 8 60 0 53
11 46 13 59 5 66 8 7 0 79 7 23 9 48 1 64 12 3 3 78 4 74 10 27 14 84 6 20 2 46
9 41 5 27 8 18 11 77 1 42 3 67 14 26 6 71 4 10 10 83 12 29 7 15 2 28 13 8 0 46
13 82 0 12 6 80 3 84 4 62 9 20 7 52 2 47 11 69 1 45 10 10 14 26 8 61 12 36 5 12
0 18 4 97 10 67 2 89 11 7 6 69 1 32 5 61 14 80 7 97 13 75 9 9 3 52 8 53 12 71
11 80 10 26 6 57 1 22 2 42 7 31 12 22 3 76 14 30 9 91 0 60 4 89 13 13 5 33 8 47
2 51 3 4 12 43 5 77 13 78 8 16 9 31 4 14 1 11 11 63 10 65 6 60 14 15 0 9 7 34
14 19 12 25 3 1 11 31 10 9 13 37 9 72 6 1 4 96 2 93 8 2 5 8 0 78 7 78 1 68
7 21 11 51 3 81 14 90 0 32 9 10 6 76 4 75 5 45 10 13 13 70 2 83 8 55 1 16 12 33
5 17 14 58 7 87 11 91 0 17 4 34 9 30 8 48 12 79 2 15 1 93 13 36 3 50 10 7 6 74
13 43 1 85 14 17 5 18 8 23 12 93 7 41 9 88 3 24 4 52 2 8 6 94 11 63 0 91 10 55
9 68 0 39 7 34 14 25 8 87 12 15 10 89 6 66 3 79 11 71 1 28 13 72 4 22 2 78 5 22
7 28 12 2 0 8 13 25 5 78 2 16 9 98 11 89 4 52 1 47 6 13 8 62 14 64 3 47 10 36
4 97 1 54 3 27 7 86 13 27 9 53 8 34 10 87 11 41 6 84 14 81 2 27 0 42 5 14 12 80
12 93 11 74 14 84 5 35 1 70 7 86 9 72 4 16 6 24 2 45 8 37 10 64 13 43 0 83 3 22
2 44 11 16 13 50 6 56 4 83 0 88 8 56 7 51 10 59 9 31 14 86 3 61 1 64 5 31 12 66
14 60 2 16 9 86 8 63 1 30 11 8 3 5 13 46 10 49 7 38 6 10 5 1 0 75 4 4 12 51
13 53 12 85 5 5 0 77 14 91 8 83 1 40 10 71 11 86 7 43 4 68 9 82 3 73 2 11 6 50
8 99 4 57 11 27 7 67 6 43 10 16 12 11 13 49 2 74 14 83 1 62 3 68 0 78 5 63 9 78
14 96 2 50 3 47 5 16 11 9 1 19 8 1 4 95 13 56 12 5 10 3 7 86 0 34 9 22 6 82
4 17 11 39 5 34 7 19 14 12 1 30 9 31 12 45 13 54 0 75 8 14 3 50 6 96 2 38 10 21
8 19 2 33 3 89 10 74 6 87 12 33 13 14 0 98 7 33 11 43 14 5 4 99 9 43 5 12 1 22
3 64 7 45 8 16 1 17 4 92 14 94 12 27 9 10 6 63 13 35 11 23 2 60 5 94 10 78 0 61
3 32 5 72 6 41 10 2 4 67 7 74 8 78 9 55 12 20 1 7 11 21 0 9 2 77 13 67 14 60
9 2 13 45 10 31 2 36 4 65 5 98 0 80 6 75 12 53 7 3 8 31 3 44 14 62 1 77 11 69
3 91 12 92 9 6 4 87 10 72 5 15 1 14 7 40 13 90 0 40 2 37 11 61 8 19 14 39 6 67
12 88 3 86 4 20 6 13 8 81 1 63 9 66 2 41 11 90 7 87 14 57 0 79 10 85 13 23 5 72
4 21 13 32 9 89 11 67 10 87 5 51 8 49 7 67 2 75 12 34 1 83 0 46 3 1 6 84 14 64
8 74 1 26 11 29 2 23 3 52 12 92 5 5 4 99 7 31 13 17 9 82 14 83 0 38 6 20 10 17
6 12 4 95 1 39 5 79 13 87 7 17 10 68 11 94 0 81 12 37 9 2 2 21 8 57 3 99 14 24
5 68 13 97 6 51 0 30 4 39 14 45 1 57 11 60 9 25 2 94 8 46 7 46 3 27 10 68 12 42
7 21 12 54 14 40 9 24 2 45 3 54 11 53 13 84 0 82 6 72 5 38 4 7 10 28 8 45 1 35
13 43 6 26 11 13 1 39 12 59 4 62 2 16 3 9 0 54 5 15 9 74 14 5 8 16 10 7 7 95
12 99 3 91 0 53 13 33 1 10 5 98 14 29 11 53 9 79 10 80 6 32 8 53 4 71 7 53 2 50
11 92 6 96 7 25 3 60 8 15 13 7 10 20 4 67 2 57 1 56 14 50 5 72 12 69 9 68 0 3
1 92 14 21 8 79 4 64 3 66 13 65 12 27 2 69 7 60 9 45 5 73 6 52 11 41 10 95 0 73
11 77 0 35 4 88 9 60 6 50 13 89 7 31 12 82 10 27 1 66 5 47 8 42 14 44 2 30 3 90
3 9 11 41 8 35 9 4 13 58 0 82 6 23 5 8 10 21 4 34 2 28 7 20 14 83 1 85 12 69
11 91 3 12 10 55 8 33 12 97 14 22 5 87 0 69 9 71 1 2 6 18 2 70 7 87 4 19 13 73
13 75 6 75 9 22 8 73 10 59 12 77 7 31 11 16 14 4 3 96 2 88 1 10 5 22 4 64 0 62
14 34 5 14 1 41 4 94 6 2 0 16 9 14 3 28 7 17 11 69 2 2 8 51 10 42 13 40 12 67
1 89 6 17 13 79 4 99 2 32 8 80 11 89 14 18 10 30 9 3 0 14 5 89 3 22 12 3 7 2
8 17 6 45 4 27 9 33 14 2 12 17 5 43 2 64 11 23 10 1 1 97 7 88 13 78 3 42 0 51
3 91 12 60 7 98 11 55 8 11 14 26 6 43 13 30 2 28 0 23 10 35 9 7 1 49 5 63 4 93
11 96 7 94 8 75 13 52 4 27 14 57 9 28 1 73 6 17 5 60 12 6 3 18 2 4 10 45 0 99
7 8 12 39 11 57 3 34 5 45 0 65 10 16 13 14 1 8 14 17 2 51 4 79 8 46 9 45 6 7
14 4 11 75 3 20 9 16 1 76 13 53 12 76 8 31 4 46 6 55 10 95 5 9 2 97 0 68 7 55
