50 15
3 90 1 54 14 24 8 26 13 81 7 59 2 19 9 26 11 14 6 96 12 46 5 61 10 93 4 19 0 60
1 34 11 48 3 51 0 84 12 75 7 5 6 40 4 97 9 74 5 61 14 68 8 9 10 78 13 6 2 61
1 39 7 56 10 78 9 3 3 99 12 55 4 30 14 26 0 72 13 19 5 22 2 90 11 46 8 47 6 76
0 28 7 10 12 5 4 18 3 15 14 11 5 53 6 63 1 81 8 20 10 37 2 68 9 19 11 20 13 61
14 57 11 73 9 41 0 93 3 17 5 83 6 68 8 89 4 54 13 93 12 71 10 45 2 92 7 27 1 98
7 41 8 69 5 3 1 82 13 45 4 93 3 85 11 65 2 27 9 90 10 23 14 54 12 63 0 59 6 37
5 20 10 65 3 55 9 48 14 61 8 22 12 28 2 90 0 53 11 65 7 92 1 22 4 28 13 74 6 6
8 26 1 31 7 15 14 89 9 84 11 94 5 27 10 67 3 28 2 6 0 7 12 5 6 42 4 40 13 17
0 40 2 40 8 53 3 72 13 58 5 22 1 65 7 91 10 84 11 98 4 80 9 37 6 87 12 61 14 13
0 13 5 40 8 50 10 47 1 56 6 82 3 66 12 12 14 84 9 40 7 4 2 97 13 97 11 45 4 1
3 89 0 42 6 53 13 87 12 97 2 40 1 11 8 50 5 52 11 59 7 2 4 24 10 66 9 79 14 32
9 28 10 82 14 36 0 27 4 73 11 81 7 12 12 19 3 28 5 31 6 22 2 5 8 76 13 60 1 89
12 14 0 99 4 40 10 82 5 40 1 74 6 26 2 34 11 30 13 83 9 35 3 28 14 31 7 96 8 70
8 88 9 77 5 63 0 81 10 79 1 11 2 91 7 89 14 5 11 59 13 33 12 77 3 94 6 81 4 53
0 64 11 95 3 87 13 96 9 18 6 28 12 16 10 78 14 22 2 9 4 80 1 12 7 44 5 28 8 70
7 11 6 66 8 17 10 75 13 99 0 6 14 32 9 37 3 21 4 53 5 53 2 46 12 42 11 65 1 53
7 80 5 66 8 51 4 67 2 83 11 13 13 44 14 69 6 56 12 21 10 32 3 93 1 65 9 67 0 70
13 60 14 1 0 11 9 90 2 25 10 68 6 8 5 95 11 55 12 10 1 1 3 91 8 85 4 13 7 98
14 34 1 59 11 10 8 40 3 67 5 58 13 40 2 51 7 90 6 71 10 66 12 15 9 47 0 16 4 88
7 26 13 50 14 24 2 46 0 25 1 14 12 18 3 96 6 2 10 28 8 5 5 53 11 68 9 32 4 36
5 48 7 13 11 44 0 70 9 38 13 20 4 93 10 2 14 52 12 27 1 61 8 7 3 27 6 4 2 71
5 49 6 1 10 79 9 98 4 52 2 62 1 45 13 1 12 33 7 88 8 86 11 7 0 11 14 7 3 80
8 54 3 9 2 70 13 88 4 5 12 66 1 41 11 51 7 17 9 52 5 84 0 25 10 82 14 4 6 7
13 28 3 30 12 64 1 9 8 95 6 73 2 94 4 14 5 15 11 34 14 42 10 82 9 61 7 49 0 68
6 6 2 88 7 41 14 18 9 11 0 88 11 55 13 56 5 23 12 15 4 47 8 35 3 50 10 39 1 78
10 93 4 18 8 31 9 7 2 89 14 91 12 92 11 25 13 53 7 77 0 59 3 40 5 23 1 69 6 45
5 96 13 67 8 40 6 83 3 94 12 70 7 24 14 83 2 2 11 44 4 35 0 2 1 16 9 66 10 77
9 64 5 40 0 74 4 48 11 86 13 88 8 8 3 76 10 68 12 30 7 62 6 48 2 2 1 29 14 90
14 96 5 81 11 91 4 59 8 14 1 98 2 51 12 97 0 20 13 75 10 32 6 77 9 23 7 70 3 62
11 59 12 28 10 36 1 41 4 39 0 58 8 66 3 18 6 10 9 6 5 55 14 90 7 85 13 51 2 5
10 16 1 74 6 52 14 92 7 35 4 53 12 56 8 48 5 12 2 80 9 74 13 19 3 74 0 89 11 44
2 68 9 47 0 12 4 43 13 33 7 28 8 19 6 32 1 68 5 98 3 68 10 40 14 26 12 2 11 30
13 69 5 22 4 92 0 53 3 70 10 69 14 10 8 85 2 90 7 31 6 54 12 17 9 98 1 21 11 3
13 1 3 26 10 6 4 4 5 32 1 79 8 79 9 92 12 27 7 50 6 73 0 22 14 20 2 24 11 91
7 48 11 9 3 65 9 23 4 82 2 89 13 7 8 5 5 17 14 60 10 86 12 66 6 50 0 64 1 48
10 19 2 32 12 25 7 5 13 69 11 95 3 53 9 25 4 27 1 90 6 96 14 91 8 52 5 49 0 79
9 83 12 20 13 88 14 96 0 74 3 95 4 16 1 96 7 80 6 6 8 83 2 91 10 66 11 11 5 56
6 81 5 82 14 12 9 14 7 74 4 8 1 30 0 31 8 36 2 46 12 82 10 96 3 9 11 81 13 91
13 58 11 64 2 44 14 82 1 12 6 41 8 89 3 58 4 66 7 58 12 78 5 20 0 19 10 24 9 96
5 35 2 34 3 26 10 4 11 76 0 34 7 99 1 13 12 71 9 16 8 51 4 97 13 2 6 85 14 6
14 61 5 92 6 34 13 22 11 48 12 95 7 46 1 74 4 76 10 27 9 42 2 63 3 49 0 85 8 62
2 14 7 67 5 2 10 72 8 21 9 19 6 65 13 17 3 4 0 87 11 27 12 86 1 45 4 65 14 4
7 66 4 55 13 31 5 97 12 30 1 18 6 72 2 62 0 7 3 38 11 76 8 74 14 9 9 31 10 92
11 32 7 78 3 88 14 77 0 83 1 37 9 24 5 93 8 31 6 76 4 55 13 3 10 31 2 92 12 13
1 1 7 95 5 18 2 96 6 69 13 86 4 9 12 45 3 89 14 10 9 84 10 7 0 52 11 95 8 64
11 44 6 88 8 26 9 92 1 82 14 59 3 22 12 90 7 45 5 32 10 71 13 10 0 36 4 27 2 14
7 12 9 89 0 61 3 21 13 10 5 35 8 16 2 14 4 95 14 5 10 9 11 51 6 58 12 19 1 58
6 61 9 84 7 73 13 48 8 48 2 90 0 56 3 30 10 11 1 39 11 30 14 70 12 60 4 51 5 4
4 38 14 83 10 13 2 57 5 76 3 95 9 73 6 68 12 59 8 70 1 91 7 14 13 41 0 28 11 96
1 70 8 93 7 75 3 76 9 33 14 13 4 27 2 74 11 10 12 68 10 99 5 56 0 10 13 49 6 78
