50 15
12 47 11 25 14 71 6 82 9 15 3 32 0 18 2 1 7 77 10 31 4 39 8 52 1 82 13 26 5 94
2 59 1 95 0 40 4 28 13 54 14 5 5 9 10 4 6 87 3 44 8 28 9 63 12 83 11 17 7 49
11 74 8 42 9 75 7 28 3 18 4 85 0 15 5 16 2 40 13 32 6 48 1 51 12 27 10 33 14 86
3 64 14 10 7 81 4 22 8 54 0 98 13 33 11 78 2 58 10 72 9 28 1 13 12 72 6 53 5 96
11 90 6 27 10 66 1 66 0 21 9 32 7 91 8 11 4 41 14 53 5 30 2 44 3 52 13 5 12 41
7 32 8 2 0 43 5 47 3 15 1 80 6 21 14 89 11 15 10 7 13 21 2 44 12 49 4 64 9 35
10 95 9 51 6 33 12 13 7 30 4 17 0 33 11 65 2 72 3 9 13 17 5 31 1 25 8 18 14 90
11 30 7 74 3 64 5 8 6 7 8 27 12 24 13 49 0 23 4 62 9 4 2 75 1 24 10 42 14 98
5 92 13 36 3 18 0 48 2 78 10 19 11 97 9 55 12 72 7 84 8 40 14 2 6 90 1 51 4 19
14 11 0 74 9 51 12 7 13 27 6 58 7 62 4 23 11 92 5 46 8 42 1 73 2 80 10 28 3 91
7 33 1 26 2 65 10 93 9 74 4 45 8 89 11 1 6 26 12 13 13 74 0 71 3 4 5 74 14 84
6 18 2 41 12 95 13 43 4 59 5 3 1 77 9 45 0 25 10 28 7 61 3 96 14 5 11 35 8 12
4 12 1 74 5 10 13 95 8 89 11 89 10 35 14 93 2 92 3 59 9 21 12 31 7 66 0 2 6 25
5 35 3 81 1 21 13 30 10 60 8 18 7 73 6 88 9 50 14 19 12 91 2 18 0 40 11 23 4 4
9 58 11 84 1 94 13 13 5 38 3 86 12 69 4 98 6 23 2 49 0 83 8 23 14 14 7 19 10 98
6 86 1 50 3 84 11 92 10 49 9 60 13 21 7 5 4 2 8 26 14 76 2 53 12 47 5 17 0 28
0 44 7 35 8 8 12 39 3 7 6 62 13 11 1 39 2 2 4 93 10 16 5 2 14 78 9 18 11 41
4 46 5 64 12 93 3 60 10 22 13 27 6 17 1 3 14 59 7 48 11 58 0 61 2 96 9 68 8 50
5 15 11 50 9 89 0 34 1 2 3 16 8 68 13 50 2 51 12 32 7 32 10 88 6 31 14 73 4 55
13 25 4 26 7 79 8 75 6 51 1 26 12 9 0 93 5 58 2 29 10 69 11 38 14 22 3 70 9 51
1 6 6 17 11 87 10 10 9 87 8 47 7 67 5 5 3 70 12 22 0 46 13 85 2 33 4 9 14 67
14 20 13 78 12 54 1 22 10 61 7 64 5 59 6 19 11 83 4 46 3 23 2 77 0 50 8 95 9 19
3 27 6 57 2 80 10 65 7 60 5 17 0 40 14 73 11 68 4 53 9 56 8 62 1 42 13 46 12 18
9 55 1 66 5 17 14 86 8 40 12 50 3 69 4 48 6 58 11 99 7 6 2 68 10 80 0 53 13 8
9 54 13 14 14 16 12 8 5 71 2 59 10 93 8 17 4 36 0 1 7 47 6 18 1 27 3 52 11 29
11 61 10 96 12 63 2 9 14 64 9 74 7 98 6 53 8 38 0 91 1 5 3 76 4 58 5 56 13 79
11 45 0 71 7 72 3 26 4 4 13 28 10 68 6 71 5 24 12 38 14 7 8 48 2 23 9 65 1 39
10 84 12 25 4 96 8 88 6 96 11 21 13 30 3 57 14 37 1 30 5 99 0 57 9 87 2 80 7 96
11 7 9 38 5 86 3 39 0 52 7 98 4 90 14 36 8 43 10 2 2 45 12 52 13 38 6 3 1 82
8 70 4 87 14 41 11 42 10 49 0 96 7 55 13 55 3 21 6 62 1 50 2 32 9 53 5 89 12 19
0 60 6 59 11 30 1 3 2 88 13 77 7 3 5 32 10 78 9 24 12 25 3 19 4 21 14 46 8 56
14 70 11 50 4 81 2 46 0 90 3 68 13 7 5 95 10 98 8 15 1 13 9 55 6 45 12 19 7 17
7 18 9 47 1 40 8 93 11 35 6 33 12 72 3 95 4 54 0 94 2 23 10 86 13 11 14 45 5 61
0 78 3 38 9 63 12 29 6 51 5 42 14 40 13 91 2 39 1 56 11 19 4 51 7 44 10 41 8 53
11 44 6 87 0 36 8 15 7 87 14 75 4 24 5 39 3 39 13 24 10 45 12 95 9 79 1 24 2 94
13 12 9 85 5 27 14 94 6 1 8 70 1 70 2 43 7 76 4 97 10 9 0 64 3 62 12 6 11 54
11 64 6 35 5 43 8 3 9 20 2 31 3 75 0 18 4 94 13 23 10 66 1 53 7 95 14 17 12 43
8 20 6 84 5 31 13 41 0 66 12 72 11 10 1 86 7 41 2 38 9 74 10 39 3 66 14 34 4 84
2 97 9 12 10 76 11 37 5 16 12 7 7 63 1 55 14 26 6 77 0 8 3 81 4 96 8 84 13 55
6 5 11 35 12 31 7 6 3 38 10 75 14 62 4 9 5 9 13 3 1 13 9 11 2 46 8 3 0 77
11 29 9 18 3 41 12 25 0 14 8 36 13 62 7 23 10 6 5 57 4 57 6 48 1 57 14 18 2 43
14 23 13 80 6 74 3 56 4 8 9 34 2 14 0 86 12 14 10 73 1 85 11 7 5 38 8 50 7 81
6 77 5 69 12 62 8 67 10 27 2 51 13 8 7 44 0 98 14 18 9 98 3 49 11 44 4 34 1 6
10 91 2 75 6 78 7 81 3 50 8 23 4 33 0 84 12 38 11 87 14 9 1 8 13 48 5 54 9 85
2 8 10 99 7 65 1 12 14 99 8 8 11 81 4 31 12 54 3 30 5 60 6 62 0 44 9 96 13 44
10 52 12 8 5 69 14 33 4 50 2 58 8 28 1 17 3 12 6 16 13 81 7 17 0 65 9 63 11 33
12 26 1 14 14 87 0 3 10 7 5 80 2 19 3 83 8 4 9 63 6 92 13 15 4 60 11 87 7 16
6 66 12 48 8 71 3 74 7 68 2 79 9 66 5 47 0 56 13 15 10 84 1 71 4 96 11 57 14 7
12 84 13 84 4 94 2 72 3 19 0 50 11 55 9 51 6 6 7 86 10 8 1 91 8 81 5 74 14 21
14 88 10 30 7 82 4 69 9 79 8 56 6 12 2 87 5 71 11 41 0 39 3 96 1 20 12 88 13 42
