50 15
7 5 10 67 13 71 0 33 6 49 1 7 12 61 3 73 11 29 8 9 14 15 5 3 9 28 2 90 4 72
8 10 5 32 10 49 1 41 14 64 11 21 4 50 12 15 7 98 6 22 0 72 3 86 9 16 2 4 13 81
3 31 1 33 4 14 0 94 9 41 13 25 11 79 14 35 10 56 2 25 8 59 5 2 12 20 6 65 7 31
5 5 13 59 14 63 11 57 8 4 0 27 10 89 4 67 7 3 3 54 2 35 9 14 6 91 12 8 1 63
3 41 4 73 12 1 2 42 0 56 13 5 8 65 6 30 9 18 10 20 14 13 5 29 7 42 1 24 11 94
3 40 7 30 12 47 0 14 2 49 6 65 4 62 1 20 14 67 8 13 11 23 10 56 13 27 5 9 9 16
14 63 3 88 13 55 8 58 5 81 4 30 10 20 9 86 6 53 2 62 11 54 12 81 1 19 7 63 0 12
13 37 4 15 0 63 5 66 7 36 14 14 8 30 10 68 9 6 1 33 6 97 11 67 3 4 2 87 12 80
12 48 8 4 6 47 2 94 14 74 10 20 0 79 3 26 13 89 5 87 9 82 1 55 11 49 4 38 7 59
3 57 4 93 9 95 2 70 14 66 11 79 7 80 13 35 10 13 12 57 1 86 5 65 8 72 0 92 6 67
1 70 3 65 9 95 10 75 7 39 13 67 5 4 6 50 8 73 14 47 2 16 4 9 0 19 11 17 12 99
0 32 6 25 4 57 9 24 14 84 8 99 5 18 10 37 11 21 7 85 13 55 3 40 1 94 12 80 2 40
1 41 14 56 13 11 3 76 4 94 7 32 9 51 6 38 12 73 11 83 8 94 5 78 2 32 0 61 10 58
9 9 7 78 14 35 10 97 8 28 6 74 1 35 0 77 4 54 11 23 2 18 13 42 3 37 12 46 5 9
2 38 9 97 7 74 5 44 1 50 13 93 0 41 14 96 8 63 6 5 10 63 12 81 3 87 11 69 4 73
5 6 8 25 7 70 10 17 9 33 14 91 11 21 12 19 2 71 1 6 13 89 4 45 3 89 0 54 6 48
13 22 8 46 10 11 5 56 11 22 7 39 1 2 9 36 3 81 6 90 0 20 2 65 12 19 4 76 14 40
13 89 3 22 4 7 14 51 5 8 12 74 11 60 9 87 8 72 7 14 1 61 6 83 0 68 10 42 2 54
5 5 13 66 9 94 4 86 12 98 1 75 14 29 2 99 6 36 0 24 3 32 8 94 7 59 10 4 11 74
1 34 14 40 3 66 6 95 10 26 5 75 7 38 8 10 2 25 4 28 13 64 11 66 0 66 12 10 9 60
7 38 12 29 2 39 10 69 3 76 1 48 0 99 4 82 6 88 8 55 11 31 5 84 14 45 13 31 9 67
2 72 3 17 5 89 0 39 10 48 11 89 12 56 4 36 8 56 13 50 6 49 9 82 7 10 1 9 14 46
9 16 12 54 11 26 10 92 8 50 14 12 13 48 2 14 3 12 6 71 1 94 4 8 0 80 5 22 7 90
12 31 1 26 7 93 3 14 8 84 2 23 6 72 14 45 4 80 11 75 9 53 13 51 10 35 5 76 0 89
5 54 11 43 13 51 12 16 4 41 9 76 14 31 2 7 3 36 1 41 7 37 10 49 8 9 0 44 6 54
5 45 14 12 9 6 4 27 6 94 12 68 1 47 7 37 10 6 11 30 3 8 2 31 0 19 8 20 13 21
4 41 11 91 3 41 5 89 12 31 13 93 0 72 7 14 8 17 14 43 6 86 2 51 1 26 10 32 9 79
14 96 6 79 2 5 10 16 7 1 13 83 8 8 9 95 4 78 5 46 0 90 3 59 11 40 1 91 12 10
13 16 5 6 14 21 3 20 11 50 4 84 9 29 0 25 2 33 6 59 10 44 1 57 7 56 12 84 8 25
4 53 2 81 14 54 11 57 6 99 3 24 7 7 9 84 0 94 8 49 5 14 12 45 10 50 1 86 13 79
10 37 6 65 11 99 14 70 4 87 8 62 2 44 7 64 13 9 9 79 3 35 1 60 5 96 0 1 12 36
13 99 1 25 6 38 2 62 12 32 8 24 11 44 9 90 14 10 10 36 5 14 3 95 0 6 4 25 7 9
3 72 6 56 2 83 10 44 12 53 11 67 4 94 9 67 7 20 5 54 0 45 14 74 13 42 1 19 8 18
2 30 7 74 11 50 6 79 3 93 5 75 14 22 1 1 13 39 8 21 4 93 0 42 10 57 12 51 9 73
13 29 6 90 1 31 7 26 11 13 14 73 2 61 10 36 8 34 9 67 5 97 0 94 12 86 4 70 3 94
11 26 9 93 10 10 14 3 13 18 12 10 6 60 1 4 7 35 4 24 2 95 5 39 0 28 8 14 3 95
6 22 5 51 14 12 9 8 13 38 12 71 8 1 4 11 7 65 10 69 11 76 2 79 1 93 3 77 0 49
5 36 7 75 1 44 9 99 11 1 4 43 3 77 6 90 2 94 13 70 0 38 12 46 10 63 8 1 14 89
7 54 6 70 1 10 14 66 13 38 9 44 2 13 12 6 10 70 8 60 11 33 4 59 3 91 0 70 5 68
12 71 13 72 1 74 3 87 7 12 0 83 10 97 6 36 14 84 5 56 9 30 4 70 2 29 8 15 11 46
13 77 3 29 10 19 5 84 4 52 0 65 6 11 12 23 8 1 2 10 7 71 1 81 9 48 11 43 14 80
4 53 9 83 0 48 7 11 8 11 13 85 10 76 14 40 3 37 5 43 11 59 2 21 6 1 1 14 12 29
3 90 2 55 0 98 11 81 10 66 5 54 14 98 12 16 13 62 6 60 1 13 8 72 4 80 9 89 7 17
11 55 4 76 7 14 12 22 1 12 3 26 8 21 2 57 5 24 6 27 0 15 9 14 13 46 14 51 10 77
2 46 0 85 13 51 7 4 1 43 12 80 6 63 10 53 4 32 9 55 3 12 14 62 8 4 11 16 5 43
11 25 5 50 1 71 10 9 12 20 7 65 0 99 13 43 3 52 9 26 2 95 8 84 14 61 6 25 4 60
9 19 11 25 14 87 8 30 0 3 5 33 1 49 4 52 3 45 13 25 10 21 2 19 7 15 12 68 6 9
8 23 4 69 14 69 12 80 10 75 1 88 6 83 0 7 11 54 7 43 2 59 9 22 3 72 5 65 13 57
5 51 2 42 11 50 14 4 8 36 1 26 13 82 9 88 12 25 0 59 6 72 4 74 3 63 7 13 10 58
4 85 11 45 1 17 14 38 7 26 13 25 2 45 5 43 0 71 3 59 10 37 12 51 9 70 6 45 8 57
