50 15
8 47 5 11 0 61 14 34 12 93 2 30 4 25 3 60 11 31 6 34 1 39 10 69 7 27 13 90 9 35
5 60 2 30 7 65 3 17 11 51 13 91 10 20 14 9 8 7 1 3 9 25 6 28 12 10 0 83 4 12
6 31 13 57 7 35 11 77 1 30 3 62 5 51 9 28 12 89 8 91 14 51 2 57 10 28 0 72 4 83
9 14 0 78 13 36 3 65 5 6 11 70 4 87 14 22 10 89 12 8 6 36 8 27 1 29 2 62 7 76
7 99 4 85 5 50 9 72 12 42 1 55 2 10 11 40 0 51 6 68 13 35 3 84 10 32 14 14 8 86
5 29 11 45 10 45 4 71 0 5 2 97 6 75 8 17 12 73 13 26 3 41 14 52 1 69 7 38 9 22
6 36 3 28 12 94 8 50 14 54 4 35 7 35 2 76 5 50 11 26 13 1 1 73 10 52 0 12 9 68
4 31 11 48 6 46 12 78 0 28 5 53 2 52 14 33 3 77 7 32 10 53 13 56 1 49 9 96 8 63
12 60 11 88 2 49 1 43 8 39 10 23 3 27 13 86 4 40 7 83 5 50 0 87 14 86 9 88 6 23
14 92 13 99 4 19 12 60 11 47 7 89 9 16 5 51 10 41 0 91 6 86 1 49 8 87 2 81 3 6
0 97 14 95 9 74 4 41 2 91 8 70 13 35 7 43 3 65 5 13 10 50 1 17 11 44 12 85 6 67
2 4 0 25 12 9 9 12 14 5 5 52 13 62 8 36 4 13 10 71 6 28 7 75 3 32 1 84 11 48
5 54 8 68 12 81 7 59 1 34 0 65 11 84 13 43 14 16 3 40 2 72 4 75 6 73 10 87 9 59
4 57 10 22 3 31 9 63 8 14 7 30 2 22 0 49 14 28 11 94 12 51 13 4 1 65 6 91 5 96
14 28 2 59 12 83 5 97 13 52 7 35 4 76 6 53 1 92 10 62 11 17 0 61 3 11 9 54 8 57
8 95 2 58 14 74 6 67 9 26 12 80 10 77 4 17 7 61 13 92 11 72 0 61 1 49 5 29 3 30
11 88 7 52 12 76 5 97 9 3 8 82 14 72 10 33 3 6 1 47 0 6 2 98 13 71 4 83 6 27
10 30 12 85 9 62 13 40 7 6 2 85 6 61 1 67 0 72 4 65 11 88 14 59 5 8 8 15 3 42
0 87 7 76 9 34 13 17 4 25 5 69 8 3 12 41 2 53 3 54 6 2 11 16 1 50 14 50 10 34
9 81 1 10 10 11 8 40 3 10 7 40 6 4 0 85 14 91 13 11 2 30 5 36 11 8 12 91 4 62
1 37 6 45 9 90 14 68 13 40 3 94 2 90 10 95 7 9 11 96 5 22 4 46 12 43 8 21 0 80
2 98 5 74 10 24 4 81 11 24 12 92 0 80 6 70 9 32 7 52 14 2 13 58 3 39 1 52 8 97
10 89 5 31 14 96 6 34 0 43 7 38 4 12 12 43 1 18 11 75 9 71 3 13 13 45 8 48 2 54
12 52 4 46 3 97 9 76 14 18 11 19 7 87 5 42 2 2 13 97 6 19 0 78 8 88 1 74 10 91
14 75 9 76 0 30 12 70 3 87 5 17 8 10 4 73 6 19 13 76 10 3 11 16 2 96 1 93 7 53
3 88 0 73 12 3 7 30 8 20 4 79 2 89 10 96 13 78 1 20 5 40 14 22 9 89 11 36 6 75
4 79 3 87 2 96 5 12 12 11 7 65 9 26 1 46 11 45 6 46 8 40 0 49 13 38 14 42 10 21
6 79 5 1 13 9 0 31 3 99 14 27 7 51 12 87 10 78 1 23 2 48 8 99 4 98 9 9 11 71
1 19 0 29 12 66 3 74 4 99 9 94 13 8 14 85 7 1 2 76 5 3 11 70 10 66 8 60 6 35
1 14 6 57 13 49 12 17 5 16 11 88 14 91 8 8 9 81 3 85 10 6 2 3 4 59 0 74 7 43
6 27 5 46 11 10 2 2 1 15 3 53 12 75 8 42 10 58 9 26 0 38 7 10 13 74 14 30 4 24
12 45 5 99 11 16 0 73 10 71 3 14 13 76 2 3 4 52 1 59 7 35 9 24 6 71 14 54 8 21
8 76 14 87 7 31 13 76 2 26 6 45 3 37 0 76 5 11 12 78 10 50 4 87 9 52 11 56 1 74
1 36 11 70 9 31 3 38 10 92 12 57 2 20 5 16 13 22 6 36 14 33 7 16 4 85 0 27 8 73
8 36 0 77 11 8 2 22 7 17 5 60 4 21 6 56 12 76 13 92 9 66 10 88 14 3 3 97 1 43
0 57 9 20 5 73 14 7 8 54 2 64 4 84 12 5 11 37 10 56 1 78 13 42 7 47 6 61 3 36
12 85 9 74 10 89 2 38 13 23 1 66 4 52 11 67 7 60 8 25 3 77 14 22 5 98 0 78 6 56
8 6 12 31 3 38 13 42 2 95 10 32 4 95 5 91 14 42 9 64 0 91 7 78 11 61 1 47 6 65
11 92 0 20 1 26 8 46 3 1 14 42 9 29 2 56 10 65 4 78 12 39 7 43 13 84 5 89 6 67
8 99 13 69 5 43 12 87 6 96 0 97 11 61 3 56 14 31 2 49 1 23 7 91 9 51 4 66 10 30
5 89 8 71 14 88 11 82 9 66 4 38 0 8 3 40 13 45 6 93 1 43 10 89 12 35 2 43 7 72
10 79 14 81 9 91 5 3 0 57 11 7 13 40 8 33 7 89 3 50 4 89 6 49 12 31 2 13 1 85
1 21 2 7 10 70 13 43 9 83 8 55 11 87 12 26 3 5 6 32 7 20 0 17 4 34 5 71 14 54
12 33 2 91 13 4 3 72 4 61 10 8 0 29 5 80 7 19 1 96 6 64 9 72 11 89 8 53 14 34
5 76 0 41 13 62 10 96 1 69 4 70 12 39 9 52 14 49 2 30 7 82 8 38 3 94 6 78 11 1
10 88 6 30 1 72 5 43 7 48 3 4 8 73 12 73 14 80 4 44 11 35 0 90 13 74 2 28 9 90
14 98 8 95 10 64 3 82 4 23 6 73 9 82 5 12 12 94 11 94 1 65 0 62 13 11 7 71 2 83
14 14 5 61 3 44 11 38 1 31 7 19 6 98 12 90 8 14 0 98 4 97 10 19 2 18 13 5 9 60
10 13 1 27 12 1 2 28 13 50 4 10 0 51 6 66 8 82 14 9 3 5 5 78 11 49 9 3 7 48
1 47 5 61 14 48 8 60 4 69 9 5 7 37 3 28 6 24 10 55 12 94 11 83 2 23 0 78 13 28
