50 15
13 41 6 26 0 7 8 50 10 26 14 29 1 84 3 76 2 92 11 37 5 79 9 82 12 69 4 56 7 54
9 86 3 48 10 77 6 55 1 5 5 53 7 19 2 28 11 11 4 30 13 29 12 58 14 24 8 68 0 8
4 37 14 16 9 74 11 60 5 21 2 95 1 6 13 71 12 83 7 13 6 71 0 10 3 8 10 35 8 89
2 71 9 2 0 31 14 66 7 85 12 59 11 39 13 26 5 48 4 47 6 79 1 93 3 53 10 98 8 65
8 24 14 72 11 66 1 39 4 25 0 10 9 32 3 11 10 30 5 25 2 61 13 1 12 44 7 97 6 45
11 39 13 89 0 53 6 77 3 73 5 45 4 73 9 73 2 74 7 55 14 86 12 94 1 27 10 96 8 58
4 10 12 48 2 49 0 56 6 58 5 2 9 12 8 69 13 91 3 96 10 80 14 75 7 18 11 12 1 19
13 44 12 92 4 44 3 15 2 20 1 29 9 52 11 64 7 58 8 32 10 11 6 12 0 94 5 85 14 83
2 36 0 86 12 38 5 44 14 32 13 75 11 80 1 81 4 58 9 39 6 55 10 36 8 85 3 69 7 40
14 12 12 90 4 18 2 65 11 44 5 29 6 46 3 14 10 66 0 76 9 25 1 85 13 47 7 49 8 39
11 33 4 94 14 16 8 76 2 36 6 33 3 21 5 37 7 14 0 33 12 46 13 39 10 93 1 63 9 96
1 25 12 11 6 22 8 29 10 2 14 29 9 92 4 64 2 31 0 18 11 97 7 95 5 67 3 84 13 93
9 48 0 3 8 18 3 29 1 16 12 86 7 16 11 95 10 41 5 87 2 29 6 70 4 89 13 1 14 12
2 41 0 76 1 68 7 94 9 74 6 43 3 88 11 7 13 27 5 51 10 59 4 64 8 10 14 53 12 54
5 11 2 27 0 80 13 44 12 88 9 7 6 98 1 97 8 70 4 11 14 79 10 94 7 38 11 97 3 42
1 46 0 66 13 78 10 46 8 63 6 51 4 28 2 11 11 95 3 44 14 35 12 43 5 13 9 46 7 54
2 68 12 60 10 22 0 9 6 98 14 54 8 34 5 23 11 27 1 3 3 14 4 94 9 86 13 89 7 11
12 95 13 14 5 48 6 61 3 11 10 82 7 24 2 88 0 41 8 87 9 99 1 85 14 67 4 31 11 39
7 67 11 57 5 25 2 47 1 66 12 41 9 67 3 87 13 77 0 96 8 80 10 58 14 16 4 49 6 59
9 60 13 94 7 96 12 62 0 69 14 16 6 70 2 7 3 19 5 19 10 43 8 86 11 3 4 4 1 17
2 8 8 62 14 52 10 39 7 4 5 27 3 70 11 95 1 78 12 54 9 11 4 40 0 11 6 91 13 21
10 38 7 52 1 91 4 2 14 23 3 45 2 56 0 46 5 56 12 47 6 88 13 68 8 29 11 13 9 60
9 12 4 78 7 10 13 83 14 60 8 75 3 30 1 49 5 97 11 91 10 74 0 36 2 56 12 13 6 59
2 8 7 5 9 37 0 24 4 43 6 30 3 2 8 20 12 45 1 80 13 30 14 4 5 45 11 41 10 90
3 75 8 48 6 57 14 23 10 87 4 69 13 40 2 44 7 12 5 4 9 68 12 36 0 2 11 83 1 67
13 88 11 19 1 63 2 14 12 70 9 89 10 22 0 19 7 24 8 79 14 1 3 65 4 81 5 13 6 47
3 95 10 52 1 59 11 32 7 97 4 97 6 43 13 97 14 77 5 17 9 12 12 44 2 78 8 32 0 63
2 61 11 70 9 94 1 20 4 26 7 21 0 96 3 69 5 61 6 9 12 82 10 72 13 95 8 66 14 87
8 17 9 88 0 40 5 29 13 9 6 67 1 52 2 76 7 79 10 77 4 88 14 3 11 5 12 74 3 84
7 34 10 96 0 47 14 19 3 41 6 16 4 94 5 76 2 51 11 22 8 47 9 7 12 66 13 85 1 98
10 4 3 25 1 3 6 99 0 8 12 2 8 37 2 50 4 37 13 67 14 52 11 69 5 24 7 88 9 19
11 96 4 23 1 32 9 57 5 37 13 12 3 56 2 43 12 17 8 60 14 76 6 99 0 99 10 85 7 55
10 9 12 22 11 30 4 57 13 5 1 62 2 8 6 76 7 85 8 72 3 39 5 20 0 21 9 50 14 57
3 63 14 55 10 6 11 63 13 49 12 27 4 46 9 70 5 9 8 81 7 71 1 91 6 2 2 36 0 30
8 9 10 19 1 52 7 49 5 3 0 43 13 90 3 15 11 68 2 10 12 8 4 64 6 3 14 61 9 80
8 34 4 62 7 40 1 96 6 44 11 13 13 37 9 28 2 60 10 74 12 86 14 54 3 29 5 78 0 96
6 22 7 66 4 67 3 89 13 47 2 63 0 43 9 5 8 99 1 7 12 22 10 77 5 83 11 46 14 28
3 92 10 58 14 8 5 21 8 86 1 32 6 50 12 68 2 41 9 83 11 76 13 67 4 58 0 55 7 83
4 52 3 37 5 3 0 49 10 95 12 43 1 52 7 99 13 43 6 6 11 64 2 46 14 80 8 41 9 93
5 57 14 1 9 4 3 96 12 70 6 91 13 33 1 48 7 40 10 27 4 80 2 30 8 55 0 25 11 95
14 89 2 78 8 15 6 29 10 93 12 71 0 58 1 37 11 49 7 7 3 88 9 50 13 47 5 72 4 77
8 31 11 12 9 12 5 33 7 8 10 57 6 99 0 40 4 65 14 63 2 64 3 6 13 43 1 57 12 10
1 51 13 69 9 23 5 11 2 38 6 63 0 45 12 28 8 20 10 22 11 53 3 52 14 46 7 18 4 89
5 63 6 23 0 49 3 52 9 73 14 38 8 37 10 20 13 42 11 67 1 88 12 61 2 50 4 18 7 92
4 44 2 19 10 1 11 50 8 45 6 47 13 61 3 42 1 7 7 1 14 23 0 92 5 26 9 74 12 71
11 82 10 39 13 67 9 24 1 51 12 42 2 20 0 73 3 38 4 30 7 33 14 98 5 29 6 58 8 92
13 3 9 11 7 27 11 4 0 55 3 30 2 42 8 8 4 22 14 37 10 11 5 88 1 22 6 53 12 13
14 13 11 92 13 28 1 46 12 70 2 97 6 39 5 57 0 97 7 84 8 15 4 18 10 36 9 17 3 38
12 56 2 92 5 47 8 71 1 64 14 88 13 97 6 56 3 24 4 19 7 48 9 47 11 29 0 15 10 12
14 78 6 4 7 89 11 11 9 22 8 17 3 45 12 36 5 23 13 94 2 20 10 21 4 57 1 76 0 28
