50 15
10 94 1 6 3 71 11 37 9 27 2 67 5 32 8 61 0 24 13 21 7 64 6 85 14 67 12 28 4 2
6 19 10 8 0 83 4 29 1 29 7 54 12 8 3 42 2 58 14 20 11 13 13 55 5 49 9 9 8 98
1 66 12 47 14 32 13 45 8 61 4 87 3 10 10 56 2 60 5 98 9 78 11 86 0 22 6 84 7 53
11 42 14 32 12 32 5 51 0 90 2 15 7 71 1 25 6 23 9 88 13 8 10 14 8 40 4 64 3 31
3 13 7 96 12 10 5 93 9 20 14 89 6 58 10 93 1 74 4 1 0 17 2 73 11 75 13 70 8 76
9 19 13 83 2 23 4 94 8 70 11 73 6 60 10 87 12 21 14 88 7 77 1 65 5 75 0 34 3 45
13 75 0 19 12 54 5 90 14 3 2 23 7 99 10 57 9 41 11 76 6 98 8 63 1 7 3 8 4 93
12 5 8 87 13 71 2 35 1 65 4 43 5 10 11 14 6 55 9 88 3 2 0 29 14 8 7 63 10 98
9 52 13 93 12 71 7 42 4 75 6 70 14 55 10 14 8 60 1 76 0 66 11 55 2 64 5 33 3 22
8 5 6 20 10 33 7 73 1 23 4 12 9 94 0 9 12 53 5 19 2 17 3 39 13 71 11 35 14 54
12 42 10 92 7 51 1 11 0 73 2 10 8 84 3 49 9 67 11 82 14 68 6 70 5 60 13 88 4 77
6 97 2 47 10 76 1 46 4 5 9 25 12 55 5 66 14 99 0 87 3 39 13 16 11 33 7 8 8 32
8 40 14 80 7 51 0 54 9 32 13 2 2 27 3 1 10 41 12 29 6 29 4 63 5 57 11 95 1 10
11 74 0 98 2 92 14 53 7 29 5 85 9 59 1 15 4 91 3 60 10 15 6 3 13 49 8 45 12 62
11 62 6 98 4 13 0 35 2 20 8 61 9 70 10 72 5 16 14 41 13 90 1 98 7 39 3 91 12 4
0 23 4 3 14 38 12 80 6 85 10 2 1 19 9 41 11 2 5 55 2 48 7 42 13 67 3 80 8 70
4 71 0 54 2 21 14 15 13 40 5 9 1 63 11 30 12 8 6 87 9 26 3 38 8 28 7 49 10 84
9 34 10 79 0 30 11 90 1 74 5 99 13 75 12 24 6 56 4 8 3 94 8 69 14 23 2 6 7 6
10 66 5 92 6 49 13 15 14 96 11 9 2 69 9 35 1 97 0 67 7 77 12 91 3 22 8 89 4 82
12 57 13 10 5 86 11 9 3 40 2 77 7 1 1 28 14 75 4 54 9 86 10 82 0 97 8 50 6 43
13 33 12 7 9 8 4 26 14 54 11 6 6 53 1 90 5 22 2 75 8 40 7 16 0 8 3 75 10 43
11 82 1 48 4 41 2 51 13 68 10 65 7 7 14 12 9 17 5 14 6 85 12 77 0 89 3 83 8 23
11 89 12 38 0 27 3 52 14 25 10 58 4 51 7 1 1 58 5 71 13 62 8 35 9 18 6 15 2 79
5 18 9 29 6 24 7 32 0 24 13 67 8 98 12 89 11 99 4 97 2 43 10 69 1 4 3 47 14 56
2 79 14 17 8 52 4 13 5 72 0 53 1 49 10 28 6 77 11 69 7 93 12 6 3 89 9 3 13 51
14 39 7 72 5 71 11 55 0 29 3 33 2 85 12 86 8 47 10 98 1 55 13 23 6 39 4 70 9 50
4 60 0 16 7 91 9 92 14 49 6 99 8 65 11 34 1 61 3 6 5 81 2 45 12 25 10 41 13 77
8 59 1 95 0 46 13 3 12 79 2 58 9 83 6 85 4 82 7 15 5 69 11 13 14 13 3 33 10 21
4 59 9 17 5 99 1 19 7 65 2 4 14 95 8 73 0 53 11 84 3 79 6 77 12 61 10 61 13 2
4 64 14 71 9 53 1 50 7 54 3 96 8 16 5 28 10 90 2 56 11 12 6 7 0 82 12 14 13 35
6 56 4 96 12 62 0 78 7 92 8 51 3 25 2 38 9 8 1 53 10 26 14 98 5 44 13 75 11 22
3 23 11 38 5 5 9 44 2 30 7 5 12 61 10 13 13 4 6 97 0 59 4 40 1 6 14 16 8 62
3 94 5 99 6 49 2 65 14 89 7 52 13 26 0 84 11 63 9 14 8 40 4 94 1 94 12 61 10 23
10 57 1 75 12 24 11 60 3 57 8 10 6 18 7 7 14 68 2 42 5 54 4 61 0 67 13 90 9 31
9 64 4 56 5 50 7 36 3 1 10 52 8 95 0 60 2 81 11 80 1 28 13 19 6 71 14 53 12 10
3 53 2 34 9 11 6 58 14 78 5 94 4 65 0 79 11 68 10 23 12 63 13 94 1 10 8 68 7 43
11 62 10 47 6 35 12 59 7 85 1 6 5 57 3 75 13 26 0 4 4 70 8 49 2 18 14 69 9 11
0 43 14 55 3 96 12 54 13 21 11 26 1 89 9 59 2 56 4 43 7 72 8 6 5 94 10 26 6 51
6 8 1 32 0 10 5 53 12 51 3 99 9 38 11 21 8 3 4 1 14 50 2 33 7 97 13 83 10 39
5 49 13 16 6 15 7 10 10 27 1 48 0 51 3 82 9 97 12 94 8 29 4 33 11 37 14 85 2 10
11 46 2 69 7 66 14 13 0 24 9 4 12 92 1 35 13 76 3 10 10 25 5 45 8 76 4 48 6 2
14 3 4 79 3 40 8 98 13 47 1 42 12 77 9 49 0 55 11 10 2 14 10 18 6 79 5 1 7 31
1 43 7 96 12 40 9 42 4 33 8 83 11 75 13 57 2 35 3 65 0 14 5 43 14 80 10 59 6 19
6 87 2 40 10 2 13 64 14 37 7 48 8 11 9 58 1 74 4 21 5 21 3 72 12 3 0 35 11 50
3 38 13 81 0 22 7 34 1 65 4 60 12 70 9 65 14 54 8 98 11 84 5 34 10 11 2 74 6 43
7 7 4 76 6 45 13 43 12 92 11 11 0 54 3 43 5 67 9 8 8 88 14 51 1 90 2 69 10 34
11 71 7 66 9 71 8 62 5 35 3 5 13 36 10 26 12 90 4 26 2 77 14 49 6 46 1 67 0 37
0 96 6 49 9 49 1 69 10 52 14 96 3 8 2 34 12 27 11 87 5 72 4 54 8 27 7 81 13 60
1 43 4 58 12 89 3 18 7 23 8 73 9 70 13 34 5 49 0 71 14 24 2 67 11 26 6 67 10 8
14 18 13 27 8 13 5 29 10 86 1 54 4 64 3 15 0 99 6 42 11 74 2 12 9 86 7 78 12 20
