50 15
1 43 9 20 6 15 5 45 14 18 11 96 7 46 13 4 4 13 8 33 10 43 0 86 3 67 12 17 2 63
5 46 4 89 10 11 1 25 2 12 9 52 8 51 7 16 14 47 6 69 3 65 12 35 13 32 0 5 11 76
2 70 10 66 1 41 13 50 14 27 9 39 12 64 8 9 6 82 7 25 11 75 0 97 3 66 4 30 5 85
9 77 2 27 1 34 14 41 7 4 4 76 8 21 0 43 3 40 10 13 13 41 5 63 6 51 12 35 11 92
14 69 0 8 12 96 7 57 1 80 4 26 10 70 6 67 9 27 8 57 13 56 3 90 11 17 5 90 2 30
3 69 12 69 11 72 2 40 10 43 0 2 6 33 9 9 4 61 14 88 1 98 13 43 5 93 7 63 8 97
4 44 12 25 13 18 7 18 9 55 8 38 0 94 14 52 2 97 11 7 5 96 10 29 6 35 3 29 1 78
0 68 6 92 9 99 10 79 1 92 4 42 13 77 12 27 8 33 5 51 11 78 14 36 3 64 7 40 2 45
3 47 7 57 1 73 9 23 8 11 6 74 4 18 0 95 5 10 14 72 13 8 11 24 2 43 10 92 12 70
10 96 3 89 5 89 14 31 11 46 2 13 12 49 4 23 0 66 9 5 7 63 1 29 8 85 6 4 13 78
6 10 8 83 12 37 4 61 2 32 7 68 9 33 3 50 0 7 13 5 1 52 5 5 11 98 14 33 10 28
12 6 8 63 3 48 9 76 10 13 6 83 13 49 2 21 5 14 4 72 7 42 1 20 14 82 0 24 11 40
7 36 11 84 3 44 0 7 4 34 1 28 14 4 13 67 5 16 8 31 9 85 10 97 6 5 2 54 12 2
14 29 6 80 10 85 12 66 3 93 13 37 2 5 1 70 7 46 11 55 0 88 9 80 5 68 4 10 8 44
9 11 6 84 2 36 8 25 4 31 10 68 11 60 3 81 12 46 1 30 0 69 14 9 13 49 7 11 5 9
12 30 9 34 1 54 4 36 11 1 13 2 8 56 10 69 6 12 0 12 14 28 2 20 7 51 3 21 5 26
10 49 13 63 0 89 1 54 3 13 2 11 7 74 11 3 5 23 8 77 4 83 12 79 6 54 9 71 14 40
1 21 8 2 4 58 11 87 6 12 9 28 7 37 12 94 10 40 2 49 5 39 13 54 0 79 3 89 14 93
0 49 2 90 14 20 5 75 13 63 6 73 4 28 12 11 7 5 11 88 8 83 9 15 1 72 10 3 3 70
12 69 13 32 5 91 7 71 10 88 14 89 8 93 1 53 4 81 9 25 11 80 2 53 6 81 3 28 0 36
2 54 3 13 0 92 14 31 12 53 9 56 6 29 4 23 5 89 8 79 10 6 7 17 11 11 1 68 13 66
1 99 7 91 2 58 3 22 10 87 11 96 4 98 9 12 14 75 8 87 13 17 12 83 6 6 0 90 5 36
10 77 12 12 9 74 5 41 0 73 13 73 3 75 2 47 11 75 6 30 8 61 14 61 4 60 7 83 1 50
2 12 9 37 7 68 12 38 4 77 1 89 6 51 13 7 14 20 8 7 0 43 10 96 11 55 3 75 5 41
2 39 12 32 13 12 3 87 6 25 11 65 4 83 5 4 9 76 1 43 10 23 7 3 0 24 8 29 14 91
8 81 3 39 14 48 6 97 10 38 5 23 1 36 12 14 7 14 9 11 11 25 2 46 13 21 4 59 0 32
5 38 0 8 4 66 1 88 11 20 8 29 13 23 7 32 9 79 2 91 6 56 3 12 10 54 14 1 12 52
7 22 1 11 12 21 13 36 0 3 8 79 2 28 4 74 11 97 14 89 3 17 5 56 10 89 9 31 6 19
5 97 14 63 9 68 2 64 3 51 6 11 4 84 13 67 10 8 7 10 8 87 12 44 1 34 0 83 11 1
13 7 0 45 12 57 7 37 10 38 1 40 14 79 5 60 4 10 9 20 11 83 3 27 2 37 6 55 8 82
10 55 3 51 11 63 5 21 14 61 7 53 2 27 9 24 1 67 6 2 4 15 0 15 12 20 8 36 13 40
4 19 10 36 13 79 5 73 14 17 1 72 9 42 12 54 8 75 0 52 2 37 7 10 11 63 6 46 3 12
12 44 3 78 6 23 0 96 1 59 14 61 5 56 7 89 8 5 9 60 10 27 2 58 11 29 13 56 4 35
5 77 14 95 7 49 2 6 8 93 3 45 1 7 4 9 13 58 9 20 11 70 6 88 12 13 0 56 10 14
14 13 2 33 1 80 13 1 3 11 6 19 11 6 7 39 12 27 4 93 9 1 5 21 0 47 10 53 8 51
8 45 7 71 1 89 9 55 12 95 4 24 13 62 3 81 10 78 5 92 11 53 14 52 2 60 0 49 6 8
12 6 4 94 2 29 11 19 5 7 13 36 7 28 3 22 14 40 9 3 6 91 8 21 1 3 0 83 10 47
13 24 12 52 1 58 4 9 3 45 5 4 2 57 6 7 10 88 14 11 9 21 11 64 0 56 7 81 8 33
12 18 5 94 2 53 1 19 6 59 0 38 14 1 9 16 11 56 10 72 7 73 3 42 13 97 4 91 8 96
9 90 0 29 7 48 12 39 1 84 5 82 2 39 11 57 3 53 8 95 4 98 14 79 10 19 13 59 6 14
6 76 14 94 5 10 8 49 3 92 4 77 10 92 9 49 2 10 1 54 12 82 11 39 13 73 0 82 7 69
1 7 11 83 8 33 9 4 10 15 4 76 12 6 13 6 0 85 7 93 5 71 3 36 14 70 6 32 2 17
10 54 11 77 9 58 1 95 12 67 4 87 3 73 13 64 6 75 14 35 8 17 5 7 2 68 0 9 7 24
9 71 1 50 4 93 2 41 5 34 13 94 11 11 10 27 14 83 12 70 3 63 0 26 8 83 6 15 7 85
14 86 2 88 11 81 10 4 9 88 3 62 13 38 1 90 5 43 4 70 0 7 7 55 12 89 8 61 6 80
10 77 6 61 4 53 13 83 8 23 14 49 12 63 9 88 3 42 7 91 0 4 1 4 11 80 5 79 2 93
11 80 9 63 3 50 7 83 1 72 0 98 10 18 8 55 14 95 6 98 2 20 12 43 13 53 4 55 5 84
0 36 6 99 12 95 5 46 9 44 11 80 7 59 1 10 4 48 2 43 13 97 10 17 14 61 8 64 3 54
13 98 14 65 6 6 11 62 2 40 7 40 5 19 3 92 9 70 10 16 1 3 4 27 0 8 8 71 12 76
4 11 8 23 10 4 9 72 12 97 0 68 14 47 5 64 7 18 1 51 13 23 2 71 11 29 3 28 6 96
