50 15
6 31 3 71 11 72 2 13 10 5 9 10 7 82 14 99 12 96 1 79 8 79 13 23 5 98 4 95 0 51
11 19 14 52 8 4 1 63 7 49 13 27 2 49 4 13 5 47 10 79 6 55 9 15 12 67 0 86 3 56
6 8 0 37 13 97 11 94 2 26 4 98 3 41 14 98 9 34 5 79 10 42 7 26 1 99 12 71 8 30
5 51 11 3 13 19 7 57 2 73 8 56 3 71 10 29 12 76 4 87 9 51 0 6 14 75 6 69 1 58
11 69 1 5 9 86 3 37 4 68 7 66 0 55 5 33 8 82 14 83 6 66 13 56 10 36 12 34 2 97
12 27 7 21 0 73 1 1 13 22 6 68 3 78 8 58 11 26 5 49 4 72 2 29 14 75 9 42 10 87
6 64 1 73 10 49 12 24 8 31 2 40 9 70 3 93 13 15 14 2 0 35 11 77 7 49 4 87 5 72
13 35 2 66 0 6 5 86 10 91 4 51 1 96 14 30 12 66 9 17 7 33 6 4 3 2 8 41 11 39
11 85 12 91 13 34 0 47 2 81 7 4 14 64 4 14 1 60 5 14 9 40 3 33 10 14 6 1 8 6
0 80 6 65 14 43 12 40 3 99 2 14 8 54 9 11 13 69 7 77 11 7 4 64 10 46 1 54 5 37
9 83 8 79 11 55 7 68 12 23 14 89 1 75 0 72 10 78 2 42 6 68 5 58 13 24 4 99 3 53
3 49 13 46 10 24 2 36 11 13 6 7 4 18 14 27 9 38 0 18 8 63 1 39 7 66 5 78 12 96
8 41 4 28 3 4 7 12 12 54 11 7 14 61 2 41 10 17 5 54 0 95 13 88 9 75 6 23 1 40
8 29 2 30 1 18 0 4 5 42 11 1 10 10 14 49 13 56 7 58 6 41 3 38 9 2 4 20 12 57
4 71 12 33 7 75 9 3 5 67 14 22 13 59 8 4 2 62 3 2 1 38 0 4 10 47 6 77 11 65
11 2 7 46 12 81 6 73 2 33 9 43 14 82 8 6 5 34 4 31 10 13 3 59 13 53 0 30 1 85
8 97 6 50 4 80 1 93 0 17 3 1 14 30 9 13 2 20 5 41 10 40 7 72 11 92 12 44 13 7
11 81 14 87 13 93 9 78 1 83 12 35 7 20 8 79 6 42 3 22 2 34 0 33 10 8 5 92 4 93
6 79 5 77 0 17 2 91 1 7 8 59 9 7 10 9 13 68 12 82 4 41 3 34 7 93 11 28 14 89
7 44 1 66 3 73 9 63 4 14 10 69 11 94 13 96 6 29 8 19 2 5 14 17 12 21 5 60 0 89
0 29 8 53 13 98 14 88 4 82 5 72 11 67 12 44 2 83 6 20 10 51 1 49 7 36 9 17 3 33
3 56 11 18 10 88 13 31 9 67 4 55 2 80 0 29 8 50 5 97 1 26 6 43 12 47 7 9 14 44
9 29 14 93 3 90 1 39 7 45 12 32 2 10 11 51 10 75 0 62 4 59 6 29 13 27 5 42 8 87
3 64 14 94 2 65 7 24 8 6 13 13 9 78 11 18 10 50 5 30 6 30 12 36 0 33 4 59 1 48
12 96 1 8 11 51 5 38 9 85 8 41 4 53 6 95 7 98 2 67 0 24 13 36 3 43 10 88 14 17
12 37 3 94 7 44 11 31 6 77 8 9 4 47 9 20 10 96 14 99 2 67 0 68 5 29 13 70 1 44
12 67 2 1 1 89 0 48 14 43 3 35 7 63 9 21 6 16 10 32 5 58 4 56 13 83 8 16 11 84
13 88 5 22 10 82 4 29 6 94 3 18 7 15 0 78 2 13 9 98 1 42 8 4 12 79 11 33 14 88
2 28 5 28 14 10 3 21 7 11 0 83 12 3 1 99 9 25 10 14 13 40 4 35 6 85 8 25 11 23
8 66 0 40 10 89 13 94 12 13 5 85 11 87 7 28 1 19 2 97 14 15 9 78 6 91 4 2 3 27
5 37 3 73 8 69 6 44 13 74 12 37 14 50 4 44 9 84 10 65 1 45 0 99 7 27 11 84 2 20
3 32 2 99 0 74 9 22 1 18 7 93 8 71 5 70 13 30 12 82 4 80 11 85 14 57 10 66 6 2
7 56 10 71 14 28 8 26 4 52 13 51 9 33 5 9 0 94 3 21 12 14 6 75 11 59 1 88 2 49
2 88 7 15 0 24 4 90 14 44 13 21 11 90 8 78 10 91 3 70 6 10 1 78 5 63 12 94 9 42
2 32 9 41 0 57 4 82 1 40 6 48 13 21 10 34 3 79 5 14 11 92 7 73 14 18 12 21 8 60
7 77 11 10 10 19 0 20 14 61 1 3 2 16 13 76 3 50 5 99 6 4 8 29 4 65 12 51 9 73
6 68 1 45 0 6 9 13 3 95 11 42 10 7 4 85 5 90 14 38 13 52 12 24 7 56 2 82 8 10
9 66 0 88 10 54 1 98 13 36 6 45 7 81 11 62 12 91 8 16 2 50 5 24 3 26 4 34 14 80
10 32 2 61 14 39 11 35 0 94 6 69 13 86 8 35 7 99 1 1 3 6 4 50 9 43 12 45 5 22
8 38 5 37 14 19 6 32 9 82 11 23 7 98 4 49 13 26 3 46 12 22 10 50 2 59 0 50 1 89
14 54 3 54 4 34 10 99 9 31 2 23 11 71 7 50 0 70 13 73 12 37 6 28 8 1 5 54 1 18
0 97 8 37 10 20 14 76 11 6 6 34 12 96 3 13 9 95 7 61 5 56 4 76 13 99 1 47 2 58
5 5 3 64 1 11 9 39 10 83 2 98 11 24 8 10 12 33 14 25 0 80 13 70 7 20 4 21 6 99
10 20 4 27 5 37 7 24 3 92 14 55 12 42 1 13 6 34 2 87 11 10 8 51 9 48 13 58 0 18
7 35 10 77 8 97 1 36 5 95 0 73 3 16 11 54 6 94 12 36 13 25 14 54 9 13 4 7 2 45
10 74 7 41 9 11 6 46 5 22 3 78 8 40 14 45 2 58 11 57 13 69 12 79 1 73 4 68 0 24
11 57 10 50 3 11 12 34 4 88 0 62 5 45 14 16 2 78 1 54 13 23 8 20 9 56 6 89 7 79
3 55 2 91 5 21 6 67 11 79 13 52 14 4 4 94 10 33 9 95 8 91 1 60 12 30 0 61 7 86
12 3 9 10 13 62 8 35 14 90 0 29 10 13 2 67 11 17 1 29 4 97 7 82 5 47 3 52 6 99
3 33 11 68 6 12 2 53 0 4 9 87 4 31 14 15 8 4 13 4 1 11 12 44 7 25 10 91 5 72
