50 15
13 56 1 15 3 52 7 52 11 73 9 36 12 77 14 86 4 87 5 8 8 22 10 11 2 79 6 50 0 16
8 33 0 20 9 72 11 77 5 67 4 40 14 41 1 97 10 61 7 20 3 15 6 74 13 80 2 80 12 4
12 48 9 72 11 50 13 21 10 17 14 84 0 29 4 3 5 25 3 46 6 68 1 57 7 86 2 90 8 89
7 77 4 18 8 67 11 23 12 51 13 56 5 61 10 46 3 13 2 60 14 11 0 54 9 92 1 44 6 48
12 1 10 87 6 89 1 12 0 73 11 43 5 42 3 38 14 4 13 42 8 45 9 91 4 51 2 41 7 88
2 10 6 78 5 12 14 62 4 96 12 52 11 79 7 97 3 68 13 94 9 75 0 2 1 9 8 62 10 33
13 77 5 91 0 60 3 98 7 76 8 61 6 44 9 89 2 55 4 85 14 72 1 14 11 40 12 8 10 50
2 12 12 90 7 7 14 72 9 92 0 29 6 61 8 89 1 13 3 17 5 68 10 73 13 16 11 83 4 20
6 21 0 37 7 46 14 54 13 66 3 8 12 59 8 88 9 46 4 94 2 98 5 39 10 85 11 85 1 49
0 99 13 18 3 3 1 57 10 42 4 88 7 68 8 96 11 77 14 10 2 38 9 50 12 33 6 33 5 60
9 58 3 37 13 77 14 23 1 76 5 46 10 73 11 20 0 59 6 16 12 92 7 60 8 28 2 32 4 21
9 20 13 6 5 52 1 63 11 24 4 35 8 11 0 24 2 3 12 59 10 13 14 63 6 32 3 6 7 72
11 15 10 22 14 1 3 93 8 23 6 9 2 94 7 11 0 39 13 38 1 2 9 15 12 8 4 7 5 78
13 45 5 9 4 29 2 41 9 90 11 46 8 29 3 49 14 40 7 34 0 66 12 72 1 73 6 32 10 54
9 87 2 64 6 73 3 85 8 78 5 77 12 18 14 42 11 2 4 94 0 67 13 53 10 4 7 27 1 73
1 53 5 68 0 89 10 59 6 74 2 6 9 31 8 54 4 76 14 89 12 72 3 12 13 16 7 62 11 15
2 56 0 41 5 15 11 95 13 55 3 3 8 88 6 50 9 68 7 43 10 9 1 21 14 83 4 62 12 59
11 26 4 23 10 82 1 93 7 50 14 6 6 79 5 27 0 46 9 4 2 28 8 9 12 20 3 25 13 57
13 29 5 96 12 74 2 58 1 54 3 11 11 4 6 23 4 64 0 76 10 5 9 56 8 63 7 63 14 7
10 19 7 45 0 12 6 54 8 39 11 2 4 54 12 73 13 99 1 42 3 81 5 5 2 2 14 74 9 1
13 62 9 90 1 48 4 66 10 69 5 62 2 89 6 30 7 88 11 20 0 89 14 35 3 64 8 51 12 64
8 91 7 19 13 56 14 62 1 8 6 1 0 74 12 2 3 8 9 68 10 41 11 38 2 23 5 71 4 89
0 67 4 19 2 36 6 30 14 68 3 33 1 16 8 17 11 6 5 58 10 94 7 96 13 31 9 29 12 90
11 46 6 51 12 30 2 42 1 81 14 33 10 99 5 31 4 96 9 65 0 36 13 9 7 64 3 70 8 51
1 12 12 89 0 72 10 1 5 14 2 95 3 69 8 47 13 23 7 19 4 91 6 65 14 84 11 57 9 51
9 76 5 5 12 77 3 80 8 89 11 64 0 38 6 54 1 17 10 68 14 65 2 18 4 37 7 6 13 39
13 66 14 8 9 95 12 63 8 33 3 53 10 94 5 75 7 26 6 30 2 57 11 58 0 78 1 41 4 12
13 73 4 86 10 6 11 88 2 53 7 58 6 45 8 54 1 9 14 90 0 86 12 37 9 76 5 80 3 98
0 90 8 23 9 39 10 39 13 32 4 31 7 5 5 48 12 44 2 22 14 78 1 8 11 81 3 88 6 77
2 11 9 21 10 51 14 56 6 29 1 42 8 5 3 27 12 25 11 33 13 1 7 50 5 52 4 83 0 63
0 6 11 14 5 88 3 39 2 32 7 16 4 4 1 9 13 7 9 17 6 5 10 96 8 30 12 50 14 58
14 14 6 24 2 75 5 74 8 32 1 74 12 37 0 20 13 43 11 52 7 76 4 99 9 86 10 85 3 47
12 17 6 23 13 28 11 99 4 19 5 78 8 76 10 82 2 61 7 7 14 65 1 90 3 72 0 28 9 98
0 20 9 40 7 44 10 22 11 18 12 10 2 79 1 66 4 96 6 62 3 48 5 76 13 8 8 84 14 83
2 29 8 20 11 49 7 22 12 54 6 4 5 79 14 45 10 6 1 20 0 72 13 4 3 82 4 82 9 51
7 16 5 69 9 63 3 75 11 74 14 98 13 79 1 22 8 34 4 90 2 72 6 66 0 89 12 98 10 91
8 80 0 68 7 10 3 85 6 70 10 83 13 60 1 44 5 54 9 27 11 37 12 4 2 31 14 69 4 57
6 79 11 48 10 83 9 67 12 32 0 38 14 77 8 66 2 28 4 41 3 15 13 89 7 60 5 82 1 39
10 83 1 88 14 90 2 65 13 35 6 8 8 80 5 56 9 95 3 52 4 89 11 58 12 33 7 44 0 49
2 70 10 41 1 21 8 9 3 8 4 31 6 76 14 52 9 67 11 60 12 56 13 79 0 44 5 31 7 8
13 11 14 68 9 2 10 41 6 38 12 54 8 53 5 85 3 97 0 76 7 93 11 15 1 42 2 48 4 52
1 4 11 52 4 9 10 66 0 9 9 29 2 22 14 72 5 11 8 75 7 4 6 22 13 23 3 62 12 26
9 34 2 52 14 77 1 27 0 73 3 23 11 84 8 63 4 58 6 70 10 42 5 15 7 69 12 95 13 44
11 15 13 74 9 84 2 42 8 66 10 45 3 55 12 96 6 47 14 21 5 65 7 75 0 82 1 51 4 83
1 38 14 21 5 70 7 3 12 19 10 38 8 80 3 89 6 69 13 14 4 50 0 93 9 44 2 11 11 51
2 82 9 70 7 71 3 38 6 84 0 19 8 38 14 96 4 83 5 97 13 98 12 48 10 50 1 61 11 9
10 23 12 91 11 37 3 77 1 48 4 21 5 80 8 24 0 69 7 73 6 5 13 87 2 15 9 8 14 91
11 65 13 44 5 16 8 14 2 58 10 1 6 8 4 26 12 27 14 47 3 1 0 52 1 94 9 66 7 7
0 12 6 15 8 26 9 88 3 66 10 30 11 78 13 15 4 87 1 78 7 38 14 81 12 78 5 92 2 52
8 43 12 10 1 98 14 46 11 11 6 24 5 12 3 7 7 17 13 97 2 57 0 18 9 55 4 24 10 81
