50 15
12 25 7 18 8 25 14 17 6 18 1 75 2 3 4 94 13 76 3 54 9 90 5 31 0 73 10 1 11 31
9 3 8 21 12 36 7 9 3 84 5 14 0 85 10 15 6 53 13 64 1 10 2 56 4 19 11 85 14 46
11 28 9 54 14 67 7 43 6 69 4 17 8 99 10 37 12 83 2 11 3 12 13 39 0 54 5 87 1 91
12 76 7 87 2 74 3 35 1 22 6 8 0 8 4 39 13 46 14 30 5 47 10 93 11 65 9 73 8 53
11 15 12 12 2 78 9 27 5 41 6 1 3 4 1 57 14 98 13 67 7 98 0 31 8 57 10 90 4 30
13 53 0 37 6 37 7 11 2 34 10 76 4 93 5 38 9 84 1 63 8 12 3 19 14 2 12 97 11 78
12 19 3 81 0 63 7 28 5 85 1 48 4 40 11 46 13 59 9 42 10 83 2 10 6 28 8 65 14 68
13 48 9 51 10 52 6 86 7 63 5 85 12 20 3 2 4 91 0 11 8 11 2 27 11 29 14 93 1 88
9 51 7 20 5 92 1 72 11 85 6 25 8 1 12 18 14 30 3 36 0 27 4 90 10 74 2 72 13 53
0 33 9 5 14 33 11 57 7 24 4 19 10 89 3 69 1 20 13 20 2 29 6 19 12 88 5 9 8 25
10 48 11 78 5 79 2 87 4 33 1 68 12 54 8 18 9 96 6 74 3 44 14 59 13 35 7 93 0 46
5 50 3 85 2 64 13 19 6 46 9 61 8 89 1 23 7 54 14 26 0 65 11 88 4 29 10 13 12 31
6 76 5 69 8 46 1 75 0 8 13 19 4 6 2 89 10 92 12 20 14 30 7 31 3 48 9 59 11 6
8 62 7 11 6 69 10 30 14 56 1 36 12 81 3 8 13 95 4 45 0 64 9 44 5 56 11 61 2 87
1 39 10 17 14 12 9 6 2 35 8 40 4 36 7 22 3 65 0 35 12 80 13 46 6 47 5 25 11 30
0 29 7 77 1 3 10 40 2 3 4 29 14 1 5 40 3 79 11 79 6 51 9 58 13 52 8 74 12 60
13 83 10 30 4 90 2 95 3 57 7 24 9 39 0 37 6 93 1 39 12 10 5 71 11 36 8 7 14 20
8 4 4 43 1 24 0 73 6 66 5 28 13 53 14 50 12 64 7 17 9 25 11 7 3 97 2 22 10 20
0 39 12 64 6 97 3 7 2 11 5 26 7 56 10 96 13 73 1 29 11 81 9 63 14 12 4 88 8 2
11 79 2 14 3 38 6 8 7 49 4 52 13 96 9 87 0 58 1 13 5 6 8 22 12 79 10 67 14 30
13 86 5 38 9 29 8 40 12 9 1 80 6 11 10 76 7 34 11 46 3 83 14 75 4 7 0 66 2 4
9 74 1 35 6 8 14 52 2 73 12 84 5 14 11 71 8 79 10 41 3 11 0 61 7 95 4 82 13 23
1 12 2 63 12 11 0 33 9 39 13 13 10 92 7 95 11 11 5 17 3 47 6 67 14 45 4 59 8 66
6 50 1 13 2 50 11 21 12 58 3 72 9 17 14 86 13 93 4 65 0 82 10 2 7 12 5 10 8 78
6 55 1 85 8 15 3 87 2 34 12 57 13 97 0 99 11 94 14 85 7 40 5 4 9 7 10 77 4 8
13 49 4 39 2 57 10 43 3 88 9 9 0 92 7 3 1 8 6 70 8 96 11 55 5 98 14 19 12 57
12 51 5 91 13 23 3 33 9 8 11 71 0 18 1 40 4 98 2 38 10 26 14 73 7 93 6 42 8 63
4 97 3 5 1 56 2 33 5 62 0 95 8 78 12 90 10 99 13 64 14 55 9 67 11 12 6 12 7 3
2 49 12 70 9 42 6 67 8 61 1 27 5 25 0 51 4 94 11 89 13 41 3 56 10 43 14 47 7 91
12 63 3 43 6 77 7 85 8 90 10 61 9 15 4 6 11 21 2 95 1 79 0 96 5 18 14 83 13 9
0 11 14 49 10 40 5 82 1 44 8 4 12 35 7 30 11 21 3 96 13 77 2 68 4 71 9 8 6 2
4 76 11 93 3 19 13 57 10 94 2 55 12 77 8 47 5 16 9 84 14 75 0 30 6 59 7 36 1 42
10 6 9 94 6 44 14 8 8 60 4 20 7 60 2 39 11 34 13 92 1 61 3 13 5 63 0 76 12 12
5 21 2 38 3 15 9 56 0 44 12 42 7 7 14 23 13 81 4 60 8 47 11 41 10 24 1 23 6 54
3 99 14 15 12 91 10 23 0 41 1 67 2 49 7 23 5 27 9 51 13 14 11 91 6 5 8 46 4 83
2 61 8 84 11 46 5 83 10 57 13 96 1 29 0 38 12 30 6 46 3 98 14 35 9 80 4 39 7 78
14 25 3 59 10 47 1 75 6 6 7 47 9 57 8 75 5 18 11 99 4 18 12 75 13 90 0 63 2 76
3 61 7 14 4 15 2 86 13 68 6 75 12 17 0 77 9 65 10 97 14 76 1 56 11 47 8 78 5 33
6 69 9 49 2 27 14 91 13 71 0 99 8 68 3 21 11 66 12 20 5 33 4 68 7 9 10 77 1 50
7 48 2 42 0 70 5 67 11 51 9 77 8 3 3 71 6 11 13 15 10 79 14 87 4 55 1 70 12 69
7 9 14 99 10 70 12 23 4 76 13 99 1 58 8 52 3 85 5 22 0 97 2 4 9 69 6 43 11 21
0 9 5 46 9 23 6 61 14 7 3 98 12 89 11 36 2 59 10 16 4 35 7 63 13 11 8 57 1 6
9 17 2 63 3 18 6 61 13 52 14 1 10 4 5 75 0 91 4 21 12 99 1 49 11 2 8 69 7 64
9 48 3 47 2 52 7 14 1 25 11 88 5 64 10 11 4 44 0 60 12 40 8 58 13 98 6 40 14 78
0 13 10 45 13 93 5 9 3 82 2 98 7 95 9 35 11 47 1 92 12 76 14 11 6 16 8 4 4 96
7 20 5 34 4 29 10 71 13 93 8 73 3 15 2 9 6 93 12 65 11 78 0 40 14 82 9 83 1 54
3 72 1 66 0 72 9 85 5 14 10 70 8 41 14 78 4 38 7 42 2 34 12 13 6 48 13 14 11 91
5 97 3 36 10 67 6 46 12 24 13 51 1 2 9 49 4 58 7 2 11 39 0 32 2 86 8 1 14 67
7 52 0 49 10 79 4 84 11 77 6 76 5 68 13 30 12 74 8 63 9 46 14 54 1 87 2 55 3 75
10 80 12 70 7 41 2 11 8 55 5 91 14 87 11 9 13 78 9 52 4 93 0 53 1 9 3 63 6 72
