50 15
13 82 12 78 9 47 4 33 6 91 5 81 3 69 14 81 1 17 7 8 11 22 10 96 2 69 0 35 8 52
1 38 14 9 9 30 5 73 12 28 2 48 11 88 10 30 6 17 8 97 13 83 0 98 7 30 4 90 3 72
2 69 5 14 14 57 8 96 1 64 9 65 13 32 0 56 4 82 6 20 10 25 11 86 7 93 12 86 3 75
1 45 2 98 10 73 0 42 5 51 7 31 14 52 13 20 4 47 8 53 11 64 6 96 3 12 12 67 9 60
11 23 10 52 6 75 0 79 2 94 14 90 12 65 5 9 7 68 13 47 9 56 8 20 4 40 1 58 3 82
11 39 14 16 0 59 1 80 2 76 8 40 3 57 12 46 6 76 10 52 13 39 5 98 9 89 7 16 4 58
11 38 14 32 10 39 13 70 8 93 12 82 7 44 0 52 9 18 3 12 6 73 1 25 5 28 4 34 2 42
8 69 14 55 12 6 0 33 6 46 10 4 1 76 3 58 13 70 5 6 11 29 9 99 2 83 4 73 7 77
14 85 10 4 12 94 3 36 6 31 4 67 0 53 1 13 11 6 8 3 13 90 5 31 2 64 7 25 9 18
7 30 5 11 13 72 4 23 9 7 1 90 11 78 10 61 3 34 12 49 0 71 14 50 2 21 8 88 6 41
14 95 13 26 9 61 5 74 8 50 12 86 1 37 3 71 10 14 7 58 11 88 4 16 6 11 2 64 0 73
12 32 9 2 13 60 3 26 1 7 6 39 0 48 10 8 4 27 14 79 8 99 7 4 2 61 5 48 11 43
1 7 12 88 2 15 8 1 0 54 9 60 3 63 13 92 5 58 14 42 6 81 11 97 4 47 10 93 7 79
2 70 8 47 12 25 11 22 5 47 10 43 14 80 7 76 0 60 4 46 6 46 9 31 1 23 3 1 13 96
11 37 4 77 12 92 8 3 3 55 1 81 10 9 7 68 2 46 14 3 5 92 9 94 13 97 6 83 0 79
1 83 8 4 14 86 7 30 6 7 9 97 11 63 3 33 4 84 5 51 2 90 10 93 0 45 12 84 13 18
14 84 3 38 7 74 4 91 1 56 11 91 10 8 0 78 12 4 5 12 2 63 8 86 13 37 9 78 6 14
4 76 6 16 10 83 8 58 9 59 2 99 7 76 12 44 11 43 1 31 0 92 14 25 13 8 3 46 5 54
1 64 0 79 10 82 4 75 13 65 9 92 2 8 11 16 14 78 8 64 7 59 3 16 5 71 12 5 6 74
9 96 11 67 12 11 4 91 13 25 6 12 10 29 7 15 14 71 1 83 2 58 0 53 8 52 3 36 5 98
9 55 1 3 13 4 0 64 5 95 4 22 6 20 11 16 14 86 3 71 10 80 8 8 7 42 12 24 2 76
0 61 1 24 5 75 7 70 6 78 8 49 3 98 2 73 12 69 10 60 14 22 13 35 9 95 4 29 11 48
13 56 4 53 14 9 5 29 10 66 6 80 3 75 9 69 2 61 1 30 0 62 11 54 12 99 7 86 8 1
6 89 3 74 9 83 5 98 11 26 7 91 8 82 13 33 12 14 4 33 1 98 14 86 0 87 10 88 2 37
3 93 12 33 4 17 1 48 14 40 7 18 6 8 13 13 10 25 2 85 9 29 11 84 5 7 0 67 8 4
1 65 2 98 9 99 5 82 4 51 12 49 7 28 13 56 8 37 6 48 3 93 0 86 11 82 10 77 14 22
0 68 2 65 8 42 3 46 7 44 9 72 14 88 12 71 10 72 11 11 6 32 13 14 4 26 5 38 1 76
9 70 7 14 11 70 12 32 1 42 5 27 8 85 13 94 4 85 10 69 0 6 14 89 2 76 3 67 6 18
12 28 9 27 3 29 4 75 7 52 5 61 14 30 2 13 10 28 8 59 0 13 6 91 13 90 11 39 1 18
14 84 13 9 9 71 11 72 10 43 1 92 8 31 0 64 4 28 5 31 7 39 2 60 12 15 3 64 6 56
5 38 10 31 1 41 12 48 6 79 11 20 8 74 2 96 7 45 3 6 0 66 13 68 14 52 4 90 9 6
5 85 10 18 14 12 6 26 1 84 2 71 0 85 4 5 11 43 3 3 9 67 7 92 8 87 13 51 12 19
8 75 5 48 6 7 7 13 1 16 9 99 0 91 13 36 2 46 3 59 14 61 12 76 4 64 11 82 10 19
5 18 8 6 6 52 10 61 0 84 3 53 4 84 1 9 7 85 12 95 14 2 13 22 9 72 11 1 2 51
5 69 1 67 6 99 10 2 4 95 13 53 12 17 8 88 3 34 7 40 11 67 0 71 9 57 2 43 14 91
1 36 14 51 10 47 6 81 9 29 5 62 0 32 3 56 11 63 8 60 12 50 13 8 4 85 7 11 2 11
11 42 10 97 4 8 3 93 0 51 14 12 8 29 6 94 2 77 5 85 1 3 7 50 12 73 13 82 9 96
0 64 5 93 11 65 7 49 10 90 4 23 1 61 6 37 14 91 9 67 8 77 12 15 2 11 3 86 13 81
5 29 10 87 2 1 9 65 0 31 8 20 1 61 14 56 12 87 11 36 3 20 7 67 6 93 4 37 13 28
2 58 8 78 6 87 1 47 11 24 13 13 0 71 5 15 14 51 4 72 3 59 9 34 10 45 12 55 7 90
7 28 13 74 5 4 6 8 8 77 3 72 10 72 14 63 2 15 12 92 11 24 0 96 1 81 9 45 4 73
13 12 0 49 12 37 14 70 5 54 3 95 8 55 7 35 2 26 6 30 1 31 9 13 4 63 11 52 10 93
4 60 6 96 2 60 0 5 13 14 14 44 5 60 7 69 10 9 3 48 1 87 11 43 12 89 9 18 8 70
10 20 9 20 6 86 11 5 3 91 7 10 8 17 1 94 4 90 12 59 14 46 0 44 5 24 2 15 13 36
14 86 12 39 4 20 1 23 10 13 0 17 11 93 6 67 5 44 7 38 8 85 13 18 2 78 9 8 3 42
1 32 13 32 9 23 6 89 14 32 7 23 5 20 0 54 12 42 8 39 11 34 3 17 4 89 10 22 2 2
8 88 0 97 5 43 12 89 6 69 13 60 2 42 14 94 1 24 10 50 9 88 7 90 4 29 3 70 11 4
2 93 9 35 12 46 4 64 5 72 7 80 14 36 10 32 11 82 1 42 0 58 13 75 6 78 3 57 8 6
10 97 4 70 13 72 8 73 3 76 12 61 5 39 14 64 11 2 7 86 9 44 6 32 1 23 0 89 2 21
8 53 2 14 7 67 10 47 11 43 6 22 3 95 1 89 4 39 5 48 0 3 14 73 12 40 13 93 9 6
