50 15
14 66 7 82 5 30 4 35 0 18 13 99 6 49 12 76 1 94 3 36 11 89 8 37 10 25 9 5 2 92
9 39 12 37 13 30 1 43 4 55 0 87 2 10 7 83 5 91 10 60 6 48 14 35 8 61 11 77 3 3
11 80 3 31 14 35 13 6 0 90 4 80 9 53 12 60 2 17 5 44 1 41 10 17 7 30 8 67 6 89
6 95 0 2 7 57 9 78 14 2 11 9 13 86 2 75 10 8 4 85 3 2 5 7 8 8 1 79 12 68
12 45 14 75 11 78 0 48 3 46 1 68 4 36 7 45 2 1 5 28 13 7 9 34 6 6 8 98 10 14
9 30 12 83 2 31 11 47 8 79 13 84 1 43 10 73 4 71 7 9 6 60 3 54 0 61 5 67 14 23
7 83 3 72 10 9 13 44 4 3 6 46 2 42 0 49 14 25 8 99 12 23 9 68 5 2 1 64 11 88
11 20 12 54 2 42 7 31 0 55 8 64 14 95 1 45 13 79 5 20 9 5 10 79 4 68 6 15 3 14
6 80 4 2 11 29 5 79 14 90 2 67 0 32 13 95 7 22 12 76 8 83 1 69 3 1 10 41 9 48
5 99 3 78 6 70 13 26 4 95 2 37 8 39 7 71 12 2 1 63 0 51 9 79 14 26 11 20 10 76
10 71 14 98 13 76 2 96 1 58 9 70 6 18 5 84 7 58 0 49 8 10 4 20 11 48 3 78 12 48
13 83 11 4 4 5 2 94 7 4 12 43 5 63 10 41 9 82 0 58 3 26 1 76 8 62 6 73 14 74
4 68 10 2 0 4 11 91 5 94 3 55 2 15 9 98 8 19 14 95 13 17 7 3 1 27 6 18 12 82
8 85 11 91 1 82 6 60 14 78 2 19 10 16 7 13 13 43 9 27 0 5 4 18 12 98 3 23 5 18
2 99 9 19 4 58 8 92 6 53 3 19 12 36 7 52 5 39 13 75 10 20 11 65 14 55 1 27 0 18
6 42 13 33 12 4 0 53 8 48 7 28 14 60 11 13 9 3 2 32 10 57 3 10 5 56 4 96 1 87
3 2 1 4 4 96 6 77 14 91 2 61 7 12 0 75 8 52 13 74 10 66 9 28 11 76 5 81 12 41
14 62 7 55 2 89 6 73 0 76 10 11 1 51 5 32 9 56 4 86 11 14 8 72 13 70 3 14 12 46
6 20 14 87 13 24 1 30 0 12 9 92 12 31 3 28 2 39 5 88 7 88 11 44 8 93 10 78 4 40
10 91 3 49 4 19 5 92 12 8 2 34 14 18 8 79 9 24 11 51 0 50 13 23 7 80 6 61 1 97
14 29 2 65 13 82 1 38 0 61 3 4 10 95 4 95 7 86 11 7 6 19 8 77 12 64 9 47 5 51
1 55 6 22 0 38 11 88 5 21 12 11 3 50 9 44 14 70 8 43 7 27 10 6 2 59 13 70 4 24
10 81 4 81 8 73 6 4 11 83 5 74 7 30 2 3 0 74 13 97 1 31 3 93 14 55 12 14 9 13
0 11 13 47 4 3 10 2 5 51 2 37 11 33 7 90 3 88 8 63 6 29 12 90 1 10 14 9 9 6
6 6 2 22 13 82 5 45 1 68 9 97 12 33 10 62 8 16 7 14 4 75 3 66 11 3 14 53 0 77
13 94 1 53 4 7 5 41 6 84 11 49 2 50 9 81 0 48 14 67 3 17 8 96 12 65 7 17 10 10
14 78 12 1 10 25 3 98 2 40 8 60 0 50 4 58 11 30 6 85 1 89 13 57 5 15 7 69 9 57
14 14 6 78 9 95 3 6 1 79 12 12 4 11 2 18 5 75 10 16 0 36 8 85 13 10 11 9 7 9
4 84 8 47 0 61 11 25 12 68 3 93 7 39 1 50 2 52 13 90 9 65 14 32 6 10 10 26 5 53
5 36 9 44 8 17 0 35 14 53 2 42 1 5 12 96 6 33 11 51 7 7 10 58 3 51 13 94 4 22
1 9 4 2 6 96 3 50 5 1 12 52 0 29 7 4 10 57 8 85 13 33 14 9 11 15 9 76 2 15
12 21 9 81 2 54 4 5 3 3 8 81 0 83 6 31 11 4 13 21 14 89 10 85 7 88 1 18 5 29
11 68 8 57 10 93 1 92 6 24 5 51 4 79 13 52 0 79 9 7 2 11 3 83 14 21 12 19 7 14
4 82 2 34 14 45 5 2 9 85 11 38 8 48 1 65 6 12 10 40 13 12 3 21 12 25 7 33 0 74
9 63 3 68 7 52 4 10 6 17 8 65 5 14 13 97 11 36 2 33 0 68 1 1 10 91 14 24 12 47
1 17 0 27 12 64 2 70 5 60 7 85 4 41 13 63 8 52 14 4 3 85 9 88 6 25 10 15 11 4
14 15 7 73 5 94 6 74 0 40 3 88 10 43 1 45 2 54 4 36 13 13 12 14 11 43 8 32 9 98
7 28 5 85 2 71 13 74 10 16 9 84 3 6 0 34 8 52 6 50 1 56 11 36 4 5 14 78 12 48
0 4 10 61 14 75 2 21 11 65 7 75 3 9 1 47 5 6 4 22 8 52 6 71 13 62 12 96 9 84
8 83 5 60 14 41 4 14 7 29 12 63 3 81 10 62 2 59 6 96 9 79 0 14 11 86 13 72 1 9
6 63 5 8 9 42 13 24 2 7 14 63 0 83 1 64 7 42 12 95 10 84 3 96 8 5 11 28 4 51
2 91 12 60 1 10 4 51 7 63 13 92 11 29 0 41 9 25 6 14 5 89 3 16 14 99 8 2 10 73
12 74 13 46 3 39 9 12 14 43 2 57 5 35 0 77 4 11 7 78 10 66 6 94 8 91 1 3 11 18
2 55 13 30 4 19 12 73 5 89 7 33 11 23 8 96 1 29 0 5 14 1 6 21 10 34 3 17 9 33
11 36 8 65 14 75 9 7 1 73 13 73 3 7 7 69 2 38 5 63 12 29 4 8 6 96 0 14 10 68
3 81 4 45 6 49 7 71 1 70 14 25 2 11 11 68 12 68 13 21 5 57 8 50 9 75 0 91 10 28
12 14 9 92 10 88 14 16 4 48 8 77 5 6 2 22 1 22 11 85 3 40 6 6 7 5 13 20 0 66
8 45 5 36 13 70 4 96 10 23 9 57 11 19 2 89 7 20 3 55 14 27 12 33 6 13 0 7 1 98
7 58 2 21 0 69 12 43 9 36 13 40 8 35 14 58 3 34 5 32 1 26 4 5 6 66 10 48 11 92
4 88 11 49 7 5 8 30 2 86 14 48 9 14 13 80 1 71 0 74 10 37 6 43 12 20 5 39 3 65
