50 15
3 22 10 35 13 97 7 69 11 36 4 94 5 22 6 17 12 1 9 41 1 67 0 84 8 48 14 6 2 76
10 21 7 10 12 38 2 70 6 87 5 91 1 25 3 41 13 92 9 36 4 17 0 24 8 14 11 89 14 13
6 12 13 8 1 98 5 62 12 92 8 62 2 96 11 75 4 27 7 33 3 49 10 32 9 90 14 85 0 47
13 77 8 59 5 30 10 38 0 30 11 97 9 45 1 54 4 80 3 60 12 21 14 22 7 46 6 8 2 57
6 23 10 96 5 99 2 55 1 70 13 84 14 37 4 11 9 87 0 74 12 66 3 72 8 56 11 74 7 52
2 80 5 44 12 92 7 22 0 1 1 24 14 84 6 19 4 35 13 34 8 59 9 90 3 19 11 15 10 38
3 74 13 31 5 70 1 77 9 27 7 94 2 54 14 2 11 76 8 54 12 42 4 94 0 46 6 87 10 7
4 23 2 11 7 30 3 63 12 40 9 39 5 25 8 60 0 29 10 87 13 2 14 60 11 41 1 53 6 36
10 93 9 99 5 31 12 50 6 11 1 96 8 82 13 20 4 37 0 70 2 71 7 85 14 20 3 92 11 80
1 19 13 99 8 16 2 62 5 36 0 93 14 27 3 54 7 28 4 9 9 82 6 66 11 9 12 49 10 82
14 29 8 82 11 25 7 10 10 23 2 14 9 27 12 83 1 2 13 35 5 14 6 12 3 9 4 33 0 69
5 73 7 57 0 33 14 98 3 67 13 62 11 14 9 89 2 49 8 78 12 79 1 73 4 62 6 87 10 18
5 75 8 82 2 68 0 82 13 36 7 73 1 84 3 75 12 86 9 30 4 81 14 38 11 31 10 57 6 2
2 67 1 74 9 53 7 90 4 56 12 56 5 25 6 52 14 73 11 82 13 56 3 32 8 71 10 17 0 56
3 52 1 59 4 92 8 18 11 29 7 2 9 46 13 16 2 41 12 83 0 75 10 7 14 38 5 36 6 21
3 27 4 65 9 77 2 82 12 44 10 2 11 18 6 71 5 75 14 71 7 91 1 7 13 37 0 99 8 80
6 45 11 62 8 22 12 40 0 13 3 30 13 76 10 45 9 22 7 93 2 62 5 47 14 54 4 42 1 83
3 85 1 21 5 35 2 88 4 45 6 59 0 29 13 64 9 54 12 83 11 88 10 47 8 55 7 75 14 26
10 12 4 19 5 10 1 8 2 73 14 88 8 11 7 44 11 43 12 58 13 49 9 98 3 40 6 93 0 1
3 41 11 28 4 55 2 57 12 77 13 73 10 43 9 54 7 19 6 10 14 89 0 36 5 63 1 44 8 7
0 68 5 38 13 9 14 37 7 86 9 74 4 54 8 62 10 36 2 1 12 78 6 54 1 3 3 46 11 86
11 4 12 25 2 99 4 47 1 57 13 34 0 43 3 3 5 95 14 86 8 42 6 79 9 74 7 70 10 55
12 34 4 82 6 4 14 59 3 92 7 86 8 23 10 29 0 13 2 87 11 10 13 22 1 83 5 6 9 90
6 19 13 17 9 72 10 29 11 30 5 71 0 67 7 98 4 42 8 42 3 19 2 42 14 35 12 1 1 18
6 42 0 46 4 99 11 47 9 49 12 66 7 98 10 50 13 55 5 25 1 11 14 44 3 47 8 72 2 45
12 43 11 58 0 96 2 39 9 98 4 74 14 64 13 47 1 17 6 89 10 82 5 30 7 55 3 13 8 33
7 18 12 24 13 12 2 72 1 18 3 72 0 31 11 15 9 96 14 82 6 58 4 96 10 12 5 3 8 13
14 91 3 51 4 50 2 1 0 88 10 93 13 64 9 11 8 8 6 32 11 64 7 37 1 71 12 12 5 40
9 19 3 62 6 5 2 8 14 31 4 84 11 27 13 55 5 96 8 24 10 45 12 94 7 1 0 63 1 33
4 97 3 57 12 20 11 87 9 71 8 87 14 89 2 99 10 40 0 62 7 18 6 78 1 52 13 76 5 85
9 90 5 74 4 24 11 3 13 50 12 18 0 99 10 23 6 6 8 57 2 34 3 9 1 51 7 78 14 35
8 97 4 56 12 31 5 56 9 66 7 57 2 63 11 35 10 63 6 30 3 74 13 57 1 48 0 75 14 5
5 92 9 50 13 58 6 23 2 82 1 36 10 37 4 45 12 71 7 90 8 33 3 96 11 2 14 46 0 19
2 85 11 2 3 56 9 62 1 74 5 3 14 62 7 10 12 37 6 86 13 81 10 39 4 95 0 35 8 93
0 83 4 37 2 68 8 72 5 7 14 40 9 35 13 90 10 23 11 99 7 75 3 38 12 22 6 41 1 24
14 41 0 77 2 86 13 73 5 45 4 66 10 65 12 49 7 22 11 67 6 19 1 27 9 15 8 84 3 73
3 33 7 79 8 99 6 26 12 29 0 10 11 73 14 69 5 49 4 95 2 83 13 1 9 24 10 27 1 87
7 61 9 50 14 85 11 8 13 59 10 55 0 45 3 65 5 83 1 81 8 47 12 88 4 35 2 81 6 10
1 42 10 63 4 79 12 48 9 68 8 51 7 35 3 90 2 2 6 54 14 23 5 87 11 24 13 89 0 32
7 2 9 94 11 97 14 38 2 85 10 29 12 16 4 92 1 25 3 67 6 7 0 6 13 31 5 89 8 48
14 13 8 29 11 46 0 78 5 33 7 53 13 46 9 32 4 84 6 69 1 22 12 90 2 43 10 4 3 47
9 47 10 97 8 48 1 13 13 16 14 86 5 5 12 89 6 36 3 92 4 42 2 3 7 44 11 29 0 82
4 99 0 29 14 52 12 49 10 27 2 33 8 88 9 93 5 71 3 94 6 62 7 77 13 4 11 86 1 1
9 55 1 29 4 78 8 44 7 87 5 40 2 98 6 18 3 45 11 38 14 91 0 7 13 61 12 55 10 25
11 66 6 76 0 71 14 7 2 46 7 72 13 8 8 17 9 73 12 4 10 4 4 85 3 83 1 75 5 2
4 17 3 56 2 55 10 17 14 23 1 21 6 93 7 46 0 2 8 85 5 65 9 5 12 29 11 40 13 48
1 19 13 66 8 30 0 98 14 74 3 43 5 97 4 89 10 22 2 23 6 67 7 39 11 25 9 84 12 37
6 65 0 35 11 98 4 57 10 49 1 69 12 18 3 12 13 3 14 4 7 66 9 15 5 83 2 21 8 4
5 85 13 40 8 71 9 57 11 92 7 40 4 7 12 69 2 44 10 73 14 25 3 77 1 91 0 52 6 75
6 63 12 70 4 36 1 62 2 37 0 95 5 80 11 73 7 66 3 52 9 30 13 3 8 64 14 82 10 54
