50 15
6 45 10 13 8 62 11 6 12 88 4 85 2 84 13 1 9 97 3 97 0 59 5 82 7 76 1 78 14 16
9 94 4 44 8 12 13 59 6 33 1 32 2 43 11 42 7 81 10 88 14 26 3 45 0 67 5 54 12 57
2 6 3 71 9 24 13 70 11 77 5 48 4 44 7 54 0 1 6 89 10 69 12 2 14 80 8 87 1 97
8 86 0 53 13 63 14 98 6 65 11 31 1 59 7 9 5 21 12 30 3 45 9 61 2 98 4 18 10 91
10 32 2 20 11 78 0 5 6 82 13 13 14 99 9 42 3 83 7 22 8 6 12 57 5 72 1 38 4 81
9 58 12 95 2 54 4 21 14 30 8 9 10 80 11 73 6 97 7 81 1 4 0 20 13 69 5 95 3 69
12 13 11 37 13 59 6 25 3 96 9 48 7 19 10 96 5 96 8 46 14 12 1 14 4 58 2 22 0 18
11 5 12 12 3 22 5 61 14 55 7 42 6 8 9 34 10 59 4 92 0 94 2 23 1 36 13 32 8 69
6 90 13 90 8 50 4 56 2 32 12 76 7 39 3 23 14 18 0 75 11 52 10 25 9 37 5 73 1 18
13 77 9 78 10 35 8 29 0 92 7 86 14 70 12 43 11 54 6 21 1 89 3 32 5 81 2 37 4 60
3 43 1 63 10 75 7 12 14 23 9 44 2 87 8 46 13 18 0 16 4 26 6 38 12 25 5 80 11 15
6 58 7 16 1 50 10 96 14 12 9 44 5 45 11 83 12 38 4 93 2 7 3 84 0 33 8 53 13 64
14 26 12 12 0 66 2 54 8 10 1 43 7 31 3 6 4 43 9 39 6 80 11 65 5 35 13 72 10 62
5 65 2 29 10 50 6 16 3 17 1 6 9 98 8 46 13 55 14 77 0 11 7 38 4 19 11 95 12 8
2 24 9 42 4 30 13 33 14 42 1 55 0 53 5 26 7 95 12 68 6 52 8 94 11 38 3 81 10 19
6 86 1 48 0 79 4 8 10 48 11 61 7 77 12 83 3 55 2 73 5 62 14 6 9 40 8 5 13 78
11 80 6 55 7 57 13 5 1 70 0 90 10 48 3 82 9 42 4 6 12 81 8 78 5 71 2 19 14 74
13 7 2 75 1 76 6 86 12 67 9 48 11 46 3 10 14 47 7 20 4 39 5 74 8 68 0 34 10 1
7 4 2 37 1 9 5 44 12 66 14 49 0 85 8 62 10 82 6 92 4 10 9 18 11 60 13 90 3 15
0 76 6 67 3 6 13 54 11 21 1 89 7 37 10 94 9 64 4 70 8 29 14 88 12 84 5 79 2 81
14 50 5 91 12 56 7 42 8 23 0 89 13 98 10 12 2 48 1 5 4 15 3 98 11 29 6 90 9 73
4 67 9 80 5 91 13 63 1 89 7 79 11 59 0 80 12 8 10 24 2 7 8 5 6 77 14 92 3 55
1 18 10 57 11 14 14 38 12 86 8 32 5 88 9 67 0 93 2 26 6 33 13 42 4 58 3 61 7 61
1 71 14 38 4 8 9 64 0 90 13 50 7 76 6 75 10 17 2 56 11 10 5 9 12 26 3 11 8 72
14 93 4 6 1 54 0 94 13 12 10 59 2 50 7 5 5 54 3 88 6 74 9 72 8 68 12 98 11 25
0 43 5 65 3 79 6 95 12 60 7 39 11 34 8 16 2 73 14 15 10 67 1 98 13 44 4 18 9 70
5 76 7 12 6 32 12 79 10 10 3 28 9 77 14 18 11 7 8 20 0 66 13 37 1 2 2 98 4 19
10 23 6 97 7 87 5 57 2 35 8 59 14 2 0 56 4 22 13 16 3 99 1 99 12 8 11 59 9 10
8 58 7 59 0 60 2 22 3 37 10 84 13 28 9 86 4 6 12 44 5 18 11 91 6 18 14 87 1 29
13 1 4 32 0 98 5 35 3 19 11 35 7 57 6 54 2 68 12 2 14 9 8 23 1 26 9 56 10 70
11 26 14 71 7 61 10 50 6 33 13 24 0 92 5 18 4 61 1 46 12 6 8 73 9 52 3 35 2 55
4 40 8 54 6 75 3 82 2 36 14 27 0 70 11 52 1 33 12 84 10 19 7 89 9 56 5 33 13 91
2 41 10 74 14 15 3 78 5 73 12 42 0 16 4 2 11 55 13 89 8 49 9 78 1 2 7 29 6 25
0 98 13 37 6 55 12 86 4 94 10 40 3 14 7 9 2 1 14 35 5 46 9 26 11 89 8 49 1 51
7 60 13 13 14 9 12 94 10 18 4 56 6 4 5 42 9 22 8 7 3 4 0 98 2 59 1 2 11 81
0 7 14 84 2 37 10 67 1 74 11 68 12 67 7 77 3 78 13 18 9 24 8 92 4 99 6 57 5 44
13 2 10 31 9 42 6 19 5 58 7 75 4 4 11 45 1 49 2 13 14 77 12 45 8 66 0 84 3 21
14 95 7 27 8 36 9 71 13 62 12 78 5 67 4 3 2 96 3 32 10 69 1 75 6 51 0 67 11 16
13 63 5 72 9 51 10 49 14 71 2 11 0 85 12 63 6 35 3 93 1 16 4 29 8 36 11 84 7 13
11 38 9 16 13 52 6 61 1 6 2 58 0 19 3 16 5 23 8 60 10 96 4 53 7 48 12 88 14 53
11 55 4 56 3 11 10 36 14 73 1 97 2 5 13 81 7 12 5 35 9 31 6 94 8 54 12 53 0 10
0 49 13 39 8 2 14 83 1 18 3 67 9 18 6 27 11 3 5 30 4 93 2 35 7 22 10 39 12 38
5 1 8 46 4 16 7 80 3 8 13 80 11 94 9 27 2 35 10 92 6 33 0 38 12 31 14 90 1 17
5 31 12 89 4 12 6 13 13 19 3 22 10 36 7 41 0 87 14 40 2 2 11 4 1 41 9 7 8 66
11 34 2 86 9 77 7 18 6 35 12 67 3 57 13 39 1 43 4 44 10 42 14 61 5 22 0 22 8 28
6 25 10 66 8 13 5 93 12 29 3 48 9 47 7 62 4 31 14 53 11 17 0 82 13 93 1 12 2 87
6 98 7 88 2 55 13 3 14 18 5 90 0 58 12 29 8 78 9 35 1 63 10 69 3 40 4 8 11 44
7 46 1 57 0 32 11 40 5 19 4 18 9 85 6 45 13 60 12 26 14 72 10 17 2 52 8 48 3 61
4 57 6 48 12 93 8 34 9 76 2 9 14 20 13 43 7 75 10 54 1 19 11 72 3 37 0 10 5 62
14 56 3 9 5 54 9 17 2 12 11 69 12 91 8 13 10 63 1 54 0 28 4 61 7 63 13 71 6 56
