50 15
1 4 8 61 2 81 7 11 9 38 11 21 14 32 5 51 13 66 10 42 4 91 12 53 6 21 0 81 3 54
1 53 4 55 2 33 13 2 6 77 5 71 11 94 0 93 10 51 9 79 12 45 3 5 7 63 8 19 14 52
2 17 11 77 8 61 6 84 4 78 13 72 5 44 12 51 1 87 14 16 7 56 9 99 3 22 0 98 10 5
11 84 4 31 8 24 1 38 3 62 13 48 10 72 2 28 0 3 14 39 12 59 6 12 9 1 5 31 7 38
0 10 7 59 4 19 12 19 1 4 2 31 11 44 13 81 5 31 3 40 9 95 6 57 8 79 10 53 14 35
14 97 7 11 2 99 4 6 1 48 12 16 3 72 8 95 10 6 0 82 13 86 9 5 5 13 6 78 11 43
9 2 5 65 1 88 11 42 4 6 12 65 8 55 2 76 10 22 14 16 6 32 3 84 0 88 13 48 7 50
2 79 5 22 3 44 6 32 7 97 8 16 14 72 13 67 4 71 1 51 9 17 12 17 10 51 11 24 0 59
13 2 8 60 9 95 11 90 4 81 6 70 3 56 1 67 12 72 14 31 10 36 5 11 0 70 2 87 7 50
4 11 6 16 5 53 11 88 10 13 14 39 9 17 13 28 1 51 8 61 2 75 3 15 12 74 0 39 7 91
7 30 8 26 9 19 0 78 1 14 13 90 12 98 3 8 2 41 11 37 14 75 5 69 4 16 10 5 6 56
10 14 11 97 13 36 6 89 9 62 12 87 3 76 8 94 5 39 1 41 4 24 0 83 14 27 7 8 2 54
2 27 13 58 14 53 8 27 11 14 4 28 5 15 10 25 12 77 7 4 0 70 9 71 1 65 6 83 3 81
12 53 13 3 4 71 0 86 11 69 6 76 8 47 9 93 3 35 2 38 1 19 14 32 5 73 7 68 10 1
4 14 7 33 9 7 11 15 10 53 0 27 14 91 2 80 6 77 5 32 8 91 13 45 12 37 3 85 1 74
12 14 13 41 1 8 10 82 5 90 3 92 4 69 7 97 9 43 8 98 14 27 2 45 6 43 0 95 11 29
5 51 14 46 9 37 11 48 6 45 8 80 7 23 12 53 4 64 1 88 10 77 3 57 0 92 13 68 2 18
3 20 9 75 6 4 8 24 1 37 0 24 4 90 7 73 13 83 11 87 10 31 5 71 14 10 12 48 2 32
7 77 8 83 1 73 14 60 12 20 4 33 11 43 2 77 13 73 9 27 10 69 3 45 0 56 5 91 6 49
7 59 14 31 9 66 4 30 11 40 6 45 0 89 5 67 1 26 2 89 13 17 3 26 12 76 8 30 10 10
1 26 5 39 3 66 13 26 6 40 2 4 10 50 11 20 14 56 4 23 8 74 12 7 9 61 0 4 7 2
3 38 1 44 11 67 5 17 14 87 9 27 12 53 7 38 8 70 0 82 6 85 4 7 2 73 10 91 13 2
9 85 6 99 13 15 1 39 7 22 8 77 3 43 11 99 4 11 10 58 0 46 14 44 2 65 12 16 5 57
4 64 14 57 9 52 11 82 5 16 2 85 8 81 6 72 1 86 10 16 3 70 0 7 12 25 7 62 13 79
10 32 13 53 9 68 11 88 0 15 1 59 3 54 2 42 12 22 14 80 8 16 5 49 7 1 6 9 4 98
0 66 10 78 9 14 4 34 12 44 8 32 7 88 1 35 5 64 2 36 3 79 14 89 6 7 13 66 11 98
3 14 5 10 1 59 14 65 7 73 11 35 12 71 13 63 9 57 4 79 2 67 10 89 0 53 8 16 6 41
7 63 5 29 13 11 10 91 2 69 3 50 14 91 0 35 8 95 11 8 12 35 1 37 9 27 6 24 4 86
10 73 6 71 7 72 2 96 4 76 12 47 1 23 11 58 3 54 9 63 8 66 5 61 13 98 14 50 0 1
6 67 2 66 13 67 4 83 11 79 7 13 5 67 0 89 14 19 3 55 12 85 1 26 9 61 10 82 8 93
12 71 14 59 4 79 1 97 2 59 0 21 10 20 6 11 11 40 7 61 3 67 9 24 13 33 8 71 5 92
0 22 2 31 4 91 1 83 13 40 10 31 5 5 7 32 14 80 12 67 6 23 11 14 8 59 9 18 3 44
10 85 7 22 5 9 9 67 3 30 4 57 11 5 2 35 0 75 1 68 14 35 13 37 8 52 6 32 12 5
10 92 3 5 14 28 0 62 5 20 4 68 2 98 7 8 1 75 8 18 6 58 9 53 11 9 13 9 12 58
11 1 3 47 1 93 4 91 5 23 6 4 10 22 7 50 9 20 2 18 12 5 0 64 13 6 14 62 8 88
3 26 13 71 7 74 14 48 4 98 12 31 9 95 0 62 5 17 8 69 2 14 6 51 1 53 11 18 10 73
14 26 13 74 7 58 1 52 11 66 9 9 0 61 3 23 6 56 8 13 5 81 2 13 10 29 12 22 4 54
9 46 1 10 6 2 2 7 11 71 14 67 8 22 0 98 13 77 12 21 5 23 7 49 3 72 4 37 10 28
9 62 3 19 8 94 13 13 6 54 0 58 4 91 1 80 10 56 12 58 7 62 5 96 2 40 14 2 11 14
2 85 12 44 9 83 1 28 3 8 0 9 4 48 10 46 11 66 5 67 8 79 7 72 6 87 13 50 14 51
8 47 7 31 13 79 10 72 6 96 4 18 5 14 0 68 3 11 14 71 11 45 9 43 1 41 2 90 12 57
10 71 3 43 7 51 4 64 0 97 13 90 2 12 6 37 1 28 8 19 11 71 5 60 14 47 9 87 12 61
6 42 2 43 8 95 11 66 14 77 0 27 9 53 1 42 7 39 12 31 5 2 3 61 4 67 13 46 10 43
3 8 0 6 6 88 8 5 10 79 1 41 12 84 9 22 14 36 13 90 7 17 5 42 4 12 11 24 2 88
11 7 5 20 6 49 14 92 3 97 8 29 10 42 13 66 2 2 1 33 12 88 9 21 0 49 7 50 4 93
5 51 14 82 2 78 12 32 8 36 1 22 6 58 13 73 3 46 10 73 7 93 9 63 11 42 0 61 4 64
3 57 10 16 7 58 11 66 6 96 14 51 2 91 13 31 5 59 4 85 0 52 9 12 12 33 8 83 1 83
4 81 7 65 12 58 10 68 9 3 0 92 5 97 1 70 3 2 2 58 13 43 6 73 14 93 11 65 8 27
7 7 6 57 11 17 12 19 1 67 0 16 2 91 14 74 10 51 8 26 9 96 13 61 4 70 5 19 3 22
13 81 4 65 14 58 6 14 9 84 5 71 7 45 3 40 11 44 2 18 1 81 8 93 12 86 0 14 10 4
