50 15
3 97 14 66 7 23 8 81 1 80 9 32 12 68 0 11 5 47 4 55 13 4 10 76 11 89 6 70 2 57
14 84 5 89 2 81 7 47 4 67 0 67 11 47 12 42 10 97 3 46 6 84 13 40 9 25 1 85 8 57
1 46 12 18 4 10 5 26 6 49 2 64 11 23 14 28 10 10 9 49 13 10 0 32 3 22 8 1 7 70
3 62 14 5 13 92 6 90 8 25 5 16 10 12 4 67 9 8 7 3 2 33 12 7 0 21 11 14 1 88
12 74 1 90 0 36 11 14 5 92 3 22 13 85 7 94 10 99 9 77 8 23 2 32 14 87 6 34 4 48
2 29 10 38 8 47 11 67 5 12 4 47 12 76 0 7 6 92 13 62 7 51 14 37 9 45 1 38 3 69
5 41 14 81 1 40 7 6 3 9 12 85 2 42 10 22 13 6 8 22 6 90 9 15 4 38 11 30 0 71
7 53 8 27 11 79 0 37 5 92 10 31 14 10 4 69 3 39 6 8 13 82 12 38 1 93 2 99 9 88
0 59 12 21 2 29 7 10 10 83 14 12 6 58 1 57 5 30 4 9 8 30 9 26 3 36 11 49 13 67
1 35 6 76 0 10 3 36 12 33 14 65 5 83 13 15 2 82 9 65 8 24 11 48 10 16 7 24 4 50
13 97 6 30 0 61 11 8 10 24 14 42 3 81 9 97 5 37 4 85 12 9 2 29 7 16 1 56 8 37
6 25 1 49 0 18 4 90 8 65 11 32 5 47 3 16 10 57 12 86 13 29 7 50 9 97 14 46 2 11
0 11 2 88 8 78 3 48 13 27 9 91 7 72 11 25 4 21 10 27 12 22 14 95 1 41 6 92 5 20
11 14 6 16 5 43 3 73 12 81 9 59 13 49 14 98 10 23 4 31 2 87 1 47 0 79 7 27 8 48
10 16 11 44 3 91 14 85 9 10 2 14 7 4 1 95 6 81 4 73 0 7 12 5 13 57 5 18 8 52
7 18 0 67 11 39 14 58 2 50 13 78 12 6 10 88 4 41 3 72 5 54 1 97 9 28 8 79 6 41
13 10 12 88 0 24 1 3 2 33 4 11 14 79 9 2 5 72 10 4 8 92 6 1 11 74 7 61 3 21
10 67 6 33 14 80 0 14 8 55 5 64 2 81 4 7 3 16 13 54 9 4 1 36 7 1 11 39 12 75
14 83 3 63 8 48 0 31 9 85 1 28 2 19 7 39 11 55 12 30 13 40 5 76 10 64 4 79 6 24
12 82 5 9 6 97 4 48 2 15 13 43 3 25 8 46 1 55 7 91 14 13 11 30 10 38 9 97 0 3
6 93 13 26 4 52 8 34 3 78 10 11 9 51 7 26 0 21 14 29 5 99 1 54 12 63 2 82 11 45
3 64 2 66 7 44 0 52 11 40 8 22 12 4 13 87 1 81 5 3 6 8 4 93 14 43 9 94 10 9
10 49 5 14 8 78 13 73 9 61 11 69 14 86 0 93 3 33 7 8 2 4 4 2 12 67 1 13 6 29
11 74 14 83 8 50 7 1 10 18 12 93 3 23 2 1 5 5 13 72 4 84 6 34 0 60 9 91 1 73
4 77 6 13 10 35 0 18 7 17 1 26 14 46 12 92 11 89 8 81 2 12 9 2 13 96 5 56 3 79
3 10 4 18 6 85 1 17 5 77 12 84 14 56 10 18 2 73 11 61 7 1 13 44 0 24 9 68 8 52
11 80 0 59 12 7 4 98 9 35 8 79 1 40 5 20 2 7 7 74 10 93 3 39 14 42 13 72 6 7
5 16 8 33 1 31 7 33 9 32 2 71 11 15 12 64 13 89 4 33 10 95 3 93 14 90 6 97 0 42
1 59 5 16 2 17 10 33 7 26 13 13 8 33 3 83 11 81 6 74 0 25 14 84 4 15 9 92 12 85
13 38 10 33 0 39 14 7 12 75 1 29 9 70 5 18 6 4 11 43 4 66 3 11 2 7 7 62 8 70
2 89 7 80 12 5 4 96 1 6 9 35 3 70 6 33 10 83 13 1 0 62 8 40 5 90 11 2 14 51
4 29 5 20 11 78 6 90 12 85 1 2 13 96 8 51 2 93 7 7 0 65 3 30 14 14 10 80 9 32
1 65 7 18 12 91 0 63 9 83 2 59 10 44 6 91 11 49 13 48 8 8 14 28 3 11 5 12 4 8
13 62 6 35 14 74 2 98 7 67 3 13 11 74 5 44 12 61 9 65 10 71 0 22 8 30 4 81 1 99
4 84 7 69 2 25 13 51 5 94 11 81 6 99 3 39 14 57 9 93 10 12 1 35 8 34 12 47 0 70
8 56 7 3 0 9 10 75 5 41 12 29 6 62 13 77 14 5 11 32 2 45 4 80 3 71 9 62 1 54
3 92 7 51 13 43 5 87 12 49 1 31 9 12 0 35 10 12 14 56 4 59 11 8 8 43 2 44 6 37
11 65 7 48 5 61 12 20 2 54 1 29 10 18 14 56 0 92 9 88 13 90 8 3 6 24 3 51 4 1
11 68 1 55 8 45 7 11 4 8 0 54 2 56 12 49 10 40 14 22 13 82 6 2 9 50 5 78 3 92
3 23 10 36 8 57 13 3 2 86 12 7 5 75 14 91 0 28 7 47 1 82 11 14 9 93 4 63 6 58
13 20 14 94 7 76 11 27 9 86 8 41 2 50 6 19 5 61 10 68 3 63 1 87 0 26 12 89 4 31
3 82 2 6 7 47 8 82 0 81 9 64 6 46 11 88 5 25 12 71 1 10 13 23 10 30 14 67 4 46
1 26 9 27 2 73 3 40 6 65 0 12 14 32 11 81 13 80 4 93 8 32 10 6 5 83 12 58 7 66
14 74 0 17 8 1 7 55 9 29 13 71 10 36 6 84 2 54 3 44 1 41 4 99 12 80 11 97 5 54
3 38 0 25 7 33 2 71 12 82 5 62 10 80 13 9 1 38 14 16 8 38 11 59 6 83 9 54 4 47
1 61 13 80 2 15 0 58 14 39 3 9 8 19 6 64 11 82 12 11 4 16 9 4 7 44 5 50 10 49
7 34 5 3 9 81 13 32 4 64 10 39 0 70 6 39 3 89 14 93 12 6 2 36 8 81 1 17 11 98
2 12 5 95 14 29 7 40 4 63 9 19 10 83 13 94 11 48 8 14 12 12 1 35 3 82 6 3 0 50
0 36 4 77 11 44 12 19 9 18 8 80 2 49 10 25 1 63 6 28 13 35 7 12 14 52 5 62 3 19
5 5 12 24 4 17 13 32 3 44 8 38 7 39 6 19 10 70 2 52 0 21 14 89 11 38 1 97 9 6
