50 15
3 81 4 19 14 50 10 6 6 17 0 33 7 71 12 28 9 81 13 31 2 12 1 1 11 60 5 4 8 25
13 18 4 77 7 47 3 16 6 47 12 96 14 95 8 73 10 54 5 3 2 15 1 68 9 70 0 6 11 27
3 54 8 99 7 14 1 70 4 59 14 39 10 74 2 66 13 37 5 81 9 97 12 26 6 80 0 55 11 51
11 83 2 16 0 9 4 26 6 11 13 54 9 3 10 45 7 32 8 96 1 34 5 36 3 99 12 72 14 22
10 9 0 24 7 49 2 42 4 60 5 79 1 6 9 19 14 12 13 85 11 17 12 72 6 12 8 38 3 19
8 38 12 77 4 15 5 24 9 53 0 29 1 77 10 56 6 83 13 52 3 67 14 61 11 66 7 60 2 61
0 21 11 61 5 57 8 51 1 77 6 91 13 53 3 95 2 25 10 36 4 18 14 61 7 18 12 60 9 33
14 90 10 85 3 99 6 30 13 48 8 97 9 82 12 17 0 31 5 76 2 3 4 14 11 20 7 24 1 52
11 53 9 30 4 92 8 19 3 18 1 8 10 16 5 44 14 27 7 72 6 14 0 71 2 34 12 75 13 14
7 81 14 96 6 76 13 89 3 52 1 41 4 84 9 16 2 98 0 12 8 17 10 1 5 36 12 23 11 41
8 32 0 48 7 13 12 46 2 68 4 43 10 12 1 73 3 55 9 24 11 12 14 3 5 5 6 44 13 9
11 33 7 60 8 93 9 14 1 18 3 2 6 56 5 27 2 65 0 96 12 52 4 12 13 13 14 74 10 91
1 96 12 52 0 51 2 67 4 73 11 65 9 61 6 92 7 48 5 77 14 6 8 57 3 38 10 64 13 90
6 16 5 5 10 20 2 9 11 77 13 40 3 31 12 73 1 9 0 98 8 14 9 54 4 26 7 22 14 80
7 23 13 31 12 87 4 26 8 27 3 15 0 44 11 66 2 28 14 28 5 54 6 8 9 39 1 78 10 76
14 74 10 92 12 5 13 86 8 53 11 29 3 92 6 56 5 47 2 79 9 75 4 48 7 42 1 91 0 3
3 54 9 12 4 50 11 24 7 55 0 36 6 57 1 41 14 67 13 39 5 51 8 90 12 71 2 18 10 82
0 84 2 7 14 27 4 68 8 33 10 55 11 21 1 23 6 91 7 81 5 83 3 79 9 61 12 93 13 35
3 49 6 35 9 5 0 92 10 89 7 57 2 88 11 44 14 79 5 44 8 12 1 9 13 73 12 93 4 16
12 43 9 44 13 62 6 2 8 15 4 53 3 14 5 19 7 52 14 45 10 68 0 5 2 21 11 52 1 55
1 92 11 16 13 38 5 27 4 83 0 28 7 18 14 23 6 37 12 58 10 76 2 35 8 48 9 8 3 66
9 86 3 63 14 16 11 44 10 96 2 5 12 85 6 90 7 80 13 64 1 6 0 43 4 87 8 23 5 62
0 80 2 66 14 23 10 20 13 88 1 8 11 94 3 73 7 18 4 19 5 7 8 83 12 8 9 72 6 15
8 90 6 80 5 78 2 83 4 22 9 76 0 26 11 34 7 10 13 23 12 72 10 8 3 94 14 82 1 84
8 91 2 5 13 65 10 55 6 81 1 55 4 28 0 41 3 56 5 72 7 30 12 96 9 36 14 57 11 91
8 84 13 15 10 48 0 84 5 8 1 26 12 74 6 23 7 10 4 7 14 5 9 15 11 89 2 45 3 14
5 98 7 61 13 18 2 82 14 20 3 10 1 95 8 53 10 95 11 3 4 1 6 64 0 99 9 49 12 52
2 35 4 6 5 50 14 25 0 75 3 94 13 29 6 83 10 52 8 53 11 68 12 81 9 58 7 12 1 70
13 52 4 64 14 37 6 9 12 78 3 37 7 95 9 66 1 75 10 45 0 34 8 87 5 93 2 45 11 85
3 87 1 42 11 89 14 9 7 66 0 54 4 43 6 20 8 54 5 29 9 33 12 48 13 87 10 84 2 44
9 65 12 62 13 48 6 51 7 95 11 58 4 69 14 49 1 29 0 48 2 40 5 44 8 35 3 11 10 35
0 17 9 21 8 96 11 4 4 6 13 68 2 33 14 19 1 67 3 31 6 69 7 75 10 12 12 30 5 99
9 14 0 47 10 5 4 92 8 13 13 46 12 39 2 11 3 13 5 67 6 56 11 77 7 16 1 31 14 90
0 5 2 88 10 43 5 65 6 9 14 37 3 28 7 72 9 13 4 36 13 5 1 17 8 93 12 20 11 19
13 53 7 3 1 20 5 8 4 46 0 46 9 65 2 90 8 60 14 13 10 21 3 41 6 37 11 94 12 32
13 81 1 61 7 30 14 94 11 68 4 44 3 76 10 35 5 1 0 87 8 75 2 76 9 67 6 27 12 72
6 84 5 9 12 10 13 12 3 93 1 64 2 78 8 93 14 15 7 51 11 42 4 9 9 56 10 15 0 3
12 66 4 70 1 11 5 92 2 56 13 46 6 70 7 75 10 13 9 22 14 3 11 6 8 2 3 21 0 71
9 28 7 95 8 59 1 64 14 86 13 14 11 78 10 37 0 88 12 38 5 78 4 30 6 35 2 83 3 97
13 19 9 38 1 76 11 43 3 13 8 24 4 44 5 46 10 65 2 14 7 14 14 81 6 90 12 48 0 42
2 22 0 53 10 17 3 51 7 91 1 96 5 15 14 9 9 13 6 6 8 47 4 37 13 11 12 21 11 35
5 14 7 89 4 24 13 69 2 84 6 4 14 1 12 13 8 85 0 51 3 59 10 52 9 84 11 11 1 42
14 81 13 59 6 50 7 35 2 46 4 58 9 55 0 86 11 1 5 29 12 59 8 39 10 56 3 6 1 46
4 94 13 82 5 33 1 24 0 3 6 95 10 6 3 71 14 71 7 92 8 95 11 76 12 72 9 11 2 12
3 97 11 66 12 52 1 27 10 11 0 44 5 34 4 15 13 76 2 96 8 13 6 71 9 16 14 94 7 17
2 22 13 20 11 75 1 6 8 19 3 22 7 95 14 49 10 61 0 38 12 61 6 39 5 36 4 41 9 77
7 34 6 58 2 24 13 42 1 82 10 25 0 63 4 23 5 30 14 61 11 63 9 24 12 51 8 7 3 92
12 8 4 33 0 22 7 21 2 29 11 54 8 30 1 46 13 42 3 96 10 84 9 15 6 25 14 48 5 91
7 90 4 81 11 28 14 88 1 15 13 40 12 97 10 61 6 3 9 44 3 60 8 2 5 99 0 57 2 10
10 89 7 57 11 30 4 67 6 38 13 7 14 94 1 23 2 56 3 50 0 73 9 27 8 61 5 39 12 51
