50 15
6 49 10 56 11 86 4 69 12 31 0 5 2 34 9 96 5 24 13 56 8 67 7 50 1 66 3 78 14 4
9 84 5 91 6 24 10 95 0 91 7 88 4 5 11 35 14 57 12 71 8 48 2 90 13 92 3 59 1 42
4 14 13 68 9 3 1 71 7 92 11 20 0 34 2 99 6 25 3 14 10 28 12 70 5 58 8 72 14 76
5 74 1 69 9 80 0 11 4 51 3 68 6 49 7 56 13 75 10 18 12 3 2 12 14 66 11 93 8 86
1 77 6 57 14 26 10 75 2 84 8 80 5 7 0 88 9 38 13 40 11 17 7 64 3 50 12 75 4 84
1 81 14 74 7 13 10 82 12 10 3 64 6 60 9 59 11 27 13 63 0 5 8 68 4 14 2 93 5 72
14 88 2 68 13 60 11 87 0 65 12 28 5 11 8 48 7 50 6 58 10 65 4 50 3 19 9 24 1 32
12 84 2 90 13 37 14 95 10 39 0 11 8 89 4 13 7 2 3 67 1 17 6 83 11 76 5 73 9 65
11 83 7 89 5 43 14 39 13 32 9 2 0 19 2 4 3 54 10 67 1 70 8 64 4 99 12 72 6 27
2 95 9 25 1 62 12 8 13 40 6 31 8 78 0 76 10 59 3 83 14 54 11 9 4 68 7 81 5 38
11 62 6 73 14 54 13 46 3 35 0 60 1 97 10 2 4 40 5 21 2 49 8 8 7 49 9 80 12 94
14 47 3 50 6 63 7 5 10 29 9 82 0 61 2 73 4 85 5 95 13 57 1 85 8 39 12 2 11 10
4 17 7 53 5 52 9 41 0 53 10 90 1 82 3 13 8 42 6 83 11 98 2 43 14 30 13 6 12 72
7 18 4 40 1 63 3 23 13 58 6 86 9 45 2 21 12 83 10 8 5 60 14 5 0 41 8 56 11 36
10 40 0 30 13 69 6 79 12 13 14 24 2 48 4 31 7 21 3 65 5 45 8 42 1 54 11 8 9 66
8 53 14 87 2 49 5 11 4 80 10 97 11 84 6 7 9 96 3 55 1 36 7 92 0 99 13 66 12 80
1 6 5 31 3 59 14 90 11 23 8 66 12 58 9 32 10 13 13 8 4 73 7 58 6 44 2 47 0 5
0 66 14 76 4 42 13 85 5 20 11 55 10 30 8 48 1 88 7 43 2 85 3 60 12 1 9 18 6 95
12 66 11 68 14 58 0 42 3 74 7 87 13 45 6 19 4 56 2 75 8 62 10 41 9 92 5 76 1 38
0 3 13 84 5 56 14 48 3 59 8 58 7 31 1 58 2 17 12 30 9 21 11 9 10 18 6 82 4 44
2 77 6 28 14 57 11 29 5 22 9 78 7 95 10 83 8 3 1 1 4 35 13 78 12 66 3 69 0 68
7 50 1 13 6 32 8 46 9 68 2 51 4 42 3 18 12 66 5 78 0 93 11 82 14 20 10 50 13 7
11 24 13 41 8 45 5 4 7 59 12 63 1 21 2 65 4 72 6 82 9 47 3 20 0 64 14 43 10 77
0 93 12 93 6 27 9 20 7 11 2 63 10 79 3 68 14 7 5 6 8 33 11 34 1 8 13 97 4 28
0 25 7 10 8 67 4 93 5 66 3 88 9 43 14 44 12 54 1 86 11 99 10 5 6 89 2 59 13 12
14 51 1 61 10 1 9 11 13 39 5 76 0 26 7 16 6 54 12 90 8 80 2 36 4 50 3 59 11 64
9 39 14 22 6 86 13 3 0 23 1 52 5 42 11 25 2 75 4 20 3 44 10 24 8 20 7 70 12 16
2 7 13 43 3 92 10 48 6 78 7 42 9 58 0 50 4 37 14 17 1 92 11 67 5 85 12 68 8 2
3 11 13 45 11 15 1 39 2 64 14 15 8 61 10 47 0 46 9 49 6 10 5 3 12 91 7 50 4 63
14 62 13 23 2 24 11 22 1 9 12 91 4 22 7 70 3 10 0 23 8 58 9 71 10 13 6 31 5 68
1 14 8 97 6 16 9 81 5 9 0 93 4 51 2 95 14 78 13 66 7 83 11 87 3 46 10 38 12 97
13 83 5 54 8 73 3 29 11 42 1 75 10 43 6 33 7 16 2 57 14 23 12 25 4 74 0 28 9 35
10 19 0 46 11 75 6 20 1 71 3 90 7 70 9 16 2 62 5 44 8 35 13 33 12 59 4 16 14 69
2 91 4 60 6 65 8 75 10 64 5 83 12 73 14 72 13 66 7 12 1 64 11 83 3 1 0 30 9 22
13 1 3 95 10 44 9 77 2 62 5 90 8 65 6 28 4 80 11 40 12 46 0 29 14 71 7 16 1 60
1 85 10 53 4 89 13 7 3 25 8 95 12 46 14 44 9 70 6 54 2 38 11 96 5 11 0 27 7 63
8 12 13 23 9 37 10 59 7 43 4 84 2 76 6 39 3 10 1 92 14 53 12 33 11 64 5 38 0 79
4 77 10 5 8 25 11 62 13 55 0 18 7 92 14 35 1 53 2 66 12 41 6 89 3 5 9 88 5 92
4 10 14 67 5 37 13 26 8 16 10 76 12 21 6 53 0 47 11 34 7 74 9 98 1 48 2 55 3 14
3 41 6 22 10 35 5 55 1 42 0 24 12 39 14 40 2 3 4 40 8 79 11 7 13 31 7 62 9 54
1 32 4 47 14 2 0 99 10 49 11 89 12 89 8 5 7 4 3 48 6 64 13 12 5 61 2 19 9 9
2 58 1 83 7 33 4 78 5 96 6 5 10 52 0 21 8 83 9 64 11 73 13 44 3 52 14 23 12 81
6 19 2 2 7 39 5 41 10 39 4 58 12 46 0 8 3 18 1 66 8 89 9 58 11 31 13 98 14 78
13 86 12 24 3 1 8 32 11 49 2 90 7 45 1 33 4 47 6 24 14 1 0 36 5 82 10 60 9 56
8 26 13 11 12 25 10 36 11 65 0 91 3 4 1 54 5 80 2 26 4 1 9 26 7 97 6 22 14 82
4 50 8 52 7 47 14 13 0 21 10 53 2 86 9 49 1 88 5 27 11 95 6 67 12 14 3 80 13 68
6 20 14 30 9 46 8 91 0 85 4 32 12 2 3 28 5 96 13 76 2 83 7 18 1 67 10 4 11 46
8 93 10 5 1 89 5 13 11 57 12 94 13 6 6 66 4 33 2 69 14 76 0 93 7 66 9 82 3 52
6 41 11 84 0 17 4 33 14 89 5 33 10 28 13 60 8 61 2 88 1 9 7 36 3 34 12 23 9 53
11 61 7 23 1 7 2 10 12 31 0 74 8 95 5 46 6 3 14 30 13 97 3 26 9 81 10 12 4 8
