50 15
6 14 2 83 4 41 1 88 9 34 11 79 14 15 12 95 8 28 10 20 7 34 5 41 13 38 0 75 3 95
13 90 6 72 8 75 14 28 11 87 4 54 1 33 9 17 2 17 10 89 7 74 3 30 5 37 12 68 0 30
10 64 3 38 12 41 9 95 1 11 7 53 0 77 11 65 2 47 8 47 4 99 14 32 6 94 13 54 5 20
11 28 14 1 12 56 0 65 10 97 9 74 6 61 8 85 13 52 1 57 2 55 7 37 4 50 5 31 3 36
10 75 3 96 11 24 7 97 2 18 14 58 6 94 4 64 1 21 8 98 9 54 0 28 13 81 12 7 5 7
4 69 7 96 0 92 11 12 2 13 14 69 13 6 3 62 10 36 5 24 8 91 12 10 9 16 1 2 6 36
11 95 3 83 8 15 7 59 5 71 6 27 10 29 4 37 9 74 14 84 0 57 12 61 2 58 13 41 1 14
8 80 0 68 1 98 6 15 5 75 14 39 12 25 4 3 10 92 3 25 11 34 7 5 2 96 9 33 13 38
2 60 0 55 11 89 10 76 5 98 8 92 7 29 3 60 6 28 9 19 1 38 4 32 13 91 12 33 14 30
10 74 3 94 8 85 9 29 11 9 14 74 5 69 1 89 4 55 13 81 7 60 6 73 0 37 12 82 2 73
13 61 1 35 2 36 3 38 9 99 10 28 5 50 0 89 14 30 4 89 6 83 11 50 7 9 12 57 8 96
0 40 6 70 7 68 4 34 3 53 1 12 9 72 13 76 5 63 12 88 2 20 14 87 11 86 8 22 10 97
9 44 4 84 10 95 2 8 3 81 1 97 5 41 12 12 8 15 7 69 6 33 0 91 13 52 14 94 11 55
13 64 3 50 12 70 11 44 10 61 8 88 0 93 2 51 1 42 7 37 6 52 9 56 4 3 5 19 14 96
4 61 0 42 11 90 10 82 8 2 3 66 1 90 9 20 7 87 2 14 14 37 6 31 12 24 13 65 5 77
14 20 10 60 11 90 1 6 2 65 4 93 13 1 7 23 6 52 5 62 3 79 9 33 8 57 0 79 12 75
2 23 1 68 3 97 6 98 14 23 13 28 0 72 5 74 11 27 9 66 12 68 4 39 10 7 8 9 7 37
13 15 2 77 6 69 1 26 11 79 4 29 14 85 7 51 3 3 10 21 9 92 5 78 12 92 8 97 0 36
5 14 3 77 14 99 10 42 13 53 4 29 11 34 6 74 9 42 8 41 0 73 7 5 1 34 12 91 2 77
6 3 3 1 0 49 12 31 5 42 10 79 11 13 9 15 1 2 13 90 2 48 7 16 8 79 4 61 14 79
5 68 7 12 6 85 4 1 11 21 3 10 8 96 0 13 13 34 2 94 14 65 1 3 10 57 12 60 9 6
2 94 5 29 7 18 13 75 0 76 12 32 14 40 8 16 10 67 9 66 4 30 6 29 11 14 3 66 1 16
7 12 2 91 9 68 13 21 12 26 3 91 5 70 1 83 10 89 0 21 11 38 6 17 8 35 4 70 14 74
6 83 14 14 2 56 11 69 10 34 7 78 1 91 5 60 3 95 9 18 13 88 0 79 12 42 4 93 8 49
14 56 13 40 0 8 11 82 10 2 8 49 4 99 3 90 6 35 9 17 12 57 2 14 7 1 5 48 1 92
10 95 3 53 1 13 0 62 4 16 2 41 6 1 11 5 5 70 14 29 13 65 9 46 8 33 7 75 12 40
9 21 11 31 10 38 2 5 3 9 7 78 4 2 12 30 14 42 6 35 8 33 1 44 13 95 5 9 0 48
11 27 9 51 2 27 6 70 7 94 5 31 8 11 13 2 10 74 0 36 1 7 14 68 12 72 3 58 4 29
4 56 9 56 7 84 0 11 5 82 12 6 11 22 2 28 8 52 10 35 1 40 14 70 6 59 13 21 3 1
14 83 10 3 9 30 12 35 1 46 3 5 2 67 7 61 8 84 6 17 13 97 0 13 5 46 4 80 11 51
10 76 14 6 12 38 6 95 3 33 13 27 11 52 7 57 4 42 1 31 5 24 8 10 9 26 2 80 0 66
2 75 5 94 11 57 0 65 14 9 13 60 4 76 8 78 10 7 7 10 1 90 9 61 3 59 6 32 12 96
7 97 0 91 4 49 8 28 12 78 11 66 6 80 10 67 9 89 14 75 5 45 1 43 2 90 3 67 13 23
8 39 0 27 7 65 2 59 11 59 14 47 1 32 4 29 10 77 5 4 3 86 9 72 12 84 6 24 13 2
13 32 12 41 0 10 7 54 10 22 11 17 5 17 6 70 4 72 14 41 2 36 1 30 8 13 3 90 9 19
4 26 2 85 13 57 14 60 6 52 1 41 8 97 12 87 7 99 5 46 3 44 10 3 9 9 0 48 11 28
7 15 11 77 3 68 6 17 5 7 1 16 12 38 4 18 9 4 2 89 0 2 8 79 10 55 14 74 13 80
9 97 3 67 4 4 8 92 5 80 10 69 6 93 14 65 11 20 12 91 2 72 7 74 1 23 0 77 13 40
5 70 7 11 12 55 6 97 3 20 14 96 10 48 0 80 1 75 11 16 2 52 13 12 9 42 8 92 4 63
4 52 6 45 10 90 9 49 1 75 3 33 14 76 5 90 11 10 2 13 12 69 8 56 13 61 0 65 7 1
13 49 12 15 0 69 7 75 11 37 1 83 5 54 6 68 3 17 10 62 2 77 8 5 14 11 9 6 4 35
9 26 3 13 10 25 4 35 6 9 0 81 13 15 12 22 8 11 5 84 2 54 14 74 1 32 7 15 11 41
1 70 12 41 0 47 10 18 14 49 8 66 5 38 3 98 7 65 4 51 6 41 2 86 13 74 11 72 9 86
0 41 12 67 7 16 1 93 14 45 10 88 4 69 3 21 9 34 8 92 6 37 11 10 5 60 13 17 2 69
5 20 14 17 12 35 8 75 13 58 2 53 1 43 11 65 9 29 4 56 7 64 0 88 3 22 6 56 10 99
5 11 1 77 12 60 8 73 0 47 4 92 9 63 7 33 3 62 11 79 2 66 10 19 6 69 14 79 13 69
0 43 2 62 10 73 14 37 12 40 4 54 5 37 1 13 13 70 9 30 7 64 3 20 6 22 8 19 11 51
4 98 2 17 11 45 10 46 1 46 12 82 5 11 3 25 9 26 6 2 8 93 7 27 13 33 0 28 14 39
4 28 2 32 0 92 9 60 6 93 10 7 1 36 12 31 3 50 5 78 13 37 7 19 8 18 14 56 11 74
14 8 2 59 12 33 1 14 0 61 7 90 9 62 4 1 8 76 5 88 10 24 13 66 6 8 3 94 11 78
