50 15
9 28 2 24 8 39 6 2 14 44 4 35 11 62 0 17 1 33 3 5 5 60 13 24 10 50 12 31 7 59
1 23 7 44 6 22 9 13 0 81 4 21 2 18 12 75 13 64 10 50 11 59 8 66 14 68 5 69 3 31
10 91 2 93 12 42 11 54 8 14 13 29 5 70 1 55 6 12 4 17 0 58 7 23 9 29 3 74 14 70
9 62 1 63 4 94 8 15 11 38 13 37 5 31 2 29 7 7 3 87 14 79 12 86 10 16 6 9 0 36
8 32 13 26 2 95 7 48 6 88 3 7 12 97 14 54 4 70 1 47 11 80 0 96 10 8 5 61 9 8
14 9 3 29 13 28 9 98 8 58 11 58 10 18 1 75 4 4 6 68 0 36 2 81 12 82 7 88 5 19
1 91 7 62 4 55 8 6 11 83 3 82 2 2 10 57 6 90 13 98 12 43 9 92 0 81 5 27 14 57
5 43 7 60 0 47 10 63 2 89 9 9 4 54 6 33 8 37 14 87 11 19 13 95 3 58 12 84 1 60
7 54 3 74 10 36 14 43 1 24 6 78 13 16 11 99 0 75 8 12 4 26 2 90 9 34 12 40 5 64
13 20 8 20 12 96 0 15 9 40 1 54 11 52 7 83 10 67 4 30 5 84 2 69 3 11 6 68 14 59
9 36 11 52 6 42 4 26 10 2 14 58 13 40 2 32 8 70 12 82 7 15 1 12 0 99 5 35 3 37
12 7 0 96 14 3 6 58 10 63 1 34 2 80 8 66 11 71 4 81 7 49 3 45 13 7 9 13 5 71
1 1 2 53 7 33 11 40 10 82 8 41 14 85 0 63 4 22 12 26 5 40 3 77 9 19 13 34 6 22
6 71 9 21 11 53 5 88 12 75 13 37 10 6 2 91 8 58 0 37 14 21 1 35 7 86 4 68 3 24
2 88 9 88 11 81 6 26 7 49 3 39 8 1 10 22 4 16 12 70 13 36 0 98 5 97 1 4 14 8
14 17 10 97 2 15 5 18 12 96 7 23 0 62 9 3 13 31 4 6 6 18 1 96 11 54 3 87 8 92
13 6 9 17 7 34 14 16 1 25 3 48 8 76 4 52 2 40 11 59 10 69 5 68 6 46 12 54 0 71
10 63 1 62 6 21 3 38 4 65 2 41 14 77 0 95 8 88 11 39 13 83 7 60 5 38 9 32 12 40
10 89 5 85 8 74 12 38 13 10 9 34 7 48 11 61 2 66 4 17 0 24 14 68 6 23 1 11 3 68
9 23 10 58 1 82 0 38 2 49 13 36 4 86 11 47 6 17 12 66 7 82 5 46 8 6 14 18 3 85
0 20 6 81 4 86 9 76 10 45 8 61 2 34 7 45 14 13 12 29 3 79 1 74 11 21 13 91 5 3
11 81 14 86 7 26 0 88 8 88 9 22 3 59 4 90 13 18 6 2 1 87 5 87 2 96 10 99 12 16
11 19 12 73 9 63 7 26 8 92 4 47 5 88 3 21 2 24 10 92 0 24 14 50 13 50 6 38 1 51
14 21 8 29 6 55 7 22 4 22 5 23 12 24 9 22 13 71 11 88 1 92 2 31 0 69 3 12 10 55
1 81 12 52 14 42 3 53 13 98 0 9 7 23 8 33 11 13 10 37 9 10 5 49 4 60 2 47 6 11
6 88 10 27 7 25 0 94 4 68 13 53 5 72 9 11 2 65 14 86 3 91 8 31 11 99 1 19 12 15
7 29 2 22 4 47 5 69 8 95 13 13 12 12 0 23 10 76 9 22 11 59 1 75 3 87 14 94 6 1
13 54 1 73 10 54 2 63 5 63 6 61 8 79 7 76 0 66 11 27 3 81 14 74 12 57 9 22 4 42
13 70 8 82 11 74 6 24 7 8 1 59 3 77 10 49 9 5 14 80 2 24 12 52 0 43 5 16 4 58
10 39 2 28 7 65 11 58 9 50 4 42 5 68 12 73 6 52 8 46 0 13 3 47 14 74 13 50 1 45
8 62 12 74 7 26 6 51 0 1 2 27 3 92 13 34 4 66 1 20 10 66 11 68 9 40 14 15 5 45
1 84 2 59 14 48 0 38 11 58 12 60 9 3 3 20 4 62 6 37 7 85 10 87 8 10 13 20 5 33
2 91 14 21 7 79 9 81 6 12 4 99 13 16 5 74 0 90 3 79 1 97 11 50 12 49 8 37 10 97
8 47 12 21 11 51 0 66 2 75 7 7 10 80 5 97 14 70 3 11 9 94 1 48 4 50 6 67 13 38
4 28 8 73 9 71 11 6 1 26 10 46 13 21 12 35 6 21 3 16 14 29 5 61 2 43 0 79 7 91
9 81 8 34 3 35 10 71 14 91 7 19 5 12 4 12 13 7 6 54 2 8 12 18 0 50 11 47 1 95
8 50 3 59 13 37 2 70 5 57 0 12 7 56 14 71 11 87 12 13 1 38 4 64 10 89 6 31 9 48
0 94 2 27 9 12 5 93 11 14 12 3 8 37 1 37 7 94 13 38 4 59 6 30 10 96 14 20 3 61
9 84 6 82 4 45 1 88 14 31 3 56 8 75 13 80 2 70 7 99 12 63 5 21 11 38 0 27 10 59
0 17 5 98 7 58 1 67 14 99 2 58 13 95 10 1 3 21 9 35 4 93 12 43 6 38 8 27 11 28
5 15 1 96 6 2 13 19 3 94 0 37 2 50 11 27 14 12 7 32 10 57 9 78 4 21 8 39 12 46
13 69 8 45 12 50 0 10 10 95 5 84 7 12 9 68 14 3 1 58 4 66 6 73 2 76 11 21 3 84
9 70 14 71 2 4 4 5 6 36 3 82 10 27 12 63 13 46 0 11 5 77 11 82 8 17 7 73 1 19
0 90 8 40 4 33 9 59 3 18 5 24 1 28 12 37 2 46 7 40 6 95 14 93 13 24 10 42 11 97
11 18 10 40 2 32 1 54 6 64 3 72 5 48 4 70 8 65 7 69 14 71 0 28 12 79 9 95 13 16
12 8 3 48 9 16 11 7 4 70 13 54 8 53 0 31 2 8 5 5 6 76 7 12 1 69 10 14 14 49
5 85 0 85 8 37 7 29 13 23 2 88 10 8 9 63 11 89 3 63 6 78 12 91 4 71 14 83 1 40
8 86 4 24 9 69 12 2 6 94 13 56 2 61 3 11 5 51 11 22 10 81 14 73 1 87 7 51 0 94
5 19 7 9 12 28 11 46 2 55 14 5 9 27 13 2 8 46 6 84 3 32 0 41 4 83 1 42 10 85
9 25 0 76 2 81 13 45 5 82 8 4 6 77 11 33 10 13 12 32 7 55 1 87 14 23 4 33 3 1
