50 15
1 56 5 85 2 73 8 22 13 20 4 23 11 27 9 79 0 33 12 25 7 51 10 78 3 46 6 1 14 49
0 64 10 70 12 35 13 2 8 68 9 40 6 61 1 81 11 51 14 62 5 64 3 80 2 63 4 10 7 34
10 56 2 32 0 96 14 16 9 7 11 27 12 81 7 68 5 67 3 56 8 15 6 54 4 10 1 80 13 69
10 39 0 15 6 82 8 90 2 53 7 10 14 73 4 73 9 31 12 2 1 29 5 26 13 55 3 28 11 46
11 51 1 20 0 72 9 2 8 77 12 99 7 55 4 95 13 98 14 62 2 32 3 21 5 36 10 59 6 53
13 96 14 87 10 46 7 60 12 74 1 13 2 94 9 91 8 26 0 93 5 99 4 92 3 35 11 68 6 62
14 87 2 87 7 40 8 3 13 46 12 75 10 5 0 29 4 15 5 74 11 59 9 45 6 76 1 76 3 63
9 35 3 50 5 55 8 61 12 3 10 36 7 61 6 83 1 42 2 69 4 59 0 32 14 20 13 48 11 99
11 46 5 24 4 6 6 19 8 29 12 9 3 36 13 2 0 9 1 60 10 12 14 98 9 28 2 66 7 22
0 40 5 9 7 77 13 87 3 9 6 57 1 85 12 62 14 11 2 60 10 23 11 3 9 92 8 25 4 66
3 18 1 23 12 73 6 52 0 78 4 80 8 66 9 79 11 25 7 73 14 50 2 38 5 2 10 11 13 99
5 94 6 39 13 9 9 26 10 83 3 87 1 48 14 8 8 11 2 56 12 86 4 47 0 92 11 40 7 13
14 54 6 62 7 98 0 66 4 52 2 50 5 45 11 92 8 19 13 28 3 91 10 62 9 49 1 84 12 58
11 6 0 3 3 19 6 79 2 30 5 81 9 65 10 35 12 42 13 68 7 81 8 1 1 87 4 36 14 58
10 84 2 90 13 79 9 31 12 91 4 8 6 19 7 99 5 99 8 96 14 82 1 59 11 13 0 25 3 76
8 14 6 74 11 88 5 54 14 26 9 56 3 80 12 71 7 88 4 92 2 40 13 64 1 73 10 24 0 44
8 12 2 68 3 6 7 86 11 72 6 24 1 34 4 82 13 76 9 71 0 58 12 30 14 52 5 75 10 93
8 76 0 96 2 20 13 22 3 1 7 23 1 42 4 92 14 37 11 18 12 22 10 41 9 85 5 58 6 77
10 62 4 39 9 36 1 95 6 46 0 7 12 64 8 1 7 78 11 12 5 22 13 18 2 18 3 68 14 94
4 70 8 32 3 44 0 4 13 38 5 50 10 37 6 3 14 29 12 72 1 98 11 68 7 90 2 41 9 48
10 66 8 10 9 51 2 84 1 15 4 8 5 27 7 81 6 20 14 52 0 87 13 98 3 10 11 67 12 15
5 40 7 72 3 82 6 47 0 2 10 90 8 27 12 85 13 80 4 22 1 96 14 44 9 17 11 31 2 15
6 97 4 13 3 61 8 18 2 29 14 61 13 77 0 97 5 45 10 77 1 75 11 10 9 20 7 49 12 48
8 27 4 42 0 82 7 17 13 84 5 42 10 59 6 59 11 10 9 69 12 47 2 10 1 56 3 7 14 97
14 80 6 22 8 83 12 16 9 11 0 74 3 86 2 82 11 81 13 6 1 45 7 24 10 66 5 43 4 6
7 41 5 34 3 55 11 27 2 66 4 82 13 87 14 96 12 23 0 2 1 90 9 28 8 71 10 62 6 59
11 67 13 84 8 59 4 93 14 70 7 23 9 61 3 7 12 7 2 64 10 21 6 35 0 99 5 25 1 28
11 36 0 7 1 25 9 9 8 55 6 64 12 14 2 10 4 54 7 12 14 77 3 33 5 20 13 52 10 11
10 74 1 18 11 82 3 42 6 87 13 90 2 16 9 81 14 41 5 43 0 55 4 48 7 75 8 6 12 10
8 54 3 36 12 4 0 57 13 85 4 73 5 11 11 58 10 62 7 28 14 52 2 28 1 95 6 45 9 70
6 82 2 77 1 14 3 79 9 82 12 40 11 31 14 88 8 38 7 34 0 42 5 72 13 43 4 47 10 2
11 73 3 20 5 11 4 8 10 40 1 20 8 44 12 39 2 10 14 20 7 59 6 88 9 23 13 45 0 9
12 20 7 5 9 38 10 18 1 82 0 89 2 70 4 28 14 13 13 58 6 57 5 94 3 14 11 50 8 58
13 2 8 32 12 22 10 5 0 4 7 20 5 18 6 6 3 25 11 91 14 19 9 1 4 11 2 79 1 70
10 76 4 96 6 60 13 19 8 6 12 33 1 90 9 20 0 96 3 27 14 18 5 1 7 6 11 87 2 22
2 13 4 8 5 80 1 89 8 77 3 36 10 44 11 44 13 79 12 71 0 8 14 11 7 15 9 71 6 65
4 38 12 93 8 28 13 96 2 72 9 36 1 35 14 3 3 32 10 52 7 52 6 47 11 41 0 41 5 51
10 27 6 78 14 94 12 70 13 65 1 58 11 10 5 29 2 65 7 17 8 38 3 16 4 33 0 65 9 26
1 55 7 99 10 2 5 52 11 14 8 49 14 18 3 19 12 23 6 53 9 61 2 74 4 54 13 71 0 93
7 97 11 80 12 99 14 90 5 78 3 97 10 8 4 20 0 87 9 74 13 14 8 92 2 38 1 95 6 25
4 13 8 92 13 5 3 81 5 33 7 26 2 70 12 22 6 43 1 36 9 23 11 76 0 31 14 22 10 71
2 60 7 77 13 16 0 82 5 60 9 71 1 17 12 63 8 31 14 19 11 97 4 95 6 66 3 67 10 23
11 4 5 30 2 67 13 11 12 54 4 96 1 44 10 29 7 16 3 36 0 50 9 17 14 64 8 19 6 46
6 92 12 18 3 82 5 81 4 89 10 25 8 99 1 89 9 99 2 92 13 82 7 17 0 1 14 30 11 42
6 22 14 73 5 6 11 41 2 48 1 88 13 12 8 55 7 15 12 33 3 55 4 97 0 13 10 64 9 15
14 36 3 29 0 31 5 15 10 1 1 52 11 5 4 49 2 64 6 65 7 9 8 1 9 51 12 54 13 27
5 77 0 18 1 94 13 87 14 43 9 71 3 1 4 54 6 70 7 3 2 11 12 15 10 44 11 87 8 75
10 38 8 26 0 23 3 99 9 23 4 57 12 94 5 20 11 33 6 16 13 34 7 39 1 24 2 86 14 72
12 36 11 63 6 52 2 51 0 36 3 63 1 4 4 84 7 8 14 89 9 82 13 92 8 93 10 39 5 98
13 11 12 17 11 84 5 84 0 84 14 55 1 51 6 97 9 41 4 59 2 80 3 20 8 69 10 14 7 74
