50 15
2 44 3 4 13 62 12 70 4 53 1 39 5 55 10 32 8 41 0 43 7 13 9 52 6 99 11 96 14 19
10 37 11 61 7 75 3 10 13 64 5 53 8 88 6 95 0 53 1 27 14 30 12 78 4 81 9 9 2 35
1 59 4 62 13 61 6 7 14 2 5 54 2 41 3 45 8 28 7 59 12 52 11 13 0 27 9 93 10 24
12 9 6 84 8 37 3 88 4 12 2 36 0 69 13 98 9 63 10 24 5 56 14 78 7 31 11 8 1 31
8 9 10 52 14 41 7 8 3 5 0 48 1 56 2 25 11 81 9 11 6 19 13 61 4 43 5 31 12 28
2 63 6 26 11 55 0 30 7 53 8 7 1 72 3 67 9 22 4 20 13 41 5 72 12 54 10 94 14 57
10 50 2 30 13 5 12 57 5 64 11 13 7 45 1 2 3 17 0 23 6 55 8 54 14 43 9 38 4 45
9 43 4 88 5 9 10 46 14 66 12 52 2 77 8 82 3 44 6 91 0 86 1 86 7 82 13 47 11 77
11 39 4 27 1 44 8 72 9 27 2 27 14 54 0 91 12 48 3 30 5 64 10 21 13 66 6 70 7 96
10 38 12 52 13 91 8 68 7 15 5 30 11 43 9 27 0 29 1 26 4 92 2 72 14 4 6 10 3 55
6 65 9 29 12 43 2 52 8 71 11 89 0 24 10 36 7 96 1 4 13 37 5 99 4 14 14 78 3 6
6 29 2 15 14 21 3 43 11 90 8 51 9 53 5 36 12 55 13 39 7 37 0 49 4 49 10 33 1 37
8 24 13 91 9 7 3 76 4 99 5 77 6 88 10 6 0 55 14 1 7 10 12 67 11 9 1 28 2 38
0 90 7 9 8 11 12 38 14 91 3 24 5 34 4 99 11 14 13 28 10 9 2 83 6 77 9 58 1 47
6 51 2 61 14 33 11 98 9 39 12 78 1 27 0 45 13 76 7 48 4 62 3 83 10 47 8 21 5 80
1 15 3 45 0 64 13 54 8 94 6 38 11 41 4 42 10 29 5 32 12 51 2 14 7 83 9 21 14 29
13 80 12 98 10 8 9 97 8 98 7 82 11 73 2 93 1 36 4 54 3 11 6 41 0 90 5 53 14 28
2 72 7 36 6 76 1 48 12 46 10 7 14 97 0 32 13 8 9 80 11 16 5 83 4 59 3 89 8 79
12 41 1 75 9 31 5 92 10 99 13 79 0 40 3 35 4 35 8 71 2 47 11 22 14 36 6 25 7 77
6 36 4 62 9 63 2 20 1 78 13 51 12 37 0 71 7 29 14 12 11 14 3 24 8 75 10 15 5 66
1 36 5 49 8 8 13 38 10 23 9 19 4 48 3 36 7 21 6 78 14 41 0 43 2 90 11 44 12 67
1 50 0 59 5 78 3 19 11 60 2 73 7 66 13 31 8 84 4 66 14 13 6 37 9 39 12 50 10 4
2 70 12 40 4 38 1 65 9 69 10 1 6 63 7 90 8 66 14 1 3 65 13 60 11 58 5 4 0 84
0 1 11 85 10 6 7 33 13 7 2 93 5 89 8 62 12 91 14 13 9 22 4 80 6 66 3 41 1 71
1 93 7 72 4 75 11 61 10 62 9 70 12 21 14 66 2 23 6 70 5 66 0 94 13 25 3 75 8 36
9 70 6 72 4 27 8 81 11 27 2 50 3 83 7 46 14 39 10 91 13 42 0 40 12 80 5 40 1 74
13 22 1 73 14 43 6 37 9 43 0 5 5 71 10 82 4 68 8 57 12 89 2 29 7 66 11 96 3 82
11 50 14 97 1 44 4 90 12 31 10 83 3 48 9 31 2 18 5 5 13 3 0 69 7 87 6 84 8 33
11 81 10 87 1 8 0 36 7 71 2 90 4 97 8 78 3 50 13 94 14 28 6 9 12 42 5 42 9 72
3 72 6 37 10 56 14 30 4 94 7 30 8 68 11 92 12 26 0 21 5 61 2 39 1 35 13 55 9 32
14 20 6 72 12 50 0 22 4 81 3 31 10 47 5 44 8 5 2 62 13 1 9 40 11 96 1 40 7 23
0 9 13 76 7 61 8 75 5 66 1 95 9 13 14 15 3 82 4 77 12 31 11 77 2 69 10 99 6 48
8 96 2 92 11 16 0 80 4 65 3 56 9 94 1 46 10 46 14 79 5 74 6 91 12 95 13 63 7 87
7 36 1 62 13 52 5 72 6 29 14 84 3 85 4 49 0 45 11 60 2 33 10 60 9 97 8 25 12 47
2 36 9 29 1 2 13 77 6 28 3 98 7 68 11 17 4 58 14 68 10 60 12 25 0 17 8 13 5 17
12 9 1 31 3 17 8 40 14 25 4 25 9 64 5 77 10 72 2 33 0 97 7 8 6 97 11 54 13 68
10 79 4 98 11 68 2 23 7 49 8 40 1 20 13 86 0 31 14 78 12 64 5 54 6 49 3 17 9 13
1 87 3 88 4 74 2 95 14 67 10 68 9 75 8 46 13 51 6 30 5 56 11 11 7 51 0 82 12 58
0 47 6 14 8 52 3 18 5 57 1 83 10 90 13 60 11 43 12 41 7 67 2 92 9 93 14 82 4 82
14 23 2 38 13 60 0 83 1 16 7 25 3 42 10 13 12 64 11 88 9 64 5 82 6 99 8 70 4 79
6 18 2 84 4 37 7 89 5 1 9 12 14 85 12 41 0 30 8 41 13 68 3 20 10 42 1 84 11 99
1 66 8 78 14 23 2 75 13 88 6 21 4 32 3 5 11 85 7 86 12 24 5 80 9 82 0 86 10 73
5 5 11 40 9 23 4 11 3 24 6 74 2 94 0 92 1 8 13 30 7 65 14 37 8 93 10 49 12 73
7 13 5 68 9 87 6 87 3 50 0 53 10 78 13 10 12 51 14 35 2 83 4 81 11 30 8 58 1 97
3 98 6 54 11 52 4 29 8 21 10 48 2 3 0 40 1 30 13 52 12 2 9 4 7 57 5 89 14 53
8 1 4 18 13 6 11 31 10 71 2 75 7 47 6 20 1 99 12 79 3 26 0 15 5 53 9 69 14 66
3 85 5 61 0 73 6 74 9 79 2 80 14 28 13 24 8 68 4 68 1 41 10 60 11 38 7 68 12 90
4 17 8 50 0 21 9 63 1 71 12 88 2 10 6 98 7 53 11 18 14 89 10 99 3 61 5 92 13 57
9 93 5 23 12 25 3 96 13 44 2 3 10 55 1 15 0 45 4 33 7 50 8 96 14 78 11 72 6 69
2 91 10 92 5 49 4 24 11 66 7 67 3 49 13 50 14 64 1 56 0 14 12 63 8 47 9 59 6 46
