50 15
4 44 7 65 6 87 11 77 9 8 8 9 1 80 3 59 5 68 13 21 0 43 12 62 10 48 2 97 14 61
12 53 1 26 9 39 8 54 4 20 2 67 7 74 10 16 14 9 11 63 0 74 13 31 3 33 6 72 5 24
11 89 0 47 12 80 10 8 2 5 8 89 5 44 13 56 7 24 6 37 3 16 1 2 9 79 14 27 4 32
7 20 11 77 5 59 14 18 12 17 2 40 13 21 8 34 3 53 9 54 1 11 4 36 0 12 6 83 10 76
4 65 13 83 7 89 0 23 3 66 9 46 6 77 12 94 10 9 14 35 8 82 11 63 2 73 1 11 5 5
1 77 3 37 8 98 7 47 12 70 14 21 0 59 6 74 10 93 2 25 4 35 9 66 5 73 11 12 13 29
14 66 7 80 9 26 0 82 6 38 5 24 3 28 1 93 10 46 12 50 11 16 13 21 8 22 2 1 4 50
2 96 13 42 14 2 10 48 8 96 5 23 0 57 11 16 1 61 6 65 3 98 9 24 4 87 7 9 12 90
5 94 7 62 2 37 1 69 12 34 0 3 14 5 13 86 10 57 8 10 3 91 4 67 6 39 9 49 11 42
2 35 5 22 12 30 1 97 3 17 4 88 7 41 11 70 10 59 8 20 0 29 13 98 9 46 14 96 6 15
8 3 9 26 13 67 6 37 4 94 1 8 3 43 7 11 2 26 0 86 10 32 14 72 5 47 12 88 11 71
6 35 3 54 0 90 2 4 9 70 7 58 10 40 14 73 1 66 12 59 8 11 4 84 13 74 5 39 11 39
12 15 13 52 11 55 10 83 1 90 0 47 7 26 14 64 2 92 5 78 6 61 9 28 4 12 3 32 8 77
2 41 10 67 14 91 8 98 7 66 12 72 1 30 9 6 3 30 5 53 0 80 13 15 6 79 4 65 11 82
8 9 14 77 11 79 9 38 10 72 0 59 12 14 13 53 6 30 1 51 3 61 4 13 2 25 5 79 7 92
11 92 0 38 9 68 5 2 6 33 14 61 8 67 13 64 10 36 3 79 12 48 7 65 2 47 4 55 1 76
12 4 13 70 10 89 4 85 9 54 5 13 0 47 11 95 8 96 1 13 7 5 6 26 3 10 2 38 14 67
5 90 1 39 2 89 11 7 7 5 14 99 12 82 4 89 0 7 10 66 13 99 6 89 3 2 8 11 9 68
11 34 12 28 8 27 6 85 13 79 10 22 14 41 4 23 9 14 5 8 3 91 2 98 7 28 1 87 0 92
14 42 5 97 6 2 8 28 3 84 9 78 12 4 2 3 0 67 7 2 4 95 13 51 1 89 11 94 10 26
5 54 8 76 14 19 3 24 4 53 0 76 11 61 13 76 6 67 9 49 10 30 1 21 7 17 12 65 2 29
11 56 12 52 13 59 10 51 0 91 6 46 1 91 8 74 14 65 3 57 5 84 7 43 4 66 2 71 9 47
14 49 2 29 1 89 10 30 4 76 9 63 12 1 3 2 0 7 6 47 8 45 5 38 7 54 11 39 13 24
6 42 4 64 14 29 12 20 2 2 7 4 5 54 3 64 0 10 11 69 9 6 10 71 1 85 8 70 13 63
9 34 2 65 0 30 10 96 8 16 12 68 3 41 13 91 11 11 14 30 5 53 4 17 1 53 7 96 6 52
1 73 8 47 12 76 9 98 10 94 14 37 2 58 13 15 7 17 11 60 4 33 0 96 3 23 5 17 6 96
8 57 5 86 11 98 14 38 0 54 7 52 12 90 1 86 6 59 9 55 10 87 4 92 2 72 3 30 13 93
0 42 8 96 3 51 10 7 4 14 1 83 13 51 7 84 11 62 14 78 12 90 5 43 9 86 2 80 6 28
5 90 11 12 13 31 1 88 12 55 2 37 0 82 4 68 10 22 14 30 6 36 8 52 7 86 9 99 3 87
13 42 9 90 11 73 1 36 5 79 0 67 2 71 14 50 4 67 7 49 8 9 3 61 10 66 6 60 12 62
11 89 1 64 3 63 10 78 7 32 13 83 2 68 14 76 9 56 12 38 0 55 6 60 8 63 5 73 4 94
5 83 0 99 10 24 11 97 2 79 7 34 6 28 3 45 4 71 13 89 8 52 9 6 14 41 1 24 12 76
12 61 1 58 13 77 4 72 9 14 7 53 5 56 14 32 8 38 10 92 2 92 6 56 11 9 3 17 0 70
7 30 9 98 11 89 0 50 6 36 14 23 8 33 12 5 3 11 1 85 5 80 10 47 13 77 2 48 4 83
6 27 12 55 2 80 1 95 4 11 8 41 5 5 7 23 3 23 13 54 9 21 0 80 10 65 14 90 11 55
3 91 8 37 9 45 4 57 11 82 13 23 7 23 12 48 14 9 6 20 1 41 10 38 5 19 0 8 2 46
9 49 13 66 5 32 0 93 3 46 4 74 11 5 1 69 2 63 6 47 10 59 14 71 8 17 12 38 7 35
0 25 5 32 1 43 11 43 7 94 3 16 4 54 14 45 2 80 8 66 12 43 13 10 10 52 6 22 9 64
3 17 0 2 2 64 5 27 8 1 1 41 4 27 10 47 12 7 13 95 7 13 9 70 11 22 6 83 14 59
6 34 13 9 5 33 9 98 0 65 4 81 8 27 11 89 7 98 14 90 10 90 12 10 2 28 3 84 1 52
8 18 9 99 1 42 14 95 0 99 4 63 12 61 5 85 6 28 10 15 13 90 11 84 2 95 3 29 7 50
3 94 9 37 4 55 1 78 14 78 11 29 5 93 7 70 12 25 8 10 2 48 0 75 13 98 6 66 10 61
4 32 5 43 8 90 3 63 12 2 0 68 7 25 1 21 9 69 6 19 2 40 11 43 14 38 10 8 13 63
9 55 11 70 6 5 13 57 4 80 12 99 1 24 14 96 5 27 3 82 10 33 2 86 7 89 0 7 8 57
12 46 1 13 7 2 5 38 0 9 9 51 3 50 14 33 2 98 11 19 10 7 13 68 8 77 6 97 4 39
11 50 3 88 9 79 7 27 8 44 2 11 5 28 6 69 4 1 13 85 0 74 1 97 12 10 14 80 10 14
0 36 10 60 14 67 1 59 7 70 8 80 4 17 9 96 13 29 12 80 3 10 11 66 6 67 2 87 5 13
9 91 10 98 14 87 6 35 7 75 2 43 11 47 0 9 4 40 8 62 12 21 1 23 3 95 13 21 5 28
6 48 9 57 8 57 10 55 7 37 4 95 5 89 3 20 0 51 14 13 1 82 12 73 13 29 11 22 2 86
0 38 14 23 13 12 9 45 3 21 11 45 7 2 8 82 2 52 5 24 6 50 10 74 12 61 1 92 4 19
