50 15
2 17 9 91 5 54 10 23 6 35 11 2 13 75 14 81 3 76 7 85 12 67 0 96 4 44 1 72 8 45
6 55 9 12 1 80 0 22 4 11 13 67 10 10 12 86 8 55 7 26 3 33 11 68 5 86 14 91 2 17
8 61 1 63 4 40 9 95 5 70 6 40 12 57 13 32 10 80 2 15 11 37 0 78 14 30 3 7 7 41
2 71 13 28 8 87 14 20 0 19 7 79 4 61 9 45 12 22 10 96 1 16 11 74 5 18 6 18 3 6
11 44 3 9 8 11 7 69 1 98 2 3 0 91 6 98 10 62 14 65 13 51 5 56 9 79 4 42 12 15
4 64 1 92 9 16 8 66 11 65 13 60 10 84 0 92 2 71 3 40 5 30 14 78 6 69 12 94 7 94
5 1 9 21 11 95 12 94 14 91 4 2 0 65 1 17 6 95 2 12 8 61 3 41 7 21 10 5 13 77
7 76 6 3 9 91 13 54 4 11 0 69 2 57 11 91 12 78 8 82 1 70 10 32 3 47 5 51 14 6
5 96 14 66 6 95 3 55 13 85 1 99 12 5 8 55 7 53 10 83 2 24 0 83 11 53 9 78 4 64
5 74 4 79 2 19 3 94 11 65 7 4 1 72 10 49 9 81 0 76 14 99 13 9 6 68 12 75 8 20
3 10 2 65 12 44 9 72 5 51 14 53 0 28 1 63 8 14 4 88 10 77 13 58 11 23 7 31 6 87
2 18 12 34 4 85 11 66 8 47 7 76 6 69 5 25 3 27 14 36 13 97 0 21 1 64 9 17 10 26
6 46 9 99 10 24 4 69 0 19 13 61 3 53 7 10 11 48 8 27 5 83 1 3 2 53 14 23 12 19
7 44 14 73 12 21 11 59 4 32 8 27 9 81 2 61 0 80 1 61 5 58 6 30 3 91 10 10 13 57
4 10 2 62 10 25 5 23 14 76 9 24 11 56 7 11 6 80 12 19 1 42 8 61 3 81 0 32 13 99
4 58 8 75 9 98 3 77 10 34 6 61 11 72 14 49 7 67 5 22 2 53 12 44 1 70 13 22 0 17
8 6 1 8 10 34 3 85 11 53 7 85 13 8 0 43 5 89 2 92 12 96 14 89 6 13 4 81 9 25
5 33 1 90 0 69 6 42 14 33 2 27 3 96 9 56 10 1 12 73 7 31 11 7 13 26 8 44 4 87
13 11 2 34 3 10 0 90 9 46 6 50 11 40 5 67 12 56 8 35 1 48 14 75 10 16 7 4 4 80
6 12 7 57 2 27 12 78 8 79 14 82 9 44 13 90 0 76 11 23 3 61 1 57 5 61 10 7 4 82
2 4 1 63 9 73 0 72 3 18 7 84 12 2 6 55 14 69 10 79 4 66 5 9 11 13 13 92 8 43
9 75 14 25 12 53 5 42 7 87 1 9 11 76 6 64 2 93 13 86 8 64 0 87 10 65 3 74 4 25
6 16 13 27 11 37 8 39 0 97 14 70 2 44 1 95 5 48 12 22 9 29 10 31 3 9 7 29 4 88
10 57 9 38 5 10 8 29 14 3 11 74 2 13 4 74 0 75 12 8 13 14 3 10 6 62 7 55 1 63
10 40 13 55 5 27 1 86 4 3 6 32 7 7 8 21 9 88 2 28 14 59 11 11 12 24 0 31 3 85
13 26 3 2 6 36 5 85 4 19 10 12 14 28 9 76 8 17 11 80 2 7 1 59 7 5 0 29 12 9
9 23 11 75 3 28 6 55 10 58 8 14 13 21 12 11 4 3 14 19 0 41 1 49 7 99 2 85 5 77
0 84 14 61 12 79 10 99 6 83 5 19 2 47 9 68 3 21 8 72 7 86 11 90 4 64 1 67 13 80
8 47 11 26 2 49 4 25 1 67 12 5 13 20 5 72 9 88 3 43 14 32 0 14 10 12 7 24 6 89
11 45 14 24 6 73 1 56 10 36 8 93 5 40 13 90 7 23 9 28 0 38 2 2 12 45 3 4 4 84
4 26 3 87 1 97 2 57 13 97 8 2 5 42 9 47 7 96 6 32 0 84 10 91 11 9 14 21 12 97
3 38 4 92 12 34 6 86 9 5 13 14 2 84 5 91 10 57 1 82 11 6 0 46 14 76 7 81 8 15
13 31 8 79 10 26 0 7 6 59 14 6 12 21 3 6 5 89 2 53 9 25 11 26 7 7 1 94 4 53
11 10 8 83 13 14 12 9 6 4 5 48 3 71 2 99 14 8 10 25 4 19 7 17 1 6 9 52 0 87
5 85 13 42 8 59 14 26 9 60 11 61 4 51 7 64 10 87 12 22 1 41 2 17 6 78 3 29 0 12
9 33 1 19 2 96 7 66 6 5 8 1 10 92 14 32 3 94 4 49 11 70 0 95 13 6 12 93 5 41
0 10 3 36 14 64 7 37 4 70 2 93 9 8 11 23 6 13 13 37 1 89 5 1 8 6 10 31 12 68
13 18 3 7 9 32 7 21 0 33 14 17 8 33 12 66 2 94 4 30 6 18 5 22 1 20 10 14 11 16
0 1 11 42 2 1 4 25 6 76 8 50 10 40 13 53 1 36 7 39 5 79 12 15 3 8 14 43 9 44
10 27 4 25 7 17 2 33 13 22 6 39 5 18 14 8 3 6 0 63 1 60 12 76 9 3 8 89 11 30
9 63 5 99 2 30 14 13 4 33 0 66 3 57 13 45 12 62 11 12 8 29 1 18 10 82 6 74 7 29
13 86 2 44 11 60 0 61 9 26 6 76 14 18 12 2 3 24 7 80 5 7 10 42 8 50 1 22 4 48
12 19 6 30 7 87 4 61 2 53 11 85 9 69 3 59 13 11 14 70 10 3 1 94 8 36 0 85 5 44
5 59 13 67 8 31 10 55 12 40 7 81 6 70 11 94 2 18 4 34 1 17 14 72 9 60 0 90 3 85
11 29 12 60 13 77 10 2 1 41 2 42 14 13 0 18 3 37 4 26 6 80 9 78 8 34 7 86 5 65
1 99 9 76 10 97 5 48 6 48 13 31 7 76 4 76 12 77 8 47 2 95 11 99 3 13 0 92 14 63
2 47 3 19 9 40 13 26 14 89 12 82 7 79 8 14 5 23 6 98 0 93 10 37 4 23 11 22 1 83
14 76 3 28 12 58 8 48 6 97 10 62 11 89 13 40 1 97 9 75 5 23 7 14 0 6 4 46 2 21
8 22 11 68 13 1 7 94 14 58 12 54 4 89 2 65 5 22 3 50 1 12 6 91 0 13 10 20 9 18
1 24 5 42 6 48 12 46 0 52 10 79 11 87 9 38 14 93 7 43 8 50 4 6 3 61 2 7 13 92
