50 15
7 31 12 61 10 50 0 73 5 32 4 65 3 18 14 8 1 95 2 86 6 94 13 94 8 3 11 54 9 28
10 10 12 56 4 1 2 89 1 34 13 86 0 86 9 50 11 47 5 85 6 32 14 10 7 99 8 3 3 69
7 66 0 66 1 48 4 51 11 23 6 20 12 35 3 44 14 50 2 2 8 78 10 92 5 20 9 43 13 39
12 77 9 62 5 6 4 25 11 63 3 4 1 66 13 60 14 8 8 20 2 53 7 75 0 32 6 34 10 93
11 59 12 85 8 11 5 91 10 87 13 80 1 94 14 67 2 98 3 36 6 77 4 10 0 61 9 5 7 95
12 33 13 26 3 48 7 6 2 75 11 30 1 3 8 46 14 47 4 23 9 48 6 54 0 10 5 71 10 18
1 13 7 1 0 96 10 64 12 91 5 74 8 54 14 54 9 20 3 24 2 77 4 56 6 79 11 55 13 11
11 67 9 97 13 83 14 28 12 21 10 91 2 26 4 67 8 87 1 60 3 55 6 32 5 54 0 54 7 76
13 97 11 69 2 8 4 36 10 12 7 67 5 82 3 91 0 20 14 60 8 89 6 6 9 36 1 67 12 96
8 85 7 87 6 91 2 17 1 95 0 13 4 2 5 13 12 6 3 58 10 21 11 41 14 21 13 57 9 94
9 71 13 10 7 45 1 13 5 28 4 58 10 21 12 36 8 24 2 80 0 19 11 21 14 78 6 2 3 92
13 6 4 9 8 42 3 49 9 66 5 71 1 64 11 46 0 25 7 80 10 10 12 52 2 21 6 2 14 67
6 28 4 50 0 36 8 32 9 38 13 97 11 35 7 55 10 68 1 18 5 78 14 1 2 31 3 17 12 83
3 8 9 58 10 92 5 25 8 25 0 23 12 34 4 32 13 44 14 59 11 3 6 27 1 49 2 68 7 50
2 21 7 94 13 44 11 1 8 19 1 80 4 80 12 93 5 64 9 52 3 91 6 30 14 52 0 34 10 43
4 28 11 95 10 34 9 64 3 67 5 14 13 15 0 63 12 78 8 44 6 75 1 32 2 55 7 60 14 50
10 59 12 80 4 12 5 32 7 65 6 14 9 9 1 88 14 9 3 56 11 15 2 29 8 9 13 76 0 68
6 9 9 87 4 43 0 62 1 41 11 83 13 58 14 34 3 73 12 79 2 70 10 55 7 34 5 77 8 97
12 90 3 20 5 62 1 51 8 46 6 73 10 46 7 39 9 69 2 42 4 15 0 92 14 20 11 30 13 47
7 42 5 92 2 31 14 89 8 40 11 8 13 41 4 38 3 50 10 33 6 94 12 20 1 12 0 30 9 8
6 97 13 57 2 33 11 38 10 16 7 54 1 86 5 53 3 78 14 83 8 6 4 71 0 79 12 15 9 40
11 30 13 40 5 34 9 95 14 83 3 57 1 49 12 72 2 15 0 93 7 13 8 57 4 65 10 29 6 17
8 54 1 13 13 66 11 20 5 56 6 8 2 68 12 15 4 44 7 17 9 36 10 27 14 33 3 84 0 16
13 13 4 91 5 98 3 39 6 19 12 58 14 55 7 48 10 76 2 88 9 79 11 61 1 2 0 56 8 88
8 25 5 18 3 72 0 57 7 35 10 76 13 17 14 43 9 19 6 50 1 17 11 49 12 84 4 68 2 61
14 98 1 84 3 23 0 14 12 13 2 55 13 41 10 8 9 63 4 79 5 90 11 48 7 59 8 47 6 20
9 79 4 9 14 91 10 23 12 50 0 92 11 64 1 91 2 37 5 25 13 5 7 54 6 27 3 58 8 21
13 3 1 55 12 24 6 91 0 14 14 16 9 76 5 67 3 14 7 66 2 6 8 89 4 28 10 52 11 69
10 48 3 3 12 90 7 39 0 67 9 52 13 61 2 94 1 60 8 78 4 10 5 96 11 95 14 33 6 24
12 82 1 21 13 50 3 27 8 99 7 66 11 15 5 75 10 64 2 22 6 88 0 16 14 86 4 60 9 74
3 75 7 14 11 95 4 74 12 56 2 85 0 72 8 13 1 27 9 4 6 25 10 57 13 8 5 37 14 17
8 19 3 45 14 74 7 79 5 93 1 98 10 82 6 84 2 43 9 90 12 20 4 12 0 69 13 37 11 66
12 32 6 6 14 26 9 77 10 22 13 23 3 47 1 19 4 88 2 95 7 37 5 53 0 72 11 23 8 99
13 15 6 6 0 74 7 70 1 96 11 8 12 24 5 47 10 20 2 54 3 65 4 7 14 18 9 87 8 72
6 61 13 99 4 77 8 22 12 95 14 18 1 85 11 90 3 88 2 71 9 72 7 60 10 6 0 84 5 9
13 70 9 19 14 30 11 62 1 76 7 94 8 4 3 18 12 61 10 40 5 43 4 54 0 39 6 85 2 5
6 8 5 21 9 29 12 64 0 68 8 76 13 98 2 57 3 91 10 14 4 19 14 26 7 17 11 46 1 6
0 74 3 37 11 30 4 3 1 44 5 9 2 11 9 70 6 37 8 22 10 24 13 49 14 66 7 79 12 81
7 13 12 43 1 50 0 56 10 84 2 23 6 49 3 15 11 29 4 2 5 19 8 25 14 16 9 78 13 91
13 28 3 8 9 66 12 96 10 49 8 73 1 40 4 44 0 16 11 85 5 95 2 88 14 30 7 98 6 58
0 53 3 19 1 76 8 53 13 24 9 30 12 19 14 45 6 33 4 69 2 34 10 40 11 80 5 13 7 15
5 34 14 16 4 75 10 15 8 85 2 46 3 64 6 90 11 46 12 76 7 33 9 17 0 23 1 27 13 78
14 71 9 47 7 97 13 59 8 96 10 49 2 25 0 25 5 12 3 12 11 43 1 84 4 38 12 28 6 9
5 3 12 50 8 86 6 37 1 16 14 57 2 69 0 96 13 69 4 56 3 29 10 47 7 21 9 56 11 61
12 72 2 21 6 6 0 45 8 87 9 8 13 95 4 26 3 14 7 38 14 38 5 51 11 14 1 33 10 86
6 88 4 81 10 96 1 84 11 32 13 92 7 91 8 5 3 49 5 96 2 23 9 90 0 14 14 86 12 85
5 90 4 57 14 94 3 68 1 55 11 88 6 21 12 62 2 99 7 91 13 37 8 52 0 11 10 62 9 9
11 69 6 67 0 22 3 19 14 47 13 79 5 71 4 12 7 56 8 49 9 86 12 67 2 81 1 24 10 41
4 6 6 46 3 48 12 52 14 12 8 91 0 95 11 21 1 32 2 56 10 97 13 57 5 76 9 24 7 49
5 64 6 54 12 93 10 49 0 90 3 62 11 90 8 62 7 25 14 23 9 30 2 21 1 35 4 18 13 74
