50 15
0 52 4 34 7 66 1 83 3 21 9 42 13 76 14 99 10 80 11 73 5 95 12 50 6 14 2 63 8 45
8 89 1 30 2 69 7 92 4 79 12 36 10 32 9 88 13 19 6 12 5 50 14 2 3 40 0 12 11 27
0 36 6 16 8 44 7 80 13 86 9 41 14 32 4 38 11 91 12 35 5 14 10 86 1 28 2 63 3 77
7 3 13 43 11 76 14 96 5 76 8 91 10 16 6 99 0 2 9 74 2 53 1 87 3 22 12 38 4 73
10 19 6 19 14 70 5 89 11 23 3 54 1 15 4 3 7 68 0 9 13 43 2 18 9 8 12 69 8 25
14 80 6 8 8 65 1 96 13 99 4 83 0 37 2 47 9 68 3 71 7 68 12 64 5 57 10 72 11 14
3 30 11 80 8 77 0 27 6 15 5 33 4 28 12 40 7 57 9 88 13 41 14 39 2 24 10 8 1 80
6 53 1 76 14 8 10 44 7 22 2 37 11 13 4 91 13 83 9 26 3 87 0 90 5 60 8 74 12 66
2 60 4 62 10 44 5 38 6 47 9 11 14 18 8 10 3 57 7 98 0 7 11 1 13 91 12 50 1 79
13 75 14 20 12 20 5 71 11 11 9 47 3 35 10 90 1 47 8 59 0 2 4 92 2 56 6 89 7 30
14 80 5 9 8 86 4 63 9 82 6 51 2 38 1 3 10 54 11 25 0 40 12 32 3 61 13 57 7 86
4 76 3 87 2 69 6 61 9 26 12 58 7 16 13 1 14 38 10 31 8 3 1 41 0 38 11 82 5 44
11 55 2 10 1 53 4 94 10 13 12 96 7 87 6 32 0 47 3 26 14 1 13 24 5 30 9 85 8 91
11 43 13 69 0 70 5 43 14 95 7 25 1 40 6 46 2 66 4 59 12 96 9 73 10 63 3 20 8 6
0 66 9 45 10 65 2 78 4 8 8 19 5 3 6 45 7 46 12 40 14 8 3 66 11 93 13 26 1 44
2 70 3 39 14 60 9 43 4 93 12 76 5 1 10 86 0 55 11 81 7 38 8 12 1 51 6 5 13 48
0 64 7 44 13 76 1 63 6 46 9 40 14 71 5 29 4 97 8 5 10 61 11 56 2 69 3 6 12 71
14 37 0 21 5 37 3 46 10 33 4 44 8 41 9 1 11 63 1 56 7 98 6 93 13 10 2 48 12 69
11 43 8 84 12 15 7 50 2 88 3 78 0 21 14 93 10 60 13 42 5 98 9 55 4 20 1 60 6 30
13 43 14 91 4 81 6 83 12 67 10 16 1 7 7 39 3 2 9 76 11 68 0 83 2 17 8 54 5 80
3 66 4 32 7 35 13 92 2 50 11 40 10 95 12 97 9 26 0 95 5 71 6 46 8 59 14 14 1 56
8 27 3 29 12 68 1 7 5 24 2 27 6 34 4 72 13 73 14 31 0 30 9 50 7 25 11 3 10 8
3 37 4 9 1 75 0 87 12 1 8 30 2 89 11 69 6 66 9 26 14 46 13 78 5 56 7 45 10 40
6 79 9 58 2 74 4 37 1 17 5 75 12 98 13 29 8 89 11 46 14 95 3 39 10 71 7 97 0 29
0 77 3 26 11 11 14 93 6 90 2 64 5 82 12 84 9 51 10 53 8 6 4 57 1 62 7 32 13 21
1 90 0 28 13 60 5 95 9 24 8 74 14 1 2 54 4 68 11 17 7 23 10 89 12 44 6 4 3 11
7 89 3 67 0 24 8 41 10 12 14 92 2 4 13 56 9 75 4 12 5 58 11 86 1 16 6 88 12 64
1 12 7 48 13 59 4 17 0 50 6 68 8 34 11 82 3 40 12 92 14 98 10 87 2 87 5 61 9 7
6 17 4 1 7 6 14 87 11 35 0 12 2 98 13 23 9 37 1 43 12 56 8 16 3 15 5 66 10 70
3 45 0 62 13 3 10 56 5 20 12 67 6 82 9 21 2 11 7 1 4 87 11 11 1 76 14 91 8 29
7 99 1 61 3 83 12 79 2 16 9 52 4 22 11 48 6 55 8 47 13 40 14 85 10 89 0 75 5 20
7 40 12 72 6 99 14 15 13 46 5 7 0 15 3 78 4 69 9 45 8 66 11 62 2 61 1 82 10 46
10 12 11 8 13 38 8 49 3 71 6 53 9 24 5 48 4 33 2 91 7 57 1 14 14 31 0 26 12 13
11 40 13 58 9 45 1 37 14 88 4 14 10 30 12 73 3 68 7 20 6 72 8 9 0 73 5 16 2 17
11 55 0 85 8 22 5 68 13 21 4 14 14 38 1 44 3 97 10 5 7 25 12 91 6 93 9 60 2 2
3 73 5 73 1 26 11 90 6 29 13 98 9 9 8 63 12 84 7 26 0 72 2 78 4 70 10 64 14 15
4 87 6 68 0 70 9 5 12 91 13 71 3 98 5 2 11 95 10 15 14 79 1 16 8 64 7 29 2 47
12 85 10 68 14 12 0 91 1 50 2 36 9 57 7 13 4 34 6 65 5 74 3 47 8 34 13 77 11 93
11 34 13 29 2 32 14 75 12 96 1 99 5 16 9 41 7 35 3 22 0 85 10 93 4 15 6 97 8 72
11 47 0 73 1 89 4 2 9 78 2 16 3 88 14 76 7 36 6 53 8 76 10 27 12 29 13 38 5 4
6 9 14 56 4 27 12 59 11 19 2 83 13 93 7 34 3 79 8 30 5 72 0 77 9 16 1 45 10 54
11 46 12 83 14 52 8 87 7 86 3 39 9 26 2 87 6 60 4 63 5 36 1 28 10 66 0 13 13 67
4 27 1 86 12 13 11 69 6 62 7 50 9 68 13 88 0 15 2 77 3 71 8 67 10 67 5 49 14 17
0 64 14 35 10 47 1 48 3 43 13 61 2 67 12 59 7 59 8 58 5 51 9 38 11 5 6 69 4 36
2 92 10 48 3 77 14 90 4 8 5 15 0 3 9 23 13 37 12 74 7 55 6 52 8 69 1 13 11 29
8 43 10 42 14 57 11 60 7 40 4 18 5 27 2 24 9 45 13 36 1 56 12 78 0 17 3 80 6 27
0 53 14 54 7 3 13 58 10 25 6 21 3 67 5 34 4 64 12 67 11 95 9 84 2 56 8 35 1 99
8 97 5 59 0 12 12 19 2 33 7 83 14 97 4 40 1 42 11 26 13 35 9 11 10 7 6 46 3 96
7 69 2 43 4 61 5 62 11 93 13 71 3 57 0 84 10 35 12 44 1 21 6 44 8 60 14 2 9 82
4 20 7 80 0 78 3 87 13 56 14 89 12 16 8 67 10 32 1 57 2 97 6 91 11 97 5 18 9 35
