50 15
8 19 13 70 6 32 3 73 9 6 2 96 11 63 12 24 0 7 1 20 5 97 14 23 4 15 10 27 7 30
13 10 6 69 1 9 7 87 14 1 12 17 8 70 3 5 11 43 10 88 4 88 2 7 0 14 9 99 5 39
8 69 0 54 6 42 10 68 1 77 14 76 7 41 11 16 5 29 9 86 3 31 4 11 2 13 13 70 12 34
5 70 12 37 14 80 2 57 7 3 1 40 10 2 0 67 11 6 3 22 4 68 8 78 9 82 6 38 13 99
11 22 14 59 1 37 12 47 3 21 9 32 0 3 2 46 8 53 13 78 10 8 4 96 5 51 6 52 7 68
8 27 9 7 2 84 0 41 14 74 7 22 13 3 10 19 12 55 1 19 11 62 6 94 3 12 5 53 4 93
2 17 3 44 0 35 4 32 11 91 8 69 12 83 5 25 9 35 7 76 13 61 1 92 6 66 10 60 14 47
9 56 5 1 13 5 3 11 11 81 1 53 14 62 0 74 8 85 6 52 4 71 12 38 2 20 10 93 7 59
10 38 4 45 6 95 14 89 5 41 2 89 0 71 8 38 9 3 11 90 7 15 13 33 12 55 1 59 3 9
7 48 8 61 0 99 14 69 2 12 3 39 12 79 9 21 1 38 13 69 5 9 4 18 6 27 10 38 11 90
10 55 9 8 1 91 14 89 8 26 5 78 6 57 0 67 12 37 3 97 4 97 2 97 11 14 7 14 13 13
13 97 0 72 12 3 8 76 3 61 9 22 1 55 6 21 5 71 2 12 14 96 7 89 11 70 4 48 10 97
8 5 0 62 3 18 11 25 5 11 4 17 7 8 1 82 2 49 14 99 6 16 9 98 10 39 12 43 13 88
6 88 11 35 13 69 5 99 0 15 3 60 14 79 1 25 7 62 10 44 4 74 2 54 8 81 12 41 9 45
6 69 13 34 10 80 11 25 14 53 1 10 9 46 7 19 4 4 3 81 12 1 2 84 0 44 8 31 5 22
12 14 2 66 10 94 6 60 8 3 7 69 11 45 0 91 9 69 4 89 13 1 1 90 14 86 5 83 3 30
13 54 10 91 11 72 12 10 8 24 9 52 2 28 7 23 4 2 3 82 5 43 14 45 0 89 6 92 1 10
6 46 7 30 4 62 3 55 10 75 1 25 0 39 12 4 2 61 13 57 9 69 8 67 14 96 5 82 11 67
5 64 3 82 13 80 6 34 1 91 7 59 12 31 10 37 4 98 8 84 9 93 11 26 14 49 0 26 2 77
8 98 7 39 9 8 5 68 13 54 12 38 14 41 6 48 11 32 4 6 2 34 10 51 3 25 0 48 1 36
12 85 3 45 5 69 0 37 9 75 10 8 4 91 13 60 7 20 11 99 1 57 2 68 14 15 8 45 6 3
0 12 4 85 14 2 3 57 10 10 13 55 2 51 7 13 9 16 12 95 8 55 6 86 1 14 11 97 5 66
8 56 11 84 12 59 14 98 5 86 2 37 7 97 10 43 9 21 13 46 4 59 6 60 0 25 1 2 3 48
8 11 4 52 10 65 6 30 13 4 7 54 5 55 2 93 11 73 3 50 9 26 14 48 12 30 1 75 0 19
12 2 0 2 7 25 8 10 14 96 6 59 10 69 3 49 4 84 11 46 5 96 9 72 2 11 1 50 13 92
0 68 3 34 10 81 12 50 9 85 2 11 8 81 1 85 13 71 14 72 11 89 7 23 5 22 6 92 4 41
1 96 12 92 4 82 14 80 7 59 10 40 3 71 0 34 13 46 11 72 2 89 5 19 9 74 8 51 6 96
12 20 14 56 2 99 11 95 1 63 3 40 8 94 6 45 5 75 13 78 9 83 4 80 7 22 0 31 10 68
8 52 12 89 0 17 6 44 1 5 3 18 2 14 10 74 7 2 9 24 4 5 11 5 14 96 13 54 5 58
10 3 5 89 11 68 13 6 14 90 0 20 7 61 9 54 8 29 6 49 1 81 3 56 4 10 12 80 2 21
4 34 0 26 3 42 5 15 1 98 6 74 10 5 7 66 9 15 14 53 8 21 12 43 2 21 13 59 11 51
2 31 9 37 4 12 1 16 13 64 6 51 11 88 8 3 10 43 0 11 3 92 14 33 5 87 12 84 7 54
9 93 1 96 13 66 8 61 7 28 2 79 6 27 5 96 10 76 11 35 12 18 3 41 0 36 4 11 14 62
8 81 2 53 9 17 14 13 12 50 13 1 11 91 10 49 0 40 3 16 5 41 6 19 7 3 4 31 1 15
6 26 0 25 12 96 8 95 10 29 4 20 1 80 14 71 11 21 9 68 7 10 5 41 2 80 3 79 13 63
8 88 14 12 0 35 3 83 13 33 1 74 6 13 4 10 11 96 10 34 7 38 5 59 9 3 12 97 2 69
9 29 11 42 13 16 1 3 2 34 8 60 14 94 5 32 4 31 3 14 6 66 0 85 12 91 10 56 7 89
1 7 5 46 14 42 2 96 6 10 0 57 10 80 4 86 13 3 3 88 7 95 11 91 8 67 12 65 9 98
5 11 2 90 0 97 11 75 1 21 12 55 8 98 10 5 9 88 6 2 4 67 13 53 7 45 3 76 14 19
9 83 4 56 1 83 8 83 12 51 6 36 11 64 7 30 0 64 10 82 3 89 5 39 13 95 14 11 2 67
0 17 4 24 3 28 10 52 12 84 1 15 9 98 2 75 13 27 14 19 5 47 11 77 6 51 8 40 7 98
6 52 0 33 1 73 3 61 7 81 2 78 14 15 5 73 10 49 9 61 11 92 8 32 13 43 4 88 12 26
11 88 10 86 14 8 6 69 12 60 4 49 8 62 13 16 7 18 1 66 2 93 5 27 9 58 3 62 0 77
6 35 5 42 7 39 13 14 9 10 10 98 0 78 8 53 1 5 4 76 2 86 14 96 11 57 12 50 3 85
7 7 12 98 0 64 6 97 4 81 1 27 13 67 2 20 9 84 3 35 14 35 11 36 10 82 5 7 8 30
8 70 9 95 2 25 12 19 5 72 6 57 10 20 3 1 1 44 13 7 7 60 14 69 4 22 0 66 11 35
12 42 13 38 0 89 10 11 2 16 1 54 14 27 6 49 8 25 5 70 7 50 9 5 11 15 3 54 4 62
0 59 3 73 14 95 9 75 2 68 6 43 7 42 13 13 11 76 12 37 1 59 5 86 10 31 4 97 8 19
11 90 5 20 6 40 3 49 14 2 10 51 1 63 0 97 2 68 4 60 12 84 13 70 7 95 9 10 8 38
14 80 13 81 8 69 2 25 4 48 0 27 1 43 5 96 7 19 3 73 6 25 10 60 12 55 9 41 11 85
