50 15
1 20 10 45 13 34 11 9 5 71 9 78 0 8 8 90 14 42 4 72 6 40 7 62 12 93 2 40 3 31
12 23 0 66 11 45 5 54 9 88 7 50 4 18 2 13 8 76 13 51 1 21 14 98 3 9 10 24 6 18
4 10 9 64 8 56 1 62 13 55 6 15 14 23 10 18 11 22 7 76 3 76 12 37 2 83 0 42 5 39
9 12 0 97 13 35 2 93 7 4 5 50 14 36 6 51 1 71 4 28 8 67 12 49 3 18 11 59 10 75
13 64 9 21 8 25 0 53 11 50 3 46 12 48 6 32 2 9 4 5 7 27 14 40 1 23 5 98 10 63
1 48 11 74 3 1 14 17 0 37 2 51 7 6 5 45 9 73 4 15 8 15 12 90 13 86 6 6 10 8
3 65 13 28 2 58 5 13 7 73 12 25 14 72 10 18 9 57 6 87 1 88 4 8 11 88 8 29 0 71
8 8 6 32 9 43 10 13 3 49 14 38 4 74 2 84 5 14 11 25 7 91 12 31 13 20 0 24 1 54
12 62 14 11 5 27 6 51 10 52 13 35 9 49 0 7 1 8 7 65 2 69 8 31 11 50 3 63 4 89
2 68 5 60 10 67 0 11 1 70 8 86 6 68 7 79 12 73 4 77 9 32 3 16 13 54 14 82 11 8
7 98 11 27 6 74 10 11 14 77 13 12 8 23 4 5 2 75 0 9 1 20 5 63 12 59 3 96 9 33
10 17 14 7 1 9 5 85 7 88 8 29 0 87 4 26 11 78 12 21 3 7 9 14 6 63 2 57 13 42
5 4 0 48 10 49 7 64 11 40 8 94 4 91 14 20 9 46 2 79 13 12 1 63 12 21 3 99 6 20
13 1 4 80 10 77 3 48 0 52 11 11 9 53 14 58 12 46 7 98 6 86 1 2 2 89 8 11 5 82
13 72 8 22 1 16 7 77 9 86 5 70 11 71 4 87 0 57 2 22 3 78 10 8 12 81 6 37 14 47
7 32 3 55 10 27 5 41 11 48 13 87 6 34 14 25 1 18 9 38 8 92 0 89 4 9 2 1 12 48
12 71 1 8 7 53 6 18 9 29 4 66 5 40 8 89 14 78 11 14 2 3 13 5 10 56 3 72 0 67
6 49 12 42 10 54 11 67 13 52 14 43 0 97 3 45 5 48 8 46 4 24 7 37 9 75 1 39 2 81
0 88 9 79 6 36 5 52 12 20 10 1 13 30 4 76 8 83 14 84 2 32 3 54 11 97 7 4 1 42
8 89 11 58 14 9 13 68 7 38 5 34 2 55 10 34 9 2 3 40 4 89 6 32 0 58 12 19 1 18
8 54 10 77 0 13 6 43 3 28 9 6 14 2 12 48 2 33 7 87 11 93 13 52 4 71 5 92 1 87
9 12 12 36 6 44 14 25 13 8 5 22 11 57 2 34 4 89 3 40 0 20 10 95 7 31 1 61 8 11
1 72 13 63 7 27 11 32 10 42 14 85 3 32 6 24 12 87 9 26 2 12 0 60 4 53 8 69 5 49
11 44 3 31 5 70 1 41 0 23 4 34 10 80 2 14 9 61 13 25 8 27 12 89 14 58 7 18 6 90
2 9 1 62 5 29 11 7 0 46 12 84 3 54 7 66 9 47 6 3 4 40 14 87 13 38 8 46 10 97
8 67 5 5 1 94 14 54 6 30 10 28 13 49 11 87 12 62 0 25 3 41 2 26 9 47 4 4 7 93
9 10 8 50 14 67 4 55 10 14 2 64 11 37 6 33 0 62 5 58 13 51 3 53 7 53 1 99 12 82
0 5 9 18 1 29 12 14 5 21 3 32 7 50 2 7 13 70 8 19 4 68 14 69 11 46 10 30 6 65
13 57 4 95 5 60 7 17 10 89 6 95 8 24 12 12 1 1 11 51 14 64 3 77 0 82 2 9 9 95
3 41 5 65 2 49 4 58 8 35 9 68 1 11 6 3 11 81 7 66 0 28 14 49 13 58 10 55 12 5
5 29 9 3 10 10 7 19 4 22 2 14 11 38 8 72 6 7 1 14 13 22 0 42 12 45 14 70 3 54
1 18 0 31 11 96 9 41 8 20 2 60 13 7 4 20 7 30 3 36 14 52 5 99 10 25 6 52 12 40
4 53 11 7 10 33 13 57 14 34 9 68 3 79 0 61 6 49 5 80 1 88 12 51 2 5 8 82 7 85
7 19 9 92 12 11 11 3 14 20 1 18 8 38 2 4 13 43 0 69 3 84 4 29 5 47 10 68 6 22
2 90 8 95 6 39 13 90 10 38 12 55 0 64 11 19 14 55 7 1 4 36 5 94 3 47 1 4 9 47
9 86 7 36 2 92 14 98 1 6 3 50 8 91 10 66 13 55 12 23 5 78 0 88 6 33 11 71 4 46
2 31 13 17 3 49 8 76 9 10 5 73 4 20 0 7 7 38 14 89 11 37 10 36 1 78 12 15 6 28
3 82 0 70 1 24 11 8 14 73 2 46 13 47 6 97 4 64 10 1 7 37 5 57 9 77 12 53 8 33
3 88 2 24 8 78 9 57 10 56 5 42 0 75 11 71 12 7 1 33 13 37 7 62 6 94 14 55 4 86
10 82 7 8 6 77 13 48 9 8 12 42 11 24 3 91 1 68 8 53 0 33 14 54 5 46 4 59 2 77
2 49 14 86 8 7 10 99 3 61 0 22 9 75 6 31 5 60 11 55 13 71 7 10 4 33 1 60 12 35
2 78 1 60 14 67 10 98 13 10 9 27 7 7 4 92 6 9 5 67 0 2 8 95 11 97 12 84 3 45
3 72 9 13 8 20 13 87 7 19 2 33 4 9 14 94 1 54 5 57 0 66 12 47 11 13 10 12 6 15
4 24 5 30 1 14 14 97 13 89 10 25 6 43 12 45 9 16 3 87 11 40 0 59 8 23 7 13 2 3
8 69 2 87 14 20 9 5 0 95 7 14 3 76 6 42 13 44 10 13 1 82 5 95 12 95 11 95 4 90
0 6 7 8 1 18 9 27 8 61 6 31 5 5 11 28 3 74 2 31 14 70 12 33 13 74 4 19 10 74
12 5 6 37 14 55 2 47 11 27 7 51 4 74 10 74 9 5 3 32 5 55 0 31 13 14 1 94 8 12
0 42 6 34 14 61 8 58 2 64 7 17 12 12 11 88 5 83 1 75 10 30 4 8 9 33 3 42 13 34
9 75 10 41 12 97 8 42 2 38 0 83 6 86 11 92 4 6 13 5 14 22 5 1 7 56 3 21 1 21
12 8 13 87 9 55 6 25 3 88 8 91 4 11 14 99 0 95 5 91 2 35 10 40 1 53 7 8 11 8
