50 15
3 91 5 1 13 69 6 72 2 19 9 51 1 98 14 69 10 29 0 32 7 63 12 15 4 58 11 57 8 60
10 32 14 80 1 86 13 49 7 80 5 96 11 69 12 70 4 41 2 96 9 39 0 64 6 14 3 63 8 62
4 62 3 23 14 82 10 95 12 41 13 34 2 88 11 50 0 69 5 86 1 40 6 66 8 57 7 39 9 28
0 32 12 19 3 45 13 71 9 14 1 7 2 90 4 33 10 72 14 11 6 3 8 75 7 15 5 50 11 93
2 13 1 67 12 90 10 51 4 70 13 67 9 30 7 33 5 34 14 89 11 57 8 66 3 88 0 19 6 60
3 21 6 61 10 64 5 76 4 34 1 91 12 52 9 99 7 69 8 37 14 11 2 80 11 50 0 69 13 72
9 31 1 28 6 6 8 60 4 1 5 64 0 34 7 46 13 27 11 52 10 72 14 53 2 2 3 14 12 89
13 27 9 79 6 95 14 62 5 99 4 13 12 69 10 71 1 61 11 64 2 61 8 14 3 68 7 29 0 90
10 12 8 25 6 47 12 89 3 72 7 38 11 79 5 95 4 17 13 93 9 32 0 35 1 22 14 37 2 15
3 33 5 77 7 21 14 86 10 50 1 88 13 90 6 42 11 15 8 30 12 85 0 97 2 54 4 38 9 39
8 65 6 86 9 38 12 10 0 58 3 84 13 56 7 80 5 27 2 97 4 74 1 28 10 1 11 3 14 46
11 45 14 14 13 45 3 52 1 43 0 9 9 70 6 78 8 60 12 71 10 8 7 58 4 43 2 36 5 38
13 37 0 50 10 4 11 69 1 40 9 45 5 52 6 49 2 50 14 9 4 77 7 77 3 99 8 45 12 55
13 26 0 96 9 40 14 9 6 26 12 25 10 73 3 79 11 31 7 77 2 96 8 59 1 86 4 52 5 13
2 44 7 80 0 3 11 85 1 54 13 51 8 9 12 50 3 2 4 33 5 22 14 83 10 19 9 2 6 73
6 56 10 17 2 72 0 87 12 57 1 73 14 55 9 61 13 90 7 29 4 9 8 26 3 18 11 69 5 37
6 78 3 92 13 44 1 46 12 62 2 61 14 63 9 97 7 46 11 43 10 90 0 13 5 65 4 73 8 96
14 61 1 75 9 32 3 48 8 18 5 55 13 7 10 75 4 87 6 1 2 62 12 63 7 36 11 98 0 79
5 21 13 53 6 20 10 4 11 58 8 13 12 2 0 24 4 80 14 15 9 44 2 28 3 30 1 53 7 72
7 1 3 81 8 80 0 22 11 36 9 98 5 44 2 75 14 27 13 78 4 17 12 28 1 23 10 86 6 44
8 85 3 11 9 2 2 59 4 19 1 88 6 1 7 71 11 79 12 97 10 32 5 96 14 52 13 78 0 48
6 30 7 43 3 18 8 20 4 84 14 49 11 63 10 26 2 42 5 15 13 3 12 91 1 60 0 52 9 64
5 91 0 21 8 27 6 73 13 57 11 88 14 22 12 60 2 8 4 61 10 87 3 59 9 71 7 83 1 7
9 86 5 42 1 26 4 25 0 77 10 28 11 47 12 72 8 32 7 6 13 5 3 37 6 59 2 8 14 98
10 33 7 24 13 56 8 69 3 8 14 37 0 40 2 83 6 22 1 58 4 83 5 23 9 41 11 50 12 26
3 14 14 63 1 12 5 76 8 23 11 29 2 16 13 99 6 60 12 59 4 45 10 95 0 91 9 1 7 88
2 95 12 80 0 68 1 81 10 61 3 60 14 28 8 26 6 43 5 42 7 51 11 22 13 12 9 84 4 32
13 46 6 30 8 1 4 55 11 76 12 77 3 28 14 41 5 56 7 24 9 24 1 29 0 67 2 44 10 76
9 59 12 22 7 8 0 69 13 99 11 29 3 75 14 47 6 25 1 8 2 71 4 41 8 97 10 78 5 48
11 72 14 14 4 6 9 11 13 84 5 9 7 14 3 58 12 70 8 79 0 47 10 63 2 28 6 65 1 58
5 79 3 91 1 74 11 11 8 8 2 90 10 85 7 62 4 43 14 44 0 89 9 93 6 89 13 28 12 42
2 18 7 82 13 67 11 47 9 28 10 72 1 73 8 75 5 8 14 15 3 7 0 72 4 43 12 5 6 55
5 81 6 34 9 13 2 53 0 23 1 83 14 91 7 93 3 17 13 45 8 59 10 32 11 56 12 24 4 59
10 13 0 81 5 28 4 98 13 53 9 77 7 57 11 42 12 9 1 32 8 14 2 68 6 48 3 19 14 12
13 89 9 87 8 65 1 5 0 4 7 42 10 80 14 38 12 31 4 37 11 68 6 89 5 92 2 24 3 61
3 80 11 8 8 59 2 99 14 6 13 27 10 50 9 95 6 79 12 54 1 85 0 2 7 82 5 57 4 34
12 46 4 89 3 8 13 51 11 20 7 75 8 12 0 25 14 61 5 54 2 2 1 97 9 26 10 42 6 14
12 44 0 18 2 19 11 62 3 61 8 2 14 71 6 59 9 38 4 58 13 24 1 67 5 94 7 81 10 54
13 67 7 16 11 64 10 72 6 29 0 82 9 58 1 98 4 82 5 1 8 80 14 58 12 22 2 97 3 3
11 82 6 1 7 23 4 20 8 83 3 7 13 52 12 51 0 81 14 62 5 25 1 62 9 37 2 97 10 59
6 44 11 66 9 85 14 45 12 92 13 46 10 70 3 2 0 96 5 10 7 50 8 61 1 81 2 12 4 35
3 77 12 3 6 23 9 39 11 50 10 61 0 68 5 61 1 20 7 56 4 49 2 38 8 17 13 23 14 81
3 31 11 49 14 98 2 26 10 19 9 81 6 96 8 90 0 89 13 16 1 72 4 76 7 37 12 87 5 12
5 42 6 88 13 62 1 5 7 60 12 35 9 86 8 60 4 16 0 37 3 50 2 93 11 57 10 34 14 71
10 69 0 77 14 95 7 65 9 45 1 27 5 51 6 57 13 74 2 68 3 22 8 17 12 53 4 21 11 54
9 26 10 25 1 31 4 34 8 62 14 5 13 37 12 84 11 56 3 22 0 8 6 15 7 4 2 68 5 61
0 13 13 48 11 75 5 35 6 40 14 24 12 65 10 2 7 87 4 3 1 55 9 6 3 9 2 59 8 79
10 35 13 88 6 83 1 37 3 19 7 90 8 35 0 52 14 45 4 55 12 7 11 17 5 42 9 98 2 99
11 45 5 2 13 76 14 82 6 23 9 63 12 81 7 77 4 58 10 11 1 88 3 52 2 57 0 95 8 82
10 41 0 73 7 63 11 8 5 36 6 45 4 17 9 60 1 68 3 96 8 60 12 48 14 72 2 81 13 81
