50 15
12 58 1 43 4 77 10 46 6 89 11 68 14 22 2 33 0 99 7 3 13 15 8 50 3 64 5 40 9 3
4 88 0 8 12 94 1 75 8 58 5 99 6 65 10 65 2 6 9 11 3 1 14 8 13 12 11 98 7 57
11 55 1 27 10 26 8 34 14 30 3 94 13 6 2 35 0 72 4 13 6 42 9 42 7 80 12 87 5 41
11 71 13 93 5 99 3 32 8 8 1 88 12 3 6 95 14 36 10 89 9 25 0 92 4 7 7 75 2 45
10 78 8 64 0 88 1 57 4 74 7 98 5 20 2 70 3 41 6 6 14 86 9 94 12 81 11 83 13 2
11 38 12 57 0 69 4 26 10 92 13 69 14 88 2 31 7 14 1 85 8 91 3 92 6 75 5 2 9 5
14 86 2 1 11 53 10 33 7 82 0 14 6 39 12 5 5 12 4 73 3 10 8 80 1 19 9 62 13 98
5 81 14 68 4 60 12 9 1 45 11 81 2 77 9 76 0 46 13 87 8 50 7 21 6 61 10 96 3 1
1 72 11 86 2 47 8 38 14 59 13 25 7 48 0 21 3 33 4 52 10 16 5 5 6 74 12 48 9 36
3 13 12 75 11 68 13 47 4 90 9 84 0 81 10 55 6 60 1 67 2 50 14 12 7 27 5 36 8 9
6 72 3 64 11 38 14 13 8 22 2 39 9 44 5 30 10 4 0 9 1 78 13 60 12 22 7 92 4 61
10 29 0 84 9 60 7 92 14 74 12 57 3 24 4 82 1 17 5 75 6 8 2 99 8 2 13 51 11 95
11 81 9 53 7 15 5 69 10 69 8 94 0 72 1 53 14 51 12 14 4 76 3 10 13 7 6 7 2 67
7 54 10 75 1 38 12 59 11 68 2 21 4 25 5 69 0 94 3 92 9 39 6 38 13 8 14 11 8 52
12 35 2 68 5 27 3 13 0 36 4 99 10 16 9 80 11 26 6 95 13 44 7 11 8 90 14 10 1 1
1 74 6 25 8 41 12 13 3 80 5 35 0 27 13 30 2 73 9 28 11 30 4 80 14 2 10 77 7 13
10 38 6 16 3 16 7 52 0 20 4 36 13 70 1 30 5 84 8 15 14 26 12 31 9 26 11 81 2 84
10 36 14 76 13 89 6 25 12 30 4 95 0 86 2 31 11 95 8 92 7 58 5 48 9 43 1 19 3 73
13 20 6 76 10 17 7 59 5 38 12 41 3 37 9 78 4 63 8 93 2 80 14 37 1 92 0 6 11 61
0 60 13 56 3 58 12 30 6 15 9 18 1 60 10 45 2 70 8 11 5 34 7 62 14 33 11 68 4 5
7 25 9 47 0 47 14 68 13 5 6 75 2 42 3 47 11 53 4 39 1 21 5 76 10 80 8 11 12 40
12 25 10 5 4 72 7 73 0 49 2 70 11 41 5 95 6 13 14 70 3 57 13 52 1 21 9 5 8 12
4 50 3 51 10 40 9 47 0 52 5 58 12 10 6 1 8 37 11 51 13 53 1 61 7 73 2 5 14 65
12 43 8 90 2 34 11 29 5 81 4 45 10 21 1 49 6 87 3 34 9 73 0 58 7 30 14 31 13 1
9 11 0 20 6 11 13 5 2 99 10 88 14 90 7 58 3 20 5 51 1 20 8 79 4 21 12 30 11 59
1 78 11 12 14 69 13 81 12 75 9 86 7 53 10 19 3 48 0 88 5 19 8 37 2 41 4 64 6 7
11 81 5 45 4 36 8 18 6 8 1 27 7 84 0 21 3 85 10 90 13 55 2 39 9 59 14 54 12 96
12 87 7 15 11 39 1 15 8 30 6 90 10 48 14 68 3 56 2 12 5 26 0 53 9 68 13 95 4 54
9 42 1 38 5 50 14 86 11 92 6 84 3 19 0 84 2 72 4 12 7 69 12 3 8 88 13 17 10 91
8 40 6 7 14 92 2 49 13 86 1 50 4 56 0 74 9 54 5 28 12 27 10 14 3 90 7 22 11 46
10 58 14 93 8 98 0 50 9 88 6 94 13 53 5 91 4 39 3 44 1 78 12 72 7 19 2 30 11 1
9 25 7 70 14 64 11 77 0 64 6 86 2 69 5 61 4 68 1 3 10 21 13 50 12 16 3 72 8 12
5 1 3 26 9 96 2 82 12 78 6 80 14 27 11 24 13 3 7 92 10 5 8 31 0 40 1 94 4 29
9 68 10 14 3 39 13 85 12 82 4 67 14 23 2 79 6 51 1 99 7 37 5 19 8 29 0 64 11 55
1 34 10 64 14 31 2 56 4 99 9 7 6 21 7 33 12 5 0 31 3 99 5 30 8 53 13 19 11 57
8 39 5 81 1 94 12 1 6 37 2 39 9 43 3 83 14 27 7 28 0 13 10 71 11 38 13 38 4 6
13 66 8 82 12 36 9 85 7 45 3 92 1 75 10 66 6 49 11 19 5 12 14 25 4 31 2 20 0 7
14 1 1 85 13 18 10 74 8 78 0 65 9 22 12 84 7 92 3 88 6 2 11 39 2 47 5 92 4 75
3 75 6 35 11 36 7 16 9 25 12 40 8 40 4 53 5 87 14 77 2 99 0 2 10 20 1 84 13 15
4 2 11 43 2 61 3 59 9 11 14 81 5 29 10 39 0 89 13 31 6 90 1 35 7 11 8 13 12 61
6 94 0 92 5 86 7 51 2 47 4 40 12 3 3 46 10 39 1 70 8 64 13 99 14 62 11 64 9 91
4 43 13 46 10 4 6 84 3 97 5 1 0 84 8 89 2 63 9 8 11 82 14 19 1 71 7 71 12 59
6 41 12 15 4 98 2 85 14 33 1 23 8 67 5 68 9 45 10 6 3 92 11 58 13 23 0 94 7 70
2 49 8 70 7 11 14 79 1 70 10 33 6 33 9 23 0 61 11 47 13 79 4 30 12 73 3 10 5 46
9 77 12 61 11 73 1 22 8 39 5 3 13 16 14 43 4 11 0 90 3 57 2 6 10 33 7 2 6 77
9 2 5 45 7 71 14 48 4 20 1 79 12 80 6 41 13 44 11 48 0 14 3 10 8 59 10 93 2 49
14 77 13 97 12 56 1 80 9 59 10 15 3 11 5 49 4 57 11 37 0 11 6 28 7 85 2 88 8 75
9 28 13 94 11 92 12 28 7 50 3 33 4 6 10 18 14 55 2 2 6 81 0 29 5 28 8 82 1 85
6 27 10 61 8 35 9 45 5 97 4 22 14 49 3 59 12 82 0 4 13 47 11 64 1 89 7 27 2 3
2 8 5 10 11 27 7 7 0 65 9 1 14 51 6 59 13 60 4 58 10 57 8 6 3 93 1 42 12 66
