50 15
12 78 9 53 11 2 8 15 4 11 13 51 2 91 10 8 7 6 14 97 3 37 0 95 6 25 1 21 5 86
4 87 6 70 0 67 7 38 12 84 8 89 5 85 10 58 13 5 1 5 11 78 2 69 3 95 9 79 14 39
7 16 11 71 5 46 12 21 6 62 14 68 2 22 1 38 10 52 4 83 0 27 9 92 3 38 8 47 13 77
3 5 4 38 0 21 14 25 9 1 1 92 13 19 8 88 10 53 6 39 12 69 11 18 2 79 7 78 5 47
6 72 7 34 13 92 0 8 9 3 4 50 8 40 1 71 10 99 2 90 11 68 3 71 14 72 5 13 12 3
7 61 0 78 2 1 3 40 14 72 6 84 8 72 11 78 1 8 13 84 4 61 5 62 10 15 9 57 12 48
2 59 13 40 5 24 8 18 14 20 7 92 3 15 10 87 4 37 12 44 9 38 1 7 0 60 11 89 6 68
5 91 13 50 14 50 12 8 11 98 3 85 9 88 7 5 6 81 4 48 1 65 0 50 10 10 8 40 2 84
5 59 7 79 10 96 0 55 14 59 12 68 4 33 8 11 2 74 3 39 13 18 9 91 11 46 6 84 1 78
3 10 11 20 6 1 5 12 2 3 7 36 10 20 1 89 13 44 4 20 8 24 9 74 14 70 0 88 12 73
5 33 7 8 12 68 14 98 6 45 13 59 11 77 2 66 0 52 9 85 3 11 8 41 4 58 1 78 10 6
13 56 3 69 12 65 7 36 0 88 4 35 5 99 6 40 10 42 1 43 2 31 11 43 8 24 9 82 14 44
0 59 2 33 8 99 11 40 10 94 5 76 3 91 6 93 14 40 9 74 7 23 4 8 1 71 12 38 13 54
7 76 5 33 2 8 12 86 3 51 6 95 14 63 11 19 0 88 13 13 9 70 8 56 1 61 4 53 10 73
1 96 10 77 0 4 8 75 2 89 3 25 9 59 4 23 12 18 6 63 5 90 7 24 14 65 13 63 11 64
11 22 13 73 3 68 8 73 4 13 14 82 2 32 10 81 0 75 7 27 12 78 9 97 5 58 1 28 6 74
0 97 8 29 14 44 11 62 13 34 5 70 7 51 3 62 1 7 6 79 10 86 9 97 12 38 4 5 2 84
1 79 2 68 0 28 8 5 3 64 4 24 13 35 7 48 9 79 6 35 10 52 11 95 12 19 5 43 14 32
3 42 0 55 13 66 7 60 10 26 12 80 6 83 1 62 14 41 11 8 5 54 4 76 2 22 9 86 8 28
6 21 13 74 7 40 12 72 14 23 5 53 2 4 0 11 4 85 1 24 9 24 3 3 8 99 10 53 11 98
6 26 13 21 7 31 11 73 9 67 8 53 3 76 5 5 10 35 12 35 0 82 2 29 14 78 1 7 4 93
2 40 7 36 13 33 3 54 5 22 9 10 1 79 14 29 10 23 12 88 6 98 8 24 0 52 11 16 4 94
5 45 10 17 6 88 11 73 13 88 9 18 1 67 4 51 14 64 2 37 0 57 3 7 12 9 7 93 8 83
2 27 8 12 5 98 7 10 4 11 1 50 13 66 0 72 9 5 3 59 11 25 6 14 14 59 12 47 10 67
3 34 8 23 2 45 4 65 1 30 14 7 6 4 7 74 12 74 0 74 10 98 13 74 11 52 9 68 5 7
3 40 5 67 9 90 0 39 7 83 2 73 6 68 12 97 1 17 4 61 8 5 13 93 11 58 14 16 10 79
9 53 3 66 6 5 13 94 11 92 14 32 2 36 10 71 0 5 1 59 12 21 4 69 7 86 8 38 5 24
14 79 1 11 9 41 5 18 11 12 10 84 8 23 6 81 3 59 2 69 13 65 4 90 0 6 7 15 12 95
4 74 11 50 7 9 8 32 1 46 9 22 5 55 13 42 10 74 2 63 0 47 3 90 12 62 6 18 14 78
11 12 9 39 13 16 8 85 12 79 14 92 3 79 4 51 7 22 1 8 0 64 6 16 10 20 2 39 5 80
14 92 11 81 10 47 8 95 4 41 0 72 2 1 5 3 1 22 12 31 13 78 7 45 6 81 3 42 9 27
3 17 5 64 12 57 6 47 9 38 7 77 10 57 2 27 1 81 0 70 14 78 4 6 11 17 8 11 13 64
2 98 5 68 14 89 11 98 13 92 6 4 0 80 3 45 10 13 12 20 7 10 9 28 8 6 4 93 1 71
12 29 5 27 0 53 3 85 7 45 1 88 2 51 10 76 8 89 6 38 4 46 13 85 11 48 9 69 14 33
13 75 5 54 1 55 11 76 10 62 3 89 6 59 9 60 7 20 4 4 12 79 14 23 8 90 2 43 0 28
13 3 8 28 3 31 9 17 2 52 14 12 6 27 11 99 4 37 7 93 10 28 12 31 1 6 5 75 0 2
8 51 12 78 10 38 6 4 3 58 9 5 5 73 4 66 0 51 2 12 1 63 13 29 7 66 11 59 14 59
11 56 9 29 0 13 8 7 6 98 12 80 10 99 14 25 1 57 2 61 5 16 3 78 4 12 13 57 7 5
7 27 8 94 0 19 3 45 12 35 6 32 4 76 14 4 2 78 1 70 13 90 9 91 10 57 11 90 5 51
5 95 12 17 8 63 13 77 14 26 2 84 6 18 1 24 9 60 7 6 3 86 11 19 4 77 10 76 0 5
8 21 11 28 13 15 3 86 6 20 2 29 14 87 9 70 5 60 1 93 4 41 7 6 12 61 10 6 0 71
2 2 3 96 10 93 8 83 7 65 14 87 6 84 12 85 9 46 11 27 1 31 5 41 13 26 0 73 4 36
11 2 2 54 5 39 9 96 6 96 14 64 8 10 13 47 1 37 12 96 0 45 3 89 4 88 7 58 10 71
10 68 11 82 3 6 7 95 4 92 0 88 1 95 5 86 2 53 6 39 13 68 12 66 14 38 8 32 9 75
10 40 13 65 8 95 5 25 14 20 9 50 1 57 7 49 0 55 4 5 3 25 12 61 11 84 6 27 2 9
8 35 1 64 9 94 11 68 0 73 3 13 4 41 7 71 6 54 14 60 13 77 12 39 10 86 5 67 2 78
6 77 8 97 3 89 13 23 4 50 2 13 11 27 7 49 0 88 5 44 10 77 1 41 12 61 9 48 14 6
6 58 2 34 4 48 5 79 14 47 1 23 9 84 0 39 11 74 3 69 7 21 12 70 10 35 13 58 8 58
11 55 14 30 4 39 12 38 8 89 5 76 10 57 9 78 7 42 6 75 3 91 1 90 13 9 2 83 0 57
8 19 13 57 5 21 0 17 14 81 6 8 3 2 2 73 10 36 11 10 4 84 9 36 1 13 12 99 7 73
