50 15
11 45 12 47 13 74 14 57 0 12 4 41 2 18 7 73 6 77 3 59 10 33 5 32 8 80 1 44 9 12
1 24 10 92 9 65 8 82 6 21 2 99 3 21 11 5 13 45 0 44 7 61 12 72 14 5 4 69 5 6
0 28 13 72 14 66 2 41 12 42 10 21 5 98 9 13 1 18 7 1 6 33 11 82 4 25 3 36 8 66
7 40 10 49 1 89 5 93 8 47 9 5 14 22 0 33 2 93 3 30 11 20 4 35 6 77 13 78 12 60
0 58 10 23 1 98 8 98 4 60 12 93 6 84 5 58 9 22 2 60 3 67 7 38 13 94 14 29 11 50
8 2 11 25 5 97 4 40 0 92 13 5 10 94 1 87 2 80 6 48 3 31 9 90 14 27 12 96 7 27
5 14 12 52 3 79 10 15 8 70 9 79 1 64 7 90 14 9 11 22 13 84 6 17 4 13 0 15 2 98
10 16 2 7 11 66 0 54 7 12 13 59 14 96 5 7 4 44 1 36 8 52 6 21 9 95 3 85 12 39
13 81 8 72 0 69 3 82 7 54 5 49 1 99 9 38 12 73 6 96 10 22 14 79 2 14 11 69 4 39
5 64 12 28 9 85 6 39 1 31 11 83 10 48 3 9 0 92 7 96 4 38 8 12 14 11 13 27 2 19
12 35 4 44 3 22 2 59 0 52 10 20 8 81 6 40 11 61 9 59 5 60 13 11 7 25 1 42 14 48
14 42 4 49 0 28 10 43 11 65 13 3 2 25 5 84 6 79 12 71 7 55 1 50 9 59 3 51 8 19
13 20 5 7 3 85 11 61 0 17 1 91 12 28 14 17 8 62 7 49 2 9 9 18 10 34 6 20 4 75
9 84 8 43 7 1 13 51 2 50 12 76 4 11 0 13 1 73 10 60 14 24 3 28 11 48 6 85 5 88
12 63 13 39 1 9 5 28 9 78 3 26 8 60 2 42 10 78 0 66 14 75 11 41 7 70 6 44 4 34
0 33 2 44 1 78 13 33 14 86 10 53 11 3 7 66 12 15 3 42 5 87 4 43 6 94 9 78 8 30
7 13 14 79 2 38 6 14 13 38 9 32 11 22 12 51 10 88 1 97 3 73 8 99 0 41 4 26 5 60
0 61 12 71 5 42 13 33 1 5 2 25 8 25 10 21 6 72 11 24 4 86 7 78 3 35 9 29 14 86
14 53 1 5 3 33 2 15 12 41 0 47 13 75 6 24 11 21 5 60 7 42 8 19 10 30 4 51 9 7
8 98 3 64 11 47 14 50 0 28 7 40 5 21 1 54 12 58 4 96 13 7 9 16 2 22 10 56 6 93
2 30 5 91 1 24 12 79 8 44 11 29 9 46 3 54 13 93 6 58 0 83 14 5 7 62 4 83 10 10
1 99 11 59 5 35 14 40 6 98 4 24 10 19 12 79 8 59 9 60 7 30 3 4 13 3 2 89 0 70
5 23 13 50 9 69 6 71 1 70 2 78 4 67 0 47 7 98 12 70 3 49 8 49 10 77 11 96 14 65
8 10 11 50 4 96 10 33 6 42 2 55 7 47 3 53 0 79 9 58 12 67 13 4 5 25 14 80 1 45
14 65 0 19 2 28 1 3 12 6 11 50 4 75 10 55 3 70 7 60 8 63 13 83 9 50 5 32 6 71
6 57 9 3 3 93 1 64 0 66 12 17 14 93 7 92 5 93 8 28 13 64 4 83 10 23 2 71 11 11
8 31 2 35 13 21 7 87 11 23 6 53 1 27 3 41 12 80 9 25 14 42 4 1 5 51 10 84 0 47
13 36 8 24 10 34 14 57 0 73 9 8 11 53 3 48 1 19 7 39 12 97 4 42 6 30 2 71 5 35
12 81 8 11 1 69 2 82 5 76 11 82 0 52 4 16 14 49 9 58 3 3 6 3 10 81 13 90 7 69
9 17 3 93 11 90 10 65 12 36 13 88 1 59 7 93 6 25 5 2 2 94 0 11 8 89 14 32 4 60
12 17 1 30 7 21 4 15 2 23 14 69 5 3 6 97 8 36 9 43 10 64 3 50 0 68 11 32 13 29
5 53 14 83 13 2 2 13 9 56 11 70 7 91 3 48 12 39 6 36 8 75 1 81 0 91 4 64 10 1
9 33 8 83 0 81 14 3 7 41 10 84 2 63 1 68 5 70 3 4 13 35 6 16 11 20 12 21 4 54
6 93 4 36 9 77 5 97 3 68 2 34 8 33 7 65 14 13 13 24 11 39 12 35 1 90 10 95 0 83
10 40 14 44 2 1 9 30 8 92 1 11 3 25 7 52 0 5 4 44 5 76 11 43 12 99 13 11 6 74
12 72 8 84 7 62 14 82 3 84 4 85 11 11 6 34 10 10 5 24 9 96 0 91 1 65 2 74 13 44
5 95 6 22 9 60 2 22 14 95 13 29 1 58 8 42 12 44 11 15 0 68 10 55 7 11 4 95 3 96
5 67 3 83 10 23 9 11 4 2 11 66 2 31 0 52 12 94 14 42 6 64 7 10 13 34 1 55 8 88
13 63 9 64 1 15 14 45 3 86 11 54 8 76 7 24 0 68 10 51 6 6 2 93 12 62 4 53 5 50
7 8 12 47 10 38 14 4 1 2 6 69 11 43 3 57 5 2 9 87 4 38 8 60 13 65 2 87 0 82
7 48 0 14 1 12 14 74 6 76 9 78 11 20 4 76 2 20 5 27 13 35 3 92 12 51 8 82 10 95
3 1 4 91 0 16 1 47 5 33 10 98 12 72 7 1 14 20 9 31 11 46 13 26 2 63 8 61 6 25
1 99 6 8 14 81 2 97 9 97 13 61 8 32 11 88 7 77 10 89 3 68 4 56 12 80 0 36 5 36
14 16 4 19 13 29 6 66 0 18 2 58 12 65 3 39 8 54 11 65 7 42 5 22 10 74 1 32 9 92
5 38 14 90 7 62 12 43 8 11 3 73 9 64 10 11 11 6 6 40 1 55 0 31 13 60 2 68 4 38
14 14 12 84 6 22 8 63 3 7 0 75 11 74 7 95 4 17 13 8 2 91 9 71 1 32 10 49 5 14
6 60 2 83 7 17 1 71 3 57 10 36 4 85 9 13 8 82 0 49 14 41 5 34 12 73 13 10 11 44
7 5 11 15 3 4 12 23 1 45 0 32 5 59 14 33 10 57 13 59 9 60 2 48 6 35 8 6 4 33
9 15 14 16 11 64 6 23 10 69 7 68 4 44 2 14 0 56 8 59 1 93 3 65 13 91 5 76 12 4
8 17 9 15 0 7 5 13 11 18 14 52 7 81 4 55 1 77 12 94 10 40 13 59 6 89 2 97 3 45
