50 15
8 48 3 54 13 74 0 1 7 44 4 2 14 96 9 87 10 31 12 31 5 12 6 78 11 26 2 34 1 6
7 17 6 66 3 8 9 19 0 3 14 90 8 1 10 59 2 62 1 43 5 33 12 32 11 26 4 84 13 46
9 13 11 70 7 16 0 89 4 97 2 17 13 68 1 55 6 60 3 28 14 34 10 85 12 15 5 92 8 2
1 52 3 64 8 17 9 49 13 72 6 66 0 90 12 78 5 8 2 41 11 18 4 17 14 76 10 64 7 6
8 3 7 63 6 75 0 53 9 99 10 66 2 15 5 74 12 65 3 59 13 89 1 45 4 23 14 93 11 91
13 64 3 19 6 40 5 73 4 88 14 94 10 35 9 52 8 61 7 11 11 54 2 34 1 13 12 8 0 73
8 67 5 44 1 75 14 51 0 32 4 62 12 7 13 97 2 34 6 71 3 41 11 62 10 9 9 70 7 74
3 39 6 76 7 17 9 36 12 4 14 19 11 37 2 90 4 94 0 6 1 73 13 95 10 43 8 16 5 75
12 26 1 90 3 42 13 9 14 62 0 61 6 35 4 73 9 79 5 36 8 85 11 82 10 2 7 33 2 43
5 46 7 19 12 59 1 37 13 74 9 46 0 13 6 94 10 1 14 75 2 21 8 26 4 89 3 93 11 28
5 55 9 24 10 5 8 74 3 44 13 85 12 3 0 15 4 20 14 32 11 64 1 94 2 94 7 52 6 81
4 20 11 49 2 34 9 31 14 91 3 35 0 63 6 65 10 37 8 68 1 52 7 33 12 1 5 72 13 6
11 46 13 14 3 72 8 86 9 23 2 63 10 24 1 95 6 85 12 24 14 41 0 66 7 92 4 17 5 96
8 51 9 1 6 6 2 73 0 63 3 2 11 59 13 89 10 90 1 79 4 36 7 83 5 97 14 29 12 5
12 93 0 9 14 17 3 85 8 8 6 13 13 2 2 89 5 58 11 12 9 75 10 61 4 41 7 84 1 16
9 90 7 92 13 29 5 54 14 59 10 50 0 77 11 32 6 57 4 75 8 41 3 30 1 60 12 2 2 16
14 57 2 26 1 30 5 99 7 41 13 91 6 39 11 40 3 23 10 91 0 71 8 55 9 72 12 81 4 82
14 47 6 14 7 95 2 52 13 48 11 99 8 37 10 68 3 43 5 65 9 99 4 28 0 82 1 14 12 64
0 20 13 47 7 83 9 77 14 97 3 42 12 19 11 98 8 27 4 42 6 93 5 92 2 57 10 38 1 85
9 57 12 11 1 3 4 76 14 6 13 55 6 8 8 9 5 62 11 49 2 53 0 41 3 95 7 17 10 81
1 65 2 37 8 1 13 82 6 81 12 6 9 29 11 25 5 52 3 14 4 83 7 27 10 90 14 39 0 17
3 27 13 10 10 78 14 18 4 98 11 15 9 53 8 1 6 4 5 79 2 38 12 98 1 48 0 38 7 37
11 21 4 95 8 83 5 79 6 98 10 51 3 35 1 74 9 75 2 54 14 43 13 40 12 92 0 19 7 45
7 55 0 31 14 64 8 12 5 67 10 5 13 88 4 29 9 5 3 13 2 50 12 43 6 93 11 38 1 97
9 98 5 18 3 16 6 13 4 91 14 54 8 18 7 94 2 58 11 74 10 50 13 40 12 25 1 22 0 46
2 28 3 71 7 23 10 80 0 96 4 38 14 92 1 12 6 5 5 19 11 20 12 47 9 97 13 96 8 1
12 41 4 45 2 94 10 24 11 6 3 64 6 13 14 90 13 99 9 90 1 91 5 42 0 71 7 59 8 59
12 40 4 45 10 91 0 91 9 53 7 1 5 3 11 67 14 91 2 2 6 77 1 85 8 48 3 64 13 85
5 43 1 42 11 49 12 19 4 33 8 43 13 42 6 91 7 99 3 18 0 33 2 73 9 66 14 22 10 88
1 52 10 18 11 80 0 49 5 50 8 6 2 85 14 81 6 8 3 30 13 53 7 63 9 26 4 51 12 6
6 73 12 12 14 4 11 18 10 42 3 93 9 20 2 53 0 71 1 98 4 57 13 74 7 22 5 71 8 17
11 61 8 65 13 17 12 71 5 26 4 92 0 65 1 57 6 44 3 52 7 29 9 59 2 38 14 67 10 70
9 99 7 4 11 10 4 81 8 92 1 87 6 7 0 82 2 2 10 21 14 97 13 10 5 92 3 70 12 66
3 49 12 17 14 90 11 30 6 89 5 4 10 61 1 86 8 60 9 13 4 52 13 92 2 13 7 25 0 71
10 96 13 7 0 14 6 43 5 24 8 48 3 85 4 58 12 50 7 44 2 16 9 18 1 3 14 54 11 46
3 88 6 81 0 23 8 93 13 5 12 58 5 82 7 21 2 26 1 83 11 85 4 94 14 80 10 73 9 95
12 98 0 57 13 58 1 55 3 76 10 93 2 78 8 87 11 88 7 47 4 25 5 40 9 2 6 51 14 84
7 71 10 62 3 78 13 32 11 53 2 90 12 90 5 43 8 11 9 73 0 80 14 20 4 95 6 4 1 60
4 29 13 84 1 36 11 96 8 36 9 13 7 3 6 75 0 79 10 96 2 68 5 37 3 83 12 27 14 12
1 94 11 84 12 46 5 12 6 12 10 60 9 54 14 71 3 92 4 45 0 72 13 67 2 98 7 86 8 83
4 24 13 54 14 15 1 64 7 98 11 19 6 67 2 81 8 1 5 96 3 32 9 77 0 58 12 48 10 21
5 7 7 29 2 62 10 98 1 22 12 20 8 58 6 12 14 38 11 71 13 63 9 11 4 71 0 68 3 8
14 63 7 34 1 26 6 47 4 28 9 1 0 62 11 82 2 71 12 60 10 44 5 35 8 23 3 54 13 82
12 3 14 68 10 92 1 1 13 55 9 12 2 49 7 18 11 74 6 98 5 70 4 83 3 99 0 43 8 47
2 60 4 30 3 15 9 37 7 12 14 37 12 33 8 65 11 94 6 29 5 1 1 19 13 78 0 58 10 93
14 84 13 88 9 53 4 76 10 50 6 38 7 44 8 88 1 68 11 8 12 55 0 84 3 36 2 88 5 34
9 76 14 25 4 80 10 18 12 67 7 57 1 53 3 83 11 28 8 47 5 24 6 80 13 21 0 49 2 90
3 65 14 73 5 22 9 53 10 95 4 83 7 17 13 72 6 26 0 85 8 24 11 37 1 64 2 49 12 5
0 79 1 87 5 80 7 95 4 6 9 58 12 96 14 53 10 85 3 35 6 62 8 12 13 17 11 65 2 6
4 89 14 61 2 2 9 84 6 37 5 2 3 67 13 31 7 99 11 37 12 28 0 4 10 57 8 87 1 86
