50 15
13 51 10 67 4 41 8 85 11 82 12 25 0 91 1 71 7 11 2 71 14 63 6 87 9 32 3 24 5 20
11 90 14 58 0 41 10 44 13 32 7 88 3 89 12 67 8 92 4 45 9 47 6 23 1 83 2 76 5 25
9 6 5 26 7 26 2 13 14 62 13 87 8 87 11 59 6 93 3 96 12 92 4 3 1 29 0 42 10 29
6 37 1 88 3 98 0 26 12 9 9 60 11 2 5 95 2 53 7 72 10 67 8 88 13 49 4 15 14 1
1 1 14 19 6 95 13 5 4 42 8 60 5 95 12 2 0 16 2 56 11 71 9 26 10 49 7 31 3 78
12 11 6 29 4 36 7 84 5 73 9 39 1 59 8 82 10 23 3 26 2 35 13 9 14 61 0 12 11 95
14 53 1 31 8 28 6 82 4 16 13 92 7 31 12 30 11 75 0 43 2 80 5 74 9 14 10 46 3 74
12 47 3 18 11 24 8 88 10 57 14 83 6 67 4 83 9 55 2 58 0 23 5 92 1 49 7 65 13 12
12 82 0 50 13 76 7 70 10 50 1 38 9 36 3 91 6 6 4 83 5 45 14 78 8 37 2 64 11 9
13 29 3 94 8 31 7 86 9 97 12 9 2 4 14 43 1 92 5 58 6 56 4 23 10 82 0 35 11 20
10 13 0 53 6 35 8 97 9 43 11 50 12 75 13 57 3 99 14 59 5 99 1 43 4 81 7 44 2 29
12 57 14 62 1 14 2 63 3 95 0 76 13 96 6 47 11 84 4 1 7 87 8 58 10 53 9 53 5 52
7 67 8 80 5 58 3 95 9 16 6 23 11 39 13 55 0 73 1 29 12 52 14 38 4 41 2 25 10 28
9 85 10 85 14 23 12 95 1 1 4 42 6 96 3 77 0 21 5 82 11 43 7 72 13 98 8 17 2 48
3 93 11 82 8 53 1 37 9 47 2 87 4 57 0 35 14 30 12 43 7 67 5 15 6 6 10 17 13 72
8 56 2 31 10 99 1 66 9 64 12 85 13 45 14 38 3 74 0 84 4 59 7 48 11 68 5 94 6 38
14 4 7 86 9 52 3 89 11 89 0 89 12 95 10 60 2 98 5 23 13 60 1 59 6 12 8 63 4 41
1 97 12 64 9 19 14 22 7 30 5 99 10 1 11 67 4 27 8 26 2 2 6 76 0 95 13 18 3 59
12 14 0 72 5 68 10 40 3 47 11 48 13 16 7 52 2 12 9 55 14 4 4 64 6 19 1 87 8 2
7 74 12 2 2 23 1 39 6 89 10 21 3 67 4 77 5 44 13 77 8 8 0 53 11 62 9 33 14 50
2 96 6 25 13 6 12 58 10 68 4 88 14 90 11 73 8 34 1 80 5 15 7 9 3 67 9 60 0 90
2 57 7 64 5 22 3 40 4 56 14 31 9 26 10 69 1 36 0 92 11 74 6 64 13 79 12 85 8 30
9 61 14 94 3 19 5 66 11 1 6 83 8 26 13 92 12 84 0 98 4 74 2 78 1 7 10 32 7 21
0 29 5 95 8 41 2 55 1 26 11 30 6 60 3 46 10 42 14 2 12 59 4 29 7 31 13 42 9 54
7 42 3 82 11 99 5 26 4 74 2 85 1 56 13 52 6 31 8 92 14 98 12 83 0 57 9 7 10 62
12 39 11 89 5 65 3 39 4 48 9 11 7 82 13 70 8 25 14 31 2 45 10 99 6 45 1 9 0 10
9 56 13 72 6 4 11 31 8 13 3 57 0 6 2 70 5 31 1 47 7 30 14 70 4 31 12 92 10 65
11 94 6 88 8 81 2 35 3 75 14 93 12 62 7 52 1 13 0 56 4 29 13 88 10 93 9 50 5 82
4 5 9 90 3 58 7 4 1 96 10 64 12 97 13 68 8 76 14 86 11 68 6 15 2 83 0 29 5 30
14 87 12 79 6 69 0 12 9 44 13 80 10 3 5 39 2 72 4 51 1 82 7 69 8 23 11 91 3 64
1 98 11 34 12 65 6 34 3 53 2 93 0 57 9 19 13 78 7 52 8 14 10 68 4 78 5 37 14 24
10 13 4 81 12 60 5 17 13 37 8 20 9 97 3 58 11 37 7 67 14 4 1 2 2 16 0 16 6 7
7 30 3 11 12 12 14 67 1 88 0 24 11 34 8 11 2 64 10 93 6 12 9 55 5 80 4 6 13 35
4 71 3 42 14 95 7 83 9 15 5 29 10 97 8 10 13 35 12 67 2 35 1 37 0 64 6 49 11 23
14 78 12 61 6 60 9 47 13 47 0 46 3 81 2 12 8 52 5 25 7 53 11 81 10 23 4 43 1 40
2 66 9 33 14 70 0 82 5 99 10 88 8 36 13 69 1 35 11 67 3 9 7 45 6 8 12 74 4 20
10 1 0 36 14 79 2 34 9 10 11 45 3 42 4 3 7 29 8 51 12 84 1 67 5 97 6 52 13 76
11 31 0 32 9 7 10 10 5 87 1 78 4 81 7 59 8 50 13 28 12 65 3 86 14 93 2 31 6 97
10 33 6 80 12 27 4 28 3 83 11 8 8 51 13 93 5 40 0 73 14 32 7 14 9 20 2 42 1 88
2 70 11 92 4 21 0 80 6 76 14 28 3 55 12 12 8 64 7 67 13 30 1 85 9 97 5 62 10 11
14 58 3 92 0 69 11 2 9 53 2 49 1 89 12 33 6 24 7 88 4 92 10 82 13 10 5 59 8 33
0 91 14 74 3 76 5 13 9 20 1 91 2 3 8 58 12 79 4 63 10 14 11 33 7 52 6 19 13 92
5 85 14 40 12 97 3 80 10 76 8 36 13 76 9 4 2 12 1 29 0 42 11 43 4 39 7 15 6 70
6 32 11 27 0 6 10 49 2 36 4 21 9 77 13 32 3 32 5 13 7 65 1 62 12 80 8 77 14 80
13 79 4 89 10 92 0 35 8 87 12 94 1 75 2 9 6 16 14 19 5 1 9 58 7 8 3 37 11 9
2 5 3 82 9 80 6 92 12 59 7 51 10 49 5 97 13 81 14 17 1 97 4 41 8 48 11 7 0 63
0 70 11 86 10 82 2 13 13 90 3 51 5 66 9 31 4 35 8 1 6 46 7 16 1 38 12 47 14 91
12 22 1 49 0 71 6 89 13 68 3 10 5 53 11 93 8 63 4 89 2 24 7 91 9 57 10 74 14 60
3 53 1 43 14 37 8 13 11 9 9 43 6 31 0 72 2 30 13 18 4 90 7 33 5 57 10 87 12 52
9 83 14 67 5 78 8 99 7 53 4 50 3 90 11 78 6 99 0 85 1 9 13 68 10 23 12 46 2 22
