50 15
14 88 9 66 5 70 2 69 6 20 1 28 4 70 3 83 7 31 11 7 13 92 0 91 10 19 8 12 12 9
14 27 10 19 6 8 9 96 4 47 11 95 12 31 2 11 13 69 0 60 5 76 7 42 8 81 3 5 1 19
13 94 14 26 8 21 3 62 6 50 7 23 9 44 11 17 5 98 1 59 10 29 12 95 2 11 0 50 4 22
13 21 11 27 4 32 10 27 5 11 0 49 8 52 6 19 3 12 2 36 14 49 12 32 1 16 9 71 7 16
5 66 6 77 2 58 0 86 13 65 3 66 7 27 14 54 11 78 4 62 1 68 9 45 8 60 12 57 10 23
12 84 7 29 14 5 1 69 8 92 13 77 3 21 2 12 11 21 0 2 6 83 10 73 9 87 4 9 5 91
9 85 14 97 2 43 11 42 7 73 6 75 4 64 5 30 3 83 12 9 1 10 13 6 10 20 8 86 0 33
9 44 4 6 5 65 12 66 8 68 3 13 0 84 10 20 6 52 1 22 13 85 2 53 14 57 7 10 11 91
13 85 7 51 5 45 0 31 14 76 1 83 6 48 8 55 11 45 12 21 3 94 10 48 2 7 9 67 4 21
9 51 1 40 5 58 7 24 8 62 2 95 10 56 13 89 12 6 4 5 14 1 0 48 3 82 6 34 11 9
8 48 7 3 11 82 12 53 0 87 6 49 1 52 14 51 3 98 13 7 9 85 2 30 4 23 10 78 5 55
0 60 1 48 9 54 3 78 10 98 12 45 5 80 4 85 14 29 8 83 6 39 13 54 11 56 2 60 7 96
4 45 11 55 0 31 7 59 10 89 5 12 1 79 2 21 12 27 14 42 8 1 9 74 3 7 13 29 6 2
4 51 0 77 2 70 10 72 1 66 7 93 14 58 13 10 9 64 5 79 3 79 8 41 12 58 11 33 6 10
12 55 8 70 2 22 3 16 11 80 10 8 7 56 14 64 4 27 13 37 5 1 6 9 0 36 9 32 1 73
5 82 10 51 11 45 4 88 8 53 2 93 14 87 9 35 0 12 1 93 7 6 6 72 12 92 13 67 3 60
11 61 2 69 6 98 4 36 10 21 12 21 3 79 14 29 1 73 13 81 9 78 0 79 7 76 8 32 5 98
0 1 9 3 11 21 4 95 10 93 5 41 14 94 13 37 7 21 8 18 6 98 2 43 3 47 1 67 12 84
1 44 6 3 3 81 7 43 5 78 8 27 13 85 10 69 11 4 9 90 12 87 4 34 0 17 14 50 2 18
13 93 1 52 6 38 10 59 14 62 11 79 8 93 7 86 12 66 0 53 3 38 2 28 4 68 5 13 9 71
5 95 11 50 13 43 6 32 10 43 9 62 12 35 7 63 3 26 14 80 1 11 0 16 2 52 4 74 8 39
2 86 4 16 12 30 3 49 1 64 10 34 7 1 13 50 8 69 9 49 0 45 5 60 14 96 6 40 11 78
8 72 3 25 6 44 4 43 5 94 10 86 11 28 14 72 7 38 12 8 9 22 13 71 2 70 1 68 0 85
8 48 11 14 9 5 13 8 7 39 0 93 12 86 5 20 14 23 4 34 2 39 10 32 6 51 1 68 3 20
8 42 6 15 10 68 9 60 12 92 3 15 4 25 13 56 11 69 5 8 0 91 7 89 14 45 2 92 1 62
11 64 8 36 6 13 1 18 5 2 2 10 9 48 7 73 14 59 3 76 10 26 12 22 0 40 4 28 13 19
10 71 11 76 6 95 0 43 7 47 3 31 5 93 14 6 4 41 1 33 9 6 8 8 2 16 12 89 13 37
8 89 3 56 11 56 0 29 10 18 5 64 1 46 4 84 7 89 12 28 9 11 14 90 6 10 13 94 2 2
1 17 6 76 8 58 10 67 5 61 12 53 13 55 14 4 2 26 0 38 4 21 3 77 9 64 11 48 7 73
1 55 6 33 0 12 2 5 4 24 11 48 3 51 12 14 13 98 8 84 9 32 14 93 5 14 10 20 7 43
5 79 1 98 3 84 12 50 6 45 14 2 10 50 9 71 2 82 0 61 8 75 7 62 4 15 11 91 13 9
4 44 12 34 5 34 6 13 11 40 0 30 2 86 8 74 10 95 13 52 3 29 9 67 14 93 7 18 1 66
7 52 8 98 0 62 6 64 13 32 1 12 2 76 12 15 14 72 3 11 11 42 10 38 9 65 4 32 5 40
5 72 7 7 1 8 3 36 9 99 4 35 6 95 12 44 11 45 8 75 13 37 2 93 10 71 0 19 14 48
2 91 9 75 13 70 6 23 12 69 3 49 10 55 5 32 4 23 0 56 8 33 7 34 1 36 11 8 14 83
4 62 14 12 6 31 3 85 10 9 8 68 9 28 11 14 13 96 7 59 1 76 5 57 0 86 2 26 12 78
12 71 4 51 1 92 6 87 2 69 9 38 14 29 7 41 8 35 11 23 10 88 13 22 5 8 0 53 3 51
0 55 4 63 12 52 10 8 2 89 1 80 6 51 5 75 11 48 7 82 9 35 14 95 13 54 3 5 8 49
5 91 3 40 14 44 0 76 1 78 9 2 11 10 8 82 10 41 4 40 13 42 7 1 6 61 2 12 12 69
11 82 8 54 7 35 14 73 5 23 10 57 2 20 13 7 3 50 1 42 12 56 0 84 9 46 6 8 4 9
3 51 5 78 7 55 14 65 4 11 6 94 1 66 8 43 9 54 2 8 13 58 10 99 0 43 11 5 12 88
0 45 10 91 6 83 13 11 12 20 14 16 7 95 3 86 2 24 1 44 5 98 8 51 9 13 4 87 11 37
0 49 12 29 5 44 4 35 13 87 9 89 14 80 7 55 3 16 8 16 6 23 11 76 2 42 10 84 1 70
9 4 5 80 8 77 2 3 10 41 12 26 3 56 11 11 4 82 14 48 13 77 1 38 7 28 6 17 0 51
14 74 1 86 6 38 3 66 9 22 5 43 8 57 0 94 2 41 11 92 13 77 7 53 10 1 12 33 4 66
11 64 7 66 3 56 12 63 1 55 2 67 0 36 14 9 5 61 4 94 6 79 13 34 10 29 9 64 8 85
8 87 2 13 5 94 4 7 11 66 10 70 1 35 3 25 0 29 7 54 6 37 12 4 14 61 13 25 9 4
1 56 2 50 11 2 13 30 4 16 9 87 10 78 0 76 7 59 5 13 6 76 14 66 8 60 12 55 3 16
2 31 7 62 11 29 14 87 0 6 13 93 3 1 10 95 12 48 5 8 1 59 4 32 9 74 8 72 6 66
13 7 12 17 7 82 1 59 0 4 10 34 11 54 14 29 9 36 4 75 5 64 3 63 2 36 6 84 8 80
