50 15
0 52 9 70 11 92 4 10 8 98 6 45 10 37 5 52 3 85 13 27 1 98 14 7 7 85 2 64 12 46
2 47 9 83 1 82 3 6 4 38 8 18 5 62 10 37 6 57 13 6 7 78 12 50 14 72 11 18 0 95
9 87 6 50 10 29 8 14 4 72 7 53 5 94 1 34 2 91 3 82 12 19 0 88 11 30 13 26 14 90
1 96 5 73 11 38 6 58 13 72 8 93 10 15 0 52 2 95 9 96 14 58 4 61 7 95 3 64 12 46
7 43 6 20 14 87 0 25 13 94 9 43 3 88 10 3 12 28 4 52 5 9 2 92 1 50 8 13 11 90
10 86 5 21 8 51 14 96 1 75 9 77 11 83 0 84 4 12 3 82 12 29 13 60 6 25 7 30 2 93
7 94 12 10 11 37 4 45 1 8 9 91 6 92 8 4 3 90 14 45 0 97 13 77 2 98 5 66 10 98
12 2 13 70 2 83 11 29 0 44 4 58 1 94 10 87 5 79 9 63 7 81 3 42 8 33 6 40 14 53
10 7 0 60 7 83 3 13 5 28 9 53 8 18 11 45 4 95 1 53 12 82 14 36 2 74 13 58 6 24
14 29 7 76 8 89 12 30 4 9 9 88 6 43 5 18 10 12 0 33 3 69 11 53 13 20 1 3 2 31
10 87 7 96 1 83 13 11 0 46 9 85 5 23 8 89 4 64 11 9 3 8 2 87 14 56 12 98 6 96
14 74 11 37 3 85 13 57 8 85 12 28 4 4 7 96 0 93 10 40 2 25 9 5 6 4 1 95 5 48
13 17 11 64 5 2 2 92 9 13 14 9 8 90 10 24 3 27 7 91 0 37 6 82 4 49 12 1 1 10
4 66 8 92 12 46 3 5 7 32 10 53 13 83 0 68 1 20 11 19 6 25 9 43 5 46 2 62 14 54
7 34 2 77 4 93 14 25 5 67 12 54 13 60 0 93 9 77 3 8 6 18 8 36 1 91 11 70 10 27
4 41 3 57 2 68 13 2 5 18 10 14 12 44 6 61 14 76 11 17 8 11 9 11 7 12 1 39 0 31
3 40 10 63 11 37 9 81 2 19 6 87 7 56 1 91 12 1 5 32 0 47 8 13 4 21 14 37 13 99
10 48 12 43 8 12 13 58 14 56 4 48 0 25 6 69 5 10 9 6 7 60 1 13 2 2 3 88 11 77
9 23 0 92 11 61 2 57 7 69 6 37 8 78 12 4 13 10 3 10 14 70 5 13 10 84 1 66 4 35
4 80 9 63 6 42 11 55 8 94 14 3 1 17 13 59 10 48 2 53 0 12 3 80 12 78 5 62 7 39
3 10 4 39 11 40 13 78 5 68 6 49 2 61 14 1 10 28 7 4 9 72 0 77 8 69 1 16 12 58
6 85 14 99 0 1 2 75 9 32 1 70 3 82 4 36 7 98 12 71 8 87 5 90 10 36 11 74 13 35
12 35 9 42 6 37 8 25 2 13 3 45 14 65 11 22 10 97 0 61 1 37 7 72 5 59 13 68 4 55
11 70 0 96 14 6 4 66 7 1 3 65 2 1 10 21 8 82 1 38 5 16 9 6 13 40 12 51 6 46
10 57 2 93 4 10 3 78 8 67 0 68 1 6 12 85 6 56 9 6 7 85 14 61 5 15 13 81 11 92
14 45 13 73 7 80 0 3 5 99 8 79 11 44 9 83 1 50 2 9 4 31 3 95 12 59 10 65 6 79
7 44 3 80 12 22 1 62 6 15 11 90 9 21 10 49 2 46 13 8 4 15 14 65 0 65 5 11 8 73
6 55 8 18 3 71 4 33 14 8 0 55 5 65 2 62 12 44 13 43 10 48 11 46 9 15 1 8 7 55
4 18 12 39 8 36 6 73 11 62 10 53 9 98 3 20 2 47 14 65 5 21 7 8 0 66 1 80 13 35
13 15 10 29 2 3 0 81 14 68 11 97 12 47 5 67 4 81 6 25 9 58 3 71 8 16 1 38 7 91
0 57 7 86 5 41 3 76 13 15 8 10 9 14 14 5 2 73 1 52 11 80 12 59 10 37 6 16 4 52
4 78 11 73 3 63 12 88 13 26 1 65 5 1 8 79 0 82 6 78 7 81 2 90 9 43 10 92 14 81
4 63 3 10 11 44 8 19 6 87 2 44 13 17 9 76 12 94 14 81 1 63 7 62 10 35 5 3 0 17
1 68 0 86 6 45 2 16 5 58 13 16 3 33 9 57 12 86 8 75 10 98 14 42 11 71 4 83 7 5
11 14 7 33 8 67 13 41 9 36 4 32 3 28 0 61 6 28 1 43 14 23 12 50 10 77 5 99 2 31
11 42 7 58 3 59 12 5 13 35 2 21 4 62 0 61 6 23 9 81 10 53 8 35 5 62 14 48 1 61
8 67 5 4 1 42 10 28 9 24 2 59 4 22 14 43 6 27 12 53 0 22 3 42 7 92 11 24 13 35
14 31 3 64 4 71 12 13 0 7 11 16 2 29 8 3 9 21 6 58 1 6 5 89 10 36 7 68 13 34
4 68 12 11 1 39 5 92 9 8 10 32 0 84 14 28 6 71 2 40 11 72 8 24 3 59 13 98 7 27
8 70 13 80 11 91 2 70 6 38 0 5 14 12 3 27 1 67 10 35 5 22 12 10 7 60 9 98 4 29
4 26 13 78 14 46 2 50 9 39 5 16 0 20 7 89 1 85 3 99 11 52 6 75 10 65 12 24 8 56
8 71 12 64 14 76 11 66 4 47 9 59 0 5 10 20 5 57 1 10 13 9 2 47 3 58 6 97 7 72
10 98 9 18 13 66 3 63 6 99 11 16 8 8 12 45 4 66 5 12 7 88 2 32 0 5 1 46 14 21
13 76 5 36 0 66 2 29 8 81 12 72 6 80 14 3 4 25 1 95 3 73 9 33 7 62 10 66 11 24
7 75 12 26 13 97 8 88 2 78 6 73 1 96 0 68 5 72 3 33 10 17 11 21 4 26 9 17 14 99
6 74 14 71 1 46 3 52 11 55 4 96 5 75 2 13 12 67 8 79 13 44 0 41 7 78 10 61 9 96
14 3 11 60 8 13 1 67 7 21 2 36 4 70 12 3 6 30 5 9 9 47 3 28 0 33 13 16 10 35
1 67 13 91 0 52 2 38 3 10 8 62 6 22 5 18 9 79 14 3 10 8 4 94 12 45 7 21 11 43
1 74 11 33 6 90 3 7 9 54 0 85 2 68 14 15 8 27 10 77 13 22 4 73 12 37 7 31 5 40
5 25 8 27 2 5 11 24 1 64 6 7 14 90 0 41 13 38 12 26 9 36 10 15 7 18 4 89 3 87
