50 15
5 97 4 64 7 21 1 82 6 37 11 7 10 37 14 54 0 76 8 75 2 86 3 82 9 77 12 22 13 95
10 32 7 6 3 88 0 97 11 5 14 50 13 62 9 19 5 69 4 46 12 11 6 71 2 71 8 82 1 40
9 12 6 63 1 5 5 50 3 25 12 70 14 40 7 18 2 30 4 47 8 89 13 64 11 46 0 19 10 35
11 65 3 63 2 8 10 63 6 69 13 37 12 98 5 73 14 28 9 20 4 40 7 20 1 30 0 96 8 72
4 29 9 78 1 27 8 64 6 37 12 52 11 73 2 84 0 55 5 95 7 44 13 9 14 41 3 86 10 62
8 8 13 67 5 50 1 84 7 13 12 18 14 85 11 65 10 41 4 67 9 25 6 39 2 44 0 67 3 27
7 35 1 27 3 26 4 88 11 79 13 17 5 64 10 48 14 75 6 33 8 31 9 66 12 18 2 44 0 23
9 43 0 79 14 69 4 6 2 17 1 48 8 41 11 35 10 18 12 96 13 94 6 63 5 45 7 68 3 3
1 52 11 38 13 4 6 6 2 83 9 10 12 82 14 10 7 11 5 18 0 62 8 18 10 19 4 18 3 48
0 16 9 40 3 77 12 21 2 33 14 86 4 71 8 13 13 6 1 35 6 33 5 83 10 56 7 95 11 15
3 12 14 56 13 34 11 14 0 82 10 45 2 7 5 76 7 16 1 45 8 5 9 60 12 15 4 79 6 10
14 45 10 86 0 60 13 68 4 22 6 68 12 48 11 71 1 88 5 80 9 79 7 63 3 10 2 17 8 31
14 56 2 93 12 73 3 67 13 93 7 21 5 27 6 5 1 34 0 34 9 50 11 66 8 49 4 98 10 73
4 59 11 86 10 60 14 84 2 9 5 18 12 96 13 15 9 53 1 55 7 10 6 58 3 22 8 96 0 98
10 55 8 11 1 76 7 10 11 82 6 46 5 66 13 37 9 74 12 34 2 10 0 47 3 86 14 97 4 57
13 78 5 92 0 17 3 15 8 78 2 86 9 72 12 38 6 56 10 73 1 59 11 76 14 32 7 72 4 97
3 14 5 38 11 72 9 29 7 53 6 49 0 35 1 62 13 68 2 98 12 38 4 48 14 44 8 20 10 16
10 85 4 48 5 31 13 55 7 32 2 59 8 48 12 19 0 82 9 66 3 42 1 79 14 10 11 91 6 71
12 5 6 67 8 39 9 49 14 65 5 42 2 75 0 43 7 38 1 37 3 59 11 41 13 84 10 12 4 65
4 56 7 59 5 8 2 62 12 12 13 16 6 42 10 83 8 87 14 54 3 51 1 12 0 14 11 14 9 59
14 97 4 10 11 8 8 79 12 93 1 29 13 61 5 3 9 9 7 22 3 7 6 35 0 76 2 96 10 62
11 95 10 20 12 11 1 4 6 11 9 45 2 21 13 85 0 24 8 90 5 66 3 70 4 52 14 69 7 24
10 24 5 21 9 16 3 79 13 59 4 16 0 53 1 2 8 48 2 60 6 86 11 76 14 10 12 17 7 83
10 15 14 12 2 14 0 24 1 70 3 69 12 47 7 81 13 37 5 99 8 37 9 90 11 35 6 11 4 42
13 16 2 50 9 53 12 95 14 4 8 42 11 43 1 59 10 19 3 26 6 47 5 18 7 11 0 28 4 7
2 85 6 9 11 79 10 18 1 75 9 79 3 99 7 94 14 73 5 9 4 50 12 70 13 25 0 9 8 72
7 66 1 35 5 15 11 12 4 40 12 60 0 26 2 28 10 94 14 67 13 10 6 6 9 88 8 29 3 85
10 87 1 61 6 4 9 53 5 36 2 45 0 9 12 1 8 68 14 37 11 99 13 46 7 22 4 63 3 96
6 44 9 13 0 68 5 38 14 39 7 33 10 93 1 40 8 17 12 58 2 84 3 73 4 97 13 84 11 43
2 30 6 72 9 26 10 39 1 69 3 45 12 43 4 20 14 16 13 43 0 9 11 55 5 71 7 77 8 40
8 66 11 54 5 87 4 91 13 28 1 16 14 40 10 88 9 61 12 73 6 62 2 40 0 4 7 3 3 33
3 62 7 48 2 42 4 12 8 17 14 3 0 81 5 90 1 90 12 86 13 35 10 76 6 5 9 51 11 20
4 58 3 38 7 51 14 88 9 35 13 14 5 53 12 87 1 53 10 76 0 30 8 67 6 65 11 47 2 79
1 47 2 76 6 57 8 28 10 50 3 53 7 8 9 67 12 86 5 18 11 79 4 39 14 21 13 66 0 34
11 77 8 13 4 22 0 79 7 39 1 17 6 91 3 71 10 48 14 85 5 36 12 82 2 10 9 74 13 9
8 50 13 10 1 91 12 36 5 72 2 27 3 80 11 22 7 54 10 43 14 87 4 25 0 4 9 13 6 85
4 56 6 75 0 38 11 18 12 59 14 14 7 37 8 13 1 48 10 20 5 15 2 94 3 22 9 50 13 12
12 23 8 4 13 74 10 27 7 98 1 31 0 43 11 28 14 84 2 61 5 55 3 89 9 43 6 1 4 25
1 9 12 55 14 68 5 67 13 38 3 40 4 85 11 13 0 9 6 67 10 43 2 63 7 98 8 23 9 54
6 92 1 2 8 96 5 85 2 3 9 12 4 85 13 29 12 11 11 47 14 43 0 42 10 7 3 55 7 21
6 78 3 50 13 23 11 3 8 83 9 90 0 57 12 31 4 44 2 54 10 34 7 90 1 94 5 91 14 93
4 15 11 84 9 44 13 96 14 32 0 69 1 60 8 72 10 19 7 57 5 53 6 52 3 95 12 37 2 13
3 68 2 47 5 13 1 40 4 50 7 74 9 49 8 45 12 49 0 24 6 43 14 4 13 45 10 44 11 51
11 77 8 61 9 65 4 39 0 95 7 60 13 56 5 4 1 54 3 48 2 44 6 40 14 85 12 72 10 89
6 20 7 36 13 98 12 73 4 2 11 54 1 47 8 53 0 98 5 73 3 50 14 87 10 54 2 54 9 38
11 64 14 73 10 60 1 31 12 77 8 29 0 40 3 38 4 10 5 74 13 91 9 91 7 37 6 51 2 39
0 97 7 90 1 37 3 95 9 66 13 96 8 38 11 85 10 6 4 70 2 76 6 63 12 5 14 11 5 72
7 94 2 25 8 54 11 42 14 7 9 44 1 81 10 45 12 80 5 95 0 44 3 79 6 99 13 24 4 1
9 12 13 41 10 71 8 73 1 9 5 71 14 95 11 8 3 8 0 72 12 68 7 26 6 44 2 99 4 66
12 99 14 70 9 4 3 77 4 77 2 20 1 9 10 37 5 68 13 50 0 37 11 41 8 58 7 11 6 69
