50 15
2 81 14 93 9 17 13 50 11 97 4 75 1 36 3 66 7 1 6 87 5 5 0 52 10 3 8 76 12 58
7 8 9 31 2 70 11 79 5 15 0 54 13 75 3 82 14 35 6 75 8 12 1 41 4 67 10 16 12 83
12 97 14 12 4 46 7 63 10 20 2 53 3 54 13 85 11 46 8 20 9 25 5 35 6 44 0 16 1 76
1 14 10 85 13 26 6 33 11 91 3 93 5 1 9 54 2 89 12 80 14 77 4 22 8 9 7 12 0 89
13 39 10 5 1 28 12 71 5 22 6 7 11 69 14 95 2 50 8 2 3 69 4 35 9 64 0 96 7 91
6 26 7 99 8 71 14 17 13 69 1 8 5 96 3 17 12 68 11 96 4 71 9 26 2 85 0 16 10 84
8 36 0 48 1 33 14 39 3 45 6 63 12 27 5 14 9 45 2 92 7 63 10 44 13 90 11 25 4 93
8 94 0 84 4 86 7 14 2 13 11 87 9 54 10 23 3 67 14 50 1 32 13 14 12 7 5 89 6 39
2 58 12 16 3 32 9 65 11 53 13 42 0 33 8 40 6 67 4 70 14 29 7 12 1 32 5 51 10 3
12 84 6 87 0 35 8 47 14 15 10 57 11 42 5 8 1 9 3 32 2 18 7 5 13 73 4 69 9 35
9 79 0 98 5 33 13 53 3 43 14 71 8 2 12 33 6 33 1 3 11 6 10 53 2 61 7 1 4 56
6 62 8 23 13 60 4 35 10 85 1 51 5 1 3 16 11 82 14 78 12 38 7 31 0 69 2 16 9 85
8 96 2 18 13 15 10 27 11 11 9 49 0 92 7 55 3 72 6 15 4 31 12 59 5 21 14 93 1 46
5 17 12 26 11 82 13 66 3 16 8 78 4 85 6 33 14 15 9 46 10 8 2 89 7 50 0 89 1 85
1 5 3 47 12 1 8 16 5 29 9 52 11 68 0 13 13 52 2 76 14 63 4 39 6 61 7 73 10 81
14 23 1 6 8 18 11 38 3 59 12 60 2 75 6 45 9 78 7 64 5 77 4 75 10 6 13 98 0 89
13 27 5 52 10 96 6 53 0 38 2 44 7 64 4 43 1 82 12 58 14 54 11 57 9 73 8 85 3 40
0 70 11 38 10 90 13 29 12 71 7 43 4 37 2 3 5 71 3 78 8 61 6 65 9 26 1 64 14 20
11 2 3 97 12 54 1 76 8 37 5 25 14 5 0 65 7 21 10 89 2 74 4 31 6 72 13 90 9 28
9 12 1 39 12 38 4 50 7 9 11 87 13 38 14 12 8 54 10 70 3 81 0 12 5 52 2 29 6 50
5 29 8 19 1 73 0 40 6 57 13 59 14 90 4 34 3 78 11 38 9 94 10 58 7 1 2 82 12 65
9 75 0 21 14 63 4 63 1 65 3 88 13 93 5 27 12 64 10 12 8 86 7 90 2 37 6 86 11 6
7 95 11 94 6 23 12 15 8 10 13 61 10 92 9 55 2 98 0 25 1 26 3 41 5 12 14 46 4 69
2 22 1 71 9 10 0 22 13 76 11 28 14 70 6 21 10 92 12 91 7 75 5 8 4 58 8 94 3 57
3 52 6 11 14 9 13 69 8 60 11 18 9 66 4 65 5 50 7 3 12 87 0 11 10 34 1 91 2 70
13 46 11 15 6 82 8 78 7 40 4 29 12 41 10 42 1 30 14 6 0 56 9 24 3 13 2 20 5 26
10 12 12 54 7 5 14 80 1 24 2 48 8 21 0 69 13 37 11 89 5 88 9 22 3 82 6 41 4 8
13 3 1 82 5 79 4 8 12 58 9 22 2 55 7 58 8 81 10 30 6 34 11 63 0 30 14 91 3 6
7 67 4 51 14 27 12 77 5 84 1 17 0 6 6 31 9 82 11 40 13 34 3 64 2 18 8 17 10 39
4 31 0 73 13 92 7 19 8 5 11 72 6 71 5 49 2 33 12 82 3 70 9 43 1 83 10 3 14 14
3 78 9 81 10 63 4 93 14 21 1 83 11 83 2 78 5 23 7 4 8 70 0 40 13 26 12 77 6 17
11 68 12 76 6 48 13 90 5 12 14 35 9 38 0 79 3 78 8 31 2 90 7 96 1 52 4 18 10 58
2 88 10 97 4 26 3 67 5 85 13 82 8 19 9 56 11 27 1 44 14 67 7 84 12 73 0 7 6 93
8 47 2 28 1 3 0 37 11 53 9 68 4 87 14 21 5 11 7 80 13 54 10 48 3 53 12 91 6 52
0 32 1 59 2 93 6 45 4 39 10 5 13 80 14 80 9 60 5 61 11 73 3 62 8 56 7 51 12 50
3 95 8 79 10 54 9 74 14 30 0 47 1 32 13 83 7 7 2 1 11 11 12 63 5 31 6 63 4 28
6 70 9 97 11 36 7 60 8 24 3 22 13 61 14 58 1 18 10 6 0 33 2 27 12 44 5 70 4 66
13 89 12 67 11 8 6 59 2 95 7 1 4 93 14 27 3 1 8 10 1 46 0 55 9 19 5 96 10 6
8 87 14 74 4 19 6 28 7 54 2 34 13 11 5 93 0 95 1 93 12 76 3 58 10 65 9 28 11 73
1 81 7 63 0 27 9 19 13 19 5 16 4 46 8 90 11 18 6 65 10 32 3 15 2 90 12 14 14 85
12 15 1 94 7 37 11 27 3 37 0 4 13 35 14 34 6 27 8 87 9 2 2 68 10 7 4 35 5 75
5 47 4 13 11 14 13 93 10 63 3 18 14 29 9 21 2 54 0 82 8 48 12 27 1 40 6 20 7 98
11 29 13 75 6 75 12 9 10 97 9 92 1 71 0 44 2 46 4 26 8 41 3 4 14 31 5 33 7 39
10 1 1 67 3 67 0 87 9 9 4 23 11 36 7 13 14 46 13 88 2 37 6 13 5 65 8 80 12 34
4 43 2 1 13 42 10 19 5 2 3 82 1 41 8 2 7 46 14 59 12 22 6 9 11 46 0 48 9 60
11 2 2 74 12 28 3 86 14 21 4 36 13 2 8 32 6 88 10 37 1 87 9 40 5 76 0 92 7 50
12 78 9 41 5 97 0 10 2 78 8 42 1 99 3 74 6 10 4 51 11 71 10 19 14 58 13 83 7 50
13 71 0 31 6 46 5 98 10 32 3 62 4 8 14 39 9 38 12 82 2 90 7 44 1 77 8 98 11 69
10 65 3 36 5 81 0 11 1 14 13 55 12 28 6 7 2 69 8 92 7 48 9 10 14 9 11 63 4 89
5 27 1 1 3 97 13 17 10 73 4 98 8 43 11 6 2 64 0 12 9 21 14 83 12 58 6 51 7 63
