50 15
0 68 9 73 10 62 4 44 13 95 8 38 3 41 12 40 2 94 11 98 5 92 1 59 6 71 14 41 7 2
12 32 8 76 3 65 7 29 1 35 13 15 5 40 2 77 6 59 10 45 14 83 0 29 9 19 11 21 4 44
0 28 2 21 9 90 3 97 12 17 14 89 4 55 8 57 6 47 5 72 7 59 11 28 1 13 10 72 13 37
0 66 6 44 2 64 11 69 4 18 5 99 12 16 3 24 14 38 7 76 1 16 10 48 9 92 8 42 13 88
1 96 13 68 12 20 7 85 9 16 4 68 5 10 8 6 10 34 3 70 0 60 6 55 2 16 11 96 14 85
7 33 5 86 8 68 6 28 3 50 10 79 2 13 9 63 13 28 0 12 4 48 11 27 14 13 1 75 12 70
13 64 12 82 1 6 11 42 2 88 0 62 7 92 5 83 9 96 8 82 10 50 6 32 14 38 4 57 3 82
4 92 11 2 6 19 10 9 8 58 0 7 1 38 7 32 9 20 5 72 12 14 13 51 14 86 2 99 3 64
10 29 13 17 6 71 4 60 5 36 0 62 11 89 7 33 2 36 3 61 1 47 14 94 8 16 12 37 9 71
0 18 8 7 4 46 5 19 13 81 2 99 12 5 10 71 9 70 1 97 6 2 7 99 14 53 3 78 11 29
5 81 9 54 14 74 13 3 8 17 4 18 2 81 10 24 11 22 6 69 0 28 12 89 3 50 1 17 7 66
6 50 1 75 7 7 4 13 8 95 13 88 3 66 5 4 2 81 0 90 11 38 14 49 9 48 10 27 12 35
1 75 4 53 9 1 7 31 12 62 2 5 5 63 8 14 11 9 10 52 13 72 14 27 6 21 3 27 0 45
10 69 13 92 8 36 1 20 11 69 6 50 5 14 14 42 3 35 2 71 9 84 12 3 4 26 7 46 0 21
0 28 5 81 9 9 8 45 10 3 1 24 3 34 4 23 14 89 12 72 13 2 2 56 7 14 6 43 11 14
8 35 6 32 3 24 10 47 11 96 12 79 2 50 13 60 14 90 4 46 7 57 9 28 1 92 0 6 5 78
0 38 8 34 4 38 7 36 11 34 9 56 2 28 12 69 10 68 1 4 13 12 5 80 6 87 3 43 14 99
1 17 11 98 8 11 10 8 2 36 13 41 0 32 12 77 7 60 5 58 3 52 14 86 9 80 6 69 4 32
0 12 8 19 11 32 10 94 5 84 2 54 14 84 1 35 6 26 7 89 12 88 4 70 13 59 9 39 3 55
1 53 2 54 11 94 4 86 12 99 9 6 0 27 6 19 8 83 10 74 13 9 7 19 14 26 3 21 5 72
13 92 10 65 1 21 2 48 7 26 4 41 9 24 6 27 12 69 5 23 8 97 3 90 0 25 14 4 11 25
9 51 8 83 10 63 2 45 0 34 4 60 5 23 13 22 14 3 12 25 3 56 11 52 6 1 7 87 1 88
12 82 8 8 11 72 14 44 6 75 0 79 4 83 7 60 13 5 1 99 9 46 2 66 3 58 10 71 5 37
1 92 4 82 9 18 5 34 7 24 6 56 8 16 10 39 13 20 12 92 0 65 11 40 14 33 2 45 3 42
8 59 4 98 0 96 1 14 11 8 10 28 12 50 14 37 13 26 5 82 9 6 6 91 3 26 2 77 7 4
4 44 13 90 5 92 0 66 12 32 6 42 8 56 2 75 3 42 9 34 1 3 11 76 14 58 7 59 10 94
5 91 9 5 1 89 14 47 10 5 8 16 6 28 0 73 13 56 7 36 3 67 2 44 12 67 4 14 11 82
8 6 13 19 12 81 0 12 9 65 10 85 5 65 11 90 2 30 1 27 4 52 3 82 6 63 7 29 14 90
8 19 6 9 3 35 5 13 0 88 9 5 10 81 1 41 11 34 2 93 13 71 14 56 7 24 4 31 12 95
12 85 0 64 11 26 8 97 4 96 9 27 14 71 5 83 13 29 10 27 2 13 6 69 1 18 3 74 7 7
9 58 5 38 14 48 3 35 1 93 6 31 12 39 10 2 8 6 4 63 2 3 7 55 11 81 0 71 13 63
7 97 9 54 14 28 13 76 2 54 10 19 5 42 1 11 12 7 6 92 11 50 8 96 0 89 4 83 3 16
3 17 10 89 4 8 14 77 0 85 6 2 11 77 2 38 5 23 9 64 1 40 8 18 12 42 13 78 7 78
5 31 8 18 13 47 0 26 6 63 14 54 4 69 7 54 12 9 3 38 11 12 1 66 9 92 10 46 2 83
7 13 4 3 6 26 0 22 1 70 10 48 14 99 3 66 12 25 9 78 8 39 11 34 5 47 2 41 13 77
9 46 10 16 13 33 1 3 8 75 3 2 7 29 6 18 12 81 11 42 4 42 2 55 14 35 0 88 5 73
6 93 10 47 3 28 0 9 8 77 4 57 2 82 5 93 1 93 13 83 9 61 14 89 11 18 7 88 12 10
10 86 0 11 11 99 14 66 2 41 7 67 1 35 4 62 13 86 3 62 12 4 9 48 8 79 6 49 5 9
7 68 2 83 1 1 5 8 6 32 13 54 10 74 9 76 3 30 8 56 0 78 14 96 11 34 4 20 12 73
13 63 3 73 5 55 8 55 14 55 10 93 12 99 0 8 7 56 11 2 6 67 9 19 1 45 2 71 4 8
10 69 9 89 7 76 14 76 8 6 13 24 12 43 11 89 4 78 3 69 1 7 2 61 0 46 6 12 5 97
8 51 11 81 4 53 10 3 9 50 13 87 3 20 12 92 5 13 1 22 0 65 2 23 7 70 14 12 6 42
12 45 0 86 11 86 13 11 3 32 2 70 9 89 7 96 10 98 4 73 5 1 6 31 8 56 14 13 1 6
5 92 11 72 3 91 1 59 4 58 0 78 8 72 14 91 13 60 10 15 12 35 7 13 2 22 9 46 6 95
8 90 9 10 5 61 6 16 10 53 0 92 3 45 4 87 1 72 12 52 2 22 13 35 11 76 14 39 7 73
12 84 2 20 11 7 5 74 7 28 10 64 1 71 14 14 6 34 3 84 9 56 0 17 8 90 4 82 13 1
10 50 14 79 13 83 6 34 7 67 2 74 0 8 4 19 11 62 9 71 8 23 3 51 5 13 12 19 1 88
14 78 2 55 9 10 6 74 5 22 10 2 11 32 1 45 12 36 7 27 8 2 0 33 4 40 3 9 13 51
1 56 5 2 10 66 12 8 0 47 9 53 14 57 6 87 13 41 11 47 7 9 4 11 8 85 3 71 2 66
0 93 10 97 6 95 5 18 9 44 2 97 1 13 7 67 14 16 12 29 8 36 3 91 4 48 11 69 13 18
