50 15
11 83 14 92 1 46 7 60 9 32 5 86 2 54 0 54 4 60 13 29 6 91 10 40 8 41 3 8 12 55
4 7 9 11 7 15 2 10 13 33 6 53 0 37 10 14 5 59 8 15 11 5 3 87 1 92 14 11 12 66
2 86 5 8 9 12 14 42 12 93 10 59 8 27 13 23 1 62 7 12 0 26 4 48 6 52 3 20 11 94
7 29 14 42 10 81 8 54 1 29 3 67 2 37 0 32 11 75 9 46 5 38 4 4 13 75 6 51 12 17
6 21 14 17 1 66 10 4 2 87 5 14 13 31 7 3 8 80 9 88 11 34 12 24 3 5 4 54 0 25
0 56 12 97 5 86 4 5 13 87 7 14 6 57 11 2 1 54 14 9 3 94 9 26 2 83 8 92 10 17
9 73 5 7 12 92 0 17 8 45 4 9 3 56 1 30 6 4 14 60 13 4 7 70 11 40 2 26 10 84
11 57 9 22 3 7 12 69 14 35 2 62 10 48 7 66 8 41 6 25 13 3 5 20 1 21 4 53 0 25
0 98 14 85 12 92 6 6 3 7 13 22 7 8 5 74 2 63 11 74 10 26 1 24 8 34 4 15 9 42
14 34 6 8 1 99 10 60 4 58 7 30 8 19 12 93 0 96 13 49 2 7 9 28 11 5 3 52 5 52
4 9 0 3 12 51 10 28 8 57 6 71 14 67 13 31 3 66 7 6 2 82 11 90 5 15 9 24 1 8
1 4 6 30 9 10 3 8 11 86 4 56 8 58 12 3 5 47 14 98 13 17 7 63 0 37 10 91 2 3
0 42 8 24 5 27 1 25 6 19 10 57 12 91 3 15 4 3 7 48 9 84 11 30 2 88 13 64 14 35
6 66 14 71 4 5 9 36 2 92 8 63 3 71 12 5 10 85 11 21 5 2 1 70 0 19 13 16 7 28
1 56 2 40 3 60 8 71 14 2 4 43 11 32 13 88 0 65 9 37 10 4 6 60 12 2 5 70 7 23
3 87 13 73 8 10 10 72 5 14 9 82 11 26 2 29 14 37 7 38 4 29 0 2 1 3 6 6 12 28
1 27 12 40 13 5 11 2 9 75 10 8 2 62 14 98 7 68 3 62 8 55 6 48 0 22 5 17 4 71
9 84 11 18 6 19 7 40 8 89 10 23 14 25 2 45 12 93 13 18 3 48 5 94 4 23 1 20 0 26
3 56 13 66 8 8 9 28 5 93 6 50 4 72 10 22 1 40 7 2 12 50 14 70 0 20 11 57 2 27
0 40 9 13 12 33 13 47 5 55 4 55 6 57 2 49 10 61 11 11 8 74 14 44 7 96 1 14 3 67
5 21 8 63 0 60 11 16 13 86 10 56 6 4 2 80 9 35 1 36 7 96 14 60 3 92 12 72 4 89
8 66 0 18 14 17 4 71 6 46 9 40 11 66 10 67 2 57 5 2 12 77 1 55 7 78 3 47 13 54
8 91 4 99 5 89 11 22 1 53 0 9 7 44 2 24 13 16 6 79 3 30 10 36 12 35 14 39 9 43
5 20 10 45 9 91 1 77 12 64 2 30 13 19 11 63 4 38 8 50 14 81 6 85 0 94 3 58 7 22
1 69 4 19 0 93 14 18 12 55 13 45 7 55 11 74 6 69 3 12 10 21 9 45 2 14 5 88 8 48
14 80 5 22 4 25 9 5 3 10 7 74 12 60 0 58 11 14 1 45 2 62 10 6 13 56 6 96 8 99
5 85 10 28 3 54 0 18 1 82 6 59 4 40 13 66 8 99 14 12 11 82 7 24 9 23 2 50 12 79
3 57 9 4 12 83 14 24 13 49 1 7 4 24 8 36 11 38 2 1 0 88 5 97 10 41 6 84 7 25
3 1 2 67 4 16 0 63 9 70 1 27 14 24 10 85 13 73 5 68 12 76 6 28 11 24 8 3 7 8
4 98 13 9 11 55 14 7 6 60 3 1 8 92 7 57 2 25 1 37 10 28 0 1 9 47 12 2 5 53
7 76 12 58 3 67 8 11 11 83 13 39 5 64 10 92 2 46 1 23 4 74 0 65 9 64 6 73 14 31
13 35 7 10 1 68 0 31 9 81 10 22 5 47 11 55 14 41 8 76 2 20 6 54 3 32 4 68 12 5
2 64 7 56 9 92 0 48 14 46 3 50 1 88 12 38 10 89 11 75 8 70 6 16 5 88 13 87 4 90
6 71 2 62 14 40 10 4 8 20 12 3 4 86 1 12 3 24 0 38 11 78 9 76 7 78 5 47 13 90
5 89 12 11 2 32 3 57 0 99 13 18 11 83 10 51 4 88 14 89 8 62 6 17 9 29 7 23 1 88
3 84 14 9 6 35 1 81 0 60 7 19 2 49 12 24 8 91 11 34 13 37 5 93 10 59 4 48 9 60
0 92 2 55 14 26 3 50 6 34 8 85 9 28 5 78 4 26 12 48 10 7 1 7 11 33 7 42 13 69
5 75 10 9 11 76 13 41 3 17 1 16 4 59 7 32 12 96 9 2 8 36 2 33 0 40 14 25 6 99
13 41 14 79 7 25 12 57 1 96 3 38 10 38 0 76 4 90 5 5 2 97 9 68 8 3 11 96 6 79
14 48 9 80 8 44 10 16 0 72 1 75 2 33 4 55 6 35 5 94 11 51 12 59 3 9 7 72 13 75
13 47 11 89 4 27 3 36 7 42 10 58 9 39 12 24 5 94 0 7 2 89 1 90 6 32 14 88 8 28
13 22 9 48 1 57 7 51 12 15 8 4 4 13 5 69 14 66 6 60 2 64 11 3 0 92 3 85 10 2
4 89 7 90 0 32 9 43 3 36 12 61 2 36 10 51 5 76 14 72 11 52 1 79 8 25 13 73 6 79
8 45 12 73 9 19 4 2 6 66 13 30 3 64 1 1 0 4 5 18 2 12 14 57 10 59 7 74 11 26
7 61 12 91 10 36 5 7 0 63 2 1 6 27 9 40 14 3 1 84 13 98 11 94 8 66 4 35 3 76
10 53 9 73 5 57 6 14 2 65 7 61 0 41 3 62 13 36 4 48 1 31 11 82 14 38 8 89 12 22
10 75 7 6 6 54 11 79 3 60 5 94 2 62 13 64 9 61 12 9 4 90 0 97 8 78 1 20 14 42
5 11 12 78 1 90 7 25 14 83 4 38 3 55 13 1 9 91 10 95 8 71 6 53 11 89 2 86 0 40
4 52 14 30 9 38 8 68 11 77 10 3 2 6 1 6 13 56 3 79 7 57 0 99 5 18 12 81 6 13
0 9 13 6 3 4 5 73 8 75 12 94 7 72 9 54 6 26 1 76 11 68 10 82 14 68 2 94 4 2
