50 15
1 75 6 72 14 88 2 57 0 50 13 51 4 79 12 77 8 6 5 62 9 73 11 17 7 77 10 78 3 7
10 19 5 68 0 33 2 6 11 95 9 73 7 61 13 65 1 69 14 90 12 81 4 62 3 96 8 99 6 84
9 20 12 25 5 46 7 19 2 14 14 46 11 45 4 35 6 95 1 77 0 51 13 32 10 45 8 51 3 48
1 61 12 26 8 47 7 34 11 20 2 93 0 40 3 23 14 94 13 39 4 69 9 87 10 81 5 66 6 15
4 93 8 54 7 62 1 53 9 90 14 47 6 20 10 14 11 42 2 79 3 67 12 13 0 33 13 67 5 52
8 70 2 33 7 59 10 60 4 71 6 29 1 3 13 2 3 95 5 92 9 52 11 78 12 35 0 34 14 13
13 85 4 37 14 76 5 86 1 57 9 40 2 24 8 32 3 12 10 43 7 59 6 58 11 99 0 24 12 13
7 56 9 18 13 53 14 23 0 83 5 59 1 10 8 51 12 35 3 69 2 79 6 33 4 53 11 19 10 99
14 10 7 75 4 57 9 44 13 16 11 83 2 18 10 20 8 22 12 19 5 36 6 32 0 97 1 14 3 67
7 29 14 55 0 67 9 99 8 79 4 52 5 79 3 64 13 11 1 41 2 54 10 3 11 13 6 24 12 22
0 66 5 60 7 99 10 12 11 57 8 31 3 99 9 17 2 36 12 29 13 60 4 18 1 21 6 36 14 33
7 29 4 66 3 84 9 27 14 40 1 39 8 57 2 73 11 12 5 64 13 29 10 87 0 84 12 61 6 22
12 65 0 11 3 2 6 72 9 93 8 56 4 48 11 77 14 32 13 27 2 48 7 2 1 23 5 87 10 90
3 54 12 84 6 41 14 8 7 4 0 41 10 7 1 98 5 31 2 18 13 74 8 20 4 78 9 59 11 65
1 70 2 26 13 7 9 92 3 53 11 3 14 15 10 33 7 23 12 92 4 58 6 97 0 76 5 71 8 12
10 38 7 94 13 98 3 35 12 37 2 28 0 72 5 80 1 2 4 35 6 67 14 34 9 77 8 76 11 60
8 55 11 84 6 56 3 68 0 93 10 39 12 57 9 69 7 36 14 84 1 15 13 24 2 98 5 82 4 68
2 97 12 9 4 94 11 43 6 88 14 5 10 32 5 21 13 40 1 30 8 29 9 53 3 93 0 30 7 13
4 19 11 37 13 65 0 82 3 37 9 97 5 87 12 92 6 94 1 63 7 46 10 51 14 48 8 98 2 12
13 37 5 19 2 49 14 26 6 60 10 98 9 16 8 72 3 77 11 76 1 56 0 68 7 88 12 12 4 75
5 52 11 99 14 53 1 11 10 63 9 44 12 42 6 52 2 40 0 89 3 82 8 3 13 3 7 43 4 79
3 89 10 57 1 49 12 75 9 83 11 90 5 88 7 4 4 10 13 74 8 13 0 65 14 72 6 32 2 97
8 87 10 77 3 52 14 6 5 29 9 54 11 61 0 73 7 30 2 3 12 96 6 73 13 94 1 2 4 63
1 70 11 15 3 9 14 38 7 35 2 25 9 19 5 45 10 66 4 20 13 44 0 2 12 83 6 38 8 61
0 20 3 19 7 38 12 20 10 25 13 6 4 26 8 86 6 87 14 13 1 81 9 77 2 20 11 37 5 53
9 47 2 95 6 31 14 79 13 56 1 57 12 90 5 38 7 6 4 4 0 74 8 62 11 91 3 91 10 78
8 80 13 35 12 12 6 11 1 34 3 78 11 16 10 33 7 62 5 14 2 51 0 28 4 97 9 57 14 10
13 89 1 61 8 95 0 4 9 25 11 37 4 24 14 62 3 2 2 78 7 92 6 24 12 90 10 1 5 46
12 98 1 66 2 74 14 96 5 60 3 20 8 69 0 67 9 60 7 9 6 80 10 21 13 18 11 66 4 3
11 11 0 80 2 17 4 53 5 51 1 19 10 60 8 6 12 99 7 15 3 75 6 40 14 5 9 43 13 50
5 38 12 3 7 49 9 23 8 94 2 91 13 66 14 28 4 27 10 15 1 14 11 21 3 15 0 47 6 4
14 95 11 23 12 95 10 35 9 63 4 82 3 64 8 37 1 41 2 36 6 25 0 1 7 12 5 75 13 24
4 56 6 57 12 6 2 12 13 19 0 90 11 87 14 20 1 97 5 85 3 45 9 45 10 91 7 93 8 23
11 54 10 17 5 65 7 84 3 87 6 48 13 90 12 6 0 32 8 5 14 24 2 32 9 71 1 37 4 52
11 14 4 8 2 12 14 66 3 86 7 27 0 58 12 9 10 4 6 96 5 53 9 82 8 78 1 18 13 26
6 83 8 37 3 67 9 64 12 73 4 11 14 1 0 68 7 7 2 57 13 48 11 91 10 19 1 12 5 95
8 84 0 21 5 50 2 81 11 11 4 2 1 93 6 44 3 13 13 83 7 77 10 98 12 10 14 63 9 33
0 27 1 77 8 38 14 68 9 25 6 62 13 12 5 78 2 28 7 38 3 97 4 31 12 94 10 52 11 75
2 23 8 40 7 59 11 63 6 83 9 85 14 71 13 11 1 73 10 49 5 40 0 90 12 76 4 88 3 58
14 85 13 9 7 19 0 49 11 61 1 83 9 6 10 49 2 59 3 87 5 7 6 33 12 31 4 70 8 24
5 89 8 94 12 23 4 26 14 22 6 72 11 61 7 66 3 63 9 22 10 12 13 72 1 45 0 75 2 85
12 60 6 41 14 18 8 12 4 63 11 20 10 2 0 9 2 78 7 47 9 5 5 65 13 72 1 95 3 15
8 82 0 88 13 2 14 2 12 46 1 45 6 99 7 21 2 71 9 45 3 29 10 64 11 87 4 46 5 91
11 41 0 62 9 41 8 51 2 58 10 21 5 77 14 34 12 88 13 44 3 62 1 82 4 74 6 31 7 16
9 17 5 85 1 78 2 38 8 69 0 58 12 75 3 53 10 31 6 50 14 85 11 16 4 24 7 90 13 20
7 51 9 90 12 63 8 51 6 49 0 5 5 98 4 82 2 61 14 91 11 84 13 16 3 52 10 98 1 1
4 93 13 5 7 2 1 90 2 93 10 47 14 5 5 17 6 18 11 33 0 79 9 80 12 41 3 59 8 82
10 73 5 48 3 76 1 85 11 41 8 16 6 1 12 98 13 67 4 11 0 91 9 48 14 28 7 29 2 27
1 84 10 72 14 55 13 91 5 16 8 94 12 58 4 88 11 77 0 47 2 10 9 28 7 93 6 91 3 92
14 30 10 83 5 72 2 24 3 73 8 41 13 25 12 5 9 5 4 84 0 75 6 99 1 22 7 88 11 65
