50 15
2 48 7 36 8 13 5 80 13 32 0 66 12 73 6 69 10 90 4 69 11 88 1 74 9 94 14 48 3 3
3 1 11 7 1 92 8 82 7 13 6 26 12 38 10 82 0 55 5 83 14 61 4 47 9 55 2 6 13 39
6 14 8 73 5 47 13 13 11 85 3 2 12 88 4 19 7 73 14 40 9 37 10 70 1 18 2 70 0 37
9 81 14 94 13 7 11 94 0 26 8 93 12 65 1 72 6 47 10 65 5 10 7 57 4 5 2 41 3 96
9 37 2 68 0 86 14 59 4 59 6 66 1 25 11 92 13 19 3 8 7 48 5 51 12 86 10 33 8 84
1 98 4 71 6 58 12 95 10 67 2 74 3 86 9 78 14 23 5 11 8 24 11 4 0 80 13 53 7 99
0 38 2 17 9 34 6 54 11 52 3 77 13 89 12 99 14 30 8 94 7 54 4 66 1 9 10 53 5 65
11 79 8 54 13 27 0 26 7 15 3 81 5 6 2 50 9 5 12 45 10 8 1 3 14 41 4 95 6 98
12 98 11 24 1 90 7 18 9 35 4 90 10 87 13 66 14 80 6 50 8 50 2 45 0 91 3 58 5 78
2 87 10 4 8 76 13 94 6 33 3 27 0 7 11 51 9 81 5 67 7 77 4 87 12 37 1 99 14 52
0 19 4 61 1 57 2 48 5 35 3 60 8 7 14 93 6 51 12 69 11 17 9 14 13 80 10 9 7 51
4 96 8 88 6 80 2 54 1 69 10 9 12 88 5 93 14 71 9 96 0 27 13 72 11 64 7 57 3 89
14 57 2 86 12 11 7 65 4 5 1 77 6 32 10 23 0 84 11 35 5 74 8 39 9 39 3 96 13 23
8 15 13 14 0 79 1 47 14 16 11 12 7 94 5 35 6 76 2 17 9 93 10 96 4 38 12 59 3 33
7 49 14 4 4 83 2 2 0 88 5 84 8 55 3 41 13 74 9 16 6 43 1 18 10 53 12 39 11 21
9 88 2 37 11 76 8 34 5 31 7 52 3 9 0 23 12 2 4 58 13 64 14 50 10 61 1 49 6 24
0 86 7 37 11 40 10 81 6 56 12 16 3 37 14 58 1 82 2 87 4 61 5 84 9 9 13 75 8 70
0 21 4 63 6 25 1 16 10 59 13 59 8 53 12 64 11 85 7 52 5 80 14 71 9 27 3 35 2 85
11 40 4 32 6 5 13 48 14 28 5 55 9 34 8 85 7 51 2 5 12 82 1 97 3 75 10 40 0 54
10 73 2 19 14 97 7 12 6 99 13 96 4 78 11 85 1 1 0 53 3 73 8 33 12 49 5 92 9 61
7 95 3 94 5 98 2 84 0 36 4 12 8 63 1 68 13 92 14 23 9 11 6 48 11 34 12 28 10 59
14 29 8 76 10 89 3 12 5 53 13 56 12 84 2 16 1 34 6 67 9 11 11 46 7 74 4 74 0 4
2 19 10 21 6 58 3 30 5 47 8 57 13 26 4 93 11 13 0 25 1 93 12 30 14 89 9 44 7 46
3 20 12 16 10 87 13 58 6 61 0 88 11 44 4 35 5 1 1 67 7 40 14 60 2 6 8 20 9 46
5 95 10 73 11 28 14 62 3 24 13 1 0 6 1 69 7 34 2 54 6 60 8 10 12 33 4 58 9 48
5 84 1 43 9 46 3 2 6 66 2 55 14 89 10 76 12 63 13 98 7 42 0 17 8 21 11 59 4 44
6 43 7 53 12 99 8 13 10 42 11 74 9 89 0 98 3 41 4 94 2 93 5 32 1 50 14 60 13 24
0 1 8 86 10 93 6 50 1 11 4 1 14 61 12 22 11 27 9 88 2 68 5 9 13 23 3 73 7 78
14 68 1 79 10 95 9 28 6 15 3 17 12 12 7 93 2 62 0 67 4 89 8 46 13 23 11 94 5 89
1 41 4 69 10 39 12 5 13 10 2 3 9 80 6 39 11 24 8 27 14 8 3 11 7 64 0 53 5 10
0 25 1 60 2 92 4 45 10 38 6 98 11 82 14 67 3 72 13 75 8 73 7 6 9 58 12 9 5 28
10 58 5 29 6 17 12 7 8 11 7 27 4 73 14 61 1 18 2 69 13 26 9 97 0 24 3 72 11 50
10 61 5 24 2 12 9 14 3 42 6 79 4 3 7 70 11 90 8 83 12 25 1 89 13 67 14 56 0 4
2 31 8 28 10 39 6 90 0 94 1 38 14 42 9 91 13 86 11 10 5 18 3 77 12 24 7 18 4 77
13 70 1 58 8 79 0 23 5 36 9 47 12 79 10 8 2 35 7 91 14 84 3 4 6 87 11 51 4 15
7 48 10 90 14 22 12 32 2 22 3 83 5 86 8 26 6 11 1 24 13 67 0 29 9 47 4 75 11 32
9 71 1 94 8 32 12 28 3 79 14 36 13 61 7 43 2 32 0 14 5 45 11 64 6 97 4 11 10 8
11 39 4 88 3 64 1 40 5 40 8 93 13 14 6 10 9 18 7 98 2 26 12 12 0 21 14 7 10 23
13 89 1 79 10 49 9 15 7 57 6 65 0 2 11 45 5 97 4 62 2 53 12 7 3 47 14 79 8 24
2 30 8 31 3 84 1 86 6 6 14 34 0 35 12 12 5 68 9 27 4 83 10 48 7 5 11 49 13 80
10 38 5 78 8 39 9 92 1 70 3 24 2 86 0 76 12 21 14 47 6 49 11 60 4 76 13 65 7 82
11 15 8 98 1 69 4 36 13 70 9 39 6 84 14 87 7 57 12 4 2 94 0 88 10 50 3 16 5 62
13 64 11 65 0 34 2 30 4 27 9 92 14 90 7 92 3 76 1 87 5 56 6 70 10 2 12 90 8 40
0 73 3 80 12 58 2 10 6 55 10 47 13 60 9 42 8 16 4 59 1 6 14 95 5 96 7 76 11 36
6 1 10 81 13 81 5 2 0 44 8 39 12 41 14 13 11 92 1 63 7 2 4 38 3 88 9 49 2 12
8 25 3 23 11 72 6 54 10 4 14 26 5 98 4 53 7 87 13 99 0 63 9 61 1 68 12 57 2 94
8 13 6 9 4 50 11 58 9 63 13 63 14 18 7 91 12 33 10 94 3 4 5 54 2 50 1 7 0 21
7 35 2 61 4 98 10 55 14 40 3 4 11 53 0 77 5 73 1 46 13 2 9 25 12 68 8 92 6 66
7 45 5 15 2 3 6 2 8 65 11 66 10 92 14 9 3 23 13 30 9 29 1 76 4 58 12 58 0 7
0 5 4 83 1 88 13 20 14 79 12 70 10 33 3 84 2 98 6 6 7 99 8 37 9 67 5 91 11 80
