50 15
9 56 7 26 6 15 13 75 2 43 0 68 12 67 14 94 11 42 10 22 5 63 3 93 4 96 8 86 1 68
2 47 1 57 8 69 7 70 5 11 12 48 13 11 6 95 3 20 9 45 11 88 0 52 4 68 10 50 14 85
2 50 3 10 14 69 8 63 0 34 11 77 6 52 7 6 13 22 9 26 1 10 10 50 4 4 12 52 5 70
12 20 1 98 7 18 10 49 11 18 5 78 4 60 9 16 8 12 0 10 6 2 3 85 14 83 2 38 13 10
2 55 0 96 7 55 14 23 1 11 10 69 11 98 13 55 12 10 6 5 9 78 5 30 3 48 4 92 8 26
14 32 3 24 13 5 0 74 12 39 10 99 2 37 8 78 5 52 9 62 11 1 1 86 7 15 6 96 4 21
4 9 7 46 13 11 1 67 2 98 11 90 0 92 14 86 6 25 3 79 10 25 8 6 9 77 5 97 12 81
5 79 0 47 7 41 3 83 6 97 4 38 8 60 10 5 13 96 11 81 14 5 9 38 1 88 2 63 12 56
5 43 6 26 14 19 12 47 1 53 9 82 2 54 8 12 3 12 4 96 7 15 0 94 10 63 11 25 13 43
2 24 8 88 11 16 7 92 0 39 9 37 12 57 3 3 4 96 13 84 14 71 1 10 6 74 5 38 10 97
4 9 2 49 3 56 7 91 8 23 0 73 5 44 9 88 1 81 10 12 11 27 14 20 12 18 13 7 6 84
6 64 5 5 0 72 14 70 10 54 2 29 13 20 12 49 4 18 3 89 1 89 9 25 8 99 7 47 11 50
0 84 4 27 6 10 12 2 1 3 7 89 9 23 11 95 13 14 5 17 10 27 14 16 8 55 2 43 3 29
2 19 7 17 4 33 6 36 3 73 0 9 5 17 1 15 12 52 11 5 9 98 13 62 14 23 10 49 8 16
0 16 8 97 5 26 12 94 11 16 14 65 10 18 9 84 6 31 13 69 3 82 4 36 1 46 2 67 7 28
11 33 5 6 0 96 14 75 9 62 3 37 4 44 2 65 1 45 6 22 10 34 7 3 8 44 12 32 13 26
13 32 4 22 0 43 7 89 10 2 14 30 3 79 8 94 6 78 11 11 5 14 1 43 12 2 2 44 9 67
7 13 10 44 8 81 3 49 11 68 4 3 9 38 6 20 0 39 1 72 14 73 12 83 5 60 13 59 2 91
9 49 7 27 13 95 0 79 8 77 14 62 6 13 5 38 10 81 4 23 2 91 3 96 11 81 1 19 12 34
12 69 4 84 11 2 9 66 2 49 0 23 7 55 1 80 5 78 13 37 8 74 14 89 10 73 3 33 6 20
13 15 14 15 3 31 7 45 10 37 8 92 12 62 6 60 9 13 5 28 4 19 2 98 1 78 11 39 0 71
2 62 1 4 10 64 3 6 8 68 6 77 14 75 4 82 11 88 12 49 5 92 9 94 7 26 0 87 13 17
3 14 14 73 0 11 8 63 11 17 4 2 12 84 10 20 1 11 7 2 5 25 6 90 9 16 13 24 2 50
8 52 14 38 13 33 2 79 1 99 11 64 12 31 10 40 0 73 5 79 6 62 4 92 9 69 3 47 7 11
2 5 10 93 11 66 0 39 3 88 7 50 14 44 8 8 4 62 13 51 12 26 9 52 5 27 1 29 6 48
0 83 3 65 12 37 13 97 10 26 14 58 9 3 5 97 11 67 6 48 7 57 2 82 1 84 4 53 8 17
5 12 7 9 8 45 13 44 1 85 0 26 4 18 12 38 9 80 3 70 6 99 11 35 14 4 10 96 2 42
1 37 0 66 12 35 4 9 10 26 3 57 13 33 11 35 8 55 14 70 9 8 7 5 2 7 5 66 6 27
7 52 4 83 13 47 3 27 11 34 9 26 6 88 5 54 10 61 1 97 12 93 14 64 0 62 2 11 8 92
3 5 5 36 1 71 8 48 10 77 0 47 2 54 14 28 11 10 12 37 4 81 7 85 9 32 13 64 6 29
13 8 5 47 12 16 9 81 8 15 4 24 7 46 2 2 0 91 14 40 6 12 1 6 10 15 11 8 3 21
0 39 2 37 14 75 12 84 1 16 9 69 8 69 13 52 4 94 7 16 11 55 10 68 6 32 3 89 5 55
12 66 1 78 7 28 10 49 4 27 0 85 5 27 9 69 6 1 11 24 13 64 8 59 2 26 14 65 3 40
4 82 8 21 6 8 2 26 0 46 7 76 9 55 14 37 3 35 11 15 1 80 5 94 12 66 10 51 13 10
4 75 14 87 10 71 6 13 11 77 13 9 1 86 7 4 12 47 5 35 3 81 0 11 8 11 9 42 2 70
2 92 13 21 5 66 14 61 8 76 4 21 1 28 12 16 3 77 11 63 10 67 7 1 6 35 0 69 9 50
3 96 1 62 10 76 4 94 6 16 8 93 11 52 2 93 7 46 14 53 9 71 5 77 13 3 12 11 0 84
6 55 7 86 5 38 0 90 8 84 14 40 1 47 12 90 2 8 13 31 10 69 11 59 9 82 3 98 4 56
1 13 11 19 6 37 9 98 12 56 5 62 13 54 14 18 2 95 0 34 7 50 10 65 4 26 3 24 8 79
3 31 5 82 9 38 2 55 1 26 7 79 10 63 11 16 0 43 4 49 8 10 14 93 13 23 12 9 6 16
8 19 9 86 1 24 5 29 7 70 13 33 10 98 3 12 6 13 2 85 11 40 12 49 14 85 4 67 0 9
1 21 13 65 5 26 2 4 4 40 9 64 3 10 14 36 6 15 0 81 10 56 12 13 7 98 11 22 8 30
13 42 12 2 9 77 0 62 3 51 2 45 1 23 10 38 6 21 8 26 11 24 4 3 7 24 5 75 14 25
2 9 14 14 12 16 10 26 9 78 3 92 13 64 1 87 8 89 6 45 7 33 4 55 11 3 0 70 5 83
8 67 11 64 14 76 10 39 12 86 3 81 0 95 7 28 1 35 6 66 2 76 9 61 4 40 13 11 5 56
1 42 12 97 2 46 11 44 14 21 13 78 0 78 5 56 10 8 4 47 9 94 8 67 3 59 7 29 6 94
7 77 10 45 1 52 14 80 11 2 8 13 5 75 2 45 13 16 6 14 4 74 0 26 12 70 3 49 9 67
10 99 8 70 1 74 2 17 9 33 4 73 13 80 6 1 3 57 7 13 11 10 5 29 0 36 14 26 12 94
3 30 2 55 9 16 14 12 12 37 10 28 4 24 1 76 11 13 13 36 8 97 6 82 5 80 0 72 7 31
5 96 11 81 2 9 3 53 13 54 7 85 10 81 6 95 0 43 9 89 12 94 1 77 8 21 14 3 4 83
