50 15
11 37 3 9 6 37 5 48 1 4 2 38 4 95 12 18 10 79 8 35 14 9 7 67 13 99 0 71 9 69
11 35 1 1 10 95 5 62 2 8 4 75 14 46 7 87 12 29 8 12 9 85 6 31 3 90 0 12 13 88
1 3 2 52 12 38 0 8 8 60 7 73 13 19 11 66 6 37 3 82 14 95 4 25 10 60 5 70 9 99
0 69 4 53 2 58 5 2 12 21 8 60 14 70 6 14 3 4 9 68 10 67 13 84 7 58 11 26 1 7
14 98 9 97 8 46 2 83 5 13 6 12 10 50 12 34 3 33 7 94 1 39 0 1 4 89 11 59 13 4
8 80 0 5 7 33 14 54 5 47 9 12 11 3 13 33 10 85 1 84 12 44 4 45 6 75 3 78 2 54
7 48 9 75 6 55 8 32 13 15 10 37 11 55 4 37 12 26 14 53 3 19 2 79 1 32 5 82 0 71
2 51 8 71 9 55 10 17 3 67 1 38 13 35 6 13 14 79 11 63 7 60 4 1 5 23 0 17 12 55
8 2 6 74 2 10 11 67 14 90 0 61 5 8 3 31 7 37 4 93 9 45 12 68 10 87 13 92 1 73
1 93 8 26 14 68 0 43 2 3 13 32 7 11 3 83 9 6 10 98 4 21 5 35 12 7 6 90 11 27
5 8 8 17 1 89 13 23 6 99 9 15 10 24 11 63 0 10 4 54 2 80 3 55 7 32 14 82 12 78
10 21 3 53 12 15 14 99 7 6 4 3 9 55 11 65 13 99 1 20 0 5 5 57 6 40 2 65 8 75
2 29 7 62 8 70 10 33 3 47 9 20 0 35 6 16 5 64 11 78 12 77 1 42 14 39 4 42 13 57
10 74 7 85 1 53 6 69 12 28 5 18 9 96 13 65 4 20 0 47 3 58 14 65 8 49 2 20 11 13
7 93 0 76 10 33 14 62 2 86 12 70 9 88 3 5 4 48 6 22 13 50 1 16 11 55 5 15 8 65
3 65 2 58 5 1 6 84 14 87 4 17 12 12 8 14 1 55 11 59 10 37 7 8 9 94 13 24 0 55
6 19 7 30 2 54 0 12 12 96 13 99 9 45 8 16 14 98 3 68 1 96 4 87 11 43 5 72 10 86
1 63 3 9 8 96 5 90 6 48 7 47 12 1 2 77 14 16 9 64 4 45 10 82 11 32 0 98 13 19
10 61 4 91 14 19 12 58 9 24 2 9 13 19 6 31 1 97 11 54 8 33 7 2 3 80 0 18 5 58
9 30 1 61 10 54 11 84 12 32 8 25 5 34 3 56 6 80 2 92 7 61 14 49 0 82 4 87 13 58
4 45 0 75 9 35 5 48 11 63 3 25 6 97 7 97 13 27 10 4 2 54 8 28 12 33 14 14 1 91
0 94 5 53 1 64 2 32 3 53 6 80 7 8 8 13 11 26 13 76 4 79 12 9 14 42 10 71 9 16
10 24 0 25 9 74 13 48 11 78 7 77 5 78 6 48 1 12 8 57 14 10 2 87 12 50 4 86 3 8
7 69 14 26 3 5 9 44 0 19 12 28 4 80 13 25 11 24 1 31 5 16 10 97 6 54 8 20 2 89
9 23 6 96 8 26 5 91 10 97 7 30 2 1 12 80 3 26 1 79 13 8 14 52 0 64 11 98 4 10
4 57 5 75 0 87 14 44 9 32 6 56 12 63 3 95 8 16 10 31 2 47 1 32 7 53 11 21 13 53
7 81 5 18 3 22 1 26 4 12 14 69 6 90 11 90 12 25 0 65 9 48 13 18 10 45 2 73 8 9
9 23 0 77 2 18 6 18 12 79 5 63 13 68 11 11 3 19 10 88 8 82 1 90 14 15 7 74 4 61
14 57 3 5 6 16 12 94 11 29 7 81 5 43 13 83 2 6 10 54 0 71 9 63 1 62 4 96 8 65
6 38 3 3 7 48 13 34 10 45 11 23 5 37 4 39 2 57 14 96 0 22 1 98 12 14 8 23 9 82
1 28 10 6 0 14 12 24 11 42 8 4 4 39 2 63 7 45 6 41 14 82 9 84 5 58 3 31 13 56
7 41 3 76 4 81 10 70 5 71 1 92 12 95 13 58 14 6 6 57 2 99 11 11 0 24 9 75 8 42
5 52 3 46 8 22 1 79 11 51 14 81 10 66 7 15 13 54 9 32 2 6 0 29 12 95 4 95 6 90
13 34 1 81 0 94 7 53 6 2 8 25 12 22 2 57 9 43 5 19 11 50 4 21 3 15 10 18 14 87
14 46 0 17 9 83 10 66 13 41 4 6 6 59 3 46 1 26 2 54 11 22 12 96 7 21 8 55 5 62
13 2 7 8 8 39 11 62 1 27 3 70 14 24 9 25 10 11 0 98 4 34 6 30 12 75 5 56 2 55
4 77 5 5 12 69 8 11 6 9 13 16 9 52 11 61 3 50 1 55 7 40 0 25 2 85 14 61 10 72
11 41 13 26 14 64 10 56 1 33 6 89 0 49 8 24 5 34 3 46 9 30 7 22 12 47 2 38 4 18
2 97 13 28 14 92 3 50 9 51 7 30 11 35 6 54 0 60 12 64 1 54 4 68 10 67 5 12 8 49
6 71 13 83 11 75 3 79 8 33 2 87 0 19 14 78 1 25 4 35 12 13 5 61 9 68 7 47 10 82
12 72 8 39 7 82 5 76 6 19 10 51 0 86 3 21 9 10 2 77 4 78 13 47 1 72 11 80 14 73
4 84 8 47 14 78 9 67 5 49 2 51 10 55 7 25 0 3 3 89 13 42 12 77 11 76 6 38 1 71
2 79 1 28 6 22 0 27 13 18 7 65 5 47 10 97 3 18 8 61 11 74 14 65 4 81 9 62 12 87
6 32 0 60 1 83 3 30 5 97 14 72 8 94 7 55 9 43 13 99 11 3 10 26 4 81 12 1 2 53
2 61 9 44 0 1 5 18 13 45 10 77 4 54 14 34 11 45 3 74 8 63 7 33 6 71 12 89 1 21
12 37 3 27 13 29 10 81 0 90 4 85 8 49 7 72 11 82 14 2 1 31 5 6 6 60 2 43 9 79
8 93 11 9 10 28 14 2 3 54 4 40 0 72 2 1 1 55 7 83 6 7 5 64 13 89 12 97 9 25
0 82 12 22 11 32 14 96 3 79 8 92 4 81 6 70 7 25 13 66 1 38 2 6 5 90 10 53 9 29
14 66 0 34 11 68 5 48 8 44 1 12 2 64 7 1 9 92 10 94 4 34 12 25 13 65 3 89 6 55
8 70 7 81 4 65 14 5 0 47 12 20 5 53 13 44 6 20 2 48 9 70 1 60 3 75 11 93 10 39
