50 20
7 7 17 45 8 68 1 2 10 55 14 55 3 11 11 25 12 98 9 1 13 32 18 92 2 40 6 57 15 82 16 16 0 55 5 89 19 77 4 40
11 99 15 81 0 6 9 16 6 90 17 17 14 29 1 11 18 58 13 13 8 19 12 39 2 34 19 55 5 62 16 78 10 21 7 75 4 81 3 85
7 18 5 95 4 67 14 68 6 94 3 44 10 75 8 47 19 32 0 79 2 26 17 57 11 19 13 50 15 40 18 34 1 90 12 11 9 99 16 69
7 8 18 84 19 28 8 19 6 16 11 4 4 30 12 60 15 33 1 25 14 14 3 46 2 82 5 93 16 67 10 48 17 68 0 87 9 12 13 86
7 29 10 23 5 73 17 81 19 43 16 30 1 23 14 87 4 80 15 8 13 78 8 87 11 57 6 2 18 4 12 43 2 2 0 28 3 22 9 71
2 9 17 53 19 99 6 7 3 24 16 69 0 79 9 25 11 91 13 11 18 16 1 76 12 57 4 38 15 60 10 63 14 89 5 52 8 8 7 62
4 88 8 97 7 4 9 31 10 94 17 93 2 27 1 32 18 42 16 35 12 57 3 4 5 24 13 7 0 65 6 43 14 68 15 15 11 73 19 98
12 38 9 76 7 96 19 38 4 74 5 69 3 95 13 18 2 11 14 19 1 85 17 97 8 6 6 81 0 5 18 68 10 4 11 86 16 35 15 96
10 93 0 29 6 49 14 54 16 89 7 29 4 41 5 39 3 72 13 81 1 44 9 40 15 20 17 41 2 54 19 21 12 77 8 7 11 77 18 68
8 14 16 62 14 44 15 16 17 40 18 43 7 15 1 64 9 5 3 79 4 43 13 37 12 54 2 15 5 12 11 83 6 27 19 16 0 14 10 96
13 99 11 61 1 38 10 87 2 38 19 88 7 59 14 89 0 29 9 21 8 78 5 16 6 55 3 26 16 70 12 1 4 34 17 10 15 1 18 68
4 10 9 38 15 32 16 55 7 8 2 11 3 44 5 66 10 74 8 61 19 42 18 33 0 32 11 59 14 16 17 39 13 99 12 8 6 18 1 43
9 37 1 15 14 93 7 5 15 90 12 4 6 63 3 28 0 37 2 41 4 34 13 9 5 11 11 5 10 86 18 6 16 14 19 9 8 44 17 38
12 92 3 58 5 65 8 23 13 17 4 87 11 7 19 15 18 28 6 25 15 79 9 99 17 39 2 34 16 82 14 95 1 36 7 38 0 90 10 28
12 97 5 3 2 86 13 49 7 23 18 65 8 31 14 24 4 34 17 31 1 72 16 53 10 7 11 4 6 4 9 26 3 8 15 87 19 79 0 91
11 61 19 64 15 4 6 17 13 45 12 61 10 33 14 1 7 58 1 92 9 55 18 17 5 34 16 91 3 36 17 96 8 44 2 79 4 33 0 65
2 61 6 67 3 41 5 29 19 62 13 14 1 77 7 83 11 52 14 36 0 86 4 97 16 27 8 63 10 18 9 52 15 18 12 14 17 10 18 47
8 31 19 98 5 85 14 77 1 81 10 65 9 12 2 71 18 99 13 56 15 44 12 33 7 40 4 9 6 64 17 20 3 19 0 6 16 72 11 24
4 1 16 21 18 45 8 52 14 89 7 29 9 38 6 86 15 67 5 48 0 48 17 17 19 97 2 32 3 54 12 64 10 9 1 41 13 1 11 54
6 96 8 33 5 28 19 12 4 13 13 35 3 29 18 6 15 94 10 57 2 94 14 82 12 56 17 77 11 9 7 64 16 90 9 80 1 56 0 55
6 5 11 38 17 40 7 87 1 66 5 83 19 22 9 72 2 48 18 45 0 42 12 57 16 6 4 83 14 92 15 15 8 88 13 51 3 14 10 24
17 63 11 64 5 1 19 63 4 88 3 70 9 79 8 64 16 51 2 54 12 50 14 55 7 8 10 43 18 91 0 34 6 41 1 61 15 66 13 60
7 99 9 94 8 37 1 57 5 91 15 27 11 72 14 40 0 22 12 50 16 43 6 18 19 78 13 69 4 62 17 40 3 27 10 42 18 30 2 66
7 2 18 15 5 27 12 36 3 73 8 11 2 36 10 31 17 23 16 98 15 82 9 60 1 77 11 48 4 31 13 72 0 31 14 44 6 75 19 83
17 14 15 5 6 16 4 50 1 10 16 57 8 17 12 25 13 62 18 6 0 44 9 28 11 26 5 92 2 5 19 88 14 10 7 98 10 92 3 17
6 90 5 67 2 12 7 17 19 20 17 95 0 82 10 76 16 8 12 38 14 98 8 88 4 17 13 35 18 29 1 12 9 99 3 19 15 46 11 76
0 8 11 11 7 46 16 89 2 40 19 51 17 17 6 4 8 83 1 39 15 90 18 79 10 52 5 57 9 49 14 59 13 4 3 1 4 12 12 33
6 22 2 31 10 89 13 17 5 52 16 69 8 6 11 52 0 91 17 94 7 8 9 54 19 61 15 46 14 12 1 10 4 9 3 32 18 97 12 69
1 82 5 36 6 88 2 80 15 84 10 64 12 90 3 37 16 35 14 40 18 22 8 64 4 41 17 69 11 62 19 57 13 61 7 87 0 71 9 7
11 2 14 74 4 4 2 6 9 73 0 35 13 58 15 32 6 52 7 23 8 91 12 48 5 95 17 50 18 72 1 52 19 61 10 19 3 34 16 11
1 89 3 36 11 3 15 96 14 96 13 38 7 61 17 83 4 27 5 13 19 29 10 84 9 19 8 74 2 60 16 45 18 39 6 73 0 44 12 76
8 63 11 86 7 36 6 63 0 76 12 48 18 40 14 60 3 32 17 97 19 85 15 18 4 68 1 20 13 20 5 52 2 70 16 26 9 79 10 19
0 58 9 71 13 42 11 90 1 13 3 41 4 82 7 95 17 22 15 85 19 12 2 49 8 99 10 66 14 62 16 33 18 52 5 82 6 27 12 24
10 37 7 78 8 2 9 79 6 49 18 99 13 6 17 44 12 13 2 1 19 98 11 91 14 94 15 21 4 14 16 99 0 81 3 17 5 80 1 80
6 94 2 18 4 16 3 78 12 14 9 75 18 62 10 84 5 84 15 9 11 91 1 65 17 72 8 43 13 66 0 32 16 74 7 11 14 72 19 41
16 19 4 15 19 70 12 10 2 35 5 81 10 73 9 64 0 73 15 91 17 71 11 53 18 21 6 81 8 34 3 89 13 91 1 95 7 43 14 55
10 12 3 58 0 30 12 88 6 90 9 55 19 46 4 66 17 93 16 75 15 17 7 57 18 16 5 80 11 48 8 85 1 33 14 91 13 79 2 84
7 38 8 10 6 97 13 77 14 53 18 78 10 83 2 2 11 81 9 47 1 1 15 48 12 64 5 2 19 25 0 16 4 31 3 99 17 80 16 8
19 29 10 10 7 78 5 29 11 95 4 83 18 22 16 66 17 44 8 21 9 64 0 57 1 58 12 16 14 43 13 35 2 50 15 94 3 86 6 47
9 9 13 77 0 60 12 20 15 73 7 62 19 96 3 40 8 93 18 56 14 93 16 5 11 3 1 38 10 8 6 41 5 58 17 92 2 61 4 13
0 80 10 69 4 98 13 74 8 60 6 38 14 50 2 86 19 40 11 51 9 96 17 97 7 25 1 40 15 2 12 8 5 85 16 27 18 41 3 55
17 90 1 73 0 22 18 2 15 3 6 27 14 6 3 82 8 87 9 93 7 43 16 90 2 56 11 98 13 84 5 39 12 65 4 96 19 30 10 71
7 37 2 35 8 61 3 31 19 48 0 41 16 22 18 87 11 75 17 99 10 63 12 4 9 36 1 23 15 37 5 75 4 53 13 80 6 79 14 64
5 7 19 42 17 52 10 94 16 51 12 92 13 15 8 99 4 12 6 42 18 9 14 73 3 81 9 17 1 28 7 25 15 11 2 80 0 86 11 98
14 79 1 47 13 9 15 92 2 98 16 49 5 11 19 34 4 76 17 25 18 90 3 65 7 67 9 25 10 16 12 83 8 32 0 16 6 21 11 98
2 17 16 99 1 24 7 19 14 70 13 15 11 39 6 69 12 99 17 19 9 29 15 38 8 29 4 78 10 18 0 90 3 64 18 54 5 71 19 34
14 9 12 71 19 14 6 53 15 71 16 56 18 89 8 27 11 77 5 93 7 52 2 16 9 2 4 26 1 83 3 48 13 20 0 5 10 72 17 8
2 88 0 75 13 60 14 69 19 90 1 85 10 78 12 90 17 73 7 79 8 1 3 51 4 15 9 47 15 92 18 7 6 61 11 93 5 46 16 15
10 96 2 90 4 54 15 88 0 76 16 8 9 59 7 48 13 18 12 80 11 69 18 61 8 39 19 15 17 17 3 78 5 74 6 35 14 50 1 18
17 93 16 91 4 73 14 11 18 69 11 5 5 47 19 53 6 50 13 8 12 85 7 14 15 22 10 95 0 55 2 98 8 19 1 31 3 82 9 39
