50 20
2 90 10 67 4 28 15 92 14 51 6 48 7 12 1 97 18 94 3 62 16 17 8 12 0 60 11 95 12 76 17 5 13 49 5 68 9 33 19 14
12 26 19 11 1 53 17 73 9 91 3 41 18 22 7 60 0 80 4 16 13 17 15 40 8 97 10 35 6 58 11 15 5 35 2 11 14 33 16 32
12 90 10 45 11 21 15 43 16 64 0 32 14 34 4 99 2 79 3 52 19 88 6 36 8 22 13 27 5 52 1 38 17 87 9 40 18 45 7 67
11 46 12 50 18 15 8 1 5 36 6 35 19 56 1 98 10 1 17 15 13 25 0 45 15 69 3 40 7 12 16 21 14 72 2 45 9 40 4 48
14 24 11 51 18 87 0 70 5 94 19 42 1 6 12 67 6 37 8 1 9 12 15 18 10 64 4 65 17 8 16 2 7 95 2 13 3 75 13 28
17 37 11 87 13 30 12 57 1 36 2 78 9 3 4 58 15 14 18 38 10 55 14 47 8 42 0 80 3 18 19 12 7 36 6 49 16 79 5 66
7 59 2 17 8 14 5 21 12 84 14 57 9 14 19 63 15 13 11 88 10 77 4 50 1 59 18 17 6 20 13 19 17 16 16 56 3 41 0 58
9 46 16 13 19 58 5 58 8 92 0 99 7 12 1 93 6 47 4 63 10 87 14 44 17 43 18 38 2 91 3 56 15 79 12 84 11 40 13 41
17 56 0 62 7 11 16 29 4 12 15 37 3 44 13 10 18 69 8 84 14 4 2 85 12 40 1 63 5 31 9 50 10 24 11 78 6 50 19 73
9 77 15 78 18 18 2 51 4 58 11 41 0 53 16 40 13 13 7 3 10 49 1 86 6 76 14 65 19 98 8 12 5 35 17 70 12 34 3 60
5 83 4 52 10 59 6 98 3 84 11 50 0 29 14 35 13 1 7 55 18 94 1 54 16 2 19 22 15 56 2 47 9 4 8 22 17 23 12 74
3 39 12 60 13 75 16 18 5 27 0 57 17 37 1 89 11 92 4 41 18 30 9 45 15 86 14 38 8 66 7 36 10 81 2 23 19 62 6 63
1 25 11 47 16 97 13 78 6 82 15 26 2 42 3 27 5 96 10 81 0 39 12 36 19 69 14 39 9 14 7 32 4 14 18 9 17 67 8 64
0 28 17 13 11 32 12 18 8 24 14 17 18 52 7 27 1 91 19 31 3 40 13 89 5 1 16 93 10 66 4 11 15 53 6 72 9 1 2 35
12 94 5 47 13 94 18 1 8 14 14 24 0 19 15 33 11 59 7 45 4 56 9 66 19 64 10 29 1 39 3 90 16 80 2 7 6 9 17 45
7 31 19 24 16 81 3 18 8 58 18 80 2 46 11 63 10 9 6 47 15 53 5 16 0 58 13 30 4 92 1 17 9 55 14 70 12 1 17 25
16 50 15 2 14 51 8 29 10 96 6 91 4 51 9 66 1 58 7 75 13 21 12 8 2 99 17 52 19 89 0 48 11 35 18 34 5 75 3 30
5 40 19 89 10 17 17 17 6 14 12 81 4 68 0 53 1 9 13 48 14 28 15 66 8 23 9 37 2 93 18 95 3 38 7 22 11 83 16 27
13 44 12 7 0 46 8 23 2 14 9 44 4 32 14 5 18 64 19 95 10 33 11 63 7 56 1 40 16 88 3 16 5 19 6 77 15 66 17 84
15 14 13 27 14 76 0 54 16 57 5 13 19 85 3 37 9 59 12 75 1 38 6 79 18 97 10 39 7 75 8 14 4 33 17 28 2 7 11 52
0 62 8 67 2 83 19 49 10 31 15 85 16 1 7 11 14 81 3 23 12 99 18 64 11 51 6 56 5 6 17 89 13 27 9 43 1 46 4 6
10 1 12 23 9 52 16 12 7 11 1 54 4 87 19 82 8 94 0 98 5 2 2 98 3 44 18 40 14 91 6 68 11 43 15 21 17 51 13 63
5 87 4 18 15 4 17 77 12 82 2 43 0 55 14 74 16 36 11 16 10 36 18 27 9 48 1 99 13 34 7 41 19 39 3 54 6 4 8 92
19 22 11 65 10 86 8 82 2 51 13 71 12 37 4 80 17 50 18 42 3 47 14 65 7 15 6 94 5 88 9 66 0 94 16 48 1 51 15 63
6 90 14 22 18 99 8 79 19 72 2 51 16 93 4 33 13 77 3 98 17 30 12 77 5 76 7 18 10 97 15 3 0 47 11 17 9 16 1 40
7 44 1 82 6 1 8 1 17 11 2 52 18 56 16 26 3 89 11 20 12 77 19 48 0 71 9 53 15 83 13 57 14 51 5 48 10 80 4 72
9 26 6 46 13 74 11 30 7 20 8 41 17 5 4 94 3 9 0 97 5 21 12 67 14 45 10 65 15 93 18 72 1 8 19 13 2 19 16 58
9 37 12 76 2 85 16 76 6 30 0 41 18 68 3 96 10 69 19 52 15 68 5 99 11 29 8 44 4 70 17 20 1 60 7 1 13 72 14 44
16 90 14 41 6 32 3 61 10 37 8 54 4 73 5 94 18 61 0 74 11 76 1 47 9 86 2 51 12 28 13 11 15 22 7 38 19 43 17 85
18 29 19 88 14 83 9 13 15 72 6 94 5 16 11 87 16 51 17 39 1 82 4 44 0 85 7 40 3 82 10 7 8 26 12 38 13 27 2 77
3 59 8 88 12 63 19 44 0 70 17 14 11 54 9 59 15 1 6 7 4 81 13 87 14 94 10 76 7 16 2 29 1 99 16 33 18 61 5 72
1 83 4 88 13 14 17 31 7 59 14 22 3 95 11 44 19 35 15 74 6 85 0 45 2 7 8 70 9 49 10 70 12 27 5 64 18 9 16 14
5 43 13 30 11 49 8 37 1 76 15 14 4 98 18 16 9 28 3 75 6 47 16 49 7 19 12 90 10 12 17 74 2 88 14 58 0 19 19 22
18 98 12 66 1 49 2 74 13 93 11 70 15 76 19 38 3 27 9 93 17 73 4 50 6 69 16 59 7 64 5 68 14 9 10 48 8 68 0 80
12 77 4 64 14 45 11 25 13 74 9 54 17 29 15 26 18 69 1 65 5 29 19 63 16 56 0 62 10 76 8 15 7 78 6 4 2 19 3 67
4 25 17 23 2 43 3 92 18 84 13 36 9 72 15 37 11 26 5 63 19 7 12 64 0 69 7 35 8 13 1 29 16 89 6 18 14 67 10 52
5 46 4 94 10 35 2 79 1 56 19 99 15 55 0 51 18 22 6 61 3 35 13 16 14 14 16 82 9 88 17 53 12 47 7 79 11 56 8 4
7 39 2 91 4 91 5 12 19 92 8 14 0 82 9 76 14 90 16 45 1 37 12 60 10 16 3 9 6 51 11 35 13 54 15 87 17 83 18 53
16 78 6 13 12 36 1 22 11 59 8 15 0 7 13 63 19 52 10 77 7 78 14 74 17 66 2 49 5 22 15 8 9 71 3 21 4 19 18 48
17 97 16 3 18 93 2 91 11 24 12 56 15 6 3 52 6 18 5 1 1 31 19 88 13 97 4 78 7 94 10 82 9 28 14 28 8 24 0 52
6 99 3 8 2 22 5 65 1 72 15 24 16 23 12 88 0 1 10 46 18 99 19 74 13 15 17 43 11 45 4 91 14 81 9 98 7 78 8 99
16 1 8 89 1 91 2 84 5 96 4 57 6 60 17 65 15 73 14 28 7 16 10 63 11 37 9 52 19 11 12 17 18 49 0 70 13 72 3 87
1 52 9 83 2 57 5 47 16 39 13 4 6 36 19 72 15 67 7 32 8 47 14 32 11 59 10 3 3 39 17 99 0 53 12 89 4 70 18 34
16 98 13 40 6 99 14 84 17 61 3 94 8 68 0 73 12 42 18 81 2 97 4 44 7 84 1 85 11 76 10 4 15 20 5 32 9 21 19 65
3 7 13 47 9 4 2 91 6 49 7 66 4 69 15 48 10 96 16 29 8 61 17 75 11 5 14 14 18 17 12 83 19 51 0 99 5 86 1 72
6 90 13 52 15 61 10 17 11 37 9 52 12 1 4 52 3 41 14 44 19 15 5 77 1 1 18 47 17 78 2 53 0 90 8 20 7 20 16 94
14 3 5 79 10 53 15 22 19 96 11 1 3 78 1 68 17 57 13 13 2 94 16 52 9 48 7 62 0 87 8 56 6 68 18 47 4 24 12 48
0 5 13 44 5 85 10 41 8 26 15 16 9 88 3 45 14 57 16 52 12 90 2 58 7 6 11 21 18 97 4 39 1 23 17 13 19 62 6 68
15 62 0 2 12 36 13 92 10 97 3 8 2 74 19 43 14 98 7 33 8 33 6 32 16 29 9 33 18 75 1 19 17 72 5 84 4 2 11 27
0 98 11 26 7 26 5 19 12 29 9 14 15 16 2 37 14 75 8 39 6 82 10 89 16 10 18 39 19 59 17 86 13 41 4 8 1 68 3 89
