50 20
12 32 14 61 5 24 15 21 7 64 1 85 13 67 9 28 3 2 2 91 16 8 17 55 10 44 8 96 0 46 11 32 18 12 6 32 19 25 4 89
7 34 13 78 17 65 5 12 2 33 9 33 10 46 8 74 15 14 19 24 4 45 16 67 11 75 18 80 14 69 0 13 6 15 12 50 1 66 3 47
18 42 13 32 11 32 5 51 0 90 2 15 16 71 1 25 19 23 15 88 14 8 8 14 17 40 3 64 10 31 12 33 7 38 4 94 9 22 6 98
12 14 13 77 17 70 16 68 4 77 3 98 7 39 6 50 0 80 10 39 19 15 14 28 18 28 11 82 15 28 2 36 5 19 9 83 8 23 1 94
16 19 5 54 0 90 15 3 18 23 4 99 2 57 9 41 19 76 12 98 17 63 14 7 6 8 11 93 8 73 1 75 3 9 13 76 10 96 7 3
7 7 2 7 0 48 5 99 9 63 18 16 14 88 17 37 15 55 6 48 12 97 10 10 19 64 8 56 1 51 4 33 13 58 16 83 11 54 3 75
7 1 12 43 18 20 17 55 16 5 9 20 6 33 5 73 2 23 11 12 3 94 10 9 19 53 13 19 8 17 14 39 0 71 1 35 15 54 4 37
9 67 1 82 18 68 2 70 16 60 12 88 7 77 0 53 17 79 8 6 13 16 14 64 3 63 15 58 10 89 6 45 19 60 11 6 5 68 4 54
4 41 2 44 0 56 19 92 16 64 1 56 10 22 14 38 9 55 8 38 6 87 15 40 12 80 11 51 13 54 18 32 7 2 3 27 17 1 5 41
15 74 0 98 2 92 13 53 7 29 5 85 9 59 1 15 4 91 19 60 16 15 17 3 6 49 18 45 8 62 12 82 11 77 10 83 14 36 3 47
16 39 12 91 1 4 0 64 6 97 9 41 13 45 8 64 18 30 2 1 4 7 10 80 15 98 11 62 17 24 5 96 7 29 3 76 19 53 14 77
0 73 13 35 7 35 15 62 12 23 6 15 2 87 8 40 16 51 11 43 4 71 3 89 5 36 19 40 9 71 18 54 10 21 17 15 1 40 14 9
0 20 17 25 9 47 19 49 16 57 6 28 13 69 3 72 14 34 11 79 2 30 7 90 8 74 4 99 12 75 5 24 15 56 1 8 10 94 18 69
11 35 15 97 6 67 13 77 4 91 19 22 5 89 14 82 10 58 9 54 2 82 17 32 1 93 0 30 7 68 18 11 3 17 8 24 16 99 12 44
16 83 12 32 17 63 19 55 14 76 8 80 5 28 0 52 7 51 15 33 18 2 4 88 1 20 13 96 10 42 3 33 11 7 6 8 2 26 9 54
7 65 12 7 18 12 11 17 16 14 4 85 2 77 14 89 9 83 19 23 5 93 6 82 17 53 0 2 3 40 8 40 1 88 13 4 15 17 10 74
18 91 6 32 0 18 5 29 9 24 17 32 19 24 14 67 2 98 1 89 3 99 13 97 8 43 7 69 16 4 15 47 11 56 12 78 10 97 4 51
17 69 13 93 14 6 12 89 10 3 2 51 1 58 16 56 4 8 5 3 11 4 8 92 15 35 0 45 9 88 18 2 6 65 19 39 7 10 3 67
15 45 1 76 13 97 17 91 16 67 14 46 9 60 7 19 5 25 10 10 2 52 6 91 12 62 19 30 3 60 4 16 18 91 8 92 11 49 0 99
19 59 18 95 0 46 13 3 12 79 2 58 17 83 16 85 4 82 7 15 5 69 11 13 14 13 3 33 10 21 6 94 15 8 9 83 1 74 8 93
3 14 7 81 15 42 10 69 12 18 11 94 19 54 18 50 14 77 13 62 5 73 6 82 4 64 16 77 1 21 17 64 2 71 8 53 0 50 9 54
6 56 4 96 15 62 0 78 12 92 16 51 3 25 2 38 18 8 1 53 5 26 11 98 14 44 19 75 7 22 10 53 8 46 17 13 13 77 9 58
18 40 12 6 11 16 5 62 13 72 3 80 2 83 15 9 9 72 17 9 14 14 4 88 16 77 10 18 19 98 7 58 1 75 8 80 6 94 0 99
12 22 6 54 10 6 16 82 18 64 4 20 5 44 14 88 0 57 9 75 1 24 17 60 2 57 8 10 19 18 13 7 15 68 7 42 3 54 11 61
7 64 19 56 16 50 5 36 4 1 18 52 13 95 10 60 8 81 2 80 9 28 11 19 14 71 1 53 15 10 6 53 17 69 12 17 3 58 0 32
19 68 11 23 16 63 3 94 2 10 12 68 7 43 13 29 6 42 18 28 9 47 17 71 15 86 5 17 4 10 0 55 8 52 14 3 1 53 10 82
1 54 6 2 5 34 3 98 0 44 10 46 15 55 13 12 7 42 12 82 14 5 18 43 17 55 4 96 16 54 8 21 19 26 9 89 2 59 11 56
6 8 17 32 0 10 5 53 12 51 3 99 9 38 11 21 8 3 19 1 14 50 2 33 7 97 16 83 10 39 18 83 15 96 1 86 13 68 4 99
0 85 18 10 8 23 10 17 5 67 13 67 1 89 15 67 14 98 7 46 17 98 2 86 11 12 12 38 6 32 9 54 16 75 3 53 19 72 4 6
12 85 0 72 3 69 4 11 13 75 8 17 14 22 19 3 10 79 2 40 16 98 18 47 1 42 17 77 6 49 15 55 7 10 9 14 11 18 5 79
15 33 1 83 14 75 9 57 13 35 17 65 11 14 7 43 4 80 16 59 8 19 19 79 3 63 12 99 0 95 5 42 18 94 10 52 6 62 2 64
1 73 16 39 6 38 13 5 15 57 18 30 11 32 8 34 5 75 2 39 7 73 14 4 9 95 10 89 17 38 12 81 0 22 19 34 3 65 4 60
7 7 4 76 6 45 16 43 13 92 11 11 17 54 3 43 19 67 9 8 12 88 8 51 18 90 1 69 2 34 10 55 14 37 0 8 15 3 5 37
7 26 19 77 15 49 1 46 17 67 8 37 0 24 2 45 12 53 14 11 13 49 5 37 11 97 3 81 9 45 10 96 6 80 4 78 18 19 16 31
1 95 19 12 15 15 7 77 5 91 17 19 2 20 13 49 16 7 3 39 0 57 8 97 9 59 4 10 12 85 14 36 6 88 11 43 10 58 18 89
11 31 15 91 17 94 5 14 6 27 0 44 3 18 4 27 10 13 2 29 9 86 16 54 19 64 12 15 7 99 8 42 13 74 1 12 14 86 18 78
8 74 10 75 19 8 0 40 11 3 16 75 7 18 2 57 3 42 17 6 9 94 1 58 4 15 13 29 18 19 14 70 5 22 15 96 12 86 6 40
12 8 7 90 6 74 5 85 17 61 11 13 10 29 0 45 15 32 9 11 2 71 19 38 14 88 16 21 4 32 1 40 8 12 18 91 3 32 13 6
12 10 13 71 17 4 15 91 11 10 1 19 14 48 10 1 4 47 16 84 2 62 7 55 9 87 19 63 3 1 8 95 5 26 6 86 0 85 18 85
7 83 13 97 10 24 15 78 1 56 8 77 19 87 5 21 12 46 16 3 9 80 11 4 4 91 14 16 17 2 3 29 18 13 2 85 6 34 0 81
7 3 12 18 8 5 9 88 2 58 5 50 10 6 6 3 19 70 15 93 16 11 17 62 4 11 13 91 18 75 3 48 0 8 11 68 1 95 14 64
10 27 4 10 16 78 11 33 7 56 19 18 3 28 5 66 12 94 17 4 13 33 9 25 0 19 6 70 14 50 8 68 2 39 18 95 1 83 15 22
8 9 2 91 5 29 16 74 1 53 6 11 4 16 9 11 0 38 13 98 7 50 14 81 12 75 11 82 10 7 18 23 15 72 3 22 17 76 19 27
7 84 15 74 1 47 8 17 19 30 3 47 6 27 9 24 0 88 4 72 13 98 12 55 11 3 5 6 16 37 18 58 14 18 2 84 17 82 10 67
4 72 18 83 19 14 12 20 9 96 7 79 8 60 14 35 17 85 5 61 2 27 1 33 15 61 10 34 13 27 6 97 11 9 3 1 16 47 0 89
4 90 16 4 1 56 12 66 9 55 0 99 15 34 18 67 13 26 17 26 5 49 2 35 6 19 10 63 11 88 7 76 3 47 19 37 8 97 14 97
17 54 15 22 13 39 19 71 9 73 18 18 2 34 7 76 11 53 10 77 1 71 6 72 12 95 8 39 3 88 0 38 16 99 4 52 14 70 5 8
3 67 19 44 0 65 14 98 1 8 6 5 11 81 5 4 16 51 4 1 10 80 15 95 9 58 8 3 13 75 2 60 7 98 18 95 17 6 12 97
1 48 17 2 8 86 14 11 12 23 7 68 3 54 18 25 9 23 4 86 5 12 11 88 16 61 15 66 2 10 10 25 6 21 13 62 19 78 0 15
5 44 6 67 10 76 2 73 19 33 4 11 7 1 3 93 16 92 1 87 18 58 15 56 8 79 17 72 11 85 9 50 0 77 13 30 14 38 12 51
