50 20
7 70 18 70 1 86 16 25 3 47 10 13 17 70 0 71 14 83 8 20 5 58 6 28 9 31 11 70 13 54 19 7 12 21 4 31 2 26 15 51
12 38 4 46 15 3 6 16 13 26 17 82 11 33 1 84 2 57 14 46 8 76 19 89 7 55 5 43 18 2 16 9 0 84 3 73 9 41 10 93
0 29 18 71 8 49 1 12 2 40 3 36 12 73 4 21 5 2 11 89 15 74 6 80 14 48 13 60 9 89 16 22 7 86 10 63 19 99 17 49
14 42 12 81 3 82 18 57 13 45 5 28 0 40 15 61 2 55 11 11 6 26 4 97 9 46 19 79 7 43 1 58 17 65 16 62 8 84 10 3
14 64 3 79 19 25 17 46 16 80 8 6 7 12 15 82 9 46 13 6 11 39 5 31 4 60 18 52 2 15 1 20 12 68 0 17 10 5 6 30
7 13 18 1 16 47 6 43 9 17 11 52 17 34 14 31 15 96 8 43 4 44 3 95 13 45 1 42 12 71 10 44 0 78 19 51 2 18 5 24
13 53 0 19 3 65 11 30 8 57 4 84 14 74 9 61 17 46 16 78 18 60 19 99 5 25 15 82 12 34 2 37 10 26 6 1 1 15 7 75
16 74 1 30 6 86 17 31 12 30 15 5 13 66 4 51 11 18 7 44 5 5 9 79 2 46 19 64 3 30 10 70 0 69 8 30 18 60 14 69
5 75 13 72 1 33 19 20 15 39 16 20 14 3 17 29 9 50 6 17 0 96 3 43 4 44 8 52 12 81 10 9 11 38 18 97 2 65 7 52
12 60 13 44 16 40 17 76 9 80 2 49 14 88 3 56 5 19 4 41 19 44 18 81 15 73 11 21 10 61 7 11 6 10 8 74 1 88 0 52
12 23 10 75 11 20 0 38 5 84 4 16 17 68 15 92 13 95 3 60 16 93 9 45 14 86 8 70 1 14 7 11 2 1 19 4 18 83 6 85
8 47 5 53 17 16 10 80 18 4 16 36 4 13 2 68 6 98 19 14 13 59 0 92 12 32 7 6 3 82 14 3 15 10 1 6 11 70 9 8
5 45 10 55 12 53 4 78 2 42 1 91 11 31 8 41 6 43 15 91 17 74 3 79 18 18 7 12 0 99 19 84 14 64 16 53 13 7 9 57
4 25 7 40 16 58 15 13 11 68 0 98 19 96 10 15 18 49 6 33 1 7 17 25 9 50 2 45 12 74 5 96 3 24 13 65 14 39 8 98
2 74 9 44 12 71 4 60 5 75 13 28 0 95 1 55 10 98 11 63 15 80 14 42 17 12 16 21 3 84 6 87 8 12 7 50 19 56 18 21
15 69 8 65 5 73 2 92 13 78 11 2 19 38 14 43 17 90 1 52 12 60 9 58 6 82 4 35 0 28 10 80 3 64 7 32 16 45 18 95
0 95 10 50 2 92 18 84 3 75 4 86 1 61 6 82 13 56 12 21 19 69 14 21 5 76 11 8 9 46 16 31 15 5 17 66 8 39 7 29
4 48 6 19 7 18 19 81 13 39 14 90 0 73 18 43 11 14 10 48 1 14 9 31 16 65 12 52 8 52 3 6 15 86 17 21 5 31 2 45
10 62 17 89 12 24 9 46 18 36 4 99 0 68 1 7 7 72 11 77 5 97 19 1 14 30 3 48 15 21 2 87 13 89 6 89 16 58 8 38
17 10 2 1 19 53 0 50 15 14 9 83 16 33 18 48 7 65 1 29 13 42 10 94 5 87 12 1 14 20 6 79 4 96 11 97 3 13 8 4
13 78 12 97 1 24 14 86 4 83 7 16 3 37 18 68 6 32 17 62 5 29 16 62 15 90 8 22 9 13 19 76 0 22 2 70 10 8 11 20
4 20 16 18 14 78 11 61 0 51 1 73 10 53 3 22 5 90 12 71 9 18 2 74 15 64 8 79 7 67 13 16 19 86 18 31 17 80 6 54
15 24 9 24 18 96 4 2 0 35 1 80 17 4 12 75 5 5 14 30 8 28 19 43 11 34 2 11 6 89 7 71 3 87 16 47 13 26 10 21
16 15 11 76 7 39 19 84 6 51 13 85 3 26 0 85 14 11 18 52 4 64 15 55 9 71 1 95 8 38 17 62 2 92 5 26 12 7 10 18
2 60 8 25 14 87 17 4 16 18 11 69 9 14 15 8 6 34 7 58 1 61 13 85 5 61 18 63 10 19 4 43 3 38 0 21 12 66 19 33
18 78 14 4 8 42 13 73 6 31 10 1 4 23 0 71 16 43 3 90 11 96 1 15 17 65 7 35 15 53 2 17 12 25 9 10 5 37 19 96
6 2 15 51 19 66 8 17 4 11 1 46 13 89 7 19 0 34 10 8 16 75 12 39 5 92 17 5 2 51 9 35 11 26 14 67 18 88 3 89
19 37 13 56 0 86 4 84 2 62 18 97 12 81 6 63 15 59 14 67 1 10 11 60 3 31 16 13 10 30 9 88 17 53 5 90 8 89 7 95
2 13 12 4 10 79 17 20 18 85 0 87 15 19 8 44 1 98 13 41 7 25 3 91 5 48 6 85 19 50 4 70 11 52 9 20 16 13 14 51
4 90 8 30 13 86 3 89 5 64 19 91 0 70 10 65 6 38 18 22 14 44 17 66 12 88 9 40 2 58 15 68 7 3 11 5 16 14 1 33
15 41 10 65 0 40 2 65 12 23 1 2 8 79 13 67 17 86 16 93 11 47 14 93 18 3 6 11 9 83 4 37 5 66 3 10 7 92 19 13
2 84 8 67 18 65 0 90 15 44 3 73 17 12 11 92 10 40 7 94 6 39 19 29 4 19 12 61 5 36 16 55 9 9 13 84 14 89 1 74
5 34 13 13 15 61 8 24 3 48 1 80 7 84 11 87 17 36 18 41 0 20 19 83 2 20 16 25 9 17 6 51 4 47 12 20 10 55 14 82
9 92 4 73 11 40 0 12 16 53 12 57 10 10 1 81 13 92 5 50 18 39 6 57 14 56 15 37 7 12 2 26 3 75 8 94 17 90 19 59
1 14 9 5 7 17 15 94 16 39 8 69 17 32 11 47 5 74 4 57 0 56 14 36 19 15 13 71 2 66 6 1 18 57 10 66 3 10 12 84
4 43 10 77 11 96 9 72 5 90 6 33 2 76 1 64 18 68 14 80 7 68 8 21 19 74 17 4 16 30 3 60 12 3 15 13 13 97 0 44
9 68 19 5 7 31 3 28 1 53 12 2 16 23 0 99 4 81 8 78 13 12 10 66 14 61 6 85 2 73 18 73 15 46 5 41 11 68 17 73
15 53 3 31 0 43 14 2 7 41 10 16 11 21 6 75 18 87 16 15 9 79 2 53 5 30 8 68 17 90 1 19 12 19 19 95 13 90 4 26
6 22 5 89 19 63 16 31 7 72 10 52 14 86 11 99 3 88 13 57 1 43 18 28 9 59 2 52 17 48 8 51 15 49 12 77 4 13 0 52
15 69 14 82 1 44 6 28 16 69 10 61 13 15 11 35 18 82 0 89 8 45 9 22 2 74 12 68 17 25 5 31 7 17 19 96 4 31 3 54
9 2 6 46 14 76 17 27 8 80 7 95 1 84 0 22 2 72 5 5 19 98 13 60 12 58 3 30 4 3 11 12 15 84 18 82 10 13 16 87
14 59 7 96 9 1 15 35 4 51 10 8 2 56 18 32 1 8 5 63 0 99 17 59 6 77 3 2 8 38 12 16 19 64 13 38 16 84 11 8
19 83 8 10 16 79 1 80 17 4 7 79 2 43 14 55 11 55 4 3 9 16 3 70 0 28 10 5 5 41 12 69 13 87 6 7 15 55 18 24
1 34 5 94 6 53 9 1 0 5 10 80 17 27 3 11 12 8 11 19 14 16 4 48 8 24 7 46 2 52 18 10 16 90 13 73 15 7 19 27
13 98 11 46 9 74 12 62 10 4 1 98 6 5 3 43 19 29 17 83 2 68 18 28 4 35 15 8 8 47 14 52 0 91 7 33 16 23 5 67
15 65 11 26 16 41 5 20 4 84 12 18 1 84 10 11 8 24 2 1 3 66 7 3 17 13 9 83 19 88 6 83 14 7 13 14 18 18 0 62
2 47 15 94 6 55 19 92 10 36 5 42 8 45 9 20 4 24 14 9 18 8 0 88 1 10 7 48 17 84 3 25 11 55 12 37 13 77 16 96
10 65 17 58 19 8 1 29 11 73 15 71 9 71 3 67 18 97 4 48 12 5 16 58 5 10 14 41 7 16 6 27 0 13 8 25 2 17 13 70
15 19 9 98 17 67 16 59 0 71 18 34 11 40 5 83 13 58 12 24 4 61 2 48 10 49 1 84 3 12 6 75 14 8 8 4 7 87 19 24
16 91 17 88 12 20 6 29 2 13 0 99 14 15 19 75 10 60 15 83 13 68 1 55 9 57 3 7 8 81 5 61 11 46 18 70 4 99 7 90
