50 20
3 56 16 51 10 80 14 66 9 81 7 70 5 63 8 6 18 55 2 6 1 66 0 94 11 87 17 25 6 95 13 41 4 46 19 28 12 67 15 30
6 18 15 96 17 51 10 17 2 4 8 70 12 81 19 83 1 84 9 64 16 64 14 87 13 18 5 77 4 82 0 18 18 22 3 65 7 51 11 22
8 76 18 62 9 53 16 58 4 29 19 86 15 80 2 89 0 26 17 42 11 62 14 8 3 48 5 95 10 69 6 26 13 55 1 16 7 65 12 7
9 59 13 90 5 76 10 28 2 80 19 31 17 70 8 50 0 80 3 22 12 47 14 13 4 92 1 47 7 35 15 35 16 85 18 42 6 35 11 37
0 72 19 79 5 73 8 6 14 19 9 53 6 27 11 73 4 19 10 2 3 85 2 54 17 52 18 7 13 20 15 32 1 98 7 48 16 18 12 86
17 75 0 22 2 3 5 81 11 28 19 31 13 79 18 5 1 92 10 54 7 39 12 62 4 1 8 94 14 43 6 44 9 87 16 35 15 62 3 21
2 46 0 14 19 33 8 85 5 46 6 52 3 44 14 72 12 1 16 52 18 90 17 63 9 94 10 28 13 56 1 92 15 14 7 51 11 41 4 95
14 80 19 31 3 48 17 78 15 81 12 3 7 60 13 68 18 11 10 10 11 75 5 48 0 4 8 79 16 18 6 29 4 91 9 97 1 10 2 85
14 31 18 45 17 11 1 44 10 28 6 77 0 50 5 20 2 66 3 4 9 87 16 34 13 99 19 72 11 16 8 84 4 59 12 6 15 27 7 86
19 6 7 78 9 45 1 24 10 92 0 26 3 84 16 22 11 20 17 87 12 15 6 80 18 19 4 87 15 98 14 66 2 6 8 55 5 61 13 2
8 45 18 79 14 65 1 77 10 50 17 66 0 88 6 3 7 32 4 87 15 79 3 57 5 32 13 76 16 75 9 88 11 58 12 42 19 21 2 93
9 86 1 15 3 5 15 6 13 55 7 96 10 59 5 18 17 96 18 14 2 61 4 8 19 86 8 8 16 90 14 72 0 38 12 64 11 69 6 11
9 54 12 4 3 47 7 16 5 46 4 78 13 45 10 74 19 89 8 31 2 22 18 43 1 38 0 31 6 25 14 11 17 16 11 5 16 61 15 74
7 8 1 74 6 13 13 56 19 74 16 9 0 90 10 47 2 32 17 37 5 44 12 98 14 45 15 66 8 43 4 57 9 32 11 91 18 18 3 24
16 3 10 86 15 20 3 8 13 58 9 61 4 93 5 56 11 42 14 27 2 15 0 43 7 81 18 86 6 23 12 87 1 35 8 3 17 20 19 32
15 15 6 79 1 64 4 95 18 48 11 92 19 14 13 78 0 14 9 6 5 67 3 9 7 75 8 52 10 13 2 24 14 15 16 74 17 57 12 40
4 19 11 8 7 74 5 24 3 72 10 70 1 19 16 65 2 63 0 30 13 28 15 58 17 14 18 41 6 82 12 76 8 43 19 89 14 68 9 67
18 95 6 30 1 13 0 76 3 59 16 80 4 26 19 4 9 47 7 25 13 1 8 74 10 82 12 1 5 16 15 12 14 38 17 96 11 72 2 49
15 12 1 40 13 58 16 24 6 89 2 30 17 6 8 61 18 19 10 62 0 58 19 44 3 74 14 80 5 95 9 34 12 62 4 53 11 61 7 89
18 10 3 53 1 6 12 19 17 67 15 25 14 67 7 59 11 64 10 55 19 39 16 17 6 86 13 53 4 48 2 59 8 52 5 68 0 19 9 63
9 62 0 31 19 61 17 88 5 45 1 37 10 40 16 23 8 38 3 45 15 9 12 48 7 58 14 27 11 99 18 3 6 20 2 41 13 34 4 2
13 18 1 38 9 94 3 67 6 42 19 51 16 33 2 5 18 76 0 21 4 71 10 20 14 99 8 20 17 86 5 21 7 30 12 67 15 66 11 31
4 45 13 44 6 48 17 43 7 48 16 18 12 25 15 59 18 93 9 82 2 72 5 90 3 62 10 92 8 52 14 76 19 83 11 49 1 85 0 90
2 30 3 99 1 80 0 69 18 62 6 16 9 12 12 58 7 22 13 7 5 52 8 15 14 81 16 42 15 15 10 53 17 36 19 86 11 60 4 83
9 21 3 96 6 27 16 85 17 26 13 56 1 29 19 89 4 33 2 5 11 54 18 1 15 79 7 22 8 62 5 14 10 43 12 65 14 12 0 83
13 80 11 19 7 31 5 88 15 42 10 54 1 38 6 49 8 24 2 7 19 70 3 5 17 91 9 77 4 58 18 6 14 61 0 66 16 53 12 72
1 58 4 80 8 22 13 10 11 64 9 93 18 24 15 80 16 55 2 40 17 75 0 34 6 95 19 64 5 50 10 72 14 42 3 16 7 75 12 20
7 21 19 3 16 21 17 13 6 28 2 52 14 23 15 6 9 48 5 5 1 6 10 9 4 7 18 71 8 46 3 88 13 59 11 2 12 21 0 20
11 76 16 18 18 94 6 13 3 11 7 31 1 77 2 40 9 71 13 69 8 44 12 3 14 39 17 28 0 38 10 17 15 11 19 45 4 47 5 48
6 67 5 74 13 26 9 61 17 54 8 38 15 3 2 27 10 21 19 7 1 66 11 91 0 37 12 51 18 74 4 74 7 87 3 29 14 39 16 72
2 55 4 45 0 71 9 66 18 37 3 2 19 60 12 85 8 2 7 88 13 83 6 99 16 25 14 85 11 14 1 50 15 60 5 97 17 55 10 37
17 20 13 62 6 79 2 91 1 32 10 42 3 68 12 17 11 62 15 34 7 63 4 74 14 88 5 95 8 97 18 33 19 44 9 30 16 21 0 2
13 71 2 69 15 9 12 51 14 21 1 34 18 2 11 94 3 80 4 78 9 7 5 61 19 72 0 4 6 42 8 12 16 83 17 61 7 21 10 89
15 40 4 69 1 10 14 95 0 45 11 34 6 13 19 12 7 97 5 30 18 5 16 66 2 84 8 39 13 52 12 20 9 21 10 98 17 6 3 54
9 14 12 57 18 73 7 73 1 79 13 39 14 46 6 47 8 73 16 43 15 62 17 60 5 57 4 51 0 32 3 96 19 96 10 42 11 69 2 93
18 72 11 93 19 1 0 83 5 92 13 18 9 95 7 68 6 48 1 4 3 9 2 50 16 14 8 45 15 6 4 1 10 85 14 44 17 43 12 27
5 59 8 25 6 34 2 55 4 1 13 59 15 16 18 93 1 17 0 25 14 11 7 43 9 51 16 64 12 57 19 27 10 70 11 19 17 73 3 52
7 91 14 36 17 32 16 44 1 90 9 96 18 18 6 18 15 27 8 78 0 99 3 53 19 14 2 40 10 26 11 32 5 28 13 30 12 54 4 54
1 60 18 80 11 4 13 4 17 65 12 61 19 27 0 70 4 20 5 29 15 79 2 86 8 38 14 87 6 52 9 86 3 5 16 12 7 63 10 39
14 17 10 20 17 11 16 48 7 87 0 7 5 12 12 89 15 46 19 4 11 61 3 73 1 42 4 37 2 38 8 33 9 91 18 76 6 20 13 53
5 14 17 43 1 90 7 13 4 87 14 46 16 7 2 41 6 30 13 59 19 21 9 53 18 8 8 87 11 59 15 61 12 82 3 30 10 37 0 43
8 59 7 68 15 41 11 84 0 76 14 47 12 44 2 16 19 8 18 74 13 26 4 28 16 93 17 69 9 45 10 37 3 61 1 35 6 32 5 24
3 85 11 81 17 67 19 44 4 76 1 99 6 87 8 74 18 15 9 72 14 67 16 20 5 42 0 91 13 24 10 89 7 87 12 28 15 23 2 7
9 36 18 64 10 83 0 35 7 54 3 3 6 52 19 66 13 15 15 2 17 83 2 74 1 76 5 33 4 72 14 58 8 9 11 9 16 38 12 72
2 79 1 75 6 13 10 23 12 6 4 31 0 51 13 24 18 16 15 99 19 3 3 3 5 86 11 30 16 46 8 61 7 39 17 6 14 21 9 59
1 48 10 98 14 21 3 30 4 43 15 33 0 73 11 36 8 7 5 51 6 8 2 16 9 49 17 3 7 26 16 14 18 47 12 25 13 54 19 37
3 80 5 26 6 78 11 43 16 17 14 87 19 10 1 28 12 66 15 60 13 83 9 2 0 42 18 42 7 58 2 60 10 93 17 52 4 59 8 12
7 25 12 3 6 13 4 24 13 32 10 46 15 18 16 53 18 39 0 67 19 85 5 96 1 13 17 86 2 32 11 6 9 19 3 51 14 71 8 48
17 89 6 74 13 7 5 90 3 98 2 83 18 83 1 1 8 82 14 78 19 52 7 93 10 48 0 24 11 51 4 98 15 56 12 98 9 64 16 95
3 34 17 55 2 47 18 12 19 17 4 73 13 60 8 79 7 43 9 66 14 11 11 40 5 54 1 39 10 78 6 28 12 85 0 44 16 40 15 66
