50 20
13 27 12 54 4 59 15 20 16 95 5 40 17 5 10 6 11 77 6 1 9 50 7 14 14 55 0 2 19 93 3 1 18 45 8 31 1 94 2 68
7 18 10 82 12 52 4 72 11 54 14 22 15 78 5 85 6 17 0 15 3 33 16 55 19 21 2 58 18 8 13 5 9 94 8 67 17 81 1 50
16 64 10 61 19 60 7 17 0 42 18 61 9 96 13 49 6 74 5 64 15 15 12 82 11 46 1 58 2 9 4 8 14 71 8 29 3 34 17 23
18 61 7 85 13 1 4 48 6 14 3 65 19 47 11 40 16 37 10 43 2 10 9 12 12 68 0 26 8 27 17 49 15 4 14 53 5 24 1 14
1 54 4 19 17 20 12 28 7 98 2 68 19 4 11 17 10 60 9 85 6 29 5 50 13 51 15 55 16 76 8 22 0 51 3 87 18 94 14 87
8 4 4 28 13 61 0 54 16 30 15 79 3 31 17 81 12 53 9 19 5 94 18 86 11 94 1 76 10 40 19 58 6 67 14 29 7 1 2 77
19 60 17 78 8 92 16 92 11 92 18 32 15 72 7 53 12 77 14 66 9 32 0 23 3 72 2 20 4 24 6 69 1 3 10 79 5 41 13 69
1 17 3 4 16 76 15 45 9 49 11 38 0 96 17 67 6 39 4 59 8 58 2 57 18 15 13 51 10 7 14 51 19 41 5 69 12 63 7 34
12 30 18 93 19 32 13 24 10 43 7 39 2 92 17 61 1 72 0 22 6 50 14 98 11 77 4 43 16 69 8 48 9 49 15 96 5 54 3 29
10 74 16 96 2 42 8 70 15 61 7 10 3 70 1 37 11 47 14 59 5 28 13 8 17 85 12 72 9 5 6 14 18 77 0 23 19 45 4 71
2 69 12 21 10 78 1 57 7 97 17 70 5 60 8 44 9 94 14 7 16 38 13 71 19 30 4 6 15 98 6 11 18 42 0 5 11 61 3 4
3 3 19 42 6 78 8 85 10 81 7 96 9 16 12 64 5 4 11 56 15 74 14 23 0 27 4 79 16 26 17 53 1 75 13 15 18 35 2 88
3 31 14 43 5 15 4 52 10 90 18 61 12 66 8 41 9 33 13 76 19 67 6 56 15 98 7 55 2 10 16 75 11 32 0 64 1 41 17 21
17 17 15 91 0 67 13 23 16 89 9 88 10 1 5 31 18 52 7 29 6 58 12 60 1 73 11 37 2 12 19 62 3 47 8 36 4 72 14 94
0 30 5 38 14 12 19 3 11 71 13 36 1 72 15 28 9 69 2 12 18 45 4 99 8 56 12 92 7 49 16 93 10 60 3 8 17 39 6 56
16 73 9 95 5 70 17 82 4 17 7 42 10 63 1 21 6 81 0 76 18 66 15 78 14 59 3 6 2 41 13 48 11 11 8 66 19 86 12 31
19 52 14 96 7 34 11 57 8 19 1 7 6 61 10 96 0 71 9 32 13 47 5 57 15 25 16 26 2 46 17 56 18 7 4 43 12 46 3 29
0 74 5 81 18 24 9 83 12 58 11 3 2 27 6 48 7 96 4 42 16 33 8 56 19 1 17 98 14 76 13 40 1 52 3 44 10 63 15 62
17 34 19 18 1 35 9 50 7 48 2 8 15 39 18 57 8 30 16 76 10 71 3 9 6 18 0 43 5 78 4 26 11 33 12 15 13 16 14 44
4 59 7 71 14 67 5 39 6 95 9 23 19 21 8 72 16 48 10 32 11 28 18 91 15 87 1 25 13 87 12 65 17 45 2 63 3 18 0 7
14 66 9 27 6 57 4 90 5 41 13 24 15 33 12 99 3 15 0 51 17 62 18 95 2 60 16 16 1 61 8 32 7 36 19 15 10 41 11 96
13 46 6 79 7 77 9 93 10 12 14 22 2 78 0 34 18 60 17 19 11 23 12 74 3 80 4 75 16 21 15 93 5 43 1 6 8 7 19 57
13 15 3 50 0 7 8 17 6 75 2 27 1 23 19 34 14 97 15 52 11 69 9 62 10 36 17 97 4 75 12 67 7 73 16 31 18 32 5 3
10 18 18 21 19 39 6 81 7 86 16 64 0 56 11 84 2 54 17 72 9 15 4 24 15 27 13 51 5 37 12 90 14 27 8 16 1 85 3 27
16 20 11 44 1 96 6 62 13 15 4 19 2 3 3 51 10 9 7 96 14 80 19 62 9 23 12 7 17 20 15 3 8 82 0 72 5 32 18 95
0 2 9 36 5 34 7 52 3 12 19 43 17 10 13 72 2 83 8 42 10 45 4 29 1 47 6 70 12 98 15 87 11 95 16 94 14 35 18 51
5 49 12 62 11 99 3 29 19 51 6 44 2 20 8 47 17 54 10 72 18 18 9 42 13 51 0 53 1 71 7 44 15 96 16 77 4 77 14 59
13 33 2 37 16 27 4 92 18 47 10 36 3 34 17 23 11 94 8 88 19 50 7 98 0 6 15 29 14 11 6 98 1 39 5 5 12 78 9 74
19 48 18 94 4 56 16 6 13 65 15 58 17 55 8 49 3 48 1 35 7 31 2 91 10 93 6 91 11 91 9 66 12 24 14 66 0 57 5 54
15 40 13 78 4 69 11 16 6 70 12 71 10 66 1 34 14 30 5 62 9 1 8 99 18 37 19 64 0 19 17 62 7 98 3 8 16 27 2 25
6 53 4 26 17 36 1 65 16 9 15 34 7 96 2 97 10 55 14 65 3 96 18 71 8 82 13 52 11 67 9 20 12 65 19 39 0 30 5 80
13 46 1 36 12 74 7 44 14 98 6 47 18 36 16 5 4 63 9 83 10 78 11 96 19 46 3 78 17 33 2 75 15 43 0 41 8 18 5 13
17 79 19 95 6 8 2 75 14 36 18 58 10 43 5 68 1 32 15 30 0 16 9 90 4 62 3 82 11 72 13 2 12 14 8 4 16 47 7 40
5 52 4 72 11 50 15 37 10 34 3 57 6 37 14 99 19 60 7 33 9 21 18 74 0 70 13 82 12 78 1 13 16 89 2 4 8 93 17 93
12 59 0 87 17 58 3 90 10 77 4 15 13 70 16 66 9 90 8 6 1 78 6 25 7 86 18 63 15 87 11 52 2 64 5 91 19 22 14 91
5 90 2 20 13 93 12 87 4 21 6 52 1 69 7 76 11 88 19 75 10 68 16 71 15 44 17 9 18 25 9 71 8 28 14 30 0 93 3 86
3 1 11 10 10 7 9 8 4 92 13 59 14 42 15 83 16 99 19 91 17 37 7 96 8 40 6 18 2 38 18 1 12 84 5 29 0 43 1 78
5 55 12 34 14 30 1 27 4 42 18 79 13 45 8 58 7 3 0 74 11 41 16 58 9 63 17 98 10 1 19 27 2 89 15 72 6 8 3 8
9 16 14 23 3 5 4 54 11 17 19 39 13 85 17 97 18 29 15 52 10 15 5 17 0 75 1 36 12 95 8 32 6 59 7 2 2 24 16 25
9 20 10 76 12 80 3 25 0 51 15 6 2 77 16 67 17 1 1 61 14 57 4 6 19 79 5 98 6 15 7 25 8 92 11 81 13 46 18 70
8 9 0 56 10 22 6 66 15 63 14 63 18 6 3 42 12 62 7 90 11 19 5 93 4 86 17 46 1 44 19 32 13 92 16 93 2 66 9 25
18 36 19 51 8 74 3 61 4 65 17 65 2 25 13 65 11 32 12 27 0 17 6 44 7 47 1 1 5 37 14 87 16 18 10 7 9 79 15 64
19 53 6 91 14 12 12 79 15 2 1 50 10 42 5 40 8 81 2 3 9 55 4 26 13 46 0 82 17 67 3 52 11 61 16 19 7 58 18 36
11 98 7 9 19 6 15 19 17 12 9 28 6 18 14 20 3 13 2 20 10 89 0 85 12 8 4 98 5 32 18 15 13 34 16 85 8 19 1 65
10 45 8 15 12 70 9 80 18 56 7 65 11 95 13 56 5 72 15 96 1 50 6 26 0 23 3 35 14 54 2 39 17 69 19 1 4 15 16 68
1 97 18 19 2 72 5 91 8 46 6 23 15 68 7 73 16 70 12 85 11 72 0 7 10 14 13 75 3 64 14 41 9 36 19 82 17 20 4 55
11 3 12 63 13 82 14 48 17 78 4 64 3 96 10 35 7 60 15 23 19 99 1 28 6 40 8 39 18 23 5 7 2 4 0 75 16 87 9 30
7 88 8 8 12 15 15 1 16 65 4 71 18 36 10 94 17 80 1 6 11 18 13 51 5 78 6 48 9 42 3 74 0 55 14 92 19 94 2 93
19 14 0 76 17 49 12 85 16 9 2 47 18 27 10 49 3 86 11 60 9 77 7 81 13 34 1 63 4 83 5 49 6 9 14 36 15 73 8 69
0 59 4 28 1 40 2 85 12 3 5 77 15 75 11 64 14 55 10 23 6 5 3 18 9 87 13 44 8 76 17 23 18 79 19 64 16 8 7 89
