50 20
5 50 15 38 6 4 10 84 7 95 14 38 3 4 2 9 19 98 17 88 1 36 11 86 9 97 8 89 18 13 16 24 0 72 12 59 4 32 13 40
9 24 5 58 3 8 17 77 1 35 2 80 6 58 8 38 4 86 15 94 10 40 11 22 0 34 16 38 18 44 14 90 12 25 13 10 7 4 19 53
3 70 17 20 19 10 7 68 5 44 9 21 16 66 11 10 4 74 10 93 0 35 15 10 12 22 13 66 8 8 6 64 18 99 1 63 2 9 14 36
3 99 16 41 12 19 13 41 9 88 5 87 10 39 15 35 4 77 8 46 6 48 14 66 18 39 0 77 7 84 1 19 19 3 2 83 11 37 17 69
11 80 1 72 0 66 14 98 9 70 8 43 5 50 18 57 17 9 16 55 6 88 2 34 12 2 10 79 4 43 3 17 13 20 7 81 19 87 15 94
0 77 5 78 8 57 6 96 19 52 17 36 4 16 16 50 18 14 15 27 13 13 7 95 3 87 2 4 1 98 12 67 14 4 11 42 9 55 10 68
1 3 3 92 10 1 17 62 2 31 9 35 18 80 12 35 4 52 15 15 16 20 5 48 8 93 19 50 11 27 7 53 0 41 6 30 14 42 13 92
19 17 17 35 14 29 6 98 2 32 7 90 5 86 13 15 8 53 16 40 3 74 1 40 15 42 4 68 11 17 0 94 9 74 18 35 12 97 10 31
9 54 1 57 4 18 7 28 19 9 8 9 14 57 12 38 11 71 10 40 15 78 16 31 3 57 0 52 13 6 2 51 17 99 18 43 6 2 5 83
8 21 18 42 15 64 4 2 9 72 14 17 13 93 2 31 12 30 0 64 6 31 7 88 5 98 1 14 17 14 10 88 11 45 3 97 16 98 19 85
13 40 16 87 2 27 1 93 11 44 19 67 0 70 9 3 10 84 12 96 7 46 17 48 4 84 18 66 3 15 15 9 5 20 8 56 14 95 6 82
16 96 11 59 14 37 7 45 5 94 15 19 9 75 17 81 0 41 12 90 19 84 6 8 3 81 18 93 8 72 4 24 13 72 1 57 2 8 10 35
15 77 12 55 19 50 6 41 17 55 1 81 5 99 8 13 14 67 9 16 10 86 7 25 3 7 11 70 18 66 4 40 2 8 0 82 16 18 13 69
12 49 3 57 16 50 6 93 17 77 11 61 18 47 9 84 13 4 2 44 10 29 19 43 1 69 5 34 8 97 15 50 14 59 0 9 7 17 4 26
17 61 3 17 18 4 0 13 12 76 4 59 16 57 9 97 14 6 10 18 8 51 6 26 7 53 5 87 15 40 13 88 11 78 1 46 19 5 2 86
15 88 19 64 8 41 18 20 1 96 5 74 4 47 11 85 17 96 3 75 10 78 0 66 7 76 16 55 12 63 14 82 2 41 6 56 9 60 13 40
11 69 4 93 0 2 15 53 3 22 17 33 9 2 14 40 18 49 12 63 10 82 8 97 1 79 2 76 13 32 7 15 16 32 6 57 5 1 19 27
9 59 16 97 11 8 19 45 17 85 7 88 8 31 4 42 2 23 0 20 12 93 18 90 13 90 15 5 5 20 6 55 1 46 3 76 10 66 14 35
11 12 4 28 7 31 5 81 13 45 10 52 17 35 19 41 14 19 9 30 16 35 2 37 18 40 8 19 3 19 12 77 1 86 6 91 0 25 15 14
16 51 1 77 17 79 5 53 4 27 0 36 15 13 11 55 12 35 6 83 7 5 14 35 2 78 13 10 19 11 3 52 18 81 8 87 9 86 10 88
11 29 3 96 14 91 16 61 6 15 17 68 5 36 18 59 15 17 7 1 19 91 4 22 12 27 9 42 1 45 0 24 13 13 8 79 10 7 2 71
5 36 19 79 17 68 13 7 9 54 6 15 12 4 1 27 11 38 3 23 16 75 7 69 0 25 2 10 8 32 10 77 15 83 18 5 14 1 4 6
0 19 16 72 18 13 17 59 7 58 12 97 11 12 1 3 3 87 4 87 5 37 10 70 2 75 9 50 8 19 13 65 19 39 15 5 6 4 14 52
6 49 13 38 15 76 12 81 18 26 16 23 8 76 14 42 17 98 4 99 19 5 1 74 9 28 10 97 11 73 3 76 2 32 5 11 7 31 0 39
6 69 13 60 10 50 11 3 18 15 15 49 7 1 8 80 5 40 9 4 3 3 0 53 12 96 14 99 4 75 2 8 16 56 1 22 19 61 17 47
6 54 11 4 3 98 16 64 19 30 9 44 15 94 13 28 17 62 14 35 18 68 4 62 12 32 0 89 10 29 8 72 5 53 7 66 1 34 2 4
1 24 6 7 3 85 16 93 13 7 4 56 11 75 5 49 15 74 18 16 19 32 9 19 0 95 7 71 17 37 10 56 14 8 2 66 8 52 12 9
5 24 18 72 8 24 15 22 2 24 12 92 3 65 17 14 19 46 7 23 1 26 11 59 16 46 6 40 4 80 10 42 13 94 14 51 0 72 9 77
13 31 19 93 3 17 11 14 4 40 14 22 12 19 15 42 7 72 8 18 17 84 6 55 1 28 5 99 10 67 18 40 16 69 9 60 2 68 0 47
12 38 10 61 5 49 6 89 3 19 2 49 13 70 14 60 17 60 9 13 15 55 1 68 19 98 11 89 18 54 0 76 4 3 8 2 7 25 16 6
15 86 10 6 12 93 5 78 6 88 8 42 0 36 17 72 14 60 4 98 16 80 11 60 13 50 1 94 19 2 18 6 2 48 3 59 9 93 7 67
15 40 5 18 19 14 16 97 13 36 1 16 14 95 12 18 11 93 10 53 0 69 6 99 18 49 17 61 2 7 4 26 8 38 7 37 9 69 3 38
16 90 1 5 8 98 18 77 5 5 13 84 12 92 0 57 9 76 11 22 10 44 4 64 15 1 7 56 19 43 14 61 6 4 2 12 3 82 17 13
4 1 18 78 3 73 5 22 10 56 12 4 7 14 13 2 16 52 1 67 15 92 11 93 9 73 6 42 0 27 17 33 19 57 14 12 8 99 2 91
11 30 15 88 6 36 12 58 2 48 16 94 19 85 0 45 4 11 17 71 5 20 7 28 3 79 9 68 13 87 14 91 1 14 18 85 10 37 8 90
1 16 6 91 4 69 8 17 3 84 9 70 7 62 12 95 19 42 17 41 15 60 0 66 18 63 10 5 5 13 14 96 13 2 16 72 2 12 11 18
12 30 17 87 6 19 4 43 15 35 9 59 11 13 7 91 18 66 2 3 13 86 0 9 16 88 14 15 8 16 10 88 1 88 3 98 5 30 19 29
13 95 11 77 1 5 2 68 0 53 19 65 15 10 10 44 14 70 9 30 18 4 8 95 16 80 7 54 6 72 17 15 3 86 12 26 4 89 5 65
8 96 6 50 12 68 5 60 4 17 19 62 1 7 10 77 7 62 11 69 9 2 13 96 16 4 3 55 2 4 17 81 14 29 18 65 0 50 15 93
6 66 0 78 18 55 14 46 2 4 4 77 17 80 15 97 16 6 7 83 12 98 13 26 8 8 11 74 3 33 19 58 10 84 9 77 5 82 1 66
9 68 11 19 18 71 19 50 3 24 8 43 5 81 17 87 15 54 1 47 13 45 0 61 2 94 7 86 12 90 4 15 6 12 16 74 14 61 10 28
5 99 12 79 9 7 4 40 8 8 7 47 18 81 3 88 11 26 19 37 14 26 0 28 17 34 2 45 16 10 15 17 10 27 6 59 1 59 13 82
1 53 7 21 0 23 14 39 2 85 12 64 5 52 19 55 16 23 17 25 18 94 13 60 9 3 3 42 8 29 6 37 10 49 11 26 15 73 4 51
10 4 8 41 7 27 1 74 15 20 0 32 18 18 4 62 16 38 12 1 3 89 2 75 13 22 14 76 17 42 9 1 11 9 6 25 19 98 5 59
12 15 14 90 18 89 5 69 11 7 13 3 3 1 1 7 19 95 15 17 17 41 16 77 8 85 7 80 4 76 6 73 0 9 9 11 2 89 10 1
13 27 5 86 19 67 3 26 15 45 2 60 7 11 12 38 14 40 0 15 1 26 16 92 6 97 8 93 10 42 18 99 11 5 17 5 9 66 4 26
17 57 13 36 11 40 0 97 6 75 5 28 18 78 9 19 14 11 1 89 12 16 3 71 10 92 15 91 4 42 16 5 19 81 7 71 2 66 8 63
19 4 4 66 11 4 17 73 12 4 10 57 7 46 15 59 5 12 14 59 3 52 6 14 13 71 16 84 9 9 1 27 18 31 8 9 2 45 0 52
14 21 18 41 2 28 16 59 19 89 13 54 3 12 0 94 10 34 1 35 12 29 8 50 4 64 17 56 7 4 9 14 5 62 11 70 15 91 6 73
3 84 13 74 14 94 16 55 15 45 11 40 1 48 10 3 17 12 0 57 2 44 9 77 7 15 12 24 4 96 6 91 19 16 8 34 5 31 18 60
