50 20
0 79 13 96 8 98 10 93 18 37 5 73 7 96 9 57 1 92 16 59 2 18 15 46 11 61 17 31 19 70 6 41 4 94 3 21 12 66 14 9
18 48 11 37 3 22 12 81 0 69 14 18 9 77 4 54 10 19 1 66 6 46 5 48 8 36 15 97 13 17 19 99 16 22 17 80 2 96 7 13
16 85 5 90 12 15 18 40 14 40 0 31 3 1 10 80 9 74 15 11 13 18 4 39 17 91 2 87 7 13 6 91 19 30 8 24 11 97 1 8
7 34 15 54 9 63 12 73 2 57 5 58 17 62 13 5 3 7 11 31 1 23 19 94 16 8 14 58 18 38 6 86 0 48 8 14 4 12 10 78
10 38 2 5 3 74 0 76 5 19 15 83 16 29 13 34 11 29 14 24 18 42 9 52 12 90 7 46 8 81 19 42 4 82 17 70 1 63 6 72
0 65 16 49 3 36 11 12 17 62 1 89 7 34 4 97 13 61 8 83 15 83 10 36 2 5 6 63 14 93 19 77 18 68 12 7 5 18 9 79
16 39 14 4 0 75 9 94 13 39 6 28 7 93 17 34 3 77 5 27 8 38 12 43 10 78 15 1 18 7 1 34 19 92 11 1 4 69 2 84
18 87 8 67 13 63 11 21 9 78 0 55 10 97 6 2 12 66 16 28 14 9 2 79 1 62 17 80 7 2 19 11 3 68 4 20 15 99 5 37
10 62 2 14 4 11 14 59 0 37 7 89 3 13 16 54 13 95 12 67 1 33 15 81 5 74 8 70 11 73 19 82 6 27 9 23 17 35 18 91
15 35 12 80 18 69 6 29 7 55 2 47 8 36 0 79 9 76 3 37 4 47 5 88 10 25 13 51 14 98 1 94 11 53 19 77 17 50 16 99
12 24 1 17 13 12 18 81 15 23 10 17 5 26 19 25 4 62 11 99 7 96 14 42 6 9 2 64 8 32 9 54 3 80 16 47 17 36 0 89
17 93 2 92 19 21 16 40 7 6 13 42 4 14 5 15 14 18 0 89 6 91 15 89 12 31 11 95 9 26 10 73 18 68 1 88 3 45 8 57
3 51 1 53 17 78 18 73 5 11 7 92 16 40 6 79 15 34 10 86 13 24 9 56 8 2 2 76 0 41 12 95 19 93 14 44 11 92 4 70
16 18 19 97 17 56 9 43 4 88 12 77 6 32 11 92 10 57 18 1 2 8 3 69 0 25 14 15 13 86 7 51 1 72 5 85 8 54 15 36
19 28 16 10 17 12 6 68 14 42 7 91 5 4 11 17 18 14 15 91 2 46 12 1 13 79 8 95 10 80 3 61 0 2 9 26 4 92 1 17
3 65 4 98 17 44 1 64 12 50 18 2 7 75 8 6 14 31 2 28 16 69 0 7 10 91 5 71 6 73 19 22 11 60 15 34 13 69 9 67
10 96 6 91 4 69 1 24 3 49 15 1 5 32 16 63 9 99 19 23 11 46 0 91 18 93 2 11 13 79 7 50 17 53 8 60 14 98 12 50
12 79 9 8 7 28 14 72 10 58 16 89 2 73 1 87 4 25 6 82 18 73 15 31 0 79 3 13 19 52 11 70 13 64 5 19 17 3 8 5
8 18 9 5 19 27 12 21 1 24 14 37 5 37 0 96 2 7 16 76 4 1 17 63 3 16 7 96 11 92 10 40 15 62 18 80 13 6 6 25
0 73 5 86 1 79 4 46 17 77 8 25 16 17 3 79 19 23 9 31 12 44 10 27 13 48 18 58 15 77 14 52 6 41 11 86 2 82 7 45
12 40 0 19 9 67 16 37 6 4 14 89 3 42 4 60 1 66 2 70 5 58 7 59 17 2 18 67 19 18 11 44 13 83 10 50 15 77 8 11
13 17 16 92 3 43 0 92 1 95 15 37 9 33 11 46 12 99 6 22 5 16 17 72 19 81 2 20 10 48 18 32 4 1 7 95 14 87 8 16
11 74 10 19 8 36 0 49 3 50 9 5 13 48 2 1 12 61 5 66 6 30 14 9 7 39 18 42 1 89 15 93 16 26 19 9 17 71 4 39
6 91 19 75 15 68 1 62 4 36 9 45 8 80 14 83 10 44 2 85 5 56 11 4 13 50 0 73 16 13 18 80 3 97 17 60 12 47 7 43
13 2 9 48 17 85 14 50 5 97 18 48 3 69 15 56 1 31 4 87 19 40 6 67 7 81 0 97 10 48 2 83 11 39 16 49 12 78 8 73
14 52 11 49 7 34 3 74 2 99 19 35 1 76 4 86 10 29 16 1 18 98 9 96 17 63 6 60 12 16 15 13 13 29 8 97 5 81 0 17
9 88 0 20 3 8 2 46 4 17 11 60 13 9 8 41 16 1 6 78 10 40 19 2 18 6 17 17 15 36 12 14 14 19 7 9 1 59 5 60
3 15 5 80 16 30 6 66 8 64 4 3 18 68 1 2 19 70 0 37 10 10 9 25 13 13 14 86 12 72 17 92 7 9 15 15 11 51 2 1
8 18 11 67 4 54 13 12 0 20 3 67 17 8 7 15 19 24 15 47 9 78 2 46 10 64 14 12 12 91 18 22 16 23 5 72 6 66 1 64
15 8 8 35 13 48 5 22 17 9 7 55 6 39 12 36 4 60 1 94 0 92 9 46 10 36 16 72 18 57 14 3 19 6 2 83 3 30 11 59
7 16 18 84 8 96 6 69 5 67 16 19 4 96 14 15 15 83 1 31 0 17 19 81 3 30 2 39 17 46 13 54 11 28 9 50 12 11 10 63
18 50 9 44 3 62 0 98 11 14 19 37 17 97 12 44 13 22 10 33 15 9 6 78 4 62 16 26 8 36 7 8 2 75 5 93 1 19 14 92
2 89 7 64 8 10 1 68 19 50 5 39 13 87 11 28 17 28 3 5 14 14 9 30 6 60 0 56 10 82 18 66 16 89 15 1 4 50 12 36
19 43 6 51 17 41 9 99 1 99 18 93 8 16 13 31 5 51 14 31 4 81 15 73 7 65 0 70 3 41 11 34 10 79 2 79 12 25 16 58
2 79 14 74 7 49 9 32 8 94 5 8 12 22 15 96 18 71 17 92 16 91 4 33 19 22 0 85 10 38 13 17 1 79 6 30 3 55 11 98
12 23 1 46 8 43 14 98 13 3 7 23 15 93 9 85 10 52 5 8 11 59 2 96 17 3 4 64 18 77 3 36 6 49 19 81 16 19 0 76
9 75 7 71 16 41 13 4 6 82 12 63 1 36 2 37 14 34 8 32 10 35 5 50 15 26 0 28 18 59 11 11 3 53 19 1 17 91 4 26
6 61 1 53 18 93 7 27 0 58 12 12 14 29 8 61 9 50 19 68 3 15 16 98 13 39 17 62 15 59 10 22 5 34 2 21 11 16 4 2
1 27 7 53 13 3 5 44 15 75 12 15 14 85 2 48 8 76 10 96 4 27 6 41 0 42 9 88 19 66 16 3 17 18 3 86 11 33 18 76
12 47 16 72 3 75 7 59 4 14 19 87 2 80 8 92 10 20 0 77 15 38 11 17 6 13 5 83 13 16 14 24 18 62 9 4 17 74 1 97
13 61 17 67 15 6 8 94 19 96 4 85 10 36 12 17 9 36 1 76 6 10 5 60 7 80 16 15 18 57 11 56 3 3 2 71 0 14 14 15
3 77 17 35 0 42 15 64 9 83 12 14 13 86 16 63 4 99 6 90 11 1 7 50 2 34 10 58 14 94 18 35 8 86 19 14 5 23 1 98
10 18 16 38 5 3 8 72 17 87 6 68 19 66 3 25 13 10 18 93 1 59 4 49 15 24 12 90 2 70 9 95 11 85 7 61 0 36 14 95
18 34 2 84 4 87 3 22 8 92 19 48 13 52 12 29 6 69 16 57 10 82 17 34 0 81 11 35 5 47 15 35 14 60 1 35 9 55 7 61
3 44 0 13 9 11 17 66 19 38 4 87 11 11 1 1 12 87 2 13 14 14 6 19 10 76 15 62 18 15 7 59 13 90 8 10 5 97 16 13
2 46 16 50 17 89 12 13 6 53 13 65 5 59 7 12 0 65 9 76 1 27 8 25 10 97 14 71 15 41 11 59 19 34 3 38 4 85 18 70
4 39 15 97 11 12 7 50 0 49 14 79 16 81 6 26 10 13 19 80 2 80 3 2 1 84 5 95 8 98 12 46 17 18 13 58 9 32 18 66
17 61 0 49 13 91 8 80 15 36 4 66 6 8 10 82 9 84 3 42 11 79 5 61 18 90 1 16 19 85 7 74 14 47 16 96 12 34 2 75
7 99 2 74 12 50 14 46 18 55 17 48 11 97 5 9 16 80 9 2 13 97 10 37 1 78 8 77 19 52 0 29 4 61 15 56 3 53 6 35
16 48 9 78 18 48 5 4 19 77 13 97 11 1 1 46 10 44 7 19 4 33 0 45 2 68 15 3 6 1 14 77 8 35 12 68 17 93 3 2
