50 20
4 98 11 54 6 46 18 92 7 70 0 99 8 56 17 92 5 14 13 17 14 55 10 59 19 96 2 72 3 28 1 91 16 67 15 15 12 33 9 61
15 92 14 8 18 27 7 29 0 50 10 81 16 60 13 27 5 99 9 15 19 84 12 60 4 60 1 69 3 97 17 18 11 89 2 6 8 78 6 17
14 80 15 89 13 38 2 13 18 78 0 37 8 8 6 36 5 20 10 86 16 63 19 10 12 22 7 8 9 30 3 99 11 67 4 5 1 30 17 23
5 69 7 61 13 7 2 7 6 58 14 66 10 92 4 84 16 77 1 9 9 84 17 91 0 38 3 7 12 80 15 69 18 27 19 37 8 55 11 50
3 55 2 97 4 30 18 40 14 17 10 4 0 9 19 1 15 45 1 22 17 53 13 79 6 31 11 31 7 1 12 19 9 47 16 34 5 95 8 81
4 55 9 15 0 81 10 19 13 44 16 64 11 59 12 66 1 53 17 63 14 82 8 33 3 28 18 85 15 93 7 78 6 99 2 60 5 29 19 38
9 4 3 62 2 82 11 52 6 55 16 23 15 79 10 31 7 49 17 39 19 84 1 12 14 11 4 5 8 7 0 16 5 44 13 40 18 67 12 85
15 37 14 5 11 65 10 76 4 7 18 76 1 37 7 26 16 77 12 70 19 76 8 96 17 63 0 58 3 4 5 87 13 58 2 11 9 60 6 9
18 83 7 87 6 73 10 69 13 52 5 86 16 77 9 54 3 62 15 41 0 9 2 52 1 25 19 3 11 54 12 78 8 31 4 27 14 56 17 21
19 8 8 48 12 15 5 50 7 80 18 13 0 47 15 50 14 53 9 27 16 95 17 45 10 96 6 70 3 89 13 72 2 90 11 25 4 63 1 49
2 80 12 45 14 44 8 13 19 4 4 31 16 97 13 1 15 10 0 21 17 6 7 69 11 76 1 28 18 54 9 81 3 63 10 71 6 64 5 88
3 65 5 27 15 13 12 14 14 19 2 68 16 45 10 20 8 11 6 42 4 95 13 73 17 90 9 49 18 36 1 77 11 52 7 17 0 75 19 85
0 56 11 83 15 12 6 61 7 10 9 50 1 40 13 71 16 92 18 28 5 75 19 63 2 90 14 89 17 95 4 82 12 74 10 63 8 40 3 56
12 65 9 2 3 3 17 70 19 11 15 88 1 54 18 72 10 71 0 24 2 65 7 90 11 12 14 84 5 33 13 16 8 50 4 98 16 1 6 61
3 62 15 22 16 72 9 23 13 46 19 62 17 59 12 3 5 71 7 36 6 89 14 83 18 9 8 93 0 25 2 67 11 75 1 20 10 9 4 36
19 20 7 32 17 31 10 29 18 97 0 40 4 65 12 16 11 84 9 70 14 2 1 60 5 65 8 69 16 40 13 35 2 95 3 26 15 87 6 36
12 3 7 57 14 38 1 35 4 89 8 59 19 71 6 58 16 76 9 49 17 42 2 21 18 59 3 19 11 67 13 4 5 45 10 14 15 61 0 59
2 28 6 15 14 16 8 96 1 64 19 76 16 41 18 31 4 35 10 31 0 12 12 8 5 81 15 32 3 69 9 46 11 7 7 27 17 45 13 9
19 56 5 61 11 89 16 67 1 27 6 5 18 9 3 56 9 48 12 46 2 6 0 75 4 95 15 96 8 83 17 26 10 20 13 92 7 46 14 12
10 57 4 63 11 56 2 33 19 3 14 96 7 97 13 97 1 38 18 81 6 73 12 21 3 24 5 99 8 28 15 91 16 27 9 95 0 61 17 88
19 9 12 4 15 75 17 91 14 67 1 80 0 69 10 49 18 13 4 44 11 67 3 72 7 40 2 6 5 5 16 39 9 17 6 38 8 91 13 89
11 84 18 90 16 27 4 62 1 16 15 56 12 47 10 22 6 22 9 62 17 25 7 9 3 66 5 38 8 21 13 21 19 86 0 29 2 56 14 37
11 78 0 30 5 37 2 61 1 52 19 61 17 12 9 22 12 36 18 92 4 28 3 77 14 35 8 96 16 95 13 66 10 81 15 18 6 47 7 97
12 20 9 90 17 92 4 76 5 77 10 66 18 51 19 45 11 65 7 16 8 43 16 14 15 89 6 53 14 81 13 35 3 96 0 80 2 70 1 74
8 15 15 42 11 17 12 77 6 94 5 95 18 93 2 39 0 59 4 83 17 80 3 45 7 66 1 77 10 35 16 39 19 61 9 13 13 61 14 31
12 62 13 37 9 59 1 1 16 88 19 13 14 42 3 99 0 5 8 77 18 38 11 7 15 2 2 75 5 53 17 14 6 90 10 79 4 37 7 24
0 28 6 59 19 65 5 56 7 67 13 42 18 78 10 42 9 85 1 3 3 91 12 59 2 12 8 72 14 2 11 44 17 43 16 1 15 75 4 29
1 3 18 62 7 18 3 20 13 49 8 93 19 37 10 69 17 30 14 82 12 45 4 60 2 52 6 29 5 80 0 78 11 75 15 13 16 49 9 65
17 39 13 11 8 84 5 42 19 37 9 99 10 45 11 19 16 31 2 8 4 30 6 24 7 29 12 39 3 75 14 91 1 31 0 93 15 29 18 41
18 41 1 22 8 23 14 10 0 75 12 20 17 83 7 69 2 15 11 13 6 14 9 31 19 76 3 7 10 94 16 10 15 79 5 2 4 68 13 46
13 81 6 76 7 13 16 24 14 23 10 7 18 52 3 71 4 3 1 13 19 59 9 50 15 79 5 84 17 91 8 64 0 90 12 28 11 96 2 79
8 6 19 68 2 25 11 80 4 71 7 38 17 75 16 87 0 2 15 84 13 38 10 39 18 44 1 88 3 48 14 94 6 68 9 78 5 83 12 17
9 10 18 8 6 6 12 38 1 40 17 82 7 46 8 35 16 55 10 7 11 87 3 3 4 1 13 37 15 94 19 20 2 86 5 10 14 97 0 34
2 92 0 92 15 46 13 44 16 68 8 35 11 76 7 16 17 67 12 37 10 55 14 81 1 30 9 54 19 17 3 26 6 82 18 51 5 73 4 40
19 34 5 38 17 48 6 78 2 94 10 60 14 17 15 80 9 9 18 40 3 97 1 96 13 48 12 62 16 8 4 81 0 21 11 11 8 56 7 29
0 12 11 15 14 22 7 64 16 35 2 24 5 62 10 65 19 49 15 58 13 96 8 75 9 93 3 29 1 47 18 66 17 21 6 67 4 30 12 40
5 73 4 70 7 66 9 12 14 2 0 74 17 35 3 98 15 8 1 61 2 6 19 78 10 28 18 38 16 81 6 71 11 25 8 32 13 49 12 38
11 55 16 21 1 55 9 27 7 75 4 2 18 74 19 98 0 26 14 97 10 26 12 73 3 59 13 71 5 97 8 1 2 41 15 44 17 31 6 21
14 64 16 99 13 15 4 11 9 4 6 25 8 28 7 78 19 13 17 29 3 57 15 87 1 88 0 76 2 23 5 26 12 73 11 16 10 52 18 52
10 47 18 17 16 88 13 88 1 56 7 70 14 2 4 20 8 37 15 18 11 28 6 66 19 65 3 31 2 28 12 74 17 65 5 51 9 73 0 92
17 21 13 86 7 4 15 58 4 80 12 23 6 43 10 23 14 80 0 67 9 43 19 78 5 2 3 59 2 73 1 25 11 90 16 74 18 74 8 73
18 24 5 67 16 9 14 75 4 53 1 89 11 53 10 28 12 35 15 2 17 27 3 9 0 87 19 8 2 35 13 59 6 10 8 37 9 57 7 27
9 29 11 43 14 53 0 89 13 4 18 31 6 81 15 95 3 47 8 24 4 60 2 98 16 93 5 97 10 75 19 84 17 84 7 22 12 95 1 9
17 53 12 95 19 81 1 93 8 71 13 76 6 37 0 88 18 36 5 28 3 20 10 6 7 35 4 33 9 3 11 32 16 30 15 29 14 99 2 63
19 53 12 83 17 16 0 51 18 50 1 61 8 41 15 86 6 88 13 73 4 39 7 29 16 26 10 20 5 51 3 66 2 16 9 34 14 29 11 56
19 4 17 67 2 29 6 37 7 80 3 38 13 10 15 25 18 27 14 56 9 19 12 34 16 70 4 6 0 93 11 21 8 73 5 31 10 19 1 77
17 71 2 65 8 37 13 33 6 60 19 10 7 44 18 23 16 55 5 17 10 57 9 55 15 73 0 94 11 26 4 98 3 98 14 70 1 51 12 63
0 39 19 53 9 25 14 11 11 11 8 99 3 29 15 9 1 45 2 81 18 60 13 43 10 79 12 40 5 77 7 26 4 89 16 77 17 39 6 70
0 14 11 22 15 5 5 29 2 19 1 71 16 46 14 32 13 15 6 87 8 53 4 98 19 67 18 29 12 57 9 44 7 45 10 20 17 58 3 58
4 17 14 26 18 85 12 20 0 14 3 3 16 1 1 69 6 1 7 30 17 87 19 77 11 60 15 76 5 38 9 42 2 39 8 55 13 43 10 75
