50 20
2 50 18 97 16 75 15 36 9 66 14 1 11 87 17 5 4 52 1 3 19 76 3 58 7 40 13 57 6 38 10 11 5 2 0 68 8 65 12 16
18 75 14 12 15 41 11 67 10 16 17 83 2 64 9 47 5 31 12 12 7 72 1 7 0 68 19 28 16 2 3 84 4 83 13 20 6 9 8 60
8 81 9 5 4 39 14 14 0 17 13 84 5 95 12 76 11 6 7 84 6 82 19 47 2 49 18 14 15 85 16 26 17 33 3 91 1 93 10 1
16 39 15 5 1 28 12 71 18 22 6 7 11 69 17 95 2 50 8 2 19 69 4 35 9 64 0 96 7 91 10 9 13 43 14 35 5 32 3 31
5 68 1 96 14 71 7 26 3 85 10 16 8 84 15 43 12 49 16 53 19 91 0 7 6 33 18 38 17 80 11 27 2 9 13 47 9 30 4 25
11 45 12 45 1 23 9 23 14 71 7 69 15 65 10 26 16 21 8 33 4 77 17 73 13 82 5 67 0 94 2 84 6 86 18 14 3 13 19 87
16 43 0 63 6 96 11 66 4 96 15 75 8 58 3 16 12 32 18 65 17 53 14 42 7 33 1 40 10 67 2 70 9 29 5 12 19 32 13 51
13 15 19 57 6 42 10 8 8 9 17 32 0 18 5 5 15 73 14 69 16 35 1 43 3 60 11 21 2 19 12 46 7 68 18 2 4 27 9 37
6 39 17 63 13 20 8 88 7 82 15 94 1 80 0 31 18 18 19 62 10 23 9 60 11 35 5 85 12 51 16 1 2 16 14 82 3 78 4 38
7 11 16 49 9 92 2 55 12 72 11 15 14 31 13 59 19 21 10 93 8 46 3 96 6 56 4 70 15 98 5 54 17 24 1 6 18 1 0 22
3 76 12 8 19 10 7 78 1 70 14 4 15 69 0 21 5 36 2 62 16 43 18 63 4 97 9 46 13 5 10 47 6 1 11 16 8 29 17 52
15 23 1 6 8 18 9 38 16 59 6 60 2 75 7 45 5 78 4 64 10 77 18 75 3 6 11 98 0 89 13 16 17 84 12 59 14 66 19 61
11 40 10 70 6 43 19 75 0 38 4 43 17 24 15 56 14 79 5 26 18 31 13 83 16 44 8 92 7 11 2 4 12 19 1 70 9 52 3 70
1 3 7 54 0 26 18 78 12 26 13 2 19 97 4 54 6 76 3 37 9 25 14 5 5 65 15 21 2 89 16 74 11 31 8 72 10 90 17 28
18 12 11 52 4 29 7 50 9 52 19 95 15 86 5 2 1 63 12 82 6 56 17 17 0 73 10 31 14 49 8 81 3 55 13 74 16 29 2 19
18 56 14 83 12 24 11 1 10 84 8 11 0 75 9 21 6 63 17 63 1 65 16 88 4 93 15 27 5 64 2 12 19 86 13 90 3 37 7 86
11 15 7 10 6 61 5 92 16 55 9 98 10 25 17 26 14 41 19 12 2 46 0 69 13 90 12 87 1 52 15 65 3 23 18 17 4 90 8 34
7 99 6 56 10 33 3 36 16 27 13 74 15 84 0 79 9 26 2 20 12 67 5 74 14 29 1 13 17 80 18 30 8 56 4 12 11 52 19 11
11 4 15 78 14 31 0 75 1 44 12 12 9 85 3 9 16 26 5 21 18 35 10 7 6 46 7 15 19 82 17 78 2 40 13 29 4 41 8 42
10 12 11 54 17 5 14 80 1 24 2 48 8 21 0 69 12 37 5 89 18 88 15 22 6 82 4 41 13 8 3 17 16 73 7 16 9 12 19 72
0 63 1 30 9 91 15 6 17 26 3 51 5 61 11 60 18 9 13 24 2 34 4 24 16 51 14 21 10 9 7 72 8 84 12 74 19 30 6 23
16 55 8 84 4 62 12 8 2 31 6 73 18 92 17 19 13 5 9 72 1 71 19 49 5 33 3 82 14 70 0 43 15 83 11 3 7 14 10 43
11 77 16 17 2 31 1 60 6 5 3 48 4 98 19 12 18 29 15 29 17 47 13 72 14 6 9 8 8 65 10 91 5 17 7 68 0 76 12 48
16 91 3 55 10 56 13 88 5 97 17 26 19 67 1 85 11 82 15 19 0 56 6 27 2 44 12 67 4 84 7 73 18 7 8 93 14 85 9 76
7 3 15 4 2 31 8 67 1 15 9 89 6 65 14 4 16 70 4 49 18 15 5 75 11 61 0 70 3 42 13 60 17 58 12 55 10 93 19 48
18 66 3 91 1 99 13 45 8 36 7 16 10 87 6 53 4 75 16 95 14 79 5 54 19 74 0 30 11 47 9 32 12 83 2 7 17 1 15 11
8 6 15 33 5 27 10 44 16 70 4 66 11 64 7 95 6 11 9 75 3 89 18 94 14 7 17 71 13 93 19 11 12 37 0 97 1 87 2 5
13 61 14 91 16 18 19 7 15 71 11 50 4 23 7 76 8 60 12 2 3 49 1 45 10 88 0 71 17 87 9 74 2 19 18 28 6 54 5 34
0 65 13 32 16 15 8 90 4 14 7 85 1 17 11 4 18 69 17 54 5 10 14 71 6 54 10 30 3 25 2 56 12 4 15 84 19 52 9 27
5 40 14 92 16 64 0 63 19 54 8 29 1 26 12 72 17 46 6 47 2 13 7 14 18 93 13 63 10 18 3 29 4 21 11 54 9 82 15 48
18 71 10 44 0 46 19 26 11 41 14 4 6 31 16 33 12 39 9 28 13 23 2 86 4 26 8 50 3 67 7 44 5 6 17 62 15 18 1 36
6 87 2 69 13 28 17 21 16 81 3 28 0 71 1 43 15 1 9 42 4 19 5 2 14 82 18 41 19 2 10 46 7 59 11 22 8 9 12 46
3 21 12 36 5 2 10 32 2 88 9 37 7 87 18 40 4 76 19 92 6 50 16 25 11 38 15 78 13 78 17 82 1 82 14 82 0 45 8 64
18 21 15 35 7 48 5 16 16 14 6 6 3 38 8 10 12 16 19 26 10 63 2 92 14 29 11 19 0 80 9 71 13 31 4 46 1 98 17 32
15 65 18 36 5 81 0 11 1 14 10 55 14 28 6 7 2 69 17 92 8 48 7 10 12 9 9 63 16 89 11 38 19 44 13 37 3 77 4 55
19 51 8 63 5 32 13 12 7 10 1 84 3 88 6 57 14 6 11 7 9 86 18 35 16 18 17 63 4 62 2 39 15 81 0 98 10 45 12 97
17 63 13 13 7 80 19 65 8 33 18 37 12 17 6 94 11 8 14 53 0 90 1 25 3 36 15 90 2 3 9 39 16 59 10 1 5 94 4 52
3 82 1 47 17 22 2 98 7 78 11 88 13 38 6 87 5 10 15 7 4 90 19 16 12 86 10 1 18 69 16 72 8 41 9 36 14 33 0 1
4 19 17 70 11 26 2 1 1 13 6 96 3 85 19 94 10 26 16 60 7 80 14 91 15 32 8 2 5 11 18 50 13 87 9 79 12 90 0 71
4 94 12 24 19 93 18 88 2 93 17 79 13 38 0 82 5 59 10 83 11 8 14 29 16 9 1 28 8 29 9 69 7 15 15 77 3 37 6 95
8 31 9 18 1 17 0 58 4 32 16 85 5 82 11 61 10 51 6 38 19 84 12 74 3 98 17 59 14 39 7 71 13 15 15 6 18 99 2 23
17 79 8 20 7 80 12 54 6 97 2 62 3 34 14 3 13 28 1 48 15 6 10 2 11 82 4 14 5 50 16 88 0 72 19 96 9 40 18 78
0 34 12 41 3 32 13 61 17 26 19 76 14 93 10 42 18 89 4 95 9 70 15 70 16 53 11 67 2 58 5 87 6 66 1 62 7 48 8 83
14 79 4 6 13 73 15 34 2 45 8 83 18 42 19 32 7 1 17 75 6 98 3 87 1 57 5 20 0 14 10 15 16 96 9 8 11 9 12 23
15 85 16 96 0 81 14 60 17 54 13 72 12 22 7 86 6 89 1 38 19 86 9 94 4 85 11 75 2 35 10 70 8 35 3 26 18 79 5 51
13 41 15 37 12 79 5 3 17 96 19 69 4 50 16 40 1 58 9 9 3 65 0 58 11 8 10 81 14 11 8 34 2 93 7 15 6 27 18 78
10 44 12 91 14 67 6 89 18 96 9 85 8 90 11 77 1 20 17 76 7 67 2 60 5 18 15 31 16 93 4 28 0 16 19 35 3 87 13 55
14 9 9 25 12 18 4 57 5 91 2 27 19 35 11 31 7 41 8 52 0 84 18 91 6 53 17 40 13 72 10 34 16 65 1 80 15 13 3 59
0 37 13 35 15 47 5 99 11 56 1 26 6 41 19 33 10 85 14 36 7 60 4 80 16 57 9 25 2 63 12 29 8 52 17 73 3 36 18 55
2 89 10 20 12 85 15 7 19 35 0 97 7 94 16 14 17 29 3 39 5 1 1 36 13 1 11 57 18 66 14 33 6 77 8 35 9 96 4 14
