50 20
17 8 1 21 4 1 3 89 10 58 9 70 16 98 14 97 5 18 11 96 7 96 0 89 18 3 2 93 13 10 12 60 6 60 8 17 15 70 19 38
16 35 11 2 3 24 9 41 5 1 10 53 7 32 4 58 13 70 17 91 1 3 18 44 0 76 8 44 19 30 2 53 15 46 12 82 6 20 14 73
14 8 9 43 5 79 11 81 12 66 10 75 15 56 2 64 4 93 19 93 1 29 13 36 0 38 3 64 8 73 7 49 6 84 18 16 16 89 17 98
1 15 15 67 18 46 8 22 7 60 13 20 14 32 0 23 3 72 2 64 10 21 11 62 19 19 6 8 4 16 16 36 9 26 5 46 17 49 12 36
11 58 10 98 9 50 0 58 17 41 4 73 5 34 16 93 19 97 1 80 7 74 3 39 15 66 13 51 18 94 8 34 6 4 2 72 12 42 14 73
14 96 17 85 16 41 4 18 12 61 13 9 18 6 2 22 19 10 8 83 7 32 0 46 6 82 15 72 9 79 11 4 3 70 10 16 1 30 5 84
8 21 18 65 16 55 11 61 9 96 2 74 14 42 1 16 17 35 12 42 3 55 7 29 4 9 15 8 13 37 6 12 5 55 0 37 10 67 19 62
6 39 19 61 12 4 11 42 5 95 14 44 17 5 2 26 1 33 4 40 13 36 15 14 18 22 9 95 3 4 0 61 8 39 7 72 16 84 10 42
13 82 14 38 0 50 5 64 8 15 4 14 15 51 9 51 17 31 10 26 2 91 19 19 6 47 11 21 7 23 3 65 16 51 1 88 12 17 18 34
4 72 13 46 18 77 10 10 12 87 15 10 16 56 7 65 2 80 8 72 0 65 9 79 6 81 11 49 1 56 19 1 3 49 17 97 14 38 5 39
2 51 3 85 8 70 0 46 11 69 9 24 10 25 1 7 7 64 15 4 17 48 19 99 12 41 14 97 4 72 6 63 5 21 16 29 18 29 13 32
0 47 8 80 7 10 3 84 13 20 14 21 19 4 1 15 6 77 9 83 5 15 12 96 10 42 2 93 16 41 4 47 11 21 15 50 18 65 17 42
15 96 3 48 2 86 14 91 1 46 9 2 6 3 17 62 12 17 10 98 16 31 8 29 5 86 19 33 4 16 0 2 11 62 18 50 7 89 13 92
17 9 1 89 15 42 2 83 18 97 4 32 16 84 5 31 9 97 0 37 7 97 6 87 12 9 14 82 11 12 10 90 13 31 3 35 8 3 19 91
6 69 1 32 9 34 12 26 16 99 18 37 13 19 3 1 17 47 8 90 15 40 0 17 11 89 5 25 2 87 14 21 10 25 4 6 7 38 19 87
14 46 16 84 4 63 15 64 7 71 3 95 8 45 0 38 19 79 2 42 1 74 5 84 18 78 11 60 17 26 12 24 10 3 9 81 6 13 13 93
0 57 9 19 5 81 7 65 15 24 14 51 18 9 12 18 19 72 17 5 3 23 8 64 2 1 11 60 10 68 13 42 4 67 1 48 16 14 6 14
13 91 17 33 6 14 19 71 5 55 3 63 15 94 8 10 7 38 9 13 10 88 2 30 4 96 0 45 12 34 18 17 16 24 1 18 11 58 14 50
13 57 6 8 5 84 11 58 0 95 3 3 12 64 2 82 16 25 8 66 9 59 1 83 4 58 15 72 7 59 17 68 10 49 18 88 19 43 14 32
18 70 14 10 9 46 19 34 12 90 7 47 1 13 3 30 11 81 13 71 6 50 2 34 15 96 5 4 17 98 0 41 4 44 16 34 10 4 8 36
4 17 19 54 10 18 6 80 8 36 3 9 2 21 17 4 5 71 15 36 13 55 16 16 1 43 12 22 18 58 9 36 14 86 7 59 0 51 11 2
19 99 15 43 16 12 1 62 2 75 8 69 13 73 18 78 10 90 11 4 0 54 6 87 14 93 9 97 7 19 5 16 12 14 3 25 17 86 4 94
11 66 5 21 3 68 13 79 15 42 17 55 14 36 18 66 6 65 2 3 10 78 16 19 12 99 4 12 19 93 0 91 8 76 1 76 7 25 9 19
9 91 1 83 6 40 5 83 17 6 14 3 16 7 3 74 15 25 4 33 18 71 0 29 12 4 13 61 2 53 19 22 11 27 8 74 10 67 7 10
18 53 13 99 12 2 1 24 7 67 5 59 0 12 11 75 15 49 17 18 9 57 3 23 16 26 19 2 14 30 8 50 2 41 10 61 4 12 6 67
14 9 11 97 5 13 10 81 4 11 3 45 1 92 9 32 18 13 16 38 0 29 17 68 6 64 15 84 13 24 12 60 2 13 8 46 19 66 7 3
2 61 11 34 17 23 9 30 19 90 5 22 8 2 4 62 13 93 0 43 16 57 18 79 7 67 15 58 14 81 6 35 12 10 1 83 10 88 3 80
8 4 7 3 4 8 12 36 1 45 10 29 9 50 14 92 0 77 3 77 18 63 2 97 5 96 17 82 13 81 15 75 19 67 16 38 6 16 11 56
12 42 6 80 11 85 17 76 16 91 4 90 10 36 3 30 5 21 19 40 8 81 13 16 1 30 14 32 15 99 2 13 9 59 18 3 7 72 0 41
2 38 1 33 4 76 5 44 14 61 13 64 6 82 19 43 7 66 18 41 0 70 11 22 16 62 3 98 9 10 12 5 17 99 15 62 10 73 8 99
18 98 8 80 4 86 17 32 6 71 12 5 3 36 16 26 2 13 0 39 9 62 1 83 19 73 5 2 11 12 13 77 10 26 14 62 15 93 7 64
10 66 18 87 17 85 3 37 5 70 0 86 11 94 12 79 8 78 6 61 14 13 2 22 16 16 13 29 15 41 9 44 1 30 4 64 7 49 19 87
14 37 7 81 11 54 13 16 8 43 4 46 6 66 0 58 15 25 16 3 12 93 5 84 1 60 17 12 18 74 3 26 9 46 10 19 2 90 19 6
14 29 3 18 8 58 2 47 9 9 13 27 7 80 17 19 15 96 10 87 12 43 16 43 18 26 4 41 11 76 19 84 1 70 0 77 5 12 6 29
18 75 16 12 10 57 9 92 13 52 7 8 19 6 12 24 5 28 0 77 11 89 6 59 17 18 14 73 3 31 8 87 1 19 2 49 4 58 15 43
10 62 4 77 18 19 11 77 14 12 13 20 8 72 9 62 12 99 16 36 7 59 5 1 0 17 2 79 19 35 3 68 6 8 17 58 1 44 15 26
16 67 10 89 8 5 3 38 14 8 13 6 7 54 2 98 15 73 1 75 5 61 9 29 0 37 11 91 6 32 12 87 19 15 4 55 17 2 18 63
2 90 4 50 16 68 7 19 13 62 6 42 15 1 14 22 18 52 3 6 10 68 19 85 9 5 11 96 17 87 5 94 8 41 0 4 1 26 12 32
16 16 10 84 5 94 1 77 19 18 6 20 2 35 9 17 8 34 13 25 0 82 7 4 12 88 14 24 15 79 3 9 4 32 11 91 18 87 17 68
0 13 13 8 11 80 6 13 10 85 12 69 18 86 9 96 17 71 16 87 8 38 5 53 3 53 4 22 15 53 1 40 2 39 19 11 7 31 14 1
0 30 13 83 10 10 16 69 17 85 9 92 11 64 12 17 1 67 8 19 7 57 3 32 2 57 15 10 5 34 18 23 6 63 19 64 14 20 4 25
14 96 18 41 1 2 10 19 6 17 4 86 13 17 15 29 8 4 16 89 17 78 12 84 7 63 5 44 3 82 19 54 0 56 9 75 11 26 2 80
4 18 8 13 3 56 18 62 14 81 5 18 15 42 7 80 2 29 10 82 12 73 11 70 16 58 17 7 1 99 0 28 13 99 9 1 6 81 19 67
19 5 16 13 4 86 12 26 8 36 5 51 11 40 7 60 14 26 6 96 15 98 10 57 2 18 0 77 17 92 13 20 3 29 18 26 1 85 9 46
14 56 15 21 17 12 18 98 19 25 9 54 2 59 13 40 7 30 1 88 6 47 4 99 16 17 8 40 11 61 10 85 3 34 0 31 12 63 5 47
0 26 4 21 16 30 3 22 8 70 9 15 17 55 1 22 2 42 13 63 6 6 18 99 15 86 14 39 7 63 19 51 12 11 5 79 11 42 10 19
19 27 0 50 13 84 5 56 12 55 15 94 10 19 11 33 16 83 6 58 1 44 18 39 9 8 14 57 3 47 8 38 7 43 17 19 2 44 4 38
11 53 13 62 8 65 3 66 17 84 15 13 12 49 2 62 14 46 6 86 0 6 1 83 7 57 18 78 4 74 19 95 9 40 10 20 5 7 16 40
7 53 10 83 8 66 12 61 11 74 16 48 6 87 3 67 17 88 2 69 4 69 9 46 5 3 0 52 19 37 15 91 14 63 13 81 18 44 1 14
12 4 6 71 16 31 15 45 11 85 0 51 7 93 2 4 10 90 17 5 4 16 1 59 5 91 8 86 13 44 14 32 3 99 9 98 19 63 18 74
