50 20
0 13 13 44 9 26 10 66 2 42 3 60 8 65 7 7 1 19 6 50 16 97 18 71 11 74 17 37 12 47 15 66 4 18 14 34 19 91 5 33
0 74 15 4 19 31 18 54 12 36 2 12 4 54 14 41 6 25 3 30 13 24 17 68 7 74 8 40 11 25 10 32 5 16 9 99 16 48 1 74
16 26 12 41 9 80 8 52 5 75 0 40 4 11 13 52 11 8 15 91 18 49 1 31 7 8 10 93 19 7 3 23 14 51 6 53 17 61 2 69
14 3 3 74 12 40 5 62 1 87 11 66 4 76 10 59 18 76 7 37 16 74 0 51 17 67 2 74 15 60 6 37 9 49 13 30 8 80 19 24
9 21 19 57 4 42 12 79 0 47 13 91 17 36 2 11 1 54 6 38 3 46 10 38 14 88 7 18 16 70 8 89 15 58 11 23 18 91 5 57
18 22 7 45 12 44 6 25 2 14 14 54 5 97 10 71 15 77 19 86 4 67 13 58 0 25 17 40 8 19 11 28 9 96 1 4 3 72 16 20
3 78 4 79 14 68 17 50 2 20 0 90 10 13 15 7 18 33 6 28 13 45 1 58 9 42 11 73 19 54 16 98 8 56 7 13 5 80 12 49
3 16 15 78 1 71 8 11 5 12 11 61 18 37 4 13 6 74 13 80 16 47 0 62 12 7 19 83 17 28 10 9 2 51 7 16 14 91 9 79
19 31 12 59 0 20 11 30 14 54 17 62 2 97 7 92 8 22 3 76 4 13 9 45 16 32 1 32 5 92 6 94 13 73 10 90 15 31 18 56
10 64 11 6 14 59 17 70 4 29 19 57 9 53 7 99 18 68 6 41 13 60 16 96 2 45 3 38 12 38 5 7 8 21 0 40 15 5 1 8
16 18 7 97 17 80 4 45 3 2 18 68 0 17 8 99 19 84 12 28 9 79 1 10 10 53 15 4 2 57 14 65 13 82 11 51 5 11 6 80
4 60 16 9 12 66 5 17 6 14 3 88 8 60 2 44 19 52 1 5 7 27 14 24 10 10 0 21 11 59 18 75 17 52 13 99 15 2 9 11
12 42 10 97 13 45 11 5 18 89 6 69 4 84 7 95 15 50 19 51 16 40 3 50 2 39 8 5 9 17 14 25 1 99 17 30 5 71 0 18
3 43 19 17 16 44 12 18 9 77 0 61 8 89 7 19 5 33 4 59 14 72 11 2 17 98 6 43 15 19 10 5 2 11 18 67 13 86 1 91
15 34 8 84 14 84 9 33 4 72 7 98 19 84 16 36 11 31 10 86 1 53 3 84 2 65 0 32 17 81 12 31 13 25 5 47 18 39 6 50
2 58 4 93 17 52 3 53 5 58 7 92 18 33 11 40 19 53 16 64 13 16 1 77 12 10 9 57 0 90 14 15 10 10 6 98 15 97 8 68
11 33 10 49 3 26 12 14 13 35 18 4 16 75 17 49 6 65 9 37 4 23 1 44 15 30 2 48 7 75 8 94 5 44 0 7 14 75 19 78
1 83 14 61 8 89 10 5 19 24 5 86 17 14 6 1 18 63 11 60 13 82 3 87 7 24 4 89 9 40 2 19 16 45 15 83 0 88 12 69
11 95 14 37 15 70 6 20 16 47 13 3 18 28 4 77 10 81 8 7 19 8 7 62 1 58 2 79 5 82 0 53 17 98 9 69 12 9 3 14
10 13 8 89 9 81 13 86 16 14 5 65 14 29 15 83 0 95 19 77 18 35 12 73 17 72 3 43 4 13 7 5 1 7 11 82 6 96 2 51
3 49 9 58 0 92 13 23 14 46 4 74 18 41 10 83 5 62 16 88 8 37 2 29 15 88 19 21 12 83 1 77 7 59 11 77 17 49 6 64
18 83 7 66 4 70 16 51 8 85 15 88 12 21 13 47 17 18 6 83 14 25 9 46 19 19 10 47 1 15 0 69 5 70 3 20 2 81 11 77
6 27 5 93 1 97 15 3 14 46 11 29 18 54 10 75 3 13 9 96 2 46 0 31 7 49 12 2 13 45 19 4 4 49 8 16 16 15 17 86
9 28 13 9 3 14 0 69 14 8 10 47 18 40 11 89 15 3 7 96 17 68 1 68 5 85 6 42 19 36 2 28 8 55 12 74 4 66 16 77
11 28 0 71 17 98 19 42 14 61 16 86 9 71 3 43 18 75 10 43 15 75 1 52 7 14 6 29 8 71 2 55 13 99 12 46 4 33 5 70
10 60 0 95 5 4 1 72 15 10 3 84 9 80 2 98 7 5 13 30 18 30 12 4 11 46 16 28 4 35 17 93 19 72 8 61 14 33 6 45
17 40 13 64 11 79 10 43 5 19 0 15 19 54 9 69 15 81 18 62 1 59 6 74 14 82 7 56 8 75 16 50 4 66 3 90 12 19 2 62
7 7 17 16 18 36 4 54 8 72 1 73 9 51 13 40 6 34 19 16 0 51 11 41 12 41 15 39 14 4 2 70 16 85 5 94 10 68 3 65
8 46 12 92 14 50 4 7 16 53 6 36 5 89 15 92 0 72 7 94 19 59 18 45 17 20 13 66 1 50 3 13 11 59 2 97 9 5 10 77
13 98 2 94 10 92 1 43 0 64 7 97 11 10 3 39 12 49 5 63 16 12 14 1 18 9 19 29 6 15 4 50 17 40 9 60 15 71 8 41
12 58 17 92 14 23 19 51 5 97 6 54 3 1 1 81 4 41 16 13 15 90 8 62 2 72 11 65 10 81 9 40 7 11 0 91 13 35 18 60
12 98 9 51 17 9 0 69 10 68 15 60 7 78 5 49 8 12 16 61 2 8 13 44 18 33 14 39 19 97 11 3 6 32 4 77 1 35 3 31
0 17 10 70 19 85 17 43 18 53 7 36 8 16 11 85 3 76 4 8 13 51 9 82 1 14 12 52 15 63 2 23 14 61 6 26 16 14 5 16
14 32 12 25 13 74 10 99 16 72 11 64 17 55 8 6 19 37 1 46 15 7 4 87 2 95 5 81 7 83 18 16 6 40 3 98 9 63 0 92
5 66 15 38 1 85 8 84 9 60 10 98 7 96 18 69 11 10 13 3 3 54 14 59 19 67 4 14 12 61 6 96 16 90 2 38 17 90 0 82
13 88 10 14 18 56 6 5 14 12 5 44 2 73 16 98 9 90 4 86 15 60 12 99 17 48 8 25 1 26 11 67 0 47 3 70 7 37 19 39
9 2 16 3 3 30 8 81 18 5 14 44 11 21 2 53 0 17 15 19 5 25 4 43 12 37 17 64 10 3 13 11 7 83 1 68 6 36 19 98
14 41 13 32 9 13 2 74 10 79 0 60 11 23 4 11 8 36 6 3 18 99 1 67 17 40 16 69 3 63 7 25 19 15 12 58 15 31 5 5
12 1 19 89 11 72 18 83 1 65 2 18 5 88 15 21 16 99 7 9 10 74 0 49 4 42 13 17 6 83 9 67 17 58 8 91 14 89 3 72
0 83 18 60 14 70 11 67 17 44 8 26 6 13 13 16 5 52 12 96 2 69 19 87 10 1 3 85 7 22 9 64 4 44 1 83 15 71 16 52
1 89 13 28 2 96 6 19 16 86 5 89 18 49 8 24 9 10 4 12 3 63 11 58 0 88 10 90 12 19 15 34 7 15 17 46 14 79 19 75
17 48 10 79 15 47 7 90 1 37 6 82 4 55 2 41 8 45 19 53 14 80 5 16 0 77 12 92 3 5 16 23 13 44 9 79 18 20 11 11
11 96 7 34 15 59 17 99 12 92 16 51 0 18 10 60 19 94 1 63 5 67 9 84 8 28 3 84 18 81 14 33 4 10 2 84 6 87 13 88
15 12 4 63 16 92 17 67 3 80 5 26 0 87 1 73 14 98 10 81 6 1 19 43 18 45 7 76 12 59 11 81 13 72 2 69 9 83 8 13
16 10 13 47 9 62 6 97 1 16 11 46 19 99 17 1 10 68 18 63 2 85 12 15 15 88 0 5 8 18 4 44 5 27 14 29 3 82 7 40
7 21 4 18 1 45 8 83 18 61 0 13 2 10 14 55 11 52 3 89 10 88 6 96 12 60 9 40 19 88 13 4 17 98 15 93 16 89 5 81
5 17 12 35 17 48 19 2 18 23 1 48 16 40 14 20 0 20 4 73 15 94 10 14 8 18 7 73 3 41 13 76 9 5 2 59 6 68 11 4
12 57 10 6 9 42 0 79 17 99 5 37 8 24 3 68 14 28 4 87 7 38 1 92 2 42 13 64 19 4 18 81 15 89 16 3 6 76 11 57
19 18 4 31 14 14 12 6 5 62 3 29 18 80 8 3 2 32 1 46 10 61 13 76 17 61 15 27 11 50 0 93 9 64 16 24 7 38 6 61
2 77 14 34 11 1 1 30 10 37 7 37 16 26 5 45 19 94 18 77 9 42 15 35 12 39 13 96 17 40 3 1 8 88 4 17 6 14 0 30
