50 20
14 71 1 78 0 8 17 90 5 42 10 72 18 40 9 62 15 93 16 40 8 31 19 57 11 61 4 10 6 74 7 48 13 8 12 43 2 85 3 6
16 64 7 38 5 61 1 48 6 90 14 78 11 71 12 19 13 47 8 79 2 33 15 37 0 3 3 84 4 46 17 10 18 64 9 56 19 62 10 55
13 12 0 97 9 35 2 93 5 4 14 50 15 36 4 51 19 71 12 28 16 67 11 49 17 18 7 59 6 75 1 12 3 56 10 7 8 10 18 77
6 63 2 86 14 4 0 68 4 50 1 92 19 40 17 25 3 49 13 78 8 16 5 83 12 10 16 8 18 39 11 83 9 48 15 74 7 1 10 17
3 65 17 28 2 58 9 13 18 73 5 25 16 72 7 18 14 57 10 87 6 88 1 8 19 88 11 29 8 71 0 43 12 46 15 86 13 97 4 99
6 54 1 70 13 31 8 78 14 25 18 25 10 99 17 30 19 50 11 3 4 87 0 16 3 41 9 14 12 34 2 23 5 66 16 62 7 11 15 27
2 95 17 18 14 96 1 17 18 23 15 78 11 66 3 1 10 37 13 76 0 77 7 68 19 60 9 67 16 11 6 70 8 86 4 68 5 79 12 73
13 27 19 74 16 11 7 77 11 12 10 23 14 5 15 75 4 9 2 20 0 63 1 59 5 96 12 33 3 9 9 76 18 67 6 95 8 51 17 36
2 54 14 2 4 7 6 69 7 3 11 61 13 96 0 92 19 80 17 10 10 35 1 31 5 92 9 66 15 85 18 17 16 86 8 4 12 48 3 49
13 1 4 80 10 77 18 48 0 52 11 11 9 53 14 58 15 46 19 98 6 86 16 2 2 89 8 11 5 82 12 60 17 93 1 97 3 78 7 66
8 33 9 35 0 67 10 7 19 8 4 64 11 45 1 26 7 78 3 54 13 76 14 32 15 55 17 27 2 41 5 48 6 87 16 34 18 25 12 18
12 71 19 8 9 53 6 18 11 29 7 66 4 40 17 89 18 78 16 14 13 3 14 5 2 56 15 72 10 67 3 64 0 83 5 76 8 98 1 28
6 97 10 45 12 48 4 46 13 24 19 37 0 75 18 39 1 81 3 72 9 18 16 20 2 77 7 74 8 94 17 16 5 83 11 76 14 46 15 24
7 4 15 99 8 89 16 7 13 17 9 38 4 89 19 58 5 9 0 68 3 38 17 34 2 55 14 34 6 2 11 40 10 89 18 32 12 58 1 19
6 48 4 33 14 87 13 93 11 52 0 71 9 92 10 87 8 59 3 17 15 18 18 43 12 6 2 41 7 7 16 32 17 57 5 89 19 53 1 42
7 94 12 13 18 46 3 35 1 42 0 8 15 28 10 94 19 65 17 12 11 21 13 16 4 5 6 72 8 66 16 93 9 96 14 81 5 72 2 63
8 42 17 61 15 44 10 31 5 70 2 41 18 23 14 34 13 80 11 14 19 61 6 25 4 27 9 89 16 58 3 18 0 90 1 25 12 43 7 85
5 97 16 99 2 10 14 80 13 15 12 93 10 21 7 43 17 11 9 63 1 19 4 33 19 52 0 11 11 37 3 67 15 59 18 60 6 3 8 96
6 66 10 25 9 4 16 55 7 10 8 90 15 40 0 23 5 17 4 63 14 38 19 50 3 28 17 10 11 50 2 67 13 55 1 14 18 64 12 37
9 29 7 14 18 21 5 32 1 50 13 7 3 70 15 19 2 68 14 69 8 46 4 30 16 65 17 8 11 25 10 62 19 50 12 99 0 95 6 45
12 78 11 38 8 78 9 93 4 83 15 3 7 85 18 8 13 88 2 29 6 44 14 57 16 13 5 67 19 41 10 65 0 49 3 58 17 35 1 68
5 56 6 67 4 29 2 3 18 10 1 19 17 22 8 14 19 38 16 72 11 7 13 14 15 22 3 42 12 45 10 70 0 54 7 72 9 52 14 55
11 40 5 99 9 10 14 71 17 27 19 93 13 16 0 59 1 84 4 48 3 6 8 53 16 69 2 82 7 54 12 72 18 38 10 87 6 53 15 7
18 54 9 32 0 6 17 88 19 89 5 6 12 7 6 50 8 90 13 50 4 19 15 92 2 11 11 3 1 20 7 18 3 38 16 4 14 43 10 69
6 36 2 94 12 47 15 4 9 47 10 67 18 16 17 64 8 97 16 65 3 61 19 59 14 33 11 73 7 20 4 58 5 95 1 10 13 67 0 85
16 33 5 89 18 52 8 31 11 17 17 49 7 76 12 10 13 73 6 20 19 7 4 38 15 89 1 37 0 36 2 78 9 15 14 28 10 55 3 79
14 19 19 55 4 72 0 58 18 67 8 15 11 98 16 95 15 86 6 1 7 66 3 48 1 25 17 61 13 73 10 87 12 88 2 24 5 78 9 57
16 44 17 9 11 82 14 8 15 77 7 48 1 8 3 42 8 24 0 91 18 68 5 53 4 33 19 54 6 46 10 59 9 77 12 20 13 50 2 22
13 67 19 35 6 54 17 77 11 63 18 30 0 48 3 54 16 5 8 43 4 31 9 97 15 78 10 60 2 67 7 98 12 10 14 27 5 7 1 92
16 72 8 13 9 20 3 87 19 19 7 33 18 9 4 94 15 54 17 57 5 66 0 47 13 13 11 12 10 15 6 5 14 49 1 40 2 96 12 21
17 14 7 69 15 32 16 31 13 13 9 48 2 28 5 61 14 12 12 85 8 43 18 98 10 26 19 69 4 87 1 20 0 5 6 95 11 14 3 76
15 6 6 8 1 18 8 27 7 61 5 31 9 5 3 28 2 74 13 31 11 70 18 33 10 74 12 19 19 74 14 15 17 59 0 75 4 66 16 25
8 76 18 49 4 72 10 23 19 28 12 51 7 68 9 64 17 8 16 81 2 14 13 47 1 68 15 16 0 41 6 42 14 34 5 61 3 58 11 64
14 75 9 41 18 97 11 42 2 38 16 83 10 86 4 92 12 6 13 5 5 22 19 1 17 56 1 21 8 21 15 79 0 78 3 30 6 74 7 88
1 91 18 35 10 40 4 53 5 8 7 8 11 60 9 15 6 39 16 70 3 66 8 15 15 24 19 70 0 52 17 90 14 24 12 55 13 78 2 33
14 31 2 68 6 37 10 27 18 30 9 13 4 47 0 86 8 24 17 20 16 72 7 49 15 88 13 57 5 54 1 65 12 58 3 27 11 85 19 91
4 21 14 63 19 67 6 89 3 13 18 28 10 36 9 44 0 65 8 57 15 80 1 80 16 53 5 15 2 39 17 22 12 33 11 77 13 45 7 66
12 62 2 46 1 41 4 86 16 97 10 80 18 42 15 24 17 61 8 79 13 79 6 85 9 78 14 37 0 98 3 27 11 37 19 65 7 84 5 86
15 55 8 94 18 50 12 56 16 31 9 71 0 74 4 24 2 19 5 54 6 21 19 58 10 96 13 38 17 34 3 93 1 4 11 26 14 9 7 8
6 76 12 64 19 90 5 56 13 72 11 97 1 79 7 45 9 27 0 15 14 57 18 67 17 78 16 14 2 8 4 25 10 14 8 21 15 39 3 78
11 80 2 91 3 42 1 97 13 81 0 50 19 20 14 71 7 79 9 71 5 57 8 99 18 76 4 65 16 7 10 35 15 7 12 84 6 83 17 89
9 29 6 88 4 75 8 44 19 94 3 93 16 89 0 36 2 18 11 88 7 76 12 9 14 56 5 34 15 98 10 99 18 51 17 41 13 58 1 35
16 96 15 50 12 57 4 93 18 65 11 1 19 99 0 57 6 20 3 47 5 13 17 53 9 37 1 75 13 37 7 80 14 33 10 78 8 18 2 90
2 10 18 70 5 2 1 95 3 23 17 23 7 16 0 65 16 70 19 31 4 13 6 91 11 17 14 61 15 23 9 62 13 68 8 9 10 19 12 84
16 44 17 80 14 57 10 84 9 43 1 77 3 69 8 2 12 91 18 73 19 98 2 39 13 77 6 71 15 92 7 63 11 1 5 67 4 18 0 90
6 36 7 33 0 46 13 93 14 59 3 81 16 28 17 58 18 55 2 15 5 5 15 77 12 77 8 62 4 94 19 28 10 38 11 82 9 75 1 48
19 60 7 33 1 31 2 93 0 36 16 35 12 40 18 38 8 67 5 15 4 35 9 11 11 55 15 37 3 6 6 82 17 68 13 86 10 75 14 41
6 38 13 60 5 20 8 88 14 44 3 35 10 43 9 58 0 88 7 29 11 63 2 30 19 6 4 18 1 48 18 25 16 35 15 72 17 24 12 89
2 34 18 72 5 51 15 87 10 50 17 15 0 83 11 74 16 25 12 98 8 34 19 22 1 69 4 6 13 20 14 52 3 92 6 36 7 39 9 74
13 44 4 46 3 92 12 9 9 13 18 86 10 78 6 64 2 73 15 5 0 4 16 47 11 37 5 99 8 4 17 98 1 29 19 1 7 79 14 32
