50 20
12 69 15 38 16 95 14 34 1 17 17 32 11 62 7 51 0 36 8 8 3 16 19 78 13 34 10 38 18 69 6 38 2 93 9 87 4 52 5 15
4 79 19 20 10 28 7 92 6 36 2 53 0 66 18 73 14 6 3 48 5 81 15 41 11 82 1 39 17 54 8 98 13 37 9 94 12 20 16 6
17 90 6 68 8 98 0 13 13 98 14 57 4 79 7 2 1 7 12 54 15 78 16 97 19 44 2 43 5 54 11 53 9 14 18 29 3 70 10 56
0 5 2 19 19 3 13 81 12 60 8 58 18 41 15 50 14 98 3 48 4 56 5 72 11 76 16 31 1 83 6 93 7 52 9 2 17 85 10 44
0 67 15 98 13 3 2 98 3 62 5 75 17 94 18 28 7 13 14 31 4 86 12 87 11 59 8 19 9 65 1 16 10 1 16 99 19 49 6 32
7 30 14 37 9 83 1 84 16 30 3 60 17 36 11 16 6 39 4 38 0 32 8 18 13 47 19 13 12 32 18 84 5 23 15 80 10 3 2 4
6 50 4 61 12 74 3 85 10 16 16 39 14 92 7 91 17 84 5 1 9 8 0 69 8 73 1 87 19 72 2 56 18 25 11 3 13 61 15 31
16 16 7 44 15 26 13 14 11 93 0 93 18 43 17 6 6 54 3 57 4 27 14 14 5 71 9 38 10 94 12 25 2 43 19 31 1 69 8 28
6 11 1 58 10 47 8 42 0 59 3 6 7 49 9 29 5 76 14 57 11 63 17 72 4 85 15 31 16 59 18 89 19 4 2 39 12 31 13 18
9 83 18 42 0 72 1 91 4 56 3 16 15 84 5 74 12 29 8 77 14 35 19 33 6 13 11 33 10 54 7 12 16 84 17 3 2 41 13 51
9 71 10 34 7 40 11 20 5 77 8 83 18 66 19 20 2 83 12 24 14 47 16 60 3 21 6 56 15 36 0 95 4 72 17 65 13 5 1 36
16 14 6 53 5 10 4 87 2 58 12 17 17 5 9 7 7 93 18 73 8 84 1 54 0 3 19 75 14 44 10 77 13 23 11 23 15 71 3 6
1 80 11 55 15 46 10 33 16 11 6 99 14 25 19 97 5 48 7 41 17 21 8 4 9 3 2 56 4 44 3 61 18 87 0 82 12 52 13 19
9 72 17 36 16 42 4 97 3 46 11 80 14 97 0 37 10 43 8 82 13 71 12 53 6 57 15 81 7 33 5 40 1 98 2 46 19 93 18 63
10 10 15 63 9 11 19 42 6 43 3 53 0 74 17 5 11 66 1 69 12 95 5 9 13 30 18 52 7 34 4 56 14 54 2 6 16 98 8 38
10 70 8 37 16 40 7 91 18 54 2 6 3 73 4 42 15 62 11 61 12 41 0 33 19 1 1 91 6 94 14 6 9 2 5 70 13 90 17 19
8 30 3 12 15 33 11 51 16 73 6 1 17 54 5 51 4 47 10 95 19 35 0 7 2 32 13 87 18 83 1 79 12 37 9 14 7 56 14 45
3 97 17 14 9 46 13 66 6 5 18 51 10 76 8 56 15 14 7 94 16 88 11 95 14 42 1 70 19 13 4 33 5 66 2 42 0 82 12 65
5 37 3 97 16 85 9 98 13 77 11 34 1 63 2 95 18 66 17 20 10 24 6 83 8 61 12 97 14 84 7 37 4 95 19 28 0 45 15 49
14 61 18 34 7 2 19 69 5 26 4 74 2 24 0 11 13 69 15 62 9 44 3 88 16 24 10 75 11 80 8 70 12 88 6 94 17 23 1 70
19 96 2 24 6 77 11 40 13 79 18 95 5 78 12 32 1 35 14 12 9 63 10 6 0 38 8 5 17 79 4 98 15 93 16 60 7 20 3 73
4 41 17 60 6 13 19 28 18 21 8 82 14 26 1 61 3 23 10 30 11 57 7 67 15 93 5 73 12 58 13 81 0 57 2 52 16 64 9 13
14 38 9 27 11 50 0 57 2 69 4 81 5 79 8 34 1 26 15 36 17 29 19 94 12 10 3 76 18 61 7 20 13 59 6 14 16 88 10 54
17 22 4 35 0 30 12 36 14 67 18 99 9 82 16 94 15 67 7 28 10 68 6 1 8 86 11 9 19 41 5 46 2 50 1 75 13 76 3 30
1 75 15 14 4 58 3 23 0 92 12 50 2 43 7 23 5 39 19 55 17 1 18 89 11 20 10 86 8 67 6 67 9 61 14 38 16 41 13 41
11 3 4 16 13 59 5 37 7 87 12 2 2 54 9 38 19 26 16 94 3 97 0 93 15 89 18 7 10 15 1 89 17 72 14 15 8 35 6 4
2 83 6 62 11 78 13 82 19 48 7 68 9 91 14 67 10 86 15 34 8 10 3 66 5 9 18 34 0 71 16 53 17 56 4 12 1 1 12 33
15 42 1 86 14 86 5 74 4 74 10 61 7 55 19 16 16 76 18 7 3 83 2 13 12 74 11 17 8 93 9 20 6 73 13 34 17 39 0 29
2 12 5 45 10 1 3 9 16 67 17 73 13 86 9 63 19 88 0 1 7 15 11 22 12 98 4 59 1 62 18 55 14 47 8 47 6 40 15 42
16 15 3 40 15 46 10 12 13 28 9 67 4 15 8 58 2 88 14 48 12 93 6 54 5 14 18 94 11 84 19 14 1 99 17 83 0 12 7 16
4 72 2 96 5 36 16 61 7 21 10 32 13 49 0 65 6 30 14 30 11 74 19 65 17 89 8 46 18 56 3 7 12 39 9 13 1 39 15 43
10 51 17 16 19 64 5 27 16 34 14 96 3 24 18 66 8 97 7 35 15 1 12 67 1 69 2 49 0 95 11 78 13 10 4 15 6 41 9 94
13 83 12 99 7 66 3 24 18 14 0 74 11 28 10 30 19 59 4 2 5 26 8 33 14 40 16 64 9 76 1 30 6 55 17 40 2 75 15 43
4 99 14 97 15 4 6 85 18 66 7 32 12 44 1 74 10 20 9 78 13 30 5 44 3 34 2 61 17 5 19 94 0 53 16 58 8 29 11 63
4 79 13 27 17 97 9 13 5 80 3 95 15 96 8 61 10 53 16 18 12 18 0 19 18 92 6 11 11 47 19 2 1 76 14 87 2 20 7 82
5 30 9 43 8 48 18 3 3 68 0 80 11 30 16 99 1 39 2 15 17 86 6 10 19 66 15 11 7 14 13 53 14 81 12 62 4 53 10 33
9 93 10 45 15 66 2 93 8 96 0 79 18 53 3 62 1 34 19 81 14 91 5 79 16 7 11 46 6 63 17 41 13 5 7 33 4 76 12 19
14 54 4 8 5 64 19 97 1 99 12 14 3 94 10 47 17 10 16 65 6 12 11 34 8 40 15 83 13 95 0 59 18 78 9 48 7 56 2 12
14 13 1 70 7 94 17 88 3 75 18 6 2 14 0 73 9 35 10 88 6 13 8 31 13 85 16 26 11 60 5 63 15 56 12 67 4 61 19 88
17 63 4 49 6 24 12 71 3 16 8 29 13 1 9 10 16 27 1 81 14 25 5 14 7 91 11 57 15 77 2 12 10 39 18 34 0 69 19 55
16 45 3 73 1 54 18 62 8 45 15 97 13 52 6 17 0 53 19 7 4 95 12 49 7 38 11 13 9 94 5 97 2 76 14 53 10 85 17 51
9 50 12 41 17 76 13 90 6 15 7 71 10 46 14 89 4 20 3 89 0 5 5 41 8 43 2 34 15 92 18 70 19 43 16 73 11 61 1 10
10 6 2 83 5 95 15 11 14 86 3 62 19 33 7 39 17 37 6 50 12 17 18 40 16 95 11 79 9 46 0 63 4 70 13 31 1 5 8 33
6 67 2 3 5 94 7 24 12 26 9 99 14 67 11 1 16 22 19 16 17 75 0 86 1 33 3 70 10 86 13 97 4 9 15 64 18 9 8 16
2 76 0 40 8 75 17 10 13 39 15 77 9 91 7 55 10 49 6 61 1 41 3 85 4 45 18 95 11 34 12 25 14 35 5 88 16 98 19 5
17 83 13 84 11 67 8 4 7 77 2 25 6 57 12 63 15 90 18 39 3 89 9 53 0 2 19 76 1 3 14 86 10 57 16 69 5 70 4 19
5 2 9 17 18 88 4 39 3 9 16 69 6 38 13 73 12 49 15 18 19 1 8 83 11 77 14 38 1 58 7 55 2 61 0 38 17 45 10 20
7 4 18 63 19 50 5 95 2 73 4 84 10 13 8 28 1 2 12 21 13 18 17 58 14 51 3 63 11 11 15 82 9 46 0 65 6 18 16 80
9 23 14 41 3 78 4 27 11 3 2 66 6 98 17 87 12 94 5 93 1 95 15 5 16 37 19 77 8 87 18 62 0 70 7 74 13 72 10 50
15 6 11 8 2 62 7 69 8 55 12 21 10 91 5 24 18 39 16 31 17 59 1 98 0 76 13 31 3 35 19 11 6 81 14 99 9 87 4 90
