50 20
6 99 18 96 14 79 10 79 2 23 17 98 3 95 12 51 11 40 19 19 15 79 9 81 8 81 7 98 0 62 5 76 1 86 13 11 4 82 16 33
16 9 5 8 10 79 15 64 7 17 2 56 1 87 14 8 8 37 17 97 3 94 13 26 6 98 11 41 18 98 19 34 0 79 4 42 9 26 12 99
7 51 0 3 12 19 8 57 5 73 2 56 18 71 10 29 3 76 13 87 19 51 14 6 11 75 4 69 9 58 15 11 16 12 17 68 6 23 1 29
2 99 15 41 9 98 7 45 1 33 16 16 11 58 14 36 10 19 12 15 17 56 8 43 19 54 6 91 3 44 4 33 5 30 0 27 13 21 18 73
2 89 10 53 6 49 1 39 19 84 13 83 9 87 12 77 4 64 16 73 8 49 7 24 17 31 15 40 0 70 3 93 5 15 18 2 11 35 14 77
8 17 10 33 19 4 17 2 11 41 16 39 18 46 14 64 5 86 4 82 1 81 3 33 12 77 9 4 13 27 7 84 6 45 15 50 2 62 0 31
18 68 3 13 6 31 12 67 1 78 0 78 9 29 19 8 13 98 7 80 10 38 4 59 16 80 14 5 2 30 15 68 11 32 17 87 5 51 8 80
19 92 7 51 9 52 12 72 0 83 8 79 2 55 6 68 17 23 10 89 4 75 14 72 1 78 16 42 15 68 18 58 11 24 5 99 3 53 13 21
13 63 18 39 17 66 6 78 3 96 5 17 10 98 14 73 11 46 19 42 8 46 2 11 9 35 12 64 4 87 15 34 0 24 16 4 1 32 7 24
7 9 0 44 2 14 10 60 13 18 8 17 3 40 16 80 18 29 19 30 9 18 1 4 17 42 14 1 12 10 5 49 11 56 15 58 4 41 6 38
14 30 16 23 12 59 5 97 9 39 11 32 7 15 15 12 19 91 8 63 17 78 18 34 10 96 2 77 3 76 1 38 13 67 0 46 6 46 4 2
15 97 11 50 4 80 1 93 12 17 13 1 14 30 16 13 2 20 5 41 19 40 18 72 0 92 3 44 10 7 8 87 9 13 17 65 6 56 7 3
4 22 19 34 11 33 10 8 5 92 0 93 8 83 12 69 9 21 3 2 13 58 1 34 18 69 7 18 16 23 17 70 6 18 14 56 2 20 15 53
17 76 19 2 7 5 18 78 2 55 8 96 15 19 9 41 16 39 5 27 11 44 0 66 1 73 14 63 13 14 4 69 10 94 12 96 3 29 6 19
18 67 8 44 17 83 5 20 11 51 14 49 15 36 19 17 4 33 16 10 2 9 6 84 10 98 12 1 13 73 1 93 7 59 9 11 0 56 3 74
3 69 11 6 17 63 13 71 2 90 18 36 10 45 0 78 4 74 8 63 1 37 19 18 15 58 16 18 9 83 6 32 7 41 5 29 12 93 14 90
19 92 2 79 9 82 10 64 11 94 5 65 6 24 12 6 0 13 4 78 18 18 14 50 8 30 7 30 13 36 15 33 16 59 17 48 1 67 3 58
16 88 9 17 1 19 18 78 8 69 5 32 12 21 13 99 3 68 15 16 6 92 14 57 4 99 7 62 2 93 0 58 17 65 11 8 19 32 10 88
17 86 18 77 12 97 11 92 5 21 14 10 9 25 13 39 2 49 3 9 15 56 7 67 4 1 6 89 0 48 1 43 10 35 8 63 19 21 16 16
4 13 17 98 10 42 7 4 18 79 6 33 16 88 3 47 0 83 13 10 19 67 9 63 1 23 8 76 12 63 14 63 11 93 15 74 5 55 2 15
15 11 1 88 11 24 10 25 4 57 18 89 8 62 13 56 16 7 9 16 6 78 12 92 14 95 0 56 19 66 3 40 2 89 5 94 7 13 17 85
3 57 12 37 5 73 10 69 16 44 13 74 4 37 8 50 14 44 1 84 0 65 18 45 11 99 19 27 17 84 9 20 6 52 15 47 7 92 2 81
18 53 16 5 14 19 15 89 8 40 6 38 7 9 9 21 17 74 2 90 13 97 10 52 19 77 11 56 4 71 3 28 0 26 1 52 5 51 12 33
5 90 4 78 11 91 8 70 9 10 10 78 2 63 19 94 0 42 18 21 14 47 1 80 13 35 16 7 12 32 3 55 17 3 6 40 15 53 7 67
5 56 13 23 3 1 0 68 17 73 11 75 6 65 16 74 12 85 1 85 4 14 10 77 14 10 2 19 15 20 7 61 18 3 8 16 9 76 19 50
9 6 13 13 6 95 1 42 0 7 3 85 18 90 12 38 4 52 5 24 10 56 16 82 15 10 14 97 7 18 2 74 8 62 19 35 11 49 17 90
3 69 18 84 11 72 16 66 0 36 14 64 17 94 10 45 4 61 15 41 9 83 1 40 5 78 8 32 12 61 6 39 2 35 7 94 13 69 19 86
9 32 7 82 6 23 1 98 19 49 18 26 11 46 8 22 4 50 17 59 3 50 13 89 10 71 2 39 0 97 16 26 14 88 15 56 12 56 5 71
0 16 3 76 10 63 14 33 19 73 17 10 1 44 9 88 18 9 15 97 11 8 8 41 12 58 2 73 7 25 5 44 13 97 4 37 6 20 16 76
5 35 1 97 13 5 8 64 2 11 16 39 19 83 17 98 0 24 11 10 7 33 15 25 6 80 3 70 12 20 4 21 10 99 14 7 18 76 9 74
13 51 16 48 14 58 1 18 7 70 5 92 3 4 10 87 0 34 12 74 9 71 4 76 11 82 18 56 15 23 17 9 2 13 6 64 19 28 8 37
6 91 18 68 1 55 4 54 15 24 11 55 5 5 14 44 0 77 2 27 8 13 3 10 7 57 10 74 16 41 17 11 12 46 19 22 9 78 13 40
11 57 10 50 18 11 12 34 15 88 0 62 5 45 17 16 2 78 1 54 13 23 19 20 9 56 6 89 7 79 4 37 3 57 14 6 16 9 8 75
1 60 3 30 7 61 6 86 10 53 11 5 17 65 5 35 16 5 2 57 18 95 14 27 13 93 19 66 0 31 15 59 4 25 12 80 8 14 9 86
2 76 3 79 10 42 9 28 0 11 6 27 14 9 12 33 18 68 13 12 16 53 7 4 17 87 15 31 1 15 5 4 4 4 8 11 19 44 11 25
13 64 15 17 11 10 18 83 17 81 12 28 8 33 19 40 9 51 14 1 5 78 10 29 7 57 4 47 16 48 6 41 2 5 0 98 1 2 3 52
17 54 6 65 15 40 7 71 1 40 12 62 4 33 0 68 13 67 16 26 11 48 5 49 8 12 9 18 18 38 3 67 19 43 10 22 2 88 14 88
16 16 17 15 3 36 12 83 8 90 9 92 14 99 7 39 13 25 6 66 5 47 10 49 4 44 19 44 1 22 11 46 0 25 18 72 2 58 15 42
2 64 4 59 3 78 18 85 14 99 5 60 6 49 1 13 19 50 16 92 13 63 10 93 17 6 11 24 12 93 7 13 8 59 15 91 0 6 9 82
19 18 1 38 5 46 11 79 12 48 15 5 13 20 2 81 14 6 17 58 10 51 7 3 3 15 18 12 16 31 9 15 4 27 0 44 8 58 6 7
13 78 3 99 7 39 15 62 11 27 4 43 14 41 2 56 5 73 9 90 1 84 12 79 0 21 6 6 10 57 17 51 18 40 16 42 19 3 8 26
13 87 9 74 16 36 2 54 19 78 17 36 8 86 14 88 10 45 5 60 3 19 1 64 6 39 11 50 18 10 0 34 7 96 12 82 15 37 4 46
8 30 9 25 0 63 2 43 14 47 16 3 4 46 15 60 12 52 5 81 10 93 11 29 18 19 7 8 19 14 13 17 17 58 6 10 1 49 3 57
12 81 5 15 17 12 0 59 13 26 1 70 3 60 9 88 2 88 8 86 7 31 19 42 16 35 6 54 18 80 4 12 14 94 10 22 15 14 11 7
6 38 11 58 7 62 12 93 14 99 3 92 16 35 8 28 9 10 17 58 4 92 1 64 15 60 19 37 5 72 2 23 18 24 13 74 10 70 0 84
10 7 14 56 7 69 18 89 15 11 2 97 6 65 13 16 4 24 9 86 0 74 12 96 17 30 5 31 11 75 19 98 16 66 1 63 3 46 8 60
11 62 6 43 4 87 17 78 15 4 19 25 12 98 5 85 13 99 10 78 18 37 16 90 3 48 1 1 8 45 7 73 9 29 0 80 14 45 2 26
12 95 2 25 11 28 3 12 1 86 6 71 14 80 0 26 17 5 15 24 19 14 16 21 5 52 8 75 9 15 10 44 7 68 13 57 4 54 18 24
15 64 12 29 4 30 6 46 18 71 7 2 3 3 10 80 11 4 19 48 8 93 13 19 14 27 16 31 9 62 0 82 17 68 2 35 5 94 1 94
0 99 4 39 8 15 9 91 5 14 12 14 19 84 16 54 3 49 2 33 1 40 7 83 6 28 11 94 10 74 13 89 14 62 15 69 18 70 17 59
