50 20
17 92 10 53 9 6 5 87 8 53 0 34 2 42 6 89 11 80 7 47 16 21 1 74 18 15 14 53 13 6 12 26 15 64 4 42 3 72 19 13
0 42 5 34 18 78 11 71 6 45 1 45 19 4 3 45 4 61 15 92 14 72 2 60 10 1 9 20 17 79 16 27 8 6 12 6 7 55 13 74
8 57 0 60 7 84 16 32 5 22 12 44 14 83 4 91 3 31 11 78 1 40 10 79 17 51 13 83 15 44 9 82 6 71 2 80 19 49 18 27
12 73 4 9 16 91 1 39 17 32 11 39 10 61 2 1 18 85 13 68 8 82 7 38 5 66 19 68 15 46 0 12 6 34 9 60 3 33 14 80
7 92 15 81 5 58 6 79 16 67 3 46 9 70 8 80 2 73 19 8 11 64 10 70 17 56 18 47 1 66 0 83 12 14 13 32 4 66 14 28
8 29 9 58 3 56 0 24 2 55 16 19 17 12 18 91 19 46 4 8 10 65 5 1 12 26 6 33 14 21 7 83 11 34 1 57 15 31 13 58
18 63 0 98 16 21 17 16 9 21 14 25 2 95 7 62 5 59 1 79 6 31 12 26 19 9 8 57 10 40 4 40 11 69 3 41 13 86 15 82
4 34 7 61 8 87 3 73 19 83 6 64 5 77 18 95 14 62 9 47 17 77 16 4 12 95 10 71 13 68 0 81 15 30 2 3 1 97 11 55
11 2 8 65 17 89 10 36 0 94 2 74 6 21 14 97 16 99 5 9 1 68 9 97 18 27 12 51 3 4 13 21 19 16 15 95 4 48 7 75
0 57 9 13 7 95 6 24 5 58 15 92 10 6 14 19 11 79 3 34 13 80 2 50 8 10 17 37 4 22 1 3 19 48 16 54 12 68 18 75
5 6 11 93 10 9 14 63 9 50 4 35 15 69 0 79 2 73 19 11 13 19 12 90 18 54 1 9 6 21 7 82 8 10 17 17 3 44 16 53
4 38 8 27 9 97 12 83 19 9 14 6 17 93 3 69 13 38 11 91 15 48 16 31 1 68 10 17 7 58 18 29 0 56 2 69 6 16 5 84
11 56 19 21 14 34 4 79 10 50 5 93 16 65 18 7 12 46 7 86 0 55 1 66 6 68 13 25 8 17 2 25 3 26 15 63 9 48 17 87
5 2 17 32 4 49 2 58 18 24 3 53 14 15 10 13 7 55 1 48 16 38 8 58 0 18 6 99 19 37 11 89 12 60 15 70 9 76 13 11
14 45 10 62 12 21 6 76 8 26 17 11 5 70 11 10 19 74 16 96 13 6 4 15 9 43 18 21 3 89 2 82 15 51 1 86 7 76 0 47
17 91 15 28 3 47 10 51 4 84 14 53 11 10 9 29 6 59 2 18 0 73 19 71 13 50 1 50 8 77 16 64 5 79 18 90 12 69 7 41
3 6 5 7 6 24 17 74 8 34 16 69 10 58 15 52 12 31 1 94 14 82 0 42 13 62 11 57 9 28 2 89 4 14 18 70 19 66 7 26
1 15 5 9 18 96 6 60 19 75 16 36 12 23 15 48 10 19 3 32 7 62 0 28 2 48 8 47 17 59 9 82 13 30 11 86 14 3 4 81
10 25 12 62 5 97 15 15 19 68 18 80 14 4 1 36 7 41 8 35 11 4 13 9 6 66 0 10 4 75 9 21 17 40 3 95 16 88 2 47
3 16 8 13 7 94 9 93 2 64 0 56 19 27 15 38 10 88 16 9 5 57 13 23 18 2 12 45 1 84 6 65 11 51 14 42 17 96 4 41
8 37 5 87 16 71 1 59 6 2 10 18 15 26 2 39 4 74 13 51 18 16 14 55 3 48 17 62 7 84 12 89 9 52 19 95 0 78 11 28
12 81 1 67 16 73 15 6 11 76 7 49 6 23 13 80 18 40 9 35 14 34 2 60 3 38 8 35 10 42 4 69 19 6 5 30 17 90 0 25
16 86 8 51 10 10 17 40 4 57 2 29 19 1 6 44 7 25 14 72 5 20 11 63 3 19 9 80 1 25 15 48 18 87 0 25 13 17 12 34
17 5 12 96 5 19 13 49 15 38 11 16 6 57 16 31 1 46 9 56 8 42 19 8 3 54 10 61 18 67 7 95 14 45 2 42 0 47 4 51
16 80 17 95 12 47 1 7 11 7 14 19 10 51 3 45 2 10 19 20 18 92 7 77 5 62 15 35 0 93 6 97 13 35 8 75 9 41 4 8
0 1 5 96 3 10 12 39 6 91 15 9 11 48 9 48 4 39 2 2 7 25 19 3 16 50 1 2 18 35 8 60 17 86 10 77 14 57 13 67
16 43 8 2 0 26 9 96 12 31 6 3 10 46 17 32 14 44 13 1 15 9 2 61 7 39 18 58 4 71 5 59 11 67 19 16 3 96 1 42
4 12 13 14 8 15 18 10 17 23 6 99 9 25 19 21 12 43 0 71 7 90 5 48 2 18 14 62 3 10 15 17 11 86 16 5 10 4 1 40
4 97 10 95 5 7 1 65 2 96 13 64 16 70 14 83 9 93 15 51 8 75 12 16 6 24 11 66 17 43 7 35 19 22 3 57 18 18 0 40
7 65 16 82 14 55 5 57 1 79 12 96 10 46 17 86 11 95 13 13 2 26 0 68 9 80 8 45 18 51 15 30 19 31 4 38 6 49 3 45
0 91 7 90 1 51 17 81 16 86 19 56 13 96 5 46 8 41 3 80 10 78 14 1 4 73 2 25 15 78 9 78 11 15 18 49 6 22 12 64
6 61 0 65 7 34 2 64 15 12 13 4 11 52 19 48 3 53 16 46 1 94 12 21 10 38 18 91 4 71 9 23 14 81 5 64 17 3 8 19
5 24 14 57 12 4 9 38 2 21 10 36 1 62 15 37 19 15 17 87 0 16 3 23 18 64 11 34 8 69 13 59 16 73 4 61 7 92 6 73
5 41 12 2 7 73 1 47 17 5 0 14 10 63 2 14 11 91 4 8 18 48 19 15 8 40 9 18 3 31 13 28 6 14 16 90 15 95 14 18
6 26 10 46 0 6 7 20 4 87 1 89 16 78 14 11 9 55 17 43 18 39 11 99 15 82 2 71 3 63 19 69 12 44 8 5 5 28 13 92
19 40 1 72 18 96 16 78 0 8 9 2 8 67 7 7 4 84 11 46 17 43 6 10 10 10 12 48 15 59 2 13 3 80 14 46 13 38 5 43
19 13 1 27 8 46 14 48 2 43 16 79 3 99 5 53 6 77 11 58 12 94 13 57 18 50 0 38 15 35 10 29 9 11 17 57 4 77 7 19
14 49 0 90 19 31 1 34 12 1 2 28 9 70 5 55 18 23 13 26 7 79 15 61 8 13 3 34 11 59 16 38 10 29 17 54 4 43 6 76
18 90 7 40 1 23 3 66 11 29 4 39 0 8 16 56 12 36 14 54 6 41 8 86 19 25 9 69 13 92 10 99 5 69 2 4 15 1 17 14
18 85 0 62 1 56 16 24 2 67 13 71 10 25 9 8 17 98 5 5 3 93 12 12 15 71 14 69 19 44 8 87 4 86 11 33 7 34 6 15
15 47 9 95 10 74 5 52 8 48 14 82 13 54 3 56 16 98 11 8 17 55 4 94 1 71 18 77 6 6 2 88 7 73 12 58 19 90 0 11
17 1 6 90 4 35 16 9 13 98 14 63 15 14 18 55 9 84 5 49 12 94 2 14 7 12 0 29 11 28 3 37 10 15 19 79 8 21 1 44
6 47 11 53 2 70 3 74 10 4 0 8 17 43 7 43 12 64 15 81 4 14 19 58 13 45 14 22 18 17 8 45 9 87 1 90 16 55 5 54
17 47 15 10 5 73 3 33 6 49 0 17 19 78 10 36 13 53 1 22 14 55 11 87 7 43 2 56 4 45 18 52 12 15 9 51 8 57 16 57
8 65 19 7 7 15 11 95 3 83 6 11 14 14 12 23 17 42 0 54 15 46 2 87 5 13 18 85 4 72 13 99 10 53 1 43 16 86 9 23
10 16 5 55 3 49 14 63 16 49 19 8 13 34 2 42 8 66 1 33 17 52 4 77 9 31 6 27 11 69 7 26 15 16 18 46 0 1 12 47
6 64 16 95 7 36 3 19 1 83 10 10 4 32 9 87 8 22 18 58 13 5 19 22 11 9 14 2 15 67 17 35 0 71 5 51 2 22 12 13
4 91 0 12 17 13 10 90 11 97 6 42 15 41 7 4 3 95 16 90 18 91 5 39 8 34 19 49 9 31 1 2 14 42 12 1 13 84 2 98
12 97 9 24 11 17 18 44 4 67 14 16 6 43 7 4 5 66 10 77 16 5 19 83 13 62 15 78 17 1 3 97 8 45 0 7 2 9 1 73
11 88 19 64 5 43 16 88 6 83 4 20 12 72 0 9 17 76 1 74 18 38 13 10 2 44 9 92 7 99 8 11 10 35 14 11 3 74 15 89
