50 20
8 85 1 73 16 22 2 20 6 23 13 27 17 79 9 33 15 25 5 51 4 78 12 46 11 1 0 49 18 39 7 60 10 90 19 78 3 69 14 73
2 81 18 51 14 62 1 64 11 80 0 63 8 10 4 34 12 12 10 66 3 32 19 23 15 71 16 26 9 41 7 56 6 96 17 17 5 64 13 59
7 49 9 43 0 15 6 72 3 54 14 26 16 25 8 92 2 2 10 61 11 55 12 82 18 81 15 9 17 39 5 15 13 82 4 90 1 53 19 10
11 9 12 13 17 27 0 15 4 77 19 51 1 20 18 72 13 2 2 77 16 99 5 55 10 95 6 98 15 62 7 32 3 21 14 36 8 59 9 53
6 93 2 99 1 92 5 35 15 68 14 62 17 6 18 78 7 9 19 55 13 73 9 68 10 91 0 90 8 78 12 92 16 99 4 40 3 77 11 3
19 78 8 93 7 68 4 39 5 65 14 10 13 43 1 67 18 97 2 84 12 95 17 86 15 22 16 51 11 35 10 50 0 55 3 61 9 3 6 36
10 46 5 24 16 6 6 19 15 29 11 9 3 36 12 2 0 9 17 60 19 12 14 98 2 28 7 66 9 22 8 5 18 81 1 78 4 41 13 29
16 60 8 23 4 3 17 92 0 25 5 66 6 21 1 46 15 11 14 11 12 18 19 34 13 71 7 33 3 47 11 98 9 63 2 18 18 27 10 31
1 2 6 65 3 17 11 38 2 31 14 69 19 91 4 75 15 78 17 94 18 39 10 9 13 26 0 83 8 87 12 48 5 8 7 11 9 56 16 86
11 54 18 62 6 98 15 66 19 52 4 50 14 45 2 92 17 19 13 28 8 91 16 62 12 49 3 84 10 58 9 46 1 97 5 71 7 86 0 2
8 39 3 90 7 4 19 57 6 79 18 95 4 30 13 72 11 45 5 68 16 27 9 21 12 39 0 91 17 83 2 42 14 84 10 90 15 79 1 31
18 70 11 14 15 74 14 88 7 54 3 26 9 56 4 80 2 71 1 88 16 92 8 40 12 64 13 73 19 24 5 44 17 23 0 85 6 94 10 93
8 71 2 58 3 30 17 52 12 75 19 93 6 12 7 26 11 7 13 57 10 80 15 55 0 2 18 37 1 26 4 85 5 5 14 84 9 84 16 73
5 60 13 68 3 73 15 64 17 57 9 20 14 47 12 22 6 74 0 44 8 61 19 44 10 42 1 33 18 6 7 4 16 62 2 39 11 36 4 95
4 70 5 32 18 44 0 4 11 38 12 50 14 37 8 3 19 29 1 72 16 98 2 68 9 90 6 41 13 48 10 69 7 23 17 15 3 49 15 62
11 3 19 13 16 40 5 40 18 4 9 9 14 78 4 40 15 85 10 61 8 42 7 21 13 40 12 72 2 82 17 47 1 2 6 90 3 27 0 85
16 97 4 13 3 61 8 18 2 29 11 61 19 77 0 97 5 45 10 77 1 75 9 10 7 20 12 49 17 48 15 41 14 72 6 84 13 31 18 60
16 69 17 47 8 10 6 56 7 7 10 97 4 23 5 40 0 37 3 75 19 7 2 40 12 38 9 6 1 58 14 12 15 93 11 56 13 76 18 10
14 52 8 25 18 62 12 18 10 37 3 57 0 14 2 23 9 47 1 74 7 1 13 41 11 34 17 55 16 27 6 66 4 82 19 87 15 96 5 23
10 67 12 84 17 59 14 93 13 70 19 23 9 61 3 7 11 7 2 64 18 21 0 35 5 99 15 25 16 28 1 31 4 13 8 56 6 34 7 19
8 52 6 11 12 19 9 27 19 12 3 93 11 47 17 83 1 54 7 16 18 39 0 12 16 63 10 73 4 65 13 68 5 96 2 3 14 75 15 74
7 7 15 79 19 54 3 36 4 4 5 57 13 85 11 73 18 11 17 58 14 62 16 28 0 52 8 28 6 95 10 45 9 70 1 67 2 66 12 10
14 38 6 34 16 42 17 72 4 43 18 47 2 2 10 86 1 86 3 32 9 44 11 22 15 18 12 53 5 31 19 28 8 88 7 90 13 22 0 40
14 58 19 7 10 65 7 79 5 13 13 90 18 57 8 59 17 62 0 13 2 74 11 41 16 20 15 5 4 38 3 18 12 82 1 89 9 70 6 28
13 2 8 32 12 22 19 5 0 4 7 20 5 18 6 6 3 25 15 91 18 19 9 1 4 11 17 79 1 70 11 99 10 35 2 69 14 5 16 89
4 54 2 8 5 10 7 6 8 15 14 46 1 54 16 31 15 51 10 35 12 45 11 67 9 13 6 8 13 80 18 89 17 77 19 36 0 44 3 44
14 3 11 32 18 52 15 52 2 47 5 41 19 41 12 51 4 78 17 10 10 27 6 34 16 36 1 22 13 48 3 40 7 68 0 27 8 65 9 14
3 15 11 8 12 91 15 21 16 85 7 82 19 88 8 5 5 2 14 27 6 79 17 60 1 55 18 99 4 2 2 52 9 14 13 49 10 18 0 19
6 87 3 74 5 14 11 92 14 38 10 95 19 25 17 70 16 52 4 85 0 69 9 16 1 4 12 46 13 48 8 85 2 84 15 36 18 41 7 75
1 98 6 50 14 17 0 29 15 32 12 28 17 55 2 37 18 60 10 77 3 16 4 82 16 60 9 71 5 17 8 63 13 31 19 19 11 97 7 95
1 44 4 29 5 16 16 36 14 50 17 17 11 64 2 19 13 46 10 22 15 93 19 10 18 74 3 36 0 18 9 49 6 7 12 70 7 10 8 95
8 31 11 49 3 46 0 94 7 65 12 62 16 71 2 34 17 48 19 75 6 90 10 61 14 94 9 22 18 73 13 6 5 41 4 48 1 88 15 12
15 36 16 29 0 31 5 15 17 1 1 52 11 5 4 49 2 64 6 65 7 9 8 1 18 51 12 54 14 27 13 42 3 41 10 15 19 22 9 65
13 75 10 70 15 64 3 5 1 86 2 5 0 43 16 49 9 43 8 27 7 27 19 56 4 60 12 2 17 16 14 33 18 9 5 5 11 38 6 26
13 4 9 36 18 63 0 52 3 51 11 36 4 63 12 4 10 84 8 8 5 89 17 82 15 92 6 93 1 39 16 98 7 25 14 56 19 63 2 35
6 69 16 14 0 74 1 45 10 43 14 81 4 87 2 69 12 60 11 46 5 78 19 3 7 73 18 3 8 66 13 25 9 71 17 11 15 39 3 76
3 87 18 96 6 90 0 67 15 13 5 96 11 90 10 43 13 3 7 82 14 1 19 76 9 43 8 1 17 11 4 61 12 72 2 11 16 6 1 81
2 84 4 99 10 16 0 7 14 17 8 2 16 56 11 53 18 50 17 9 9 40 19 15 12 12 15 12 13 8 7 39 5 93 1 33 3 64 6 20
8 26 11 15 16 22 4 56 13 91 7 11 9 32 15 47 12 29 6 55 5 4 19 29 14 64 3 1 10 49 1 73 17 21 2 6 18 83 0 5
11 15 8 11 12 13 16 65 10 71 13 26 15 81 4 98 17 55 0 74 19 83 5 99 1 62 18 17 7 45 9 47 2 60 6 92 14 19 3 91
3 28 19 4 15 92 0 42 17 52 11 7 10 65 8 42 16 8 2 70 1 97 7 45 13 13 14 62 6 70 9 65 18 27 5 20 12 52 4 83
10 96 5 41 1 30 19 21 14 24 6 12 2 51 16 30 15 40 8 61 4 20 17 13 7 33 0 79 12 37 18 81 11 89 9 79 3 41 13 45
14 15 8 25 13 57 5 58 2 72 7 26 10 98 16 66 1 8 11 16 17 53 9 43 19 79 6 99 4 38 12 84 3 78 15 31 18 34 0 41
13 45 18 50 10 70 14 78 6 64 4 3 2 8 0 8 5 70 3 3 19 93 9 9 17 26 1 62 11 48 16 87 7 19 15 95 12 7 8 33
1 65 15 60 19 43 9 58 12 56 7 48 3 89 14 84 17 28 6 52 5 8 16 8 2 84 10 41 13 74 4 10 0 4 8 22 18 30 11 24
19 34 17 63 7 37 0 66 4 69 6 68 5 22 3 60 9 35 18 41 16 51 12 63 2 39 8 44 10 15 15 65 11 63 1 48 13 7 14 53
0 11 10 42 6 64 1 74 17 30 15 94 12 95 2 48 16 69 8 68 7 9 18 46 13 35 3 84 5 16 9 49 14 86 11 23 19 44 4 72
4 48 8 61 9 66 13 94 5 39 7 90 16 98 19 3 18 7 12 4 17 44 2 77 14 94 6 57 3 80 11 77 10 29 15 58 1 89 0 72
4 84 17 50 10 96 6 63 9 51 2 81 5 41 11 7 1 61 15 76 16 3 3 56 0 73 14 20 13 8 8 65 7 20 19 71 12 4 18 71
1 62 14 81 6 65 3 36 8 9 9 93 18 51 12 74 10 75 5 27 16 28 2 21 4 57 0 72 15 77 7 35 11 20 13 85 17 44 19 60
