50 20
14 71 8 89 11 42 13 4 0 30 3 38 9 92 7 58 18 32 15 71 10 16 5 62 17 30 4 78 19 49 1 86 16 99 12 75 2 18 6 80
1 94 17 44 8 11 11 77 12 21 6 96 9 66 15 15 0 45 10 52 16 18 2 23 18 91 3 51 14 9 19 4 13 20 4 41 5 20 7 43
15 30 5 15 14 15 12 48 1 55 13 49 17 50 10 12 18 64 11 97 8 29 2 58 3 39 16 58 4 56 7 87 19 21 6 3 9 65 0 92
14 8 9 15 2 78 6 87 16 14 8 38 10 58 19 58 5 79 0 21 7 54 3 42 4 22 17 69 1 72 13 94 15 69 12 9 11 41 18 25
3 67 0 71 5 48 1 64 7 28 13 81 8 48 17 23 4 6 15 22 16 40 12 19 6 2 19 78 14 46 2 70 10 66 18 98 9 95 11 32
1 8 13 1 7 83 2 3 9 18 10 78 12 11 5 34 8 69 0 94 14 16 6 96 16 11 15 88 11 30 3 30 19 99 4 14 17 46 18 62
19 3 14 2 9 33 17 91 0 9 6 75 13 50 3 6 2 15 4 85 8 85 18 98 11 11 15 10 7 4 12 54 5 91 10 19 1 5 16 10
4 93 3 45 7 96 16 44 19 88 6 85 10 94 17 28 14 3 13 87 8 4 2 78 1 78 9 73 12 14 18 79 0 69 11 35 5 31 15 29
11 60 18 43 10 19 3 76 6 97 12 51 9 28 16 20 8 62 7 28 17 53 1 36 13 63 4 51 0 60 2 48 5 15 14 85 19 14 15 4
9 38 7 18 2 20 19 53 10 67 8 27 11 99 17 83 12 76 18 21 6 51 14 20 3 17 16 83 4 34 15 7 1 98 5 43 0 57 13 90
19 44 1 69 8 75 9 68 0 87 12 28 16 46 5 78 7 13 3 85 14 10 11 83 15 40 2 62 13 59 18 50 10 29 17 31 4 81 6 93
8 98 1 58 4 76 11 56 5 61 15 61 16 82 17 79 6 52 13 63 2 69 0 51 7 66 3 8 18 85 14 59 9 66 19 35 10 38 12 57
16 59 6 16 2 61 5 68 1 51 12 12 17 42 18 39 9 16 14 88 19 15 7 95 3 48 10 47 4 32 15 29 0 57 11 3 8 40 13 13
2 99 8 89 19 16 11 64 16 37 18 84 10 79 13 4 3 81 0 27 4 3 1 5 12 83 14 69 15 99 5 89 9 28 17 78 6 75 7 91
1 72 2 43 16 93 15 89 13 98 8 72 12 75 17 12 7 40 9 53 10 65 19 57 14 18 5 11 0 59 18 11 6 34 3 92 11 9 4 56
2 59 14 19 5 36 7 26 17 68 8 44 6 90 10 77 13 12 19 42 11 87 0 86 12 77 9 36 16 23 15 66 18 45 1 76 4 10 3 62
12 88 8 76 11 34 5 55 16 56 0 66 13 26 10 14 3 36 15 25 17 54 19 4 9 44 7 60 4 4 1 24 14 12 6 30 2 84 18 1
8 79 1 55 3 39 0 78 6 73 17 92 18 49 13 58 15 87 2 82 16 51 7 67 14 84 10 96 9 40 4 59 5 36 19 89 12 79 11 16
1 32 19 52 13 96 9 45 16 82 12 64 18 19 10 81 2 53 17 63 7 30 14 41 5 42 3 23 15 75 11 33 4 73 6 42 8 35 0 87
12 35 10 58 7 31 8 54 19 97 16 10 18 15 5 28 3 97 1 51 11 49 2 43 13 20 14 24 4 36 17 45 0 51 6 45 9 71 15 68
7 66 18 47 17 52 3 26 2 50 8 7 14 95 10 6 0 25 4 98 16 56 6 94 19 42 15 6 9 79 1 96 13 85 12 29 11 45 5 30
2 55 10 30 16 18 5 20 14 70 19 94 15 15 6 91 12 10 18 5 1 12 17 69 0 32 3 42 4 65 13 76 7 91 9 32 8 56 11 60
0 45 6 65 5 78 11 11 10 95 18 76 7 37 14 84 19 59 12 11 16 98 1 30 4 91 2 33 13 27 15 85 8 38 17 72 9 48 3 87
3 52 13 58 19 52 1 67 0 16 2 63 15 84 12 46 18 3 7 34 5 54 6 2 11 62 9 1 8 57 16 27 17 76 14 97 10 87 4 80
9 55 19 29 7 82 15 52 11 45 6 52 17 92 5 92 0 89 2 6 1 18 18 10 3 71 8 22 12 33 13 87 14 24 16 67 10 37 4 8
14 85 1 54 17 54 12 6 4 26 15 90 11 22 16 96 5 33 0 9 7 15 3 65 9 97 2 60 10 71 18 77 13 81 8 88 6 68 19 3
7 13 15 79 14 51 11 59 12 59 9 8 8 57 5 84 16 26 0 57 6 5 13 36 4 2 18 17 3 47 10 98 17 7 2 11 1 99 19 75
4 78 6 83 16 10 5 32 11 5 2 58 19 40 12 91 13 87 8 59 14 10 3 37 1 47 7 49 15 14 18 45 0 47 17 73 10 64 9 12
18 81 5 53 17 67 9 53 12 9 19 85 6 76 7 79 11 68 0 27 8 21 2 7 3 27 13 39 14 6 4 21 1 68 10 22 15 76 16 95
11 25 2 10 1 42 10 32 17 33 9 34 15 12 18 8 8 20 0 44 3 18 4 93 19 33 12 96 14 39 7 10 16 76 5 8 6 70 13 46
7 28 14 80 8 88 15 99 12 30 6 91 0 89 11 37 16 94 17 13 9 33 2 29 13 23 10 34 1 63 5 99 3 10 4 59 19 29 18 44
11 32 2 32 1 82 4 64 6 26 0 70 7 96 14 99 3 78 12 38 19 30 9 48 18 21 10 19 5 22 16 20 13 34 15 78 8 79 17 92
12 19 6 51 13 81 15 88 7 3 2 93 18 16 1 24 8 63 19 56 11 15 10 18 4 22 0 39 3 62 14 18 9 23 16 52 17 72 5 74
2 75 15 1 18 71 0 17 12 67 17 36 19 9 9 11 13 87 3 53 11 4 10 72 5 58 16 57 4 37 1 54 7 92 6 37 8 74 14 9
17 79 18 67 6 20 1 98 19 89 16 93 14 19 0 41 7 61 10 57 13 70 15 31 3 44 5 83 8 41 2 53 4 9 9 82 12 21 11 85
13 40 10 24 19 17 0 85 15 64 8 36 6 62 12 60 18 77 2 27 3 59 9 39 16 32 5 73 1 9 4 83 14 24 7 59 17 72 11 16
1 73 16 95 11 45 12 32 5 11 4 52 2 52 13 76 0 18 9 27 19 77 6 20 7 70 15 24 3 57 17 42 14 42 18 73 10 71 8 33
15 19 0 47 8 45 13 21 1 60 6 13 2 99 9 11 16 91 4 33 14 31 3 31 19 23 12 58 5 58 10 32 7 99 17 38 11 64 18 38
3 38 8 67 17 39 5 24 9 42 10 61 15 84 14 82 2 61 12 8 7 16 19 86 11 24 0 79 6 66 13 77 1 66 18 26 16 87 4 70
10 25 11 47 5 6 1 6 0 18 3 26 8 50 12 71 17 98 19 38 4 6 2 68 15 66 9 72 16 89 14 61 7 25 6 24 18 4 13 65
4 74 18 62 1 29 3 84 13 45 16 84 8 82 6 6 14 14 2 15 7 82 19 46 12 11 15 46 10 86 5 97 9 14 11 90 17 46 0 80
17 86 11 91 19 54 18 12 12 92 10 8 5 73 3 23 9 53 4 2 6 90 15 94 8 18 14 57 0 21 7 14 1 81 2 12 13 18 16 57
6 87 1 18 13 65 5 89 9 55 19 19 18 88 0 61 14 11 2 17 10 52 3 97 4 6 12 57 16 11 15 45 7 74 17 61 11 7 8 66
13 77 1 92 4 96 18 23 7 51 19 58 6 54 15 62 8 15 14 91 11 40 5 85 9 68 3 40 16 99 0 83 10 31 2 97 17 49 12 9
7 28 12 81 8 6 0 38 4 95 1 15 14 7 9 85 10 10 11 17 3 24 17 73 6 17 18 49 15 67 2 48 16 33 5 35 19 10 13 83
9 65 15 88 6 14 0 90 16 42 5 44 2 54 18 8 11 22 12 31 4 82 8 8 3 17 17 61 10 98 1 64 7 41 14 86 19 65 13 25
11 48 12 84 14 42 16 22 4 84 1 37 2 21 17 28 18 39 0 38 10 77 15 59 13 11 7 84 19 39 8 49 3 96 9 19 5 28 6 70
2 64 10 61 9 77 0 58 15 77 14 61 7 15 13 20 17 46 1 85 12 13 8 49 6 99 18 41 19 56 4 15 3 76 5 74 11 6 16 36
12 58 18 74 1 87 11 53 9 31 19 42 13 37 6 4 7 94 2 9 15 88 10 88 14 85 8 98 5 74 16 1 4 26 17 60 0 4 3 34
19 56 18 36 11 6 1 76 13 99 10 33 7 65 3 20 15 50 14 79 0 19 5 56 8 97 4 36 2 43 12 94 9 86 6 97 17 27 16 50
