50 20
7 86 12 69 4 31 16 5 10 34 1 96 0 24 6 56 2 67 18 50 5 66 11 78 9 4 13 69 3 68 19 56 8 99 17 57 15 28 14 78
3 46 16 22 7 75 15 69 10 84 14 61 6 39 5 15 9 98 4 63 0 8 11 42 1 80 8 31 19 14 18 68 12 3 2 71 17 92 13 20
10 11 17 51 1 68 9 49 0 56 4 75 18 18 6 3 7 12 12 66 14 93 19 86 2 11 15 86 11 1 8 28 13 39 5 50 3 38 16 74
3 84 12 96 2 16 1 51 15 91 6 77 13 34 18 20 17 82 7 89 8 52 9 60 5 3 4 56 10 2 16 51 11 52 19 81 14 97 0 54
0 29 13 62 19 78 5 29 9 79 10 88 17 68 8 60 1 87 2 65 16 28 11 11 15 48 14 50 6 58 4 65 18 50 3 19 12 24 7 32
17 39 2 11 9 89 10 13 4 2 0 67 18 17 13 83 11 76 5 73 8 65 14 6 19 54 16 69 15 63 12 33 7 20 3 24 1 29 6 66
15 80 16 51 1 33 10 11 19 6 5 98 13 9 2 91 3 67 4 23 18 72 0 43 6 36 8 15 14 95 11 25 12 62 9 8 7 40 17 31
0 29 10 44 14 15 3 13 11 25 4 62 13 73 16 54 2 46 17 35 7 60 9 97 15 2 18 40 6 21 5 49 12 8 19 49 1 80 8 94
15 29 3 82 13 61 9 73 7 85 6 95 10 57 11 85 0 39 2 2 4 10 5 55 16 18 17 10 1 3 19 70 18 58 8 96 12 42 14 66
7 30 17 63 15 61 2 18 13 31 3 22 8 81 18 7 14 79 12 65 11 26 4 23 0 54 6 18 10 40 9 63 16 23 5 58 1 86 19 45
0 24 13 48 4 31 12 21 6 65 16 45 18 42 14 54 10 8 7 66 3 63 5 76 15 53 17 5 1 26 11 79 9 68 8 1 2 73 19 30
13 67 17 95 0 78 5 9 18 75 8 84 3 81 2 63 4 18 11 37 6 44 7 70 15 41 16 6 19 31 14 59 12 90 10 23 9 66 1 58
15 78 5 66 12 76 4 42 10 85 11 20 13 55 1 30 7 48 14 88 3 43 16 85 18 60 8 1 17 18 0 95 9 36 2 38 19 8 6 75
15 87 11 13 1 68 14 88 3 10 0 10 7 85 16 45 9 17 19 9 6 41 5 32 10 28 18 35 12 11 17 56 8 12 13 35 4 50 2 25
17 22 2 1 6 45 9 44 1 53 7 50 16 60 4 90 3 4 18 98 8 15 13 41 15 77 5 28 12 57 19 29 10 22 11 78 0 95 14 83
7 50 1 13 6 32 8 46 9 68 15 51 4 42 19 18 12 66 5 78 0 93 17 82 14 20 16 50 13 7 2 26 10 23 11 25 3 92 18 24
16 77 17 95 6 3 18 67 11 67 15 5 1 19 10 27 8 23 7 86 19 55 3 9 14 37 12 15 2 43 5 69 0 96 4 75 13 93 9 93
13 5 3 38 14 47 5 64 8 25 17 10 15 67 9 93 19 66 18 88 1 43 12 44 10 54 0 86 4 99 16 5 7 89 11 59 2 12 6 33
12 54 1 90 13 80 10 36 0 50 15 59 9 64 2 18 3 24 16 27 5 4 17 19 7 71 6 60 11 36 4 29 14 38 8 38 18 9 19 78
13 30 15 78 0 38 12 70 18 26 19 60 5 18 4 50 17 21 1 9 2 7 3 43 6 92 10 48 16 78 7 42 9 58 8 50 14 37 11 17
16 47 2 46 3 49 8 10 13 3 15 91 14 50 18 63 11 51 10 57 0 88 9 3 6 51 5 23 12 21 17 15 4 96 7 47 1 80 19 9
1 91 18 13 0 71 11 18 7 14 9 97 8 16 6 81 14 9 13 93 16 51 2 95 10 78 4 66 17 83 5 87 3 46 19 38 15 97 12 22
16 23 6 25 18 74 1 28 10 35 19 56 5 77 15 13 8 48 11 18 13 36 3 6 9 87 17 5 7 79 14 37 12 76 2 63 4 5 0 26
2 91 4 60 6 65 14 75 16 64 5 83 18 73 11 72 7 66 19 12 3 64 13 83 9 1 0 30 8 22 1 32 12 34 17 96 10 76 15 83
18 80 1 40 8 46 3 29 19 71 12 16 7 60 15 83 11 44 16 94 2 64 5 50 14 14 6 95 4 97 10 4 13 41 9 87 0 80 17 58
6 17 7 12 8 23 9 37 11 59 16 43 3 84 1 76 10 39 19 10 0 92 18 53 4 33 12 64 15 38 13 79 2 84 5 48 14 43 17 36
15 53 17 66 7 41 6 89 18 5 19 88 8 92 11 26 16 71 4 35 10 50 5 58 0 36 1 25 9 49 2 5 14 46 12 28 13 50 3 44
13 66 10 13 14 41 17 57 3 84 19 7 9 14 18 29 16 63 1 65 12 41 4 22 2 35 7 55 15 42 11 24 8 39 0 40 5 3 6 40
1 47 11 2 17 99 0 49 19 89 12 89 13 5 14 4 16 48 7 64 3 12 10 61 18 19 15 9 5 55 2 8 9 27 8 46 6 84 4 59
7 91 19 61 2 88 8 55 12 27 14 54 1 11 10 25 9 77 6 20 5 77 13 70 17 98 16 21 4 84 15 97 18 13 11 19 3 2 0 39
10 65 16 51 6 86 18 22 11 41 1 86 3 24 12 1 19 32 7 49 13 90 4 45 0 33 14 47 2 24 8 1 9 36 5 82 15 60 17 56
11 54 13 80 14 26 18 1 6 26 0 97 17 22 16 82 7 3 19 85 10 70 8 45 3 75 1 77 5 76 15 2 2 91 4 18 12 92 9 19
4 2 9 57 19 96 16 25 11 48 5 27 14 69 7 20 15 30 18 46 12 91 17 85 3 32 1 2 2 28 13 96 8 76 6 83 0 18 10 67
1 94 8 6 12 66 5 33 18 69 14 76 16 93 10 66 19 82 4 52 2 73 3 28 11 86 13 52 0 44 7 90 17 78 15 37 9 74 6 4
6 45 16 93 17 63 4 71 11 38 3 22 1 84 14 78 8 87 15 33 10 32 7 31 13 84 5 9 0 74 12 40 19 70 18 75 2 61 9 23
11 2 6 5 1 66 8 29 17 38 3 94 15 63 12 28 2 30 4 24 10 89 16 66 0 82 13 98 9 54 5 85 19 7 18 90 7 64 14 82
19 92 10 87 12 81 2 6 8 84 15 10 16 27 14 55 9 96 3 73 18 97 7 82 11 34 13 24 6 33 0 11 17 91 1 15 4 33 5 5
5 74 13 5 8 47 11 14 3 42 0 57 17 29 18 21 1 36 4 96 9 82 10 42 15 12 16 88 6 92 14 47 7 52 2 11 12 71 19 97
2 60 4 70 19 67 12 83 1 43 0 6 18 36 16 8 6 85 14 98 3 49 9 92 7 37 13 86 5 32 10 80 15 57 11 16 17 41 8 64
12 40 13 5 19 78 11 33 14 83 10 1 4 70 6 89 9 24 8 91 7 65 1 93 3 29 0 95 18 39 16 95 5 3 2 58 15 85 17 35
13 89 14 76 19 99 12 87 2 20 3 97 0 63 5 11 17 7 16 90 15 60 18 96 11 2 7 38 10 64 6 32 9 11 8 95 1 65 4 13
1 82 8 24 15 40 9 94 3 42 19 3 11 85 18 8 16 83 6 34 14 11 12 12 13 36 4 5 5 59 17 56 10 46 2 27 7 72 0 11
1 77 19 48 12 34 5 79 7 73 17 28 0 99 3 47 4 8 16 40 15 25 13 37 8 64 2 45 10 70 9 20 14 90 6 74 18 17 11 90
9 89 19 88 18 80 11 78 5 12 3 4 10 67 4 86 16 8 2 65 12 8 7 94 6 13 0 73 15 75 8 2 17 8 1 51 13 32 14 5
2 28 16 22 18 44 5 98 3 86 1 1 12 65 8 12 0 18 4 89 17 7 6 70 14 11 13 17 7 79 10 46 19 43 11 75 9 80 15 28
14 73 9 67 0 38 13 45 5 8 19 33 8 32 7 34 15 74 4 47 6 35 3 94 12 40 16 54 17 23 10 10 11 37 18 42 2 49 1 63
4 61 11 67 19 78 13 58 3 10 0 28 8 94 6 75 2 67 7 76 18 11 10 80 5 56 15 28 17 43 16 43 14 52 12 26 9 69 1 33
5 49 12 21 16 60 15 28 0 82 9 98 11 91 19 42 18 19 10 41 1 49 4 24 7 80 13 58 6 3 17 88 14 8 2 92 8 80 3 60
18 89 17 70 3 73 9 36 6 1 12 95 1 38 11 66 4 95 5 29 2 22 13 69 8 22 7 91 19 47 15 58 0 81 16 85 10 50 14 31
16 28 0 81 17 47 6 37 8 64 5 66 1 55 15 78 9 86 10 48 14 51 4 17 18 17 12 58 2 3 3 56 11 70 19 61 13 56 7 49
