50 20
6 75 14 33 15 47 12 17 18 16 13 45 17 59 9 24 5 60 11 18 1 77 19 55 8 10 3 80 16 36 2 2 7 99 0 7 4 4 10 82
11 74 10 4 9 38 0 38 18 37 5 62 15 53 13 58 14 52 1 30 7 75 4 87 8 12 6 21 3 99 2 4 17 93 12 22 16 54 19 97
17 89 1 71 15 68 4 90 0 67 16 19 5 55 8 51 7 75 18 22 14 76 11 10 9 46 3 65 6 51 2 47 19 93 10 35 12 82 13 16
9 64 3 76 7 53 0 73 12 84 5 28 10 24 18 49 2 60 15 82 16 8 11 58 13 2 8 3 14 50 19 96 6 89 4 79 1 72 17 12
19 9 11 43 10 64 4 24 15 79 7 66 17 70 6 13 16 86 5 8 2 61 1 12 12 79 18 26 8 33 14 88 13 31 3 96 0 41 9 61
1 45 0 95 18 10 15 73 3 74 10 68 2 92 6 38 8 55 7 45 16 78 14 91 11 6 13 19 9 55 4 47 17 67 19 46 5 39 12 54
9 63 4 26 6 8 17 6 10 85 2 92 13 69 18 5 16 45 11 3 19 93 12 81 5 56 1 99 8 40 3 77 7 10 0 14 14 42 15 11
8 72 12 85 13 27 1 90 4 18 0 58 19 49 10 73 11 23 6 16 7 79 2 95 9 32 16 48 5 86 18 76 17 21 14 82 15 32 3 37
6 38 14 50 3 30 2 59 16 9 15 43 10 78 7 46 4 50 13 3 0 21 8 81 1 73 17 68 5 23 9 20 11 30 12 32 19 8 18 13
9 51 12 16 0 46 17 35 15 90 14 40 5 68 4 15 3 84 11 48 2 29 13 22 8 4 6 16 10 39 7 37 19 6 16 22 18 79 1 37
18 8 8 63 11 41 1 45 13 96 15 34 5 24 14 7 16 83 10 39 2 10 17 18 9 16 4 13 19 11 0 22 3 93 12 58 6 80 7 67
6 37 0 26 3 3 5 22 1 7 9 88 14 1 10 38 4 30 11 10 19 23 16 99 18 37 12 97 2 40 7 82 15 43 17 45 8 97 13 88
13 90 9 71 19 50 6 67 5 87 14 60 4 96 11 4 17 93 1 16 8 31 7 88 12 80 18 15 0 26 15 28 3 27 10 77 16 44 2 82
18 26 2 48 3 19 17 21 5 72 16 38 7 2 15 3 0 75 4 4 1 55 12 40 10 32 13 69 8 84 9 35 11 25 6 11 19 47 14 76
14 39 17 53 8 98 16 91 11 66 4 97 12 26 1 43 0 22 10 26 7 1 6 48 18 87 2 4 9 69 13 1 5 38 19 95 15 89 3 46
11 48 19 75 14 7 6 19 8 60 17 31 10 63 4 75 18 81 7 63 12 91 15 98 1 3 5 14 0 19 16 17 13 80 3 90 2 94 9 95
19 78 10 28 14 81 3 38 1 5 5 56 8 57 7 6 16 75 18 73 15 52 13 11 12 99 11 55 9 9 4 31 2 84 17 75 0 22 6 94
7 34 16 6 9 50 2 58 5 77 10 51 0 56 18 11 12 77 11 77 15 54 8 83 3 80 4 82 13 62 14 53 1 92 17 73 6 2 19 94
11 30 3 91 18 68 1 22 13 35 19 74 14 63 16 2 12 49 0 54 8 92 9 76 15 48 4 46 6 44 17 6 5 2 2 39 10 11 7 55
12 49 7 53 1 33 10 50 15 32 17 21 8 82 13 86 6 40 16 43 18 87 19 23 4 93 14 69 11 40 3 99 2 7 0 30 5 35 9 44
2 41 18 35 12 71 1 21 7 71 4 88 19 26 0 38 15 52 8 69 16 48 10 69 3 3 14 66 6 11 9 65 5 24 17 81 13 4 11 39
2 86 15 11 10 21 14 59 8 41 9 73 17 24 0 37 1 15 12 4 4 35 16 46 11 48 6 44 18 67 3 44 7 18 5 23 19 35 13 17
13 37 8 1 4 59 2 75 3 87 6 98 1 75 17 55 14 25 12 86 0 24 15 31 16 56 9 69 11 6 7 74 5 93 18 86 10 74 19 45
5 14 12 53 0 63 16 77 9 27 10 8 2 91 11 98 7 17 18 27 8 79 13 53 4 74 1 30 17 10 3 20 19 83 15 89 6 99 14 96
18 72 14 1 7 80 2 72 3 28 9 81 17 68 4 76 11 10 1 69 16 6 12 16 15 43 10 50 19 53 8 63 0 33 13 97 5 8 6 8
15 51 6 86 3 90 10 42 1 53 18 42 8 11 7 49 2 28 12 82 5 71 4 25 9 59 11 95 16 27 0 46 17 97 19 53 14 95 13 99
7 54 15 85 2 78 8 71 9 52 4 8 18 76 6 25 14 61 12 80 13 94 1 74 11 55 10 83 5 13 17 32 3 72 0 73 16 47 19 65
6 34 7 94 13 89 2 85 12 97 19 74 3 67 17 99 15 43 11 19 8 98 5 25 18 97 4 73 0 65 14 5 10 40 1 81 16 67 9 42
4 22 3 17 5 70 11 93 10 65 2 18 16 31 7 65 15 99 8 16 12 52 6 23 19 96 0 11 18 2 17 66 14 21 13 39 9 77 1 8
0 53 16 2 7 50 17 11 3 91 14 59 4 41 12 98 6 33 2 27 11 99 19 28 15 91 10 1 8 56 1 34 18 8 13 43 5 81 9 95
5 54 1 14 4 60 19 82 13 70 18 94 0 69 3 33 17 94 8 99 10 51 7 5 2 89 9 20 11 98 14 57 6 46 15 68 16 43 12 67
12 40 5 36 19 88 9 28 16 68 10 95 6 95 4 47 11 59 15 24 13 12 17 46 1 56 0 38 8 93 2 72 3 76 14 32 7 50 18 84
9 92 15 49 13 48 6 41 1 54 19 91 11 84 16 18 17 99 3 54 7 77 4 74 10 52 0 47 18 76 14 17 8 3 12 87 5 51 2 7
5 1 11 71 4 43 0 93 18 46 1 6 14 70 17 93 19 31 6 20 12 50 3 47 13 34 10 62 2 84 16 40 15 45 8 88 7 65 9 37
7 8 16 25 13 48 10 82 4 60 1 42 11 87 17 6 15 9 6 98 0 7 2 73 5 40 3 53 9 41 8 16 19 35 18 43 14 20 12 86
11 46 0 18 12 47 14 42 16 9 3 44 1 42 2 15 7 26 17 57 15 69 6 12 10 94 5 3 18 60 9 90 13 81 8 37 19 85 4 8
12 54 4 39 2 8 8 60 18 23 5 21 7 77 14 66 1 97 19 58 0 58 16 75 10 47 17 94 9 52 11 34 13 7 6 67 3 68 15 16
1 41 4 26 12 45 14 22 0 41 5 83 18 67 11 95 3 12 7 74 17 65 8 18 15 16 9 5 13 75 16 23 19 38 2 94 10 20 6 90
4 54 16 34 15 21 18 26 0 39 10 27 13 23 7 32 17 28 11 89 9 20 3 12 12 26 19 62 1 72 8 16 5 84 14 58 2 69 6 92
5 98 14 24 4 32 18 98 10 60 1 13 6 98 9 54 16 16 7 70 8 72 3 62 11 86 2 27 15 51 19 10 0 29 13 32 12 56 17 59
18 26 14 31 11 72 7 64 8 23 15 82 17 47 9 17 13 14 12 43 5 23 4 92 19 37 10 70 16 75 0 72 3 52 6 69 1 30 2 70
13 26 14 7 19 26 18 28 12 71 2 57 11 45 3 21 0 28 9 39 1 9 7 65 5 20 6 1 15 14 8 82 10 81 4 56 17 45 16 92
0 7 8 12 5 22 13 72 17 48 3 91 11 4 4 21 6 8 12 80 9 40 10 54 14 86 18 29 2 76 19 51 7 36 15 69 16 96 1 63
7 77 4 57 14 48 2 33 17 45 18 24 0 85 15 17 10 26 6 52 3 47 8 8 11 18 12 80 13 97 5 1 9 72 16 65 1 59 19 88
16 33 19 44 10 8 17 87 5 37 9 34 13 43 18 95 14 8 0 4 1 64 15 72 7 81 2 9 8 83 12 76 3 97 6 34 4 75 11 81
4 69 18 76 17 8 15 69 5 7 3 98 11 74 8 18 16 60 1 46 6 15 9 95 19 4 14 91 13 46 7 58 0 14 2 85 12 3 10 37
2 74 6 45 14 73 11 79 12 33 1 44 0 24 15 51 13 22 10 28 5 60 8 20 17 31 3 85 4 70 16 6 18 71 19 84 9 4 7 69
13 83 9 65 8 5 19 15 15 19 18 12 0 57 2 36 5 20 14 78 17 50 10 9 3 79 1 64 6 54 4 29 7 58 12 40 16 1 11 92
4 63 14 3 3 33 17 88 19 10 2 14 0 58 18 40 6 48 10 15 15 53 7 73 16 84 1 24 9 84 8 27 5 59 13 60 11 14 12 19
16 50 9 49 11 80 15 82 2 47 6 92 19 84 10 36 1 99 13 88 7 2 3 87 18 83 12 79 5 37 17 51 14 7 4 51 0 43 8 36
