50 20
3 14 0 93 4 84 6 1 7 50 19 13 16 25 8 74 15 58 2 2 14 11 5 13 17 9 11 50 10 61 12 8 1 58 18 90 13 35 9 45
19 37 9 39 1 39 17 37 11 33 2 72 15 33 10 49 14 62 3 42 12 38 0 93 7 3 13 19 6 77 16 44 5 98 8 54 4 34 18 8
13 58 17 47 14 26 2 41 5 12 1 50 12 6 0 62 9 10 18 55 3 18 6 81 15 84 4 42 16 45 7 73 10 10 11 72 8 35 19 3
7 8 3 45 16 62 9 18 2 44 19 31 1 35 8 27 10 72 17 19 4 29 6 48 18 52 14 63 12 57 5 32 13 98 11 97 0 78 15 3
3 77 17 28 13 69 6 4 2 90 11 27 5 35 19 46 16 41 7 18 0 25 10 32 9 27 1 56 12 23 8 16 4 19 15 46 14 71 18 32
11 20 17 66 13 22 19 18 3 5 9 52 7 24 2 80 6 68 0 44 10 3 4 43 8 68 15 69 14 40 12 22 18 86 1 51 5 93 16 93
9 72 6 32 11 98 10 52 0 48 5 44 17 25 13 14 14 23 12 4 16 82 19 81 1 2 15 61 18 3 3 66 8 36 2 89 4 14 7 33
16 68 12 94 18 96 3 80 5 34 13 14 7 42 14 16 15 90 1 92 0 19 11 30 17 8 19 81 9 50 10 64 6 46 4 3 2 64 8 71
19 41 0 94 7 21 6 58 11 38 16 28 13 90 18 62 4 43 14 76 3 54 15 53 17 36 12 77 2 50 1 30 8 44 5 97 10 22 9 36
8 14 13 47 6 18 9 47 17 62 2 42 15 98 16 46 0 64 12 89 11 49 19 39 3 32 7 35 5 38 14 74 18 15 10 62 1 11 4 59
1 3 4 24 15 17 0 6 16 73 6 19 14 39 18 2 17 37 9 5 12 60 13 50 11 97 10 25 2 51 19 44 8 6 3 10 7 62 5 17
13 87 3 90 12 89 14 23 10 18 17 3 1 17 7 82 8 91 0 80 4 89 2 11 16 7 19 50 9 36 11 3 6 16 5 40 15 86 18 27
1 38 15 1 14 70 3 97 4 14 7 70 10 58 6 21 18 86 13 13 5 29 17 71 16 88 2 85 19 21 0 10 8 97 9 25 12 94 11 84
18 98 7 47 9 10 6 44 3 93 1 30 0 32 17 34 15 46 12 94 2 54 19 45 5 72 16 87 10 36 4 57 11 66 13 70 8 44 14 52
0 57 13 12 2 8 9 86 11 53 7 88 4 27 5 19 8 27 19 12 3 17 18 44 1 66 12 41 14 34 15 29 6 57 17 45 16 91 10 5
19 2 14 14 7 5 6 51 3 66 10 61 1 27 16 92 4 25 13 90 17 61 12 28 8 3 9 34 18 29 11 91 0 53 5 41 15 10 2 39
14 16 10 88 17 56 12 22 2 90 11 50 0 94 18 47 6 52 1 41 4 92 9 70 5 56 19 45 7 9 3 67 8 11 13 20 15 42 16 13
8 20 2 5 1 51 15 87 6 42 19 6 10 33 12 73 11 26 0 75 14 65 5 57 4 2 16 12 17 81 13 13 9 9 3 40 7 48 18 8
4 38 15 41 2 29 11 71 7 63 6 36 0 42 16 94 9 11 3 98 5 38 8 27 1 23 13 34 14 3 10 72 17 65 12 22 19 81 18 48
11 38 9 4 15 81 6 40 4 4 13 73 3 33 14 7 16 52 5 92 18 42 1 38 0 48 8 48 17 60 7 3 10 32 2 92 12 69 19 13
0 29 10 13 2 24 5 27 19 17 16 42 9 14 3 1 7 75 12 82 18 6 1 98 15 36 17 71 6 97 8 4 11 36 13 1 4 87 14 17
0 37 1 21 14 49 5 1 17 41 2 1 19 14 6 48 7 75 11 51 4 81 10 67 15 38 12 97 3 94 8 73 9 76 16 66 13 67 18 46
13 51 14 88 16 74 3 24 17 82 12 72 11 97 4 24 0 73 8 20 18 44 10 17 6 11 1 1 9 85 7 95 19 23 2 62 5 39 15 6
13 9 15 39 7 66 10 70 17 7 9 88 19 68 14 15 0 22 2 61 8 34 6 48 3 88 1 97 12 44 5 11 18 12 11 31 16 43 4 69
7 62 15 56 18 46 0 23 10 22 14 51 8 58 16 83 13 77 19 24 3 64 12 34 6 32 5 39 17 74 11 4 4 79 2 48 1 61 9 37
1 23 6 78 14 66 16 43 15 84 0 13 7 6 19 10 17 86 10 63 13 44 9 74 8 60 18 18 11 93 12 32 5 48 2 43 3 73 4 58
17 31 12 66 8 60 14 12 5 85 11 36 19 10 18 31 1 9 6 92 4 64 13 47 3 30 2 36 16 15 9 84 7 11 15 82 10 23 0 30
17 71 0 23 2 43 8 18 9 27 7 1 3 47 18 10 19 24 5 13 10 42 13 46 4 11 16 24 12 39 14 71 15 5 11 62 1 35 6 1
5 1 10 57 14 16 12 72 9 98 6 47 4 38 0 24 8 10 15 37 19 7 13 69 2 8 7 80 16 41 11 64 1 44 18 25 3 53 17 42
9 91 13 42 15 24 14 10 7 5 18 5 0 9 4 45 19 51 10 85 16 53 1 34 2 55 3 57 6 67 11 48 17 41 12 12 5 11 8 15
16 63 18 4 12 73 10 58 3 63 5 60 4 75 1 71 15 83 8 58 17 74 9 77 13 42 2 29 7 92 11 84 19 44 14 77 0 31 6 92
8 26 19 32 0 19 6 79 4 98 14 44 2 45 7 76 10 41 12 67 11 19 16 72 1 57 13 72 18 63 9 44 5 4 3 4 17 61 15 27
4 14 10 68 1 29 7 65 17 63 11 27 9 64 6 57 8 31 5 14 14 47 2 68 16 88 12 40 0 88 13 8 18 80 3 52 15 29 19 58
3 57 10 36 15 53 2 58 0 92 9 28 16 74 18 44 6 75 19 52 5 84 8 83 7 25 12 66 13 84 4 53 17 92 11 40 14 46 1 5
11 15 6 93 3 31 16 11 2 2 5 69 8 70 12 38 0 66 1 14 7 3 13 26 15 70 4 40 9 14 18 81 19 74 10 36 14 30 17 53
12 97 17 31 11 88 0 25 18 84 1 38 7 80 3 95 13 84 19 78 8 59 9 77 15 78 6 84 4 8 14 31 2 52 5 93 10 38 16 6
12 53 2 82 13 7 9 59 19 96 7 70 6 29 17 88 5 41 16 92 3 14 11 25 15 33 18 93 1 10 10 52 0 53 4 28 8 18 14 78
0 97 4 7 18 1 19 75 10 12 15 75 13 39 17 51 12 69 11 29 5 93 3 32 2 60 7 26 6 29 1 89 9 44 16 79 14 16 8 23
12 25 6 44 14 22 19 13 0 44 4 33 9 58 10 93 11 10 16 61 17 26 13 36 8 49 1 49 2 27 3 41 15 64 5 49 18 16 7 35
15 14 19 35 1 67 0 27 9 30 14 99 18 57 16 68 11 53 13 9 5 20 2 37 10 53 7 99 8 72 17 72 12 55 3 74 4 49 6 9
15 27 19 73 1 48 17 18 12 51 8 38 2 21 13 27 18 80 11 62 7 97 4 73 5 64 9 61 0 12 3 26 6 31 16 97 14 47 10 1
3 17 13 54 19 99 1 66 10 31 14 39 0 19 9 64 18 32 15 55 8 14 17 24 12 71 5 17 2 75 7 92 11 29 4 54 6 65 16 37
12 13 2 14 7 14 9 32 15 90 1 19 11 80 16 33 13 64 6 12 18 63 5 12 19 50 10 27 8 10 4 37 17 32 0 96 14 58 3 87
14 88 4 54 9 73 12 75 0 32 16 81 11 23 6 97 8 81 15 41 7 57 13 84 17 71 3 73 2 59 18 58 1 12 19 64 5 71 10 48
14 25 5 94 9 45 15 82 3 53 0 19 12 80 6 27 2 90 7 81 17 32 1 51 4 21 11 8 18 58 19 35 10 46 16 53 8 41 13 89
6 51 9 17 19 3 13 4 17 70 8 67 11 30 14 99 4 37 12 71 2 77 1 34 10 8 7 50 5 70 15 34 16 80 3 30 0 71 18 65
15 3 6 63 12 53 1 7 8 31 13 38 2 12 11 68 9 27 18 32 10 54 5 34 16 47 4 55 19 6 3 12 14 49 17 24 7 50 0 45
2 21 12 10 5 78 14 37 3 30 16 55 18 80 8 49 6 60 13 84 19 79 0 42 9 52 11 89 17 73 7 96 15 86 10 92 4 57 1 58
6 8 3 19 2 63 12 66 10 51 18 58 14 91 4 40 16 54 1 42 17 20 11 77 7 22 0 84 19 76 9 95 13 31 15 51 8 91 5 14
15 48 6 68 18 91 5 43 16 18 9 70 19 31 0 11 10 86 7 53 8 47 3 69 11 90 17 33 2 33 12 29 13 32 4 84 1 94 14 17
