50 20
6 96 18 94 5 52 7 29 3 21 9 71 10 26 19 19 14 55 8 92 0 84 12 30 1 34 2 48 15 90 13 75 16 24 11 66 17 91 4 1
17 88 13 41 10 71 16 31 1 19 15 73 5 62 9 94 4 47 8 10 11 29 2 9 3 11 12 91 18 7 14 99 6 79 19 18 7 31 0 93
17 69 16 51 2 42 10 26 18 16 6 51 8 54 12 83 7 3 0 1 5 9 11 22 3 52 15 96 9 30 19 44 14 40 4 86 13 20 1 36
15 86 18 63 19 6 14 6 0 3 16 46 8 53 6 25 3 18 5 88 12 17 2 22 7 21 4 27 9 86 13 34 11 58 1 77 10 87 17 40
12 21 18 63 9 71 4 41 16 35 14 71 6 51 3 58 2 28 17 20 1 8 10 40 13 22 19 23 8 1 15 73 11 7 7 46 5 29 0 84
5 7 1 57 13 99 6 45 9 52 0 34 10 34 11 82 16 4 18 18 7 71 15 97 4 67 14 29 12 8 2 61 17 48 8 37 19 39 3 94
17 92 1 6 13 57 15 47 3 99 7 91 0 82 18 17 8 4 6 94 10 92 2 38 12 58 4 20 14 59 9 3 5 82 11 93 16 73 19 52
0 51 17 80 15 9 16 95 18 64 12 93 11 74 14 77 6 87 2 24 13 34 5 63 10 81 4 77 1 1 7 16 3 63 19 26 8 57 9 45
8 45 0 31 9 93 13 85 5 28 12 50 17 38 14 43 4 5 11 59 7 38 3 24 19 40 18 20 1 75 10 19 15 88 2 2 16 53 6 43
6 70 4 66 2 60 17 54 13 69 8 42 12 22 16 9 3 79 0 94 19 46 5 94 18 5 1 13 10 22 11 69 14 3 7 40 9 10 15 29
6 87 13 81 14 24 8 49 11 59 17 73 12 22 1 83 19 38 15 21 4 73 16 48 9 86 0 86 2 53 10 4 5 10 18 4 3 76 7 42
12 59 5 5 9 74 7 7 17 13 3 13 6 44 14 83 13 37 1 15 18 97 19 65 0 64 10 18 2 99 4 50 11 16 8 84 15 98 16 4
2 98 11 79 17 50 0 86 13 96 4 50 10 53 3 70 14 79 1 20 6 76 12 50 8 72 19 59 5 57 16 49 18 50 9 9 15 84 7 71
1 21 6 67 7 15 16 21 4 55 8 96 14 30 18 31 17 93 9 34 13 78 11 22 5 67 0 75 12 78 15 84 10 6 3 16 2 63 19 22
16 89 4 53 7 7 3 25 15 6 18 93 11 72 1 97 19 27 10 72 0 90 6 2 5 97 8 89 12 39 14 97 13 95 2 68 9 79 17 51
9 61 3 91 18 91 7 25 11 35 1 44 0 70 8 51 14 72 5 20 12 27 6 30 4 39 15 93 16 36 2 69 17 27 19 22 13 87 10 43
17 91 13 56 10 46 4 20 12 8 7 80 16 48 9 30 2 67 3 33 5 77 6 55 19 63 8 35 15 64 11 89 18 26 0 32 1 54 14 20
4 81 13 81 14 25 9 20 3 55 1 25 6 18 0 39 17 17 19 46 12 74 2 90 18 4 8 90 16 73 11 44 10 8 7 80 5 14 15 89
5 13 10 21 11 51 13 57 14 65 4 9 19 66 17 24 1 27 8 3 3 57 18 59 2 22 16 51 9 35 15 36 12 37 6 51 7 29 0 60
19 92 17 19 1 55 9 11 2 92 11 55 10 52 8 44 18 81 0 79 13 75 5 27 15 46 6 13 14 10 4 51 3 18 16 31 12 93 7 26
4 35 6 87 3 93 14 32 8 87 5 88 12 87 7 65 2 24 13 27 10 27 9 34 15 4 11 74 0 62 18 54 16 4 17 67 1 80 19 86
14 8 16 29 5 8 3 11 13 41 12 32 1 93 17 26 11 41 15 7 7 15 9 14 8 52 2 15 19 48 6 82 18 45 0 17 4 10 10 37
14 44 6 56 10 56 19 61 17 72 16 27 2 94 1 64 7 2 18 9 12 81 13 19 11 60 4 26 5 73 3 42 9 69 8 15 15 54 0 94
18 49 9 49 6 90 17 85 11 34 10 9 16 31 3 92 13 53 5 86 8 14 0 93 2 42 19 54 14 96 12 38 7 20 15 88 4 37 1 55
11 48 12 96 1 5 14 18 13 82 18 44 16 53 8 49 0 99 17 93 5 62 7 67 15 11 9 74 4 25 10 97 19 86 3 67 2 39 6 48
14 80 15 66 5 14 12 50 6 62 13 66 10 25 11 43 16 29 1 55 2 60 4 50 19 18 7 50 17 1 8 62 3 88 9 95 18 84 0 18
15 12 14 12 6 80 8 67 19 97 10 18 7 20 4 64 3 74 0 32 9 66 17 5 11 96 5 39 1 20 2 99 12 75 18 38 13 90 16 75
9 76 16 49 18 43 1 50 14 56 6 8 2 40 10 58 12 86 19 3 3 4 13 47 0 80 5 78 7 93 15 84 11 5 17 87 4 82 8 6
17 57 3 33 9 34 19 2 7 86 11 95 13 3 8 5 1 71 14 37 18 39 6 4 2 26 12 24 4 14 0 19 16 15 10 39 15 19 5 33
0 20 4 75 7 84 10 15 17 35 5 74 12 29 9 73 2 13 16 62 6 86 14 4 3 70 8 54 13 84 11 64 1 31 19 66 15 77 18 66
6 40 7 10 10 9 11 42 9 51 17 99 16 1 3 32 4 23 12 4 14 42 18 88 19 42 8 25 15 61 2 86 1 93 5 3 0 17 13 46
15 22 10 67 11 32 2 77 14 68 16 26 0 48 7 45 17 55 12 15 13 5 8 74 5 3 4 92 1 12 3 38 19 5 18 23 6 83 9 24
16 58 13 64 2 11 6 8 17 86 0 51 11 70 8 11 9 82 3 68 12 60 14 34 4 42 7 5 19 94 5 96 18 91 1 24 10 55 15 7
17 60 12 67 18 86 1 83 4 92 14 73 7 15 8 23 2 6 15 23 5 61 16 97 3 49 10 14 9 87 6 50 0 12 11 36 19 89 13 38
1 93 10 29 18 58 8 97 13 38 15 69 17 44 2 5 7 27 14 43 3 14 6 99 0 11 16 57 19 65 9 25 11 29 5 83 12 12 4 97
7 87 17 95 5 68 2 41 16 87 6 79 9 23 8 12 18 75 1 51 0 81 13 38 19 51 4 96 12 74 3 76 11 70 15 57 14 1 10 53
2 31 16 82 1 75 8 79 11 5 5 91 12 90 10 61 6 56 9 54 19 30 7 95 0 9 18 56 17 17 3 18 13 54 4 5 15 34 14 60
19 85 7 11 14 36 4 41 12 10 9 44 13 67 5 26 6 39 3 33 16 41 15 46 8 76 11 3 0 23 2 37 10 77 1 57 17 12 18 63
5 24 14 55 7 52 2 22 3 88 13 19 0 5 9 86 18 23 17 72 16 8 19 9 10 38 15 88 6 3 12 99 11 97 4 18 1 92 8 36
0 9 12 99 2 99 10 23 13 14 9 91 5 41 8 8 14 82 15 41 4 2 17 22 19 52 7 77 16 66 6 99 1 71 11 67 18 35 3 12
8 70 6 19 13 10 10 45 3 90 7 37 4 24 5 52 2 43 0 4 16 33 15 41 9 59 17 34 1 31 18 1 19 36 11 50 14 62 12 87
12 30 0 17 2 65 19 99 8 72 5 85 9 88 14 42 7 85 4 57 15 24 1 45 18 7 6 57 17 75 13 28 11 75 3 69 16 33 10 75
16 60 18 85 7 12 10 75 2 93 9 14 17 64 1 69 4 30 5 20 15 65 19 14 6 59 3 75 14 69 11 50 13 72 8 37 0 32 12 89
19 27 4 22 2 60 9 88 17 94 3 34 6 80 18 77 5 54 8 4 16 35 14 3 10 86 12 57 15 18 13 66 1 70 7 61 0 80 11 54
8 29 10 61 4 15 9 96 16 34 5 6 0 60 11 73 3 33 15 85 19 80 13 9 2 9 14 40 1 77 18 54 12 20 7 29 17 87 6 55
1 99 5 84 2 74 6 86 4 3 18 59 3 87 0 60 17 72 14 49 13 45 10 43 15 11 7 90 19 52 9 3 11 30 8 94 12 44 16 51
9 32 3 20 2 5 13 38 8 59 10 59 7 56 4 98 11 93 17 38 12 91 1 28 14 92 5 1 15 64 6 15 19 81 18 8 16 7 0 63
15 61 14 6 11 58 6 51 9 75 5 83 10 43 7 60 12 52 8 8 2 58 19 4 0 91 16 62 3 26 1 34 18 32 17 30 4 33 13 17
9 84 11 8 19 20 17 39 0 12 1 94 8 14 14 90 12 90 15 86 3 14 18 27 10 4 16 86 13 17 2 58 7 32 5 30 4 60 6 26
11 10 10 94 6 8 9 7 7 3 8 79 5 41 17 28 3 47 16 51 15 16 19 29 18 97 13 2 2 18 4 29 0 7 14 4 12 4 1 17
