50 20
12 77 6 46 5 89 1 68 13 22 3 33 4 99 2 3 18 15 16 50 11 64 14 40 0 3 9 80 10 8 17 99 7 75 15 78 8 27 19 55
0 99 18 94 7 23 3 50 10 70 16 6 14 11 13 89 6 10 11 95 15 57 8 88 12 6 17 72 1 55 4 27 19 26 5 34 2 30 9 94
8 68 15 27 16 46 14 82 11 55 6 15 10 71 13 93 0 99 4 32 7 8 2 88 18 3 19 95 9 36 5 89 3 25 17 92 1 7 12 75
7 41 17 6 10 86 0 94 4 81 14 83 12 2 1 99 8 82 16 47 5 90 19 24 3 19 6 38 15 7 9 53 18 46 11 69 13 64 2 82
18 92 8 75 10 2 3 5 17 88 12 31 0 53 11 64 16 31 7 91 15 79 9 1 4 86 6 68 2 8 5 92 1 77 19 31 14 53 13 86
11 78 10 69 2 41 19 91 5 81 8 68 0 60 7 9 15 45 3 81 17 77 13 76 4 46 1 87 14 50 18 21 16 61 9 96 6 1 12 65
1 5 8 74 2 48 11 36 6 16 9 60 3 17 13 55 4 90 19 71 18 89 14 93 17 90 15 44 7 86 0 84 16 44 12 52 10 47 5 43
5 38 8 1 12 13 2 62 13 77 6 21 18 20 9 81 0 81 10 72 19 64 11 38 7 13 14 22 15 39 1 44 16 30 17 4 4 9 3 78
15 17 8 75 0 8 10 99 9 2 11 51 19 95 17 61 18 75 16 51 14 58 7 10 3 16 4 89 1 15 5 16 6 79 2 6 13 2 12 16
2 14 12 76 6 10 0 7 13 7 5 67 9 90 17 42 11 74 8 43 16 65 1 87 14 13 3 88 19 54 10 8 4 4 18 40 15 32 7 45
16 42 9 15 8 64 7 87 11 8 17 91 1 38 3 14 18 99 10 93 15 89 2 54 4 66 13 49 0 38 12 8 14 28 6 56 19 70 5 99
7 29 1 9 18 56 3 51 9 43 4 35 10 7 8 85 15 41 11 47 16 58 14 48 6 96 12 74 2 25 17 41 5 13 13 80 19 35 0 27
3 99 17 29 19 83 10 38 7 16 1 16 16 52 4 20 15 36 13 70 12 30 18 84 11 15 2 26 14 31 8 26 5 81 6 84 9 41 0 65
2 31 17 95 19 92 11 58 3 48 9 43 12 19 13 73 0 71 4 41 14 10 6 59 16 75 15 76 18 57 10 27 8 28 7 77 5 21 1 15
15 45 16 90 18 5 2 78 0 91 7 24 12 60 4 56 5 58 14 30 17 15 19 18 13 60 11 45 10 70 8 11 6 34 1 62 9 33 3 68
16 40 10 99 19 99 3 54 6 12 15 95 1 23 9 23 4 29 8 81 0 32 13 26 7 19 18 90 2 31 11 13 5 3 17 69 14 72 12 25
15 50 3 51 8 40 10 47 6 52 14 58 0 10 9 1 17 37 16 51 18 53 2 61 7 73 19 5 13 65 4 93 1 10 11 16 12 88 5 56
16 16 5 64 13 87 18 28 7 4 4 53 19 20 14 55 9 75 1 7 10 98 8 41 2 11 0 20 15 11 12 5 11 99 17 88 6 90 3 58
10 98 7 30 11 77 9 69 12 60 14 58 3 78 0 12 17 69 15 81 2 75 4 86 6 53 1 19 13 48 8 88 16 19 18 37 5 41 19 64
16 21 4 85 2 90 13 55 1 39 5 59 6 54 7 96 15 95 11 73 17 28 0 48 8 57 3 45 9 92 19 97 10 69 14 23 12 32 18 80
1 68 17 28 12 42 15 38 16 50 2 86 10 92 0 84 8 19 13 84 4 72 19 12 11 69 5 3 7 88 3 17 14 91 6 17 18 52 9 30
7 14 12 90 0 22 2 46 11 15 3 34 15 80 9 42 17 20 14 68 13 13 10 58 6 87 16 67 1 5 4 19 8 71 18 46 5 63 19 55
11 2 7 47 0 40 15 1 1 75 2 88 9 86 4 67 3 25 8 70 13 64 18 77 5 64 14 86 10 69 12 61 16 68 6 3 19 21 17 50
19 24 6 3 0 92 3 5 2 31 12 40 11 94 14 29 5 74 15 56 9 68 1 17 7 41 10 29 13 32 8 85 16 29 17 4 4 98 18 37
6 22 8 71 7 18 11 98 12 63 5 72 10 7 18 3 16 79 15 52 19 34 9 64 0 31 3 56 1 99 14 7 2 21 4 33 17 5 13 31
8 1 5 37 6 39 14 43 12 83 1 27 16 28 9 13 2 71 3 38 19 38 15 6 7 4 0 11 10 64 11 28 18 78 4 1 13 74 17 89
5 12 4 57 19 15 14 86 2 61 10 65 9 76 16 11 18 95 13 97 1 58 12 9 17 80 7 62 8 96 11 6 0 1 3 85 6 18 15 74
9 58 3 67 8 88 15 80 4 75 11 35 5 36 17 16 14 25 0 40 16 40 18 53 13 87 10 77 2 99 7 2 12 20 6 84 1 15 19 62
2 39 14 89 16 31 4 90 12 35 9 11 10 13 18 61 17 96 15 54 3 48 19 66 8 46 5 27 13 50 6 57 0 25 11 30 1 91 7 57
3 95 19 33 15 84 14 28 16 64 6 24 1 43 4 46 17 4 0 84 11 97 2 1 12 84 18 89 8 63 10 8 13 82 7 19 5 71 9 71
6 85 4 33 2 23 8 67 17 68 9 45 7 6 1 92 10 58 5 23 12 94 13 70 15 32 3 82 11 67 19 42 0 35 16 92 14 56 18 4
6 77 8 36 19 98 18 23 1 88 7 47 3 47 17 44 13 26 2 8 5 77 12 79 16 81 10 89 15 70 9 88 11 77 14 61 4 73 0 22
9 2 18 45 17 71 15 48 4 20 1 79 13 80 16 41 11 44 12 48 14 14 19 10 3 59 8 93 10 49 2 6 6 13 7 97 5 68 0 48
4 28 2 85 5 88 19 75 3 48 17 73 14 26 9 5 8 12 10 4 13 44 12 16 18 63 7 33 1 45 11 86 16 40 15 63 0 17 6 44
5 88 4 77 8 25 6 3 12 27 3 61 16 35 17 45 2 97 13 22 14 49 7 59 9 82 15 4 0 47 10 64 19 89 18 27 11 3 1 67
18 58 15 57 9 6 14 93 10 42 16 66 8 14 13 8 4 69 5 75 2 41 19 44 0 53 12 76 7 71 11 1 6 14 1 51 3 18 17 37
1 2 14 53 15 96 18 14 13 43 5 7 8 24 17 43 4 90 7 31 10 23 12 70 19 78 9 21 2 67 6 11 0 50 3 81 11 93 16 58
18 65 0 17 2 23 5 20 11 9 12 72 19 89 7 1 13 40 6 91 9 84 17 98 10 11 3 27 8 43 4 4 14 54 15 2 16 10 1 89
14 81 17 96 2 11 5 54 16 36 18 49 12 7 4 25 13 75 9 14 6 43 7 81 8 87 1 3 19 61 0 54 10 14 3 16 15 82 11 51
19 87 11 18 4 29 6 57 15 20 13 85 14 9 10 24 5 95 7 59 1 59 3 19 8 69 16 54 2 53 0 91 17 63 18 3 9 26 12 28
1 2 16 87 13 24 3 85 18 83 2 35 10 81 8 69 6 6 9 55 0 23 4 77 19 94 7 8 17 39 11 93 14 74 15 5 12 96 5 20
3 22 6 24 12 93 18 76 15 24 17 33 14 31 2 11 0 45 19 24 9 35 7 45 16 86 5 54 4 25 11 12 10 90 8 68 13 60 1 23
9 21 19 40 8 24 15 88 17 27 11 44 10 89 1 58 14 2 18 63 12 41 5 27 3 37 7 21 16 44 13 19 6 31 0 8 2 33 4 36
17 65 2 44 7 37 0 89 9 56 3 23 16 92 5 9 19 22 13 29 8 64 11 95 14 7 1 40 4 94 10 74 15 78 6 22 12 84 18 43
12 41 11 63 2 16 7 18 1 29 4 1 6 51 3 98 0 65 18 81 16 67 5 91 9 29 17 7 15 97 13 88 19 27 14 45 8 20 10 16
19 51 13 77 10 9 17 88 6 8 1 45 5 82 9 8 0 49 14 39 4 27 15 11 8 62 3 16 11 2 16 84 2 99 18 97 7 29 12 12
5 18 8 37 11 3 7 85 6 15 18 66 13 43 19 55 17 55 10 25 15 72 16 42 3 2 4 67 9 74 2 74 12 45 0 85 14 47 1 35
15 78 11 22 1 19 7 77 14 73 13 46 12 72 16 25 9 66 0 23 8 70 10 73 4 12 6 77 5 57 3 43 18 97 19 93 2 4 17 97
17 82 2 86 1 31 13 51 3 30 16 11 10 81 19 57 14 36 6 38 0 15 18 68 12 70 7 89 4 11 15 9 8 44 11 91 5 4 9 78
3 40 19 8 8 84 7 95 4 41 17 96 18 20 2 61 15 68 16 53 11 68 0 85 5 99 13 92 10 51 1 51 12 34 14 81 9 90 6 93
