50 20
13 79 17 94 3 37 2 64 4 67 12 61 5 50 0 13 9 64 6 77 10 40 19 66 14 9 7 20 18 40 15 82 16 85 1 10 8 56 11 1
10 27 0 87 11 25 1 66 16 66 6 48 7 51 17 23 18 20 5 35 19 44 4 50 8 2 2 78 13 92 9 20 3 43 14 39 12 25 15 91
13 75 4 32 5 34 14 93 0 1 17 11 11 57 10 66 8 83 19 62 18 8 12 19 1 25 3 20 9 92 6 46 2 69 7 53 16 42 15 97
8 91 3 64 7 75 10 84 16 68 2 86 19 91 14 38 15 41 13 56 5 96 11 34 1 33 0 26 17 48 4 6 6 75 18 30 12 3 9 46
15 74 10 54 8 54 1 20 9 24 16 77 0 56 6 79 19 55 7 11 5 87 11 24 17 56 3 56 2 58 14 68 4 47 18 18 13 69 12 41
17 22 8 45 15 77 4 92 19 17 6 34 9 49 2 72 10 45 1 49 13 23 0 94 5 91 14 79 12 28 18 97 16 69 7 8 3 36 11 12
6 84 7 85 11 87 13 91 14 17 12 95 19 13 8 2 3 13 9 6 17 58 16 21 4 41 10 21 0 57 15 94 2 76 1 17 5 23 18 15
8 78 19 2 11 92 2 44 14 97 12 11 0 56 7 52 1 81 5 41 10 92 13 98 3 89 9 99 17 68 4 92 6 86 15 23 18 79 16 63
18 61 0 9 8 76 10 26 4 28 11 63 14 62 12 26 6 24 16 29 3 87 1 7 13 28 5 50 2 36 17 32 9 38 15 97 7 35 19 55
3 8 9 58 10 92 17 25 8 25 18 23 12 34 16 32 13 44 14 59 11 3 15 27 1 49 2 68 19 50 6 78 4 61 5 81 0 1 7 2
15 14 14 10 19 1 18 18 7 18 2 5 4 95 10 60 12 4 8 28 1 95 6 34 11 64 13 67 0 14 16 15 17 63 9 78 3 44 5 75
4 14 5 9 7 88 11 9 18 56 6 15 1 29 17 9 10 76 0 68 3 9 12 84 2 86 8 99 19 29 15 19 14 67 16 98 9 61 13 77
18 77 3 97 13 30 17 4 15 26 2 83 12 60 10 8 19 72 4 30 16 42 6 85 8 79 9 4 0 44 1 36 14 81 7 90 5 20 11 62
14 35 19 43 7 2 18 79 11 67 3 42 16 92 8 31 15 89 0 40 17 8 4 41 1 38 10 50 5 33 12 94 6 20 9 12 13 30 2 8
14 40 0 48 2 54 4 31 13 86 17 29 8 98 7 67 11 31 18 17 6 77 10 31 15 44 1 94 5 30 3 40 19 34 16 95 12 83 9 57
12 58 1 94 6 67 8 54 19 13 14 66 11 20 16 56 7 8 9 68 10 15 13 44 17 17 0 36 2 27 15 33 4 84 3 16 5 11 18 29
5 88 0 79 12 61 7 2 4 56 8 88 1 45 14 70 18 2 13 19 3 78 16 90 6 33 19 33 10 68 15 13 2 47 9 93 11 75 17 52
18 13 10 12 19 29 4 19 9 45 8 37 1 47 5 47 13 47 11 11 7 46 2 90 0 61 15 15 3 98 16 84 12 23 17 14 6 13 14 55
4 79 9 9 10 91 14 23 0 50 11 92 1 64 2 91 5 37 12 25 18 5 6 54 16 27 17 58 15 21 19 6 3 34 8 71 7 56 13 52
6 14 12 66 0 6 10 89 5 28 1 52 19 69 4 96 14 66 9 10 11 28 17 43 8 41 16 74 15 27 18 28 3 66 7 62 13 15 2 90
16 18 14 6 5 17 7 82 15 21 9 50 0 27 1 99 4 66 2 15 17 75 13 64 19 22 18 88 10 16 6 86 12 60 8 74 11 17 3 4
18 72 11 13 0 27 5 4 3 25 14 57 15 8 7 37 4 17 19 47 2 89 8 66 16 8 1 8 17 17 12 90 13 78 9 11 6 67 10 50
19 19 2 71 1 48 9 2 6 84 0 63 12 42 10 98 17 30 13 8 15 11 3 90 8 42 18 32 14 6 7 26 4 77 11 22 5 23 16 47
11 13 1 98 13 34 7 51 6 67 5 15 10 6 19 74 3 70 15 96 12 8 17 24 8 47 0 20 18 54 4 65 16 7 9 18 2 87 14 72
11 90 4 88 8 71 1 72 12 60 7 6 19 84 16 9 6 71 13 7 18 44 5 12 17 54 3 23 2 9 9 45 14 45 15 99 10 11 0 31
15 49 8 58 5 64 17 57 12 21 19 63 3 62 1 8 2 21 14 29 0 64 16 68 11 76 6 98 9 57 13 91 4 14 10 19 7 26 18 17
8 24 10 49 19 66 16 79 11 81 18 83 0 14 5 50 4 22 1 49 3 51 17 43 9 58 13 86 2 57 14 11 6 71 15 41 7 63 12 34
18 59 8 81 1 76 16 18 10 39 11 55 9 30 0 92 14 28 17 8 12 66 7 96 4 49 15 73 5 40 3 44 19 16 6 85 13 95 2 88
0 34 8 40 14 80 13 13 1 15 9 70 12 24 3 50 11 37 19 80 16 19 7 43 15 50 6 95 4 24 2 67 10 4 18 62 5 1 17 48
14 47 10 87 16 14 19 68 18 56 3 71 7 47 11 97 4 59 13 96 8 49 15 25 6 25 12 12 5 12 1 43 17 84 9 38 0 28 2 9
5 96 19 69 18 56 17 29 13 47 16 21 1 56 12 61 0 12 6 39 14 16 2 56 8 67 15 48 9 2 4 62 3 94 10 21 7 96 11 40
1 21 14 1 18 69 19 4 13 17 10 63 4 87 11 79 6 28 8 65 5 76 2 96 0 77 15 95 9 62 7 25 16 88 3 81 12 96 17 84
5 90 4 57 19 94 3 68 1 55 12 88 6 21 18 62 2 99 7 91 17 37 0 52 10 11 16 62 13 9 11 18 9 20 8 6 15 77 14 93
10 59 9 45 8 61 7 97 6 97 12 98 18 5 2 81 14 6 11 46 0 48 19 52 15 12 1 91 17 95 16 21 5 32 3 56 13 97 4 57
5 62 15 25 14 23 8 30 6 21 3 35 11 18 16 74 17 6 0 70 19 66 12 63 7 18 4 23 9 37 2 91 18 97 13 38 1 56 10 3
17 32 2 17 12 71 19 5 1 73 0 37 9 7 4 50 8 50 7 33 11 82 10 7 16 66 6 65 13 60 14 47 3 5 15 22 5 29 18 22
9 49 8 25 0 60 16 48 2 67 11 83 12 59 6 96 7 1 3 75 4 22 14 64 19 8 1 34 13 50 10 84 18 30 15 24 5 30 17 93
15 83 4 64 19 51 16 6 0 83 2 20 14 97 12 8 8 29 9 87 6 30 3 2 1 30 13 21 5 34 11 71 7 37 10 7 18 74 17 78
16 16 11 76 9 68 6 1 13 58 8 52 2 1 5 34 17 31 4 16 19 70 3 95 18 11 7 77 1 40 15 76 12 16 0 13 10 75 14 6
9 1 15 52 4 37 17 7 1 17 7 3 14 37 13 45 5 13 18 15 2 99 8 3 6 44 0 22 12 99 11 53 19 14 10 31 16 35 3 56
8 85 9 12 17 60 14 32 2 13 15 85 7 17 1 39 10 24 3 9 4 38 12 93 18 62 11 53 16 53 19 61 6 96 0 91 5 66 13 51
10 38 3 84 15 77 5 58 7 76 14 84 4 65 18 63 12 3 17 87 11 7 6 60 8 67 19 86 9 5 2 50 0 80 1 46 16 24 13 29
1 5 4 36 11 31 5 19 15 47 7 50 8 72 0 56 3 28 13 25 6 21 19 39 17 85 2 25 16 64 14 27 18 24 9 82 10 25 12 23
8 48 2 31 5 85 16 75 18 1 7 85 17 94 19 94 11 9 0 68 10 33 4 87 6 11 15 67 12 58 9 13 13 49 14 78 3 3 1 66
2 67 7 63 0 67 19 32 4 69 15 68 11 7 8 75 6 1 18 93 5 62 13 94 3 4 10 17 1 81 9 18 17 62 12 50 16 92 14 27
12 99 19 10 2 31 18 50 10 31 15 90 4 51 9 79 5 11 3 57 0 60 1 32 13 56 16 90 8 21 11 5 6 55 14 75 17 8 7 49
12 26 7 67 17 12 0 2 5 63 14 79 1 49 6 69 19 48 2 14 11 70 3 93 9 42 18 68 16 86 4 14 15 26 8 52 13 59 10 97
0 81 16 55 15 70 13 97 19 61 1 60 7 42 18 7 12 15 6 49 10 31 5 48 3 68 11 30 4 21 17 37 2 30 9 1 14 63 8 64
10 14 17 37 18 85 3 20 1 24 19 47 8 10 2 70 5 90 11 56 9 27 7 86 16 84 14 72 12 33 13 70 15 90 6 27 4 28 0 30
6 70 19 42 4 65 5 55 7 15 11 19 8 14 3 44 1 54 14 52 2 86 18 88 15 59 9 13 12 16 16 52 0 88 13 40 10 95 17 21
