50 20
1 95 10 28 9 20 2 34 14 41 11 38 18 75 6 95 4 9 12 62 17 5 19 86 13 80 8 75 15 97 7 21 5 41 16 81 0 60 3 76
3 60 14 80 16 13 10 5 4 52 7 96 19 44 18 2 15 74 8 25 9 45 17 45 12 19 13 97 1 33 2 74 0 64 5 38 11 41 6 95
6 28 13 1 15 56 0 65 9 97 8 74 10 61 17 85 16 52 2 57 7 55 4 37 5 50 18 31 11 36 14 88 1 16 19 26 3 16 12 93
19 7 17 7 14 96 6 1 5 17 11 95 10 35 18 37 7 74 0 57 3 79 9 41 12 76 4 18 15 43 2 76 13 17 1 78 8 46 16 81
16 45 18 68 4 2 8 81 17 3 6 38 14 6 12 57 5 15 1 88 3 41 15 38 10 83 7 95 9 83 19 15 13 59 2 71 11 27 0 29
0 34 12 80 5 68 6 98 8 15 10 75 17 39 3 25 16 3 18 92 19 25 9 34 1 5 2 96 14 33 4 38 11 7 15 31 7 64 13 18
4 2 15 46 2 17 5 83 14 53 6 30 13 9 0 49 8 29 19 93 7 37 10 55 12 96 16 48 18 24 3 38 17 74 11 94 9 85 1 29
5 61 12 35 2 36 18 38 9 99 10 28 11 50 13 89 6 30 7 89 16 83 19 50 14 9 4 57 1 96 8 39 17 91 15 78 3 13 0 96
2 73 8 1 12 2 10 96 19 80 15 85 0 37 14 85 11 67 6 84 4 34 16 9 9 59 7 54 3 44 17 84 1 95 5 8 18 81 13 97
11 24 3 64 10 50 12 70 16 44 17 61 2 88 1 93 7 51 6 42 13 37 19 52 5 56 9 3 8 19 0 96 14 23 18 53 15 25 4 99
7 87 0 14 13 37 15 31 8 24 19 65 1 77 9 8 12 19 4 19 3 76 16 48 18 48 14 54 5 82 6 76 11 79 17 82 10 99 2 2
17 15 9 40 13 96 1 96 6 82 4 45 2 17 14 50 15 29 7 24 0 69 19 23 8 68 18 97 11 98 12 23 3 28 10 72 16 74 5 27
19 69 1 26 17 79 2 29 14 85 6 51 4 3 7 21 18 92 3 78 15 92 10 97 9 36 13 66 5 63 12 19 8 80 0 21 16 73 11 3
14 90 19 87 13 83 0 46 12 59 2 41 11 11 18 85 3 51 7 1 10 1 17 3 16 1 5 49 1 31 4 42 15 79 9 13 6 15 8 2
5 68 7 12 15 85 4 1 19 21 3 10 8 96 0 13 13 34 18 94 16 65 1 3 10 57 12 60 9 6 6 8 17 12 14 54 2 10 11 94
15 77 8 8 10 5 17 72 12 16 5 62 18 12 3 37 14 49 11 38 16 23 2 88 9 87 19 75 0 12 7 91 6 68 13 21 1 26 4 91
19 83 12 14 2 56 10 69 13 34 7 78 1 91 15 60 3 95 18 18 16 88 4 79 8 42 14 93 9 49 5 6 0 96 11 50 17 56 6 85
0 14 9 1 5 48 19 92 1 73 8 92 11 27 2 81 10 4 15 39 18 18 16 81 14 72 12 82 17 45 4 58 3 83 6 39 13 14 7 69
4 98 12 94 19 67 8 60 10 64 7 26 18 28 6 21 17 31 1 38 14 5 2 9 3 78 16 2 9 30 11 42 0 35 13 33 5 44 15 95
10 94 17 31 7 11 15 2 8 74 2 36 13 7 11 68 5 72 6 58 14 29 18 57 19 53 12 46 9 81 0 59 1 56 4 34 3 70 16 70
15 89 9 4 5 23 4 65 19 63 0 48 12 13 17 11 2 48 14 19 7 5 16 91 6 36 10 28 1 63 18 65 13 80 8 18 11 83 3 92
5 98 7 60 14 98 17 37 19 7 16 21 15 42 3 47 0 86 18 39 2 10 1 66 9 76 13 6 4 38 12 95 10 33 6 27 8 52 11 57
5 94 19 57 0 65 8 9 18 60 17 76 10 78 4 7 16 10 11 90 7 61 1 59 9 32 3 96 6 26 14 21 12 11 13 31 15 15 2 13
10 23 5 50 19 42 8 90 4 94 11 99 0 89 16 20 13 41 1 77 18 41 6 29 17 63 15 52 2 84 7 86 9 44 14 95 12 3 3 39
19 17 15 26 14 34 10 57 6 16 12 48 13 36 0 22 3 33 9 32 18 41 4 10 2 54 16 22 5 17 11 17 1 70 8 72 7 41 17 36
12 57 17 60 16 52 19 41 4 97 1 87 18 99 14 46 6 44 7 3 13 9 5 48 3 28 10 94 9 2 0 6 11 12 15 20 8 63 2 6
14 89 10 2 18 79 3 55 11 74 7 80 19 71 8 57 1 7 17 6 16 72 13 46 5 82 9 55 6 74 15 34 0 88 4 77 2 38 12 66
18 79 7 78 1 83 14 34 19 37 10 58 2 8 6 84 12 82 13 70 11 50 3 2 16 1 17 70 0 11 8 55 5 97 9 20 15 96 4 48
6 28 13 75 15 81 10 99 3 52 5 45 9 90 19 49 17 75 11 33 16 76 12 90 14 10 7 13 0 69 18 56 8 61 2 65 4 1 1 21
17 68 0 17 11 62 10 77 8 5 12 11 5 6 15 35 4 41 1 68 16 17 6 31 19 10 13 56 7 74 14 85 3 59 2 26 18 37 9 62
2 21 15 34 7 68 18 1 3 91 16 28 12 80 8 6 6 2 5 51 11 76 13 79 4 32 14 8 0 1 1 70 10 41 17 47 19 18 9 49
17 41 11 67 7 16 14 93 16 45 10 88 4 69 19 21 9 34 13 92 6 37 5 10 2 60 8 17 15 69 18 6 12 92 0 64 1 2 3 35
19 88 6 22 13 56 11 99 3 15 15 53 14 70 2 95 16 2 18 57 5 83 1 15 10 90 9 4 8 63 17 52 12 65 4 66 7 93 0 28
6 16 15 81 2 26 18 71 8 74 7 36 0 17 12 36 16 53 1 41 10 62 4 6 3 85 9 43 5 62 13 73 19 37 11 40 14 54 17 37
13 4 2 98 4 17 10 45 15 46 3 46 9 82 19 11 18 25 8 26 7 2 12 93 16 27 5 33 14 28 11 39 0 68 6 94 17 71 1 36
10 3 14 35 17 34 4 58 7 50 19 66 13 23 12 7 6 29 16 69 2 15 11 18 18 96 9 12 0 8 8 59 15 33 1 14 3 61 5 90
13 28 5 8 15 85 11 4 9 95 4 94 12 61 6 98 0 82 2 99 17 22 10 94 8 75 16 94 19 36 18 16 1 85 14 64 3 52 7 9
13 91 0 42 11 87 15 37 14 12 16 69 4 70 5 81 18 91 3 94 9 21 17 31 6 62 10 46 12 39 1 67 19 29 7 87 2 88 8 8
16 50 12 48 9 98 10 58 15 30 6 95 13 15 2 4 19 54 17 33 7 52 0 85 8 34 18 48 14 70 1 57 5 12 11 91 3 44 4 46
17 68 19 14 12 82 4 14 10 77 18 65 11 99 3 43 0 1 1 8 7 20 15 71 13 71 8 50 9 57 16 71 5 93 14 54 6 72 2 54
0 80 8 90 6 32 19 24 9 36 15 33 18 56 14 85 7 54 12 84 1 28 16 46 17 72 2 23 5 38 3 63 10 44 13 18 4 56 11 11
8 67 12 21 3 40 17 95 1 63 2 35 15 43 5 35 6 1 7 20 19 92 11 48 14 25 10 28 13 91 16 14 4 31 0 62 18 1 9 9
14 25 6 36 16 33 3 37 18 89 1 52 8 65 4 21 0 62 17 62 2 51 10 46 7 53 9 57 5 12 15 13 11 44 12 68 13 77 19 66
19 38 14 49 9 72 11 3 6 26 0 46 10 9 1 63 4 8 15 94 18 20 12 42 2 36 16 7 8 38 17 95 5 44 7 2 3 54 13 90
6 21 10 65 7 93 12 99 13 81 5 32 14 9 15 87 17 6 8 9 9 13 0 50 2 33 3 40 16 16 1 69 18 78 4 80 11 52 19 98
19 18 5 86 8 96 4 49 1 65 15 26 17 58 14 52 12 70 16 60 0 36 3 72 2 96 9 66 7 95 10 55 6 84 18 1 11 5 13 73
4 3 12 66 8 62 15 67 5 50 2 42 18 2 13 52 7 91 16 72 14 10 0 81 19 8 6 94 11 62 1 59 10 94 17 53 9 41 3 27
16 5 0 12 1 6 5 17 10 72 3 13 15 83 6 79 14 55 13 97 18 38 8 57 17 73 4 52 9 77 7 23 11 32 12 54 2 25 19 74
19 79 18 75 10 19 0 83 12 76 7 53 15 77 2 90 9 24 4 77 17 69 3 25 1 23 16 17 8 41 11 72 14 27 5 94 6 2 13 25
7 33 17 20 19 63 2 8 14 80 3 54 8 18 5 30 9 41 11 3 6 26 18 78 1 16 10 26 0 29 13 50 16 51 12 44 15 58 4 93
