50 20
3 54 8 74 0 1 18 44 9 2 19 96 13 87 10 31 12 31 4 12 7 78 1 26 14 34 16 6 5 78 15 92 6 1 11 65 2 53 17 20
3 33 7 32 6 26 11 84 8 46 10 34 4 63 19 36 15 24 16 30 18 13 17 1 9 67 0 90 12 28 2 61 13 84 1 42 5 51 14 93
11 23 12 2 0 42 3 85 2 26 15 17 4 93 13 98 1 4 8 15 10 39 19 23 14 58 6 46 5 90 18 52 16 64 17 17 9 49 7 72
0 16 19 96 18 51 6 58 2 3 5 63 14 75 12 53 3 99 17 66 1 15 4 74 13 65 16 59 7 89 11 45 15 23 10 93 9 91 8 44
1 34 19 13 16 8 5 73 13 30 9 46 14 56 3 53 4 8 6 43 0 17 18 3 8 45 11 12 10 49 7 51 15 58 2 41 17 93 12 42
13 22 4 56 15 80 14 25 18 35 2 75 10 91 7 66 5 80 11 18 0 94 12 39 17 76 19 17 3 36 1 4 6 19 8 37 16 90 9 94
12 90 3 42 1 9 9 62 16 61 2 35 17 73 15 79 6 36 4 85 13 82 5 2 8 33 11 43 18 75 7 23 14 5 0 63 19 87 10 90
9 94 4 1 0 75 5 21 6 26 10 89 13 93 15 28 12 80 1 62 3 86 11 62 16 76 7 60 19 15 17 52 2 32 14 37 18 12 8 56
11 4 0 85 18 62 3 74 4 77 5 69 14 33 8 23 6 20 19 49 1 34 15 31 12 91 2 35 10 63 16 65 13 37 17 68 7 52 9 33
3 24 8 95 4 85 16 24 19 41 2 66 1 92 10 17 11 96 15 94 18 76 6 41 7 5 17 6 14 31 13 44 0 80 5 63 9 18 12 61
11 97 15 90 7 94 3 57 10 49 1 16 9 93 12 4 2 28 19 48 16 44 0 69 17 28 13 47 6 93 14 9 8 17 18 85 5 8 4 13
9 90 7 92 13 29 5 54 18 59 10 50 0 77 11 32 6 57 17 75 8 41 19 30 1 60 15 2 2 16 12 92 16 81 4 90 14 26 3 71
9 91 15 44 13 52 4 98 10 85 19 63 12 47 5 8 7 76 2 15 17 42 1 37 14 12 18 56 8 47 6 14 11 95 3 52 16 48 0 99
9 5 8 98 16 20 3 47 19 83 0 77 4 97 11 42 6 19 5 98 2 27 17 42 1 93 18 92 14 57 7 38 12 85 10 59 13 85 15 15
11 62 4 49 14 53 0 41 18 95 1 17 10 81 8 62 12 20 15 53 9 81 6 98 2 22 19 17 13 69 5 57 17 65 16 9 3 13 7 93
11 38 14 93 19 67 9 89 17 31 0 12 5 55 7 40 3 12 13 3 1 97 12 41 18 14 16 55 4 47 6 63 10 16 15 51 2 13 8 61
10 12 9 69 3 65 6 49 12 27 14 10 5 92 0 8 4 22 1 30 16 54 15 39 8 21 18 95 7 83 13 79 17 98 2 51 19 35 11 74
7 55 0 31 16 64 8 12 5 67 10 5 13 88 17 29 9 5 3 13 2 50 12 43 18 93 11 38 14 97 15 39 1 6 4 49 19 16 6 64
11 46 6 27 3 6 12 29 17 50 7 56 9 56 13 71 19 52 5 29 0 41 10 84 16 33 4 74 14 12 8 80 2 41 15 49 18 28 1 71
9 44 19 2 2 3 6 64 16 41 12 45 14 94 13 24 18 6 0 64 7 13 8 90 1 99 10 90 17 91 3 42 11 71 15 59 5 59 4 11
13 2 12 77 7 85 16 48 18 64 0 85 11 7 15 83 14 2 4 71 10 21 6 50 9 70 5 53 17 77 3 83 2 20 1 17 8 57 19 7
0 19 19 94 3 26 1 87 16 36 4 81 17 67 15 95 6 26 2 48 11 95 13 96 10 83 9 13 5 49 8 59 14 52 12 18 7 80 18 49
14 72 0 64 1 9 12 34 11 63 4 32 17 38 10 73 5 12 19 4 7 18 13 42 3 93 16 20 18 53 8 71 6 98 9 57 2 74 15 22
11 70 13 9 14 90 5 55 18 57 9 9 0 90 19 64 2 59 3 16 17 22 12 16 4 37 8 17 7 6 1 56 6 64 15 1 10 99 16 4
8 46 11 61 10 42 19 67 18 10 1 52 4 49 13 17 7 90 0 30 5 89 15 4 14 61 2 86 17 60 3 13 9 52 16 92 6 13 12 25
16 48 13 85 5 58 14 50 0 44 8 16 4 18 15 3 3 54 10 46 18 17 6 48 19 74 12 38 1 24 7 57 2 60 9 85 17 18 11 74
4 66 1 23 19 25 3 34 13 17 14 63 6 2 8 61 10 17 11 66 16 40 0 8 15 86 5 89 9 37 18 58 7 98 12 57 17 58 2 55
16 71 10 62 3 78 13 32 11 53 2 90 12 90 5 43 8 11 9 73 0 80 14 20 4 95 6 4 18 60 19 30 15 71 7 8 1 57 17 17
4 12 5 85 10 43 1 91 3 78 0 33 14 70 12 28 11 90 7 99 9 55 13 73 8 97 19 94 17 82 15 37 6 30 16 94 18 92 2 47
4 24 18 54 17 15 16 64 13 98 12 19 9 67 5 81 3 1 10 96 0 32 2 77 11 58 15 48 7 21 14 81 19 3 8 97 6 6 1 82
13 71 11 63 10 11 5 71 6 68 0 8 7 54 4 9 19 38 2 51 8 22 1 72 12 78 17 66 14 59 3 2 18 15 15 77 9 14 16 74
11 23 5 27 18 26 16 55 4 5 3 15 15 67 14 97 17 86 10 3 2 68 8 92 1 1 9 55 0 12 19 49 6 18 13 74 12 98 7 70
8 15 9 37 2 12 13 37 12 33 18 65 19 94 10 29 7 1 15 19 11 78 14 58 6 93 17 69 1 88 0 38 16 61 5 35 3 54 4 12
13 9 9 73 10 92 12 82 5 27 6 50 0 15 8 24 15 64 16 9 14 8 3 28 19 39 17 41 2 62 4 2 18 26 7 33 11 3 1 52
17 18 8 58 0 71 12 95 3 4 14 95 19 77 4 17 10 7 15 70 13 65 5 73 11 22 6 53 9 95 18 83 7 17 16 72 1 26 2 85
7 53 9 85 1 35 0 62 14 12 13 17 10 65 5 6 17 80 4 6 12 66 3 37 18 30 8 45 16 71 19 31 15 2 2 61 6 10 11 66
6 25 13 51 14 64 10 70 0 65 7 28 1 6 9 45 12 61 15 77 17 7 4 28 16 24 8 67 3 73 5 68 18 88 2 13 11 77 19 64
0 82 14 7 18 9 10 23 5 4 19 72 3 80 2 43 16 8 1 82 6 80 11 85 17 52 13 20 7 59 4 1 15 46 12 51 8 11 9 81
9 34 0 54 14 93 10 46 5 37 17 58 16 9 13 42 12 25 7 89 11 46 15 27 1 56 8 95 4 63 6 79 3 30 19 21 2 20 18 37
1 92 16 91 7 83 0 67 19 48 13 50 2 50 8 85 18 59 17 17 10 60 6 96 11 90 14 40 4 28 15 13 12 15 9 19 3 61 5 94
18 80 7 64 4 84 6 52 9 37 14 57 2 27 16 48 5 81 11 6 0 96 12 52 1 76 8 76 15 21 17 17 3 2 19 41 10 53 13 9
3 90 14 1 9 98 12 96 10 92 0 63 17 64 4 18 5 90 16 58 8 80 11 57 19 46 13 63 6 77 18 44 15 63 7 50 2 67 1 72
19 19 7 39 5 41 9 91 16 24 12 53 17 44 0 58 6 12 1 23 10 9 11 71 13 92 2 33 8 41 4 82 14 52 15 82 3 63 18 1
14 14 16 51 12 65 13 28 4 24 19 71 2 43 11 62 18 63 3 84 0 13 17 37 8 98 5 62 15 4 1 12 6 70 7 50 10 34 9 25
12 59 5 53 4 5 7 33 10 68 17 25 15 66 14 87 6 64 0 71 3 61 8 91 1 74 13 73 16 44 18 89 9 67 2 4 19 87 11 1
12 52 15 24 4 31 5 40 17 10 7 20 19 69 8 95 14 19 6 14 11 87 0 29 2 47 18 15 16 6 3 15 1 71 10 55 13 13 9 48
18 32 19 21 15 94 6 35 4 58 13 27 16 27 5 18 2 62 1 41 3 48 14 23 7 55 10 53 11 39 17 50 9 99 8 45 12 96 0 5
3 67 9 83 5 56 16 8 7 33 4 55 17 7 0 34 13 28 10 39 8 64 18 12 19 92 1 19 12 42 14 91 2 31 15 68 6 12 11 33
5 72 9 34 18 54 12 90 16 79 3 14 11 59 17 22 15 84 19 8 8 21 4 8 6 79 1 70 14 56 0 15 7 35 10 92 13 77 2 38
18 8 15 29 2 44 6 46 12 39 5 15 4 23 7 23 8 53 1 35 3 91 0 28 11 50 16 15 14 59 13 60 17 5 9 84 10 7 19 99
