50 20
11 76 17 82 3 6 5 35 6 21 4 63 0 2 1 61 13 37 8 34 18 95 9 79 10 14 15 44 2 80 16 46 19 24 7 5 12 82 14 90
1 26 8 2 9 19 6 43 4 33 16 49 10 96 3 99 14 90 17 90 18 1 11 79 13 36 0 52 5 31 19 64 15 27 7 58 2 69 12 71
3 81 14 38 2 19 1 27 15 75 18 67 16 92 7 9 8 92 4 21 0 22 9 86 5 48 10 28 13 6 11 98 17 55 19 16 6 22 12 63
2 31 17 30 16 74 1 47 13 28 14 90 8 53 0 80 19 93 12 76 15 74 4 65 9 68 11 19 18 4 3 16 10 78 6 81 5 61 7 40
10 24 17 35 9 21 4 91 11 70 7 35 5 65 18 38 14 53 1 81 19 72 3 21 16 57 8 94 2 46 13 70 12 77 0 59 6 98 15 1
10 36 18 41 5 53 1 16 9 56 8 30 15 13 0 64 7 70 14 99 17 49 13 18 12 1 19 42 3 73 11 46 16 99 6 39 2 10 4 85
19 78 4 41 2 27 1 99 12 71 0 54 16 4 3 52 10 71 13 59 6 87 17 63 15 95 18 99 5 89 7 31 14 63 8 95 11 45 9 60
18 54 16 39 8 75 11 50 14 65 13 90 0 4 5 70 7 34 15 19 19 94 10 11 12 90 2 13 6 83 1 48 9 36 3 87 4 55 17 68
5 42 6 11 2 96 4 92 16 41 15 55 1 54 3 48 7 17 10 28 8 72 0 83 11 62 14 69 13 11 18 56 9 96 19 72 17 91 12 43
12 50 6 45 17 41 8 71 5 75 2 81 10 13 19 6 16 25 11 68 18 13 1 59 13 64 7 1 9 4 0 86 3 28 14 45 15 52 4 9
9 50 6 81 15 79 16 47 8 96 14 35 0 34 11 87 7 3 5 8 19 20 18 80 17 80 4 41 10 72 2 69 1 62 13 95 12 40 3 5
13 51 10 32 16 59 7 44 11 66 4 5 8 93 6 71 2 96 0 75 15 45 14 29 17 81 3 78 5 35 9 64 19 42 12 68 18 56 1 12
17 2 3 24 18 54 19 41 4 42 15 24 13 45 5 96 10 52 1 30 6 10 8 40 9 75 2 12 14 98 7 39 0 64 12 77 16 13 11 62
15 37 11 87 17 17 8 92 18 48 1 86 3 77 2 75 10 9 13 13 0 97 6 97 7 57 9 73 4 41 19 74 14 68 16 63 5 90 12 69
0 75 11 49 4 4 19 51 1 93 16 45 6 19 2 59 14 81 10 32 7 88 15 49 17 38 13 89 3 54 18 4 9 2 8 20 12 98 5 79
16 69 4 15 19 30 13 92 12 26 15 84 6 11 1 80 3 72 2 4 10 17 14 86 8 57 5 14 17 98 11 10 0 57 18 54 7 89 9 49
8 39 17 12 6 95 7 80 10 43 13 78 9 32 18 35 4 56 0 32 2 57 11 33 5 17 15 49 16 26 1 93 19 76 14 77 3 58 12 52
6 80 4 28 12 14 1 12 18 10 16 4 10 90 11 92 2 82 0 15 7 10 9 34 8 69 3 49 5 37 13 52 17 27 19 29 15 14 14 7
19 15 7 46 14 1 9 45 3 51 11 70 2 77 17 14 4 51 16 52 6 78 0 82 15 21 18 3 10 51 12 44 13 83 1 7 5 19 8 40
11 21 3 83 17 73 18 6 0 23 15 90 12 80 9 47 5 51 7 8 16 47 6 33 14 35 8 81 19 64 13 82 4 16 10 5 2 97 1 81
1 60 2 38 8 16 0 64 5 34 6 11 10 16 12 65 17 80 15 76 18 8 11 24 3 65 16 80 9 13 13 20 7 34 19 24 14 46 4 76
8 74 19 79 14 28 5 67 2 82 13 83 6 36 16 3 11 26 9 51 7 21 4 14 17 5 3 47 18 50 1 6 15 22 0 26 12 23 10 61
11 25 13 40 15 45 16 45 7 62 10 43 5 20 4 75 2 76 17 75 14 29 9 76 19 58 18 23 3 12 6 74 12 47 1 1 0 33 8 47
17 98 4 41 15 33 0 85 3 3 9 69 11 32 12 44 10 87 16 70 1 44 14 52 13 33 6 60 2 60 7 8 8 33 19 68 18 5 5 85
13 59 17 93 8 27 7 72 4 69 14 31 15 37 16 48 0 37 19 10 6 14 5 2 1 3 12 46 10 44 18 3 3 35 11 61 2 54 9 77
6 17 2 25 3 55 8 95 12 52 18 55 4 4 7 50 0 54 19 53 1 62 17 29 5 78 11 11 13 70 14 23 15 44 9 56 10 95 16 82
9 87 13 73 3 22 17 95 1 87 0 27 18 1 14 85 16 6 8 22 7 64 2 31 11 86 19 16 12 65 10 41 15 85 5 59 6 74 4 50
12 40 18 52 3 19 16 91 11 53 19 64 5 72 0 44 6 51 7 35 17 91 8 7 13 95 4 82 14 87 9 3 10 22 15 83 2 62 1 25
17 32 14 59 6 41 18 7 15 47 7 64 3 81 11 2 9 14 12 9 8 44 2 11 10 86 0 96 19 27 13 24 16 64 5 66 4 11 1 15
7 26 1 52 8 77 0 40 9 44 18 90 2 3 3 35 5 92 12 73 4 87 10 25 11 28 13 6 14 9 17 3 16 3 15 42 6 14 19 45
6 71 12 67 14 54 7 11 4 83 0 27 9 96 17 65 2 10 16 83 5 58 18 58 11 36 1 5 19 40 13 94 15 65 3 63 10 55 8 77
5 50 7 7 3 53 12 77 18 6 6 18 14 2 0 66 16 38 17 25 15 3 11 77 13 9 19 49 10 57 9 96 4 34 2 7 1 36 8 5
14 1 1 35 15 93 17 95 6 25 2 94 18 89 7 84 0 76 13 33 3 54 9 32 16 42 5 28 8 48 11 75 12 25 10 70 19 45 4 64
13 55 14 36 16 6 9 72 4 58 8 73 17 1 1 67 6 66 18 23 10 42 5 40 19 39 0 61 12 76 11 52 7 70 15 36 3 95 2 12
2 30 7 51 6 19 10 49 19 13 12 69 18 87 17 72 16 82 9 86 5 2 1 44 4 11 3 65 8 70 0 11 14 72 15 4 13 5 11 59
7 39 15 24 17 37 1 16 0 79 16 9 14 56 4 9 5 2 12 38 3 28 9 25 10 45 8 99 18 47 11 38 6 13 19 18 2 27 13 47
10 7 11 25 5 91 9 13 7 27 4 35 14 42 19 16 3 73 16 8 12 46 17 50 1 62 2 87 0 88 13 6 18 39 6 68 15 51 8 78
6 16 0 69 8 8 1 5 17 11 3 33 11 66 9 25 5 43 14 67 4 77 7 49 19 27 15 54 12 74 2 89 13 87 16 68 10 75 18 27
2 85 5 89 14 17 10 21 19 73 4 6 6 65 8 82 12 30 1 52 18 77 7 99 17 79 0 52 15 1 16 35 11 21 9 49 3 5 13 61
11 61 1 28 13 46 0 57 19 39 14 75 6 61 4 36 18 12 10 12 3 46 9 79 16 62 5 96 15 15 7 98 2 65 12 87 17 45 8 64
6 73 8 45 1 61 19 38 0 17 9 14 4 28 3 16 18 23 17 19 7 58 10 93 15 26 2 97 14 34 12 23 13 22 11 30 5 20 16 56
15 13 14 81 1 17 11 68 17 37 5 64 10 90 6 15 9 21 12 9 3 22 18 33 8 9 13 34 0 26 2 64 4 37 7 64 16 34 19 99
18 72 12 9 16 96 9 72 3 38 4 14 5 96 1 25 17 44 7 46 11 98 14 26 15 84 6 86 0 2 8 41 13 67 2 86 19 61 10 37
10 48 3 68 0 7 11 88 16 95 13 79 17 20 9 11 5 47 6 55 7 35 19 38 18 9 14 61 1 46 2 65 8 84 15 99 4 35 12 18
18 66 7 94 0 92 4 91 17 41 19 90 5 66 15 70 16 17 1 25 14 99 3 47 12 25 11 63 2 9 9 83 13 21 10 68 8 25 6 45
18 1 15 11 8 72 5 35 12 41 9 81 13 69 10 52 4 76 16 42 7 89 1 40 19 7 0 29 6 28 3 29 14 61 17 94 11 64 2 59
9 46 13 89 11 35 7 6 16 4 18 63 5 89 3 83 4 10 14 83 17 74 6 52 19 61 0 70 2 86 8 59 15 18 10 39 1 14 12 59
15 3 5 12 14 31 1 3 18 18 8 55 12 34 7 16 13 52 11 84 4 70 0 49 2 10 3 95 9 82 16 58 6 83 17 30 19 21 10 21
10 30 4 99 19 40 5 74 16 69 6 8 9 61 12 32 3 57 15 87 2 81 13 38 0 2 11 66 18 12 17 61 1 65 14 26 8 24 7 61
13 36 1 98 9 94 15 6 7 48 17 70 8 2 2 61 16 3 3 10 0 91 11 63 4 85 6 76 18 81 19 35 5 2 14 81 10 34 12 28
