50 20
11 11 7 65 5 33 19 73 9 98 13 75 14 46 15 83 16 29 8 72 4 53 18 53 12 69 1 16 0 9 3 1 10 70 2 22 6 77 17 51
19 90 9 13 1 15 15 6 18 82 2 41 8 80 12 1 11 67 6 66 3 68 0 55 17 75 10 95 7 34 5 28 13 57 14 20 16 1 4 12
10 47 2 91 11 2 13 75 18 29 15 53 1 21 7 14 6 97 9 69 14 77 16 79 3 21 19 83 5 35 4 44 17 68 8 97 0 28 12 22
6 43 8 55 14 73 17 9 18 71 3 26 11 26 2 84 0 34 15 71 19 69 7 87 13 77 9 79 5 2 16 70 12 77 1 98 4 82 10 67
10 76 8 46 6 83 9 76 5 14 17 31 13 26 7 47 0 13 11 1 19 68 4 7 1 31 2 39 15 37 16 62 14 80 3 30 12 39 18 87
9 70 13 89 8 5 12 28 1 59 0 6 2 11 16 43 10 59 3 70 17 58 5 39 19 51 7 84 18 54 6 54 14 34 15 24 4 29 11 39
19 55 5 15 14 34 15 37 1 27 0 2 2 70 16 30 9 87 11 61 13 6 3 69 7 44 18 26 8 51 6 49 12 75 17 28 4 17 10 99
11 73 18 79 17 79 0 82 5 31 7 65 1 80 6 36 14 72 13 21 2 40 8 11 16 23 4 38 12 51 10 99 3 14 9 16 15 87 19 45
13 20 18 72 5 37 14 7 15 36 1 21 12 92 3 55 0 23 4 55 8 70 6 53 19 92 9 49 11 62 7 1 16 23 17 23 2 84 10 70
19 45 6 51 18 46 16 4 17 84 12 2 0 86 13 29 4 47 11 62 10 96 5 99 3 4 15 41 7 21 2 92 9 76 8 63 14 29 1 9
0 74 2 85 13 37 15 98 1 42 14 71 3 10 10 9 11 32 7 72 8 22 18 17 12 89 4 89 17 54 5 25 16 37 19 57 9 8 6 75
12 69 11 58 4 39 6 17 19 52 15 2 9 57 0 50 1 35 14 81 13 66 5 31 8 94 7 90 16 34 17 86 10 33 3 66 18 45 2 2
13 6 8 65 17 40 15 65 14 64 16 78 2 5 12 77 3 3 5 51 18 68 11 88 0 22 4 85 6 72 1 90 10 57 9 27 7 72 19 69
12 4 9 12 4 36 6 31 14 86 11 74 7 76 5 16 2 44 16 97 19 67 10 44 13 62 3 15 18 80 1 80 15 26 0 69 17 16 8 89
2 15 1 7 6 20 10 11 18 82 8 27 12 78 15 72 4 54 0 94 3 10 9 25 13 17 7 8 19 4 16 43 11 20 14 50 5 74 17 20
11 74 6 82 4 63 7 53 2 11 15 26 12 81 8 76 5 48 9 82 19 86 17 43 10 1 3 8 1 38 18 15 13 11 14 64 16 35 0 36
5 64 10 78 16 40 18 57 7 22 17 42 8 99 6 77 15 16 19 84 2 71 1 6 12 91 13 35 14 93 4 7 9 40 0 31 11 19 3 14
11 28 19 46 9 4 8 86 7 83 2 44 0 19 17 55 5 75 14 75 12 26 16 12 6 66 10 57 18 43 3 96 15 57 1 37 4 44 13 30
6 36 3 19 11 33 5 26 7 3 17 13 12 55 2 95 0 31 9 97 13 71 16 1 1 57 18 95 8 51 15 21 14 66 4 6 10 27 19 39
13 32 12 68 1 85 14 69 10 51 16 55 5 76 17 84 11 81 4 50 15 98 3 37 6 71 2 50 7 27 8 88 0 93 18 88 19 84 9 19
2 21 16 63 18 30 11 8 7 27 15 33 19 31 9 7 1 30 13 99 3 40 10 25 5 30 0 5 12 6 8 19 17 74 14 74 6 16 4 30
13 49 9 84 2 55 7 16 16 75 12 14 18 61 14 75 4 68 17 56 3 36 11 19 5 78 10 16 19 75 1 47 0 43 6 94 15 14 8 78
7 55 8 38 10 1 2 25 1 43 6 10 13 44 16 59 17 53 11 94 14 18 4 48 3 81 19 1 0 78 12 20 18 40 9 31 5 92 15 27
5 52 16 88 14 84 12 20 0 61 15 13 17 10 1 23 11 58 8 87 4 97 6 22 10 55 18 30 7 58 2 98 13 19 3 39 19 58 9 37
11 28 8 9 4 5 17 6 0 74 14 34 7 65 18 46 6 44 1 49 2 77 9 80 5 98 16 23 10 15 19 6 3 33 13 91 12 36 15 40
14 89 0 93 2 23 9 88 11 3 13 11 4 54 5 54 8 7 12 99 1 19 17 61 18 73 6 46 7 20 15 37 10 13 19 85 3 14 16 67
6 67 4 22 18 62 10 85 8 65 12 96 11 2 17 18 5 98 3 21 13 20 7 56 0 76 19 4 1 75 14 81 2 94 15 40 16 52 9 30
16 18 7 94 6 75 18 7 10 29 9 8 15 51 4 5 19 45 2 15 0 95 8 37 17 67 11 2 1 92 14 41 5 11 13 25 12 43 3 21
4 30 18 88 17 75 2 91 7 25 15 32 16 78 11 69 8 37 14 72 12 20 5 96 19 25 6 87 9 43 10 38 0 12 1 86 13 39 3 55
5 92 7 66 15 1 8 52 6 48 11 75 9 52 10 50 16 6 1 22 14 51 0 60 3 69 4 37 18 25 12 92 2 2 17 1 13 9 19 98
6 23 0 71 5 4 3 55 2 36 12 68 18 64 9 81 16 34 19 32 15 71 11 72 10 37 17 94 8 60 7 47 4 4 13 94 1 73 14 32
4 34 14 20 13 88 12 63 3 52 10 96 18 49 19 18 11 62 9 16 1 92 8 38 5 4 0 93 17 2 15 14 7 60 6 78 16 89 2 24
18 74 3 85 15 35 2 41 0 47 14 80 10 35 11 60 6 20 13 11 1 2 16 59 19 81 8 65 4 12 7 50 5 97 12 96 9 34 17 90
10 96 6 49 4 72 15 51 12 34 16 85 11 87 14 67 5 44 8 42 2 32 18 62 3 25 0 71 9 75 13 28 7 62 17 60 1 55 19 9
18 79 6 92 3 91 16 89 4 54 19 54 9 35 8 78 5 25 0 68 1 84 2 48 17 79 10 37 13 77 11 69 15 12 12 93 14 49 7 80
9 13 4 49 16 2 2 61 8 57 1 79 6 25 10 25 13 45 7 83 11 49 17 53 12 89 0 2 19 26 18 48 5 27 15 81 14 49 3 89
5 6 13 26 10 76 15 75 4 2 7 56 1 82 9 29 0 60 3 78 14 60 19 63 18 61 17 70 6 56 11 64 2 99 12 15 8 60 16 60
11 39 8 33 0 52 2 65 18 54 1 54 17 84 5 33 13 47 10 19 15 58 4 77 14 6 6 96 3 15 9 72 19 52 12 85 16 64 7 27
9 63 4 53 18 71 16 65 8 45 13 18 19 33 1 47 6 76 5 57 3 83 14 50 15 49 2 38 0 42 12 41 7 89 17 47 11 91 10 1
14 57 6 94 19 59 15 38 0 29 1 27 5 11 8 23 4 76 16 62 9 23 7 27 17 56 10 24 2 83 12 24 18 19 13 93 3 41 11 30
19 17 6 54 11 22 12 82 0 38 7 13 2 46 9 53 4 83 1 75 18 75 16 70 5 17 13 60 14 12 15 33 3 3 8 8 10 64 17 35
10 38 13 76 9 59 16 81 14 48 4 53 11 9 17 28 2 45 8 71 12 61 6 16 7 85 18 93 5 89 3 53 0 31 1 9 15 33 19 13
5 84 18 39 16 41 14 35 9 15 2 84 8 44 13 19 19 33 0 65 3 18 7 48 15 30 1 24 12 76 4 83 6 17 11 38 17 18 10 32
4 36 12 91 16 43 2 90 18 79 7 33 9 98 11 78 6 29 19 8 8 27 10 56 0 75 13 66 5 32 14 93 3 81 17 74 1 90 15 9
1 38 2 41 6 50 17 24 5 6 15 10 0 20 18 41 10 92 19 6 3 92 11 42 8 45 13 49 16 73 7 36 4 56 9 39 12 74 14 18
2 45 13 47 18 47 16 17 8 78 14 82 10 46 11 54 12 97 15 46 4 44 3 28 1 18 7 40 5 12 6 41 19 39 0 98 17 8 9 65
7 65 10 44 4 52 14 85 11 7 9 51 12 9 0 82 2 22 16 6 1 91 15 77 17 66 3 81 19 8 8 27 6 69 18 93 13 11 5 36
5 6 4 81 13 41 16 16 2 43 17 98 6 38 3 96 11 8 1 25 15 65 9 47 7 64 8 99 19 47 12 27 18 45 14 76 0 65 10 11
18 99 17 35 6 32 19 69 2 60 1 53 8 87 15 74 7 20 5 62 12 71 14 71 4 20 10 43 16 95 0 1 3 30 13 51 9 9 11 59
7 14 19 62 18 64 8 65 4 23 12 74 0 95 17 43 2 67 9 97 11 55 13 93 10 67 14 50 15 10 6 44 16 54 3 51 1 39 5 3
