50 20
2 15 4 51 11 57 6 60 5 38 7 72 17 56 19 64 13 90 15 5 3 2 1 39 12 74 16 41 8 21 10 50 18 52 0 11 14 58 9 40
14 67 17 47 18 14 3 61 2 54 8 92 0 24 16 92 6 52 5 3 7 14 12 41 19 80 11 71 1 77 10 44 15 57 9 34 4 23 13 52
1 41 0 71 6 89 2 60 7 54 8 72 15 91 14 29 13 30 19 69 18 37 17 62 10 83 3 67 12 45 4 41 9 1 16 61 11 12 5 10
1 93 14 11 7 89 11 91 9 20 19 99 3 13 12 85 13 29 10 92 2 59 15 52 17 85 4 48 16 58 5 97 6 94 0 34 18 98 8 43
14 63 4 91 1 38 7 97 5 67 2 83 10 14 17 81 16 3 13 3 15 58 8 19 6 89 9 81 19 46 18 7 0 99 11 26 3 48 12 33
1 13 4 26 12 72 3 95 10 94 9 63 16 24 14 29 7 72 17 92 13 81 18 48 0 46 2 7 11 92 15 85 19 60 5 44 8 35 6 95
1 4 5 30 9 68 17 49 14 8 4 38 18 3 6 71 19 75 16 75 0 8 8 13 3 76 2 43 7 64 15 35 11 64 12 92 13 89 10 79
0 69 19 87 1 74 11 10 16 3 10 33 17 47 6 73 7 63 4 67 8 99 2 20 14 49 18 69 9 45 12 39 15 93 3 51 13 58 5 89
10 87 19 51 2 86 0 98 6 55 5 76 16 65 9 18 7 33 8 2 11 29 15 79 1 93 4 57 12 21 13 88 17 11 14 16 3 3 18 88
9 63 0 44 11 70 7 52 15 61 5 29 1 6 6 1 10 57 18 26 17 22 8 1 16 29 12 62 19 20 4 14 14 65 3 39 13 72 2 90
11 84 15 49 0 75 19 52 13 63 7 58 17 39 9 89 12 21 8 79 4 13 6 64 3 53 16 31 18 85 14 33 5 26 1 75 10 76 2 73
12 74 17 10 1 60 6 35 0 50 5 91 13 59 4 70 7 77 11 79 18 84 15 21 19 46 9 39 10 22 8 83 3 97 16 26 14 90 2 13
16 98 9 78 0 71 7 94 10 18 1 7 18 86 4 81 5 87 12 70 8 86 19 63 17 82 6 71 11 74 3 11 14 19 15 81 2 42 13 70
2 85 13 69 17 80 0 93 1 8 3 70 12 5 4 74 14 78 18 29 7 75 5 61 19 85 9 32 15 13 8 42 11 41 6 24 10 67 16 99
14 45 19 96 17 38 18 49 11 17 0 14 10 67 7 25 12 32 13 12 15 25 1 93 9 36 8 82 16 21 5 9 2 20 6 35 3 76 4 8
13 58 4 1 16 90 17 18 0 58 7 60 6 19 19 57 11 35 12 82 3 25 10 28 9 52 8 73 14 62 5 93 1 64 15 44 18 29 2 2
4 53 2 74 19 67 17 27 16 91 8 34 7 23 1 5 12 66 5 29 11 58 9 43 3 48 14 32 15 68 10 42 0 81 13 95 6 56 18 73
2 43 8 6 3 14 4 11 0 99 15 13 9 64 10 87 13 50 5 29 16 34 12 42 11 87 1 27 6 90 18 99 7 34 17 49 19 93 14 48
19 24 10 72 1 17 14 97 9 74 5 44 17 49 6 6 8 9 3 91 12 12 0 94 18 82 15 8 7 3 11 47 16 3 2 60 13 23 4 31
0 86 2 69 6 80 9 4 11 85 14 48 10 71 16 67 13 37 17 25 3 52 19 91 15 1 4 16 1 9 18 53 12 69 5 69 8 35 7 93
18 68 7 75 3 48 9 97 6 50 2 7 0 27 1 82 10 49 15 42 19 14 14 57 12 19 4 68 13 20 17 59 8 43 16 48 5 91 11 68
17 44 19 58 1 75 11 73 18 24 13 37 16 89 6 56 8 48 7 49 2 52 0 77 3 48 14 93 15 65 12 23 4 60 10 57 9 60 5 97
13 69 15 84 6 4 12 94 18 59 5 72 16 38 9 68 1 41 0 94 17 14 14 44 8 38 11 54 19 57 7 55 3 73 4 66 2 34 10 21
16 92 4 95 19 99 5 40 2 15 14 2 9 5 12 69 6 55 18 83 1 77 11 50 0 8 15 51 7 11 8 77 13 28 17 31 3 3 10 19
0 98 17 23 18 2 15 31 10 98 14 34 3 48 5 17 4 39 13 70 16 60 2 53 6 94 8 41 19 81 7 77 11 56 12 51 1 55 9 39
18 37 19 1 12 51 17 77 16 39 4 64 2 48 6 26 8 98 14 72 3 62 9 4 13 82 10 31 15 80 7 89 0 38 11 48 1 59 5 33
16 21 12 80 4 51 19 76 0 24 5 57 1 2 3 2 10 76 11 25 14 23 7 14 13 37 17 33 15 51 6 55 2 21 8 43 9 5 18 93
7 7 2 21 4 37 11 86 8 59 19 58 5 68 9 71 10 45 0 24 13 20 3 36 6 46 14 38 15 16 18 64 16 6 1 86 12 49 17 80
16 45 19 10 10 19 1 57 8 35 5 42 14 55 6 97 18 32 15 47 4 97 12 12 0 97 9 29 7 26 17 79 11 74 13 49 3 69 2 80
19 98 5 77 8 64 0 73 18 64 12 88 16 62 9 64 7 11 6 41 15 80 10 68 3 6 17 90 1 52 13 22 11 57 14 64 4 8 2 65
15 35 6 16 9 64 11 56 1 16 19 72 12 65 18 15 14 88 5 38 17 43 8 5 10 56 13 38 3 51 16 6 7 93 2 24 0 28 4 70
14 15 9 49 8 72 2 94 5 59 4 24 15 87 16 52 12 67 13 51 19 28 6 20 17 48 11 11 10 84 1 78 18 53 0 26 3 93 7 93
3 52 0 19 12 49 9 2 13 96 2 72 4 28 10 41 11 19 18 8 7 99 17 62 1 33 16 94 19 53 15 39 8 55 6 41 5 46 14 97
18 5 1 84 17 71 6 88 12 50 3 31 11 4 0 87 14 83 9 16 8 91 10 31 2 28 15 52 19 62 16 27 4 61 13 39 5 82 7 58
9 34 4 35 12 4 18 14 7 11 13 6 8 88 3 9 0 77 15 80 10 53 17 98 5 34 19 85 16 7 6 96 11 74 2 15 1 11 14 27
1 61 9 44 4 31 5 25 7 46 11 64 17 19 2 12 18 94 19 66 10 86 8 49 16 70 15 96 3 44 14 77 6 76 13 60 0 17 12 8
15 64 10 18 0 61 3 61 16 21 4 61 6 20 1 59 8 56 11 55 5 42 17 10 7 57 12 64 13 25 18 23 19 98 9 94 2 87 14 8
19 46 6 30 5 81 18 77 15 7 17 84 10 49 0 13 4 61 13 73 12 7 1 83 2 2 14 32 9 61 16 76 3 36 11 77 8 69 7 84
14 68 5 1 4 51 10 64 18 41 6 73 11 57 1 97 2 14 0 2 13 9 8 38 19 47 3 62 9 93 15 79 12 84 7 20 17 37 16 47
9 77 8 46 7 79 2 20 1 94 16 74 3 46 5 75 14 25 11 14 17 95 10 33 18 8 4 72 19 75 0 72 12 33 15 52 13 80 6 50
7 98 16 15 17 93 13 14 2 16 6 92 14 74 3 43 8 73 11 56 12 65 5 57 1 12 10 36 9 44 18 53 19 40 15 27 0 83 4 76
6 63 8 5 10 42 16 61 19 38 17 47 18 20 1 85 3 6 12 43 7 9 13 40 2 19 4 50 11 88 5 87 14 41 15 73 9 70 0 77
15 97 19 59 0 92 17 97 7 75 9 64 14 49 11 42 10 39 13 95 18 16 2 60 16 91 4 15 3 93 1 24 12 74 8 5 5 16 6 78
6 77 0 89 5 9 4 54 19 27 12 62 11 8 17 13 13 81 1 84 8 54 14 61 3 26 18 44 9 26 15 37 16 53 7 35 10 3 2 4
18 42 17 77 0 43 2 65 19 66 7 77 14 63 5 62 12 79 4 29 16 73 13 74 10 59 3 30 1 5 9 58 8 33 6 50 15 78 11 38
17 33 1 5 5 63 2 76 19 1 9 65 4 6 14 95 6 84 7 98 16 98 12 24 8 46 15 87 10 87 13 41 3 3 18 45 11 43 0 43
2 96 7 87 4 13 18 1 11 74 13 69 16 71 14 75 9 33 19 76 0 31 15 63 10 32 5 27 17 66 8 19 6 4 1 94 12 85 3 76
10 53 7 26 3 47 15 16 14 5 16 41 1 59 12 35 11 94 17 45 4 69 9 26 13 65 2 74 8 92 6 53 0 57 19 72 5 93 18 84
9 85 14 85 19 64 15 10 16 46 1 82 11 68 17 32 2 83 6 18 13 74 12 88 5 2 3 61 10 5 18 62 4 72 7 94 8 86 0 16
5 13 14 52 9 53 0 25 11 9 12 97 7 98 17 91 6 54 8 3 2 21 13 18 19 49 18 83 15 72 10 63 1 58 16 15 4 68 3 5
