50 20
11 27 5 98 9 7 15 85 4 64 6 46 8 49 0 94 17 64 10 46 14 44 19 26 16 71 13 28 3 70 18 6 1 39 7 86 2 83 12 56
2 79 15 83 4 4 14 33 13 52 5 42 6 35 8 34 17 20 19 55 7 58 18 87 3 50 10 29 11 14 9 72 16 53 12 94 0 34 1 91
1 96 5 73 13 38 18 58 15 72 10 93 11 15 8 52 16 95 0 96 2 58 9 61 14 95 19 64 7 46 3 44 17 52 12 70 6 56 4 77
10 3 0 28 19 52 7 9 8 92 3 50 6 13 2 90 17 96 9 3 5 24 4 27 11 84 13 35 1 38 16 75 14 25 12 78 15 6 18 4
17 71 12 13 13 90 9 9 6 33 14 22 0 60 18 8 7 62 19 19 4 83 11 87 5 49 2 34 1 73 3 94 15 10 8 37 16 45 10 8
12 2 13 70 16 83 11 29 0 44 4 58 1 94 10 87 5 79 9 63 7 81 3 42 8 33 6 40 15 53 17 51 18 98 14 46 2 58 19 62
14 59 11 9 7 46 12 2 0 13 4 55 9 99 8 25 19 81 13 7 10 56 5 74 17 18 3 73 16 9 18 37 15 29 6 76 1 89 2 30
10 87 7 96 15 83 13 11 0 46 19 85 16 23 8 89 4 64 11 9 3 8 2 87 18 56 12 98 6 96 1 69 17 49 5 73 14 80 9 48
14 25 9 5 15 4 18 95 5 48 6 24 10 43 3 55 8 85 11 55 16 79 1 6 7 77 19 17 17 4 4 60 12 20 0 1 2 36 13 70
0 84 10 54 7 23 5 82 17 82 2 70 9 80 4 77 18 53 12 94 3 96 11 29 15 35 14 53 6 66 8 92 16 46 1 5 13 32 19 53
9 34 2 77 5 93 4 25 17 67 7 54 18 60 13 93 19 77 6 8 8 18 1 36 14 91 10 70 11 27 12 88 16 72 15 30 0 55 3 35
16 33 10 52 12 21 4 57 9 39 7 29 3 71 19 27 11 48 15 75 18 83 13 42 2 94 5 36 14 40 1 63 17 37 8 81 6 19 0 87
10 76 9 10 6 48 4 43 0 12 15 58 8 56 7 48 1 25 19 69 18 10 11 6 5 60 14 13 12 2 16 88 13 77 3 15 17 72 2 7
4 9 7 60 0 86 8 68 6 51 2 21 14 83 16 99 11 17 13 42 5 19 3 84 15 75 18 77 19 57 12 92 9 80 1 63 17 42 10 55
3 10 11 39 10 40 19 78 5 68 6 49 2 61 4 1 7 28 17 4 0 72 8 77 15 69 12 16 9 58 1 88 16 64 14 99 13 8 18 68
13 35 11 21 6 19 16 82 17 24 19 16 5 47 15 96 2 13 9 70 12 40 0 8 3 85 18 54 10 71 4 10 14 35 1 42 7 37 8 25
4 70 7 96 14 6 8 66 3 1 2 65 17 1 0 21 16 82 12 38 19 16 13 6 15 40 6 51 11 46 5 18 18 30 10 31 1 58 9 49
19 17 6 23 15 1 12 54 10 82 9 47 16 43 1 31 17 45 2 73 5 80 14 3 18 99 3 79 13 44 8 83 4 50 11 9 0 31 7 95
13 44 3 80 15 22 1 62 6 15 7 90 9 21 10 49 11 46 2 8 16 15 19 65 17 65 18 11 0 73 14 73 5 27 12 65 8 93 4 62
0 55 9 90 14 50 5 60 18 55 4 76 1 33 6 57 16 44 3 71 7 40 12 96 15 3 10 34 8 90 13 68 2 90 19 18 11 39 17 36
13 79 10 55 0 48 2 19 11 91 18 14 14 40 17 17 19 21 1 76 7 92 4 75 9 15 16 29 5 3 3 81 6 68 15 97 12 47 8 67
0 57 15 86 16 41 19 76 12 15 8 10 9 14 13 5 2 73 1 52 11 80 10 59 14 37 4 16 6 52 7 14 17 68 18 98 5 62 3 93
17 81 18 90 15 43 4 92 6 81 11 28 1 51 19 19 3 48 12 81 14 47 0 26 5 87 9 41 13 29 8 38 16 3 10 92 7 98 2 52
14 10 16 18 2 74 18 20 12 28 7 73 6 61 4 3 9 73 5 8 11 68 15 86 10 45 8 16 17 58 3 16 13 33 1 57 0 86 19 75
5 41 0 36 9 32 7 28 17 61 19 28 4 43 16 23 3 50 8 77 6 99 1 31 14 1 2 77 12 21 11 42 10 23 13 15 18 48 15 18
0 87 5 72 15 3 7 39 1 64 14 70 19 14 13 25 10 48 3 92 17 84 8 45 9 67 18 4 2 42 12 28 6 24 4 59 16 22 11 43
4 13 9 7 2 16 8 29 3 3 14 21 11 58 0 6 12 89 15 36 16 68 1 34 17 96 10 2 7 26 13 35 6 96 19 1 18 58 5 86
0 38 19 56 10 40 14 56 2 87 9 21 5 47 17 72 7 31 4 70 18 80 12 91 15 70 3 38 1 5 13 12 11 27 8 67 16 35 6 22
4 26 16 78 17 46 2 50 11 39 5 16 0 20 7 89 1 85 9 99 14 52 3 75 15 65 6 24 10 56 13 16 12 75 19 94 18 71 8 12
7 72 19 44 10 23 13 58 5 11 9 49 17 47 12 51 15 39 11 92 2 95 8 86 18 37 16 17 0 75 3 24 14 46 4 89 1 96 6 6
0 97 4 53 9 44 5 92 12 92 16 74 19 81 18 21 8 94 17 5 10 76 7 36 2 66 6 29 11 81 3 72 14 80 1 3 13 25 15 95
0 75 18 26 12 97 6 88 2 78 15 73 7 96 1 68 8 72 5 33 3 17 10 21 11 26 4 17 13 99 9 15 14 73 19 96 16 78 17 34
14 61 10 96 9 55 19 89 6 92 15 13 0 82 16 46 1 65 2 85 5 44 3 6 11 41 18 2 4 89 13 81 17 24 7 76 8 50 12 7
19 19 17 26 6 98 12 4 14 36 8 20 2 67 18 91 4 52 13 38 15 10 0 62 1 22 7 18 5 79 16 3 3 8 11 94 10 45 9 21
1 15 5 27 6 77 3 22 9 73 16 37 10 31 19 40 0 98 11 35 2 49 8 82 15 67 14 80 18 35 17 7 4 56 12 61 7 66 13 25
10 77 16 13 5 19 13 62 4 18 3 68 14 20 9 55 15 31 2 97 7 47 1 4 0 47 19 99 11 94 8 27 18 43 6 83 12 47 17 66
7 27 15 34 9 40 14 32 10 70 8 60 17 33 2 14 16 80 18 24 6 76 12 13 3 41 11 24 19 68 13 4 0 53 4 11 1 80 5 33
2 46 10 31 14 86 19 70 7 60 4 42 8 76 1 6 3 4 16 4 0 39 13 8 17 95 15 35 11 82 18 47 9 92 5 51 6 74 12 97
16 70 5 5 7 37 0 40 17 65 18 92 19 26 10 61 14 7 11 11 4 54 9 30 8 39 13 28 1 31 3 60 15 29 2 69 12 42 6 38
14 59 3 5 6 49 10 63 0 89 13 94 5 77 15 90 2 74 18 66 12 34 7 57 9 33 16 83 19 77 17 42 1 17 4 14 11 40 8 85
15 14 12 92 10 9 6 4 1 98 4 97 7 3 3 94 14 94 16 80 9 43 11 77 18 21 19 39 8 12 2 85 17 53 0 17 13 57 5 44
16 4 11 57 12 91 18 19 4 93 3 82 0 33 14 54 19 69 5 3 9 22 17 64 2 89 8 88 1 80 6 75 13 17 7 83 10 21 15 74
6 30 15 22 7 20 17 14 13 86 12 22 2 83 9 88 0 25 10 98 4 10 16 26 14 56 8 27 5 46 18 7 11 65 3 62 1 81 19 59
6 63 19 68 18 56 8 16 5 75 0 52 3 73 1 23 11 76 9 59 15 43 12 50 4 7 7 94 16 40 10 17 17 77 13 40 2 96 14 56
15 39 7 66 16 16 19 11 10 26 14 11 0 34 5 49 2 65 9 13 6 62 1 1 3 73 18 61 8 94 13 45 17 17 12 36 4 89 11 17
11 51 16 83 9 67 5 80 8 16 12 90 17 3 1 57 10 13 0 79 14 16 6 12 7 54 19 58 4 90 18 70 15 86 13 7 2 39 3 89
14 14 5 59 10 59 11 61 4 91 17 40 9 62 3 91 1 77 8 31 18 97 15 13 13 67 12 80 0 92 19 64 2 78 7 54 6 89 16 15
0 57 7 10 13 82 4 97 15 17 6 92 9 64 14 48 10 79 8 94 3 97 16 50 1 12 11 38 17 10 18 46 12 29 2 8 19 84 5 36
1 24 4 96 2 2 14 81 7 75 9 39 15 55 13 20 10 38 8 8 18 93 17 99 11 44 19 9 16 31 12 4 5 60 3 85 0 44 6 15
6 76 14 11 11 71 5 5 17 12 16 27 1 41 2 88 4 91 12 26 19 43 9 90 0 53 8 55 13 23 3 59 7 96 10 70 15 24 18 83
