50 20
12 70 9 71 4 66 19 20 8 26 6 19 1 11 7 55 18 93 5 78 10 5 16 46 11 15 0 54 13 14 2 44 14 28 15 21 3 85 17 5
19 58 6 73 13 69 8 3 18 23 1 56 15 50 2 70 7 61 3 65 4 84 14 34 5 6 9 78 11 57 12 63 16 45 17 61 0 81 10 69
1 29 4 30 6 15 12 83 15 2 17 4 10 24 19 36 16 99 0 91 2 6 14 1 3 3 8 91 18 67 13 73 5 19 9 87 7 20 11 15
8 17 14 15 3 19 7 17 6 91 9 45 11 62 12 53 18 19 15 56 1 75 2 21 5 34 19 13 4 30 16 18 0 93 10 1 13 43 17 4
15 90 9 26 11 97 17 93 13 60 19 64 6 84 1 67 4 43 12 97 18 97 2 8 3 30 5 34 0 23 14 16 16 1 7 98 8 70 10 73
11 42 8 61 18 69 12 14 17 71 10 80 9 77 4 93 0 18 14 28 16 62 19 21 1 67 13 71 2 97 15 16 7 20 6 54 5 68 3 23
4 67 16 96 2 34 3 18 19 19 0 11 15 90 7 7 12 38 1 70 5 72 18 79 11 21 14 9 17 6 6 88 13 96 9 9 8 95 10 47
17 73 0 35 9 96 6 32 5 10 12 45 15 63 14 20 16 89 1 17 2 51 10 41 18 22 13 67 7 28 19 89 11 85 3 50 8 2 4 66
7 56 1 19 2 99 13 58 14 64 3 86 10 89 16 56 5 34 15 41 18 15 17 67 0 82 19 93 11 89 6 20 9 88 12 52 4 59 8 84
0 32 11 18 6 8 13 55 1 37 15 89 3 58 9 79 12 59 18 18 5 42 2 42 4 16 19 38 17 60 14 34 10 10 8 6 16 21 7 66
2 96 17 97 5 10 6 71 16 59 7 21 19 94 8 13 0 98 15 23 14 95 13 69 11 71 1 92 18 60 10 53 12 96 9 16 3 62 4 90
14 11 9 45 15 14 4 84 17 7 5 31 0 92 1 92 6 56 11 31 7 96 2 80 12 51 10 75 8 31 3 30 13 56 18 34 16 10 19 52
6 90 13 87 5 97 19 46 12 18 3 24 18 5 2 38 10 19 1 92 17 86 0 61 16 57 9 81 15 52 14 75 7 1 4 55 8 17 11 28
6 57 13 50 5 44 19 93 3 84 10 37 18 95 14 40 2 62 1 60 11 94 8 81 16 76 9 28 15 3 12 64 7 65 17 92 4 16 0 73
12 15 8 33 16 39 0 79 14 45 17 79 10 95 4 75 7 64 15 8 19 93 6 58 11 26 13 92 18 44 9 52 5 94 1 36 3 6 2 8
0 28 18 24 10 44 6 23 19 13 5 90 8 64 7 25 15 33 4 74 13 11 11 5 16 32 12 63 17 29 2 53 3 8 14 79 9 63 1 2
14 74 10 95 15 73 4 49 16 15 18 33 6 14 5 64 12 39 17 29 13 59 0 76 19 52 3 66 9 56 11 66 2 18 8 91 1 26 7 63
2 3 16 14 18 30 8 72 4 60 11 76 0 47 15 96 17 85 9 79 14 23 6 30 13 91 5 66 3 84 1 19 19 83 7 8 10 57 12 19
16 7 19 89 18 14 6 31 0 92 3 45 11 56 9 75 5 16 12 66 13 47 10 71 17 3 8 13 1 71 7 46 2 6 4 60 15 7 14 55
3 99 7 72 14 34 8 55 2 63 9 83 5 18 12 95 6 69 15 70 0 67 19 22 18 53 16 18 4 43 11 18 10 66 1 43 13 16 17 58
19 15 12 31 2 31 10 85 8 65 7 49 13 17 16 48 14 10 15 63 4 22 0 9 1 81 9 64 3 58 5 32 6 13 18 89 11 11 17 84
8 33 9 81 11 20 12 42 3 42 19 21 13 3 14 49 7 36 0 47 1 99 2 81 15 23 4 65 17 5 5 21 16 4 6 86 10 3 18 54
16 22 5 68 8 20 9 92 11 19 4 38 0 80 14 83 3 13 17 76 18 24 6 85 19 69 12 71 13 39 10 10 7 49 1 27 2 81 15 13
19 91 3 72 13 98 11 66 0 21 18 69 1 86 10 97 8 52 7 34 5 69 15 55 14 54 4 60 9 60 16 21 17 12 12 12 6 18 2 98
19 28 5 11 12 22 18 2 10 25 4 43 8 92 2 68 14 63 7 78 16 56 0 50 3 74 6 49 1 27 11 33 9 19 17 80 15 34 13 21
6 78 16 34 5 71 13 42 1 39 18 62 14 32 0 32 15 60 12 38 2 4 17 73 19 95 4 8 3 68 11 45 8 22 7 18 9 41 10 37
12 37 9 77 3 29 10 64 4 61 18 96 7 47 16 56 6 84 2 96 0 97 5 61 14 42 11 65 13 41 19 50 17 97 15 61 1 70 8 98
16 41 5 6 9 59 13 78 18 10 6 14 11 57 0 57 4 2 12 25 15 71 3 50 8 40 14 68 2 15 19 32 7 68 1 11 10 16 17 35
10 74 5 40 17 43 15 61 14 67 1 2 19 43 13 8 7 13 2 31 9 84 18 51 6 73 12 38 4 55 11 68 8 15 3 88 0 40 16 89
19 41 4 56 6 28 10 88 9 58 2 88 15 8 7 11 17 21 18 10 8 95 0 78 12 50 1 32 3 26 5 55 14 53 13 13 16 49 11 18
19 2 9 89 6 49 4 19 14 81 18 58 13 10 7 43 5 12 17 95 3 49 11 17 8 85 1 43 16 4 12 3 2 80 15 37 10 38 0 71
19 95 8 26 2 15 12 98 4 3 9 16 16 53 6 13 0 6 1 62 10 67 17 30 15 91 18 87 7 82 14 69 13 62 3 75 11 34 5 70
3 15 13 69 6 93 5 80 12 94 9 52 7 79 0 68 8 54 11 14 1 85 10 95 15 82 14 16 2 87 19 2 17 56 16 43 4 21 18 60
0 68 1 33 16 38 11 6 7 39 2 89 18 25 9 4 8 88 6 23 14 66 10 28 12 77 4 91 19 91 17 10 15 7 13 8 3 11 5 61
16 32 7 15 4 53 9 91 0 93 18 7 17 42 15 76 1 4 12 24 11 10 14 88 6 31 19 41 3 28 2 21 10 77 8 51 5 57 13 56
13 50 11 48 15 74 1 25 19 93 18 98 6 91 5 64 8 72 17 25 12 29 9 5 16 69 3 32 14 5 0 15 2 53 4 40 10 51 7 13
4 81 17 9 14 54 5 89 19 2 13 18 2 89 9 44 11 61 16 48 3 4 18 22 0 91 12 69 7 67 8 4 15 13 10 29 1 55 6 13
3 74 6 86 18 29 2 22 11 88 5 75 13 59 12 5 1 62 8 53 15 11 14 98 4 29 10 60 19 87 16 24 0 45 9 92 17 13 7 33
8 76 6 53 11 68 9 54 2 33 16 26 12 40 10 41 0 41 19 1 3 4 4 72 18 82 7 41 14 54 1 53 15 93 5 63 17 72 13 22
8 24 16 48 9 39 6 33 17 31 0 98 1 68 19 83 14 75 13 77 5 77 12 2 15 66 3 23 7 49 18 77 10 8 4 92 2 80 11 87
4 88 12 8 1 95 2 66 15 54 10 70 17 25 16 98 9 88 7 89 5 16 8 48 0 9 6 13 19 52 3 56 14 73 13 61 11 60 18 9
5 65 16 66 18 96 11 21 1 62 14 59 6 82 7 61 10 98 8 91 15 58 12 2 4 7 9 15 0 73 3 63 13 2 19 10 17 15 2 52
18 69 6 21 8 6 15 6 5 42 7 77 3 14 16 11 17 20 0 34 11 59 10 51 19 97 1 88 9 22 12 80 14 21 13 87 2 25 4 81
11 34 7 67 13 93 15 34 18 24 4 31 19 41 0 32 3 13 5 20 12 54 8 24 10 79 6 13 16 46 14 8 9 47 17 42 1 58 2 96
3 88 19 21 1 79 2 31 13 85 6 67 5 91 7 10 4 84 16 76 10 13 12 43 17 36 15 79 14 4 0 21 8 45 18 62 9 79 11 16
1 14 13 53 10 93 3 75 11 65 8 5 18 92 17 69 15 32 9 67 19 45 4 89 16 15 7 85 12 9 6 40 14 13 2 79 5 90 0 40
6 29 8 43 11 33 9 49 0 56 16 4 17 26 4 99 7 43 14 88 19 51 18 13 5 7 1 91 13 17 15 44 2 14 12 72 10 50 3 51
0 22 6 48 3 43 5 73 14 51 15 46 13 23 1 44 2 46 8 33 16 75 7 73 11 55 19 10 17 95 10 26 12 7 18 17 4 89 9 7
12 37 3 65 0 62 14 60 1 62 9 71 8 3 11 28 4 85 17 44 19 56 7 29 13 37 16 63 6 11 5 27 2 84 15 9 10 15 18 6
7 73 13 80 9 52 1 67 2 53 16 2 3 97 8 24 18 93 6 10 10 11 11 83 17 84 14 31 5 90 15 83 4 15 0 43 12 51 19 2
