50 20
4 8 0 90 8 10 7 84 1 59 17 66 19 20 12 32 11 15 15 47 9 4 3 10 2 7 16 91 14 72 10 13 18 27 6 70 13 67 5 75
7 33 2 8 11 63 15 97 14 31 4 8 3 30 16 81 10 26 17 82 9 94 6 68 13 14 1 28 5 46 8 33 0 16 19 65 18 23 12 27
12 2 10 64 3 64 2 39 13 31 9 36 1 91 5 42 4 79 6 20 16 16 0 29 15 20 8 22 19 77 14 11 17 74 11 88 7 9 18 82
18 34 15 96 3 73 4 15 16 76 7 47 1 18 0 73 17 1 5 66 13 23 14 84 8 1 2 91 6 69 12 77 19 72 9 15 11 89 10 24
17 3 9 64 13 79 2 91 11 23 6 52 12 99 4 63 10 44 18 15 14 82 1 50 5 39 7 19 15 45 19 47 8 93 3 64 0 3 16 11
0 30 2 20 7 88 6 81 15 75 10 71 18 51 3 27 12 1 14 82 9 79 16 95 17 75 1 60 8 3 19 93 11 47 13 55 4 95 5 50
8 61 5 2 19 59 18 34 2 88 16 4 1 13 9 10 12 7 7 97 13 57 11 46 0 40 3 17 17 44 15 21 6 21 4 20 10 46 14 57
3 75 12 10 19 81 9 76 14 45 17 82 11 99 6 74 7 80 15 80 18 80 2 26 16 40 10 71 4 89 8 47 5 12 0 74 1 35 13 39
8 48 14 81 5 57 4 85 18 32 17 94 19 67 7 64 16 33 6 97 3 69 0 97 10 18 11 34 12 63 15 20 1 47 13 64 2 52 9 67
9 20 18 78 11 71 0 73 13 7 1 19 19 25 4 57 15 53 12 72 16 49 8 56 14 98 7 55 6 52 3 55 10 4 17 26 2 38 5 10
16 28 5 37 12 38 18 25 10 84 15 46 1 18 6 5 9 55 17 12 13 40 7 76 0 51 19 38 4 75 11 62 14 96 2 46 8 55 3 54
9 71 8 62 3 60 4 85 10 19 7 53 17 18 13 58 19 74 12 97 6 54 15 75 16 53 1 70 2 14 0 54 5 62 11 99 18 2 14 20
17 81 3 94 6 26 12 47 10 50 4 85 14 49 16 16 19 51 8 80 15 26 1 82 9 86 7 52 2 91 5 29 13 47 18 80 11 73 0 14
1 98 8 38 19 47 18 52 10 99 3 97 13 61 17 47 15 29 0 27 2 99 14 95 4 36 7 38 11 87 16 91 5 62 9 20 6 13 12 24
11 80 0 40 3 34 2 54 13 82 10 14 18 69 16 26 14 79 19 61 15 5 9 91 1 50 5 84 8 63 7 84 6 90 4 54 17 17 12 66
10 69 14 70 5 1 18 18 8 33 4 92 9 62 11 4 2 27 1 45 3 21 6 88 12 61 13 4 17 89 16 88 0 13 19 63 15 57 7 50
1 18 8 65 11 31 0 38 4 95 2 79 19 57 14 24 3 33 15 93 13 22 17 26 12 99 16 26 6 25 18 35 7 57 10 77 9 82 5 95
19 67 6 28 8 23 14 45 11 76 16 8 7 8 10 58 4 83 1 27 12 66 18 83 2 1 0 48 15 97 13 16 9 67 3 56 5 72 17 52
16 1 2 82 0 55 15 6 13 36 7 31 1 90 18 17 19 90 9 96 12 95 8 14 3 14 5 44 17 46 14 44 4 1 6 41 10 64 11 91
14 2 6 93 10 90 13 7 16 87 0 77 8 32 9 50 7 90 15 41 1 3 11 89 5 56 17 7 19 97 3 87 12 27 2 17 4 50 18 86
15 87 12 62 14 68 5 71 17 87 19 45 8 11 13 16 18 66 1 65 11 36 10 94 16 77 4 86 9 13 6 55 3 22 2 54 7 88 0 36
9 71 15 6 19 92 18 79 4 51 2 42 6 10 1 55 5 47 16 77 10 79 14 58 17 67 11 22 8 15 13 27 0 90 3 39 12 45 7 86
16 13 1 34 10 16 12 25 0 85 4 17 6 81 18 87 5 25 8 24 3 93 14 51 9 35 13 31 19 13 15 28 7 45 11 92 2 72 17 54
13 17 5 35 8 61 0 23 15 73 16 7 2 62 9 86 18 26 17 66 11 94 12 55 6 34 7 45 1 95 4 67 19 78 10 75 3 8 14 61
16 45 15 67 12 51 18 43 7 50 1 17 0 28 5 88 11 8 19 57 17 13 14 94 8 97 2 21 10 35 3 75 13 54 4 65 6 32 9 43
3 1 13 26 6 97 4 29 10 42 12 20 5 36 9 69 2 10 11 60 19 88 15 6 0 63 8 84 18 41 7 60 17 31 14 94 1 36 16 40
10 54 4 31 17 98 2 3 11 16 18 40 5 41 14 49 8 21 15 88 16 21 0 25 3 81 1 84 19 2 9 92 13 89 12 77 6 26 7 89
11 87 10 84 6 70 14 74 18 11 13 71 0 82 15 90 9 10 8 55 16 59 1 63 5 2 12 66 7 24 2 45 19 14 17 52 4 88 3 91
18 1 16 65 14 2 7 80 17 18 12 14 11 4 15 56 6 17 9 93 13 76 4 72 8 54 5 3 19 90 2 82 10 39 3 11 0 45 1 34
17 61 7 26 5 47 15 15 0 88 1 68 16 66 3 87 9 6 19 35 13 77 6 89 10 28 18 67 4 72 11 6 12 99 8 34 14 63 2 62
1 74 4 22 8 75 10 54 11 83 3 76 16 71 19 95 18 82 2 59 13 13 5 1 14 18 7 16 12 76 15 86 0 15 17 23 6 13 9 94
16 69 8 50 13 49 3 27 7 9 4 96 6 28 12 85 19 77 14 51 5 90 18 51 9 15 15 55 0 68 11 40 2 62 1 10 17 48 10 24
13 4 0 32 10 79 2 45 16 32 8 33 7 91 12 58 15 66 6 17 4 3 19 11 9 1 14 5 18 87 5 97 1 36 3 46 17 38 11 73
6 54 14 27 15 54 19 57 13 91 17 91 8 6 7 28 4 52 10 15 16 11 0 82 12 3 11 61 9 34 18 79 5 73 3 10 2 52 1 16
3 90 18 99 8 25 19 13 14 8 1 85 9 72 16 58 13 2 2 98 11 26 0 44 12 43 7 29 5 85 15 94 6 14 4 65 10 17 17 20
12 91 6 19 15 10 5 59 13 36 7 48 18 7 1 35 0 81 17 17 11 55 8 86 4 25 2 57 9 14 19 50 14 29 10 49 16 64 3 89
5 63 17 18 12 5 11 50 6 7 0 42 13 62 7 49 4 74 19 5 15 93 8 73 3 87 14 81 9 40 10 19 1 33 18 49 16 2 2 98
7 49 13 90 15 33 11 52 9 49 2 14 19 10 8 30 1 22 12 91 4 36 16 85 3 71 6 75 17 68 14 1 5 67 18 2 0 82 10 89
13 33 14 75 17 77 5 14 16 31 1 87 8 66 11 50 12 27 3 29 15 38 19 29 6 76 0 90 10 85 2 27 18 28 4 17 7 37 9 40
17 95 15 58 4 10 3 5 10 67 2 70 5 50 14 69 8 96 11 77 7 13 1 67 19 14 18 74 6 39 13 97 9 77 16 95 0 33 12 49
3 92 2 19 4 34 12 22 9 35 11 13 0 83 19 82 7 99 13 80 15 9 16 30 10 57 18 81 14 55 6 72 1 32 8 77 5 24 17 20
6 14 12 68 7 5 0 91 13 32 4 23 14 91 1 82 5 28 2 98 10 95 19 82 18 59 16 72 15 89 8 19 11 76 9 53 17 63 3 65
9 74 1 24 2 97 15 82 4 63 16 25 11 41 13 52 17 5 5 39 7 18 18 81 12 69 3 77 19 17 0 74 6 38 14 88 8 2 10 63
9 59 12 74 1 68 13 93 10 11 14 62 0 35 15 38 3 12 19 74 7 29 2 77 4 4 5 56 8 89 17 83 18 64 6 68 16 32 11 99
17 69 19 90 3 89 10 33 15 87 13 70 12 43 0 21 8 29 18 41 1 49 7 38 6 42 4 73 11 60 14 48 16 49 2 52 5 28 9 99
11 12 17 29 9 33 8 33 14 12 5 2 13 41 7 61 10 86 4 72 18 42 19 61 1 78 2 77 6 48 15 32 3 61 0 76 12 98 16 23
15 22 6 21 14 90 2 71 11 54 13 88 5 80 7 64 18 71 17 32 10 16 0 18 12 86 8 81 4 97 3 10 1 58 19 46 9 91 16 71
16 52 6 2 8 99 2 66 13 14 5 36 0 81 17 63 10 69 4 79 14 70 7 73 1 3 11 23 9 66 12 20 19 72 18 57 15 84 3 83
15 42 13 38 16 30 7 32 11 85 10 12 19 99 17 76 12 14 3 68 5 69 9 98 8 11 6 37 4 15 18 52 14 24 0 83 2 16 1 85
10 44 1 68 11 40 5 93 14 15 4 18 13 76 8 94 15 6 6 60 0 97 7 71 16 5 18 90 2 29 3 72 12 57 17 27 9 74 19 28
