50 20
0 44 4 70 13 76 11 94 6 12 3 2 5 82 1 1 9 37 8 48 18 40 17 72 16 45 12 62 19 51 2 61 7 75 14 47 15 25 10 9
0 83 17 11 8 67 3 49 2 5 5 33 12 32 19 12 6 84 4 77 10 99 16 58 9 14 13 39 18 1 11 59 15 61 7 51 14 69 1 93
0 5 10 8 9 56 8 6 19 90 14 12 2 1 4 66 15 76 7 43 6 51 3 29 17 73 11 64 12 12 16 26 18 73 1 8 5 94 13 20
11 39 1 20 4 78 6 69 18 67 19 98 12 40 7 37 9 28 14 45 8 50 5 40 16 66 2 27 3 81 13 71 17 96 15 49 0 26 10 20
1 35 9 91 18 89 19 21 12 48 13 75 10 5 7 41 0 21 8 29 2 93 3 2 17 14 6 2 15 53 11 57 14 94 16 84 5 35 4 14
3 87 0 71 12 10 19 41 17 27 9 12 14 15 13 77 8 95 15 59 5 8 7 24 4 14 6 14 18 57 16 68 1 17 10 7 11 61 2 30
9 37 6 47 1 20 8 92 15 7 2 88 11 9 14 32 16 25 12 82 17 35 19 61 3 79 0 80 5 76 18 43 4 84 7 77 13 1 10 13
14 12 1 42 3 11 13 64 7 72 9 20 11 25 0 42 12 15 2 86 10 44 19 22 16 86 4 24 15 51 18 85 6 14 5 13 8 97 17 81
0 14 18 33 4 81 5 81 2 79 1 60 16 34 19 7 17 83 13 93 11 96 6 95 7 89 8 88 10 22 9 50 12 38 14 24 3 33 15 78
5 49 17 24 0 6 12 92 10 35 9 13 14 82 13 94 8 61 15 79 3 39 7 48 18 29 4 72 6 55 16 33 2 14 11 57 19 30 1 40
13 13 18 23 1 24 17 28 0 85 9 99 5 16 6 61 2 97 10 67 8 36 19 72 11 31 4 24 14 51 7 91 12 45 16 5 15 87 3 17
7 22 0 74 16 29 15 81 12 17 13 37 8 87 11 21 10 12 18 20 6 32 17 26 1 58 4 87 2 38 9 97 3 8 5 79 14 94 19 61
19 97 12 32 16 5 14 12 7 13 5 64 2 79 15 61 6 34 8 18 10 44 13 27 3 80 18 39 1 26 9 9 11 44 17 21 4 83 0 2
12 87 11 92 5 51 4 42 18 85 7 58 17 58 6 26 1 33 16 84 9 89 14 14 19 69 3 79 13 21 10 21 8 78 15 39 0 92 2 34
1 49 5 9 10 47 8 1 15 22 12 26 3 32 6 45 0 13 14 61 9 89 7 55 19 61 13 60 17 71 4 77 18 63 11 48 2 55 16 81
5 77 11 51 6 45 12 92 13 50 2 72 8 73 17 20 0 52 18 36 3 88 16 34 15 85 9 42 1 67 10 54 7 96 4 90 19 94 14 24
16 32 1 19 18 60 14 34 6 84 8 7 5 97 4 57 11 2 0 94 19 90 7 20 3 56 10 20 9 54 2 65 12 5 15 43 13 44 17 36
0 61 11 33 9 20 14 48 15 97 12 77 13 80 10 96 4 65 16 85 19 72 5 64 3 98 1 52 6 52 7 3 17 56 18 61 2 11 8 14
12 37 2 49 16 4 3 67 18 15 15 93 1 27 17 51 11 70 4 55 13 62 10 34 19 80 7 99 8 19 14 93 6 95 0 22 5 72 9 23
18 34 13 95 1 39 3 23 17 49 14 32 16 35 12 68 19 98 4 34 8 62 11 68 7 74 5 77 2 17 9 88 15 1 6 61 0 15 10 11
12 71 4 8 16 76 11 31 5 39 15 11 2 91 9 37 6 34 13 6 1 70 14 4 3 77 19 64 8 4 7 52 17 9 18 96 10 6 0 29
5 5 7 96 16 88 18 28 9 42 19 86 2 27 1 67 15 6 13 61 6 58 3 3 12 17 4 64 11 54 14 90 17 75 10 2 0 4 8 96
4 19 16 7 8 96 13 91 19 10 6 2 7 77 1 84 5 99 17 10 18 5 14 55 15 41 12 1 2 89 9 47 11 69 10 71 0 22 3 35
9 16 6 12 17 19 2 42 13 43 18 54 0 17 10 43 7 36 11 20 15 87 12 71 19 10 4 28 14 71 16 73 5 94 1 32 8 74 3 10
13 14 15 79 0 39 5 63 16 39 14 18 1 93 7 40 19 78 12 20 2 61 3 55 17 59 9 72 4 62 11 58 6 57 8 47 18 12 10 53
2 59 4 54 19 19 7 32 13 99 14 80 6 9 18 37 9 88 11 1 12 25 15 11 0 86 1 62 10 3 8 13 3 26 17 39 16 45 5 89
19 5 3 49 0 30 17 97 1 64 12 23 16 20 13 96 2 44 5 91 10 14 4 26 9 2 6 64 7 28 14 35 15 57 18 36 11 49 8 53
2 2 12 37 15 42 4 46 19 86 1 12 8 54 17 93 9 3 11 30 0 5 10 73 18 33 14 74 6 15 5 19 7 53 16 60 13 12 3 52
13 15 0 97 3 60 8 80 9 2 14 12 16 31 6 13 5 92 11 67 2 52 1 39 15 67 18 78 19 66 12 19 10 90 4 14 17 92 7 67
8 37 19 77 6 9 14 89 7 90 2 19 10 69 3 44 1 13 16 7 12 36 9 22 0 50 5 67 11 56 18 30 4 92 17 58 15 9 13 12
19 65 4 40 11 66 1 87 13 75 3 65 14 78 17 73 9 70 10 9 12 14 15 4 18 6 5 38 7 48 16 73 8 20 0 93 2 7 6 71
17 86 0 11 15 99 19 64 4 73 14 82 10 60 18 41 7 26 11 83 12 83 2 65 9 27 13 82 1 75 5 45 3 8 16 46 8 76 6 88
15 91 14 32 13 68 7 80 17 82 3 69 9 1 16 20 4 61 19 85 10 24 11 60 2 13 8 11 1 98 0 44 18 64 12 10 6 59 5 83
15 68 8 9 10 5 6 89 1 94 12 14 0 47 9 83 19 71 18 97 16 33 11 95 3 89 17 30 7 19 2 94 5 85 14 23 13 58 4 58
16 44 2 87 9 30 4 98 1 64 7 27 11 81 10 47 6 33 0 72 18 1 3 81 17 19 5 95 15 42 13 10 8 44 12 8 19 76 14 97
11 23 7 66 12 67 8 95 5 82 1 78 4 35 9 63 13 28 10 9 16 85 18 25 17 60 15 91 2 4 6 5 0 60 19 5 14 36 3 47
17 71 2 52 8 46 7 31 10 50 3 1 5 32 0 50 11 45 18 13 15 78 14 98 13 88 4 12 6 78 16 55 1 99 12 15 19 35 9 85
11 84 1 31 14 70 6 33 16 2 15 42 17 31 13 1 7 26 19 2 0 47 3 15 8 12 9 38 12 55 5 15 18 72 2 57 4 98 10 53
3 34 17 42 16 72 11 33 18 46 9 42 12 43 1 7 10 13 0 17 4 21 8 37 7 89 14 73 2 35 13 56 19 77 5 5 15 87 6 59
19 83 3 20 15 50 6 71 14 91 2 65 9 50 5 45 18 61 10 13 1 4 16 84 7 49 12 44 17 95 4 10 8 37 0 79 11 62 13 76
11 32 13 30 16 34 9 51 19 77 12 15 14 26 5 7 1 12 6 51 17 41 4 61 18 2 2 24 0 66 7 45 3 75 10 4 15 21 8 40
15 79 11 45 1 49 13 63 4 81 16 56 14 56 7 91 5 12 12 3 6 88 18 7 19 38 10 60 8 75 9 44 17 20 0 13 2 90 3 10
12 85 1 55 14 15 15 75 9 75 0 8 16 6 4 49 11 57 19 28 8 33 17 60 2 28 7 55 6 78 13 56 18 43 3 79 10 27 5 96
6 72 12 8 7 40 11 91 13 10 8 45 14 81 2 64 9 98 16 11 1 59 4 85 15 57 10 41 3 71 18 3 17 85 19 38 5 42 0 67
17 91 10 98 15 13 3 40 9 34 14 52 5 25 2 60 18 41 11 19 7 89 19 82 16 50 1 6 4 71 13 80 12 97 8 47 6 37 0 70
8 51 4 23 16 5 11 63 13 83 15 65 6 5 0 24 18 94 10 88 3 90 17 16 14 12 9 49 5 75 12 8 19 78 1 97 2 46 7 60
16 49 4 45 19 54 12 14 13 66 0 77 1 82 17 35 10 83 3 16 5 36 8 36 15 20 18 63 7 44 6 64 11 53 2 54 9 88 14 56
0 51 9 11 17 25 5 22 8 53 4 46 16 27 2 67 14 56 7 78 3 58 1 72 13 67 18 13 11 32 10 96 6 33 15 24 12 53 19 98
10 74 17 1 12 83 15 89 19 22 5 39 2 33 6 66 0 38 4 6 14 32 18 53 9 1 16 99 8 43 11 92 1 74 3 66 7 85 13 26
18 26 11 58 3 58 15 84 19 63 7 11 2 14 13 29 4 59 12 27 0 24 17 10 14 41 1 50 6 16 9 31 16 12 10 65 8 73 5 67
