50 20
5 32 1 87 13 52 17 9 8 41 16 70 10 30 11 24 9 76 14 60 12 90 15 90 19 97 2 58 6 10 0 23 7 36 18 55 4 89 3 34
16 16 13 2 4 81 6 73 14 76 18 63 3 89 8 52 11 5 15 33 9 38 2 86 17 38 1 71 0 42 10 3 7 53 19 18 12 66 5 91
4 67 2 73 12 98 7 35 10 93 9 24 0 43 11 93 8 12 3 29 5 98 6 64 18 58 14 38 17 71 15 95 16 79 19 26 13 56 1 60
8 87 16 61 3 55 19 62 0 91 1 34 12 65 14 98 4 61 13 9 6 99 2 26 15 5 9 18 5 16 7 49 11 64 17 67 10 98 18 84
2 62 1 74 11 79 15 90 0 1 7 15 16 11 19 42 8 98 13 88 12 48 3 21 10 74 17 93 14 33 18 22 9 12 5 36 6 75 4 24
2 28 8 34 6 12 3 65 5 49 4 71 17 92 16 8 9 49 7 9 0 31 15 10 19 94 18 48 11 4 14 81 12 76 10 18 13 62 1 22
5 49 6 18 4 92 7 33 9 39 3 55 8 66 14 20 0 25 11 16 2 48 10 54 13 51 12 16 19 64 17 82 16 74 18 9 15 78 1 78
15 40 3 68 8 97 7 60 5 34 17 12 11 11 10 53 13 53 18 8 14 62 6 74 0 14 9 57 16 54 19 95 2 13 4 39 1 86 12 98
12 5 5 34 16 74 11 50 2 19 3 43 18 86 15 95 1 1 13 56 4 72 9 63 6 21 7 54 8 19 17 30 14 95 10 96 19 65 0 32
1 52 14 50 5 2 19 30 6 19 13 15 3 22 17 66 12 84 7 94 9 64 2 99 10 98 4 60 18 45 16 73 8 7 0 71 15 51 11 19
5 57 4 43 3 47 17 18 10 99 0 71 16 44 14 5 7 25 2 61 8 41 15 74 19 46 13 32 9 13 18 55 11 32 12 48 1 33 6 7
14 38 15 86 10 64 13 45 1 90 5 81 17 58 16 65 18 41 11 81 12 90 7 52 3 50 9 65 4 92 2 91 6 13 0 15 19 90 8 9
10 56 0 32 4 25 14 47 17 21 15 6 19 41 9 9 13 93 8 88 1 25 16 39 6 54 12 26 2 8 18 20 11 39 5 48 7 32 3 30
1 4 15 21 8 97 2 33 14 84 7 22 3 21 17 67 19 10 10 37 16 5 18 22 4 64 11 41 0 56 13 10 9 45 5 5 12 36 6 28
12 40 19 59 7 78 4 54 17 66 18 62 11 51 2 43 0 13 5 10 14 47 9 43 1 84 15 90 16 95 3 2 13 26 10 32 6 22 8 45
10 61 6 27 18 95 13 53 2 13 8 16 12 53 19 14 1 37 3 61 11 79 17 14 15 71 9 31 14 67 4 67 5 64 16 59 7 88 0 34
12 67 15 33 1 67 13 22 10 77 3 77 17 87 8 93 11 20 6 4 5 88 4 11 0 31 7 91 14 77 18 19 16 72 9 33 19 91 2 99
17 82 2 85 4 26 10 99 3 97 11 43 7 45 14 30 12 16 15 54 6 11 13 45 18 53 8 60 5 71 19 74 16 68 1 97 9 51 0 95
12 43 5 32 17 6 7 73 3 16 4 57 9 29 15 97 19 12 16 41 6 69 0 37 2 51 11 78 8 16 10 84 13 61 18 24 14 40 1 45
11 23 15 19 19 41 13 89 3 10 1 74 9 42 17 74 12 40 14 15 5 36 0 43 18 23 8 37 6 7 4 77 7 40 16 3 10 11 2 98
12 2 7 70 16 98 18 30 19 83 9 39 1 42 10 53 8 75 3 2 11 77 14 11 5 96 13 55 4 75 17 73 15 96 6 18 0 60 2 48
8 4 7 85 5 63 15 77 6 40 13 81 17 18 0 12 2 35 12 34 11 89 4 1 10 48 1 97 19 88 16 12 18 58 14 84 9 47 3 89
8 33 19 64 7 21 3 48 12 53 1 35 11 17 6 71 13 18 17 43 18 24 4 76 2 66 14 52 16 61 10 54 0 62 5 7 9 86 15 87
15 78 18 55 2 89 5 99 6 51 7 43 0 21 9 34 8 45 11 61 13 24 4 63 3 32 1 52 17 79 19 35 14 10 16 85 12 6 10 16
4 94 5 63 16 57 8 11 0 97 14 29 18 67 1 7 7 32 9 40 11 64 10 75 12 73 15 17 3 94 2 25 13 96 6 22 19 42 17 63
12 17 10 4 15 33 18 97 19 95 0 19 7 57 4 95 5 54 2 83 8 6 3 57 17 98 9 14 6 51 16 60 13 50 1 30 14 75 11 79
16 57 19 61 14 98 11 21 1 46 4 15 13 57 6 57 18 22 12 46 2 97 7 15 15 87 3 22 17 89 5 74 10 73 0 10 8 79 9 24
6 97 8 35 4 60 9 16 12 80 13 57 19 91 17 21 7 77 10 63 14 7 16 62 15 17 0 25 18 20 5 92 3 59 11 82 2 80 1 80
14 30 7 20 2 72 6 97 5 70 17 99 15 51 11 26 19 75 18 9 4 20 9 19 13 98 12 40 16 63 1 17 10 27 3 90 0 87 8 78
19 10 14 55 6 85 9 4 13 91 3 72 0 7 16 79 11 17 1 26 15 38 5 38 10 60 2 18 12 27 17 1 7 89 8 21 18 72 4 29
4 55 19 10 1 79 5 8 11 17 17 95 7 54 8 99 6 17 14 87 15 56 12 1 2 85 13 51 18 5 3 93 16 33 10 9 9 93 0 87
11 62 1 89 0 78 7 91 12 34 17 20 5 84 19 31 10 92 14 20 6 34 15 57 16 29 9 63 13 74 3 74 8 42 18 56 2 45 4 9
5 77 1 79 3 48 7 2 14 98 11 42 2 65 16 52 6 26 19 35 17 21 18 70 4 65 15 75 8 51 9 48 10 56 12 98 13 70 0 81
13 73 8 97 1 66 4 98 18 69 7 52 19 13 11 19 9 43 10 83 14 82 16 97 5 20 12 23 17 44 6 30 0 38 3 30 15 9 2 57
10 40 9 59 0 30 6 69 11 75 3 25 13 52 14 25 1 48 7 12 16 92 2 43 8 45 17 92 4 8 19 53 15 86 12 65 18 96 5 84
12 24 16 14 3 50 9 97 18 89 7 19 15 97 0 95 17 35 2 40 13 86 1 83 11 22 4 36 14 37 8 35 10 13 6 57 19 9 5 88
6 85 16 20 3 76 1 48 2 37 15 67 9 12 18 36 17 90 10 44 8 10 12 57 11 67 0 81 4 73 14 86 7 85 13 22 19 29 5 20
7 90 12 99 3 27 4 41 16 64 15 26 9 83 5 13 13 35 19 63 14 30 11 34 1 59 0 73 2 9 8 32 10 77 18 99 6 7 17 88
13 57 18 48 15 20 10 94 11 51 4 60 17 50 6 84 8 7 0 31 19 86 14 45 1 6 12 50 9 83 3 3 7 59 2 42 5 84 16 44
18 84 8 67 4 50 12 9 16 65 3 62 10 51 11 80 15 78 19 83 7 45 1 49 5 58 6 49 0 2 13 70 2 92 17 92 9 65 14 41
5 82 2 48 17 80 0 73 13 18 6 59 11 81 14 66 4 55 9 68 10 59 19 52 12 99 18 79 8 90 1 27 16 12 3 38 15 20 7 25
11 35 0 77 19 53 6 16 10 38 12 76 7 88 18 3 2 12 5 8 1 46 4 13 14 8 8 80 15 50 9 1 17 5 3 8 13 91 16 21
16 30 10 90 12 98 2 98 15 84 7 63 5 11 14 21 18 60 4 96 1 99 19 52 8 1 0 3 6 11 9 54 3 80 13 36 11 73 17 13
6 53 12 86 4 12 7 84 9 57 0 97 1 42 15 31 14 31 10 12 8 59 16 81 3 27 18 82 2 96 5 91 13 19 19 99 17 90 11 7
11 46 5 34 12 3 1 7 9 86 16 74 8 90 17 75 19 80 13 97 18 62 2 34 6 99 15 70 10 69 7 48 14 62 3 25 4 18 0 6
10 69 16 5 0 82 6 14 11 6 1 14 17 10 14 57 19 62 12 41 18 80 5 95 15 13 4 51 7 65 3 4 8 34 2 81 13 46 9 4
19 87 12 4 17 32 7 19 6 29 13 24 3 48 0 76 9 85 10 39 5 52 8 95 14 26 16 54 11 58 4 38 15 6 18 80 1 27 2 55
12 84 10 73 14 88 9 51 1 49 6 76 18 51 19 71 13 99 15 52 3 66 16 51 0 98 4 80 11 15 8 19 5 91 7 61 17 63 2 67
18 60 7 15 16 13 4 27 10 57 6 47 12 23 15 2 3 85 9 56 0 97 1 43 13 24 8 16 19 82 11 14 2 59 17 94 14 27 5 72
6 45 12 93 10 31 13 82 5 73 9 86 19 28 7 73 14 84 8 85 17 36 11 78 15 52 1 56 18 61 2 89 3 8 16 14 0 33 4 79
