50 20
1 53 13 25 14 12 18 44 19 94 0 74 12 39 15 5 2 29 16 85 5 31 17 44 8 2 4 43 11 50 9 62 3 2 6 59 7 51 10 94
17 39 6 7 11 38 9 63 2 15 7 32 13 72 10 68 8 74 15 86 14 62 12 8 0 96 19 98 16 51 18 40 1 26 4 44 5 20 3 15
16 98 1 6 7 39 14 51 5 90 9 26 8 15 2 91 18 90 0 29 10 54 4 75 17 41 3 28 13 58 19 69 15 58 12 74 6 60 11 81
3 73 11 84 10 3 17 95 13 78 5 9 15 35 1 42 0 30 18 53 6 61 16 63 14 49 9 89 2 57 19 35 4 60 7 37 8 68 12 25
1 59 2 84 5 55 9 21 3 85 11 39 13 34 15 97 17 37 4 55 6 94 10 85 0 67 19 8 8 57 18 27 12 71 7 10 16 62 14 75
14 40 4 71 0 16 9 3 15 79 19 4 13 67 3 33 6 30 7 53 2 42 5 60 10 34 8 27 1 15 12 27 11 73 18 20 17 68 16 5
14 6 11 85 16 30 3 10 12 51 8 8 2 6 10 89 19 16 18 41 7 38 4 30 13 59 1 57 0 62 9 69 17 89 6 75 5 25 15 99
7 29 15 55 18 3 6 9 4 32 1 96 17 57 0 46 8 92 14 96 2 18 19 25 5 36 12 65 16 64 13 53 10 51 3 66 11 21 9 40
18 82 9 92 10 83 4 1 16 90 8 62 6 69 17 69 5 53 15 59 11 2 7 8 3 56 2 69 13 77 1 59 14 77 19 18 0 18 12 17
5 55 16 19 6 46 15 38 10 57 17 91 4 62 0 18 1 21 8 25 14 32 19 90 3 60 13 46 18 1 7 97 9 67 12 4 2 75 11 16
8 32 10 70 18 21 13 15 0 74 16 11 1 51 14 9 3 32 15 58 5 43 4 46 17 97 12 6 6 34 7 4 19 3 2 56 11 21 9 27
17 23 6 16 5 31 10 95 15 97 19 16 12 53 13 89 11 91 2 17 8 77 18 75 16 26 14 73 0 87 1 46 4 15 7 92 9 82 3 15
0 24 3 81 7 21 5 90 13 61 9 28 18 9 1 98 16 66 12 24 11 45 10 8 8 78 4 30 14 39 15 83 2 57 19 52 17 12 6 56
7 33 12 11 10 54 3 51 6 40 2 81 0 37 1 40 14 13 13 51 8 61 15 67 11 4 17 3 16 14 5 9 9 53 18 75 4 52 19 68
15 10 14 3 11 87 9 23 17 39 3 36 0 56 16 57 2 85 10 89 13 60 1 26 19 75 5 2 4 74 8 16 7 70 6 93 12 96 18 25
8 3 15 93 0 88 11 69 13 61 4 8 18 13 6 19 1 78 12 70 10 77 5 96 19 32 7 24 2 81 9 78 3 98 14 63 16 11 17 56
14 67 18 89 10 6 8 57 6 52 11 65 15 31 13 30 3 21 0 86 12 53 16 59 17 14 2 28 19 23 5 10 1 29 4 31 9 54 7 5
17 62 3 9 2 44 0 56 6 81 5 74 13 55 15 35 1 28 9 44 11 89 19 70 7 40 10 45 18 60 14 42 16 98 4 74 12 65 8 64
6 77 15 25 12 6 7 59 14 67 1 8 0 54 11 60 2 24 5 49 18 71 17 94 3 54 13 83 19 27 16 70 8 34 9 25 4 84 10 90
2 81 9 82 4 12 13 19 5 51 1 26 0 7 6 84 11 16 15 84 7 23 8 96 10 93 3 47 18 94 16 63 19 24 12 23 17 60 14 16
10 49 15 43 8 39 0 51 13 48 16 57 14 75 11 2 19 5 9 71 18 73 4 4 1 52 17 28 2 76 5 3 7 25 12 40 3 25 6 33
12 51 10 66 19 41 4 64 17 83 16 1 0 33 5 87 8 14 14 83 9 93 11 14 7 10 15 18 2 24 18 97 6 23 13 78 1 31 3 87
3 50 2 71 10 44 6 12 13 16 9 23 16 10 0 82 17 95 7 59 1 15 5 14 19 44 4 72 18 89 8 57 12 83 15 16 11 31 14 8
18 49 5 77 8 22 11 95 6 19 4 47 7 40 2 89 13 49 15 7 10 21 1 85 12 4 3 61 0 90 9 91 16 24 14 22 17 82 19 88
0 9 12 98 10 5 17 63 2 96 19 35 1 74 15 92 7 38 14 99 11 93 5 37 18 62 6 55 9 84 4 99 16 34 3 75 13 86 8 45
14 65 4 52 7 77 5 9 10 41 9 44 13 84 16 96 3 85 18 89 12 64 0 96 2 75 15 28 11 17 8 20 17 10 19 49 6 4 1 24
4 63 9 56 5 66 1 86 16 52 18 30 13 58 7 38 6 80 19 7 11 34 3 18 15 86 17 11 0 63 8 80 10 84 14 29 12 38 2 52
4 4 19 78 5 4 2 4 13 69 3 33 12 4 9 64 7 39 17 74 15 54 8 22 1 9 6 61 16 52 18 9 0 57 11 95 14 27 10 82
10 47 5 15 3 11 6 26 12 75 8 13 19 73 13 28 15 58 9 65 11 36 17 1 7 77 4 28 18 72 2 20 14 86 0 40 16 47 1 24
18 22 5 43 16 10 10 79 12 82 13 82 3 23 19 47 15 2 17 3 14 67 7 83 9 5 1 13 2 39 6 1 11 97 8 1 4 44 0 43
18 23 1 89 16 64 19 77 2 65 11 84 14 84 17 20 9 52 12 61 6 19 5 10 3 74 0 38 7 66 10 51 8 87 15 72 4 73 13 24
7 47 15 11 12 72 14 6 1 85 16 37 2 57 8 26 17 62 5 21 11 62 10 79 6 14 9 73 3 71 4 82 18 9 19 28 0 75 13 88
18 17 3 99 9 23 4 25 0 10 5 84 14 84 11 49 1 9 7 64 15 72 19 64 2 9 16 75 12 48 17 52 10 85 13 80 8 66 6 19
8 21 16 59 11 97 15 14 0 17 10 24 6 43 14 1 3 12 19 17 17 43 18 76 9 87 4 46 12 80 2 45 13 69 5 45 1 56 7 87
10 66 7 88 17 48 18 60 0 21 13 54 5 62 19 32 15 43 4 40 8 57 16 64 11 13 12 18 14 45 6 47 1 20 2 41 3 52 9 37
9 21 6 56 10 33 2 72 12 6 0 81 11 82 8 68 13 9 1 41 17 86 16 46 3 24 15 56 14 51 7 62 19 59 18 51 4 54 5 5
18 21 12 11 0 33 15 15 14 21 4 82 3 73 16 31 1 6 11 30 7 63 5 76 13 34 2 54 6 97 10 43 19 38 17 3 8 79 9 10
19 91 18 52 2 9 8 78 12 29 4 86 5 94 3 86 9 41 17 15 1 80 10 40 15 86 14 92 0 59 7 78 11 70 16 17 6 31 13 89
1 66 9 7 2 44 13 30 8 21 6 84 3 10 7 87 11 93 18 94 19 58 0 57 17 51 4 79 5 61 10 71 12 63 14 73 15 18 16 40
17 72 1 30 8 77 11 62 16 45 5 61 19 68 9 23 13 76 12 74 6 48 15 39 14 1 7 33 10 38 0 66 4 35 3 26 2 36 18 22
0 63 15 88 6 49 7 82 2 73 1 45 18 6 3 35 17 46 10 90 5 7 13 11 8 23 14 21 11 71 16 81 19 95 9 18 12 68 4 81
10 16 1 26 6 70 3 84 17 51 2 3 7 14 8 53 14 61 9 98 13 17 12 23 0 52 5 75 11 79 16 93 19 67 18 98 15 8 4 33
17 62 14 38 5 21 10 54 1 16 3 61 2 55 8 40 7 83 6 51 0 50 4 45 15 6 18 97 16 20 11 20 9 4 12 58 13 1 19 1
18 49 17 31 1 64 15 24 6 42 12 92 9 87 16 64 7 42 14 54 4 73 19 83 11 63 0 65 2 55 8 60 3 14 10 92 13 76 5 87
7 25 18 71 0 50 5 99 16 42 19 34 10 31 13 27 6 97 1 26 14 36 15 59 17 12 12 6 8 92 3 96 9 9 11 82 4 69 2 29
4 26 12 16 5 83 0 41 6 30 9 25 15 99 8 55 3 89 10 86 17 60 7 78 16 17 18 54 2 37 11 96 13 88 19 18 14 55 1 1
2 56 3 38 12 96 19 7 13 71 11 61 5 70 0 81 7 60 6 92 1 85 4 99 15 68 14 65 18 69 8 69 9 22 17 26 16 4 10 99
2 88 16 42 3 73 7 71 19 83 4 1 0 67 5 72 8 36 10 58 6 21 15 53 17 77 12 78 14 69 18 80 13 2 9 65 1 95 11 32
8 28 7 15 2 63 16 18 5 86 3 54 6 34 11 8 12 81 13 40 0 47 9 37 1 73 17 88 19 19 10 36 14 6 18 56 4 41 15 10
18 50 11 76 7 76 8 27 15 46 10 98 0 38 12 16 4 83 6 39 2 60 9 74 16 26 5 73 14 80 1 17 3 90 13 20 17 64 19 93
