50 20
11 16 14 76 7 75 6 14 12 26 15 60 1 44 2 41 3 72 19 73 9 75 10 46 16 75 4 26 5 59 17 51 8 72 13 79 18 33 0 33
4 50 7 89 18 11 9 22 3 54 10 48 6 72 13 50 11 21 14 17 1 84 19 29 0 3 16 25 5 46 15 68 2 57 8 86 12 90 17 89
16 56 11 61 9 46 7 13 10 60 13 11 12 54 8 92 4 44 18 48 17 20 5 60 15 37 3 23 2 50 6 39 0 47 1 29 19 71 14 24
19 41 6 88 3 10 15 11 11 62 7 1 4 59 9 37 12 38 0 19 14 82 10 2 1 47 2 12 16 41 8 37 17 88 5 76 18 40 13 10
9 77 5 91 0 60 13 98 6 76 16 61 10 44 11 89 4 55 19 85 8 72 14 14 18 40 3 8 2 50 17 51 7 9 1 67 15 54 12 86
13 55 11 30 12 32 8 62 15 34 10 27 16 72 7 15 0 43 2 41 1 73 14 42 18 66 9 98 4 21 5 37 3 46 6 54 17 66 19 8
0 59 17 99 15 18 10 3 14 57 13 42 16 88 11 68 2 96 9 77 6 10 12 38 5 50 3 33 4 33 18 60 19 25 7 34 1 59 8 53
15 32 3 21 17 91 5 81 11 28 18 17 4 30 12 68 2 84 8 57 10 14 1 40 14 29 9 40 13 66 0 57 19 65 16 89 6 21 7 20
16 89 19 18 6 76 3 21 14 2 11 15 2 22 13 1 1 93 12 23 5 9 17 94 4 11 9 39 0 38 15 2 10 15 8 8 7 7 18 78
11 90 4 46 12 29 5 49 13 40 16 34 2 66 18 72 3 73 8 32 14 54 19 45 9 86 7 92 0 27 15 26 1 11 17 49 6 89 10 89
4 93 10 89 18 69 8 85 17 94 3 71 1 83 2 26 6 91 5 38 7 35 19 85 0 71 12 96 15 15 14 93 11 83 16 53 9 68 13 89
17 56 0 41 5 15 11 95 18 55 3 3 8 88 16 50 9 68 7 43 15 9 14 21 4 83 12 62 1 59 10 89 6 82 2 41 13 5 19 57
4 20 18 25 9 57 7 39 1 71 17 67 6 32 16 15 19 12 10 31 12 62 14 98 13 27 3 88 5 79 0 8 15 95 11 97 2 56 8 21
7 92 11 60 17 31 10 43 5 45 8 58 1 21 12 34 6 65 0 21 15 66 18 88 16 19 14 45 9 12 4 54 19 39 2 2 3 54 13 73
13 62 9 90 1 48 4 66 19 69 5 62 2 89 6 30 17 88 11 20 16 89 14 35 3 64 8 51 12 64 0 25 18 49 7 87 15 39 10 13
16 71 1 89 10 74 19 18 11 99 6 40 13 95 2 64 7 84 8 58 14 51 15 80 4 98 12 19 5 90 9 35 17 73 0 21 18 61 3 88
2 94 11 10 10 59 16 17 15 1 12 30 19 58 7 82 3 2 8 36 13 46 18 51 14 30 5 42 0 81 17 33 1 99 4 31 6 96 9 65
1 12 12 89 17 72 16 1 5 14 2 95 3 69 8 47 13 23 7 19 4 91 6 65 14 84 11 57 9 51 15 69 19 57 0 24 18 37 10 44
8 71 19 22 12 33 18 92 13 21 17 18 0 66 4 94 2 55 3 59 6 50 9 39 11 7 14 51 16 66 5 8 15 95 10 63 1 33 7 53
12 73 4 86 14 6 8 88 2 53 19 58 16 45 18 54 13 9 0 90 11 86 17 37 15 76 3 80 10 98 5 51 7 67 9 57 1 48 6 52
4 69 6 95 9 99 14 48 11 97 15 99 10 76 3 84 17 86 12 93 8 11 16 71 0 83 18 87 13 27 19 82 7 11 5 21 1 51 2 56
0 6 17 14 5 88 13 39 2 32 7 16 4 4 16 9 11 7 19 17 15 5 8 96 14 30 3 50 12 58 10 87 1 39 9 37 6 39 18 92
14 76 0 99 13 86 2 85 1 47 5 1 6 94 17 70 3 82 16 53 12 8 9 40 8 95 19 54 10 20 4 6 18 11 15 41 11 72 7 64
16 97 14 79 13 94 19 20 1 40 4 44 7 22 12 18 5 10 11 79 8 66 10 96 17 62 0 48 15 76 6 8 18 84 3 83 9 43 2 61
17 54 12 4 8 79 6 45 2 6 16 20 5 72 3 4 7 82 9 82 14 51 1 53 10 16 11 29 0 45 13 32 18 34 19 67 15 51 4 57
6 9 4 26 9 88 5 77 11 53 1 3 15 27 2 95 14 65 12 60 13 21 7 45 16 71 0 97 3 23 18 80 10 68 19 10 17 85 8 70
0 38 11 51 12 91 13 88 8 50 4 20 9 79 3 48 10 83 7 67 17 32 16 38 18 77 2 66 19 28 15 41 1 15 5 89 14 60 6 82
6 80 17 56 8 95 0 52 9 89 13 58 10 33 1 44 19 49 2 39 12 58 14 20 11 38 5 45 15 9 3 90 4 30 7 88 16 39 18 4
7 22 5 11 12 24 2 33 14 49 18 65 19 7 10 47 11 97 0 37 8 90 16 77 3 52 15 88 1 11 17 68 4 2 9 41 13 38 6 54
12 4 9 22 1 23 11 62 6 26 0 48 14 18 2 7 13 25 4 53 7 68 16 32 18 30 10 17 17 39 5 48 8 71 3 67 19 24 15 47
11 96 7 99 15 85 16 10 9 69 6 57 13 15 19 74 14 84 17 42 10 66 3 45 5 55 12 96 1 47 2 21 8 65 4 75 18 82 0 51
18 19 10 38 17 80 5 89 1 69 16 14 8 50 7 93 12 44 14 11 3 51 6 89 2 30 4 90 19 62 13 39 0 1 9 80 11 86 15 26
17 35 12 98 3 44 19 43 14 22 18 21 13 44 2 64 7 75 16 96 6 81 9 64 5 90 10 53 0 72 1 21 11 38 15 79 4 78 8 71
17 28 15 26 18 96 13 54 0 34 6 45 14 56 7 7 3 81 9 50 11 23 12 13 1 38 8 13 10 42 2 64 5 65 19 44 16 16 4 14
0 23 8 60 15 47 3 97 6 38 1 72 14 12 4 87 12 90 17 27 19 57 18 30 5 1 2 12 9 15 7 26 16 88 11 66 13 30 10 78
3 43 16 10 1 98 17 46 19 11 8 24 6 12 14 7 5 17 7 97 15 57 2 18 18 55 13 24 9 81 4 9 10 69 11 60 0 19 12 79
13 86 16 25 18 14 8 46 2 79 15 7 3 55 14 60 1 38 10 84 4 60 5 16 9 31 17 42 11 28 19 37 6 44 7 85 12 44 0 61
3 78 18 79 13 79 10 71 0 98 7 69 16 90 15 73 14 56 5 73 4 10 19 36 17 45 2 4 11 48 1 26 12 92 8 90 6 40 9 15
9 15 6 20 5 66 7 17 1 61 18 29 10 89 17 83 3 33 19 85 11 74 15 31 16 59 8 93 4 5 2 42 12 5 13 20 14 98 0 95
3 88 19 83 10 32 14 16 1 99 16 41 11 5 12 62 5 82 8 67 7 1 15 96 18 10 4 19 13 20 6 58 2 22 17 80 0 50 9 77
6 66 15 53 12 1 1 70 9 20 19 22 5 84 2 52 16 71 8 82 4 93 11 65 18 59 14 45 10 85 7 63 3 29 13 49 17 9 0 65
7 6 17 65 19 90 4 40 9 68 0 83 16 89 13 9 3 38 8 44 18 16 11 70 6 11 14 67 10 40 2 17 12 81 15 9 1 40 5 63
1 87 14 19 2 2 3 55 6 34 5 19 15 19 18 70 10 68 17 32 19 77 11 38 8 43 4 57 0 19 13 41 12 29 16 10 9 73 7 71
11 89 8 96 12 23 19 71 2 15 10 21 1 42 3 57 6 61 15 86 5 59 18 85 0 31 4 22 14 62 7 73 16 97 17 35 9 34 13 57
15 92 3 98 6 60 13 54 11 82 17 86 5 30 16 98 1 42 14 8 2 39 9 29 18 45 19 44 12 31 0 66 7 49 4 35 8 42 10 54
14 54 4 56 10 80 0 16 19 35 16 47 18 58 1 3 13 31 3 16 17 19 9 3 5 18 8 98 6 10 2 5 15 79 12 1 7 9 11 99
11 31 9 59 13 43 3 60 1 90 5 56 6 46 10 40 16 35 7 76 4 52 12 2 15 83 2 36 14 82 18 25 17 58 19 55 0 16 8 57
18 91 17 75 7 88 15 55 10 50 3 82 2 16 5 62 6 29 16 84 0 60 19 68 9 53 8 87 11 95 1 64 12 52 4 35 14 43 13 74
16 31 14 18 11 98 2 46 3 96 7 87 8 65 13 37 18 94 12 86 17 47 15 53 4 85 0 98 19 22 9 22 6 25 1 37 5 15 10 34
3 43 11 71 12 17 8 30 14 3 18 32 6 19 16 55 19 65 0 38 15 58 9 50 2 31 4 35 5 49 7 22 17 3 13 41 10 54 1 31
