50 20
18 17 19 52 10 41 4 89 0 21 8 92 3 96 17 15 15 91 6 97 9 14 12 20 14 65 16 52 5 16 1 70 7 94 11 55 13 70 2 62
6 16 13 32 16 64 14 25 2 66 7 46 1 72 18 31 4 64 12 21 19 12 17 53 15 36 5 74 10 28 3 1 0 66 11 88 9 42 8 97
5 47 12 51 13 48 11 98 10 32 15 49 1 24 3 80 18 58 14 34 16 10 4 37 8 42 2 66 6 26 0 90 9 44 17 87 7 96 19 73
15 6 8 70 19 2 4 66 2 57 9 84 12 37 5 32 18 25 6 28 14 71 7 68 3 58 16 92 10 46 0 44 17 73 11 12 1 30 13 51
13 2 0 70 6 67 19 77 18 65 5 6 12 48 16 60 11 12 4 65 8 8 15 99 10 26 3 90 14 39 17 35 9 51 1 54 7 58 2 26
10 87 4 58 3 29 5 70 12 42 9 36 17 50 11 92 0 32 14 21 13 74 19 84 6 28 16 38 15 87 18 3 8 20 7 2 2 66 1 24
15 25 9 94 16 18 8 95 3 17 11 73 2 25 17 15 10 90 0 63 13 11 19 89 14 34 18 40 7 97 12 13 1 18 5 77 4 59 6 24
15 26 11 91 16 8 6 57 7 55 10 54 9 60 2 14 0 11 19 22 3 13 4 21 8 59 14 89 13 9 17 77 12 88 18 25 1 45 5 69
0 32 16 60 6 55 14 72 17 78 4 81 19 76 7 10 10 58 2 17 5 52 11 17 1 76 9 55 12 59 15 94 13 60 3 36 8 83 18 5
16 33 0 55 18 13 4 97 10 30 8 94 12 17 13 32 14 70 6 37 19 50 2 75 9 64 5 37 17 32 1 11 3 37 7 12 15 91 11 58
4 26 3 74 6 80 16 19 10 11 18 27 1 3 17 7 19 45 15 84 14 18 13 98 12 8 0 45 9 6 11 63 8 43 5 12 2 2 7 87
18 64 15 71 16 45 13 40 12 45 11 97 14 24 17 29 10 78 6 58 9 58 3 12 5 99 1 2 4 32 7 35 2 37 8 81 19 89 0 7
5 60 7 92 17 88 3 88 6 94 12 42 18 50 0 74 15 4 10 4 2 8 13 46 9 76 19 49 14 18 4 3 11 70 1 72 8 92 16 93
11 99 8 42 6 20 2 78 16 64 15 76 5 34 13 76 10 35 14 27 9 32 3 97 4 50 17 22 1 10 0 48 18 23 7 87 19 87 12 86
18 24 13 10 17 24 4 49 0 35 1 77 5 6 7 75 16 60 14 26 19 45 10 64 12 21 9 63 8 12 6 96 15 86 11 40 3 90 2 55
6 75 14 12 13 19 15 43 2 40 8 41 12 31 16 43 3 67 4 41 10 96 11 26 7 46 9 82 5 57 18 1 1 88 19 23 17 86 0 11
0 23 18 10 10 79 3 36 13 64 5 55 17 68 7 34 8 97 12 5 19 26 11 54 2 30 4 38 6 89 9 49 16 39 15 86 14 81 1 6
5 25 10 9 14 99 1 79 2 23 3 80 19 12 4 93 0 90 6 10 18 65 9 91 15 40 16 47 17 73 12 53 8 1 7 29 13 7 11 91
15 24 9 58 0 69 1 8 11 85 7 79 10 47 16 32 18 20 2 46 8 15 6 21 3 5 5 45 4 1 13 61 17 72 12 6 19 24 14 38
4 22 9 96 13 35 5 30 19 80 2 27 1 95 15 12 11 39 3 19 16 15 8 47 12 10 0 84 17 48 18 49 10 3 7 58 6 29 14 56
14 50 11 14 12 67 6 68 13 37 7 32 4 40 0 38 16 42 19 85 8 41 3 16 5 95 10 12 9 79 2 31 15 90 18 68 1 34 17 40
10 85 5 44 18 85 7 5 3 70 9 12 8 12 19 93 11 60 16 17 0 82 14 67 6 77 4 65 1 71 15 7 13 57 2 3 12 51 17 84
3 5 7 87 8 66 15 63 0 93 4 37 2 96 19 73 14 35 11 62 10 75 1 83 18 60 16 36 9 70 12 20 6 55 5 71 17 79 13 62
8 68 13 41 14 57 7 54 15 47 11 59 9 24 18 77 3 14 6 80 16 69 1 15 12 16 0 48 17 56 10 68 5 9 4 21 19 36 2 17
0 54 2 19 3 50 16 34 4 49 6 77 12 82 17 53 7 96 13 12 1 72 10 89 8 50 9 51 11 98 14 52 18 94 15 43 19 40 5 25
9 24 19 31 2 34 14 38 3 39 6 94 1 96 15 81 11 56 4 48 5 20 17 47 7 92 12 2 8 72 10 61 16 53 13 42 0 13 18 22
2 22 9 89 17 50 13 80 18 38 3 89 6 50 4 12 8 26 11 98 5 78 19 60 7 35 10 6 15 70 14 11 0 42 1 22 16 76 12 77
4 12 13 13 0 75 1 5 10 69 15 71 2 91 17 74 9 85 8 48 6 71 12 46 16 35 14 70 7 73 19 95 3 52 5 20 18 53 11 28
16 19 7 15 15 91 2 90 11 92 6 21 1 47 3 61 0 47 18 64 5 46 14 95 4 88 12 38 10 20 19 67 13 10 9 2 8 7 17 44
5 71 1 13 3 73 13 67 8 90 2 58 16 37 9 62 19 26 11 85 12 60 14 55 10 79 17 96 6 36 0 70 4 16 15 11 7 5 18 11
19 31 7 64 8 32 11 80 15 93 3 79 9 29 5 54 2 8 14 53 4 47 17 78 1 44 0 36 6 36 13 58 12 62 10 56 16 75 18 17
14 51 5 5 8 78 9 92 0 42 15 44 3 66 4 9 18 23 13 20 2 2 6 2 16 49 11 64 19 89 17 57 1 31 12 75 10 83 7 80
19 27 6 45 7 52 17 35 1 90 0 88 10 2 12 11 18 42 5 23 15 70 9 95 14 75 2 65 3 21 13 75 8 53 16 17 11 24 4 90
16 76 1 63 7 86 17 52 9 65 5 16 3 36 6 63 0 76 11 23 19 33 4 58 2 42 15 52 13 30 12 65 14 63 18 38 8 59 10 16
7 8 10 15 9 1 3 60 19 25 12 57 2 37 14 18 5 42 4 96 16 41 8 50 17 71 18 34 13 49 0 68 15 58 1 58 11 3 6 17
0 82 18 84 7 65 5 70 17 69 19 97 10 29 3 13 12 4 2 8 14 67 8 86 13 90 1 83 6 16 16 46 9 68 4 76 11 89 15 36
17 95 14 1 18 68 10 58 3 87 2 20 8 43 6 66 1 62 7 50 19 31 0 94 16 69 11 87 15 87 4 34 13 16 9 60 5 90 12 58
5 88 3 49 4 65 18 77 14 74 7 19 1 65 13 80 6 78 8 77 10 74 17 12 15 26 9 7 11 20 12 44 16 28 0 71 19 19 2 47
4 59 0 74 14 60 3 91 16 62 17 15 5 87 9 74 6 14 2 55 12 6 13 50 19 35 8 62 1 65 7 31 15 3 18 40 10 2 11 45
13 5 18 11 1 74 9 9 19 53 3 49 7 54 6 83 10 6 11 47 8 43 15 50 14 38 2 41 12 52 5 90 0 87 17 23 4 32 16 62
9 45 11 69 15 30 5 74 6 62 19 62 13 17 17 49 1 74 12 60 14 61 3 92 16 11 4 44 10 28 7 76 18 60 2 68 0 90 8 73
5 40 15 96 12 62 7 56 19 84 9 18 8 52 1 88 10 16 2 95 0 91 11 95 3 84 6 22 13 88 18 6 16 87 17 38 4 49 14 24
16 18 0 73 13 20 19 12 1 35 9 91 18 79 12 6 4 7 7 69 3 33 5 14 8 73 11 92 2 33 14 63 15 7 10 13 17 76 6 14
2 37 14 95 0 79 5 25 4 66 12 84 18 48 6 97 3 67 19 73 16 87 17 84 11 74 10 81 9 47 15 31 1 41 8 5 7 11 13 89
18 76 6 40 13 41 10 16 1 21 19 18 9 6 15 59 2 72 16 59 17 85 12 88 11 98 3 86 4 61 7 98 8 99 14 20 0 81 5 77
10 74 11 55 2 91 17 28 15 72 9 40 6 48 19 32 13 19 1 58 5 42 8 13 0 25 18 99 16 36 7 79 14 82 4 77 12 82 3 22
9 22 12 9 3 82 7 26 6 97 4 7 17 79 10 6 16 33 13 16 5 90 1 14 11 70 15 44 14 99 8 79 18 41 0 71 19 37 2 19
6 57 13 96 10 56 5 23 19 12 1 13 7 5 4 20 9 50 8 72 15 65 18 33 12 45 16 28 3 8 0 28 14 24 11 79 2 9 17 27
16 19 11 74 2 96 5 34 4 87 3 92 7 5 14 68 6 57 8 11 17 91 19 54 13 91 1 66 18 13 10 50 9 57 12 66 0 52 15 19
9 24 1 51 10 7 13 50 5 19 18 34 11 25 2 14 4 71 19 64 7 15 17 81 12 63 3 5 14 1 0 8 15 21 16 27 6 75 8 38
