50 20
11 70 5 98 10 11 9 27 12 51 6 1 2 80 4 11 16 11 19 3 0 25 7 21 15 11 14 85 1 35 3 49 18 35 13 49 8 19 17 71
4 3 15 31 11 30 7 87 1 97 18 94 10 16 19 53 12 52 13 61 6 91 3 94 16 63 2 59 14 41 5 14 17 19 8 97 0 31 9 87
1 53 12 66 19 74 9 42 15 29 14 88 7 6 17 71 8 47 0 46 3 77 6 53 18 9 16 94 11 51 5 38 10 94 4 16 2 15 13 61
14 49 18 30 6 45 8 96 4 1 9 56 13 35 7 8 3 12 10 11 0 50 2 7 15 62 19 9 11 34 16 99 5 87 17 2 12 4 1 85
10 54 1 46 17 2 9 62 15 65 19 95 8 22 11 46 4 18 6 99 12 22 3 32 16 19 5 22 0 2 18 91 7 83 14 35 13 70 2 99
2 89 17 5 8 49 11 44 15 85 14 7 4 5 19 45 3 78 6 15 5 24 0 93 18 19 16 65 12 68 7 13 1 90 9 35 13 55 10 74
3 9 6 26 15 27 13 14 17 67 0 1 10 8 11 1 7 39 18 15 9 26 5 82 14 54 2 85 4 16 19 43 8 77 1 87 12 27 16 56
17 56 15 31 9 57 3 82 4 80 2 77 10 5 16 75 0 42 14 48 1 54 6 20 7 67 5 99 8 87 11 6 13 80 18 60 19 71 12 39
5 61 9 73 15 10 13 42 2 58 16 28 7 89 17 82 19 53 6 4 11 26 14 48 8 76 12 89 18 75 0 74 10 22 4 31 1 3 3 50
13 1 5 15 0 18 7 20 9 38 17 86 19 75 14 33 10 96 18 9 11 99 12 62 8 45 16 42 4 33 2 20 6 71 3 18 1 62 15 56
16 12 10 14 0 49 7 95 4 45 1 82 18 19 15 50 3 32 14 41 6 22 19 28 12 29 9 30 13 43 17 56 2 27 11 36 5 68 8 31
6 38 9 95 0 65 1 91 14 13 7 93 10 87 3 75 8 44 5 33 19 45 2 39 18 98 4 66 11 29 15 62 16 42 12 19 17 11 13 56
13 52 4 18 8 28 7 95 14 83 3 14 2 3 1 60 11 70 5 31 18 48 9 90 17 31 12 63 19 64 0 10 16 90 15 96 6 11 10 24
9 81 0 87 13 40 17 75 8 37 15 48 3 82 19 8 7 85 10 38 11 50 16 58 2 58 1 90 4 89 18 21 5 39 12 2 6 1 14 20
5 73 3 47 16 15 10 26 17 61 19 40 4 56 1 33 7 58 15 91 11 61 12 17 14 18 13 76 9 23 6 18 8 48 0 68 18 21 2 53
16 11 14 84 5 21 17 4 11 10 12 45 9 33 7 44 19 10 10 60 13 95 8 77 15 16 18 76 1 70 2 66 3 6 6 63 0 71 4 66
5 28 11 6 14 55 0 51 13 80 17 35 7 24 10 70 1 1 16 91 8 67 19 32 12 15 15 59 3 81 9 46 4 69 18 53 2 23 6 58
10 8 12 67 7 25 17 57 9 15 2 64 16 84 5 90 11 89 6 17 0 8 8 64 3 95 4 96 13 35 14 66 1 54 18 23 15 61 19 7
5 93 2 23 10 72 19 12 4 1 15 49 12 85 11 75 1 38 9 12 16 94 13 93 18 52 17 60 8 73 14 53 3 91 7 7 6 32 0 7
12 40 6 3 15 5 0 19 17 21 11 17 10 23 13 92 3 28 19 49 8 53 14 17 5 14 16 88 4 35 7 77 2 50 18 64 9 47 1 21
5 76 9 28 0 39 18 27 19 76 4 80 6 70 2 43 7 60 8 88 12 23 14 69 1 69 13 23 3 37 10 26 11 62 17 32 15 12 16 34
4 68 16 52 11 22 1 63 17 1 10 86 14 62 15 51 8 87 2 35 0 48 7 57 5 91 12 38 6 92 18 6 9 73 19 15 3 88 13 34
2 41 1 40 3 95 8 87 10 73 4 58 17 30 15 42 9 45 5 67 19 52 7 36 14 53 12 30 13 76 11 14 0 41 6 71 18 35 16 36
4 10 12 5 7 52 13 99 19 98 11 8 2 22 0 1 18 90 17 10 15 63 14 66 8 2 6 2 16 62 1 94 9 19 10 83 3 60 5 54
13 76 0 46 9 29 8 26 19 91 2 30 10 4 5 19 6 60 17 27 4 54 3 13 12 91 11 59 14 82 7 88 18 68 15 99 16 7 1 91
12 46 17 24 16 44 18 35 11 46 13 92 0 89 9 93 10 46 14 86 6 16 2 35 19 71 5 94 7 81 15 48 3 76 4 8 8 52 1 50
13 62 1 64 14 15 12 79 17 54 9 10 3 11 11 7 19 31 8 16 15 17 2 82 10 76 6 99 18 56 4 34 0 17 5 80 16 69 7 14
4 14 1 5 14 6 5 78 15 14 12 13 19 14 16 12 18 15 13 22 0 36 7 62 8 89 3 4 2 80 6 10 11 9 9 11 10 5 17 32
2 55 15 32 11 27 0 55 8 9 17 42 3 21 12 56 19 94 5 66 18 35 7 65 6 16 14 2 9 36 13 66 1 74 4 84 16 90 10 83
17 11 19 86 15 19 10 42 8 68 3 73 13 43 0 18 1 87 5 52 9 55 12 7 11 73 16 21 2 94 4 34 7 19 6 30 14 48 18 87
19 5 11 44 7 41 2 89 13 48 18 90 8 3 3 18 5 31 15 1 1 36 4 42 0 8 9 78 14 41 17 6 16 93 10 11 12 44 6 94
2 88 7 91 13 85 9 90 5 46 12 39 15 35 3 5 8 96 1 27 19 69 10 44 11 34 14 31 0 52 18 56 4 31 17 37 16 81 6 29
4 69 10 62 17 7 2 33 3 71 15 53 0 70 9 52 1 17 5 39 13 65 19 76 12 5 16 80 14 74 18 41 6 47 7 65 11 77 8 78
13 75 4 11 15 8 19 80 12 50 7 54 11 22 17 26 6 27 18 4 0 43 10 35 1 98 5 76 9 52 8 29 2 77 16 91 14 41 3 73
12 32 7 16 16 71 2 76 6 70 1 97 5 31 17 76 9 98 4 58 8 55 11 82 18 91 10 70 3 4 14 89 19 7 13 23 0 52 15 21
17 33 13 15 2 53 14 80 18 3 16 35 1 79 5 75 12 24 8 56 15 47 9 21 4 65 0 74 11 71 3 81 7 65 10 1 6 81 19 37
11 84 16 6 9 19 4 5 12 69 18 58 19 26 6 92 0 79 1 5 10 18 5 87 3 22 8 87 14 65 17 21 7 48 13 87 2 31 15 26
16 41 3 77 14 65 18 14 7 96 8 86 15 29 19 99 9 41 4 10 5 13 1 5 10 28 13 66 11 21 2 52 12 3 0 30 6 74 17 23
13 88 1 12 2 87 7 66 6 29 18 8 11 53 3 89 5 72 17 38 10 9 4 10 16 87 19 84 9 61 14 38 12 80 8 28 0 19 15 2
8 91 12 92 5 10 1 73 19 39 6 49 3 20 4 79 15 64 7 59 11 71 17 74 2 25 0 55 18 27 10 38 14 44 16 1 9 90 13 15
11 10 10 4 12 98 5 50 19 91 1 63 0 18 3 87 16 86 14 84 4 27 9 70 18 13 8 90 13 57 6 22 7 8 15 23 17 46 2 96
19 59 12 96 8 13 17 49 14 9 15 39 13 14 1 33 5 3 10 36 3 80 6 77 4 79 18 88 9 41 2 97 16 17 11 56 0 26 7 40
19 9 9 67 17 94 10 1 14 58 16 34 8 51 1 43 6 23 5 13 2 93 3 36 18 32 12 86 11 67 13 92 0 69 7 47 4 93 15 95
19 98 8 35 15 51 2 92 10 84 5 34 11 80 12 79 18 92 16 51 9 53 14 22 3 67 7 75 4 34 17 4 1 49 13 73 0 64 6 92
7 40 5 94 11 7 6 73 9 32 15 46 14 21 1 85 4 46 18 37 12 12 13 8 8 80 19 35 10 41 0 66 17 78 2 40 3 30 16 8
0 86 12 64 19 86 3 6 16 13 6 27 5 41 2 86 13 46 11 63 17 8 1 65 10 51 4 82 14 62 8 65 9 6 7 49 15 72 18 82
1 19 5 44 14 8 8 86 9 28 12 10 17 23 11 31 16 5 18 63 15 34 6 7 3 13 0 35 10 21 19 79 4 60 7 5 13 44 2 33
10 90 18 41 6 45 17 2 19 59 15 85 2 93 11 87 13 40 16 63 14 96 12 87 7 81 3 45 0 85 5 76 8 6 4 9 9 64 1 33
12 87 11 90 4 67 5 71 3 27 8 2 18 16 1 34 2 31 7 25 14 7 16 69 15 53 9 74 13 87 17 21 19 65 6 59 10 75 0 43
12 34 16 41 3 89 2 18 19 11 8 10 4 81 17 53 0 66 9 95 6 70 18 54 13 6 11 14 15 19 10 45 5 41 14 73 1 67 7 75
