50 20
7 13 18 80 5 52 16 45 9 85 4 3 14 58 1 72 15 2 10 38 17 77 0 66 12 20 3 66 2 88 13 35 11 69 8 33 6 38 19 34
18 27 12 95 0 88 8 78 6 72 9 97 11 43 16 43 14 84 10 96 13 2 1 68 3 5 17 53 5 7 4 39 2 83 19 65 7 12 15 20
7 63 0 13 13 80 18 3 12 33 2 32 9 52 6 23 4 26 1 68 17 92 10 23 11 42 5 64 8 69 14 78 15 9 16 38 3 74 19 16
19 62 3 15 6 29 5 5 1 80 14 30 8 45 12 54 7 31 17 53 10 37 11 58 13 60 15 1 0 71 16 89 9 11 4 61 18 14 2 32
18 14 2 40 17 19 14 61 13 15 16 29 0 18 5 36 1 30 15 94 12 15 19 46 4 45 11 48 6 10 7 92 9 67 10 88 8 74 3 91
4 69 0 41 12 1 13 13 15 67 11 47 16 41 6 82 17 75 8 47 14 35 3 39 5 80 18 30 7 75 10 20 19 58 9 33 2 70 1 23
11 65 13 55 1 71 17 26 15 62 9 77 3 42 14 8 12 25 7 84 5 43 16 59 0 55 6 64 4 14 18 61 2 30 19 32 10 76 8 7
5 39 9 95 10 25 14 23 4 48 2 74 12 15 7 44 18 59 15 27 1 62 11 85 19 85 6 19 13 10 8 63 17 30 3 42 0 53 16 1
19 59 15 98 13 80 14 28 17 37 5 24 9 44 11 11 0 35 1 33 7 62 18 30 16 76 8 95 10 31 6 20 4 75 12 88 2 9 3 44
13 34 14 62 19 50 1 56 12 65 6 39 4 79 0 20 5 85 15 12 2 2 8 89 16 59 11 9 7 68 10 13 3 33 9 42 18 31 17 79
18 30 19 93 7 62 12 97 2 29 1 70 6 20 15 40 14 6 10 29 9 97 17 62 5 19 11 99 16 76 0 47 3 71 8 81 13 88 4 10
8 25 0 69 16 4 1 60 6 67 3 68 14 76 5 44 2 10 13 46 10 13 12 82 18 60 11 17 7 82 19 42 17 80 15 61 4 13 9 26
12 16 10 36 2 52 6 11 7 62 9 75 1 27 8 48 16 45 13 59 5 51 14 97 4 62 3 92 15 45 0 42 17 38 18 39 19 89 11 39
11 59 17 88 12 36 7 48 15 13 6 27 3 89 18 24 10 33 13 41 14 25 8 30 4 58 2 68 9 32 5 73 0 96 16 78 1 62 19 70
0 45 18 92 11 97 6 54 19 63 12 26 7 7 8 95 4 13 3 24 13 27 16 82 2 99 15 96 9 86 1 79 17 50 14 7 5 55 10 19
15 2 3 32 19 40 17 52 6 65 2 28 16 7 0 42 8 98 10 24 13 88 9 75 1 78 5 26 12 22 18 94 7 14 4 31 11 62 14 21
19 48 5 51 7 99 14 40 15 63 17 94 4 65 18 67 9 47 16 80 11 94 13 77 6 93 8 48 12 89 10 97 2 41 0 37 1 20 3 3
1 98 4 67 14 46 8 71 7 45 13 42 0 20 10 76 15 71 2 99 3 21 6 2 18 53 5 16 17 47 11 10 19 53 9 14 16 64 12 81
17 13 15 59 19 39 2 13 5 19 14 76 13 77 11 61 18 20 12 73 8 10 3 28 0 93 1 6 10 41 4 84 9 46 16 87 7 47 6 79
6 58 16 93 3 74 10 85 13 5 12 38 15 88 11 94 2 78 4 21 9 94 17 72 0 24 7 84 14 89 1 61 19 35 8 50 18 90 5 49
14 59 19 87 18 7 7 6 9 32 12 8 2 75 1 55 17 89 4 4 8 62 10 69 16 79 13 79 0 23 5 61 3 7 6 66 11 4 15 39
11 43 2 41 13 10 12 18 16 93 8 95 9 62 1 61 5 47 17 66 19 7 4 44 14 73 3 69 10 32 15 24 7 71 0 48 18 19 6 44
12 65 0 40 19 91 18 62 8 63 9 60 10 26 3 84 14 58 13 85 6 45 17 13 1 36 15 43 7 29 16 89 11 57 2 96 4 34 5 32
4 25 6 38 16 79 19 54 9 26 3 41 11 57 14 27 8 82 15 25 7 86 0 95 13 12 10 9 17 29 12 21 18 61 2 95 5 24 1 93
14 95 3 46 19 6 1 57 6 25 13 50 0 81 4 87 11 45 5 61 9 88 10 10 18 96 7 30 12 52 8 65 2 1 15 75 16 55 17 62
17 27 5 37 14 89 13 87 16 48 7 1 15 87 0 92 4 95 9 16 18 81 3 3 12 58 6 8 2 64 19 31 8 22 11 57 10 40 1 56
15 35 6 92 12 32 7 34 0 91 9 52 10 59 3 45 17 40 14 10 4 50 1 80 2 33 18 40 11 39 16 81 13 38 8 17 19 30 5 48
7 40 18 82 3 10 5 34 19 20 13 91 1 80 10 2 16 4 14 49 8 74 15 89 12 97 4 33 11 54 9 55 2 28 17 93 6 15 0 57
9 54 18 30 1 13 13 50 15 48 17 96 6 9 7 69 16 1 4 7 11 22 3 35 14 49 8 57 10 34 19 66 12 87 5 12 0 77 2 26
15 60 6 65 11 89 3 86 7 2 4 84 8 54 12 6 9 54 0 8 10 6 13 9 2 88 18 40 5 70 1 58 16 10 17 94 14 34 19 42
2 32 1 77 18 28 4 33 10 76 11 73 15 92 5 20 3 48 9 16 12 71 6 57 19 20 13 61 14 10 8 96 16 20 17 95 0 75 7 48
2 54 18 33 0 87 11 36 19 30 5 39 14 61 13 96 4 81 16 95 10 18 12 48 3 92 17 20 6 69 8 83 15 35 9 36 1 17 7 96
18 32 9 8 16 40 0 39 17 58 8 62 4 58 1 87 14 71 11 5 13 37 6 33 19 7 10 22 12 79 7 7 3 63 5 95 2 28 15 39
19 64 1 55 13 37 15 38 14 48 12 22 9 83 7 23 2 1 3 88 17 52 8 47 16 89 10 16 0 6 4 80 18 68 6 55 11 31 5 20
14 44 0 35 13 15 6 36 7 25 5 69 2 71 8 9 11 14 15 42 12 14 4 80 3 55 9 3 19 13 10 29 16 40 18 49 1 18 17 85
13 69 3 17 12 82 0 2 14 11 8 24 11 53 16 25 10 88 7 49 18 38 5 35 15 95 1 97 4 67 9 52 2 86 19 4 6 26 17 38
15 66 19 25 13 65 8 68 18 26 16 43 12 6 4 99 9 33 10 55 2 11 1 34 5 50 7 46 17 15 3 40 14 25 0 9 6 27 11 27
5 92 15 37 18 10 12 30 16 25 7 76 4 66 0 47 10 90 3 11 11 5 9 49 19 53 13 25 1 3 8 21 6 55 17 31 14 31 2 9
16 77 18 50 9 75 19 61 3 54 2 18 8 48 13 83 11 9 17 88 10 16 4 40 14 95 15 36 7 90 6 14 0 19 5 24 1 6 12 79
11 56 14 34 8 41 10 79 6 51 16 92 18 24 9 42 7 36 1 34 13 14 17 20 3 83 4 74 0 44 19 21 15 41 5 58 2 82 12 49
3 94 18 49 13 87 0 38 11 51 6 47 10 23 5 56 1 39 14 8 9 33 17 89 16 80 8 83 7 99 12 4 2 35 15 66 4 18 19 43
15 64 3 90 4 86 2 1 12 90 8 73 19 91 1 45 18 39 7 99 5 96 10 28 0 5 9 48 11 27 14 92 17 31 6 26 16 39 13 5
9 94 8 54 7 85 18 86 10 63 1 98 0 21 15 2 14 9 11 76 3 20 5 10 4 68 16 15 2 24 12 72 17 2 13 49 6 45 19 2
16 28 7 81 14 96 4 93 12 94 15 18 5 64 17 26 10 9 0 77 13 88 11 23 18 62 9 73 19 20 6 51 3 66 1 71 8 35 2 35
9 46 4 64 10 75 14 54 1 53 16 10 11 3 2 37 6 81 18 6 0 16 13 43 19 71 15 68 7 84 5 2 3 16 12 60 17 68 8 60
7 92 9 60 13 27 19 69 0 1 17 11 12 72 8 6 1 95 16 6 2 38 11 88 5 96 3 53 15 21 4 72 6 24 14 75 18 83 10 92
17 9 14 61 15 63 13 95 5 32 16 74 8 28 18 91 11 92 4 95 1 69 9 29 6 60 3 51 10 86 0 84 19 36 2 58 7 76 12 79
6 7 4 71 10 69 12 48 7 38 2 11 19 13 17 23 13 59 9 59 11 53 14 26 15 55 18 27 0 95 1 91 3 88 16 89 8 5 5 70
1 39 9 90 2 20 14 49 17 45 5 23 3 6 13 46 8 89 10 48 0 39 19 51 12 83 6 87 7 48 18 57 11 75 15 66 4 60 16 11
11 28 6 16 10 12 7 34 3 64 12 79 17 26 2 59 13 71 16 6 4 81 19 95 0 90 15 25 9 72 5 36 8 5 18 82 1 79 14 5
