50 20
17 93 12 43 15 50 1 16 7 73 4 27 0 80 6 51 18 76 2 42 14 82 19 24 16 67 13 98 8 35 9 12 3 65 5 42 11 11 10 20
14 73 9 22 19 84 6 79 2 87 3 29 10 78 16 25 0 66 5 46 17 14 1 66 15 87 7 85 18 41 11 6 8 72 12 70 13 9 4 99
5 32 0 79 12 49 16 62 7 70 17 47 2 92 10 66 8 90 3 50 11 6 9 51 6 92 18 36 4 88 1 66 19 37 14 81 15 42 13 61
11 21 10 82 3 84 18 19 7 59 17 42 8 98 19 68 0 1 14 77 4 9 9 22 5 28 16 50 12 65 1 38 13 39 6 86 15 69 2 28
4 90 17 14 5 16 2 14 18 56 3 32 13 25 0 22 15 99 1 1 10 97 7 17 16 11 12 32 14 13 8 77 11 75 9 56 6 79 19 55
5 65 10 46 13 26 7 82 3 20 2 61 15 66 0 29 1 24 9 50 11 4 17 72 16 60 6 50 19 83 18 89 4 72 14 85 8 81 12 48
18 37 5 4 16 37 6 59 11 19 17 26 7 73 19 90 10 20 0 97 15 31 4 55 9 29 12 19 14 35 1 71 3 13 13 44 8 78 2 32
10 83 18 26 3 13 4 18 1 23 14 78 19 23 6 35 2 52 9 5 0 13 8 59 13 17 15 78 11 17 5 72 16 55 12 23 17 87 7 4
6 56 19 19 9 52 4 41 5 48 1 3 14 7 7 4 10 60 2 89 11 58 18 54 13 2 16 8 8 82 12 98 15 8 0 98 3 21 17 91
14 14 16 25 13 65 15 84 18 58 3 3 7 82 2 96 0 46 9 83 5 24 4 56 1 78 19 92 12 86 11 35 8 75 17 42 10 88 6 77
11 23 12 3 3 66 14 53 8 68 9 87 13 56 7 51 18 79 0 91 17 27 2 23 1 62 4 12 19 87 10 90 16 45 15 28 6 52 5 22
13 82 10 24 6 15 16 94 11 31 12 2 18 97 7 8 4 57 15 2 5 59 19 36 1 39 14 1 8 16 3 5 2 22 0 61 17 67 9 16
13 93 6 36 12 6 9 8 11 41 0 47 19 32 4 45 3 23 1 4 10 90 2 64 15 50 8 89 16 85 18 50 17 18 7 13 5 39 14 6
1 34 17 89 10 34 13 30 2 27 5 19 18 90 19 95 14 79 7 96 12 64 6 17 4 74 8 3 0 53 15 95 11 30 3 66 9 35 16 78
10 3 19 45 9 6 0 11 8 20 6 92 15 66 7 87 11 51 2 51 13 14 1 92 4 21 14 75 16 62 12 70 18 80 3 45 17 95 5 17
3 77 11 11 10 1 16 87 15 80 17 82 0 26 12 54 4 43 7 70 9 89 2 92 6 49 5 11 8 66 18 57 13 5 14 72 1 83 19 63
6 15 8 57 3 85 0 76 7 34 18 52 15 80 1 88 19 74 13 29 12 20 5 63 16 76 17 53 9 23 10 20 11 67 2 74 14 23 4 26
3 12 11 34 14 48 12 98 2 90 6 59 15 75 10 73 13 67 0 26 19 98 5 51 8 19 7 82 4 98 16 41 17 79 1 65 18 56 9 70
13 95 17 24 9 96 8 3 0 85 5 43 14 96 6 82 18 96 3 17 2 68 11 45 7 48 1 99 4 63 19 90 15 34 12 8 16 63 10 41
0 40 1 47 7 57 13 22 17 7 4 46 18 92 19 70 11 43 16 88 6 79 9 99 3 17 10 99 14 26 5 15 8 67 12 16 2 74 15 35
7 90 10 23 15 55 3 23 13 26 1 33 18 4 19 16 17 86 8 48 5 41 12 12 6 66 11 79 0 20 4 5 2 69 14 47 16 62 9 99
2 93 10 56 0 21 19 53 6 13 14 83 12 45 16 46 18 27 1 84 15 51 4 34 7 8 8 42 5 35 13 31 9 92 17 45 11 45 3 74
14 4 17 9 6 63 15 31 18 41 10 47 7 54 16 68 1 59 11 6 5 93 2 14 9 63 0 15 8 27 12 19 3 30 13 89 4 42 19 65
18 74 7 79 9 49 10 48 2 44 16 53 3 84 6 68 5 18 11 13 4 98 12 59 0 46 15 97 1 30 17 47 14 94 13 16 8 38 19 39
12 68 15 19 2 62 19 97 10 48 1 62 13 42 17 61 4 85 5 33 3 78 6 15 18 3 9 2 7 80 8 56 11 89 14 23 16 15 0 5
15 40 9 94 17 94 18 87 1 67 16 99 5 27 0 81 6 83 14 34 13 56 4 11 10 10 7 57 8 59 12 5 3 64 2 21 19 33 11 19
4 2 10 53 14 18 6 89 5 90 13 90 11 34 0 55 3 20 12 58 1 9 17 82 15 93 8 33 2 15 7 62 9 39 16 53 19 53 18 8
8 40 13 34 6 86 14 90 12 68 11 30 4 99 3 6 2 49 15 73 7 2 9 61 17 4 19 60 18 6 1 59 10 77 16 32 0 93 5 29
5 76 11 23 17 89 13 21 12 23 4 54 2 40 16 60 1 9 6 71 3 36 18 85 7 1 0 81 8 98 15 13 9 94 19 74 14 61 10 20
15 8 3 39 10 92 5 78 4 26 19 25 9 64 0 33 1 26 6 1 16 2 8 92 17 44 11 3 2 64 12 71 13 97 7 35 18 66 14 6
3 61 7 14 1 63 5 28 0 47 13 33 8 64 16 20 14 17 4 58 10 91 15 82 18 33 9 55 17 31 12 48 2 27 6 78 11 64 19 20
14 69 18 17 9 95 10 62 19 76 8 54 16 7 11 84 7 5 13 79 4 45 1 43 12 51 0 2 5 98 6 93 17 92 2 70 15 33 3 3
7 52 3 55 0 20 2 84 10 55 13 91 1 19 15 9 9 87 12 97 17 25 18 2 5 55 4 80 16 19 8 34 14 98 6 12 19 72 11 65
13 68 3 53 14 69 17 57 1 50 19 93 8 85 4 29 9 74 7 90 12 7 2 82 5 37 15 68 18 77 0 64 6 26 11 59 16 35 10 98
13 21 4 81 17 49 6 26 3 9 18 84 14 90 1 41 0 36 2 74 16 10 7 8 19 15 5 88 9 94 8 59 15 36 12 85 10 75 11 9
14 71 1 25 8 12 15 61 18 25 10 85 16 26 12 38 4 8 5 4 13 68 19 60 2 40 0 16 9 65 11 9 6 70 7 28 3 34 17 72
7 89 6 61 4 62 19 65 2 80 8 88 12 81 13 7 18 29 14 84 16 41 3 23 15 65 9 66 17 8 1 64 0 67 11 69 10 34 5 94
14 60 7 42 5 81 1 39 17 94 9 69 18 96 0 94 12 53 16 73 6 4 10 32 3 63 4 66 15 92 8 97 11 38 2 1 19 28 13 78
2 9 11 64 12 22 18 6 1 56 13 46 10 53 6 94 7 63 19 61 14 47 16 99 9 24 17 41 8 40 15 59 3 55 4 25 0 70 5 52
17 75 16 1 1 26 0 72 8 51 9 18 6 59 12 67 15 86 7 1 5 11 19 18 3 40 11 4 2 30 14 90 18 1 4 59 10 1 13 12
0 55 6 52 9 38 10 64 3 50 2 88 16 94 18 18 14 9 7 8 5 62 13 78 11 44 19 34 4 13 1 22 12 56 15 66 17 17 8 54
13 29 8 46 9 54 14 44 16 99 1 69 19 42 18 79 0 5 10 84 5 16 3 61 6 18 12 36 17 55 2 8 15 92 11 92 4 72 7 18
9 73 2 60 11 66 13 55 3 57 6 98 19 8 10 96 14 3 17 5 0 10 12 99 5 7 18 71 1 76 15 86 7 42 8 26 4 88 16 16
17 77 8 34 12 1 7 88 2 74 5 86 13 89 9 60 10 46 15 32 3 46 19 31 18 42 4 77 0 6 14 77 11 25 6 98 16 74 1 61
15 21 2 62 14 14 8 71 5 89 4 76 9 57 19 96 13 26 10 79 1 4 7 24 17 28 12 25 18 78 0 25 6 14 3 26 11 95 16 51
0 3 11 4 17 82 4 16 14 85 10 69 9 61 7 67 13 5 1 28 16 9 2 42 15 22 8 48 3 60 12 9 5 47 18 80 6 70 19 75
5 68 15 64 17 90 3 42 8 22 6 41 0 16 13 72 10 94 4 84 9 70 11 46 2 43 19 27 7 34 12 3 1 82 14 85 18 27 16 44
0 80 14 35 11 63 18 63 12 47 8 59 17 21 6 48 19 41 5 45 10 24 13 96 7 41 1 39 15 45 16 41 4 5 9 5 2 34 3 53
0 3 16 84 5 71 1 18 7 22 17 24 19 35 10 40 8 13 13 32 9 65 18 5 6 12 2 97 14 3 12 43 11 89 3 74 4 85 15 91
0 13 16 40 19 20 1 81 10 21 12 64 9 84 2 46 4 4 18 54 7 97 17 27 5 58 15 61 3 25 14 56 13 53 11 59 6 68 8 3
