50 20
10 15 5 69 15 54 6 45 3 60 14 72 13 79 11 42 18 28 12 76 16 41 9 29 7 38 4 54 0 14 17 29 19 67 8 89 2 56 1 54
19 37 10 8 6 7 11 92 5 58 14 3 2 32 3 63 18 58 13 76 7 47 4 58 15 3 1 39 0 82 9 86 16 62 8 30 17 70 12 19
1 18 5 84 3 28 12 65 19 9 14 56 9 61 4 98 6 21 10 54 16 67 18 2 8 25 0 82 17 83 7 44 2 71 13 94 11 92 15 38
18 43 14 15 16 32 7 62 10 82 0 45 19 66 5 27 4 6 12 30 11 76 3 78 6 26 9 29 8 10 1 8 2 17 15 93 17 29 13 28
18 35 17 47 11 47 9 77 12 88 6 88 4 15 16 21 2 56 0 76 10 93 3 90 13 80 8 19 1 52 15 38 19 92 7 87 5 92 14 85
13 11 15 92 12 97 3 33 11 24 5 40 8 94 4 24 0 65 6 30 18 10 2 74 10 24 14 42 19 43 9 1 16 46 17 32 7 76 1 59
19 12 4 76 10 73 15 67 0 55 13 16 6 11 1 41 14 25 16 12 12 66 9 68 5 52 2 48 11 29 3 24 17 61 18 37 7 88 8 56
15 30 11 43 1 1 6 35 0 13 5 91 18 39 19 62 4 45 9 48 2 38 10 95 7 38 12 18 14 82 3 20 17 96 8 42 13 44 16 17
2 11 5 78 8 27 0 63 4 39 19 51 10 15 11 91 16 26 1 99 7 94 6 28 15 62 12 72 3 94 18 9 13 91 14 57 9 44 17 42
13 45 5 56 19 51 2 60 9 73 10 75 4 2 0 87 3 27 14 78 12 47 8 88 16 87 11 11 15 71 18 30 6 37 1 50 17 23 7 76
1 90 13 81 12 61 0 11 15 23 14 25 9 60 5 57 2 12 19 67 17 91 4 55 16 75 3 6 8 3 10 11 11 21 7 58 18 71 6 40
17 7 0 5 8 41 9 98 14 96 2 20 11 49 16 97 5 18 7 92 12 1 19 71 18 73 1 44 10 61 13 73 4 68 15 16 6 54 3 43
17 26 16 15 13 58 3 10 15 52 18 70 1 6 6 36 8 76 11 2 10 26 2 4 9 98 14 99 19 15 4 26 5 61 0 57 12 97 7 87
9 56 19 84 13 90 5 65 12 79 11 12 18 58 7 65 4 71 10 27 8 66 15 40 17 21 0 85 1 26 2 67 3 96 6 34 16 5 14 85
15 74 10 82 7 98 16 67 2 4 19 29 8 64 3 90 6 21 14 80 4 73 9 8 18 33 17 40 0 96 11 6 13 37 12 7 1 83 5 29
12 13 13 96 3 68 2 34 15 99 18 59 8 55 10 48 9 81 4 99 1 21 6 58 17 60 7 82 11 81 14 35 0 12 16 99 19 10 5 81
9 3 5 54 10 89 11 95 0 3 1 9 7 26 2 92 14 17 18 51 15 5 4 73 8 2 19 17 6 87 12 21 13 40 16 74 3 18 17 54
17 51 3 52 12 7 13 39 8 3 9 13 1 36 2 33 10 65 16 73 14 30 0 39 7 4 18 75 19 12 11 10 15 54 4 43 5 59 6 74
3 53 10 91 13 66 9 8 18 39 4 79 14 94 7 84 17 62 2 31 0 78 16 98 1 93 5 99 12 65 19 64 11 43 6 90 15 43 8 5
17 23 13 5 12 9 16 83 15 97 11 78 4 49 9 71 19 58 7 14 6 99 10 6 3 79 2 21 1 47 8 80 18 76 14 76 0 23 5 85
17 90 2 60 6 40 3 3 8 3 9 51 18 63 12 72 19 11 14 3 15 33 11 34 16 5 13 74 4 71 5 14 1 58 0 68 10 85 7 85
17 7 3 98 13 24 4 31 0 62 2 2 9 33 12 76 10 49 16 28 14 23 6 13 7 17 19 67 15 87 8 50 5 10 18 51 1 18 11 31
8 73 6 78 9 84 11 35 1 9 19 84 2 65 18 70 7 62 15 70 16 55 14 12 5 31 13 96 10 62 0 11 4 32 3 8 12 5 17 99
2 12 1 72 0 62 14 32 3 21 13 64 5 31 15 91 18 69 16 33 11 90 12 41 4 1 9 42 7 22 17 26 8 11 6 34 10 70 19 63
14 9 8 35 7 19 6 31 17 41 19 87 18 33 2 22 0 93 12 29 9 27 1 50 4 24 15 40 5 18 16 62 10 80 13 22 11 93 3 38
15 77 4 39 16 75 10 2 12 85 17 7 14 89 8 54 5 80 7 31 13 57 3 18 1 48 9 32 18 81 2 42 19 35 11 84 0 85 6 11
5 25 18 83 13 93 3 56 7 69 15 69 17 32 14 18 8 46 19 80 1 78 0 84 16 86 9 82 4 9 12 85 6 18 11 48 2 57 10 91
0 77 4 15 12 68 10 76 19 45 17 5 1 53 15 21 9 9 13 51 5 93 6 67 2 17 3 37 16 89 14 19 18 43 7 17 11 14 8 42
3 46 2 49 14 74 1 98 8 28 9 74 13 30 16 66 7 17 10 56 19 53 0 52 15 68 11 69 5 36 18 96 17 59 12 8 4 87 6 8
1 26 6 14 8 93 18 44 16 59 15 66 4 83 13 92 19 86 3 77 0 75 17 63 10 33 7 80 9 80 2 45 11 28 12 3 14 72 5 7
14 73 4 75 2 43 0 3 9 67 5 4 8 69 12 58 7 79 3 50 10 97 19 79 17 53 18 95 11 89 16 20 6 84 13 7 15 61 1 40
9 15 15 96 12 76 8 66 16 94 0 58 1 82 2 70 6 55 10 4 13 4 3 67 17 45 7 5 11 33 19 20 18 97 4 11 5 1 14 49
19 81 2 82 15 34 14 77 0 17 12 30 5 6 16 60 3 53 1 74 4 55 18 58 9 9 13 74 10 83 17 36 7 68 11 16 8 59 6 26
1 48 13 74 6 47 4 34 15 65 16 83 12 78 2 14 5 42 17 43 8 81 3 8 9 63 0 94 10 93 19 99 7 8 18 12 11 39 14 20
8 38 12 90 7 6 1 64 4 88 0 32 2 80 11 54 9 42 16 26 19 58 5 97 13 82 14 39 6 94 17 1 18 31 3 44 15 57 10 35
14 11 8 78 1 30 16 64 0 14 12 62 19 20 15 21 11 96 3 24 4 84 13 28 17 47 9 76 18 69 5 87 10 18 2 96 7 22 6 16
0 49 1 11 12 58 5 50 18 29 2 18 3 69 10 44 7 77 15 56 13 52 11 40 9 19 19 31 16 93 4 12 8 54 14 60 6 40 17 38
16 15 5 51 19 7 4 60 14 79 10 39 7 72 3 35 2 6 6 84 0 33 13 78 15 40 11 53 18 63 9 31 17 94 8 72 12 87 1 16
12 74 13 2 14 83 11 86 18 3 2 82 8 66 15 14 5 91 1 5 17 97 7 16 0 18 16 44 3 98 10 54 9 88 4 1 19 71 6 61
15 4 9 30 14 91 11 91 8 14 18 6 4 31 10 32 3 94 19 30 12 26 6 67 13 46 5 64 2 49 17 15 0 76 7 23 16 99 1 58
8 64 4 44 2 80 19 53 0 64 18 77 11 89 3 91 7 26 6 62 1 4 9 63 15 55 10 16 17 41 13 43 14 27 5 11 16 10 12 61
1 94 7 12 15 75 6 5 12 88 10 38 0 44 4 25 13 15 14 7 5 99 19 30 18 51 2 59 11 80 16 59 8 82 9 45 3 49 17 94
5 71 6 86 4 89 12 79 13 53 19 18 0 8 18 20 7 7 3 31 16 17 9 4 15 8 1 82 14 33 10 91 17 86 2 84 11 66 8 2
17 83 12 79 14 18 19 5 2 56 3 83 18 39 5 35 13 2 4 67 10 38 0 82 6 19 11 65 1 65 8 75 9 66 7 96 16 69 15 77
12 67 11 4 0 59 19 98 13 65 15 60 6 22 4 55 8 63 16 45 10 87 3 46 18 99 9 74 5 41 1 11 14 19 7 56 2 71 17 93
15 19 17 37 0 95 13 44 14 30 2 55 6 73 16 63 12 57 4 23 7 64 11 92 10 54 9 84 18 10 1 11 5 54 8 62 3 26 19 4
7 10 1 31 19 83 5 19 18 91 10 78 4 14 13 27 11 89 17 49 3 32 12 37 6 67 14 22 8 66 9 9 2 35 16 63 15 53 0 42
12 29 15 49 2 17 7 30 13 46 6 14 14 48 18 87 19 15 4 80 8 72 11 12 1 15 9 4 5 50 17 66 16 98 3 51 0 49 10 11
17 96 8 74 14 99 12 90 3 94 5 76 13 37 1 31 18 74 10 30 7 88 9 72 2 72 11 84 16 60 4 96 15 29 6 89 19 26 0 33
17 78 15 81 8 92 1 30 7 17 16 32 10 94 5 79 0 68 19 55 14 76 11 1 9 97 3 20 4 13 18 91 2 7 12 38 6 9 13 74
