50 20
0 95 15 74 4 42 10 83 14 26 13 65 16 56 9 69 18 94 5 69 19 88 8 10 3 45 6 53 2 21 11 3 7 53 12 27 1 1 17 45
6 60 3 85 14 9 8 75 2 59 19 6 5 55 10 49 0 80 18 64 12 54 17 22 13 83 16 52 1 84 7 47 15 31 9 87 4 70 11 47
18 31 2 8 17 94 8 81 19 47 11 80 10 15 3 13 12 99 9 20 15 17 16 55 6 84 13 93 0 72 7 23 4 92 5 33 14 91 1 76
4 33 16 41 15 77 18 62 7 85 13 45 3 73 8 15 14 47 2 75 1 19 17 70 5 82 6 79 11 31 12 58 19 31 0 77 9 98 10 96
3 41 8 78 16 43 11 25 6 47 5 99 19 98 15 7 1 47 7 85 9 32 13 71 0 7 18 20 12 2 4 79 17 13 14 64 2 49 10 94
16 91 14 13 4 70 1 69 3 10 0 58 8 36 19 88 5 83 9 26 10 52 12 29 15 68 2 53 13 67 7 41 18 81 17 40 6 60 11 10
2 22 11 42 7 8 10 75 1 38 5 57 9 97 4 8 0 90 15 11 8 64 18 56 6 1 13 27 19 38 3 40 17 63 12 8 16 61 14 46
2 23 11 75 6 23 3 6 14 32 9 11 4 37 7 89 16 67 17 79 18 86 5 59 19 29 12 69 0 87 13 50 15 58 10 74 8 30 1 65
13 78 8 57 6 6 9 12 11 21 4 70 19 18 7 32 15 10 10 24 2 26 0 69 5 95 1 97 12 15 17 98 18 58 14 21 3 45 16 35
3 97 10 51 0 55 17 27 11 56 1 88 7 28 2 42 14 75 6 29 9 20 16 67 8 98 5 19 18 58 15 26 12 24 13 56 4 57 19 64
10 8 15 90 5 3 8 54 3 80 12 95 6 92 18 67 11 95 17 7 2 99 16 79 13 68 4 86 9 70 0 39 19 17 1 46 7 98 14 2
13 40 11 33 4 75 10 86 3 87 0 91 19 29 9 66 1 62 15 40 16 62 18 7 5 73 14 57 6 13 8 76 12 13 17 51 7 51 2 74
3 4 6 91 11 47 13 61 5 87 10 14 2 4 17 24 7 87 15 27 1 15 18 72 9 81 12 47 4 42 0 59 8 87 19 62 16 81 14 86
4 27 19 40 13 31 12 24 9 76 6 78 14 9 17 98 3 13 18 79 15 13 8 40 16 9 0 42 2 9 10 48 7 43 11 40 5 45 1 3
13 95 7 20 6 91 11 42 5 52 9 47 14 29 1 18 16 34 4 98 17 61 18 5 15 41 0 38 2 27 12 86 10 61 19 59 3 72 8 46
13 78 3 40 10 55 6 37 9 37 12 84 11 9 17 74 1 49 4 47 19 61 14 96 8 65 15 90 18 2 2 91 7 48 16 83 5 47 0 81
19 88 5 71 13 57 11 39 16 45 3 17 10 62 14 54 12 65 15 89 8 99 17 60 0 31 6 28 9 92 1 10 7 1 4 38 2 15 18 77
17 16 7 99 9 36 11 37 3 12 19 57 16 8 15 41 1 28 5 61 14 34 13 83 12 71 6 30 4 63 18 49 8 63 2 53 0 84 10 5
19 78 13 40 0 5 18 83 12 38 6 93 14 97 11 78 8 81 7 63 3 28 5 84 10 83 16 98 2 41 17 98 1 10 9 19 15 76 4 21
14 23 16 98 10 24 4 96 5 52 7 68 2 88 9 23 19 98 11 64 18 4 17 56 12 72 6 52 15 24 0 57 13 48 3 49 8 8 1 83
0 4 16 66 9 94 13 89 11 92 7 76 3 47 12 97 19 25 6 85 14 6 8 51 2 37 17 31 4 18 1 81 18 68 5 92 10 38 15 70
19 54 0 26 1 43 9 55 12 28 17 33 14 20 16 45 4 22 6 88 10 36 5 41 2 51 15 56 7 14 3 81 8 17 18 93 13 64 11 7
9 79 12 68 13 8 19 34 1 2 8 95 2 65 11 95 7 60 14 25 6 70 10 60 0 23 4 1 3 37 16 70 5 68 15 30 18 86 17 93
6 57 16 72 5 34 13 5 1 78 8 64 15 42 4 40 2 75 9 80 0 10 3 66 7 25 10 49 19 3 11 20 14 38 12 15 18 1 17 17
4 14 16 6 13 38 6 43 17 86 9 17 19 38 2 22 1 28 10 18 8 41 11 98 3 28 7 82 14 51 5 29 15 58 18 79 0 84 12 28
16 60 6 14 3 55 12 49 11 24 4 17 18 82 8 25 7 65 14 59 17 67 0 97 2 3 13 14 19 90 10 24 5 13 15 27 1 51 9 92
10 25 17 78 14 74 9 30 13 70 19 30 5 7 8 99 15 56 7 71 2 19 16 77 12 94 18 28 1 70 11 16 6 65 4 78 3 90 0 31
7 70 0 49 2 44 11 20 9 99 18 32 10 51 8 11 12 22 13 76 4 58 15 62 16 88 5 39 6 12 17 59 14 20 19 37 3 53 1 96
6 45 16 87 2 29 19 80 10 49 13 83 12 88 8 69 7 88 4 26 14 15 18 57 17 31 1 71 5 88 3 66 0 47 11 54 9 96 15 21
8 33 19 26 0 49 13 30 14 26 3 47 1 41 2 34 18 13 15 32 11 86 17 99 4 60 12 43 6 90 9 94 16 5 7 56 5 60 10 17
7 49 0 51 16 40 18 30 17 96 14 36 6 95 3 5 19 73 15 99 1 30 10 33 5 54 8 89 12 2 13 36 4 86 9 80 2 79 11 73
17 96 19 53 11 78 13 56 2 75 3 55 16 71 15 35 14 86 7 47 12 61 1 28 10 83 18 36 0 99 5 64 4 85 6 91 8 54 9 71
0 94 4 69 11 63 14 71 18 23 12 24 10 57 8 23 9 45 1 93 3 7 16 27 5 10 15 58 17 73 7 53 19 10 2 98 6 99 13 72
7 91 3 90 13 70 1 40 15 46 17 61 0 63 16 65 6 32 12 12 8 55 11 61 2 92 10 40 5 97 9 40 4 11 19 12 14 47 18 66
16 10 5 82 17 49 18 36 8 8 12 84 9 31 7 6 3 70 2 59 14 81 15 77 4 50 13 24 10 76 19 98 1 79 0 91 6 37 11 4
3 80 2 98 1 67 14 53 17 76 13 78 4 98 8 76 19 99 15 92 18 81 11 22 5 1 12 80 9 50 16 79 10 56 6 2 7 10 0 17
3 35 1 82 15 51 12 75 6 45 5 5 0 24 2 52 13 31 8 42 4 75 17 11 9 19 14 14 10 6 19 8 16 6 7 1 18 99 11 78
18 47 7 23 9 69 11 32 2 56 3 70 19 30 4 37 5 80 15 3 1 33 12 7 17 25 14 61 13 4 16 5 0 15 6 76 10 60 8 94
10 75 12 3 6 85 1 3 3 3 14 13 16 51 4 17 19 54 17 78 2 31 7 50 15 16 9 69 18 60 8 95 11 94 5 20 13 83 0 96
7 20 18 70 8 96 17 32 9 13 19 10 0 59 6 8 13 32 16 89 15 18 1 59 2 94 12 52 10 19 14 61 11 11 5 96 3 99 4 15
13 29 12 66 3 37 16 84 19 48 0 56 11 68 10 17 9 15 2 48 18 35 1 23 4 69 5 7 14 14 6 27 17 27 8 99 15 20 7 40
7 2 4 99 0 39 5 11 13 8 6 30 1 51 16 55 2 22 8 70 3 69 19 33 11 70 12 19 15 41 10 4 9 55 14 46 17 33 18 99
17 46 18 94 8 55 2 95 13 92 10 97 5 78 19 51 0 34 12 22 11 86 14 92 16 66 1 16 7 60 6 54 3 74 15 54 9 79 4 12
4 83 11 7 19 17 16 57 12 96 14 61 6 61 18 1 9 58 7 6 17 17 3 19 13 88 0 98 8 12 2 59 1 57 10 20 5 41 15 14
13 67 16 60 1 16 17 2 14 95 2 36 19 29 5 94 12 69 10 91 8 72 0 83 4 72 6 4 3 5 11 93 18 31 9 96 7 44 15 38
6 27 11 29 1 29 3 76 0 43 18 56 16 7 17 64 10 36 15 13 14 21 9 97 7 18 8 25 2 51 13 6 4 7 5 62 12 41 19 65
10 23 17 32 16 3 5 6 3 7 7 59 8 58 2 7 4 12 0 84 13 92 15 75 1 67 12 34 11 18 18 76 6 49 19 73 14 21 9 38
12 22 1 44 2 21 4 84 16 87 7 46 11 68 14 80 9 73 3 58 0 96 18 49 10 14 5 69 15 47 13 21 19 33 8 8 6 58 17 87
18 99 13 97 10 28 15 93 3 58 6 14 17 24 2 75 14 31 16 71 0 29 4 90 5 22 11 80 19 51 9 36 8 14 7 57 1 20 12 33
19 26 14 24 12 27 15 90 18 41 3 33 13 67 9 89 4 28 17 32 16 45 10 57 0 35 5 76 11 34 2 65 7 82 6 48 8 87 1 62
