50 20
9 36 17 67 13 87 2 45 7 97 19 21 0 71 1 15 16 16 3 5 10 87 6 19 5 17 4 46 14 34 12 26 8 35 18 33 15 39 11 64
11 27 12 44 5 80 14 42 16 44 8 83 9 67 10 72 13 97 15 81 17 21 4 64 6 63 2 11 1 9 3 74 0 47 18 98 7 16 19 66
18 81 1 60 12 15 5 78 2 65 3 89 0 86 4 97 11 26 16 51 15 75 10 62 17 12 13 69 9 4 19 92 8 67 14 37 6 43 7 99
11 88 14 62 18 55 4 49 3 68 8 7 0 51 7 57 12 47 19 85 16 45 2 29 9 54 15 24 10 86 5 25 6 84 13 22 1 93 17 86
3 44 13 26 9 7 11 26 18 36 15 63 12 47 10 26 4 32 16 2 8 10 19 34 2 98 1 64 0 8 5 72 7 73 14 43 17 54 6 43
3 37 15 64 10 36 7 79 8 51 17 99 12 13 4 13 16 16 14 80 11 4 5 84 0 68 13 52 6 6 9 28 1 93 19 78 18 94 2 16
14 17 19 13 6 66 3 86 11 50 13 39 10 29 17 80 0 50 7 75 9 38 1 62 12 90 2 57 15 24 5 51 16 56 18 52 4 83 8 57
7 85 17 31 3 98 8 59 11 48 6 67 4 24 1 56 18 59 16 83 12 61 13 16 10 41 14 41 2 73 19 87 5 83 0 99 9 75 15 19
7 60 19 67 16 59 18 19 1 48 3 69 0 66 10 3 8 81 13 93 9 6 2 24 4 27 11 31 15 18 6 96 17 39 5 3 12 30 14 61
13 4 12 56 4 73 9 46 17 76 16 17 2 93 15 43 14 62 11 75 3 58 0 88 19 25 8 54 7 88 5 46 6 71 18 58 1 12 10 75
6 52 4 22 18 33 9 38 14 1 16 76 3 26 7 25 13 50 5 24 0 42 8 58 19 33 10 51 2 1 15 20 12 50 1 6 11 81 17 92
10 79 3 2 15 87 12 88 9 82 5 20 13 10 7 7 17 57 19 50 0 29 8 99 11 37 14 14 2 54 16 80 18 30 6 10 4 1 1 8
16 31 11 26 2 87 6 82 12 78 14 3 9 58 3 92 1 42 18 45 0 6 17 31 5 24 10 41 13 37 8 2 7 8 4 35 15 36 19 38
10 9 8 7 13 6 4 1 11 91 7 35 1 42 12 54 16 53 19 38 5 15 18 14 2 58 3 21 17 83 6 84 9 77 0 90 15 95 14 25
13 15 5 30 9 19 12 96 2 97 4 36 19 31 7 12 6 48 17 38 0 11 1 75 16 92 11 9 8 47 15 68 3 55 18 2 10 62 14 2
12 63 19 79 3 10 1 51 14 42 7 51 11 6 2 38 16 11 6 22 13 47 15 72 4 43 10 10 0 16 8 64 5 28 9 66 17 25 18 16
5 29 13 65 12 80 18 74 10 19 19 78 7 9 4 84 8 98 15 71 9 88 6 5 11 30 17 19 2 34 14 2 16 90 1 9 3 36 0 1
10 16 17 61 16 33 1 32 19 89 12 12 13 52 11 12 2 95 9 37 6 90 5 5 0 8 15 85 18 96 4 11 7 83 3 50 8 53 14 76
1 36 13 64 17 3 5 43 14 73 12 23 4 87 15 8 16 23 9 61 6 8 18 41 8 57 19 79 7 64 11 44 2 3 0 87 3 65 10 91
0 88 6 22 7 46 14 30 1 16 19 73 4 47 8 86 3 94 11 52 5 19 18 70 15 86 2 27 10 11 9 97 17 81 12 61 13 84 16 64
0 90 1 76 18 7 10 22 9 88 13 26 4 34 16 54 11 44 15 25 7 66 5 47 2 64 17 60 12 59 19 13 8 68 3 53 14 92 6 57
2 8 17 47 1 66 10 72 5 55 4 64 12 24 3 55 11 14 6 19 19 85 7 13 8 1 13 36 15 75 16 86 14 20 0 30 18 17 9 66
15 84 3 76 0 96 5 6 19 55 2 74 7 95 12 56 6 60 17 8 1 18 13 45 11 66 16 72 9 46 10 13 14 21 18 72 8 14 4 42
0 44 19 74 2 80 8 81 10 96 18 7 9 91 16 13 1 43 3 83 12 22 5 67 15 66 11 14 14 30 17 63 13 86 4 14 7 72 6 31
12 62 1 98 16 85 3 95 0 37 6 36 14 19 13 28 10 55 18 56 4 49 9 33 8 37 15 19 19 44 17 98 11 5 7 25 2 29 5 77
5 39 0 40 6 20 12 69 15 41 14 39 17 71 9 84 3 78 8 98 11 61 2 56 7 79 16 62 1 58 18 41 10 20 13 56 4 71 19 70
18 73 4 93 3 86 0 23 11 95 10 23 9 18 12 67 15 87 2 73 7 15 1 81 14 48 6 73 8 51 16 46 19 7 5 28 13 24 17 87
6 38 19 75 2 79 5 29 12 11 0 69 11 81 9 59 15 73 1 79 10 15 16 7 17 38 14 46 7 91 18 27 8 17 4 33 3 15 13 55
10 3 15 42 17 98 11 75 4 40 12 76 14 53 9 31 6 65 19 1 7 90 16 89 0 3 8 24 1 20 13 19 5 19 2 96 3 79 18 3
6 32 4 82 16 74 11 39 8 26 19 16 7 52 12 35 18 53 14 69 1 15 5 18 15 67 2 33 3 97 17 82 13 80 9 28 10 35 0 45
2 14 15 67 19 70 11 45 14 5 16 84 0 76 1 10 6 74 4 22 12 21 13 53 17 48 3 11 8 74 10 99 7 55 5 33 9 19 18 30
3 37 7 61 17 34 6 6 16 22 1 15 10 81 4 28 18 81 15 76 2 53 19 85 0 65 9 79 14 8 11 43 5 64 13 66 8 80 12 99
9 62 12 7 15 94 19 10 5 97 8 68 2 61 4 19 16 49 13 60 3 79 14 92 11 83 7 21 6 11 0 58 18 1 10 58 17 51 1 8
12 48 3 8 16 71 13 27 15 30 4 89 7 69 9 48 1 54 19 58 0 30 8 74 11 21 10 72 14 17 2 51 18 27 5 91 6 41 17 31
18 41 2 11 16 72 17 32 4 31 1 99 10 89 12 54 14 2 5 27 9 88 11 92 6 71 8 79 19 87 15 30 7 76 3 25 13 98 0 9
1 56 7 68 13 42 14 46 11 48 19 78 16 45 9 92 2 82 18 71 17 52 6 68 3 46 12 12 15 10 8 8 5 42 4 62 10 9 0 18
10 48 1 58 17 72 14 43 6 52 11 82 7 48 5 32 0 65 19 77 12 67 3 48 18 32 9 59 15 17 16 37 13 35 8 41 4 80 2 50
9 45 11 41 13 42 18 38 5 99 15 8 12 9 7 36 14 46 0 46 16 11 8 73 19 34 2 21 17 67 6 61 4 28 1 70 3 17 10 31
8 49 13 54 11 80 0 13 10 89 4 83 7 82 5 16 18 10 17 56 12 86 16 26 2 3 9 27 3 48 15 22 6 15 1 5 19 13 14 23
2 88 1 43 14 16 16 30 17 43 19 15 3 70 9 90 13 60 7 54 11 1 15 44 8 60 4 15 0 17 18 78 5 41 10 20 6 58 12 72
12 51 13 43 9 82 11 91 3 93 2 40 0 11 18 98 6 28 14 84 15 92 19 65 1 4 5 95 16 97 10 43 8 95 17 9 7 85 4 98
16 83 14 42 11 31 4 90 2 84 15 86 5 63 1 23 17 21 7 90 12 14 13 8 9 43 6 78 3 73 10 44 8 18 18 17 19 68 0 82
15 31 6 38 17 25 10 36 4 10 13 43 0 60 1 7 2 24 9 72 12 91 16 75 3 80 11 34 8 43 19 52 5 7 18 75 7 48 14 70
4 77 3 40 2 95 16 43 14 22 19 44 13 15 11 33 12 46 18 29 10 51 5 85 9 95 8 33 0 88 15 30 6 44 17 90 7 78 1 6
14 33 16 49 7 46 12 36 6 72 1 61 19 89 3 48 11 76 18 16 8 45 5 43 9 59 15 41 10 33 2 74 13 51 4 87 0 15 17 53
16 68 13 28 7 57 8 51 12 12 2 44 17 25 4 11 10 67 19 65 18 73 11 44 1 39 14 52 15 54 5 81 3 28 0 9 9 43 6 91
17 70 4 45 13 21 7 36 12 81 8 6 1 11 5 3 0 43 9 98 10 97 14 4 11 69 6 2 19 46 16 6 2 83 18 83 3 91 15 90
9 62 6 8 12 66 5 62 14 80 4 52 18 38 3 84 8 9 11 78 1 61 7 72 2 68 15 27 17 10 0 39 13 57 19 33 16 65 10 44
18 92 11 96 12 60 1 23 14 38 5 8 13 9 7 94 15 44 9 21 2 86 6 9 0 60 8 9 19 2 16 89 17 79 4 2 10 89 3 49
10 76 14 73 12 9 3 40 11 69 15 8 9 1 5 38 13 97 4 45 1 74 2 39 8 87 16 71 0 45 7 14 18 72 17 63 19 18 6 32
