50 20
3 93 15 18 19 43 4 47 1 3 17 67 10 75 12 28 9 58 7 99 8 22 14 57 0 90 6 78 18 62 11 89 13 53 2 46 5 43 16 59
1 50 12 8 2 63 16 28 9 67 19 24 18 90 15 53 5 80 14 85 7 93 10 98 0 13 13 46 6 47 4 6 11 72 8 38 17 48 3 84
5 64 14 63 6 83 9 73 12 7 11 52 4 66 18 13 3 51 8 2 2 62 15 2 7 70 1 76 10 1 17 38 16 50 13 62 19 73 0 32
4 57 19 43 3 56 13 88 10 73 12 12 0 38 9 9 7 55 11 80 14 69 15 79 16 1 17 62 8 81 6 81 1 25 2 48 5 30 18 57
14 97 18 24 19 83 13 44 11 74 3 15 16 18 2 87 10 97 12 98 6 17 1 39 7 65 5 4 8 82 0 11 17 70 4 60 9 36 15 74
4 15 3 34 10 50 6 52 2 31 9 31 19 79 11 33 17 95 16 76 15 59 1 81 13 32 18 25 12 87 14 89 8 52 0 38 7 88 5 19
14 46 8 39 10 87 3 66 16 87 0 43 19 18 7 91 11 47 4 56 18 86 15 73 1 47 12 54 6 43 13 1 5 87 17 3 2 10 9 77
11 71 6 59 17 35 15 39 13 54 4 56 19 26 5 67 12 71 2 28 1 22 8 96 18 10 7 74 9 74 14 87 10 78 3 40 16 11 0 64
11 45 15 80 14 26 13 33 9 39 18 95 0 83 8 28 19 66 4 81 5 85 10 28 6 3 16 54 3 99 17 76 2 77 12 93 1 33 7 39
14 79 1 97 10 2 9 69 4 53 17 11 16 13 18 73 12 19 6 55 13 45 15 23 2 75 8 37 0 15 11 44 7 65 3 49 5 41 19 2
5 33 14 46 6 69 16 67 10 51 3 26 18 13 9 76 13 57 8 49 1 11 2 45 7 23 15 47 4 57 12 17 11 34 17 54 0 91 19 51
6 15 11 69 2 67 16 99 10 19 19 98 17 78 9 60 14 63 3 17 8 20 1 38 18 31 12 14 13 37 15 36 4 35 5 88 0 56 7 33
5 11 13 80 17 61 7 78 19 94 11 22 15 76 12 85 1 7 9 73 0 48 14 38 3 70 4 59 2 45 16 75 18 46 8 55 10 40 6 87
7 6 10 82 17 64 11 88 14 52 5 64 18 71 8 90 15 63 13 11 12 87 16 72 6 42 1 7 3 52 0 71 4 15 19 16 2 56 9 23
1 1 14 72 17 87 5 30 0 78 12 95 18 21 9 27 4 68 15 82 16 22 6 98 10 89 3 7 19 51 11 13 8 4 7 75 2 35 13 52
14 57 18 47 8 18 2 24 11 53 5 50 9 84 6 51 10 8 15 4 16 99 12 92 19 54 13 1 7 62 4 47 3 94 17 62 0 36 1 97
7 35 8 70 19 28 16 69 0 4 13 85 11 99 6 24 3 88 17 35 15 6 14 30 5 60 12 18 9 42 18 44 2 29 10 43 4 3 1 90
11 23 9 99 10 40 0 21 14 16 1 59 13 52 17 85 7 89 8 10 19 7 15 20 16 47 6 7 4 16 5 58 3 19 18 83 2 66 12 75
3 84 10 27 0 6 8 50 13 68 18 73 5 66 17 35 2 32 9 45 1 27 15 89 7 7 4 66 11 48 12 69 6 75 19 80 14 24 16 7
4 76 10 26 8 38 14 15 11 7 12 31 17 73 18 88 0 93 16 24 9 40 7 5 19 6 2 78 5 50 3 59 1 8 6 48 15 61 13 43
2 38 16 47 19 33 14 81 10 85 15 22 13 14 0 57 5 92 9 54 8 1 6 67 7 87 11 39 12 2 17 77 18 17 3 67 1 5 4 16
10 56 19 13 11 15 18 71 14 87 16 58 4 7 15 18 6 26 12 89 2 2 9 35 17 89 5 82 7 30 3 79 13 20 1 70 8 39 0 84
18 71 16 18 1 35 9 61 4 67 3 46 15 98 7 92 5 27 13 31 6 55 8 74 19 48 17 26 0 45 12 34 2 40 10 48 14 6 11 41
2 52 9 77 5 12 6 43 14 27 7 40 12 84 10 11 13 26 16 91 3 41 19 16 15 24 11 31 17 39 8 53 18 9 0 45 1 50 4 71
3 31 6 12 10 31 9 67 12 39 14 18 4 62 11 43 15 55 5 41 19 80 13 31 0 23 7 60 2 29 16 80 17 52 18 50 8 54 1 54
5 52 10 52 18 96 12 75 9 13 3 17 13 87 16 16 19 70 11 52 2 89 1 24 17 23 6 90 0 67 7 18 14 74 15 43 8 23 4 26
7 90 17 11 13 31 3 57 18 68 14 82 10 94 1 33 8 93 2 35 11 19 15 41 12 8 19 67 0 40 5 84 9 70 4 67 16 14 6 58
15 69 19 47 13 90 2 76 9 76 17 25 7 59 11 43 12 63 18 70 16 7 6 59 5 82 10 85 4 30 1 77 0 51 14 45 8 42 3 13
5 41 4 95 19 99 3 42 7 30 12 29 10 53 16 86 14 97 8 61 6 2 0 2 2 70 1 23 9 65 15 61 11 47 13 29 18 37 17 99
14 81 8 79 19 38 5 8 11 78 3 36 2 5 13 70 4 71 7 52 17 41 0 88 15 58 10 74 18 86 9 67 6 82 12 49 16 45 1 66
8 49 12 48 13 72 16 28 10 32 9 3 2 95 3 12 5 49 19 40 17 1 7 69 14 33 0 85 6 83 15 60 1 18 4 22 18 16 11 91
16 53 1 37 6 24 14 51 9 70 19 65 7 54 11 39 13 71 8 49 3 81 2 28 0 60 4 18 10 52 12 34 17 73 5 77 18 70 15 21
12 37 4 41 8 39 1 60 0 18 17 99 6 37 13 63 10 42 7 51 19 92 16 38 15 58 9 28 5 53 14 88 2 78 11 71 3 94 18 18
7 51 8 88 15 13 1 21 12 84 11 45 10 97 6 6 14 28 13 70 4 55 17 89 19 54 9 75 16 2 5 69 0 76 18 72 2 78 3 92
4 67 12 73 9 90 14 18 7 13 1 30 13 84 17 97 10 47 18 79 6 27 15 98 16 57 0 86 11 58 19 2 8 94 3 14 5 39 2 73
9 99 13 67 3 6 4 59 10 32 1 43 7 15 18 88 5 33 6 88 12 51 8 75 2 7 11 40 19 86 14 82 16 49 17 93 15 37 0 91
15 38 7 13 0 52 16 70 8 63 11 89 1 81 5 26 19 11 6 47 2 67 17 28 3 35 14 48 10 40 13 47 12 95 9 14 18 91 4 76
9 25 1 5 12 77 0 84 7 33 6 41 17 63 19 74 11 51 2 18 3 63 8 42 4 89 15 79 16 16 18 74 13 26 5 20 10 70 14 75
5 10 10 11 0 3 1 60 3 81 16 37 15 73 13 97 18 82 4 43 6 70 7 97 17 42 2 65 19 10 8 22 12 92 9 84 11 47 14 14
10 71 12 80 8 69 18 54 11 17 17 78 7 75 6 47 13 95 14 2 15 69 9 59 4 71 16 73 3 77 0 22 19 29 2 98 5 74 1 65
8 47 12 74 19 8 9 74 6 9 15 23 16 25 14 26 0 83 13 45 3 22 17 58 18 18 10 56 1 38 5 52 2 41 4 71 11 73 7 74
1 38 8 93 14 31 6 36 0 31 11 62 16 71 7 31 15 19 4 62 5 63 10 70 17 36 19 11 9 88 2 98 13 51 3 64 12 77 18 87
6 80 17 86 18 49 12 53 9 66 0 26 15 70 11 10 10 26 14 7 4 76 13 93 5 89 1 79 16 1 7 95 2 58 3 67 8 55 19 37
12 37 0 72 14 61 7 70 1 99 10 74 8 15 17 3 19 14 13 84 18 93 11 93 4 44 5 17 16 10 9 99 2 12 3 96 15 68 6 14
15 16 11 1 17 30 14 86 7 87 1 13 13 9 6 62 0 73 3 57 19 53 2 2 18 23 16 22 4 15 5 56 9 32 8 63 12 97 10 15
15 59 19 84 17 7 18 19 16 51 5 65 10 19 4 72 7 66 1 25 8 62 14 16 2 21 12 54 6 37 0 13 9 48 13 48 11 82 3 67
2 87 12 4 1 35 19 7 9 26 17 7 10 19 0 64 11 35 7 86 6 3 4 62 5 21 15 24 18 37 16 7 8 19 13 8 14 28 3 13
16 93 10 25 18 11 12 2 1 21 19 4 9 67 15 6 8 87 13 62 5 81 4 89 6 64 11 15 14 47 2 16 7 69 3 72 0 44 17 9
13 36 4 92 16 44 0 1 3 18 15 39 12 69 17 46 18 39 11 67 5 46 10 98 1 28 2 69 8 88 19 1 7 71 6 41 9 50 14 62
18 20 3 72 1 94 8 59 9 55 13 86 17 96 5 21 10 49 16 92 0 54 4 41 11 10 2 93 12 90 7 19 19 79 15 82 14 80 6 19
