30 20
2 97 18 59 11 82 1 76 4 78 19 16 14 5 8 27 6 21 10 55 9 85 16 75 3 43 13 54 0 63 5 77 12 13 15 78 7 19 17 57
11 54 4 57 7 97 5 23 8 28 2 76 15 89 17 41 0 36 12 78 3 31 1 48 9 88 16 39 10 7 19 52 18 86 6 83 13 82 14 77
13 42 9 14 6 54 19 25 7 86 14 53 3 63 1 98 17 65 4 31 12 59 18 9 16 21 11 30 8 45 15 61 2 98 10 18 0 91 5 15
18 22 19 6 13 57 4 72 2 38 6 81 16 31 9 87 0 10 10 49 11 79 1 48 12 71 15 53 3 37 7 16 8 82 5 95 17 43 14 98
11 29 5 77 6 69 13 62 9 46 18 50 1 13 4 37 17 59 12 25 19 96 16 48 0 19 7 96 15 96 2 46 8 12 14 14 3 58 10 22
14 5 17 12 3 22 18 61 11 55 5 42 10 8 6 34 9 59 7 92 12 94 16 23 4 36 19 32 2 69 1 25 13 20 15 83 8 79 0 73
5 37 3 73 17 18 9 2 4 19 10 39 13 27 12 24 6 42 16 5 7 39 11 26 8 8 18 91 15 92 2 30 19 10 14 12 1 18 0 67
18 24 3 53 7 11 8 93 14 8 13 43 10 63 0 75 4 12 19 23 5 44 11 87 2 46 9 18 12 16 17 26 16 38 1 25 15 80 6 15
15 93 18 7 9 84 10 33 12 53 6 64 14 72 7 87 5 53 1 95 19 62 17 73 0 92 11 41 4 89 13 15 2 58 3 68 16 12 8 57
17 48 15 3 8 21 6 89 3 61 4 80 14 79 1 8 9 59 2 81 16 75 12 98 19 22 10 65 0 29 11 50 7 16 5 17 13 6 18 98
2 24 16 42 4 30 13 33 17 42 1 55 0 53 5 26 7 95 19 68 6 52 18 94 15 38 3 81 10 19 11 58 9 43 14 26 8 57 12 79
6 62 8 6 15 40 18 5 0 78 14 52 9 29 19 66 1 94 7 92 4 84 13 71 11 11 16 68 10 77 17 87 3 60 2 41 5 40 12 18
4 70 19 37 10 27 0 31 12 43 18 77 5 84 6 30 11 13 2 50 3 64 16 86 17 32 1 63 15 7 7 75 13 76 14 86 9 67 8 48
19 4 2 37 1 9 5 44 12 66 14 49 0 85 8 62 10 82 6 92 17 10 9 18 11 60 13 90 18 15 15 69 3 30 4 80 16 85 7 27
7 81 19 49 12 42 3 54 16 25 0 4 14 24 6 63 11 23 18 28 9 50 13 73 10 54 5 60 1 89 15 80 17 50 4 91 8 56 2 42
11 67 10 80 4 91 1 63 5 89 0 79 9 59 17 80 2 8 16 24 15 7 12 5 3 77 7 92 6 55 14 39 19 62 13 8 18 63 8 87
18 33 1 42 7 58 4 61 8 61 3 76 9 36 13 64 14 2 11 21 16 7 6 12 12 8 15 30 17 45 5 16 19 41 0 13 2 3 10 73
17 87 6 35 11 96 9 64 18 86 4 60 8 40 1 7 19 56 16 93 0 6 15 54 12 94 10 12 7 59 2 50 14 5 5 54 13 88 3 74
0 43 18 65 3 79 17 95 14 60 19 39 6 34 12 16 7 73 13 15 2 67 16 98 10 44 1 18 15 70 4 89 9 17 11 16 8 43 5 59
10 28 7 77 4 18 0 7 9 20 1 66 6 37 17 2 5 98 14 19 3 51 13 44 19 41 2 83 8 62 15 30 18 17 16 92 11 26 12 94
3 25 7 7 14 93 18 97 10 18 16 22 19 37 17 12 13 70 4 56 5 44 11 58 6 59 0 60 12 22 15 37 1 84 8 28 2 86 9 6
14 1 4 32 0 98 18 35 3 19 16 35 7 57 6 54 2 68 13 2 11 9 19 23 8 26 1 56 9 70 10 88 17 36 12 52 5 61 15 28
3 35 12 55 2 87 16 82 10 68 6 94 13 68 0 68 7 65 18 58 19 21 17 53 14 62 11 18 8 64 5 74 4 44 15 50 1 27 9 40
9 37 13 30 10 33 15 22 3 55 4 69 0 41 11 74 1 15 7 78 12 73 8 42 6 16 14 2 17 55 18 89 19 49 2 78 16 2 5 29
14 35 8 46 10 26 18 89 16 49 0 51 15 21 12 26 13 11 9 92 4 30 6 64 3 34 7 35 2 86 19 58 1 2 5 65 17 74 11 8
14 15 12 30 2 96 19 36 1 73 10 32 17 12 18 78 6 27 13 37 0 7 15 84 8 37 5 67 16 74 7 68 9 67 11 77 4 78 3 18
13 2 10 31 9 42 17 19 5 58 7 75 4 4 11 45 1 49 15 13 18 77 12 45 8 66 0 84 19 21 2 24 3 44 6 11 14 19 16 91
19 69 2 75 12 51 9 67 15 16 16 42 1 78 18 14 6 91 8 12 7 65 11 42 0 53 13 78 14 2 5 20 4 99 3 93 10 84 17 43
2 18 18 6 13 97 8 6 15 19 10 24 4 90 6 19 3 26 19 52 7 89 9 38 17 16 1 52 14 61 16 6 5 58 0 19 11 16 12 23
3 36 14 73 11 97 13 5 17 81 10 12 16 35 1 31 2 94 7 54 18 53 5 10 19 38 6 52 8 42 12 21 0 21 4 28 15 28 9 93
