30 20
11 48 8 3 18 62 17 74 2 15 14 67 10 76 7 62 12 23 5 64 13 57 0 13 6 68 15 62 16 84 4 78 1 85 9 1 3 7 19 92
19 15 7 17 14 14 8 73 3 47 11 13 4 85 5 2 13 88 9 19 10 73 1 40 17 37 16 70 18 18 2 70 0 37 15 22 12 36 6 23
1 19 3 53 5 73 17 75 18 51 8 73 14 61 15 62 11 37 12 49 10 63 16 72 7 73 2 75 19 41 0 71 4 92 9 16 6 81 13 25
17 26 11 86 14 9 8 96 3 73 16 87 5 1 18 32 7 65 6 95 13 34 1 87 10 98 15 71 19 58 12 95 0 67 2 74 9 86 4 78
17 34 2 54 6 52 9 77 16 89 12 99 3 30 14 94 13 54 15 66 8 9 7 53 18 65 1 24 10 41 5 73 11 21 0 24 4 83 19 87
6 14 11 23 15 15 9 53 2 18 5 98 8 81 18 14 14 14 16 32 0 5 13 12 17 86 3 16 19 98 1 24 12 90 7 18 4 35 10 90
16 87 15 4 8 76 13 94 6 33 3 27 14 7 18 51 9 81 5 67 7 77 17 87 12 37 1 99 0 52 10 25 2 96 19 32 11 41 4 27
0 99 19 41 10 30 8 21 13 60 5 15 16 58 17 64 4 68 15 81 9 21 18 27 7 36 1 16 11 97 2 5 3 98 6 96 12 88 14 80
12 72 10 57 4 86 18 11 1 65 6 5 14 77 5 32 17 23 3 84 13 35 15 74 11 39 9 39 19 96 2 23 8 49 16 89 7 55 0 68
8 96 1 38 9 59 18 33 19 76 7 98 0 43 4 26 17 65 12 47 5 42 3 98 10 22 16 2 15 52 13 22 6 48 14 93 2 12 11 21
12 94 3 45 8 73 5 54 14 84 19 24 2 15 1 13 6 51 16 88 9 37 11 76 10 34 15 31 17 52 18 9 0 23 4 2 13 58 7 64
12 82 0 87 8 61 6 84 10 9 16 75 7 70 3 19 13 45 19 74 1 65 2 76 4 27 11 55 18 97 15 41 5 84 9 12 14 78 17 75
9 75 8 55 6 9 5 52 15 20 11 36 2 52 0 18 19 37 4 40 3 32 17 5 16 48 12 28 7 55 13 34 1 85 10 51 18 5 14 82
16 97 14 12 15 99 2 96 7 78 19 85 17 1 6 53 5 73 4 33 18 49 1 92 10 61 0 39 3 32 13 78 8 1 12 13 9 25 11 58
12 35 3 62 11 59 1 76 6 52 14 34 13 35 5 29 7 91 16 31 10 40 18 76 15 38 9 35 19 5 8 9 2 29 0 76 4 89 17 12
2 19 14 21 3 58 5 30 6 47 8 57 18 26 10 93 19 13 1 25 11 93 13 30 9 89 16 44 17 46 7 47 15 7 12 64 4 19 0 13
6 98 10 10 18 31 4 63 7 62 17 59 0 92 13 69 15 33 11 55 14 30 3 77 2 34 5 12 16 95 12 73 9 28 8 62 19 24 1 1
5 84 17 43 3 46 14 2 19 66 11 55 10 89 9 76 12 63 15 98 8 42 4 17 7 21 0 59 6 44 13 32 16 2 18 68 1 74 2 50
8 50 5 60 3 24 12 65 11 5 10 35 1 72 9 2 6 63 17 85 0 13 7 39 19 35 14 11 13 78 4 36 16 58 18 74 15 17 2 1
16 18 11 20 7 4 3 68 18 79 2 95 0 28 4 15 8 17 19 12 12 93 13 62 14 67 6 89 17 46 15 23 1 94 10 89 9 34 5 40
18 24 11 27 1 8 9 11 17 64 4 53 12 10 15 48 19 25 0 79 2 56 13 43 6 57 3 16 16 5 10 12 14 99 8 81 5 49 7 29
7 90 9 68 17 64 16 60 11 85 8 28 1 22 0 77 18 70 12 58 13 29 5 17 6 7 19 11 4 27 2 73 10 61 15 18 3 69 14 26
18 83 7 25 10 89 2 67 11 56 12 4 3 85 6 50 5 97 4 16 14 83 9 96 8 73 15 44 1 23 19 53 0 67 16 77 13 36 17 91
1 66 12 18 2 72 5 21 8 38 7 23 18 70 14 58 17 79 4 23 9 36 15 47 19 79 11 8 3 35 10 91 16 84 13 4 6 87 0 51
7 48 10 90 15 22 16 32 2 22 3 83 5 86 8 26 6 11 1 24 17 67 18 29 12 47 14 75 13 32 0 25 9 70 4 76 19 16 11 87
18 11 15 8 8 90 9 10 1 35 19 91 0 14 5 11 6 2 3 7 17 9 12 42 10 15 14 2 11 22 13 71 4 33 7 17 2 60 16 67
12 90 11 5 3 29 16 90 1 98 5 54 10 67 8 49 17 47 15 58 14 91 6 73 4 22 0 72 7 84 9 11 13 65 19 41 18 80 2 20
18 85 12 71 7 82 1 60 4 39 14 38 17 82 13 57 5 27 6 88 0 30 15 31 9 84 8 86 2 6 19 34 10 35 11 12 16 68 3 27
10 70 9 24 15 86 0 76 12 21 5 47 14 49 18 60 3 76 2 65 8 82 16 61 17 22 6 20 11 62 13 36 4 68 7 70 1 70 19 26
0 50 9 16 14 62 15 61 6 19 10 59 16 95 18 26 8 95 4 32 5 54 12 63 1 39 11 38 3 67 17 10 2 51 19 55 13 7 7 85
