30 20
4 37 11 70 6 78 7 22 10 26 0 19 16 46 9 95 15 39 12 34 5 92 1 44 8 7 19 65 14 76 17 44 13 94 3 1 2 86 18 26
14 48 17 64 6 29 12 28 0 17 3 2 4 27 10 20 8 65 2 92 1 3 18 71 11 40 19 58 15 96 16 40 13 12 9 81 5 89 7 27
6 31 0 34 9 72 7 88 18 68 8 56 15 23 19 66 5 74 4 5 14 58 2 18 11 9 16 38 10 79 1 63 12 89 3 75 13 34 17 57
9 66 18 60 7 22 15 91 19 57 1 83 13 40 5 3 16 95 0 98 6 74 2 43 10 63 3 30 12 23 8 87 4 23 11 91 17 60 14 77
11 3 0 8 3 9 12 18 10 27 15 57 9 19 2 47 7 97 5 69 17 3 4 35 6 70 13 60 1 31 16 38 8 31 19 77 18 84 14 1
2 68 18 46 0 35 3 69 15 74 6 48 8 45 10 66 19 53 16 76 11 68 13 4 7 93 5 89 17 1 12 38 14 70 1 7 9 91 4 27
11 37 6 3 10 75 0 43 5 42 18 94 4 40 13 3 7 72 14 60 3 49 16 21 19 74 12 97 2 33 8 80 15 45 17 22 1 29 9 97
10 69 17 48 11 78 19 56 7 9 13 37 15 90 1 78 12 10 5 34 16 91 2 80 0 9 6 39 18 13 4 13 8 23 9 42 3 38 14 3
3 69 16 79 5 15 12 56 6 66 15 78 17 95 7 28 1 18 18 23 11 97 9 18 10 33 4 59 2 36 14 8 0 16 8 35 19 88 13 66
5 26 2 33 1 38 18 50 3 62 0 32 19 50 9 92 14 67 17 2 11 59 4 87 6 62 15 26 13 29 12 15 7 65 16 84 10 43 8 79
19 24 5 47 8 10 17 27 12 93 15 52 7 95 3 55 18 25 6 35 9 67 11 27 4 11 0 90 10 9 13 93 2 85 14 47 16 6 1 40
8 56 1 26 3 2 4 38 13 32 19 50 16 74 10 52 2 7 6 31 17 40 11 73 5 56 0 82 7 30 9 9 12 68 18 80 14 7 15 61
7 98 3 67 19 43 16 80 11 87 6 24 0 72 2 67 10 78 13 63 5 59 1 43 18 51 17 82 8 63 14 98 9 79 4 99 12 95 15 43
19 13 11 93 13 13 10 37 14 46 4 28 0 70 2 32 8 87 5 70 15 28 3 86 1 57 18 67 16 31 9 14 17 49 12 38 6 1 7 49
12 88 1 33 16 6 9 63 13 22 5 43 19 66 17 35 7 36 10 41 2 17 15 17 14 15 4 91 6 52 18 40 0 31 11 59 8 90 3 83
17 3 16 34 0 45 6 10 12 82 15 83 5 9 11 11 18 45 3 67 14 35 4 10 19 42 10 27 1 78 2 92 13 83 9 12 8 54 7 78
7 57 15 67 3 42 5 7 19 22 16 94 13 65 6 42 2 5 0 53 8 88 9 53 14 6 1 32 18 4 4 95 10 15 12 66 17 9 11 53
11 65 14 4 19 3 7 87 6 4 5 41 12 16 2 4 4 42 13 40 3 91 8 60 16 57 9 37 10 62 1 35 0 65 18 81 15 57 17 43
0 51 11 76 5 30 14 8 7 55 12 97 9 91 8 43 17 56 10 46 4 70 1 49 13 70 19 73 16 6 15 47 3 8 6 61 18 7 2 30
3 23 12 37 4 35 17 95 9 15 8 16 1 54 6 85 5 61 16 78 0 1 14 19 2 14 10 37 15 29 18 52 7 84 19 90 13 20 11 1
1 63 12 35 14 86 7 55 18 29 19 31 6 72 15 66 8 55 16 48 10 4 9 49 0 83 3 49 17 72 5 35 11 73 13 51 4 50 2 72
16 53 15 61 1 30 2 12 12 93 17 99 8 58 13 78 9 15 10 66 0 41 4 92 18 12 11 28 19 49 5 37 14 27 7 76 3 16 6 34
3 22 16 40 0 17 11 28 13 16 7 8 6 29 5 12 10 61 14 30 8 26 4 42 15 67 12 63 19 50 2 15 9 36 17 47 18 96 1 88
4 11 2 79 16 17 6 22 12 51 17 4 14 81 18 81 7 18 15 89 13 54 9 5 10 65 8 87 3 39 11 48 19 17 0 8 1 2 5 25
0 31 18 82 2 6 16 1 6 27 12 12 10 56 11 11 5 86 17 16 14 2 15 99 8 71 19 43 3 61 4 16 9 33 13 82 7 47 1 34
3 51 6 86 15 72 1 7 13 22 17 16 8 4 14 21 2 86 0 47 18 85 19 86 9 34 4 29 11 85 12 40 5 23 10 18 16 20 7 92
19 64 16 96 15 55 18 62 2 48 12 81 10 20 14 24 3 48 4 23 6 8 13 11 1 14 7 27 11 84 0 24 9 3 8 81 5 13 17 95
19 34 16 51 15 70 9 68 12 93 0 11 4 79 2 20 3 82 8 78 13 82 5 39 11 80 17 49 1 76 6 77 14 90 7 9 10 97 18 12
11 7 8 62 19 49 6 27 4 98 16 62 17 88 12 49 7 61 3 42 5 66 15 13 13 51 2 39 0 46 14 78 10 44 9 18 18 27 1 78
19 46 4 39 6 84 2 49 18 34 17 47 9 79 8 71 1 34 10 22 5 12 15 26 13 51 16 24 0 18 14 72 3 53 11 43 12 8 7 99
