100 20
15 64 9 40 14 82 7 54 12 44 10 45 6 23 19 10 3 55 0 88 16 7 5 85 11 82 18 28 2 63 4 17 17 76 1 70 13 36 8 7
11 8 5 47 8 79 1 19 10 46 19 13 12 68 6 48 17 33 3 23 2 56 0 67 9 94 14 44 7 16 4 83 18 63 15 70 16 10 13 31
6 44 17 67 2 65 8 47 13 85 4 56 11 8 9 76 16 57 18 63 14 56 12 55 1 9 3 56 15 79 7 31 5 60 0 4 19 35 10 44
6 41 2 42 15 81 11 32 8 17 19 34 18 3 4 11 3 9 17 77 5 72 0 69 10 46 9 71 13 16 16 90 1 50 12 93 7 16 14 50
8 96 19 27 7 78 12 26 6 71 5 79 11 45 17 73 3 27 13 8 18 10 14 45 15 90 1 13 0 46 4 70 16 21 9 72 2 31 10 81
13 59 3 79 4 17 1 30 7 92 8 98 6 58 5 45 0 35 14 61 15 59 16 30 11 3 12 15 2 95 18 42 10 48 9 47 19 78 17 7
13 28 14 25 6 66 3 73 17 72 19 93 2 77 12 32 9 11 11 61 8 91 16 97 5 23 10 24 4 4 18 14 7 55 1 55 0 37 15 31
14 75 2 84 6 89 4 23 0 89 16 12 17 52 19 47 10 32 9 3 15 77 12 34 3 66 18 41 13 37 8 88 11 10 7 73 5 74 1 38
11 50 18 50 12 43 8 15 9 93 7 2 1 18 19 23 3 28 15 14 10 2 0 68 16 96 6 13 13 30 17 51 14 92 2 69 5 76 4 58
12 92 6 50 8 3 7 60 10 55 13 15 14 63 19 84 0 11 18 72 15 14 5 75 9 42 11 1 3 96 4 17 16 60 1 18 17 93 2 74
15 41 12 12 0 38 4 92 17 43 3 12 16 65 11 96 1 86 2 28 19 45 6 53 13 25 14 27 7 24 8 99 9 74 5 84 10 81 18 95
10 71 16 6 6 20 12 18 1 83 4 6 18 43 15 59 5 52 7 68 3 80 14 39 9 82 13 32 11 98 2 50 0 73 8 87 19 79 17 85
4 83 12 11 3 6 17 41 19 92 13 69 7 10 15 83 14 84 0 80 16 90 2 24 10 97 8 32 6 80 11 58 5 78 18 63 1 64 9 62
4 34 15 37 6 51 0 37 1 73 13 33 14 43 17 38 2 19 16 68 18 24 12 30 7 79 11 94 8 67 9 91 10 85 3 48 19 77 5 33
12 95 3 61 16 63 13 10 15 62 0 72 7 58 14 9 9 52 19 93 4 72 11 14 8 96 6 95 10 17 1 80 17 41 5 59 18 45 2 78
8 52 4 73 13 76 7 92 1 80 17 52 9 49 12 24 19 60 14 14 10 93 18 84 11 12 15 78 0 12 6 72 2 9 16 49 3 66 5 73
19 55 18 44 7 74 11 38 10 13 4 73 16 18 2 55 13 94 3 93 0 36 15 78 14 61 5 48 12 14 9 38 8 65 17 98 6 1 1 72
12 82 15 43 11 30 17 96 1 46 16 32 2 44 18 2 19 30 7 52 5 91 3 74 8 78 10 54 0 11 6 39 14 99 13 5 4 88 9 68
3 20 10 2 17 91 6 29 12 65 13 91 2 4 5 1 8 1 7 16 16 6 4 82 11 60 1 98 14 80 9 96 0 24 19 29 18 85 15 25
7 16 17 81 2 73 8 6 4 20 12 2 9 27 5 10 19 71 14 52 11 98 6 75 16 61 1 51 0 6 15 7 13 62 18 1 3 5 10 22
7 25 3 94 10 54 11 30 4 42 13 58 17 54 12 70 5 26 2 65 18 44 9 94 15 16 14 15 0 46 6 51 1 69 8 40 16 91 19 47
5 48 11 47 2 15 12 23 10 10 1 57 9 35 0 57 7 59 6 70 8 55 3 65 17 59 19 65 13 62 18 32 4 25 14 78 16 34 15 55
3 6 18 8 2 86 11 84 13 82 9 6 5 8 12 28 7 56 15 34 19 49 17 18 1 73 4 32 6 7 10 74 14 90 16 2 0 44 8 82
16 39 8 92 13 64 2 34 17 2 6 67 10 21 19 75 4 52 15 47 3 17 12 71 1 17 5 42 14 83 7 92 9 98 0 95 18 56 11 20
2 29 1 20 4 49 3 99 15 59 13 72 8 49 6 2 12 9 17 27 16 25 5 84 10 84 7 85 11 64 9 56 0 65 14 41 18 67 19 79
16 34 0 58 8 50 4 84 3 53 5 52 2 11 14 3 10 40 11 99 7 91 13 63 1 63 17 39 9 18 19 1 18 34 15 32 12 19 6 26
1 98 16 76 14 65 4 90 19 51 18 72 7 29 15 96 0 62 2 78 13 46 9 86 10 8 6 12 5 51 8 73 12 81 17 44 3 65 11 55
9 24 5 41 16 8 13 79 2 65 15 9 6 22 0 55 14 54 12 80 3 27 1 92 18 45 7 82 19 24 4 4 11 6 17 37 10 95 8 5
16 3 3 76 14 40 9 70 10 89 8 61 7 67 1 26 18 24 11 42 15 85 0 52 6 35 19 78 2 85 17 90 4 30 5 71 13 59 12 45
8 50 9 91 14 22 11 50 0 35 16 14 4 11 19 37 13 9 15 7 7 35 12 20 5 55 10 2 6 30 2 45 17 96 3 63 18 88 1 34
0 62 12 65 9 3 11 30 5 85 10 24 13 30 1 32 15 18 14 16 17 35 16 87 4 1 2 29 6 7 3 56 18 25 19 79 8 58 7 78
12 96 5 74 19 11 18 30 0 5 7 6 16 25 6 57 2 7 15 98 9 46 10 27 17 52 8 79 14 31 3 5 13 6 4 85 1 12 11 63
13 49 6 3 5 33 19 41 12 43 8 55 1 78 9 47 2 84 16 53 15 26 11 23 18 32 17 60 3 25 7 91 10 48 4 86 14 68 0 34
10 48 7 24 13 9 18 57 16 23 8 59 4 69 9 85 0 49 12 1 19 28 3 85 2 53 5 62 15 46 1 17 14 89 17 77 6 99 11 85
7 52 10 41 16 63 17 32 13 82 6 8 4 86 0 3 2 73 15 35 12 38 1 2 14 70 5 17 8 66 9 72 11 84 18 71 19 30 3 74
4 55 0 99 9 58 12 58 18 39 11 13 3 57 2 89 17 10 7 88 16 42 14 54 15 17 19 62 6 19 5 28 13 72 10 6 1 45 8 59
17 75 10 68 19 53 7 72 0 76 3 57 9 27 1 76 6 72 8 98 14 15 15 42 12 92 13 51 2 94 5 2 18 4 4 79 11 36 16 52
13 22 6 34 11 47 5 88 2 73 17 64 15 87 8 64 16 38 0 41 12 52 10 9 18 74 7 65 3 73 14 53 4 78 1 95 9 57 19 44
0 63 2 32 4 35 18 61 10 57 12 58 3 39 14 41 11 2 17 60 13 58 1 93 6 50 7 47 16 7 9 20 5 34 8 38 15 36 19 40
14 97 1 19 3 48 15 52 18 6 13 47 16 46 17 26 10 13 11 5 6 1 8 48 4 9 9 95 12 25 0 65 5 67 7 50 19 88 2 11
13 62 18 40 3 54 7 52 17 17 9 9 4 26 0 45 14 16 8 11 19 85 1 38 11 58 10 52 2 73 6 74 5 30 15 84 12 37 16 83
14 57 19 87 13 74 18 34 1 53 6 53 17 72 3 25 4 33 12 25 16 30 8 16 11 4 5 94 10 8 9 88 2 1 7 77 0 33 15 52
2 12 13 16 9 91 0 1 3 32 19 91 17 61 16 8 18 47 4 97 6 40 11 53 7 53 15 66 5 19 10 84 12 98 8 15 14 82 1 81
14 64 13 75 11 1 18 55 5 99 7 28 10 28 3 87 9 7 16 40 17 46 4 79 6 13 15 43 12 16 19 78 2 63 8 50 0 39 1 16
18 28 9 99 19 45 17 53 3 75 14 66 1 18 0 30 16 36 4 94 15 71 11 37 5 73 12 74 8 40 2 40 7 89 10 56 6 15 13 72
11 20 2 17 14 78 19 94 16 86 10 75 6 25 8 91 0 67 18 18 12 13 15 87 13 28 7 76 1 14 5 28 4 29 3 28 9 67 17 91
10 68 8 54 13 3 3 54 16 40 2 70 7 87 4 96 0 61 11 36 6 44 12 18 5 93 1 84 15 85 17 33 9 32 14 85 18 54 19 70
0 46 13 70 7 24 14 61 19 64 2 63 17 29 12 31 9 26 18 46 15 59 10 36 16 41 3 29 11 22 8 66 4 81 5 29 6 86 1 57
11 93 9 14 18 59 10 79 12 25 19 27 1 48 6 88 8 23 4 66 2 45 5 12 15 71 17 83 7 57 0 18 13 16 14 42 3 51 16 55
18 33 6 78 8 68 17 83 11 90 12 82 15 93 19 42 1 40 16 32 0 24 7 75 3 71 14 80 5 17 4 49 9 22 2 89 13 27 10 15
6 15 18 7 3 86 14 27 10 82 1 55 15 54 4 46 17 82 19 5 8 10 13 42 16 40 5 55 12 74 0 59 9 26 7 33 11 75 2 20
2 7 11 40 19 70 10 99 17 85 12 14 14 98 13 65 18 18 16 45 6 91 1 39 8 19 15 87 5 95 4 97 7 95 0 87 9 45 3 20
3 29 17 42 1 26 5 76 4 11 13 82 19 35 15 56 6 16 0 39 7 75 9 27 11 14 12 52 8 17 18 32 16 45 14 56 10 64 2 67
6 20 3 30 16 68 1 3 10 22 19 89 18 10 4 42 5 21 2 11 13 42 8 52 7 18 11 8 15 14 12 65 0 86 9 18 17 32 14 35
6 11 16 82 1 69 4 53 11 15 2 99 18 44 12 5 0 21 9 40 19 7 10 33 15 47 5 94 17 9 13 58 3 91 7 80 14 92 8 17
9 59 18 58 1 36 11 67 13 41 16 44 19 43 12 80 15 63 6 38 3 92 7 80 0 93 8 73 17 39 4 77 2 33 14 27 10 45 5 96
12 78 14 56 8 76 15 75 4 53 11 26 19 53 6 82 13 97 16 92 9 18 17 60 18 11 5 67 0 99 2 6 10 66 3 94 7 84 1 39
8 87 9 98 10 37 12 85 3 56 1 6 6 27 0 67 4 16 17 44 2 77 11 15 19 50 15 22 13 54 7 24 5 96 16 8 18 96 14 79
4 93 16 37 2 13 3 42 1 13 19 12 9 88 18 79 14 22 6 83 13 7 15 29 12 70 11 31 8 73 7 87 5 7 10 3 0 94 17 52
11 49 19 35 18 19 8 10 14 51 15 94 13 20 17 41 16 23 4 81 6 42 9 97 0 25 3 8 10 58 2 65 12 99 5 87 1 88 7 63
4 31 3 93 18 76 9 83 12 91 1 12 17 28 0 6 16 1 19 83 5 93 6 16 7 72 2 53 13 7 15 91 10 87 14 57 8 71 11 40
10 13 12 92 14 79 17 30 4 55 11 39 9 54 15 96 16 89 1 22 0 97 5 44 6 70 3 76 8 48 13 46 2 46 18 86 7 39 19 28
18 52 14 66 3 93 4 87 7 97 16 5 15 24 8 56 5 5 9 36 0 16 1 93 12 7 19 15 11 20 2 15 17 57 13 37 10 91 6 26
15 77 19 13 9 54 13 42 14 19 7 62 3 32 12 19 18 65 6 18 16 67 10 17 5 44 4 80 8 23 11 76 17 72 1 90 2 17 0 71
17 60 4 98 15 2 1 47 19 49 8 89 3 29 18 48 2 72 5 6 12 80 0 82 6 72 10 65 9 75 7 78 13 90 16 43 14 46 11 64
5 46 0 53 3 22 8 60 9 74 15 35 1 13 18 39 2 20 6 38 4 63 19 12 7 74 10 23 12 89 13 73 11 27 14 56 17 11 16 10
3 39 14 28 5 25 7 31 4 38 1 13 12 71 2 55 10 83 13 70 15 15 9 7 19 42 17 48 11 24 6 78 8 58 0 75 18 11 16 81
11 30 3 86 15 37 1 90 19 24 16 54 4 76 18 6 6 93 0 37 13 50 9 63 5 64 17 3 14 86 8 62 2 99 7 47 10 61 12 44
18 83 8 98 6 11 10 71 0 23 14 20 17 79 12 7 3 84 19 77 9 99 7 67 4 87 1 12 11 89 2 16 5 32 16 13 15 40 13 75
19 97 18 27 12 92 8 91 5 77 9 14 13 30 17 68 2 99 14 81 15 42 4 24 11 96 3 28 16 34 1 96 6 56 0 27 7 1 10 43
1 89 18 52 17 73 5 81 12 76 14 9 9 14 13 40 16 34 3 74 2 16 4 37 15 24 11 19 10 18 8 20 6 56 0 41 19 44 7 48
12 20 15 18 4 19 17 40 8 46 18 24 14 29 1 20 9 79 5 21 2 90 16 54 0 80 10 64 19 27 7 60 11 28 13 12 3 26 6 28
10 86 19 54 2 31 15 10 7 62 1 54 17 76 11 60 12 13 13 13 6 78 9 16 5 93 18 11 8 73 3 97 16 44 0 6 4 87 14 19
3 25 8 77 6 73 5 29 9 68 17 26 18 52 1 79 10 19 16 34 13 79 11 45 12 96 19 1 15 72 4 81 14 91 2 16 7 98 0 39
5 30 4 25 13 77 3 21 10 34 6 24 12 61 14 30 1 66 17 93 18 83 19 94 15 3 0 46 11 22 9 91 2 71 8 32 7 56 16 60
8 22 11 55 5 53 4 41 10 78 14 80 7 25 16 79 1 23 19 41 17 3 6 34 2 95 15 44 3 71 9 11 0 63 12 37 13 74 18 92
13 82 17 17 18 29 0 21 19 14 4 9 14 19 1 12 9 38 10 8 6 7 7 98 15 9 11 8 12 3 5 14 16 53 8 82 2 73 3 58
13 26 19 42 11 16 18 75 10 25 16 80 9 84 12 69 1 33 5 95 17 68 14 64 3 85 6 88 0 8 15 88 2 76 7 21 8 31 4 75
0 44 4 9 15 99 2 23 11 33 13 44 16 83 12 74 7 77 19 24 3 84 14 83 5 46 1 55 9 4 6 76 10 96 18 47 8 54 17 50
13 59 3 18 1 43 12 22 18 15 15 10 11 59 7 1 0 64 5 43 16 37 9 77 2 54 6 73 17 71 4 4 19 22 8 57 14 97 10 16
0 29 9 35 10 25 18 68 16 27 15 64 11 58 13 75 4 99 12 1 1 99 6 11 3 53 7 34 19 64 14 72 5 86 8 40 17 93 2 32
17 8 6 56 15 18 10 51 16 57 13 64 4 41 12 41 5 68 9 75 14 80 3 34 18 42 2 33 11 53 19 13 8 43 1 19 0 53 7 85
12 6 15 92 3 58 17 80 13 3 2 3 10 85 4 11 8 16 14 52 0 61 18 23 9 45 19 67 1 44 11 38 7 8 6 45 5 80 16 63
17 56 13 30 4 92 0 48 19 77 11 36 14 74 18 23 6 73 10 5 9 11 16 35 12 48 1 71 7 36 5 2 8 33 2 44 3 54 15 64
13 57 0 92 10 44 14 20 17 61 6 93 2 53 3 2 11 31 4 92 18 52 8 95 19 51 1 2 7 87 5 76 9 71 16 97 12 20 15 90
4 52 5 47 9 72 2 51 7 54 11 31 18 92 1 96 10 13 15 73 0 3 8 37 3 97 17 18 19 38 14 22 13 73 16 46 6 59 12 94
19 45 4 9 16 67 1 67 10 85 5 34 6 31 3 8 18 42 11 48 2 75 7 75 8 14 0 29 15 51 13 34 12 3 9 84 14 73 17 52
11 21 6 44 17 69 19 42 2 54 3 52 4 27 12 28 13 43 15 4 1 68 16 61 7 31 10 37 0 33 18 65 14 76 8 11 5 41 9 2
6 33 17 3 4 98 18 60 16 25 0 76 15 90 11 29 12 77 2 78 10 50 8 63 5 27 7 92 14 98 19 98 1 73 3 5 13 37 9 45
14 98 17 27 19 79 15 50 6 5 12 9 16 55 9 42 13 1 18 93 10 73 4 50 7 98 0 97 5 97 3 26 1 88 11 50 2 72 8 86
18 51 1 67 8 37 3 27 6 51 19 36 15 40 2 35 12 31 17 71 14 46 16 47 13 65 4 36 5 11 11 85 10 6 9 57 0 27 7 22
5 49 19 34 12 53 0 17 17 12 6 52 18 82 1 53 3 78 16 18 8 45 2 61 13 35 14 2 10 8 15 92 4 60 7 27 11 26 9 4
8 23 11 21 10 29 5 75 9 60 16 99 14 35 17 92 19 5 15 50 0 80 6 53 3 93 18 32 1 4 4 77 7 7 12 76 2 73 13 84
2 74 10 80 3 80 15 60 11 52 5 85 14 35 16 10 1 75 9 28 17 97 4 42 0 85 19 5 12 66 6 45 18 46 7 27 13 97 8 39
11 41 14 48 10 82 8 96 5 26 0 67 16 97 6 1 3 78 18 50 9 96 12 58 15 83 7 17 19 15 1 92 4 53 2 56 13 17 17 23
5 30 0 26 9 7 4 66 3 38 2 12 17 40 19 93 15 26 1 89 16 26 12 19 11 26 7 33 10 12 13 59 6 34 18 72 14 49 8 44
10 35 7 32 13 33 16 36 0 68 12 45 11 74 19 42 2 31 18 19 9 55 14 89 15 86 17 26 8 48 1 70 3 61 5 7 4 59 6 4
11 54 16 47 10 30 8 83 2 7 7 47 6 37 1 54 12 26 9 66 3 39 0 19 19 20 14 69 4 26 18 31 17 63 15 33 5 39 13 25
17 2 9 10 11 44 2 56 0 3 7 13 15 70 18 75 12 3 1 51 6 9 13 72 16 83 5 87 8 60 14 63 4 92 19 61 3 45 10 75
2 21 0 69 14 10 6 49 1 88 19 71 10 76 9 9 16 20 4 28 11 29 18 20 5 97 12 17 13 71 15 59 17 61 3 22 8 31 7 61
