100 20
12 37 18 48 3 4 6 38 11 95 1 18 9 79 13 35 17 9 10 67 5 99 2 71 4 69 14 74 16 22 15 31 8 34 7 3 19 49 0 76
5 12 17 85 11 31 0 90 14 12 7 88 1 52 4 42 15 65 19 10 2 3 10 59 6 52 16 61 18 67 3 28 12 44 13 12 8 13 9 34
5 92 8 13 7 69 11 27 15 49 0 41 19 17 13 91 14 94 2 69 3 53 6 58 9 2 16 21 10 60 1 70 17 14 18 4 12 68 4 67
2 34 0 33 4 94 11 39 15 1 18 89 8 59 10 4 6 87 5 34 14 89 9 46 3 50 7 70 1 25 17 33 16 46 13 46 12 66 19 66
9 66 7 42 14 55 15 63 3 98 1 80 2 91 8 87 10 91 18 64 4 63 11 84 19 10 5 26 0 48 16 75 17 55 6 32 13 15 12 37
9 68 3 11 19 49 1 31 13 51 11 71 16 55 18 17 10 67 7 38 4 35 15 13 0 79 12 63 14 60 5 1 8 23 6 17 17 55 2 90
15 37 19 93 2 45 1 68 18 87 14 92 16 73 8 49 12 82 6 60 11 25 17 68 0 95 5 23 3 86 7 91 4 9 9 46 10 50 13 37
13 89 9 31 0 43 11 82 6 66 3 86 10 70 19 8 7 17 17 89 14 23 2 99 16 15 1 24 8 63 5 10 4 54 15 80 18 55 12 32
17 99 10 6 11 3 16 55 3 65 8 99 7 20 4 5 12 57 14 40 2 65 9 75 1 9 19 12 5 48 15 7 6 4 13 12 18 5 0 60
4 56 12 34 2 88 16 42 8 75 5 99 6 38 11 84 1 37 18 89 15 94 10 79 19 47 0 78 17 76 3 74 7 85 13 53 9 69 14 28
7 21 17 30 0 38 15 97 4 73 14 94 1 21 12 29 13 93 8 76 6 33 19 62 16 86 5 70 11 88 2 5 18 48 10 22 3 50 9 16
3 1 2 84 18 87 19 17 6 12 8 14 0 55 4 59 11 37 17 8 1 94 15 24 14 55 10 23 7 17 9 33 13 30 16 39 5 79 12 76
16 60 3 14 0 31 1 74 6 51 18 46 5 2 17 60 10 59 4 3 19 79 11 95 14 84 7 24 2 95 8 53 12 63 15 9 13 96 9 90
19 92 10 1 11 54 2 7 6 61 1 91 18 19 7 58 3 24 16 9 12 19 8 31 5 97 17 54 13 33 4 2 14 80 0 18 9 58 15 10
9 61 10 49 12 82 18 87 1 58 5 90 14 50 16 33 11 51 17 54 8 89 19 44 3 26 6 87 2 40 7 49 4 14 0 90 13 92 15 89
3 85 10 72 9 44 13 95 5 94 17 53 7 64 8 32 16 53 11 80 1 8 2 13 0 26 19 76 6 79 14 9 18 42 15 71 4 16 12 66
7 87 18 50 9 86 0 8 17 48 2 85 11 95 19 88 15 3 8 35 14 61 10 88 5 45 16 29 6 87 1 62 13 78 3 41 12 68 4 78
6 89 2 63 19 19 7 93 5 85 18 87 17 23 13 96 16 26 0 91 4 97 11 30 14 1 8 80 1 26 15 79 10 8 12 52 3 64 9 98
16 63 9 95 6 16 5 31 4 47 0 32 10 53 18 21 14 53 17 23 15 84 13 22 11 16 19 75 8 63 2 39 12 56 1 82 7 74 3 71
16 56 2 64 5 7 10 71 13 95 18 91 14 23 7 77 11 18 8 18 19 79 4 63 15 68 0 11 9 19 6 88 3 82 17 90 1 15 12 74
12 54 11 71 1 63 6 62 16 96 3 65 19 1 17 28 10 83 14 67 5 75 18 89 2 48 15 12 13 29 0 4 9 15 4 6 8 97 7 79
6 23 4 79 15 33 17 48 11 12 12 96 9 30 16 28 10 87 19 83 13 43 3 28 7 6 8 14 14 24 2 42 5 4 1 39 18 63 0 45
7 41 16 76 4 81 10 70 5 71 18 92 12 95 13 58 14 6 6 57 2 99 17 11 0 24 15 75 8 42 9 96 3 1 11 35 19 65 1 93
8 95 19 95 13 90 9 31 15 54 3 15 6 88 12 31 11 92 1 39 17 74 5 85 0 75 14 93 18 49 16 59 7 77 4 14 10 84 2 13
18 97 6 57 11 16 8 11 2 46 13 17 19 83 7 66 10 41 0 6 14 59 4 46 15 26 9 54 1 22 12 96 16 21 5 55 3 62 17 15
14 34 7 30 2 75 19 56 3 55 13 24 8 75 9 77 18 75 17 7 1 1 11 35 10 59 15 70 16 33 0 91 4 23 6 81 12 41 5 47
10 81 14 86 18 62 16 47 15 53 8 8 12 18 11 31 4 14 19 41 0 26 2 64 9 56 6 33 7 89 1 49 3 24 17 34 13 46 5 30
10 35 8 54 16 60 11 64 2 54 14 68 19 67 3 12 15 49 18 89 9 42 13 32 7 47 4 73 6 39 0 64 1 45 17 21 12 80 5 94
19 2 13 20 17 43 18 48 12 38 5 89 16 81 10 24 0 89 9 76 7 3 2 3 4 72 1 39 3 82 14 76 11 19 6 51 15 86 8 21
4 84 8 47 1 78 15 67 5 49 19 51 12 55 7 25 0 3 9 89 3 42 10 77 16 76 14 38 11 71 17 11 6 97 13 29 18 19 2 34
7 30 19 90 3 45 18 74 5 59 2 34 14 97 10 65 6 22 17 73 11 67 1 42 8 67 15 22 9 75 16 75 0 39 4 32 12 60 13 83
2 49 11 7 9 48 4 56 5 44 3 61 19 44 13 1 12 18 15 45 17 77 16 54 10 34 7 45 18 74 1 63 8 33 6 71 0 89 14 21
10 72 4 82 0 2 2 31 6 6 15 60 3 43 14 79 7 1 17 1 8 56 12 37 16 78 11 57 9 16 1 39 5 7 19 49 13 90 18 67
15 50 6 8 19 61 11 88 17 64 9 36 18 89 0 86 8 22 10 45 7 24 14 16 1 67 16 59 13 26 5 87 12 1 2 82 3 22 4 32
9 37 12 35 2 63 19 43 5 89 11 66 14 34 8 68 3 48 6 44 10 12 17 64 13 1 16 92 7 94 4 34 1 25 15 65 0 89 18 55
4 60 18 75 12 93 3 39 0 1 16 54 15 52 10 22 13 45 14 13 8 39 5 24 7 94 1 47 6 12 2 43 9 16 19 45 17 34 11 96
10 82 14 73 16 12 5 96 17 40 6 44 4 53 13 69 3 30 7 84 19 87 0 56 15 87 8 12 9 92 1 90 2 72 11 87 18 84 12 27
1 87 6 48 18 47 19 65 7 24 13 97 14 20 3 1 0 18 2 94 5 12 15 70 16 29 9 26 11 82 17 76 8 61 4 80 12 37 10 42
6 86 11 12 0 11 5 37 8 24 4 40 12 17 2 65 9 26 16 50 19 58 13 43 14 39 18 68 3 93 10 23 1 16 17 48 7 46 15 27
14 91 4 29 15 25 9 51 5 60 17 14 3 13 1 80 8 8 19 22 18 76 11 50 13 90 12 33 10 13 0 68 7 81 2 40 6 93 16 45
17 71 10 77 5 92 19 77 16 64 1 26 6 72 13 43 0 69 7 18 14 43 15 24 4 40 18 41 8 35 12 71 11 69 2 67 3 96 9 67
3 9 0 71 16 61 7 62 19 30 15 43 12 63 5 3 17 37 6 57 10 38 4 65 2 77 8 5 1 79 14 13 18 91 9 28 13 47 11 34
16 99 10 45 11 63 13 9 17 40 14 60 5 48 19 61 7 52 1 29 2 22 0 9 12 3 8 36 6 49 9 92 18 57 3 86 4 75 15 56
12 62 9 29 6 90 7 72 11 91 8 18 18 54 3 44 13 67 5 89 15 48 10 69 4 79 2 17 17 42 14 9 16 68 1 94 0 42 19 66
4 36 9 27 19 34 0 12 5 20 3 13 13 75 11 85 6 79 1 95 7 25 14 48 18 94 16 43 12 66 8 16 15 21 17 33 2 58 10 53
2 10 7 65 1 80 13 9 0 69 17 39 16 29 14 86 9 87 18 3 11 20 3 91 10 69 15 1 19 79 8 29 12 4 4 7 5 31 6 9
6 21 15 87 10 27 16 75 4 61 7 90 19 93 17 83 8 18 5 59 12 83 13 68 14 43 11 8 2 81 18 21 1 8 0 50 3 69 9 54
8 26 9 88 10 41 7 8 16 30 6 5 15 67 17 44 19 4 0 98 5 31 14 39 3 9 11 94 4 87 1 36 2 92 12 90 18 31 13 85
14 44 4 29 3 87 13 15 19 97 0 21 9 4 11 61 7 87 2 47 5 29 1 34 18 51 10 33 12 91 17 24 16 63 8 96 6 2 15 14
7 6 2 49 3 24 10 7 6 24 15 73 4 68 16 31 18 87 8 40 13 6 0 83 1 42 5 4 9 75 12 87 19 92 11 13 14 86 17 76
10 69 19 33 17 29 12 30 9 44 8 94 16 49 2 95 15 52 7 99 11 1 1 96 18 46 3 94 14 5 0 77 5 24 6 78 13 97 4 26
13 28 14 57 0 60 7 10 3 60 16 9 12 13 19 67 11 40 8 10 6 25 2 82 18 13 15 27 1 50 9 30 5 4 10 27 4 65 17 33
13 68 11 61 10 20 19 73 15 14 4 95 12 88 5 98 6 38 16 1 0 98 2 36 14 8 7 8 8 44 9 33 1 92 3 70 18 52 17 92
11 46 10 49 12 72 19 36 17 2 7 75 5 46 13 78 2 80 3 32 9 39 16 86 1 63 0 4 8 55 4 7 18 93 15 73 14 2 6 97
10 91 19 72 14 98 17 50 12 93 1 18 7 61 18 77 2 13 15 3 6 67 11 42 9 77 8 28 3 68 0 37 4 81 16 70 13 19 5 33
7 27 9 89 4 70 1 9 11 47 10 78 17 53 0 88 15 70 8 50 13 42 16 48 19 14 18 41 2 2 6 96 3 76 5 7 12 24 14 25
15 84 4 56 10 16 17 97 13 2 2 11 18 26 6 81 16 93 3 15 7 40 11 72 9 90 19 73 5 83 0 25 14 21 12 19 1 23 8 52
3 7 9 71 4 97 10 16 11 88 18 49 5 94 13 34 1 71 19 88 2 9 16 16 17 57 6 15 8 75 14 63 7 10 12 45 15 26 0 67
6 70 19 74 2 27 12 74 15 13 7 62 16 89 9 41 3 96 4 1 11 91 14 56 13 68 8 95 5 21 18 32 1 27 17 80 10 30 0 12
13 57 6 63 12 73 11 56 15 75 18 90 19 50 5 87 9 83 0 58 14 64 10 21 16 17 2 75 1 88 3 8 8 8 4 79 17 37 7 85
11 77 16 17 4 11 17 84 10 25 0 22 12 57 15 96 3 95 7 99 9 22 8 84 6 36 5 2 14 43 13 69 1 30 19 64 2 38 18 45
3 98 10 49 11 64 14 92 19 82 6 23 17 90 0 49 2 13 12 22 13 95 1 29 5 85 7 15 8 83 15 99 9 42 16 61 18 1 4 7
16 26 1 2 19 44 8 58 10 68 15 78 13 53 11 89 18 41 6 68 12 33 3 64 5 96 7 73 14 92 2 84 4 86 0 33 9 6 17 80
6 51 0 15 15 11 5 25 9 61 8 42 12 86 11 29 1 6 7 28 18 75 16 55 10 60 3 94 2 86 17 85 19 58 14 24 4 14 13 18
2 87 3 95 18 58 10 99 4 46 7 44 16 24 15 62 8 42 17 32 6 53 19 60 12 27 5 31 0 35 11 32 1 22 13 11 9 15 14 75
17 9 15 66 12 18 19 94 10 69 2 70 7 90 3 61 1 87 9 68 11 16 16 47 8 12 18 28 6 4 4 86 0 92 14 64 13 79 5 64
11 35 2 35 9 79 15 10 13 64 3 61 1 20 16 60 17 30 4 11 14 16 8 44 0 61 5 9 6 69 10 49 18 86 7 39 12 43 19 51
2 9 8 98 3 86 10 97 5 74 7 69 15 97 4 57 19 64 12 3 16 33 14 71 0 43 1 35 17 9 13 89 6 5 9 27 11 93 18 18
19 33 1 52 16 70 7 27 14 1 3 97 6 34 0 7 12 2 18 21 8 98 17 92 15 15 4 23 11 17 5 32 13 73 10 60 2 40 9 21
14 41 4 20 16 88 11 10 1 90 19 61 18 19 17 13 12 10 10 77 13 58 0 64 9 87 3 6 15 3 5 42 8 45 2 84 7 73 6 97
3 81 9 54 11 88 18 50 14 49 1 71 17 46 6 7 12 57 4 37 16 15 10 81 8 9 2 52 15 74 0 62 5 67 19 8 13 79 7 62
19 99 10 4 3 79 6 71 13 7 0 76 16 56 4 95 2 99 12 4 14 45 5 42 1 11 8 95 18 48 11 79 17 80 7 93 15 17 9 17
6 44 7 24 4 22 8 52 16 99 15 31 0 53 13 1 9 41 18 49 12 70 5 45 1 18 10 80 17 69 14 63 2 6 19 73 3 41 11 37
5 74 7 92 11 50 2 42 4 10 12 7 1 9 6 38 0 50 19 83 8 36 17 72 3 19 10 40 9 80 15 81 18 56 16 55 14 37 13 35
12 56 19 82 0 21 11 76 15 30 4 88 18 46 9 99 3 68 16 64 10 47 2 52 1 70 5 2 6 20 8 4 14 14 13 29 7 18 17 82
17 99 13 70 3 33 12 14 11 8 7 54 1 19 8 28 15 22 10 74 2 25 5 39 16 60 0 54 6 89 14 20 4 85 18 1 19 86 9 28
10 37 16 30 5 22 14 43 9 50 2 42 11 37 12 77 3 58 6 28 7 84 4 85 18 79 15 51 0 51 13 23 19 88 8 73 17 85 1 93
4 56 0 76 8 21 19 62 15 34 5 77 14 91 7 56 2 49 10 40 6 9 12 65 1 91 18 33 11 38 17 55 3 67 13 80 16 22 9 49
4 83 11 47 0 7 9 47 13 91 17 3 16 32 19 84 8 40 5 23 15 81 10 72 2 61 6 37 18 65 12 1 14 18 3 56 7 11 1 38
7 76 12 83 15 17 2 17 18 67 13 90 1 70 14 64 19 99 16 26 8 82 9 91 6 41 17 24 11 69 3 24 4 47 5 14 10 56 0 84
7 58 9 26 6 71 11 41 18 98 8 49 3 25 17 18 1 95 5 62 10 2 4 7 19 3 12 96 13 24 0 37 14 24 15 92 2 42 16 27
11 8 2 38 1 39 6 94 9 20 17 53 15 68 4 21 7 76 19 78 13 47 10 15 18 91 12 57 5 82 14 44 0 45 8 76 3 10 16 30
6 56 12 61 17 45 4 65 1 15 8 70 7 11 18 28 13 65 5 12 16 67 0 76 10 1 9 49 3 2 19 17 2 40 14 96 15 74 11 44
0 99 10 40 18 20 6 16 12 79 15 28 14 37 13 51 17 21 2 63 16 13 19 63 5 17 4 80 3 83 8 93 11 53 1 45 7 16 9 82
15 21 5 31 12 96 18 42 14 76 9 88 19 94 13 26 2 6 8 68 6 56 16 14 0 28 1 86 11 33 7 17 3 87 10 16 4 50 17 14
4 19 2 61 6 12 8 74 3 7 11 28 18 25 14 57 19 25 13 85 10 40 15 89 9 55 16 6 1 99 12 79 0 62 5 32 7 63 17 79
13 97 19 85 18 29 4 5 10 54 17 58 8 97 11 63 0 87 7 33 15 54 14 25 6 59 12 53 16 62 3 45 2 78 1 12 9 10 5 1
4 78 11 97 12 45 2 71 6 94 16 46 5 81 1 27 15 69 14 83 19 48 8 39 9 15 17 92 7 12 3 53 10 19 18 40 0 12 13 85
18 41 8 81 10 94 1 88 14 21 4 77 11 9 16 60 0 78 6 10 7 38 19 48 9 19 3 69 15 49 17 85 13 40 5 47 2 78 12 53
17 81 7 17 0 16 2 16 5 77 16 16 10 48 4 38 1 86 3 91 12 7 15 43 11 57 19 41 18 12 14 60 6 68 8 33 9 84 13 9
1 91 15 8 6 7 2 47 3 98 0 57 14 59 4 84 9 64 16 76 8 23 13 9 10 50 12 26 17 80 7 60 5 3 18 94 11 63 19 30
13 63 14 50 1 74 15 17 6 45 5 84 4 21 11 51 16 48 19 57 2 74 8 94 0 33 12 86 18 71 9 36 17 75 10 8 7 69 3 45
10 6 14 59 12 53 0 21 6 18 17 21 2 7 5 40 7 62 18 77 19 17 3 33 13 10 4 98 8 79 16 71 1 96 11 60 15 92 9 72
18 73 13 63 8 13 7 51 11 71 14 23 3 84 19 85 4 23 9 81 12 90 10 23 16 63 1 18 0 49 2 89 5 97 17 42 6 90 15 48
18 50 2 72 16 13 11 58 14 99 8 56 19 81 3 40 7 45 9 66 17 77 1 60 10 5 4 8 15 51 0 20 5 84 6 42 12 39 13 74
16 30 12 20 10 81 8 59 7 19 0 37 9 20 17 99 5 42 3 44 1 26 18 29 2 2 15 92 6 68 13 9 4 41 11 94 14 75 19 14
11 98 8 1 9 93 12 42 3 32 4 5 1 73 14 20 17 65 15 58 19 62 6 25 16 96 7 64 5 12 0 12 18 28 13 14 10 2 2 72
2 92 3 15 18 11 13 92 0 89 1 45 6 48 14 68 15 80 4 70 12 44 5 78 19 15 11 71 7 85 9 63 8 96 17 34 16 36 10 61
15 2 3 25 10 86 17 83 18 98 1 5 16 31 6 19 11 17 12 99 0 93 14 37 8 29 5 81 13 9 7 98 2 2 9 25 4 57 19 77
3 59 13 56 1 74 2 91 14 97 12 16 8 10 6 99 19 86 0 96 11 75 7 55 17 26 16 58 4 18 15 60 9 81 10 60 18 63 5 34
