100 20
18 64 3 19 5 5 1 53 19 5 12 84 17 32 4 65 7 21 9 19 8 77 13 18 0 79 10 14 16 18 15 85 11 14 14 49 2 37 6 45
18 18 14 27 12 76 16 23 17 42 15 29 10 61 0 70 7 6 5 15 2 98 13 62 1 58 6 50 11 81 19 19 3 41 9 33 8 35 4 33
14 43 0 58 19 93 11 56 18 57 10 20 13 60 17 79 16 28 2 19 7 57 12 30 5 66 3 42 9 75 6 18 4 70 1 90 8 88 15 85
1 97 8 94 16 56 11 94 17 94 14 78 10 31 0 4 4 98 13 23 19 42 18 69 2 61 15 39 3 68 5 10 9 65 6 97 7 54 12 15
6 80 14 12 8 80 1 88 10 93 19 38 4 42 5 90 7 96 18 48 16 11 2 66 9 30 11 75 12 2 15 45 3 85 13 25 0 67 17 79
3 71 17 76 6 58 16 21 8 45 0 24 18 8 2 12 12 97 13 65 10 65 4 58 14 47 15 82 1 60 5 17 19 16 7 94 9 5 11 28
7 3 5 65 10 80 18 58 15 97 16 61 14 16 4 93 12 34 8 25 1 53 2 47 9 29 6 10 17 15 13 29 11 18 19 51 3 89 0 96
14 26 4 76 10 94 5 66 2 49 18 98 12 45 13 97 0 98 7 35 15 62 8 98 11 28 9 31 6 18 19 58 17 14 16 35 3 95 1 98
16 99 18 34 6 57 4 47 11 99 5 10 14 10 15 32 2 28 1 99 8 57 0 68 12 73 13 51 17 94 7 68 19 2 10 66 3 67 9 79
14 18 17 38 16 40 5 53 1 27 9 70 0 18 7 47 2 58 12 10 18 24 13 26 4 2 11 50 6 51 8 14 3 22 19 22 10 87 15 57
19 68 11 6 17 96 15 54 14 73 0 60 9 44 12 20 1 59 16 84 10 45 8 93 6 9 7 18 3 70 2 4 4 55 5 23 13 15 18 75
3 64 12 7 1 60 2 94 4 82 17 40 7 50 16 31 10 52 11 58 13 26 15 85 9 9 0 31 18 50 14 72 5 71 19 38 8 89 6 51
13 9 5 83 9 64 6 7 2 29 19 46 17 25 3 14 16 64 12 74 1 83 15 1 18 36 10 52 11 15 8 66 7 74 4 7 0 37 14 61
18 76 8 13 3 35 14 74 1 30 15 90 16 15 2 3 17 89 10 91 11 22 5 6 19 88 6 53 7 24 12 9 9 56 0 98 4 51 13 16
15 58 1 27 19 84 17 26 18 68 10 25 13 8 6 31 7 98 3 97 9 6 4 69 16 67 12 30 0 69 11 51 5 25 8 23 14 71 2 61
5 41 9 19 19 18 11 39 8 22 6 11 14 87 15 57 17 45 13 94 12 70 0 8 7 89 10 31 18 74 2 27 16 88 3 53 1 56 4 87
13 53 15 26 5 95 11 13 4 76 1 14 8 17 16 38 18 34 19 24 17 2 12 64 10 10 7 68 2 50 14 82 0 2 9 39 3 44 6 5
6 36 17 27 0 7 3 54 13 13 8 41 15 80 19 16 5 44 4 32 12 30 14 56 18 78 2 40 9 42 1 31 7 83 11 23 10 34 16 43
11 37 10 26 16 86 18 2 5 53 1 59 12 83 13 2 7 47 15 66 17 90 9 86 3 73 8 5 6 74 0 30 4 34 14 73 19 61 2 5
13 16 5 27 16 63 8 35 4 62 0 90 10 30 7 39 11 5 6 81 19 75 18 18 15 25 1 60 12 77 14 31 3 68 9 48 2 86 17 93
6 5 17 24 9 82 16 47 5 27 10 52 0 88 19 90 7 23 13 88 18 18 14 14 15 98 2 97 8 93 12 31 1 26 3 84 11 90 4 22
5 77 18 46 0 37 11 49 7 83 6 81 19 1 3 30 12 74 17 18 4 86 14 98 15 62 8 21 2 65 9 51 16 64 10 24 1 29 13 22
15 18 3 88 9 64 17 88 4 4 18 39 19 34 10 29 12 37 16 20 8 38 1 25 2 78 0 11 13 68 7 36 6 71 11 82 14 77 5 88
19 34 3 77 14 48 9 48 15 79 10 14 18 92 5 19 1 3 8 5 4 41 7 53 17 68 6 22 12 39 16 37 11 46 13 21 0 85 2 52
7 85 19 21 10 20 0 98 8 85 1 39 4 12 14 17 13 39 9 71 17 83 6 52 5 38 18 8 11 70 15 76 12 40 16 30 2 66 3 1
4 92 9 13 15 18 2 14 0 6 5 49 18 22 11 3 8 45 13 2 17 36 19 82 7 91 12 28 10 2 1 1 14 36 16 50 6 42 3 5
4 81 14 46 19 94 13 93 16 79 7 28 0 32 1 95 2 45 18 94 8 51 15 56 17 22 3 6 5 28 9 42 10 3 6 41 11 23 12 20
16 50 12 34 4 27 18 21 6 64 7 90 5 58 0 24 15 2 1 76 3 21 11 45 17 85 13 32 19 56 2 43 9 14 8 51 10 68 14 10
8 13 18 44 0 13 13 68 11 37 15 51 14 29 1 30 6 14 10 28 9 19 5 87 16 80 4 13 7 65 3 58 19 42 12 13 17 79 2 36
8 99 16 57 17 17 15 15 6 9 10 96 11 15 19 50 4 89 9 5 18 51 14 70 1 65 13 9 5 8 2 20 7 17 3 44 12 34 0 65
17 47 3 3 13 90 0 78 18 11 12 24 4 25 7 78 1 70 5 16 6 33 10 83 19 6 8 37 16 38 2 86 9 92 11 98 14 1 15 99
12 92 6 34 4 33 9 74 3 96 7 66 5 53 10 81 15 71 0 3 8 40 13 77 18 22 16 58 1 25 11 9 19 40 14 75 17 33 2 57
12 12 10 82 2 26 1 72 17 55 11 24 5 82 15 88 4 26 8 24 16 56 19 17 18 14 7 64 0 23 3 65 9 7 14 77 13 30 6 24
7 49 2 71 4 48 16 75 6 47 10 50 15 46 8 11 11 17 19 27 0 66 1 18 17 76 12 3 18 58 14 85 3 8 5 58 13 79 9 71
16 75 13 36 5 5 14 83 10 58 15 56 11 2 7 39 9 44 8 49 2 14 17 10 3 50 19 6 0 40 18 14 6 5 1 68 4 7 12 65
18 43 1 80 15 28 2 47 6 36 17 31 10 5 14 44 3 32 9 23 19 99 0 9 5 9 12 3 11 72 4 17 16 19 13 24 8 32 7 3
13 5 0 85 12 32 17 35 3 89 2 48 6 40 14 44 9 87 4 73 16 86 18 60 8 23 19 12 10 32 11 25 5 16 7 88 1 94 15 55
9 41 17 82 13 24 15 9 19 50 4 87 1 38 6 56 0 69 14 93 7 6 2 58 12 65 16 39 10 57 3 82 11 29 18 78 8 59 5 46
6 24 3 22 2 46 18 17 7 27 9 20 13 25 4 3 16 63 10 91 5 23 8 89 15 4 17 63 19 46 14 71 11 8 0 74 1 69 12 87
5 32 9 28 1 55 19 6 4 68 17 93 0 87 7 48 11 15 6 55 8 23 16 78 13 68 14 93 3 1 2 76 18 82 12 83 10 35 15 93
1 44 4 7 10 30 17 51 5 35 0 76 8 43 12 55 14 55 11 79 19 12 3 13 13 71 6 50 7 73 18 97 9 77 16 42 15 41 2 33
18 59 19 82 4 4 11 74 16 41 1 85 10 94 17 14 6 36 5 90 9 67 14 8 15 39 8 78 3 27 12 28 7 16 2 99 0 67 13 42
3 72 14 36 0 31 7 58 11 20 9 7 4 44 18 69 2 40 17 59 13 78 16 12 6 62 5 21 12 89 10 17 8 19 15 40 1 53 19 11
16 85 17 16 19 15 15 62 13 81 18 12 8 58 0 59 1 3 6 71 4 70 12 29 9 45 2 38 3 55 10 5 14 56 11 82 7 66 5 45
12 23 7 16 4 9 14 95 9 86 18 97 2 10 10 42 19 53 1 10 11 11 3 25 13 65 0 53 5 10 17 63 6 14 16 70 15 86 8 89
16 7 1 39 0 24 10 9 9 78 13 23 15 84 3 60 14 76 18 53 12 30 7 68 8 13 6 84 17 29 5 75 2 25 4 39 11 15 19 47
12 2 2 14 19 34 1 9 6 22 5 10 9 87 17 91 13 46 7 21 4 32 15 63 10 90 0 94 18 64 16 58 3 74 11 65 14 12 8 8
9 46 11 45 12 59 6 91 13 57 15 7 10 31 16 10 3 67 8 59 5 86 1 38 14 18 0 45 2 31 4 81 19 12 18 56 7 63 17 19
17 55 1 52 0 54 16 8 13 43 7 99 11 25 5 79 6 67 12 69 3 98 8 11 2 68 15 83 19 33 9 17 14 64 18 3 10 79 4 17
19 42 11 9 16 54 3 81 2 85 9 63 1 96 5 70 7 78 15 92 4 59 6 15 14 7 13 18 0 53 8 27 18 97 17 77 10 53 12 25
5 55 11 83 12 15 2 24 14 70 10 60 4 67 0 96 6 48 1 3 16 68 13 68 18 53 19 45 3 6 17 13 8 34 7 69 9 33 15 38
1 32 5 95 18 67 8 90 12 84 7 25 10 85 0 51 3 68 17 51 19 94 2 66 6 42 11 45 15 82 14 6 4 50 16 12 13 77 9 20
18 13 15 22 2 76 1 76 14 99 5 4 13 27 10 9 7 58 11 40 16 52 17 86 6 50 3 36 0 7 19 69 8 16 12 65 9 61 4 13
19 51 4 88 8 64 17 40 1 64 7 60 11 18 13 67 18 5 12 46 15 82 2 43 6 90 9 77 14 10 10 71 3 68 5 44 16 91 0 39
1 4 11 85 19 17 17 50 12 70 15 68 10 31 6 99 4 63 3 44 9 22 8 94 0 63 13 3 14 76 5 1 7 61 16 7 18 44 2 46
18 12 13 14 10 78 12 61 14 14 3 33 16 93 0 1 5 58 4 60 15 80 7 66 9 65 1 25 19 8 11 95 6 96 8 6 17 25 2 32
14 34 13 97 0 99 18 99 4 36 8 34 15 55 10 96 7 78 16 41 17 64 12 2 2 6 11 77 3 12 19 60 5 94 6 92 1 43 9 42
6 15 5 82 13 39 16 92 11 91 4 98 1 64 0 6 9 71 12 19 17 34 15 99 7 3 19 92 8 19 2 98 3 73 14 29 10 28 18 35
15 83 11 86 7 66 0 14 12 87 18 34 3 63 1 32 9 11 8 56 14 83 10 74 19 63 13 94 17 41 6 67 2 28 4 51 5 95 16 29
0 2 13 7 5 12 12 73 8 20 17 6 18 41 7 19 4 26 2 79 19 78 1 90 6 87 15 10 11 22 9 88 14 12 3 80 16 95 10 1
13 12 8 38 12 4 9 13 6 74 19 94 11 13 18 99 15 51 0 4 5 69 4 37 1 48 10 84 17 12 2 90 3 47 14 9 7 30 16 82
2 68 5 65 19 12 10 44 16 96 6 43 3 48 0 15 4 6 1 89 12 2 14 36 17 30 13 41 11 86 9 64 18 62 7 7 8 20 15 63
13 18 4 71 12 83 5 11 8 11 3 16 6 95 16 70 7 8 17 13 18 26 14 31 1 25 15 8 11 46 19 57 9 66 0 23 10 81 2 67
1 1 3 93 6 33 0 66 9 62 10 26 18 46 13 59 11 26 4 60 12 36 19 57 16 19 17 50 5 62 8 84 14 91 2 71 7 55 15 1
15 37 11 71 18 22 7 96 0 16 16 11 9 70 1 25 10 23 14 56 6 81 2 91 13 33 5 69 12 33 8 41 19 21 3 24 4 39 17 13
2 57 17 43 10 83 6 87 19 85 13 97 14 48 0 69 7 20 12 19 8 50 3 88 16 67 18 91 4 39 11 58 9 43 15 45 5 64 1 65
7 98 3 28 17 12 4 50 12 10 9 14 11 68 14 18 19 53 1 56 5 51 15 70 13 5 8 32 16 64 6 87 18 46 10 47 2 31 0 17
15 90 11 1 12 82 3 10 5 10 9 15 19 47 13 11 0 7 2 28 14 32 1 52 8 48 7 67 10 20 6 55 17 99 16 89 18 25 4 4
14 49 16 95 11 31 12 88 7 65 3 2 10 85 6 78 1 41 18 68 2 4 17 79 5 23 13 38 15 53 9 27 19 89 0 31 4 92 8 17
15 44 0 46 13 66 2 92 1 19 10 86 4 26 16 23 3 75 12 3 9 38 8 37 19 72 5 3 11 68 18 52 6 72 7 21 14 37 17 43
11 76 1 26 16 20 14 79 15 61 18 90 7 65 3 98 0 84 5 92 9 64 19 73 17 47 12 53 10 62 4 7 6 65 8 16 2 80 13 99
0 74 4 86 8 43 6 68 16 15 17 89 1 87 15 94 12 79 11 87 3 18 13 86 7 11 19 66 14 73 9 87 18 50 10 25 2 75 5 88
5 76 19 65 4 62 14 15 16 11 12 5 3 44 13 33 17 88 7 72 2 48 15 6 11 93 1 29 6 28 0 56 18 6 8 57 10 66 9 42
4 35 11 37 13 93 18 27 12 37 6 51 8 28 10 84 15 54 3 84 19 22 5 63 1 84 16 42 17 13 2 17 7 55 14 20 9 54 0 51
1 87 19 90 11 15 13 43 15 8 7 47 18 93 9 77 14 83 17 94 16 95 2 85 4 30 0 80 5 44 12 73 3 92 6 70 8 37 10 30
9 55 7 17 15 99 5 77 12 15 10 43 3 9 11 59 0 62 13 87 6 80 14 57 16 71 2 30 1 98 17 32 4 97 19 64 8 53 18 53
9 78 1 28 16 11 8 28 15 98 6 3 12 20 17 69 7 22 14 28 10 94 18 55 0 25 5 83 13 36 2 22 11 67 19 86 4 95 3 46
14 19 3 47 8 86 10 65 5 20 19 99 11 5 7 37 12 40 1 34 17 77 6 27 2 15 0 89 18 76 15 59 13 57 4 60 16 99 9 5
11 96 6 5 16 5 0 70 4 1 7 48 10 26 13 98 12 62 3 1 5 32 15 29 14 52 8 38 9 51 18 3 19 25 2 16 17 27 1 79
9 63 13 73 8 55 18 68 7 78 19 27 16 80 17 74 12 65 14 1 2 17 1 74 0 95 10 98 4 93 6 96 5 69 11 7 3 27 15 75
3 81 1 2 15 7 16 91 12 1 5 28 9 73 17 84 10 51 7 49 11 96 6 29 18 73 13 84 19 19 4 25 2 58 14 17 8 21 0 15
0 30 12 57 2 88 1 44 10 71 16 26 17 23 19 49 4 9 9 9 14 20 6 17 7 38 15 91 3 9 13 97 11 36 5 10 8 33 18 63
13 30 10 84 7 62 14 16 19 85 3 2 18 84 9 12 6 72 1 47 2 62 11 47 8 63 5 24 4 24 16 22 0 80 15 59 12 96 17 57
7 93 6 29 11 86 14 62 13 34 17 89 3 58 12 51 1 22 0 87 10 53 5 22 4 81 8 45 19 36 18 96 16 94 15 73 9 57 2 20
10 6 3 91 7 96 15 91 16 25 5 9 2 89 4 5 9 98 13 23 14 49 1 44 18 82 0 67 11 5 12 72 8 1 17 87 19 43 6 56
18 69 7 88 11 1 12 84 4 83 19 45 9 96 1 96 8 30 15 78 0 1 2 52 16 43 13 16 6 7 3 72 17 70 14 9 5 95 10 7
6 64 11 46 3 12 9 27 18 84 4 59 13 21 8 1 5 68 17 3 19 46 10 28 1 14 15 70 12 81 16 79 14 28 7 34 0 53 2 90
0 28 1 23 11 95 19 30 16 93 13 18 10 88 12 33 6 56 18 18 2 78 5 39 14 87 7 31 8 15 3 31 17 30 9 54 15 87 4 82
15 74 2 43 9 76 8 20 5 90 4 82 17 68 1 46 14 42 3 78 12 75 7 25 16 75 11 29 6 59 13 13 0 15 18 6 19 60 10 77
9 10 2 15 7 83 3 35 17 53 5 91 8 41 4 90 13 30 12 8 1 20 18 26 0 69 11 3 19 52 10 85 16 40 15 8 14 35 6 51
2 5 5 12 7 37 15 50 16 36 3 71 17 39 9 76 8 67 1 11 0 84 14 17 13 31 12 38 18 50 4 20 11 81 19 34 10 80 6 40
2 91 19 92 16 18 4 58 17 50 6 38 5 42 3 54 1 85 9 73 15 47 0 56 14 24 8 26 10 56 7 7 12 87 18 62 13 30 11 63
6 34 12 43 1 48 7 24 0 97 16 94 14 25 18 30 4 3 3 74 10 42 15 63 8 60 5 79 11 46 19 32 9 46 2 3 17 59 13 97
4 61 2 84 11 70 8 99 5 18 10 37 6 6 1 47 0 75 16 17 13 93 3 42 9 71 17 85 7 47 12 8 14 27 19 3 15 41 18 35
7 32 2 28 6 99 4 7 9 37 15 76 12 41 16 60 18 67 3 19 19 20 5 83 8 49 17 23 10 18 11 66 1 91 0 51 14 6 13 68
14 62 12 28 4 52 15 81 10 1 13 36 11 28 1 86 9 9 19 7 17 83 8 36 16 53 18 40 5 62 3 14 7 88 0 81 6 95 2 60
14 60 18 38 0 45 2 38 1 50 17 12 6 26 4 83 8 89 9 11 13 91 3 88 15 4 10 23 16 28 5 28 11 88 7 31 12 41 19 56
18 54 5 69 4 51 13 27 15 99 3 70 9 99 7 36 17 2 6 69 14 64 1 51 19 7 16 19 2 59 10 71 12 82 11 66 0 47 8 48
3 3 9 43 6 89 17 47 15 19 13 49 14 10 8 47 16 51 18 67 12 9 10 32 0 46 11 90 5 37 2 57 4 2 7 56 1 94 19 53
4 15 6 54 18 23 12 34 0 81 3 61 14 13 16 3 13 85 17 74 11 20 8 64 15 78 7 15 9 88 1 7 5 8 2 92 19 23 10 55
