100 20
14 72 4 65 18 2 16 52 11 92 19 17 10 82 3 47 0 68 15 25 1 73 12 59 8 7 13 79 9 2 17 31 5 54 7 10 6 90 2 41
15 37 1 51 10 66 5 55 11 41 16 48 7 66 4 84 0 6 18 52 19 85 3 23 14 7 9 48 17 51 8 12 2 28 6 54 12 98 13 52
4 14 15 82 12 13 14 16 9 58 16 82 17 50 6 17 1 91 5 1 0 20 19 24 10 85 3 89 13 83 18 65 2 62 7 68 11 33 8 48
13 36 3 20 16 57 8 16 1 93 0 70 10 27 11 79 17 34 5 80 6 23 9 13 19 67 4 59 14 70 12 56 7 87 18 6 2 46 15 20
9 39 8 92 6 32 0 31 18 90 7 56 4 80 3 95 15 44 13 91 1 6 14 69 10 86 5 52 19 73 12 4 16 40 17 68 11 15 2 49
14 56 18 74 11 60 13 71 19 75 4 89 6 36 10 49 17 77 12 22 1 48 8 61 16 81 5 62 9 30 7 93 2 30 15 85 3 32 0 59
6 71 13 43 1 19 17 1 7 62 15 4 4 49 8 60 16 32 19 87 9 94 18 5 11 80 14 70 10 25 5 54 12 6 0 83 3 52 2 9
12 57 14 83 9 50 16 83 18 67 1 48 4 14 8 92 3 93 15 97 13 54 7 51 5 12 2 42 11 11 6 59 0 20 19 72 10 72 17 63
9 47 1 10 5 12 18 72 6 66 19 41 12 91 15 39 0 3 7 25 14 72 13 13 2 8 8 42 16 13 11 43 17 94 10 32 3 88 4 55
6 89 1 66 3 72 18 82 14 76 13 63 17 78 5 83 9 54 7 30 0 6 19 72 15 4 4 50 16 8 10 59 11 16 2 47 8 14 12 85
5 65 13 14 6 67 16 93 8 19 15 41 1 38 3 81 10 31 4 21 0 38 7 3 2 44 17 12 19 47 12 76 11 27 18 76 9 97 14 83
1 38 16 5 18 99 14 97 2 93 0 79 13 68 17 58 15 79 12 86 9 48 8 17 6 68 19 34 4 43 10 32 7 52 11 82 3 24 5 62
19 7 15 45 2 27 16 46 8 36 18 26 5 78 17 37 13 66 11 11 1 21 7 49 12 89 10 88 14 41 3 67 4 80 9 39 6 66 0 25
11 29 5 32 9 12 0 6 17 30 6 52 15 40 10 20 16 41 14 48 7 25 2 44 13 52 1 79 3 65 18 56 4 92 12 69 19 77 8 96
7 1 2 35 10 94 16 75 3 4 5 37 18 27 4 70 12 3 8 60 19 91 0 2 13 27 9 55 17 77 6 33 15 87 1 70 11 37 14 90
12 87 14 19 15 48 8 22 9 48 6 51 0 99 4 20 10 62 5 93 17 57 13 39 16 91 2 30 3 23 18 99 11 78 7 74 19 13 1 59
9 56 19 47 0 32 10 55 15 96 5 11 7 86 8 93 16 90 18 25 6 14 1 97 4 69 11 35 14 82 17 33 12 48 2 84 13 39 3 90
2 28 0 43 10 17 11 90 16 82 7 22 19 53 8 54 6 80 17 15 15 44 9 71 18 8 4 92 1 22 5 30 12 43 3 55 13 21 14 81
18 15 2 15 1 67 4 61 14 49 17 42 8 24 6 84 19 9 5 77 9 99 7 43 10 16 13 99 0 5 12 80 16 53 15 29 11 64 3 87
7 82 0 30 10 45 11 32 16 19 12 28 3 99 17 11 2 4 19 30 8 9 6 68 18 40 13 86 4 31 15 12 5 21 9 77 14 9 1 42
3 15 4 68 16 90 1 34 8 12 9 88 18 68 13 8 14 60 7 88 2 10 17 94 15 59 10 57 11 67 6 1 5 41 0 33 19 8 12 79
14 75 11 13 17 8 7 87 15 85 5 56 3 13 9 57 16 69 0 91 12 37 8 40 4 48 10 77 2 32 13 95 6 19 19 92 18 86 1 20
14 11 2 85 8 99 0 71 1 3 7 34 11 63 19 70 10 5 5 28 3 5 15 85 17 3 9 41 6 74 12 70 16 96 18 99 13 88 4 27
1 32 14 79 16 42 7 36 3 97 10 70 17 57 13 29 8 74 15 9 19 64 0 78 9 86 5 38 18 61 12 40 4 48 11 13 2 54 6 14
11 76 7 77 1 97 10 39 4 12 15 85 3 30 18 50 14 56 17 99 13 99 8 40 9 70 2 82 6 44 12 9 5 12 16 73 0 34 19 51
3 14 5 4 14 17 19 34 2 62 16 41 4 19 15 19 10 86 6 79 11 2 17 10 7 33 18 85 1 1 9 46 13 82 8 16 0 19 12 50
1 84 17 39 18 73 13 27 6 79 14 37 3 50 15 4 16 48 9 68 19 63 10 42 4 54 0 95 8 83 11 11 7 92 12 74 5 42 2 52
16 70 15 66 0 22 4 41 18 46 5 94 17 66 7 95 19 9 1 3 9 82 11 97 6 80 14 2 13 10 8 12 12 83 3 54 2 64 10 19
17 40 12 50 9 54 18 1 4 69 11 44 3 54 6 6 2 71 10 97 8 3 14 83 1 21 16 58 7 66 0 10 13 71 5 5 15 21 19 51
13 62 7 49 18 68 12 17 5 49 15 57 19 86 0 17 11 8 3 53 17 93 9 26 16 65 14 95 8 88 4 6 6 15 10 26 2 15 1 12
14 32 8 89 7 56 6 59 1 39 3 77 2 49 0 42 11 91 15 22 13 65 4 13 19 88 18 17 17 63 10 98 5 42 16 63 9 41 12 21
14 14 13 87 4 75 11 17 3 22 17 55 2 57 7 8 1 94 12 39 19 55 6 26 9 67 18 95 15 81 8 5 16 89 5 71 0 11 10 30
17 41 6 87 14 91 4 17 7 15 19 63 9 59 15 99 5 65 11 32 13 38 1 6 2 68 8 82 16 47 18 90 3 69 10 92 12 47 0 12
5 82 18 24 8 8 11 64 17 53 19 28 6 83 2 15 7 18 14 33 10 69 3 30 12 99 15 61 13 19 1 27 0 46 4 74 9 22 16 73
7 89 6 69 11 75 12 58 1 52 8 19 17 41 2 1 10 42 4 96 14 21 19 54 5 37 18 60 3 68 9 54 13 3 15 27 0 72 16 65
18 40 7 13 0 62 3 1 17 51 5 84 13 63 12 92 19 67 8 98 11 99 15 80 1 43 4 11 2 62 16 38 9 50 6 77 14 42 10 86
9 30 17 46 5 36 16 26 8 64 18 46 15 7 1 50 2 4 19 11 12 86 13 38 14 58 3 76 10 18 0 86 11 21 4 78 6 23 7 8
9 6 10 4 5 18 18 84 8 29 11 35 4 19 2 52 15 79 17 39 6 12 7 85 16 42 0 12 3 85 13 67 14 55 19 58 12 60 1 56
7 64 10 33 16 61 3 20 6 44 19 11 9 28 2 60 18 21 14 67 17 80 4 80 8 98 12 62 15 23 0 97 5 23 11 30 13 25 1 85
13 28 19 59 18 14 11 85 6 42 17 61 10 51 8 14 2 73 1 27 7 22 12 46 4 68 16 6 15 23 9 73 3 37 14 85 0 9 5 45
18 35 15 23 2 81 4 90 7 70 0 58 17 53 1 29 10 27 12 11 9 90 6 18 5 44 14 68 13 82 16 76 19 90 11 68 8 5 3 58
17 28 5 26 11 4 12 18 13 2 3 17 15 29 16 91 4 13 10 70 19 78 1 44 9 70 7 3 18 30 2 72 14 95 0 98 8 19 6 67
1 13 5 27 4 34 7 82 19 73 17 51 16 69 11 47 13 20 2 57 8 68 15 90 10 44 9 18 0 46 12 79 3 39 14 57 6 54 18 73
6 75 17 79 16 23 2 78 9 24 11 21 10 39 4 77 12 33 7 23 8 42 18 66 0 25 19 78 1 4 3 45 13 69 5 66 14 27 15 1
3 23 10 98 4 82 9 66 17 26 14 98 18 1 1 8 13 28 2 99 8 50 12 46 19 81 11 20 15 11 5 55 7 5 16 59 6 99 0 33
2 67 4 42 10 96 19 18 17 91 11 69 7 70 15 85 18 30 14 81 0 76 12 29 8 83 6 83 3 69 9 89 16 75 5 94 1 79 13 97
10 34 15 24 4 98 7 26 2 1 13 40 3 14 0 58 5 98 19 55 1 18 11 47 16 97 9 95 6 95 18 49 17 57 14 27 12 18 8 86
9 9 12 49 16 31 17 95 8 64 18 2 19 63 14 5 5 26 11 19 13 2 10 57 0 74 1 21 6 26 7 95 4 81 2 76 15 18 3 29
10 33 8 37 12 14 14 69 0 3 5 89 4 71 16 52 7 26 1 54 19 41 2 10 17 78 11 49 6 34 13 85 15 73 9 43 3 30 18 46
1 3 8 45 5 95 2 71 14 19 12 59 11 85 0 94 3 97 19 51 15 42 9 14 4 1 16 85 10 64 7 69 13 9 18 88 6 1 17 96
18 23 8 7 2 80 6 13 4 50 12 13 7 60 3 55 14 97 17 31 9 67 11 73 5 28 19 98 16 92 15 81 13 31 1 59 10 35 0 7
18 85 11 60 13 97 5 38 17 40 3 20 2 71 9 23 15 71 1 74 14 88 12 39 8 73 7 59 0 84 4 85 19 66 10 18 6 95 16 61
13 27 14 43 7 65 1 54 4 50 0 14 3 85 19 37 5 57 10 32 8 88 18 6 16 4 11 77 17 88 9 58 6 90 15 84 2 74 12 52
8 5 10 57 9 42 19 72 3 84 2 87 0 18 5 19 13 21 6 77 1 63 16 90 14 96 4 53 17 60 11 28 18 73 15 3 12 9 7 45
16 94 19 21 9 77 0 34 4 93 13 11 15 99 11 6 3 17 17 26 14 48 18 22 8 35 7 40 6 42 12 63 1 29 2 74 5 86 10 26
1 17 2 15 7 51 10 51 8 76 3 60 9 4 6 20 16 13 12 27 4 3 0 70 14 42 11 8 17 91 13 46 18 55 15 46 5 46 19 82
4 37 6 49 16 49 17 81 13 38 12 76 1 71 3 19 19 26 0 1 10 48 2 15 14 15 15 42 18 87 8 10 11 5 7 83 9 79 5 73
1 56 16 68 17 81 14 59 10 18 19 33 15 11 2 59 4 35 0 55 9 49 11 73 5 42 18 15 13 54 6 23 3 67 7 58 8 51 12 43
5 81 6 57 14 10 8 90 9 90 17 15 19 56 18 16 11 58 4 45 10 56 2 31 1 55 3 12 7 14 12 72 13 17 0 71 16 36 15 23
15 72 13 30 12 37 3 57 1 15 6 19 16 2 10 95 19 79 0 58 2 84 14 67 8 40 11 35 7 42 17 85 5 41 4 68 9 27 18 46
10 84 11 54 17 10 15 49 6 31 16 15 1 86 3 82 19 4 4 32 12 97 5 99 7 1 8 19 9 2 18 5 13 44 2 92 0 11 14 47
4 2 7 7 2 89 15 93 9 83 12 19 1 33 0 79 6 94 18 26 19 71 10 40 16 44 17 75 8 12 5 30 13 90 3 4 11 42 14 88
14 90 15 44 3 68 1 50 17 14 19 12 6 44 0 71 2 22 4 74 8 59 11 38 18 82 10 96 9 46 16 23 13 40 5 77 7 42 12 4
11 9 1 6 18 74 3 22 19 21 16 66 12 44 2 59 5 3 14 45 8 71 0 45 9 71 6 50 17 88 4 83 7 51 10 54 13 34 15 55
4 42 6 8 8 72 1 84 17 44 18 70 19 23 15 18 0 95 9 96 7 67 5 36 10 61 2 13 13 2 3 75 12 16 16 66 14 2 11 54
3 34 7 45 11 82 18 63 13 53 1 58 16 73 10 17 2 37 14 19 0 1 19 11 8 25 15 32 4 76 17 2 9 21 5 68 6 61 12 67
2 37 11 87 7 93 3 90 14 55 8 70 12 27 4 92 10 97 16 91 15 44 13 43 6 14 17 74 5 68 9 74 1 28 18 41 0 38 19 74
3 80 9 18 4 4 16 71 18 71 14 68 10 11 13 97 17 78 11 19 15 73 0 94 1 28 6 41 12 90 8 49 19 29 5 85 7 82 2 47
13 29 12 36 1 16 0 94 7 62 18 20 14 22 17 45 19 98 9 27 16 63 6 6 11 86 8 59 2 53 4 16 10 8 15 19 5 55 3 91
0 80 8 17 4 44 14 70 2 70 13 91 5 28 11 13 18 7 17 67 10 9 19 18 3 4 15 9 12 8 16 86 9 7 7 12 1 87 6 9
17 49 8 86 18 85 13 91 14 6 5 70 2 91 1 23 19 87 9 89 4 91 10 65 7 12 11 7 15 84 0 63 16 65 12 84 3 5 6 54
19 73 17 7 4 63 3 27 16 45 15 67 7 82 1 6 13 65 9 40 2 25 10 62 18 26 5 67 11 56 14 20 12 67 8 19 6 96 0 83
2 74 11 97 3 50 18 88 12 73 0 44 5 90 7 74 4 19 6 23 15 53 14 49 17 29 8 32 16 14 13 17 1 87 10 51 9 24 19 23
8 50 16 35 15 36 4 36 6 11 17 9 10 26 18 64 1 14 2 40 3 46 7 96 11 83 0 98 19 64 9 12 13 99 12 51 14 46 5 65
17 2 0 26 11 39 12 76 18 49 14 6 15 60 7 70 8 50 13 51 4 35 5 44 10 50 19 94 6 3 1 65 3 66 9 27 2 77 16 22
10 38 11 81 5 9 7 11 16 10 4 45 9 20 2 22 19 51 17 28 1 61 0 28 6 33 3 35 8 74 18 93 14 95 15 55 13 36 12 12
18 23 6 46 4 15 14 99 7 72 10 4 12 51 11 75 17 23 8 96 3 90 2 84 0 76 19 98 1 93 9 92 5 31 13 87 15 38 16 97
12 63 15 93 1 15 8 93 13 21 9 64 3 11 17 68 5 56 16 16 2 39 18 5 6 13 19 42 11 52 10 3 14 24 0 3 4 29 7 78
0 68 10 88 13 39 1 54 2 48 4 96 11 49 17 39 5 68 14 22 19 15 3 59 7 26 12 67 8 58 16 67 9 89 15 29 6 79 18 48
1 4 11 18 10 37 2 46 12 57 7 5 14 95 16 21 9 35 19 51 5 54 3 99 15 14 17 41 6 46 4 66 8 32 0 28 13 88 18 93
6 37 12 37 13 41 17 61 0 11 19 40 3 68 14 12 7 40 16 79 18 47 9 66 1 25 10 8 4 14 15 53 5 72 8 3 11 99 2 68
3 78 12 97 9 30 14 64 8 91 17 61 13 99 6 28 1 62 19 51 7 52 11 86 10 70 2 52 18 89 16 68 0 87 4 46 5 44 15 72
7 63 11 7 4 61 18 34 0 49 6 11 13 29 15 75 10 98 16 18 9 15 19 51 8 72 3 1 17 82 1 86 14 53 5 24 12 71 2 14
14 3 15 51 9 74 0 75 6 23 17 95 4 83 16 95 5 84 3 28 1 34 10 10 18 35 2 97 19 40 13 14 12 21 7 64 11 49 8 2
8 60 15 76 12 89 2 47 1 75 19 64 9 73 17 53 16 51 18 11 3 98 7 10 14 12 11 37 0 26 4 77 13 17 6 8 5 27 10 88
10 18 1 23 3 97 19 88 12 75 15 34 11 76 6 62 13 17 8 68 4 20 18 15 2 37 0 85 9 61 14 53 7 52 16 32 17 26 5 69
1 91 18 75 5 49 6 57 13 79 10 62 0 1 11 90 2 31 3 21 17 46 19 50 7 96 8 70 12 73 9 63 4 93 16 32 15 19 14 41
8 66 14 1 3 88 16 66 2 14 0 28 7 26 10 2 6 99 12 68 15 27 5 30 4 4 11 72 13 69 17 48 1 4 19 36 18 71 9 19
0 10 10 47 13 72 6 22 11 76 4 25 12 51 3 25 15 34 16 78 1 94 9 34 17 25 2 61 14 64 19 32 7 33 5 96 8 12 18 16
2 67 17 60 5 10 0 45 13 41 15 10 4 41 19 32 7 5 11 96 14 24 6 69 3 91 12 82 9 94 8 79 1 20 18 32 16 45 10 11
15 91 16 29 7 28 1 7 2 25 18 92 8 7 11 64 6 40 14 21 12 97 3 61 13 87 9 52 10 92 0 11 5 57 17 3 4 75 19 70
18 21 3 48 5 60 7 42 1 48 8 73 6 76 2 19 15 42 0 44 16 68 13 70 19 45 9 44 4 3 10 74 12 42 14 22 17 1 11 96
15 68 18 44 5 90 1 94 10 52 17 83 16 16 19 26 2 50 8 78 4 10 3 48 0 95 14 56 6 13 7 49 9 2 11 29 13 81 12 87
5 77 7 54 6 75 17 1 15 71 9 91 0 13 13 9 3 69 19 98 4 77 16 88 10 78 1 14 14 81 8 98 11 86 12 26 2 2 18 83
13 69 18 47 17 62 15 75 11 38 14 33 2 79 6 57 1 6 10 51 19 96 9 69 0 75 3 10 8 95 4 82 5 62 16 90 7 26 12 22
18 54 16 66 19 37 17 96 2 48 11 30 14 35 7 9 4 11 15 21 5 61 10 72 13 55 3 13 12 83 0 53 6 31 9 14 1 36 8 59
1 5 5 75 8 52 12 28 2 37 17 50 7 96 16 10 18 64 10 93 15 98 3 20 19 50 13 18 0 56 9 31 14 92 11 24 6 93 4 13
6 66 16 9 10 82 19 77 11 82 15 22 0 6 3 70 7 48 5 89 4 62 13 46 18 43 1 85 2 11 9 66 17 60 12 18 8 13 14 50
9 93 13 75 10 78 7 75 14 22 16 55 18 18 6 55 4 18 19 3 5 51 3 45 2 26 17 18 12 47 0 48 1 80 8 29 11 47 15 39
11 77 9 97 16 87 8 74 5 8 15 93 19 20 1 17 6 77 2 35 12 95 0 64 10 62 13 47 3 49 14 90 7 85 17 75 4 50 18 76
