100 20
9 28 18 44 3 27 7 97 1 18 16 89 19 79 13 84 11 12 2 39 4 63 17 49 10 66 12 67 6 66 15 7 0 95 5 56 14 90 8 27
6 21 11 53 0 33 9 30 10 80 12 16 1 32 18 12 3 15 17 28 2 70 16 58 19 45 5 17 15 80 14 80 4 24 8 6 13 32 7 15
7 56 19 67 2 24 10 32 14 74 1 20 6 67 15 94 9 68 16 64 5 46 18 96 11 22 0 36 8 64 4 65 12 11 3 17 17 69 13 84
12 36 14 71 11 49 8 84 19 94 18 40 10 42 6 55 4 64 1 48 3 60 0 95 2 73 15 32 13 43 17 40 16 15 9 1 7 79 5 42
16 26 11 55 10 49 3 50 9 55 8 70 0 11 4 98 19 86 13 77 12 28 7 44 2 45 14 31 5 6 15 74 6 1 18 76 1 20 17 64
14 41 11 1 10 73 2 4 0 80 7 15 19 31 4 22 6 54 3 21 17 26 1 5 8 98 12 22 15 19 16 60 18 14 9 88 13 78 5 35
2 24 11 5 1 97 13 53 0 49 5 48 3 4 8 83 10 84 6 2 9 62 16 56 15 38 14 49 7 88 17 60 12 49 4 73 19 69 18 52
5 2 2 5 6 97 0 2 9 14 11 25 17 29 18 86 16 33 19 17 4 40 7 69 14 45 3 25 10 12 13 7 15 49 1 20 8 58 12 68
7 56 10 18 4 69 12 1 6 57 8 6 9 3 19 22 0 72 3 42 17 42 14 60 5 7 2 98 11 49 15 89 13 75 16 24 1 31 18 61
10 39 17 20 15 94 14 4 3 38 0 7 13 88 11 65 18 42 12 79 2 37 8 47 19 36 4 76 6 6 1 55 16 28 7 97 9 23 5 40
19 80 12 85 1 2 7 11 18 7 11 95 16 93 10 83 3 68 0 10 15 26 9 52 5 48 8 11 6 25 2 70 4 89 17 11 14 95 13 32
17 44 11 23 3 7 5 65 9 37 4 32 15 94 0 83 1 50 16 90 13 56 18 91 19 61 8 36 7 57 6 69 2 80 14 97 10 26 12 11
12 95 4 4 11 68 14 27 18 20 10 64 8 66 0 78 2 19 3 84 13 37 6 6 19 4 1 9 7 7 5 65 9 16 16 53 17 19 15 75
11 57 9 58 10 59 17 21 8 73 5 97 4 21 16 37 13 46 14 57 19 89 6 57 18 96 2 28 12 66 15 73 0 83 7 99 1 47 3 59
11 26 19 99 0 90 9 34 15 59 12 45 17 25 10 16 6 70 14 71 3 99 1 35 8 89 16 92 5 80 13 81 7 33 18 60 4 58 2 42
19 50 6 56 8 45 16 4 5 58 0 29 4 43 2 26 10 3 18 16 15 36 17 79 13 82 11 96 14 29 3 91 7 42 9 44 12 23 1 7
3 47 8 21 12 31 4 66 14 93 1 82 19 25 0 96 10 2 6 3 18 85 16 19 2 81 17 42 9 56 7 55 15 55 5 78 13 70 11 56
0 88 3 82 2 60 10 1 15 79 16 91 9 31 12 9 1 23 13 31 17 37 18 49 11 34 14 42 5 37 4 22 6 62 7 73 19 59 8 84
2 20 0 25 15 95 11 93 3 56 9 90 18 58 14 60 1 89 10 35 7 30 6 60 8 2 5 35 13 22 17 2 4 46 12 55 19 16 16 57
17 53 5 11 4 73 19 57 14 48 15 98 16 25 13 73 2 18 10 47 9 88 11 44 7 43 1 87 0 31 12 1 6 5 18 20 8 56 3 95
19 31 6 16 18 49 9 84 8 60 16 22 1 73 4 54 17 63 13 76 0 72 5 12 3 8 2 48 14 40 7 86 15 21 10 36 11 22 12 79
3 65 0 58 11 9 6 25 15 12 13 71 5 16 14 71 9 1 12 42 10 76 7 46 19 97 16 18 18 40 8 83 2 66 17 36 1 42 4 30
17 65 6 45 10 84 3 28 11 57 15 81 12 97 7 45 18 80 8 10 4 57 19 35 1 86 9 49 13 43 14 36 16 34 0 11 2 48 5 88
10 93 6 34 9 30 18 12 17 51 4 37 0 94 14 67 15 50 1 82 16 77 19 76 11 66 7 1 3 1 12 34 5 60 8 49 13 64 2 81
10 7 14 81 13 76 7 12 8 64 19 65 12 24 17 94 16 83 15 21 3 55 9 55 11 92 4 55 5 82 1 90 6 10 2 4 0 24 18 9
19 21 9 20 1 80 17 89 2 41 7 7 16 50 18 16 14 13 11 81 3 26 4 24 15 46 8 95 13 72 12 86 6 46 5 5 0 56 10 83
16 34 4 11 1 18 6 42 17 50 19 55 10 94 18 12 7 22 15 7 13 98 14 74 12 35 5 5 2 83 8 21 0 52 11 41 3 78 9 74
8 30 10 22 7 70 14 40 0 96 5 90 9 20 3 60 1 72 16 49 19 27 17 72 18 80 15 99 12 24 6 34 11 57 2 11 4 43 13 24
3 55 2 69 1 60 18 24 15 34 14 98 13 60 12 87 5 75 11 7 17 36 6 10 16 46 10 85 9 13 0 36 4 26 7 42 8 5 19 52
2 71 4 5 5 71 6 4 9 62 18 75 12 56 10 89 19 67 16 15 8 65 13 81 17 44 7 5 11 46 3 83 1 48 15 70 14 95 0 47
4 75 15 70 8 24 17 61 3 9 18 56 6 24 7 24 14 14 10 16 2 92 19 58 12 59 9 2 0 51 5 3 11 10 1 34 16 14 13 58
19 79 15 31 10 38 18 74 4 68 14 99 7 45 11 13 13 50 12 30 3 86 9 76 16 40 5 71 17 11 1 7 8 67 6 5 0 3 2 31
9 6 6 18 0 22 11 27 13 41 14 67 17 41 16 91 1 76 7 53 19 46 2 44 4 70 3 16 10 3 15 90 18 72 12 12 5 76 8 92
2 33 8 17 19 65 6 4 17 10 9 99 15 91 7 9 12 6 10 9 3 29 16 79 0 57 11 18 1 23 4 3 14 42 13 40 5 35 18 44
1 31 2 93 3 37 17 55 0 99 4 80 15 57 13 80 14 48 7 50 16 79 5 92 6 39 11 36 19 13 10 8 8 98 12 47 18 16 9 84
3 96 6 7 19 89 15 9 9 90 1 98 14 40 0 42 17 20 11 16 8 60 13 92 4 43 16 50 2 71 12 91 10 20 5 2 7 47 18 57
11 33 13 24 2 60 16 55 0 80 6 52 8 52 1 84 17 54 18 82 14 74 4 93 5 93 19 12 7 33 3 6 9 92 15 75 10 89 12 40
13 7 6 47 17 68 4 17 0 50 19 46 3 97 10 28 2 72 5 78 12 39 16 14 18 67 14 53 1 90 11 41 15 30 8 91 9 41 7 65
5 48 15 19 12 83 14 68 11 62 19 61 18 24 17 38 1 96 6 75 3 92 0 32 10 69 13 73 4 13 8 54 2 63 9 2 16 1 7 1
5 78 4 1 13 29 12 13 18 91 17 19 19 81 1 86 8 47 11 54 10 10 6 97 15 97 16 56 14 22 7 20 0 18 2 40 9 55 3 96
17 44 1 90 18 80 13 29 5 95 12 46 11 70 3 59 19 16 15 76 16 56 9 70 8 2 4 68 14 17 0 21 7 88 2 34 6 98 10 75
14 49 11 20 15 72 2 54 18 67 4 24 19 5 8 16 9 48 12 55 1 16 16 57 7 93 3 98 6 94 17 80 13 16 10 2 5 9 0 17
11 96 4 79 12 2 18 8 17 31 19 85 6 20 10 67 0 98 8 33 16 80 9 13 7 27 3 48 5 39 1 4 2 67 14 96 13 3 15 24
4 79 5 45 11 6 6 49 17 17 1 8 10 88 0 23 15 68 12 74 16 86 9 85 14 6 3 84 19 52 2 90 13 2 8 92 7 16 18 54
16 31 3 69 12 81 13 96 2 65 9 42 8 75 10 33 14 24 4 56 17 14 18 66 0 47 6 29 5 90 7 58 1 26 11 39 15 76 19 52
17 63 1 54 8 44 6 92 10 24 13 19 2 1 16 69 11 90 7 38 15 4 4 93 19 16 3 20 9 66 0 26 14 64 18 12 12 85 5 46
16 54 0 38 3 85 17 82 5 12 15 41 18 21 2 87 19 11 4 75 13 98 12 71 8 76 11 52 1 10 6 87 10 84 14 23 7 44 9 36
5 7 3 61 1 94 4 51 6 7 11 3 19 2 7 7 13 75 12 31 18 62 0 17 16 76 2 93 9 28 10 16 8 89 17 59 15 87 14 2
15 45 17 91 11 16 12 82 6 38 9 59 7 96 8 66 10 70 16 24 2 17 13 7 19 19 1 75 4 39 0 25 5 94 18 43 14 52 3 87
6 36 7 10 3 91 11 39 14 27 8 9 5 26 9 77 13 41 19 99 2 5 1 8 15 45 10 36 4 24 17 95 0 28 16 12 18 23 12 81
8 58 13 21 16 36 7 57 18 33 17 70 6 90 10 7 14 16 11 58 9 95 15 8 2 55 1 75 5 46 0 1 19 47 3 21 12 2 4 90
9 89 0 92 12 16 18 36 6 10 2 20 4 84 14 43 19 16 5 32 10 54 17 15 13 40 16 78 15 9 8 22 1 67 11 90 3 24 7 73
8 41 17 39 11 33 4 65 18 60 7 16 9 92 19 21 0 54 5 98 3 63 2 20 12 85 10 17 13 88 16 2 14 11 6 8 15 12 1 40
16 51 6 67 3 73 7 80 17 44 9 63 11 69 19 28 10 79 1 70 12 20 14 23 2 52 5 80 13 16 15 94 8 42 0 33 18 68 4 60
13 3 5 42 3 7 2 75 10 34 1 31 11 68 14 16 8 62 6 75 17 94 15 43 19 19 16 54 12 80 4 18 0 54 18 67 9 84 7 61
18 73 19 92 11 82 1 44 8 65 2 62 16 37 17 48 0 81 9 7 15 86 5 28 4 23 6 83 10 36 12 18 7 5 13 45 3 60 14 67
3 89 12 90 17 96 10 43 13 89 11 7 2 40 15 25 6 57 0 68 14 64 5 58 1 57 16 13 19 42 18 96 7 82 4 38 9 77 8 44
19 44 10 60 5 36 15 41 0 61 9 44 11 63 13 89 6 79 16 60 12 31 14 44 4 60 17 71 2 51 18 64 8 10 1 41 3 86 7 86
4 11 3 10 14 13 19 36 8 12 9 44 0 35 17 81 16 89 2 11 15 80 5 16 11 32 18 30 10 79 6 41 7 18 13 70 1 25 12 40
14 40 8 97 3 21 19 95 0 21 16 13 7 26 4 13 11 91 17 48 10 43 6 1 12 53 2 16 1 52 13 85 9 12 5 63 18 60 15 46
9 47 3 26 0 36 16 24 18 67 6 50 2 47 8 56 1 56 15 88 10 71 13 64 12 64 7 38 14 18 17 70 4 91 5 34 19 17 11 57
0 32 10 1 7 54 1 99 5 22 11 49 9 5 3 79 19 83 14 50 12 45 13 47 15 56 16 8 2 94 17 27 4 71 6 4 18 45 8 54
4 96 17 51 14 52 16 16 15 41 12 68 18 94 1 35 7 6 8 54 2 52 19 99 9 30 11 65 6 73 0 60 13 33 5 76 10 13 3 12
9 36 2 30 19 83 4 97 17 88 13 40 18 52 3 96 1 98 15 74 14 63 11 33 6 51 10 21 8 72 0 72 7 56 12 67 5 34 16 58
12 40 2 6 10 22 1 20 19 36 0 26 18 71 5 59 11 84 8 13 15 36 16 76 9 63 4 58 14 21 13 60 6 37 17 82 7 75 3 34
3 98 8 75 10 69 7 77 18 32 19 49 2 60 16 58 9 78 12 54 13 75 4 51 6 75 17 73 14 80 5 90 1 40 11 4 0 75 15 88
15 25 7 40 11 94 16 68 18 73 3 28 2 12 8 73 19 18 4 47 0 4 14 77 6 79 9 95 5 74 10 40 17 33 12 95 13 17 1 10
9 38 10 95 3 56 15 60 2 53 8 75 19 2 6 87 12 86 16 9 11 84 14 81 0 87 18 1 7 17 4 98 13 24 1 54 5 50 17 26
19 97 0 95 10 63 9 11 6 89 8 58 15 69 14 84 1 37 5 89 3 68 7 10 2 82 12 57 17 58 16 24 4 85 13 36 11 36 18 12
0 68 13 70 11 25 3 65 12 66 5 97 2 5 19 19 16 2 8 50 1 78 10 31 15 52 6 47 17 39 14 76 4 64 18 80 7 22 9 45
5 2 1 88 8 49 16 68 3 1 14 51 18 56 11 49 7 38 6 12 4 64 10 6 9 99 12 88 13 7 0 23 15 4 17 59 19 82 2 22
7 84 14 45 13 28 8 8 0 74 17 87 15 37 11 64 18 44 16 36 10 25 3 41 5 23 19 86 9 31 12 60 2 58 6 33 1 46 4 15
15 16 17 20 8 5 1 12 14 55 13 80 18 43 2 55 3 74 16 12 4 58 9 77 12 39 6 18 19 62 0 2 7 62 11 40 5 29 10 83
16 13 4 78 6 42 2 74 12 71 17 75 18 97 1 31 11 82 19 25 5 36 0 66 10 32 8 61 7 3 15 85 3 18 13 83 14 12 9 12
10 67 5 28 11 29 3 56 18 78 7 36 9 67 14 16 4 14 16 90 1 39 15 99 8 70 12 38 6 31 19 28 0 65 2 70 13 93 17 7
11 29 4 9 0 61 15 28 5 86 16 38 8 19 9 51 17 5 1 51 7 70 3 47 14 4 10 70 18 97 6 46 12 30 13 42 2 13 19 11
2 74 6 60 17 27 19 22 12 29 9 69 13 41 3 82 18 49 14 42 11 2 7 27 8 59 1 2 5 9 15 95 4 94 0 3 16 33 10 67
7 32 14 37 13 5 18 50 16 35 0 70 5 18 9 42 15 25 4 94 10 20 3 65 8 63 6 52 11 34 12 17 2 33 17 66 1 72 19 48
12 22 16 42 2 25 1 17 15 24 18 15 3 1 17 70 8 2 14 62 9 97 4 32 7 73 11 42 13 31 5 86 6 17 0 44 10 24 19 13
1 20 3 6 4 92 15 13 9 72 2 37 5 26 18 77 8 3 17 87 16 31 12 99 6 31 0 66 14 18 11 88 13 25 7 66 19 57 10 92
0 73 11 49 4 74 19 7 12 19 1 1 18 3 3 58 10 77 14 29 6 27 2 77 15 68 7 73 16 88 9 34 17 87 5 53 8 60 13 46
4 23 12 58 6 2 17 86 18 54 10 52 0 7 3 11 8 93 9 57 5 45 16 35 2 38 13 63 15 1 7 54 11 51 14 24 1 69 19 27
10 85 11 73 16 30 3 30 14 61 5 36 6 87 17 18 12 60 8 5 19 65 18 21 4 34 13 75 1 23 15 61 7 25 0 46 2 48 9 72
10 7 3 76 2 57 4 59 18 5 1 98 15 70 9 79 12 47 17 1 5 17 0 51 8 5 13 53 7 64 14 52 19 36 16 79 6 2 11 26
18 80 11 81 16 51 1 33 5 88 13 47 19 92 3 26 12 13 15 82 8 58 4 92 6 53 10 65 2 41 0 16 7 45 9 63 17 77 14 85
8 40 13 32 15 66 12 77 1 54 6 84 2 57 19 47 4 22 9 89 10 69 17 83 0 45 16 96 3 10 5 3 14 38 7 49 11 22 18 31
13 63 9 8 2 66 17 55 4 20 19 63 7 22 10 41 12 28 11 85 3 30 8 37 14 25 0 38 1 72 6 81 16 32 5 81 18 32 15 95
15 9 5 62 13 59 2 67 0 35 7 25 3 57 12 55 8 29 10 52 16 29 17 41 14 66 19 82 11 43 4 52 6 57 18 31 1 77 9 15
0 66 9 71 6 35 13 18 16 1 10 42 18 63 14 72 15 62 8 26 7 70 4 11 12 36 17 2 11 6 3 98 1 48 5 3 19 70 2 22
12 92 2 58 10 63 17 25 19 62 3 76 13 43 18 27 8 28 15 46 6 14 7 70 5 97 14 41 9 23 1 54 16 83 4 89 11 5 0 76
2 54 16 77 6 65 4 76 7 76 15 7 5 38 19 72 1 36 9 81 18 92 0 39 11 44 8 57 3 6 13 19 10 56 14 50 12 48 17 29
17 85 11 66 7 70 1 57 4 84 6 8 5 9 18 58 15 41 14 27 0 49 19 60 9 51 10 79 2 13 12 76 16 36 13 26 8 78 3 52
18 68 6 74 19 70 0 47 13 74 11 9 5 69 3 80 4 80 9 56 2 33 1 23 8 80 16 3 17 30 12 14 7 33 14 9 15 19 10 49
14 52 6 76 13 28 17 87 18 26 9 46 5 38 12 7 16 32 19 73 10 96 7 86 15 71 0 31 11 64 2 75 8 29 4 69 1 51 3 37
5 10 8 46 16 21 12 13 9 84 3 26 11 52 0 55 14 32 2 19 10 69 15 91 17 81 7 44 18 81 4 62 6 49 13 35 1 70 19 64
7 58 3 88 4 61 12 71 0 46 14 23 13 1 6 47 5 46 11 39 2 87 17 10 15 63 19 45 8 24 18 14 9 32 1 10 10 38 16 39
7 31 1 20 4 17 5 90 6 3 0 22 13 48 12 26 14 3 3 96 19 3 2 16 17 51 11 22 16 59 15 29 8 13 18 46 10 99 9 45
1 47 14 46 10 68 13 47 17 96 5 4 0 44 8 39 6 76 7 29 3 11 15 46 4 2 12 28 9 27 16 87 18 38 19 77 2 78 11 91
8 62 9 75 6 37 11 73 7 58 13 59 19 36 18 12 12 9 3 71 16 72 14 15 0 38 5 69 4 61 17 97 15 50 10 85 2 27 1 91
6 8 7 59 3 51 0 54 14 61 18 41 8 94 13 91 9 80 12 6 5 51 11 80 1 73 15 41 4 24 10 42 16 92 19 92 17 99 2 56
