100 20
16 7 0 50 11 26 10 29 17 84 6 76 8 92 13 37 3 79 18 82 1 69 2 56 19 54 5 27 14 39 9 74 12 13 4 66 7 85 15 40
10 68 7 8 8 39 3 67 17 42 4 62 1 46 5 51 6 46 11 9 16 90 18 74 19 14 13 22 15 94 2 66 0 69 12 55 14 38 9 73
4 95 5 70 1 91 8 56 16 64 0 79 17 79 9 63 10 89 18 30 7 42 2 80 14 37 12 71 19 2 6 31 13 66 11 85 3 59 15 39
8 24 14 72 11 66 1 39 4 25 0 10 9 32 3 11 10 30 5 25 17 61 19 1 15 44 7 97 6 45 18 60 12 92 2 87 16 30 13 45
9 55 0 86 17 94 6 27 13 96 1 58 19 47 16 70 10 80 15 56 18 3 4 70 3 29 5 86 12 22 2 37 7 38 8 13 11 78 14 37
1 40 17 64 11 15 7 18 8 58 2 44 9 92 14 44 16 15 6 20 12 29 15 52 5 64 19 58 0 32 4 11 10 12 13 94 3 85 18 83
7 32 16 75 0 80 2 81 18 58 11 39 5 55 3 36 1 85 17 69 13 40 4 45 9 76 15 31 6 59 12 29 10 19 14 17 8 81 19 85
10 81 18 57 16 87 17 37 11 10 15 85 4 51 19 57 8 79 12 9 2 38 3 20 1 33 0 94 7 16 13 76 14 36 9 33 5 21 6 37
6 24 13 49 11 25 14 11 12 22 8 29 4 2 16 29 15 92 18 64 7 31 5 18 3 97 19 95 1 67 0 84 2 93 9 94 10 28 17 10
4 70 10 89 0 1 1 12 17 20 6 25 19 98 3 47 8 87 11 66 7 81 9 43 12 7 2 4 16 87 5 97 14 48 13 89 18 51 15 58
1 5 14 72 5 1 4 55 6 92 16 65 10 11 19 32 12 43 15 44 11 51 8 11 17 27 7 80 0 44 13 88 2 7 18 98 9 97 3 70
1 46 0 66 18 78 10 46 8 63 6 51 4 28 16 11 11 95 3 44 14 35 12 43 5 13 9 46 17 54 15 32 19 83 7 19 13 39 2 82
0 86 7 89 11 11 8 30 14 28 2 79 1 81 3 21 10 81 6 16 9 62 18 47 16 9 4 39 5 15 12 22 19 92 13 49 17 77 15 60
1 96 3 90 12 96 0 64 11 16 8 54 4 57 13 13 6 94 17 67 14 57 2 25 19 47 9 66 15 41 5 67 18 87 7 77 16 96 10 80
19 16 11 70 9 7 0 19 7 19 15 43 18 86 2 3 14 4 8 17 12 35 1 89 6 58 16 7 3 34 5 43 10 84 4 50 17 76 13 73
9 11 15 91 18 21 6 53 16 57 0 79 17 80 13 59 10 20 2 9 7 16 3 46 8 38 19 94 4 55 5 70 11 54 1 4 12 83 14 80
14 74 7 69 8 91 18 46 12 44 2 81 16 6 4 32 11 59 5 97 3 61 17 12 0 78 9 10 15 83 10 60 13 75 6 30 1 49 19 97
2 8 7 5 9 37 0 24 18 43 6 30 15 2 16 20 17 45 14 80 13 30 5 4 11 45 19 41 1 90 3 63 8 58 12 32 4 75 10 73
17 29 6 11 16 14 13 38 15 46 9 50 3 89 11 40 4 7 19 11 2 72 0 76 1 1 18 81 12 88 8 19 10 63 7 14 14 70 5 89
3 95 11 52 1 59 17 32 7 97 4 97 6 43 15 97 16 77 18 17 19 12 10 44 9 78 14 32 2 63 8 46 0 56 13 41 12 33 5 9
14 95 15 66 2 87 1 7 3 45 13 4 10 38 8 26 7 9 12 47 9 31 16 61 18 22 4 41 17 7 19 75 0 61 11 83 5 95 6 17
6 14 14 79 2 38 13 38 19 56 8 61 15 58 5 34 9 96 17 47 1 19 4 41 12 16 18 94 3 76 11 51 10 22 16 47 7 7 0 66
6 37 17 50 19 37 12 67 3 52 2 69 0 24 1 88 16 19 8 47 5 19 13 4 10 69 4 75 18 24 14 48 15 73 7 90 9 78 11 26
13 9 14 52 16 33 6 55 7 11 1 31 19 5 11 34 12 73 15 89 4 5 0 61 5 77 10 90 17 94 8 37 2 64 9 9 18 22 3 30
4 73 9 55 15 3 3 21 1 39 14 98 10 45 17 30 0 57 11 37 13 63 7 55 19 6 6 63 5 49 18 27 12 46 2 70 8 9 16 81
11 43 19 90 8 15 12 68 5 10 1 8 3 64 7 3 9 61 0 80 10 86 15 38 2 44 16 58 17 72 4 57 18 64 14 36 6 31 13 53
6 86 5 54 4 29 8 78 11 96 12 15 7 99 2 44 19 53 3 43 16 81 1 60 18 33 17 37 13 40 14 93 15 88 0 86 9 96 10 76
3 70 16 16 2 13 15 44 11 79 14 23 10 7 4 62 19 87 7 57 18 75 1 92 6 58 9 8 12 21 17 86 5 32 13 50 8 68 0 41
5 3 3 49 17 95 19 43 7 52 18 99 11 43 13 6 1 64 14 46 6 80 12 41 2 93 16 31 8 27 9 12 15 54 0 10 4 52 10 44
6 60 16 3 14 40 10 42 12 10 4 82 2 41 17 83 8 82 1 23 3 26 11 78 5 37 19 81 18 58 15 89 13 78 0 15 9 29 7 93
7 8 13 57 0 99 10 40 11 65 6 63 5 64 19 6 9 43 8 57 18 10 14 5 2 61 3 76 17 27 1 31 12 36 15 6 4 40 16 27
2 89 3 80 11 85 1 99 0 16 13 59 18 70 9 70 10 30 7 85 6 20 5 5 17 4 15 94 14 14 4 31 12 63 19 23 16 49 8 52
2 61 7 54 6 44 1 19 4 1 10 50 11 45 0 47 13 61 9 42 17 7 8 1 5 23 15 92 3 26 16 74 12 71 18 38 19 42 14 29
15 29 19 58 17 92 11 87 18 8 10 91 8 88 6 17 7 38 14 47 1 40 12 68 16 59 5 62 9 28 13 3 2 64 0 9 3 10 4 7
4 32 5 63 11 88 13 56 17 71 18 40 15 39 14 64 16 22 6 47 1 52 9 74 19 59 2 17 8 2 0 45 10 57 12 13 3 92 7 28
13 42 6 48 12 69 8 38 11 56 3 92 4 47 15 71 17 64 9 88 16 97 10 56 2 24 18 19 14 48 5 47 0 29 7 15 1 12 19 36
2 21 6 57 18 76 14 28 11 22 0 12 10 97 8 14 7 40 19 27 16 20 12 69 9 22 3 25 4 11 5 81 1 33 13 77 15 60 17 92
12 64 19 48 6 32 5 7 15 99 4 41 17 23 3 15 16 72 13 13 0 56 2 92 1 8 8 1 9 81 7 97 10 45 11 65 18 99 14 85
19 34 8 11 16 77 12 36 13 28 0 4 10 62 17 89 4 50 6 97 2 54 14 48 11 29 15 79 3 83 1 57 5 70 7 80 18 42 9 37
6 28 19 31 2 48 16 66 15 40 7 40 1 99 3 84 0 40 8 69 14 7 17 71 12 22 4 74 5 94 9 52 11 47 18 54 13 97 10 1
17 18 5 21 6 55 8 65 15 20 10 12 13 86 9 63 11 21 3 49 7 63 18 94 2 28 4 6 16 80 1 52 12 46 0 92 19 90 14 34
0 68 10 44 18 20 4 34 2 62 3 66 19 82 5 8 16 54 14 7 15 89 7 14 12 39 11 79 13 18 6 13 17 51 8 50 9 5 1 74
0 44 13 40 19 91 11 56 8 65 2 31 16 36 5 73 6 87 9 26 1 35 3 50 4 12 15 30 10 76 12 10 7 55 17 75 18 71 14 91
11 33 13 33 18 87 2 61 3 15 8 71 4 45 19 7 7 95 16 23 5 79 9 16 0 8 10 68 12 16 6 52 14 61 15 52 17 29 1 91
6 19 12 5 11 82 4 31 10 84 16 58 1 19 18 79 13 84 8 90 0 58 7 56 19 98 3 64 2 98 14 61 5 21 17 25 15 25 9 75
9 79 15 31 19 94 4 29 6 97 7 32 1 62 8 65 12 67 13 32 10 10 2 28 5 19 3 25 14 22 0 42 11 30 17 74 16 91 18 74
14 86 5 83 16 18 7 62 19 86 4 7 6 40 1 18 8 36 3 41 17 42 0 46 10 74 9 39 18 76 15 48 12 79 2 96 13 88 11 77
2 98 9 63 1 67 13 78 5 17 0 69 10 89 19 14 18 6 11 26 17 69 16 22 12 31 15 4 6 73 8 12 4 5 7 62 14 8 3 27
6 93 0 2 18 72 19 34 15 34 2 84 8 13 9 54 3 24 14 98 4 47 10 67 7 76 12 49 17 9 11 15 5 91 13 30 1 26 16 66
15 25 5 95 8 14 1 70 7 81 14 78 12 54 10 93 0 16 18 61 6 35 4 61 17 6 9 23 2 91 11 54 19 27 13 89 16 48 3 39
18 28 7 90 6 97 4 96 13 35 8 3 3 19 19 97 10 75 0 59 2 42 17 97 15 94 16 83 5 25 12 1 1 96 9 82 11 6 14 27
15 39 11 95 0 86 7 40 9 87 12 52 18 21 6 40 16 48 17 3 13 4 14 36 2 48 8 6 3 15 1 49 5 40 10 93 19 19 4 85
4 83 7 73 19 97 10 46 14 10 16 19 0 84 12 60 13 52 3 60 17 23 1 51 5 1 11 83 9 99 8 6 6 35 18 71 15 67 2 41
1 8 2 72 10 93 9 6 13 57 7 43 3 68 0 76 17 71 16 82 4 58 15 1 12 11 5 70 18 21 14 20 6 66 19 23 11 78 8 76
0 60 2 1 13 72 17 85 14 88 8 65 12 79 3 88 15 43 6 90 11 73 5 84 10 61 1 85 9 93 4 6 19 90 18 53 7 69 16 50
10 13 11 87 13 3 7 30 17 1 5 65 14 83 12 68 18 64 4 33 0 64 9 84 8 52 2 34 19 21 15 32 6 53 1 11 16 37 3 30
17 35 8 19 6 81 15 98 3 10 5 8 13 31 7 67 12 12 2 76 18 78 14 40 9 9 1 38 10 9 16 2 11 57 4 80 19 80 0 93
12 16 15 86 5 38 19 55 14 14 7 85 11 95 3 87 17 17 4 11 8 16 13 4 6 49 16 68 18 67 10 95 2 94 1 44 0 59 9 21
18 54 7 7 16 37 8 85 2 99 17 8 12 85 5 90 9 71 1 76 3 72 10 58 6 39 14 20 4 88 19 38 11 30 15 34 13 76 0 92
15 40 8 23 6 3 3 1 16 48 0 63 9 91 4 35 7 28 18 90 1 49 11 46 13 62 10 82 5 36 12 25 14 29 2 56 19 45 17 19
5 2 3 35 0 48 11 24 19 49 18 42 4 30 14 92 12 51 17 66 8 72 2 47 16 62 9 75 6 71 1 49 15 72 10 96 13 51 7 94
16 70 0 36 9 28 14 46 15 22 7 24 13 65 11 5 2 68 8 93 4 80 12 61 19 14 17 12 6 28 5 21 1 91 3 89 18 18 10 84
1 58 19 94 17 67 8 34 10 46 9 19 4 11 6 57 3 24 5 10 0 86 7 90 2 65 12 45 18 37 14 57 13 61 15 53 11 20 16 97
3 65 9 40 14 5 5 36 7 54 15 86 12 80 16 11 18 3 8 94 19 15 4 28 10 16 6 74 17 8 0 16 1 45 11 92 13 99 2 1
14 79 16 87 19 94 9 16 8 68 18 87 3 53 10 30 0 70 13 27 4 90 2 91 15 11 12 13 7 81 6 3 5 26 1 19 17 64 11 26
4 30 19 28 7 21 10 76 0 52 6 12 11 44 18 13 8 72 1 38 9 33 15 95 17 14 2 23 5 27 12 26 13 76 3 68 14 90 16 95
11 65 5 9 18 40 12 45 16 67 0 23 3 6 9 88 2 50 1 34 6 23 10 20 15 97 17 29 14 53 7 70 19 59 4 60 13 79 8 1
5 78 18 99 0 84 3 64 9 45 8 1 16 82 7 61 17 8 15 65 2 97 14 54 19 47 13 58 11 64 4 61 10 20 1 73 12 1 6 40
17 56 19 79 7 67 10 60 16 2 4 81 3 66 5 91 15 50 9 10 11 84 2 82 0 71 6 9 1 80 14 7 18 18 13 80 12 4 8 92
11 94 5 41 7 72 3 27 1 92 15 79 4 54 8 14 12 56 0 68 6 36 18 19 19 82 16 74 17 70 10 80 14 37 13 7 2 14 9 23
1 99 14 17 19 19 2 93 16 29 8 52 10 41 13 50 5 67 17 34 7 93 11 51 15 58 4 10 6 99 3 75 0 80 9 26 12 39 18 5
0 84 19 55 18 76 13 4 5 34 17 63 4 83 15 41 16 60 7 74 6 57 3 52 11 19 12 31 9 59 8 73 14 71 1 33 10 1 2 71
14 64 7 6 4 47 8 92 13 4 3 96 5 32 12 44 2 24 17 99 6 10 18 15 19 3 11 41 16 37 15 37 0 36 9 14 10 60 1 44
4 7 10 1 12 85 18 72 7 21 15 47 3 98 19 57 1 23 16 87 8 22 11 14 13 34 17 70 14 48 2 77 0 84 6 37 5 61 9 57
4 1 0 89 6 70 8 36 18 26 13 53 11 69 5 55 3 36 9 72 7 57 10 10 1 6 12 22 17 41 14 26 2 81 19 37 16 84 15 76
10 61 4 96 15 90 9 45 19 18 11 30 13 79 2 52 17 88 5 51 1 99 7 9 3 46 18 75 0 90 6 14 14 86 8 44 16 69 12 72
1 88 0 25 3 24 16 88 7 20 14 43 8 48 5 44 12 68 19 24 13 92 6 70 15 18 4 14 9 19 10 78 18 37 2 81 17 80 11 70
19 83 11 48 14 47 18 69 9 4 16 69 3 48 13 14 0 5 10 50 2 42 8 39 7 42 6 49 1 56 5 34 17 1 4 71 12 7 15 33
1 7 16 6 14 35 19 40 8 25 9 69 0 3 15 62 17 59 5 2 11 35 12 36 13 37 3 12 6 40 7 3 18 31 2 90 4 77 10 68
13 6 12 37 0 54 4 97 6 11 9 7 8 33 16 36 10 87 5 93 2 87 17 35 11 1 15 15 7 75 1 21 14 77 18 99 3 59 19 73
0 19 13 12 19 64 4 90 16 82 6 50 14 29 5 12 17 8 8 75 12 80 15 37 2 46 9 17 18 75 10 56 3 54 1 13 7 78 11 70
13 60 4 78 10 64 6 69 0 68 11 95 19 96 14 98 7 1 2 49 16 27 5 84 17 80 18 59 9 1 15 44 8 52 3 3 1 67 12 82
11 85 12 45 16 31 6 79 7 69 2 69 8 5 5 19 15 98 1 79 3 12 10 91 13 46 9 52 14 79 4 59 19 76 17 3 0 35 18 67
14 80 11 16 3 83 13 73 7 57 8 17 5 56 6 48 17 12 16 15 4 66 0 66 1 88 19 84 9 35 12 25 18 35 2 26 15 11 10 34
17 35 14 24 3 87 19 51 18 91 0 63 15 24 11 78 1 14 16 91 7 19 6 97 12 82 2 34 10 38 4 49 9 36 8 33 13 30 5 83
0 94 7 80 14 1 17 17 19 29 10 26 2 51 13 36 5 22 18 60 6 2 9 30 3 16 1 7 16 82 12 45 4 47 15 48 8 63 11 4
16 59 7 82 1 90 9 55 2 44 19 52 15 60 10 50 5 17 18 50 3 30 12 12 17 45 8 37 13 81 6 13 0 40 14 30 4 97 11 71
10 69 6 58 5 30 12 64 15 41 4 5 2 92 13 85 14 21 0 68 8 50 19 69 17 66 18 47 16 5 7 75 3 67 9 99 11 49 1 79
4 61 12 95 6 20 3 67 15 72 19 24 2 50 9 58 10 18 1 22 13 35 17 72 16 81 7 88 18 74 11 69 0 1 5 38 14 73 8 65
9 36 11 9 1 27 4 28 7 94 16 51 18 62 17 78 8 6 10 51 19 97 12 96 13 30 5 3 3 21 6 68 15 27 14 92 0 81 2 25
4 80 3 25 6 23 16 90 14 8 19 26 10 37 17 62 15 3 18 98 11 1 7 11 1 31 9 98 0 56 8 68 5 34 12 49 13 85 2 83
9 46 19 92 5 30 2 40 15 87 16 85 14 53 7 96 11 50 1 64 6 22 3 47 8 85 13 67 4 82 0 4 10 57 17 56 18 74 12 11
11 42 9 97 18 93 17 71 14 40 5 95 16 70 4 52 13 26 6 72 19 25 2 74 8 90 7 57 0 45 1 69 10 58 3 18 15 62 12 99
12 40 1 46 2 96 18 79 13 53 19 89 8 67 4 16 15 74 14 26 0 41 10 92 7 44 5 24 9 1 3 50 16 87 6 23 11 18 17 95
10 8 9 8 2 38 4 1 12 8 14 15 1 88 19 87 18 72 15 64 7 21 16 5 3 75 5 40 0 27 17 36 6 95 8 74 11 3 13 45
18 10 12 47 9 5 13 97 19 72 4 41 14 40 6 56 7 46 11 3 3 72 10 35 16 17 0 11 5 69 15 96 1 20 17 23 8 55 2 78
19 26 9 75 10 76 1 28 11 26 0 63 14 58 4 26 7 82 6 93 8 9 12 38 13 60 5 20 2 92 3 58 18 96 16 28 15 43 17 72
1 74 3 69 10 91 4 98 5 96 17 92 6 95 16 26 18 11 13 39 12 66 8 71 11 76 9 57 15 9 0 86 14 95 19 2 2 38 7 53
12 57 14 41 13 76 5 3 11 88 19 74 4 52 18 91 17 27 2 72 15 8 10 50 1 31 6 76 3 56 16 26 8 66 0 71 7 71 9 53
16 96 14 98 18 67 12 19 9 71 7 16 0 16 1 50 4 42 8 40 5 52 10 33 11 10 17 96 6 80 13 69 15 58 2 86 3 75 19 18
