100 20
4 1 3 93 13 46 11 66 14 96 17 57 5 46 19 28 10 86 12 3 1 42 18 28 2 39 9 28 8 20 7 40 6 53 16 95 15 71 0 87
2 50 5 91 14 37 7 27 0 99 13 56 11 7 1 8 18 57 4 54 15 86 3 70 12 46 16 6 9 30 10 25 8 14 17 93 19 58 6 83
3 11 7 43 0 64 17 9 18 39 13 33 5 39 11 59 12 33 4 60 10 36 19 49 8 33 15 8 2 98 1 11 6 82 14 64 16 63 9 9
19 50 14 50 4 77 12 1 16 93 18 76 9 67 8 20 5 70 17 83 13 98 11 22 15 51 0 74 10 93 2 12 3 37 6 27 1 81 7 37
0 92 13 88 6 89 10 13 3 46 8 79 19 47 15 74 2 71 4 26 14 19 5 55 12 74 17 6 11 14 16 67 9 87 18 4 7 95 1 40
14 14 15 29 9 58 8 47 19 24 3 33 13 50 11 88 5 77 1 65 17 61 0 4 7 71 2 2 18 99 6 29 16 7 12 55 4 55 10 68
19 71 11 79 0 50 13 48 14 97 6 84 17 24 8 64 7 3 15 17 5 66 4 60 16 44 1 79 18 99 10 11 3 38 9 64 12 37 2 32
1 14 9 23 18 52 15 72 0 25 4 54 7 81 13 63 14 47 8 49 19 90 6 94 3 90 16 86 2 51 11 33 17 77 10 35 12 7 5 24
6 2 10 98 1 25 4 20 11 29 18 59 13 1 15 27 0 86 3 9 19 12 9 51 2 38 7 8 14 84 5 99 8 76 17 96 16 30 12 74
9 91 7 87 2 54 16 87 6 42 3 85 8 26 13 90 11 57 17 75 15 11 12 7 10 47 18 46 1 89 0 37 19 19 4 98 14 20 5 75
19 91 5 65 18 25 0 37 2 72 7 52 1 23 17 39 8 83 4 57 11 33 14 33 10 38 12 47 9 58 3 87 15 64 6 97 16 69 13 90
15 98 5 96 13 27 14 97 8 34 7 69 11 26 1 89 6 62 12 68 18 95 17 45 9 60 3 50 0 81 16 75 2 7 10 7 4 12 19 44
18 52 15 45 16 76 4 72 10 74 7 23 6 73 9 16 8 21 19 66 2 55 0 52 13 8 12 93 3 67 17 73 5 66 11 85 1 83 14 31
14 60 19 90 17 71 4 4 10 63 8 75 16 76 15 79 7 7 5 44 18 57 6 30 9 54 11 10 0 85 3 97 12 70 1 52 2 54 13 26
14 9 4 59 8 87 6 33 15 92 0 82 2 5 12 55 7 47 16 46 11 37 19 29 10 3 18 84 13 96 1 35 9 45 5 56 17 33 3 33
9 1 19 80 0 94 17 29 13 50 1 34 3 68 10 35 18 3 14 50 12 79 5 49 2 28 7 37 15 98 6 97 4 38 16 59 8 31 11 4
11 70 2 38 17 31 13 15 0 84 15 5 6 42 12 92 8 47 4 69 7 11 9 1 5 32 18 78 10 78 19 78 16 35 1 11 14 51 3 34
13 73 16 33 17 89 12 19 8 28 19 88 9 99 5 58 1 13 18 67 6 42 10 74 7 81 3 31 2 98 11 95 4 69 14 92 15 84 0 66
5 43 11 79 7 90 3 43 13 52 9 63 10 49 19 29 14 66 15 49 8 44 2 64 4 19 16 27 1 61 6 60 18 92 17 1 0 85 12 99
13 71 14 93 12 75 2 17 8 21 17 23 18 56 10 26 11 53 0 65 15 56 5 12 19 37 9 58 4 15 16 42 7 96 1 37 6 3 3 30
12 63 2 1 1 13 4 9 7 77 19 79 10 2 9 56 14 83 8 58 6 53 13 21 0 57 17 60 3 28 16 93 11 98 15 44 5 2 18 44
16 54 13 99 6 77 9 45 5 48 18 26 7 30 10 76 15 86 12 32 17 90 11 41 4 62 0 63 14 46 19 30 8 82 1 32 3 26 2 39
5 49 13 18 12 74 4 66 6 77 0 4 14 82 7 71 17 23 10 53 9 95 1 73 15 91 3 17 19 14 2 21 11 71 18 95 16 30 8 12
15 48 3 88 16 97 19 47 14 5 2 2 8 7 1 72 17 68 6 3 18 38 12 59 5 33 10 11 11 16 0 25 7 70 9 35 13 66 4 93
18 71 1 31 13 37 6 5 15 98 12 67 11 92 10 91 8 15 7 5 9 38 2 80 16 37 19 25 0 3 5 28 4 62 3 5 14 65 17 75
17 41 19 53 8 44 11 22 3 6 9 66 13 40 12 29 6 72 14 33 2 77 16 54 4 96 0 59 15 70 10 94 18 30 1 42 5 2 7 61
3 40 4 82 1 96 18 81 17 46 12 39 7 74 2 15 15 76 13 50 0 52 11 75 8 87 16 28 5 21 9 27 14 80 19 94 10 67 6 70
3 83 1 94 10 22 6 76 8 44 5 40 13 92 18 35 2 89 19 44 16 97 15 51 7 55 0 14 17 14 12 79 4 63 14 34 9 94 11 42
1 39 18 75 12 42 14 79 4 74 5 87 3 33 6 35 2 15 17 7 7 42 9 54 10 3 13 47 8 68 16 74 0 95 15 76 11 21 19 29
4 53 19 50 9 31 12 71 0 41 8 7 5 42 15 38 14 32 1 32 6 56 13 60 11 3 18 98 16 18 17 21 10 57 3 38 7 49 2 34
5 9 19 8 17 97 15 97 16 16 10 64 12 2 8 21 4 30 0 37 7 83 3 17 6 83 14 61 11 3 18 70 13 95 9 94 1 88 2 29
4 54 8 99 0 92 6 33 18 5 16 49 9 85 5 30 19 52 10 5 2 11 17 26 7 1 15 81 14 12 12 63 3 71 13 91 11 12 1 19
3 95 18 72 0 79 6 98 12 9 10 1 11 43 15 21 7 91 14 4 13 12 2 40 9 60 17 85 8 71 1 7 4 66 16 74 19 43 5 53
19 23 12 17 16 91 15 85 18 36 2 93 9 10 7 22 13 81 17 92 3 71 1 1 14 91 5 65 0 36 10 25 11 19 8 83 6 77 4 94
14 14 8 92 6 68 13 90 10 63 4 40 11 94 2 23 19 95 3 99 16 54 0 46 5 50 17 42 12 81 18 87 9 34 15 53 7 54 1 18
2 14 17 32 0 7 5 56 6 87 1 17 16 34 15 27 4 92 18 99 13 55 12 33 8 54 10 47 7 6 3 94 11 16 14 56 19 17 9 50
12 52 8 49 13 38 18 69 0 60 16 20 10 3 17 74 5 34 6 31 2 51 7 72 14 5 11 87 9 64 15 83 19 20 4 22 1 55 3 1
15 63 11 2 8 62 16 20 19 36 2 35 7 96 17 84 1 23 0 1 4 78 9 23 12 13 18 43 6 92 5 60 10 32 3 67 14 34 13 93
13 43 15 16 3 42 9 36 6 61 1 5 12 65 7 17 16 26 19 8 2 96 4 12 18 50 8 72 0 81 5 23 11 9 17 41 10 87 14 6
15 21 5 1 10 49 9 68 8 24 16 93 2 87 3 65 14 91 6 25 17 79 4 2 18 82 0 66 11 11 1 46 19 7 13 2 7 63 12 57
4 50 15 58 9 19 8 74 5 9 6 94 19 95 17 6 18 78 12 30 16 32 1 4 2 6 10 85 0 23 14 71 3 38 11 21 13 39 7 22
15 83 11 12 9 2 6 24 16 76 3 20 10 5 14 90 8 58 5 19 4 33 0 45 1 11 7 98 19 31 12 50 18 10 2 43 17 47 13 99
3 33 18 56 8 47 2 53 11 77 9 41 10 81 12 24 1 34 7 94 17 27 14 49 4 11 19 49 13 46 0 2 15 18 5 28 6 63 16 73
2 63 0 45 5 99 7 75 1 68 16 66 10 40 18 14 12 39 4 90 13 56 8 35 9 9 17 83 6 27 19 5 15 92 3 13 11 97 14 71
14 64 0 41 1 51 15 90 5 35 2 27 8 45 13 98 11 73 9 66 10 24 4 88 6 98 19 33 16 85 17 28 7 56 18 96 12 20 3 90
12 13 5 54 17 44 3 39 16 72 19 32 10 97 4 34 14 37 0 31 6 96 8 2 7 2 9 21 11 76 1 70 15 92 18 44 13 95 2 8
10 49 11 87 17 34 2 42 18 81 16 48 1 68 6 67 12 76 14 49 13 41 9 14 0 83 15 94 3 68 8 92 19 53 4 36 7 60 5 78
19 86 8 84 17 87 6 7 7 86 15 81 2 5 13 47 4 68 0 11 9 29 5 95 14 32 10 30 18 44 12 51 3 55 16 35 1 15 11 5
13 40 18 58 7 60 11 37 2 61 8 53 16 77 14 73 6 76 0 7 9 52 1 2 4 87 19 70 3 63 5 90 15 65 17 32 10 51 12 23
16 41 11 21 9 37 2 14 4 43 1 21 10 82 18 67 15 5 0 38 12 72 5 98 13 3 19 96 6 48 7 65 3 92 8 44 17 83 14 83
10 98 2 97 3 54 13 47 4 57 14 21 0 46 16 77 7 77 5 31 8 1 1 22 15 52 17 48 18 28 9 29 6 81 12 9 11 51 19 72
9 45 4 97 1 13 18 72 7 13 6 83 2 11 17 70 12 20 10 14 13 28 5 85 19 19 16 60 0 40 8 82 3 72 11 24 14 47 15 27
4 1 3 78 15 6 5 92 11 65 2 58 6 99 17 27 1 93 9 39 16 49 14 4 12 39 13 89 18 95 10 53 0 40 19 80 8 50 7 92
6 44 8 12 4 66 17 30 11 8 12 47 19 50 13 80 9 8 7 20 5 81 0 6 16 43 15 86 2 29 3 33 18 16 1 29 14 84 10 50
7 58 13 55 14 79 4 94 18 68 12 50 0 23 11 92 10 86 9 13 8 77 17 83 16 13 3 39 2 13 19 45 6 92 5 68 1 30 15 8
12 10 11 31 4 83 6 92 2 82 19 77 15 80 0 70 8 18 10 1 14 96 13 70 5 23 3 28 16 84 9 91 18 12 1 96 17 27 7 8
3 55 18 41 1 37 5 3 13 50 0 9 16 95 8 7 11 2 9 31 4 72 10 36 6 39 12 17 7 37 14 65 15 38 19 7 2 48 17 67
7 77 11 68 13 25 12 85 4 72 17 31 0 6 16 91 9 40 3 8 10 69 18 33 15 82 2 58 8 55 14 60 19 51 1 92 5 34 6 25
18 71 0 63 13 59 5 83 14 90 15 52 4 22 3 91 12 74 11 66 17 8 7 42 19 55 9 73 16 43 1 23 8 65 6 70 10 61 2 24
1 62 13 66 4 76 18 7 16 64 0 98 19 19 6 29 3 49 15 80 10 65 17 51 8 85 14 94 5 26 9 5 12 47 11 67 7 65 2 96
14 10 3 87 12 57 1 19 8 40 17 62 6 16 11 44 2 65 19 53 15 44 4 74 5 91 16 98 0 68 10 17 18 20 13 93 9 53 7 64
13 67 12 26 7 58 2 75 18 20 19 88 9 25 16 91 5 59 3 50 11 5 1 55 10 77 6 12 8 41 15 38 14 93 4 57 17 92 0 94
11 49 15 98 7 6 13 12 16 46 8 55 4 76 6 86 18 76 17 48 9 40 0 24 10 81 14 48 3 86 12 48 1 17 5 59 19 95 2 96
3 59 7 30 4 17 1 47 9 19 12 49 19 43 10 95 6 10 11 4 13 85 15 61 5 31 2 54 14 75 8 89 17 55 16 28 0 38 18 82
11 77 19 69 14 53 17 6 16 43 3 11 0 74 13 26 6 90 8 76 12 9 1 34 10 39 5 22 9 84 7 67 4 47 18 79 2 72 15 35
19 31 15 75 5 36 0 70 18 63 11 68 6 51 17 1 1 56 12 56 14 91 10 15 8 46 13 53 4 86 3 10 2 69 16 16 9 80 7 91
2 58 12 47 16 85 14 87 5 59 4 64 10 28 0 62 8 53 15 39 17 29 19 70 18 15 1 19 6 97 3 70 9 26 11 7 13 71 7 47
19 49 2 23 12 82 18 37 13 44 6 37 5 21 7 46 17 17 8 24 4 53 15 61 9 57 0 48 3 91 16 76 10 11 11 48 1 63 14 5
2 14 11 68 19 37 18 27 5 47 17 36 8 75 4 81 13 78 10 52 1 31 6 62 14 49 3 40 9 67 12 63 0 34 15 21 7 91 16 52
18 43 4 49 9 42 1 9 2 47 12 16 16 1 13 40 8 61 5 2 19 57 11 8 14 11 3 99 15 51 7 35 10 89 17 16 6 68 0 69
3 43 12 99 7 69 14 11 10 8 19 99 16 85 2 47 11 20 13 70 0 85 6 30 15 88 17 80 18 38 5 51 1 60 4 98 8 10 9 66
14 55 9 46 19 50 12 5 10 46 6 74 8 75 0 87 7 89 11 73 5 53 18 55 13 46 17 4 15 42 1 24 16 8 2 51 3 39 4 1
4 66 12 53 2 12 6 10 18 61 14 18 7 95 16 60 10 3 8 79 11 99 1 88 0 14 5 32 17 11 15 86 9 10 13 89 19 46 3 53
16 48 10 90 9 3 19 69 8 38 3 21 18 44 6 18 17 93 1 73 2 46 11 83 15 47 12 81 13 89 0 75 7 24 14 75 4 14 5 60
7 14 17 45 8 25 18 24 10 89 0 19 11 41 15 66 19 2 4 34 14 82 13 13 12 80 9 17 6 36 3 81 1 62 16 50 5 66 2 49
5 76 19 60 4 56 14 20 0 17 12 56 2 16 9 6 8 23 11 75 18 33 13 32 7 99 17 94 15 64 1 51 16 98 3 95 10 43 6 68
5 16 10 88 15 97 19 37 6 23 8 4 17 98 16 55 7 45 1 39 9 1 12 92 3 22 11 61 2 63 4 25 0 64 14 57 13 40 18 15
9 18 6 91 17 88 12 21 11 14 16 47 18 39 15 15 3 29 19 59 4 9 5 81 14 88 2 44 8 59 13 4 7 94 1 87 10 24 0 58
15 75 1 96 6 4 18 48 10 93 5 58 12 78 0 60 19 48 4 61 7 63 9 88 11 24 17 14 16 69 8 10 13 5 2 93 14 1 3 94
15 17 19 11 4 31 3 96 9 37 2 8 5 10 10 68 12 18 8 27 13 52 0 97 11 48 17 69 1 79 7 3 6 92 18 46 16 74 14 70
14 14 15 63 11 82 9 56 2 68 8 66 16 61 10 90 13 91 0 13 5 31 17 91 7 18 1 64 6 32 12 61 4 3 3 3 18 52 19 56
17 63 16 4 19 54 0 21 1 64 10 53 15 30 6 32 3 83 9 25 5 42 4 24 18 21 8 47 14 73 7 49 11 13 13 98 2 7 12 85
1 39 13 52 17 97 12 52 9 64 8 25 18 73 10 97 3 23 15 25 0 19 6 94 16 40 14 59 5 50 19 20 7 52 2 70 11 60 4 85
19 4 16 82 2 38 11 1 0 38 6 8 1 36 13 81 10 51 5 54 15 96 9 13 3 31 12 25 18 29 14 61 4 94 17 6 8 4 7 93
10 9 8 3 2 16 11 79 13 73 12 1 5 17 18 11 15 6 17 84 1 3 16 10 6 33 3 99 0 79 14 10 19 33 7 92 9 42 4 15
2 38 0 24 16 15 8 78 3 61 17 27 9 6 10 1 7 61 19 20 12 93 11 67 14 28 6 79 1 60 18 1 13 75 15 61 4 59 5 13
12 82 7 19 19 63 8 18 0 55 6 13 17 45 5 29 2 47 9 64 14 13 16 33 3 31 10 62 4 28 11 35 1 38 15 40 18 6 13 21
15 57 18 83 11 91 3 28 4 19 2 33 7 80 6 93 0 89 1 18 17 62 10 84 8 66 13 40 16 61 19 63 12 39 9 31 14 4 5 68
4 18 11 73 15 27 6 15 16 76 7 7 2 83 8 2 9 51 18 28 14 56 5 22 13 81 19 26 0 33 10 75 3 53 17 79 1 83 12 98
7 37 2 77 18 15 13 53 5 67 8 41 0 77 6 89 16 82 4 40 17 2 1 92 12 37 9 76 14 69 19 23 15 63 3 6 10 53 11 6
17 81 11 19 10 93 5 57 19 52 12 84 15 87 8 30 1 93 13 92 6 55 0 29 14 12 2 50 9 23 4 73 3 97 7 60 18 60 16 87
18 35 6 50 3 35 10 72 15 52 14 55 17 81 1 16 13 37 16 71 5 35 12 87 8 73 2 58 7 11 9 42 11 79 4 98 0 78 19 41
4 13 8 60 12 11 6 78 17 41 13 46 0 91 16 9 11 48 10 13 15 95 2 80 19 66 9 98 7 62 3 22 14 11 1 37 5 1 18 48
0 9 6 10 1 75 2 76 5 53 16 15 15 74 9 70 7 18 18 97 3 37 10 32 12 2 17 23 8 1 14 24 4 36 13 30 19 34 11 96
17 48 16 73 13 43 14 60 19 55 9 98 15 68 4 65 6 69 1 36 7 54 5 13 8 91 11 60 3 73 2 77 12 95 18 10 0 93 10 96
4 65 19 22 15 10 14 5 18 57 12 25 5 45 0 87 11 90 16 38 3 76 8 85 17 54 7 91 10 34 6 35 1 83 9 28 13 45 2 17
17 46 2 37 11 75 3 72 10 30 14 91 13 15 0 12 18 23 6 87 5 33 9 50 12 40 4 27 8 7 16 75 1 43 15 19 7 27 19 1
16 92 7 70 1 37 15 24 3 74 13 94 18 96 0 66 14 35 4 73 10 87 5 68 17 16 6 88 8 24 9 76 2 18 11 7 12 19 19 99
10 67 9 16 14 28 18 39 17 9 19 87 3 16 15 40 4 38 11 82 1 24 5 35 12 83 6 32 7 27 16 2 2 80 0 26 13 16 8 54
15 63 0 28 8 15 18 98 3 30 1 11 6 64 10 5 9 79 4 91 5 3 14 54 17 8 19 83 11 26 13 63 16 16 7 43 2 29 12 38
