100 20
4 72 12 26 3 35 14 42 5 30 9 45 13 83 2 47 19 74 7 92 17 22 6 26 1 56 15 19 11 69 10 67 16 68 0 94 18 42 8 92
19 14 12 40 7 76 10 77 4 3 3 26 2 94 0 56 18 14 13 34 14 60 16 1 8 42 5 25 6 33 15 63 9 17 11 91 1 78 17 65
2 9 4 96 6 89 0 68 3 50 14 95 13 45 11 95 16 68 17 97 7 62 5 32 19 44 12 61 18 29 15 13 1 91 10 79 8 82 9 47
13 69 14 74 4 9 10 68 17 87 5 18 6 69 2 26 18 78 9 28 0 61 12 27 11 46 1 73 16 20 15 18 8 94 7 79 19 15 3 57
7 8 16 67 18 75 14 35 2 90 4 10 19 6 10 14 8 72 15 63 12 77 11 30 6 68 3 98 1 50 5 16 9 49 0 7 17 69 13 50
19 51 15 49 2 22 0 85 12 75 6 50 1 68 9 8 18 98 11 8 4 17 13 79 16 57 7 23 14 36 3 15 10 72 5 41 17 50 8 26
6 32 2 54 12 55 10 20 18 56 15 89 4 5 9 28 16 10 5 80 1 24 14 58 13 1 19 39 7 68 17 83 8 58 0 30 11 34 3 28
6 69 10 98 9 52 1 61 16 89 5 48 12 75 2 49 19 47 13 58 11 92 18 98 17 26 7 39 3 6 4 6 0 89 14 19 8 52 15 1
19 26 8 95 12 93 14 52 7 48 10 51 13 44 1 25 2 87 5 3 9 85 18 56 0 89 6 82 11 3 15 9 17 99 3 33 16 68 4 24
18 60 15 88 3 92 10 90 8 43 11 62 7 75 0 77 2 51 13 13 4 69 6 35 12 5 16 78 14 8 17 46 1 89 5 49 9 94 19 78
19 88 14 82 1 93 15 96 4 74 18 14 9 95 0 56 6 94 3 68 8 20 7 7 16 17 10 88 2 74 12 75 11 42 17 68 5 71 13 48
8 98 0 7 3 76 15 55 13 9 11 73 4 72 19 71 9 71 17 64 12 50 14 45 18 30 6 67 7 54 16 73 5 17 2 22 1 39 10 72
9 1 19 75 18 15 6 49 3 96 5 58 2 75 16 63 8 90 14 90 1 33 12 77 17 43 4 94 7 58 11 50 0 40 13 37 10 4 15 63
18 1 2 35 15 5 4 88 9 8 19 10 7 53 14 85 13 65 1 84 5 95 8 56 11 30 16 31 3 78 0 39 10 42 12 13 6 43 17 28
17 73 15 18 14 48 19 71 6 92 1 49 16 26 0 69 5 72 18 14 11 65 7 22 9 39 2 28 8 78 13 11 3 11 4 11 10 31 12 90
12 12 18 26 8 92 9 94 11 81 16 75 4 63 19 80 7 84 17 11 14 45 15 36 1 64 10 85 0 44 6 30 2 18 5 11 13 89 3 85
8 35 7 59 17 4 9 68 5 21 16 23 3 15 10 15 18 64 19 81 14 16 2 46 11 46 15 2 13 33 6 93 1 79 12 29 4 29 0 42
2 4 11 14 14 8 3 57 8 45 18 76 7 81 17 57 9 14 4 30 16 57 1 74 10 53 13 93 5 19 12 28 19 5 15 11 0 75 6 40
9 22 17 19 2 83 15 31 4 14 13 3 0 63 5 61 18 81 8 24 3 40 14 75 7 38 6 43 16 74 11 82 19 72 10 34 1 57 12 78
14 70 9 65 0 60 10 43 1 23 12 54 4 48 2 21 19 98 17 59 15 21 7 20 16 80 3 33 11 93 13 98 8 54 18 57 6 16 5 94
8 32 18 77 6 3 10 17 11 44 1 37 0 74 4 64 2 85 16 52 5 14 7 17 15 9 17 33 14 45 12 14 3 79 13 83 19 31 9 18
11 51 12 27 4 42 0 82 3 59 7 93 1 28 15 77 16 78 6 96 8 15 18 1 19 90 14 17 13 87 5 16 10 63 17 33 9 23 2 37
12 31 13 35 1 12 9 9 11 95 5 5 15 88 0 21 18 90 16 51 3 69 19 5 8 34 10 20 7 46 6 94 17 73 14 49 4 12 2 28
13 7 3 24 16 66 10 85 9 84 1 79 15 94 6 97 12 51 2 49 8 48 5 76 0 3 17 10 19 91 14 61 11 23 18 74 4 52 7 74
8 98 16 54 11 96 13 6 9 2 3 28 1 5 0 66 7 99 4 45 12 37 14 82 2 73 19 4 10 38 6 39 5 79 17 48 18 75 15 19
11 94 6 32 4 13 8 44 10 79 5 39 16 58 2 53 3 60 0 9 13 23 17 10 9 30 1 27 12 51 7 13 18 55 14 96 19 35 15 16
12 3 1 28 17 69 5 79 2 96 8 19 18 78 6 87 0 80 3 85 9 75 4 74 11 23 14 24 7 94 10 58 16 9 19 16 13 47 15 98
11 84 4 89 19 49 16 6 10 65 8 86 12 67 7 45 6 45 3 58 14 10 2 62 17 3 0 85 18 74 9 13 1 82 13 90 5 7 15 62
5 61 2 80 15 28 4 78 12 98 3 81 13 81 9 29 16 17 18 57 0 65 19 77 6 58 10 73 8 5 11 62 17 68 14 75 7 9 1 7
10 99 16 18 15 40 3 32 4 37 19 12 13 65 17 97 8 65 18 75 0 91 9 12 14 20 2 6 1 92 7 90 5 47 6 50 12 30 11 29
14 31 11 92 18 3 3 11 19 57 8 98 17 33 15 98 10 77 7 35 9 88 16 57 6 35 13 80 5 36 1 7 12 98 2 49 4 79 0 47
0 4 15 51 13 78 18 74 3 61 14 76 2 24 9 58 7 49 1 2 10 31 16 13 19 55 11 62 17 56 5 87 8 59 4 7 6 3 12 80
12 4 13 27 14 81 7 25 18 35 17 92 11 88 15 21 9 51 4 65 8 66 3 19 1 64 19 92 10 79 6 74 0 98 16 21 5 85 2 57
13 37 8 6 18 93 12 98 4 31 19 34 9 21 14 89 6 88 3 51 2 69 17 93 0 21 5 49 11 77 10 18 16 70 7 24 15 54 1 41
5 96 9 19 17 88 15 43 10 39 3 53 6 73 7 16 12 16 4 67 14 24 16 34 18 87 1 76 13 29 0 83 8 93 11 29 2 17 19 69
10 23 7 85 2 75 8 35 18 79 12 75 16 82 1 89 13 89 3 94 17 81 14 98 0 96 15 88 11 74 19 29 5 16 9 78 4 14 6 72
0 41 9 92 8 46 12 14 17 3 10 7 13 8 5 18 4 50 3 8 16 30 2 81 11 84 14 42 18 4 7 74 6 92 19 22 1 12 15 23
10 8 16 55 17 16 5 52 2 13 7 45 18 64 4 92 0 61 14 46 15 89 9 12 6 27 8 47 13 36 1 5 12 99 19 74 11 32 3 63
2 41 10 47 9 57 17 8 14 13 7 66 0 26 4 98 11 34 5 3 16 65 15 49 6 30 3 31 12 74 13 35 1 52 8 79 19 75 18 58
0 1 19 9 12 78 18 76 1 19 11 46 10 44 17 65 6 44 5 65 15 57 4 29 9 94 7 82 14 49 13 2 3 11 16 99 8 51 2 43
12 49 18 69 16 59 1 97 6 24 0 30 4 87 14 34 15 89 19 6 10 79 11 85 3 42 5 24 17 15 13 72 2 32 8 65 9 87 7 74
5 55 9 68 6 61 12 6 2 99 11 39 0 23 15 44 3 12 17 1 18 41 7 81 14 12 10 78 13 37 19 45 8 11 1 28 4 59 16 9
3 33 4 26 19 45 14 40 2 71 18 82 15 70 0 23 16 91 13 23 5 16 9 83 6 67 17 73 11 56 7 95 8 46 10 83 12 97 1 68
14 47 15 75 11 43 17 7 18 41 3 74 12 85 8 51 1 53 16 91 13 95 7 35 2 54 19 88 5 94 9 61 0 33 6 32 10 32 4 67
13 73 5 67 2 73 3 77 7 57 15 41 10 81 9 1 0 86 1 78 6 66 19 92 12 95 4 44 8 90 14 9 16 89 17 32 18 86 11 94
1 47 13 52 4 62 5 11 18 30 12 34 11 53 9 5 15 13 14 73 17 62 6 62 19 46 2 68 3 8 16 76 10 53 8 75 0 62 7 40
1 32 19 74 2 92 4 22 13 49 6 38 8 33 14 23 11 91 9 82 16 28 0 20 10 60 15 2 12 34 17 7 3 94 18 84 5 66 7 35
6 57 12 19 18 41 8 95 1 57 9 4 16 6 13 70 0 9 3 41 2 57 17 5 11 74 5 93 10 61 7 37 19 32 14 11 15 63 4 4
3 3 1 19 17 40 19 1 5 76 2 38 16 78 13 2 7 77 4 66 14 55 10 20 15 4 12 41 18 69 0 74 8 76 9 56 6 38 11 60
18 40 8 46 0 32 12 31 17 93 9 32 4 17 13 34 19 20 10 91 2 59 5 50 6 27 16 60 14 33 7 26 15 53 11 42 3 81 1 13
10 16 2 63 16 74 18 85 9 5 0 71 14 44 13 50 11 75 17 36 15 15 8 29 4 33 7 78 12 9 6 9 19 32 3 47 5 44 1 34
3 80 10 91 17 45 15 34 16 66 14 56 0 56 13 95 8 36 2 32 18 86 1 73 12 5 19 59 5 45 9 90 6 5 7 70 4 77 11 78
8 43 14 30 12 72 4 15 1 80 10 16 9 28 11 73 13 39 16 91 5 55 15 32 17 4 3 8 2 71 19 49 0 19 7 45 18 25 6 19
19 66 7 56 6 34 4 56 10 28 1 98 3 93 11 30 14 72 13 76 5 93 0 78 17 49 12 74 18 83 15 28 2 93 8 81 16 76 9 77
17 24 16 29 13 99 14 4 4 15 12 61 0 41 10 44 5 98 8 98 3 5 19 95 1 90 2 58 7 19 18 78 15 69 6 82 9 3 11 11
14 73 7 35 17 83 2 62 15 98 19 33 18 95 5 38 13 35 16 36 12 36 9 76 8 14 3 60 10 48 6 16 0 98 4 77 1 83 11 47
2 74 19 11 16 85 11 25 17 85 9 89 4 67 10 30 15 59 18 3 6 42 5 82 12 69 7 91 14 62 3 84 8 65 13 62 1 27 0 73
6 40 3 26 1 25 4 93 0 48 17 18 7 90 15 47 13 86 16 25 18 61 19 66 14 9 2 79 8 37 10 65 11 69 5 51 9 98 12 15
3 51 10 64 7 31 1 24 16 7 19 57 12 38 9 98 2 7 8 85 14 19 5 28 4 94 6 71 17 14 18 58 13 57 15 37 0 40 11 71
10 94 13 64 7 9 0 45 14 30 5 39 17 7 2 35 11 92 4 79 15 61 12 23 1 54 16 98 3 19 6 73 19 32 18 11 8 67 9 83
19 98 16 53 1 90 4 85 0 99 17 29 6 75 8 19 7 70 5 27 18 36 13 10 11 71 9 30 10 56 2 89 3 77 12 92 14 34 15 53
2 73 18 78 16 74 19 21 15 71 3 47 4 53 1 15 9 12 6 69 0 33 13 2 17 26 11 61 7 40 12 95 5 23 10 13 14 76 8 6
7 22 18 75 0 82 4 68 1 23 9 75 17 8 11 86 15 96 2 27 16 39 10 11 3 53 12 36 6 29 8 25 14 94 5 1 19 72 13 9
15 19 19 9 18 48 11 4 9 62 10 70 14 62 17 80 3 23 2 12 6 85 16 95 7 64 1 85 5 79 13 33 12 30 8 71 0 35 4 41
2 47 0 55 3 21 19 10 7 31 17 10 13 30 16 83 4 2 15 75 18 85 8 45 9 39 10 82 1 89 14 16 12 35 5 99 11 4 6 38
14 15 18 90 15 18 3 95 11 50 5 85 1 2 2 97 16 32 0 62 6 36 13 40 7 74 4 69 10 51 12 83 17 65 9 23 19 35 8 65
13 66 16 48 3 84 14 81 19 15 1 64 0 90 5 60 6 26 12 94 10 20 8 54 7 39 15 97 2 58 18 98 17 12 4 64 11 41 9 39
4 85 11 93 12 50 10 45 2 97 0 71 9 63 3 46 5 59 19 37 13 59 14 80 7 82 8 16 1 78 17 58 18 16 15 79 6 83 16 35
10 73 13 20 14 23 16 48 2 67 11 23 12 71 0 2 5 75 18 69 4 46 8 96 1 21 7 83 19 29 6 48 15 21 17 22 3 50 9 94
10 21 11 40 8 27 15 57 0 52 6 82 4 23 18 62 19 18 17 10 13 36 16 16 2 32 5 79 7 33 9 53 14 77 3 73 12 8 1 84
3 65 10 23 6 35 2 43 0 11 11 70 17 72 14 55 16 63 12 28 18 50 19 12 7 91 13 64 1 38 8 98 15 99 5 71 4 36 9 98
13 46 8 5 0 57 4 85 17 66 7 50 19 44 2 96 10 73 6 91 5 16 12 46 9 12 1 26 16 78 3 35 11 19 14 95 15 13 18 76
10 38 0 12 8 96 12 12 13 69 11 8 16 17 17 73 3 28 14 52 19 36 2 71 7 82 4 59 6 37 9 13 15 89 18 64 5 22 1 20
17 45 2 52 15 47 10 65 11 53 0 33 12 14 8 25 9 41 18 6 13 29 14 99 7 26 3 40 4 94 6 69 16 47 5 73 1 97 19 78
1 81 2 98 4 41 7 56 12 38 9 17 3 16 13 35 18 93 19 23 5 40 16 71 10 90 6 87 17 98 8 31 0 65 14 95 11 18 15 43
8 26 10 66 7 62 4 85 17 78 1 35 9 64 12 39 2 38 5 21 18 75 6 13 13 42 0 29 16 35 11 72 3 4 19 43 15 11 14 41
4 17 9 87 8 84 11 56 2 71 5 40 14 28 7 94 18 77 0 8 6 55 19 5 3 34 17 95 16 54 15 16 10 96 12 42 1 19 13 99
14 70 18 82 7 40 17 26 6 40 8 27 12 97 13 2 4 98 3 51 2 19 16 3 0 83 19 58 10 1 15 78 1 99 11 69 5 5 9 83
14 67 9 88 0 80 7 68 13 62 17 73 11 44 10 39 3 44 6 83 18 56 8 70 16 53 2 39 4 80 15 41 1 82 12 65 5 55 19 38
9 60 19 17 1 76 13 58 14 95 11 49 4 2 18 29 7 72 17 48 0 64 5 64 6 71 3 52 16 15 10 46 8 5 12 95 15 30 2 2
15 53 19 45 13 39 0 76 8 59 18 19 7 95 12 11 16 59 9 45 14 58 10 62 5 37 1 73 6 65 11 37 3 66 2 20 17 80 4 85
12 71 16 30 6 25 1 58 19 41 11 56 3 69 14 87 0 33 9 27 13 42 8 22 10 75 2 72 15 65 7 78 4 67 5 68 18 12 17 73
0 14 8 81 14 67 4 47 2 89 17 75 10 53 5 84 6 37 9 89 11 20 1 95 7 47 19 64 16 8 12 71 15 12 18 54 3 86 13 10
15 56 8 72 17 50 4 93 10 40 9 73 5 10 11 29 13 81 0 36 3 29 16 42 1 34 12 65 14 32 19 25 7 82 6 90 18 75 2 20
18 23 7 70 8 39 5 37 17 61 15 36 4 14 14 58 3 15 9 11 11 47 16 38 0 85 12 15 1 63 10 4 19 71 13 64 2 43 6 48
2 72 10 77 15 17 3 47 19 12 12 23 0 73 6 96 17 75 7 44 16 8 14 23 13 52 1 89 9 15 18 88 11 41 8 22 5 8 4 36
6 48 14 29 4 5 18 15 1 45 17 65 19 30 13 60 3 78 7 24 16 76 2 33 0 70 8 30 11 73 9 56 5 88 10 10 15 95 12 41
0 69 7 32 9 4 19 12 16 11 17 31 6 76 3 81 10 55 5 34 8 32 1 18 12 70 2 14 15 26 4 5 11 70 14 21 18 97 13 54
11 50 7 13 12 50 17 56 18 99 16 36 6 63 10 9 3 10 9 26 4 25 1 1 8 98 5 70 14 14 15 84 2 6 13 43 0 77 19 75
12 91 10 21 3 5 17 96 5 5 8 17 7 15 16 95 15 52 4 66 19 83 18 93 9 43 13 30 6 33 1 93 2 32 11 19 14 5 0 6
13 31 15 7 12 88 8 75 0 6 3 30 5 38 9 26 2 96 1 76 4 9 16 81 14 2 18 79 17 94 11 53 7 69 10 86 19 10 6 17
7 92 15 8 11 4 8 86 19 32 3 6 12 64 16 43 14 19 5 36 10 37 0 8 1 82 2 36 17 99 6 10 4 82 9 53 13 3 18 73
19 91 7 79 6 81 12 41 11 83 16 92 2 79 15 57 17 27 1 41 18 81 5 97 0 31 4 3 10 4 3 88 14 23 9 45 8 20 13 69
13 14 15 60 19 69 10 43 18 95 7 86 12 55 11 40 16 6 1 65 3 74 14 3 4 53 5 2 17 67 0 32 8 55 2 44 6 83 9 55
6 91 2 3 1 96 13 30 10 40 9 62 17 82 3 94 7 62 5 75 8 43 14 20 15 9 0 87 11 24 12 12 18 34 4 91 19 12 16 52
8 61 3 41 13 82 16 36 0 85 18 13 6 38 12 46 4 40 1 65 10 29 15 97 19 4 9 57 14 76 17 27 5 98 2 30 7 51 11 57
19 36 4 64 1 5 8 97 7 73 11 77 18 4 0 98 3 7 17 35 10 5 12 25 2 16 14 43 5 18 13 15 15 52 6 18 16 29 9 89
12 56 0 84 13 6 4 97 8 6 5 52 17 95 6 90 11 15 15 99 7 61 18 39 19 9 2 20 9 46 16 4 1 24 14 52 3 27 10 90
11 37 18 84 1 91 13 28 6 57 14 15 19 50 15 48 17 20 9 65 7 31 0 4 16 23 12 45 3 14 8 86 4 38 10 86 5 77 2 11
18 32 15 28 5 81 12 70 14 63 17 68 10 30 2 97 7 31 0 64 16 13 4 80 8 8 3 81 9 54 1 11 6 26 11 59 13 86 19 81
