100 20
11 1 5 66 15 88 12 93 0 49 16 22 18 29 4 28 17 29 10 20 8 1 19 48 1 54 9 27 13 25 14 76 7 83 2 92 3 71 6 63
16 61 11 5 19 4 18 99 12 88 7 17 4 89 0 56 8 92 5 62 3 34 17 24 2 40 14 58 15 20 9 34 10 16 13 30 1 24 6 90
0 32 13 50 14 14 3 31 7 14 10 53 19 6 12 20 9 31 17 70 16 24 6 54 8 1 5 60 1 71 15 71 2 93 4 29 11 68 18 63
4 86 6 44 0 93 11 18 17 58 9 93 12 74 5 93 10 81 8 8 16 88 19 76 15 50 14 65 13 33 2 52 3 89 7 92 18 19 1 22
11 36 18 43 16 32 7 8 3 18 12 11 19 6 0 60 17 28 1 25 8 46 14 22 2 31 10 72 5 98 6 61 13 1 4 52 9 13 15 69
14 56 8 33 18 84 4 47 0 89 16 77 15 16 12 32 1 83 9 55 6 23 2 98 19 34 3 17 17 97 7 5 10 26 5 97 13 43 11 78
6 95 0 90 10 25 18 75 1 44 19 11 3 46 7 38 17 70 11 28 14 11 16 30 8 69 13 61 5 48 2 37 4 78 12 8 15 46 9 23
18 5 5 35 1 98 9 62 11 32 2 16 12 34 10 56 8 40 17 8 0 76 19 23 3 9 7 25 14 23 4 76 16 3 15 39 13 88 6 9
6 57 12 39 13 89 19 58 9 37 4 31 2 74 10 57 16 56 0 95 8 13 3 54 1 19 7 31 15 85 14 96 18 91 11 13 5 73 17 38
2 23 14 34 19 95 13 43 7 57 10 32 1 84 16 30 3 93 11 35 6 48 12 74 5 86 17 67 0 53 15 98 18 69 9 45 4 56 8 58
0 95 17 61 11 8 15 80 14 44 6 23 10 39 16 66 3 17 1 19 7 92 2 25 9 25 5 5 8 97 19 38 18 11 12 42 13 74 4 7
0 50 13 80 19 66 15 15 9 68 10 27 8 11 5 12 18 97 4 22 2 86 12 32 7 40 1 86 16 29 17 42 6 30 14 79 11 94 3 82
18 48 1 86 2 85 11 4 9 46 14 98 13 64 5 51 19 40 0 23 6 61 3 47 15 53 17 66 12 23 16 98 7 96 4 5 10 51 8 12
1 83 4 90 10 65 13 15 6 45 3 76 2 92 9 23 12 49 8 89 0 74 5 25 19 83 18 95 16 2 14 65 17 68 11 77 15 75 7 18
1 84 12 2 15 1 2 46 16 97 9 43 5 63 6 86 7 8 19 75 11 15 18 13 10 85 4 99 0 32 17 55 13 43 14 94 8 21 3 43
13 52 19 8 18 6 2 82 16 23 14 53 8 59 5 73 1 4 17 65 9 5 7 62 12 60 11 20 0 47 6 39 15 85 4 11 10 27 3 84
10 14 3 40 2 65 19 33 0 5 5 4 16 28 1 36 12 31 17 54 14 80 11 63 13 15 4 60 18 74 8 84 6 65 9 18 15 61 7 73
1 71 12 1 9 27 11 18 0 53 3 81 14 73 6 95 10 92 8 73 15 52 7 73 19 55 17 79 13 13 16 1 5 30 2 30 4 86 18 5
7 65 5 29 19 83 10 76 3 51 14 72 9 30 18 87 0 53 2 99 16 51 13 51 12 77 4 33 1 38 6 47 8 19 11 79 15 40 17 53
1 80 0 88 10 28 5 55 13 61 7 41 19 32 15 87 6 65 17 75 11 38 2 66 16 97 18 8 3 73 8 67 14 69 9 79 4 56 12 72
11 18 19 99 2 70 16 75 6 10 4 79 8 83 13 11 10 83 5 29 15 52 14 58 12 56 0 84 1 39 9 56 17 47 3 60 7 36 18 78
14 84 19 57 10 27 16 28 11 60 15 43 7 32 18 7 0 16 4 17 13 63 3 81 5 37 12 36 8 91 2 37 17 3 6 40 1 97 9 6
17 20 18 46 11 77 16 58 1 41 5 89 9 60 13 71 6 12 19 41 2 23 10 41 0 5 8 45 14 96 4 89 3 74 7 40 12 40 15 72
14 63 17 41 9 58 2 89 3 71 7 65 4 43 11 16 1 49 5 74 10 70 8 84 12 39 6 18 19 83 15 5 0 96 16 41 13 11 18 73
19 68 18 95 1 28 17 16 7 42 14 82 3 83 5 87 10 38 11 54 13 39 9 98 0 99 4 2 16 45 8 29 6 92 12 72 2 77 15 74
18 38 4 21 8 89 14 20 19 79 16 89 10 52 17 92 5 31 13 80 12 50 11 15 1 38 7 72 6 11 2 66 3 90 0 1 15 35 9 42
10 93 15 1 11 83 4 65 0 39 13 96 6 62 18 95 5 13 12 11 17 27 16 53 19 64 8 61 2 96 14 1 1 67 3 8 7 41 9 62
12 66 7 28 19 51 17 24 1 94 2 80 10 67 8 58 9 46 13 88 0 55 15 87 16 42 11 32 6 76 4 66 3 25 5 16 14 72 18 62
13 78 14 38 1 58 7 40 17 82 8 99 11 74 12 48 0 78 3 35 10 32 18 54 9 38 15 86 16 6 2 8 19 31 6 30 4 52 5 35
14 78 1 40 10 17 5 13 7 88 0 76 9 71 11 48 15 34 16 39 13 6 8 57 17 32 2 94 4 15 19 98 6 40 3 9 18 12 12 70
4 80 15 68 9 81 1 32 13 55 14 25 17 97 6 5 0 93 11 35 8 30 3 85 2 99 10 24 16 1 12 3 7 86 19 94 18 91 5 17
8 20 11 65 19 19 15 37 0 87 3 11 14 52 6 74 4 86 18 31 17 6 5 38 7 95 12 33 10 82 13 51 1 63 9 90 16 93 2 33
19 92 17 60 13 59 3 84 14 22 5 19 4 65 18 56 0 63 12 90 15 32 11 49 9 26 6 22 2 38 1 70 7 68 10 84 16 92 8 22
11 93 18 27 17 25 6 17 4 49 2 44 3 88 1 97 10 82 14 41 5 35 19 1 8 42 15 88 0 40 13 92 9 3 7 35 16 65 12 52
19 3 15 96 7 21 5 27 9 51 12 18 14 66 17 56 2 58 6 56 11 62 4 62 13 18 3 44 16 19 10 2 18 81 0 11 8 82 1 84
2 81 3 92 11 50 14 50 7 64 17 81 5 23 0 75 13 46 1 1 12 99 8 95 19 26 6 38 10 99 9 65 18 63 15 46 4 89 16 37
4 89 10 82 2 54 13 76 11 83 16 98 1 10 7 92 18 18 14 89 9 32 19 19 0 26 17 20 8 84 3 93 5 24 12 19 15 73 6 98
5 10 14 35 4 71 1 85 13 5 8 92 16 75 12 92 3 20 11 14 0 87 6 63 15 27 19 4 10 34 9 91 18 94 17 73 2 7 7 64
12 79 6 85 19 72 14 74 4 89 11 13 16 1 8 36 17 49 7 62 18 38 0 95 13 53 15 72 10 10 9 13 5 28 1 15 3 23 2 23
15 50 17 50 14 18 2 43 18 49 13 80 11 86 10 79 7 18 5 81 9 29 19 22 0 57 8 73 4 70 12 78 6 92 16 9 1 58 3 68
14 6 10 21 7 54 15 38 2 64 3 32 9 61 12 45 11 53 17 49 13 5 6 68 18 24 5 6 19 18 4 27 16 53 0 33 8 33 1 23
9 62 19 74 4 83 16 12 11 43 17 5 18 52 0 90 13 73 6 37 8 4 12 40 5 91 7 38 1 28 3 34 10 92 2 33 15 10 14 32
13 17 14 1 5 67 7 22 0 26 12 57 1 46 8 92 2 1 6 77 16 93 4 82 15 99 18 62 10 92 17 7 9 65 3 51 19 50 11 41
10 33 6 17 11 29 1 4 17 94 13 98 8 26 19 95 2 24 0 13 9 56 7 15 16 28 15 95 4 45 18 30 12 49 14 95 3 41 5 39
1 87 6 36 16 46 14 96 10 1 3 95 11 20 13 3 18 24 17 28 12 92 7 89 0 25 2 50 5 21 4 31 15 95 8 24 19 56 9 42
14 51 12 45 7 73 9 87 11 92 4 71 2 14 16 19 3 74 10 94 1 97 18 42 8 74 19 88 5 84 13 84 0 61 6 40 15 69 17 36
10 41 16 95 7 17 11 45 19 38 3 91 15 91 9 7 1 40 18 69 4 34 0 26 13 22 17 90 8 24 2 61 12 65 6 11 5 89 14 73
19 99 2 22 8 42 17 51 0 56 12 29 7 38 14 30 4 23 10 93 6 45 15 66 18 6 16 27 3 46 13 56 9 53 5 79 11 12 1 44
18 55 9 37 6 89 12 37 4 8 2 12 8 95 10 39 5 27 16 9 13 62 17 88 15 52 11 42 1 48 3 59 7 47 0 19 14 37 19 29
9 15 0 71 16 88 6 73 2 90 1 69 15 44 19 32 14 20 4 53 5 31 13 74 17 45 10 17 11 96 3 13 8 19 7 33 12 39 18 93
16 57 7 81 15 1 17 42 2 29 19 36 8 72 18 47 9 52 13 91 1 49 3 80 6 44 14 26 0 22 12 5 5 19 10 29 4 99 11 88
7 85 8 34 16 29 17 20 11 57 0 58 6 39 1 76 5 44 13 7 14 46 4 58 19 72 3 13 2 19 18 66 9 93 12 67 15 54 10 51
5 65 8 49 7 68 9 13 12 80 6 5 2 17 13 95 3 84 11 56 4 75 10 62 0 31 19 47 18 37 17 76 14 92 1 11 15 24 16 74
11 56 19 41 2 84 10 24 6 84 3 90 9 42 12 98 14 19 7 5 13 34 5 62 8 13 0 28 4 13 18 39 15 15 17 31 16 10 1 71
0 5 16 32 14 78 19 82 2 42 11 76 13 50 6 78 4 62 8 51 5 55 15 46 1 12 10 20 3 60 18 87 12 41 17 3 9 22 7 91
15 70 3 81 5 51 10 83 1 80 9 23 16 38 12 64 4 47 11 59 17 7 7 55 0 83 14 21 2 58 6 82 8 35 13 40 18 99 19 78
5 86 12 94 15 36 8 13 10 43 14 14 7 72 13 87 4 63 2 14 6 64 9 9 3 82 19 43 16 55 1 87 17 53 11 25 0 61 18 66
16 35 13 84 0 58 3 71 10 30 5 18 14 89 9 95 7 97 4 25 12 58 2 24 11 32 15 7 18 31 19 19 17 93 8 34 1 15 6 93
10 92 13 15 18 87 2 38 16 61 19 5 5 54 15 92 14 30 17 21 8 55 7 77 0 7 12 97 6 44 1 62 11 66 3 19 4 9 9 36
3 69 10 19 14 66 12 16 16 79 7 5 5 3 11 76 2 21 4 99 17 72 8 56 13 14 9 32 18 21 0 54 15 87 1 68 19 45 6 53
14 69 10 18 1 92 16 15 12 20 4 67 15 61 17 83 19 61 6 49 2 75 5 89 18 45 0 97 13 6 9 23 3 95 11 3 8 38 7 26
2 70 9 88 1 15 14 26 5 99 4 42 8 83 18 15 10 73 15 70 0 28 17 6 6 17 12 56 7 6 11 4 19 7 13 7 16 40 3 49
6 26 18 20 9 42 14 32 12 47 19 37 1 72 2 45 4 78 11 66 8 43 0 78 16 31 7 9 15 78 17 87 3 19 10 4 5 79 13 38
8 69 4 30 13 89 3 79 5 94 11 36 1 81 0 34 17 15 2 46 10 89 9 30 18 8 12 15 16 57 15 8 19 75 7 4 6 71 14 17
6 82 0 64 8 50 4 88 16 13 13 10 10 72 9 17 3 41 7 5 5 23 14 70 1 34 12 61 18 18 11 41 17 22 2 7 15 44 19 15
8 29 5 53 4 68 13 47 18 35 0 46 14 35 17 9 11 10 15 77 19 11 9 27 12 67 3 61 7 21 2 18 6 27 1 27 10 41 16 24
2 31 12 68 7 58 5 29 16 1 8 86 10 24 15 59 14 52 11 86 1 71 3 26 0 12 13 12 9 33 19 4 6 60 4 18 18 35 17 61
5 98 14 83 8 61 0 46 11 48 18 94 15 20 16 88 19 72 17 32 10 82 9 57 12 96 4 7 1 11 13 11 2 87 6 27 7 11 3 17
9 21 7 95 5 31 10 56 4 81 16 54 18 93 17 95 12 55 13 67 1 55 3 14 11 67 15 56 0 41 6 1 2 34 19 79 8 85 14 2
6 66 12 9 14 21 19 17 18 72 13 78 11 4 3 37 4 58 10 51 9 38 8 17 2 53 16 86 0 8 1 11 15 48 5 37 7 77 17 64
11 6 16 83 9 50 8 43 3 13 15 92 12 42 4 28 13 87 17 49 2 27 10 16 0 96 18 28 6 35 19 97 7 34 1 80 5 55 14 4
4 89 10 4 1 34 6 80 8 25 13 84 11 36 16 38 7 19 19 90 17 15 2 9 12 71 9 24 15 86 5 70 14 14 3 88 0 78 18 31
3 89 7 20 9 70 11 70 10 65 19 80 15 13 13 88 17 94 12 33 16 3 18 35 1 17 6 71 8 62 4 88 2 34 0 15 14 71 5 47
6 58 4 14 1 59 16 16 8 33 2 2 12 21 13 35 17 69 10 46 18 72 11 88 5 88 3 16 0 9 14 44 9 48 15 17 19 20 7 97
19 49 17 56 6 75 2 86 10 92 13 50 16 31 11 41 3 69 4 50 5 62 12 13 9 26 15 18 18 47 14 2 0 82 1 89 7 6 8 6
9 78 15 28 6 48 7 63 11 19 1 30 4 53 12 34 19 47 2 17 3 68 5 31 18 26 0 52 13 41 8 72 14 89 17 13 10 48 16 4
18 98 2 19 12 61 15 93 19 72 10 27 17 15 1 9 4 58 3 39 13 41 14 14 9 17 5 57 11 28 8 27 0 36 7 58 6 12 16 92
13 34 19 54 4 62 0 50 8 63 11 79 12 57 2 16 7 15 15 97 5 5 17 36 1 52 10 73 18 56 14 76 9 83 6 99 16 38 3 97
18 45 7 28 8 76 10 71 17 47 0 71 14 82 4 20 13 57 11 82 2 78 12 43 16 54 9 42 19 39 5 35 3 45 1 71 15 53 6 77
10 52 18 37 1 72 3 80 5 30 13 76 11 85 4 50 12 58 8 60 2 96 9 85 14 38 16 15 7 65 17 23 19 8 6 68 15 67 0 43
19 16 6 8 2 4 17 70 18 62 14 33 15 72 0 48 16 47 11 5 5 57 13 75 8 11 1 70 9 70 12 38 7 89 3 3 4 56 10 91
10 90 3 15 4 39 15 53 18 91 2 36 16 69 5 70 0 41 19 30 12 80 9 3 1 25 11 61 14 89 6 25 7 40 8 11 13 1 17 25
18 31 15 76 17 19 3 41 8 53 11 87 10 32 16 79 7 33 14 53 4 21 2 21 5 91 0 96 12 81 19 53 1 67 9 32 13 91 6 95
5 92 18 8 8 61 0 22 14 85 7 66 6 15 10 35 12 25 13 39 2 24 9 60 19 59 4 85 17 16 3 3 11 4 15 64 16 25 1 1
18 86 1 79 9 49 12 49 4 87 11 93 6 45 14 71 2 6 19 59 0 86 5 5 7 20 17 11 16 61 15 17 3 91 8 66 10 99 13 49
9 10 16 81 3 17 19 73 8 76 5 84 18 82 2 21 12 63 13 78 17 44 7 6 0 18 15 65 10 69 4 54 14 65 11 57 1 4 6 36
9 98 4 53 1 15 3 42 10 6 11 86 19 32 16 40 18 17 6 93 14 74 15 26 17 13 13 13 5 29 2 27 7 57 0 24 12 71 8 67
1 29 9 91 16 91 14 48 11 97 0 81 13 58 17 94 7 51 18 44 6 81 10 93 19 57 2 32 5 80 4 89 12 80 15 76 8 73 3 73
18 97 15 29 13 32 17 96 16 30 14 16 2 20 5 1 8 33 4 44 9 5 19 14 12 76 7 68 11 79 0 47 6 37 1 6 10 44 3 44
18 20 2 91 9 83 16 66 1 57 13 95 5 28 10 33 15 91 14 4 8 52 17 26 11 37 3 36 19 66 4 11 7 47 6 45 12 4 0 50
7 72 9 27 16 24 8 17 5 67 0 23 2 10 1 31 3 11 18 13 13 18 15 64 12 88 11 49 14 97 6 69 19 4 17 35 10 57 4 26
0 4 19 19 7 34 9 80 3 70 18 13 5 89 8 17 14 9 1 81 17 64 11 50 4 32 16 49 15 28 6 75 10 10 13 94 2 60 12 94
12 31 15 62 13 9 17 37 5 51 7 41 18 74 2 17 10 23 19 88 1 75 4 10 3 84 9 16 6 98 16 50 14 85 0 72 8 65 11 68
0 74 5 13 7 15 14 9 9 60 18 36 1 91 3 96 8 9 16 72 10 88 19 84 13 94 4 47 6 64 12 30 15 15 17 15 11 60 2 82
2 56 6 89 12 78 13 7 17 10 3 73 18 47 11 4 15 67 14 75 16 86 0 35 8 6 5 7 9 72 4 47 1 28 7 59 10 18 19 11
16 86 18 58 5 77 12 14 8 53 7 71 6 92 0 32 1 7 3 11 10 48 15 85 13 49 17 28 4 89 11 88 9 2 14 33 19 74 2 24
15 83 14 76 13 17 19 52 10 68 11 5 12 32 17 69 9 54 0 8 3 84 1 74 18 9 2 60 6 57 16 94 8 50 7 71 5 57 4 81
4 62 6 84 3 83 9 69 18 93 5 85 15 87 14 5 13 93 19 52 7 36 12 70 1 67 0 37 10 57 17 57 2 98 8 68 16 85 11 41
15 8 10 8 2 53 4 56 5 13 18 95 1 19 12 54 6 65 19 41 17 50 3 67 11 35 13 94 8 13 14 45 7 19 9 12 16 34 0 4
13 1 14 28 15 42 0 67 6 24 10 36 1 83 16 53 18 96 17 87 19 44 2 28 7 28 8 43 11 59 5 36 4 67 3 81 12 15 9 41
