100 20
18 79 13 77 19 6 2 62 14 73 1 17 12 77 10 78 9 7 6 93 0 11 16 25 4 39 7 27 8 33 17 87 5 25 11 32 15 84 3 96
2 99 11 84 5 50 14 52 3 72 16 16 13 5 10 63 8 26 9 70 0 18 15 77 4 54 6 39 12 45 19 14 7 20 18 25 1 46 17 19
8 68 17 49 7 61 18 26 0 47 3 34 14 20 11 93 4 40 9 23 15 94 16 39 6 69 12 87 13 81 10 66 19 15 1 98 2 96 5 65
15 9 3 31 12 62 17 14 4 45 19 34 8 90 18 99 1 40 9 38 7 53 2 22 13 62 10 85 5 69 6 70 11 33 16 59 14 60 0 71
16 85 14 37 5 76 19 86 10 57 13 40 8 24 3 32 17 12 7 43 6 59 0 58 12 99 2 24 15 13 4 74 11 46 18 2 9 99 1 87
6 99 0 71 19 49 9 16 13 11 8 75 11 27 10 64 7 32 17 77 12 61 2 77 1 8 5 41 18 30 14 26 16 40 4 42 3 83 15 14
15 96 10 41 7 72 2 16 3 24 5 83 12 4 16 54 13 76 1 40 11 29 18 55 14 67 8 99 4 79 0 52 6 79 17 64 9 11 19 41
7 31 13 99 5 17 11 36 0 29 8 60 17 18 10 21 3 36 12 33 19 56 9 17 15 61 16 50 4 42 18 22 6 52 14 80 1 5 2 42
12 95 6 34 17 19 1 82 7 9 8 88 3 38 15 81 13 11 18 21 14 5 2 14 4 4 5 96 11 16 9 67 0 65 19 11 10 2 16 72
3 54 12 84 6 41 14 8 7 4 0 41 10 7 1 98 5 31 16 18 18 74 8 20 4 78 9 59 11 65 2 1 15 76 19 51 13 19 17 26
5 12 13 35 3 50 10 39 15 93 6 26 18 55 16 10 9 70 2 85 17 99 1 81 14 19 12 71 19 25 8 35 11 33 4 38 7 94 0 98
18 14 6 63 8 61 17 83 7 14 15 55 19 84 11 56 14 68 5 93 4 39 16 57 0 69 2 36 13 84 10 15 9 24 3 98 12 82 1 68
3 29 12 53 7 93 2 30 9 13 1 27 10 20 11 58 18 11 6 64 4 27 15 64 19 22 5 91 8 65 13 53 16 95 17 31 14 51 0 40
2 14 19 12 10 68 7 21 18 25 11 39 15 3 8 69 1 84 0 62 12 37 6 19 14 49 4 26 16 60 13 98 5 16 9 72 17 77 3 76
9 52 6 40 12 89 17 82 13 3 11 3 10 43 15 79 1 41 5 91 14 98 18 7 0 14 3 33 19 50 16 6 7 7 4 51 2 41 8 36
3 67 8 40 11 82 9 3 12 92 5 4 14 37 1 87 4 77 2 52 18 6 19 29 6 54 17 61 7 73 15 30 0 3 13 96 10 73 16 94
1 70 0 15 3 9 9 38 8 35 7 25 13 19 11 45 2 66 14 20 5 44 17 2 4 83 19 38 18 61 10 55 6 23 16 63 12 26 15 24
16 53 9 3 4 25 15 55 19 51 11 57 12 50 18 14 3 64 2 18 8 82 0 22 17 99 13 12 10 7 1 38 14 15 7 93 6 47 5 95
6 35 10 44 15 22 8 79 7 80 3 35 5 12 2 11 11 34 16 78 9 16 0 33 4 62 18 14 14 51 13 28 17 97 19 57 1 10 12 65
18 62 11 2 1 78 17 92 0 24 16 90 9 1 8 46 10 43 19 15 4 37 5 19 3 61 13 73 2 68 7 52 12 7 14 5 6 16 15 95
4 67 3 76 15 10 10 37 16 55 9 37 18 19 11 76 8 94 7 26 0 74 1 54 17 60 13 70 5 27 2 11 12 80 6 17 14 53 19 51
16 19 9 59 4 38 2 68 1 43 17 47 8 68 14 93 3 38 12 3 6 49 13 23 15 94 10 91 19 66 0 28 5 27 7 15 11 14 18 21
11 63 9 82 8 64 16 37 12 41 10 36 14 25 5 1 15 12 4 75 3 24 7 86 17 55 1 33 2 3 6 13 0 37 18 55 19 55 13 81
10 93 14 23 12 56 4 79 7 85 19 86 6 55 16 55 3 56 18 6 11 4 8 88 15 85 2 22 9 37 13 42 0 57 5 54 17 17 1 65
16 92 15 31 10 91 2 14 0 8 7 12 14 66 11 86 17 27 8 58 1 9 12 4 13 96 6 53 9 82 3 78 18 18 5 26 4 80 19 12
12 12 1 95 6 22 13 43 5 48 3 87 0 50 16 87 17 60 18 17 15 73 9 54 4 38 8 67 7 49 2 32 19 64 11 35 14 84 10 21
12 27 1 77 11 38 6 68 15 25 5 62 2 12 17 78 14 28 4 38 13 97 9 31 0 94 7 52 3 75 8 63 16 94 18 12 19 77 10 2
2 89 10 84 8 84 13 40 15 89 3 14 6 4 17 74 0 25 9 67 12 15 14 63 4 81 16 31 7 68 18 87 11 79 1 47 19 58 5 20
15 33 5 27 16 51 17 48 7 6 9 75 8 89 1 94 0 23 18 26 6 22 11 72 12 61 10 66 2 63 4 22 13 12 3 72 14 45 19 75
5 78 12 47 16 5 4 65 3 72 15 95 11 15 18 24 13 54 14 5 10 27 6 57 8 43 0 6 2 78 7 11 9 46 17 71 19 32 1 8
13 3 2 42 3 40 1 42 16 4 14 42 12 82 17 15 10 19 8 17 0 51 11 41 4 62 18 41 6 51 5 58 19 21 7 77 9 34 15 88
14 17 5 85 1 78 2 38 3 69 0 58 13 75 8 53 9 31 17 50 18 85 6 16 16 24 19 90 4 20 7 16 15 47 10 96 12 9 11 65
1 98 4 1 3 63 16 48 11 68 12 39 18 11 9 58 15 13 10 1 13 42 0 52 8 76 19 85 6 43 5 51 7 93 2 5 17 2 14 90
13 94 9 52 3 54 17 60 8 73 4 48 0 76 19 85 15 41 16 16 2 1 10 98 5 67 14 11 6 91 18 48 7 28 12 29 11 27 1 93
7 68 5 91 3 38 9 87 4 83 1 53 17 78 10 22 19 23 8 39 11 59 13 82 15 35 18 84 12 42 0 34 16 93 2 30 14 83 6 72
13 30 0 60 14 57 2 96 17 22 10 84 7 71 16 38 4 86 18 29 3 53 5 71 12 41 11 6 1 32 15 62 9 50 8 12 6 5 19 91
13 34 17 42 16 28 4 58 7 38 11 8 12 69 3 81 18 57 14 96 8 7 2 29 6 87 10 91 15 39 19 40 1 3 5 40 9 26 0 25
12 54 0 89 5 92 4 73 16 88 7 20 14 66 6 69 8 21 18 97 15 69 3 69 2 70 1 25 9 91 10 19 13 70 11 78 17 87 19 99
16 15 6 78 7 18 14 85 11 82 13 11 3 88 5 39 0 23 10 65 8 49 2 11 18 45 19 10 4 26 9 25 1 17 17 23 12 39 15 64
6 92 7 97 12 53 16 17 2 68 0 57 13 92 10 88 19 70 15 32 9 19 17 14 14 11 18 38 5 93 11 15 1 95 4 86 3 44 8 81
1 9 0 37 12 1 5 99 19 20 2 81 10 93 11 52 13 89 6 33 9 9 3 69 18 2 4 91 15 14 8 58 7 77 14 83 16 67 17 60
1 68 5 37 8 36 3 51 18 42 6 34 12 28 10 97 16 39 7 97 9 96 19 7 15 32 2 20 0 66 14 10 4 85 13 21 11 64 17 50
12 3 10 26 3 28 1 8 5 14 7 71 4 79 13 79 6 68 15 68 17 48 11 68 8 10 16 41 19 89 9 11 2 51 0 5 14 53 18 45
4 19 7 27 15 61 5 67 1 56 2 92 11 10 14 78 16 58 12 34 0 42 10 69 18 10 8 85 9 31 3 64 19 58 17 20 13 23 6 56
13 49 12 38 6 50 5 17 18 30 4 79 16 4 17 6 3 26 8 28 10 7 19 65 9 17 7 85 11 21 14 33 1 53 15 49 0 82 2 78
10 66 16 47 15 14 3 42 7 70 6 24 1 1 13 80 14 1 5 50 12 47 17 60 11 89 19 90 9 73 8 88 4 41 0 77 2 78 18 42
14 37 11 20 13 92 12 54 7 89 3 50 17 84 19 15 6 59 4 29 10 18 2 93 8 31 16 23 15 39 9 24 5 63 1 42 0 29 18 24
10 56 7 84 11 55 4 35 0 22 18 16 15 28 12 69 17 49 9 66 5 89 16 47 6 56 19 57 1 27 14 5 8 15 13 64 3 76 2 35
18 69 4 28 7 10 8 93 3 80 10 18 14 75 17 71 6 55 12 44 15 1 1 76 2 46 5 67 9 57 0 29 13 56 11 15 16 6 19 44
4 78 9 52 3 71 14 47 16 49 7 88 1 99 5 85 12 41 19 24 10 3 2 57 8 68 6 88 0 26 15 5 13 85 18 94 17 71 11 65
3 75 19 9 13 84 1 96 5 6 6 16 8 67 18 14 10 61 4 9 15 97 16 92 12 28 17 7 11 73 9 48 2 85 7 85 0 34 14 34
9 38 17 75 11 52 7 90 3 75 16 15 18 59 13 34 12 86 8 67 14 52 1 48 4 54 15 7 6 10 10 66 0 99 2 44 19 69 5 5
17 78 6 60 13 32 14 46 16 69 4 19 7 64 15 6 10 71 1 70 8 27 12 43 9 20 2 64 5 59 3 77 11 6 18 62 19 35 0 88
1 94 8 41 11 39 14 69 19 76 3 86 10 13 9 23 2 43 18 8 13 55 17 96 0 77 7 5 5 63 12 9 15 91 4 82 6 87 16 70
6 90 8 43 11 92 4 95 3 34 15 50 14 71 7 22 13 83 19 16 12 82 9 4 18 60 17 45 0 49 10 48 2 11 5 21 16 20 1 25
18 33 9 19 11 52 14 40 2 10 10 99 1 84 6 90 19 86 4 77 17 88 15 67 12 23 13 2 0 12 3 63 8 33 7 67 5 3 16 93
3 69 13 90 8 4 5 60 6 16 15 47 14 98 11 54 17 31 12 52 9 58 1 40 4 68 10 9 2 91 18 53 16 84 0 97 19 37 7 89
6 93 9 56 13 98 19 41 10 31 14 8 2 4 7 56 4 88 16 33 5 18 0 12 8 21 11 87 1 79 3 78 18 18 15 5 17 79 12 64
2 55 11 94 4 26 7 52 1 84 3 44 13 12 0 8 5 76 9 6 15 25 12 58 14 91 10 48 6 37 19 19 16 5 8 76 17 26 18 29
5 85 10 41 16 64 13 27 18 21 2 64 6 3 19 44 4 95 8 70 0 38 11 39 1 74 7 70 3 48 17 73 9 56 15 44 14 41 12 35
1 34 17 77 5 40 3 16 15 47 12 46 11 59 7 27 8 90 19 22 4 79 9 60 14 48 13 55 16 60 0 45 18 25 10 35 6 39 2 57
3 6 13 64 7 30 16 10 8 29 9 91 19 49 1 36 10 83 4 58 11 81 15 11 2 87 18 94 17 69 5 50 0 55 14 29 6 42 12 4
9 13 6 67 4 12 10 5 3 18 1 82 0 2 19 16 18 32 12 49 2 35 11 71 16 26 5 5 13 21 8 13 7 38 14 27 15 10 17 79
18 26 0 75 7 81 19 97 17 30 16 36 12 36 6 44 13 53 10 31 1 94 14 35 9 53 11 36 2 76 15 57 4 22 3 1 8 72 5 50
3 20 17 3 2 14 10 1 16 42 1 93 6 63 0 19 5 16 18 23 15 11 19 57 7 42 9 84 13 5 8 78 11 26 12 42 4 23 14 66
5 66 19 43 9 22 14 37 12 24 15 93 0 5 8 20 18 20 7 59 2 18 1 51 3 69 11 88 17 94 13 83 4 71 6 45 16 33 10 72
3 86 10 12 13 4 6 11 12 99 17 25 19 81 15 89 11 14 1 98 14 31 7 16 4 38 16 39 2 80 0 37 18 82 9 24 8 49 5 96
17 42 4 69 1 31 9 13 15 3 7 69 11 88 12 57 16 80 19 83 14 13 8 13 6 80 18 76 10 99 0 77 13 86 2 36 5 26 3 4
12 87 11 46 13 76 0 38 9 11 3 80 17 78 2 12 14 13 5 52 4 84 7 77 10 23 6 30 15 4 18 21 1 46 16 54 8 23 19 18
15 86 14 63 6 72 5 76 13 25 12 66 1 89 17 49 2 49 4 90 3 62 7 21 10 55 18 39 9 15 16 25 0 97 11 50 19 59 8 90
9 89 2 15 14 32 6 64 1 5 3 92 17 23 12 44 19 6 15 59 5 32 4 82 8 84 18 6 11 89 10 76 16 47 13 51 0 46 7 25
0 21 2 66 11 3 7 76 16 76 17 89 3 42 8 50 14 18 13 12 12 94 19 23 5 56 9 45 4 61 15 44 10 3 1 69 18 66 6 88
19 79 0 42 15 20 11 74 10 33 5 47 18 93 12 58 17 34 3 52 7 75 8 78 9 90 13 31 6 74 4 19 16 77 14 52 2 65 1 58
0 62 9 37 19 80 15 65 8 9 6 6 3 10 10 34 7 15 14 98 2 36 16 57 4 94 12 85 5 13 1 50 13 35 17 5 18 7 11 34
17 80 18 2 14 18 0 11 3 99 16 65 12 48 1 23 11 39 7 43 9 47 2 52 6 73 10 75 13 59 19 80 15 40 5 60 8 14 4 94
6 95 5 8 3 83 4 56 12 11 15 22 17 48 11 70 8 86 13 24 1 92 19 49 9 23 16 86 10 2 7 56 0 83 2 39 14 54 18 45
6 37 7 92 3 75 19 27 13 63 12 77 16 58 18 16 0 18 4 91 1 18 5 36 14 40 17 64 10 2 11 58 2 93 15 92 9 10 8 22
3 13 17 44 10 33 13 77 11 8 9 69 19 85 5 62 6 30 2 55 12 67 1 89 4 88 8 64 18 31 15 18 14 79 0 93 16 66 7 75
19 97 16 83 7 17 10 56 0 54 6 11 17 37 13 33 12 96 9 70 3 82 5 92 8 71 2 93 1 76 11 21 15 99 18 1 4 95 14 53
14 56 0 4 8 29 12 15 19 61 10 61 5 50 3 80 4 71 15 68 13 3 2 64 6 43 16 5 17 3 18 75 7 35 1 5 9 25 11 93
7 66 15 75 6 7 1 24 4 37 9 77 13 68 17 32 0 58 10 61 16 35 14 25 18 99 8 29 19 57 12 96 3 21 11 4 5 16 2 9
13 54 0 47 9 47 3 44 10 72 16 1 19 6 18 17 15 26 5 37 11 80 4 71 1 38 17 25 7 30 14 68 12 7 6 70 2 62 8 65
15 62 10 43 1 81 16 81 17 99 6 94 7 15 4 1 8 25 19 15 11 62 12 77 14 19 9 5 3 6 0 29 18 21 13 28 5 67 2 30
14 37 18 20 2 93 9 76 4 4 11 5 19 60 5 65 3 11 7 92 17 77 16 82 0 48 15 70 8 21 13 88 10 60 1 45 12 94 6 24
12 72 3 4 11 11 19 87 14 45 5 76 4 21 2 25 18 4 17 62 13 71 6 22 8 54 0 39 10 26 1 98 9 30 16 28 15 78 7 39
15 83 9 9 10 74 7 40 3 66 12 71 18 72 2 50 11 10 0 96 5 49 1 90 14 77 17 43 19 15 13 92 6 94 16 64 4 20 8 73
0 92 18 26 3 68 9 33 10 33 12 49 15 28 14 38 2 76 8 45 11 28 4 9 1 30 13 73 17 67 5 24 19 57 6 73 7 99 16 50
1 63 18 89 7 26 4 24 10 65 11 82 5 65 2 51 15 63 9 7 17 38 12 64 0 10 13 86 6 19 8 35 19 22 3 41 14 31 16 11
10 50 17 5 3 24 18 33 7 35 15 26 1 26 13 34 14 4 0 36 5 56 2 30 6 68 12 61 8 58 9 72 16 14 4 40 19 31 11 73
10 56 3 53 12 68 5 85 0 85 13 24 14 37 8 3 1 37 19 73 9 8 15 81 2 82 6 6 11 35 4 43 17 99 18 91 16 56 7 33
7 69 0 88 10 56 1 42 18 11 3 74 5 47 15 24 17 37 11 81 19 58 12 36 8 74 9 70 4 89 14 33 16 37 13 20 6 8 2 57
8 68 18 41 13 86 15 42 5 42 7 34 10 98 16 96 9 23 2 79 11 38 17 98 3 72 19 18 14 64 1 96 6 43 4 33 12 58 0 63
11 36 0 8 14 22 12 51 18 62 13 8 10 34 15 16 17 4 8 31 7 54 5 60 4 35 19 92 9 35 16 44 6 15 1 86 2 74 3 6
3 97 8 86 7 55 2 92 11 37 14 68 4 86 1 19 17 80 0 8 13 89 16 25 10 60 12 52 9 63 18 44 19 87 5 18 15 61 6 49
13 10 17 75 12 34 2 29 0 3 7 44 16 13 10 26 4 10 6 73 5 28 19 80 18 44 14 23 11 88 3 76 1 2 15 52 9 88 8 34
3 37 8 82 18 12 17 27 13 58 19 6 15 74 11 22 7 78 0 17 10 1 14 96 16 66 1 89 2 48 12 5 4 3 9 16 5 66 6 71
9 7 8 2 19 28 12 37 7 45 14 75 16 64 6 22 17 84 15 95 4 31 3 57 5 14 2 98 10 42 13 44 1 60 0 85 11 39 18 7
9 61 12 7 10 86 17 55 6 10 2 11 0 23 14 61 5 98 13 18 1 8 7 7 4 91 15 52 3 75 11 67 16 6 19 48 8 50 18 83
19 85 3 81 7 10 15 39 0 2 10 21 18 89 2 61 1 33 6 75 14 40 9 49 17 3 16 44 4 71 5 83 11 22 8 3 12 40 13 26
11 3 6 24 5 23 17 77 14 37 7 7 12 50 1 59 10 37 0 80 3 95 19 35 15 57 8 73 13 15 16 55 9 53 4 53 18 56 2 14
