100 20
3 48 8 50 12 58 13 55 14 51 16 99 10 80 15 79 1 70 6 62 0 34 7 98 4 47 18 22 5 84 19 16 17 85 2 61 9 12 11 5
16 66 19 16 7 53 0 27 2 96 17 88 12 19 14 51 10 94 13 84 3 71 18 64 4 5 8 74 1 47 6 10 9 25 15 54 5 72 11 51
12 64 0 55 3 67 11 95 7 15 5 56 9 44 17 36 1 24 15 6 2 40 4 82 19 10 10 41 8 96 13 95 16 22 6 1 14 67 18 2
12 64 7 58 8 57 11 7 9 38 6 98 1 41 5 22 16 24 4 71 0 4 13 96 2 87 14 57 15 47 18 76 19 55 10 48 3 32 17 45
14 76 3 79 2 91 10 99 7 15 6 41 19 93 12 31 5 1 13 58 15 75 11 74 4 81 1 64 18 14 8 84 9 42 17 84 16 81 0 97
0 22 1 45 17 21 4 98 12 16 9 52 19 95 18 52 2 89 16 89 15 77 7 74 8 58 14 58 13 83 11 43 3 94 5 87 10 38 6 41
17 17 9 6 13 47 6 22 5 30 18 91 7 81 4 84 11 59 1 12 10 74 12 60 0 90 16 48 19 18 3 59 2 46 8 66 14 38 15 31
7 74 16 87 4 89 15 52 1 81 11 91 8 30 12 5 17 17 2 3 10 44 0 3 19 26 14 26 5 70 18 25 13 95 3 19 6 97 9 57
9 57 12 38 14 4 5 24 2 80 11 47 4 96 10 90 17 85 18 2 13 6 15 58 7 34 3 84 19 32 16 16 1 12 8 30 0 63 6 13
13 68 7 80 11 36 16 33 1 9 14 72 4 32 2 86 10 47 9 89 12 14 0 16 17 35 8 3 19 49 3 65 5 66 18 22 6 17 15 56
18 37 14 66 2 54 5 30 7 22 15 71 16 25 1 21 9 33 10 85 19 46 13 59 6 9 3 35 17 75 0 77 4 58 11 87 12 30 8 17
3 45 0 10 13 66 16 73 7 7 17 77 14 53 4 82 1 85 9 67 6 34 15 37 19 72 8 7 10 23 5 52 12 94 2 75 18 81 11 19
4 40 17 31 1 64 10 20 16 19 11 87 7 76 3 59 2 76 14 32 8 72 13 21 9 45 12 15 6 38 19 34 18 42 0 48 15 4 5 34
7 91 18 82 10 38 16 92 14 26 0 13 3 44 11 10 13 68 17 98 15 11 5 12 6 18 12 18 2 53 1 57 4 95 8 45 9 92 19 75
11 25 13 7 5 40 0 74 12 23 9 51 7 13 6 43 10 4 14 98 3 50 16 84 15 13 8 17 1 18 2 57 4 86 19 61 18 48 17 94
7 94 13 25 17 23 16 68 14 97 3 82 8 21 2 73 15 51 18 44 5 50 19 55 0 91 11 79 10 5 1 76 4 32 12 34 9 60 6 98
12 40 15 92 1 83 11 60 19 97 4 33 7 84 2 93 9 59 17 16 6 30 16 51 8 28 3 10 10 17 14 96 18 38 13 57 5 44 0 80
2 5 11 55 5 53 1 77 17 13 15 7 8 73 6 73 3 80 4 2 7 65 19 95 12 76 10 47 14 48 18 41 13 6 9 72 16 54 0 52
4 59 2 33 17 22 3 2 10 20 0 29 16 87 5 51 12 20 15 74 13 45 19 83 8 75 14 93 7 71 6 11 18 55 1 43 11 80 9 16
13 47 11 8 17 75 19 88 5 50 0 7 10 34 1 16 7 82 2 80 15 38 4 38 6 84 8 9 9 78 16 96 14 45 12 75 3 71 18 89
18 99 5 51 3 35 16 32 6 45 7 92 11 37 9 25 14 58 1 77 2 94 10 28 15 89 8 85 19 38 12 34 17 27 0 32 4 88 13 31
13 81 1 77 5 68 9 46 19 82 3 37 0 66 10 55 18 30 17 20 4 53 11 32 15 52 7 70 16 80 2 77 8 51 14 6 6 18 12 73
0 26 12 40 7 7 8 64 6 42 1 97 19 77 14 39 5 71 11 80 18 20 16 16 13 14 2 5 4 32 17 79 3 77 15 38 9 49 10 76
18 82 2 14 10 36 9 18 5 94 6 29 0 86 11 96 19 22 3 3 4 2 8 19 14 40 16 17 7 95 1 47 17 84 12 2 13 14 15 46
3 21 4 89 9 59 1 67 14 33 15 5 11 3 0 66 6 98 7 60 19 36 16 77 17 94 10 22 5 11 12 95 18 5 8 88 2 15 13 12
5 89 8 61 4 76 1 34 17 38 16 51 7 27 15 2 19 40 2 72 3 26 13 69 9 60 11 42 14 72 0 85 18 95 12 75 10 10 6 34
8 36 0 1 2 10 18 78 19 94 17 25 9 8 3 15 4 6 14 80 6 5 10 68 12 79 7 22 15 23 11 27 5 76 1 93 16 75 13 27
6 82 12 61 10 91 19 31 9 58 11 63 1 37 14 46 8 70 17 86 18 92 0 30 15 72 7 76 3 93 4 63 13 20 5 74 2 17 16 38
14 29 1 60 17 31 2 51 0 8 9 83 5 22 18 60 6 27 19 19 15 18 11 70 3 7 8 79 12 47 7 45 13 22 16 36 4 74 10 89
16 86 6 95 15 86 4 2 11 1 0 49 2 52 19 24 7 37 8 57 3 76 1 75 12 8 13 38 17 27 18 29 9 81 5 43 14 47 10 97
10 20 14 46 7 58 3 77 1 49 11 18 9 17 4 53 8 62 0 88 2 81 6 58 19 14 16 82 17 54 15 84 12 73 13 32 5 40 18 41
9 50 17 92 7 94 13 7 12 78 0 17 15 16 8 49 4 97 16 52 5 59 2 74 10 48 3 44 19 69 11 14 1 88 18 36 6 59 14 98
11 85 3 22 18 94 13 13 10 61 8 47 16 23 9 36 14 41 2 59 17 73 7 28 1 38 4 4 19 26 12 33 15 80 5 75 6 77 0 26
5 48 2 85 6 14 12 35 8 97 7 20 18 69 9 21 17 13 13 16 3 90 10 98 16 11 15 71 0 10 11 82 14 33 4 5 1 93 19 92
14 99 19 49 2 27 15 22 3 45 13 30 17 94 0 50 5 94 9 67 10 37 11 40 8 94 12 66 6 41 1 75 7 38 18 22 16 75 4 9
17 28 3 43 1 31 14 52 16 76 12 69 4 38 5 50 6 32 0 31 9 63 8 78 10 19 19 26 18 11 11 99 2 70 15 16 13 75 7 31
6 29 18 45 3 60 14 5 15 99 8 48 0 95 4 79 12 5 17 80 2 52 11 88 1 60 7 28 5 70 19 29 13 34 10 59 9 33 16 93
4 59 11 25 2 39 17 96 18 65 1 89 8 19 15 63 9 92 3 10 7 87 19 32 16 42 12 3 5 83 0 22 10 99 14 3 13 11 6 13
2 98 8 26 7 23 6 58 10 73 5 95 18 74 0 81 3 91 13 64 12 60 14 52 17 21 9 2 4 13 16 89 11 31 15 7 1 14 19 13
4 51 19 36 7 1 12 72 8 44 3 81 17 20 18 23 14 71 15 70 9 50 16 60 6 87 10 88 5 89 13 99 1 32 0 79 2 28 11 86
19 25 15 13 7 65 9 16 11 32 4 41 2 69 8 83 6 89 0 62 14 96 13 73 18 87 17 58 1 12 5 21 16 41 10 81 3 42 12 2
1 54 6 73 5 38 13 88 11 50 19 99 8 30 0 85 14 66 2 92 12 18 15 51 7 90 10 25 9 96 3 96 16 49 17 73 4 47 18 66
5 26 2 42 9 62 18 7 0 10 4 58 16 67 7 7 12 96 10 44 1 98 15 14 19 89 13 64 8 80 14 80 3 18 17 17 11 97 6 43
5 92 10 2 0 27 2 27 3 74 11 14 13 96 8 19 12 86 1 58 14 25 4 42 17 12 15 43 19 69 6 21 18 96 7 66 9 37 16 29
7 67 1 81 16 10 19 85 14 14 0 2 13 99 18 28 3 3 4 70 17 30 11 42 8 95 10 57 12 2 9 68 2 16 6 32 5 22 15 91
19 89 5 86 14 47 4 39 16 81 13 51 0 73 12 12 6 71 11 56 2 21 10 76 7 54 3 73 9 83 15 26 1 81 17 99 18 52 8 72
19 91 12 94 4 11 13 3 8 10 16 99 15 42 0 60 6 42 3 8 1 91 14 50 11 31 17 5 5 12 10 55 2 77 9 19 18 53 7 37
2 75 3 65 12 30 6 30 10 26 8 78 1 80 19 29 4 30 0 89 9 97 16 9 5 26 17 12 7 36 18 75 14 59 13 45 11 21 15 15
4 10 7 29 0 87 15 26 10 58 8 54 6 88 11 74 14 78 12 9 19 87 5 45 16 6 1 10 9 71 13 88 17 20 18 30 2 27 3 89
10 6 13 65 0 77 6 29 4 74 15 9 18 10 17 46 19 41 9 88 12 82 3 60 2 54 8 6 11 19 7 44 14 43 1 39 16 50 5 58
3 98 0 30 10 34 19 84 5 10 1 61 13 60 14 51 12 83 4 9 17 29 11 78 16 30 2 7 8 46 6 96 7 79 18 87 9 29 15 30
6 16 0 64 19 48 12 79 1 49 14 79 17 98 2 96 7 9 18 97 11 51 10 38 9 91 5 17 8 40 3 83 16 26 4 93 13 56 15 51
19 1 6 27 18 39 9 89 5 96 17 34 12 76 7 54 10 6 13 40 16 70 11 70 8 91 1 63 2 96 0 45 3 71 15 62 14 86 4 93
8 75 1 13 4 7 16 91 7 31 18 19 0 26 15 1 6 76 13 89 9 2 10 60 11 37 19 67 12 70 3 73 2 5 14 5 17 94 5 10
14 76 0 17 8 53 10 41 3 39 2 55 13 71 17 72 11 24 6 93 7 44 1 73 5 86 15 35 18 85 16 8 4 30 19 71 12 75 9 97
0 47 7 60 10 41 9 75 4 37 17 10 2 49 1 90 19 28 11 31 13 24 14 92 16 15 18 44 3 44 6 56 12 30 8 76 5 83 15 44
15 79 16 11 5 63 9 38 13 87 4 68 3 33 7 79 0 71 6 25 17 27 1 39 2 51 12 28 11 68 10 52 8 20 19 70 18 7 14 92
5 46 3 12 15 74 9 39 13 37 10 25 12 9 2 14 1 54 8 72 11 62 16 23 14 92 0 65 6 88 7 1 4 6 19 6 18 77 17 37
1 35 0 62 17 61 16 3 4 46 5 38 13 56 8 63 19 2 14 7 12 50 11 84 6 22 2 12 15 39 3 27 9 8 18 92 10 66 7 79
0 98 8 49 6 36 18 77 9 79 12 66 10 14 16 30 4 58 11 37 2 43 5 29 14 29 7 48 1 82 17 37 19 74 15 98 13 14 3 92
15 92 5 97 13 30 10 29 7 40 19 81 14 3 18 18 8 69 17 42 12 44 16 93 1 79 6 12 2 24 0 26 11 66 3 43 4 67 9 23
10 19 19 91 3 82 12 83 15 73 17 18 11 74 16 46 8 70 1 59 5 83 2 52 18 30 7 66 6 67 13 29 14 52 0 66 4 34 9 17
14 39 9 4 12 95 17 79 0 9 3 78 5 76 7 72 18 86 15 70 19 51 4 72 10 79 2 58 11 44 8 57 1 35 16 41 6 51 13 75
6 11 11 77 17 11 0 50 1 35 7 99 4 41 2 15 10 92 13 55 5 54 16 63 19 99 9 3 15 72 3 46 8 15 14 90 18 55 12 91
5 45 15 78 8 68 3 49 13 86 6 54 18 1 10 46 4 25 17 67 16 11 9 99 11 61 12 79 19 46 0 7 14 44 1 49 2 42 7 24
3 15 7 42 1 1 12 77 16 54 13 8 8 99 18 28 5 35 4 48 2 53 6 67 11 53 15 64 17 31 0 72 19 85 14 11 10 12 9 18
17 63 13 36 6 86 3 28 5 34 12 88 14 19 0 88 16 1 2 1 11 14 10 61 19 85 4 84 15 62 18 64 1 99 8 94 9 7 7 56
19 68 3 19 5 70 14 20 1 50 10 42 12 51 7 32 9 34 18 36 6 64 17 81 13 37 2 3 8 20 4 11 16 63 15 80 11 22 0 53
5 62 0 86 11 80 3 49 4 76 9 84 16 4 15 46 13 93 18 27 14 61 17 48 19 59 12 34 8 64 1 76 7 74 6 83 10 26 2 14
14 40 7 28 5 23 10 8 16 40 18 32 9 45 15 32 13 59 11 72 4 2 0 1 1 28 2 23 19 9 3 89 8 9 17 85 12 7 6 63
5 13 2 29 12 46 19 39 0 27 11 33 8 73 18 38 9 16 17 62 1 74 7 50 4 72 16 20 3 15 13 79 14 79 10 51 6 49 15 46
17 40 14 73 11 2 9 36 2 66 7 50 6 75 0 87 15 77 19 34 3 13 16 9 5 64 8 13 18 83 12 58 1 4 10 79 4 20 13 99
4 45 3 7 10 10 11 94 0 64 8 58 9 77 13 27 12 37 7 43 5 66 19 52 17 27 14 52 18 38 6 25 2 19 16 27 15 54 1 36
9 93 19 84 17 19 14 16 10 42 5 69 7 37 13 73 6 17 12 92 15 66 18 25 0 78 11 41 8 76 4 70 1 67 16 12 3 2 2 70
11 20 19 16 1 65 2 84 0 99 18 20 5 77 15 70 16 81 6 17 10 48 7 88 13 57 3 20 17 1 12 73 14 7 8 84 9 66 4 26
4 16 16 13 9 30 1 90 11 27 19 94 14 25 3 6 10 78 2 12 13 12 6 53 15 21 5 60 12 53 17 71 18 31 0 28 7 24 8 75
6 12 0 28 13 27 3 93 2 86 14 41 15 87 8 60 7 32 4 10 12 91 9 89 10 74 18 11 19 56 17 40 5 68 16 88 11 54 1 94
15 34 2 69 3 17 10 37 5 33 18 84 7 40 8 79 0 92 16 33 4 21 1 84 13 92 6 93 17 14 14 62 11 12 12 35 19 41 9 90
3 46 14 50 16 97 7 21 17 1 10 88 4 30 8 32 12 82 18 62 2 10 1 89 13 92 0 1 11 83 15 18 6 15 19 76 5 59 9 44
12 35 2 59 0 96 9 15 15 34 17 27 6 58 16 81 11 94 10 51 7 30 14 22 19 81 18 5 1 12 3 7 8 73 4 85 13 80 5 28
10 94 6 39 2 25 3 55 16 29 0 21 11 83 15 60 19 89 9 71 4 73 1 78 12 33 18 13 17 46 13 97 14 83 8 72 5 36 7 21
5 99 9 26 7 96 15 1 3 4 4 22 1 94 6 64 12 53 13 13 18 13 19 85 2 82 0 6 10 43 11 55 8 71 17 1 14 82 16 53
18 46 0 76 8 61 17 43 15 84 5 57 4 61 11 29 13 68 12 36 6 20 9 75 14 58 1 47 19 71 16 60 3 76 7 42 2 99 10 56
14 22 7 60 1 17 10 39 3 43 8 57 4 21 17 55 13 33 12 90 11 99 9 82 15 24 5 73 2 98 6 92 18 87 16 7 0 15 19 77
6 59 19 88 3 31 5 88 17 66 1 25 12 33 13 74 11 69 0 63 15 40 14 39 8 56 10 77 7 26 16 89 2 20 9 48 4 31 18 91
11 91 9 84 10 87 13 74 1 50 15 43 17 37 5 63 12 45 18 85 14 18 0 37 3 50 19 28 7 23 2 56 8 17 4 78 16 38 6 75
4 37 6 98 1 89 12 60 9 76 17 51 2 43 10 78 14 36 19 31 5 15 3 83 7 79 8 2 11 84 13 24 0 88 18 18 15 16 16 26
14 94 4 46 17 73 0 44 19 56 6 50 8 52 18 44 3 69 10 48 9 63 11 72 7 34 13 17 1 10 12 60 5 20 16 36 15 78 2 46
7 8 13 71 9 14 8 64 4 48 12 63 1 26 2 11 17 76 5 46 18 13 0 42 11 2 15 88 3 99 16 40 10 31 14 63 6 51 19 75
14 67 17 58 0 2 9 13 18 7 1 82 11 73 19 13 5 67 2 16 16 32 13 68 8 86 7 30 12 21 15 3 6 43 3 57 10 12 4 66
15 27 2 49 19 45 9 67 5 12 6 51 0 11 13 80 18 65 16 88 14 74 12 68 1 37 7 84 17 39 3 25 10 21 11 51 8 52 4 26
6 85 11 11 7 62 1 48 9 18 4 3 10 21 2 84 16 68 18 78 15 90 5 5 12 41 0 74 14 73 17 69 8 14 3 13 19 43 13 52
18 33 11 2 7 50 14 1 1 47 0 85 2 66 13 52 6 22 19 87 8 3 9 20 4 9 5 36 10 18 15 16 3 85 12 54 16 71 17 53
7 26 11 96 13 69 14 6 12 32 17 31 18 58 0 99 8 26 16 18 6 75 5 62 2 38 19 70 1 48 10 88 15 92 3 32 4 72 9 50
9 57 14 1 11 76 4 93 1 15 8 55 10 96 16 33 7 35 18 62 3 99 6 92 17 75 12 29 19 49 5 18 2 36 13 95 0 10 15 13
18 70 16 88 11 84 1 61 9 54 15 13 19 51 6 92 8 37 3 28 14 86 10 53 5 90 13 5 4 16 0 67 2 77 12 97 7 28 17 26
6 30 0 57 11 90 15 2 18 99 10 47 7 85 19 95 8 17 17 23 4 76 12 42 1 45 9 31 16 17 14 84 3 48 5 1 2 92 13 12
7 26 16 99 9 95 10 32 0 1 2 74 4 73 8 36 13 79 1 12 6 41 15 21 5 59 14 7 19 22 17 16 12 67 11 41 18 71 3 13
12 53 1 47 11 11 7 88 2 19 19 38 3 76 4 44 6 7 13 67 17 38 0 73 18 19 14 60 5 85 16 23 10 9 15 48 8 34 9 62
8 77 7 83 1 61 18 95 6 27 11 24 10 1 15 14 3 53 4 77 17 9 9 83 19 75 0 13 16 34 13 64 2 80 12 82 14 10 5 7
