100 20
10 17 8 33 9 5 2 60 4 24 6 50 12 31 19 59 13 71 17 92 18 17 0 3 1 3 3 43 16 9 14 58 15 15 11 32 5 32 7 96
6 39 17 30 11 83 19 26 5 63 16 91 9 93 1 42 12 54 13 14 10 29 7 70 3 55 0 12 2 17 4 58 15 23 8 29 14 74 18 70
4 31 13 29 1 7 12 87 18 79 9 86 8 16 11 9 15 36 14 28 5 42 2 66 7 59 3 67 19 9 0 97 17 82 10 72 6 26 16 24
17 2 9 56 6 41 18 39 11 54 2 94 13 98 7 61 5 9 1 29 19 28 12 98 0 58 15 58 10 18 14 75 3 4 16 68 8 36 4 81
1 62 13 55 11 6 4 83 7 82 18 2 3 57 2 90 8 98 6 43 17 92 12 81 10 27 16 57 9 9 19 99 15 33 5 52 14 16 0 14
15 19 2 95 6 58 3 84 18 60 8 46 5 28 17 40 9 63 16 53 0 80 12 5 13 97 11 91 10 67 19 6 4 59 7 47 14 32 1 54
9 57 15 22 1 73 11 86 4 72 5 55 2 91 12 10 6 8 16 39 14 20 0 20 3 96 19 15 8 40 10 54 17 52 13 83 18 67 7 30
9 36 11 52 6 42 4 26 10 2 16 58 13 40 2 32 8 70 12 82 19 15 18 12 17 99 5 35 14 37 3 12 15 33 0 94 1 52 7 83
12 89 8 78 14 64 17 2 15 16 9 56 16 29 0 16 2 82 18 69 5 30 1 1 7 53 6 33 19 40 10 82 13 41 3 85 11 63 4 22
6 71 9 21 11 53 5 88 12 75 13 37 10 6 2 91 8 58 18 37 15 21 17 35 7 86 4 68 14 24 19 14 3 78 1 35 0 68 16 98
6 98 3 97 2 4 15 8 13 77 7 98 8 15 10 18 14 9 9 35 0 26 12 91 16 35 17 28 19 34 4 69 18 40 5 70 1 5 11 21
5 70 12 85 18 28 8 78 3 4 19 83 6 76 7 62 0 19 16 81 11 35 14 98 9 39 1 86 10 9 4 28 2 35 15 39 17 21 13 6
3 63 1 62 4 21 6 38 2 65 19 41 18 77 17 95 14 88 13 39 15 83 5 60 9 38 12 32 10 40 7 54 0 45 16 38 8 61 11 83
13 17 5 24 0 68 12 23 3 11 18 68 14 8 10 68 8 13 1 17 6 69 7 48 9 45 17 41 19 12 11 45 2 55 4 30 16 97 15 29
0 20 17 81 4 86 7 76 14 45 2 61 10 34 15 45 3 13 1 29 19 79 9 74 5 21 16 91 13 3 11 83 8 15 18 29 6 34 12 44
2 87 3 96 10 99 12 16 16 98 5 33 8 47 0 94 13 74 17 17 7 58 9 88 6 89 15 91 18 37 11 61 4 94 19 92 14 47 1 88
8 55 9 12 12 81 4 82 6 47 16 90 11 41 2 21 15 29 3 55 10 22 19 22 18 23 0 24 14 22 13 71 7 88 1 92 5 31 17 69
6 33 10 13 17 37 1 10 19 49 12 60 0 47 11 11 3 21 18 12 7 89 8 66 14 35 5 79 13 85 16 32 9 78 4 76 2 75 15 39
7 29 16 99 13 11 17 96 3 17 1 4 0 42 6 58 15 70 10 37 9 50 14 50 11 4 4 86 19 29 18 22 2 47 8 69 12 95 5 13
13 54 16 73 10 54 2 63 5 63 6 61 8 79 7 76 0 66 18 27 3 81 14 74 15 57 9 22 4 42 17 38 1 76 12 93 11 84 19 21
5 80 12 24 16 52 6 43 9 16 13 58 4 16 0 33 8 20 19 98 3 3 17 95 1 42 15 8 11 62 7 45 2 22 10 89 14 48 18 94
4 77 14 23 10 38 3 28 11 93 6 58 17 55 19 71 16 16 7 58 2 62 15 74 12 26 0 51 13 1 18 27 9 92 8 34 1 66 5 20
9 10 0 20 2 33 18 90 12 2 5 4 1 59 15 40 17 54 8 51 19 76 3 93 4 33 6 45 10 77 7 6 11 12 13 50 14 94 16 69
13 91 17 89 16 56 19 59 4 69 9 63 18 74 3 85 6 29 5 27 7 79 15 47 11 21 0 51 12 66 10 75 1 7 2 80 8 97 14 70
4 28 8 73 9 71 11 6 1 26 10 46 13 21 12 35 19 21 3 16 15 29 16 61 18 43 17 79 7 91 14 59 5 46 0 59 2 10 6 17
17 50 10 47 13 95 8 55 1 71 12 76 16 76 3 74 18 36 15 57 5 98 11 43 14 22 2 11 19 55 9 91 4 99 7 50 0 59 6 37
8 62 15 94 7 94 18 27 11 12 16 93 9 14 4 3 6 37 10 37 3 94 17 38 1 59 12 30 19 96 2 20 13 61 14 5 0 15 5 1
6 70 12 99 14 63 4 21 13 38 1 27 3 59 17 33 8 31 18 49 16 38 15 78 10 97 0 46 2 79 11 77 9 21 7 95 19 11 5 71
17 23 12 42 0 40 10 64 6 29 16 64 2 64 5 79 8 88 18 37 14 17 1 77 4 80 15 53 19 24 13 9 11 23 7 15 3 96 9 2
19 12 17 61 10 81 5 95 9 69 11 45 4 50 15 10 18 95 3 84 7 12 14 68 12 3 13 58 1 66 6 73 16 76 8 21 2 84 0 21
1 77 2 82 9 17 19 73 17 19 5 80 4 45 0 40 6 29 14 98 3 64 18 14 7 39 15 9 10 8 13 89 16 98 12 96 11 81 8 51
9 41 8 46 7 74 6 58 18 52 2 13 1 67 17 74 0 1 4 28 16 57 12 80 10 25 5 18 14 40 11 32 15 54 3 64 19 72 13 48
15 64 4 19 0 86 12 28 3 26 9 94 16 8 2 48 17 16 6 7 7 70 1 54 19 53 13 31 10 8 8 5 18 76 5 12 11 69 14 14
8 89 18 63 0 78 11 91 2 71 12 83 19 40 5 13 7 88 9 51 10 19 13 18 15 4 3 60 6 98 16 13 4 5 1 69 17 33 14 92
18 46 0 98 4 14 15 70 12 18 16 60 10 96 8 17 1 73 11 2 19 66 7 48 9 94 17 44 14 56 3 87 6 19 2 9 5 28 13 46
18 4 13 77 15 33 0 13 8 32 6 55 2 87 9 23 5 33 11 1 19 38 7 64 12 66 17 79 16 39 4 75 3 75 1 73 10 22 14 88
6 37 18 49 14 34 15 66 1 41 12 86 4 43 13 45 17 73 8 59 9 21 7 39 3 53 0 97 2 61 19 28 11 49 5 39 10 79 16 35
13 7 10 48 18 52 17 29 9 84 15 97 2 91 14 8 1 96 8 74 19 83 12 54 7 93 11 29 16 5 3 31 4 10 0 95 5 65 6 53
11 7 0 40 18 86 5 20 7 18 3 25 14 71 9 26 15 2 2 64 4 66 17 73 16 80 10 57 19 96 1 82 8 48 13 4 12 4 6 27
0 71 11 3 15 31 18 11 17 72 10 60 16 48 5 99 6 12 12 33 19 19 4 79 13 5 2 45 14 52 7 28 8 72 3 1 9 90 1 79
14 99 15 95 16 24 4 51 3 41 0 15 11 30 8 29 7 12 1 44 18 7 17 42 5 19 12 43 19 75 9 15 10 34 6 75 13 46 2 63
13 17 15 18 5 85 7 21 2 42 11 70 9 76 19 30 6 86 12 14 18 69 14 17 16 11 10 17 4 9 0 51 17 15 3 60 1 87 8 86
1 46 15 2 10 70 17 57 12 31 16 96 7 33 9 76 8 91 4 91 5 93 11 74 2 56 0 57 18 57 6 1 3 34 14 30 19 31 13 51
19 25 18 85 9 86 4 88 15 25 14 68 1 54 10 98 0 13 5 2 6 79 7 95 11 47 3 1 17 27 12 77 13 99 2 10 16 81 8 95
10 46 18 99 16 69 12 56 1 93 5 51 14 85 13 51 9 45 15 55 19 66 6 50 3 19 11 60 7 58 2 46 8 61 17 15 4 57 0 1
19 48 10 54 3 43 15 29 0 87 17 57 16 90 11 88 5 60 9 37 1 13 7 50 14 1 2 81 12 55 6 60 8 55 13 73 18 70 4 66
10 15 16 42 1 83 15 74 7 51 17 71 13 37 0 57 11 21 3 16 12 87 4 7 9 43 19 68 6 26 14 24 5 33 18 12 2 48 8 52
15 79 4 67 2 68 18 84 7 32 14 49 9 57 11 76 0 54 12 33 8 14 16 25 19 22 6 96 3 17 17 32 1 98 10 88 13 58 5 48
19 94 14 57 18 27 15 96 5 14 3 42 10 48 6 40 11 41 8 71 7 21 1 74 9 47 2 88 17 20 0 32 12 62 4 40 16 72 13 90
0 52 14 53 10 17 7 74 16 13 4 4 6 96 5 16 13 36 15 60 9 77 19 82 3 32 1 96 8 77 11 72 18 24 17 82 2 36 12 29
2 56 3 32 18 5 8 44 15 28 5 37 4 12 10 28 0 38 11 80 17 83 7 26 19 30 1 13 14 44 12 28 9 72 6 95 16 19 13 84
13 14 6 50 3 20 14 34 18 92 9 68 7 19 10 41 5 27 0 19 15 37 1 11 4 57 11 50 17 35 16 65 12 80 19 2 2 19 8 24
18 32 12 23 15 31 3 40 13 69 17 43 14 46 1 94 16 43 7 28 5 92 19 45 9 41 4 63 8 77 10 48 6 49 11 46 0 57 2 38
13 86 6 55 10 33 15 81 3 98 17 43 19 85 5 37 1 68 0 33 8 74 2 53 16 53 4 70 11 47 12 24 14 61 18 18 9 49 7 83
3 66 4 44 13 62 0 85 5 93 17 85 10 96 1 15 15 37 8 40 18 24 7 61 12 93 19 3 6 2 2 84 14 90 11 75 16 49 9 81
5 16 14 12 6 64 19 39 2 59 1 58 15 18 3 75 12 37 16 75 7 81 0 66 17 77 13 64 8 91 4 94 10 47 18 66 9 32 11 80
13 9 4 58 8 36 17 72 2 33 6 64 9 42 19 3 0 93 12 37 3 10 11 93 5 81 10 81 15 45 1 13 7 25 18 77 14 39 16 77
0 92 11 55 9 76 14 5 3 94 12 14 4 58 19 86 13 57 7 13 10 27 5 25 1 51 17 46 2 79 6 36 15 61 16 37 8 49 18 20
14 63 9 87 10 10 6 53 15 97 13 33 0 81 18 19 7 57 3 29 12 96 19 38 5 10 11 97 17 16 16 29 8 9 2 4 4 67 1 53
1 9 8 86 15 92 7 73 2 88 3 4 19 75 0 65 16 79 13 34 4 26 14 22 6 69 18 26 11 60 9 87 10 33 12 83 17 6 5 87
19 97 9 58 11 39 7 42 14 82 12 63 1 51 16 38 2 85 5 16 15 45 4 21 6 22 13 3 18 6 8 56 17 30 3 44 10 96 0 95
9 34 7 90 13 98 6 65 10 40 2 55 5 62 19 99 18 10 16 21 3 21 15 5 4 65 12 72 14 97 1 94 11 98 17 72 0 17 8 72
4 85 14 45 7 63 11 31 2 99 0 5 12 61 18 35 3 9 16 42 15 47 8 86 10 94 13 76 9 83 6 84 17 51 5 17 19 59 1 85
9 18 2 62 15 15 12 2 18 22 5 79 8 84 19 64 0 71 14 37 11 36 1 29 6 45 16 50 7 51 17 79 4 85 3 23 10 93 13 55
8 89 1 65 12 22 19 48 11 46 10 13 9 74 18 33 16 39 2 54 6 42 3 36 14 52 13 66 0 8 17 46 5 77 15 29 4 8 7 4
1 29 19 64 7 31 3 17 2 44 13 87 4 66 10 40 12 20 0 12 8 5 11 72 16 47 6 91 14 57 5 24 15 44 17 34 18 53 9 67
12 76 15 34 2 72 0 45 11 40 14 69 18 58 10 49 13 68 16 90 6 46 5 80 8 26 1 18 19 34 7 18 4 14 17 96 3 23 9 65
15 49 4 51 14 39 16 5 0 9 17 49 7 54 8 80 1 83 10 94 12 58 19 97 5 83 6 71 2 98 11 70 3 89 9 81 13 49 18 19
0 73 4 66 7 83 17 41 5 23 15 42 2 52 9 5 13 79 14 2 1 63 18 57 3 22 11 18 10 16 16 94 12 24 6 39 19 56 8 74
2 44 13 43 19 64 15 75 0 53 11 89 17 62 4 87 12 37 9 32 10 82 16 74 18 75 7 36 1 61 14 10 8 55 5 66 6 64 3 41
11 40 19 25 2 3 13 2 18 53 8 46 3 72 1 20 6 65 16 5 7 12 12 33 14 77 0 27 10 30 9 96 17 51 5 39 4 19 15 75
17 85 8 35 1 60 4 24 3 88 11 6 5 90 19 69 9 50 12 45 18 30 6 4 15 27 10 13 2 33 7 82 14 2 13 18 16 26 0 12
2 70 15 40 7 80 0 84 3 22 8 66 5 23 12 12 14 16 11 14 4 71 1 91 13 59 10 48 19 7 18 80 17 86 6 1 9 33 16 8
1 69 10 78 7 49 14 87 5 43 6 76 4 30 19 67 9 86 8 79 11 12 13 13 12 30 18 91 15 16 17 22 0 60 2 47 3 29 16 79
1 38 2 22 19 96 4 41 13 51 6 63 11 58 10 23 14 85 0 7 5 78 3 35 7 25 16 81 9 32 18 49 12 41 8 63 15 11 17 42
2 41 17 20 13 64 9 25 10 99 7 79 4 99 0 81 5 23 15 58 1 59 3 89 8 18 14 99 19 25 11 66 18 3 6 59 12 35 16 99
4 50 3 90 13 37 19 61 18 97 6 50 7 68 16 86 5 45 0 91 1 27 14 18 9 8 17 70 8 13 2 65 10 57 12 5 15 57 11 96
14 48 16 59 5 25 11 99 17 96 13 73 3 67 18 71 9 96 1 98 12 31 4 10 8 97 10 75 6 73 19 60 15 58 2 16 0 27 7 68
13 53 9 79 16 85 17 24 2 51 10 26 6 3 15 20 19 86 1 1 11 65 14 36 8 53 12 27 18 22 7 42 5 14 4 64 0 65 3 82
9 86 13 88 16 49 10 84 1 85 0 98 3 22 7 22 14 8 19 10 5 30 11 36 6 85 17 82 2 40 18 77 4 53 8 74 15 36 12 9
17 82 15 83 12 71 2 13 3 62 1 7 11 46 16 72 19 95 6 64 18 24 10 10 13 45 7 20 0 48 9 26 8 8 5 16 4 72 14 36
17 67 11 3 5 19 14 36 9 80 16 80 2 64 7 15 13 87 0 42 3 65 15 74 4 92 19 6 18 78 6 38 12 3 8 32 10 44 1 19
15 70 14 92 1 10 9 79 3 48 0 99 16 97 5 60 2 27 6 59 4 94 7 5 18 53 11 57 19 5 10 6 12 20 13 42 17 12 8 67
3 36 4 35 1 7 9 45 11 99 13 53 15 56 14 64 10 25 19 36 5 84 0 41 7 29 8 42 17 17 6 91 2 64 16 53 18 23 12 70
0 11 15 70 12 38 5 34 6 41 16 60 7 53 10 18 4 55 13 43 3 58 19 73 11 46 14 34 8 97 1 42 17 58 2 38 9 80 18 84
13 28 14 31 19 92 5 96 1 71 2 60 18 60 9 68 3 13 11 64 7 81 4 64 6 95 0 43 12 97 15 11 10 72 17 76 16 61 8 73
15 6 14 10 7 92 9 97 16 48 19 69 4 5 3 61 2 69 10 41 0 32 8 94 18 77 17 26 12 64 6 40 5 9 1 80 13 21 11 47
9 81 1 4 0 95 5 94 17 79 8 12 13 15 16 11 4 52 11 31 7 47 12 70 15 69 3 17 10 74 18 36 6 44 2 43 14 86 19 54
9 89 3 11 12 76 5 27 17 88 7 51 4 10 6 96 11 32 13 76 1 79 2 51 8 63 15 43 0 16 10 18 14 77 18 38 16 91 19 76
8 80 15 41 3 97 17 60 9 60 0 79 14 15 4 41 2 61 5 86 16 40 1 63 12 67 19 57 13 85 6 59 11 16 18 80 10 19 7 89
16 16 3 77 19 61 15 79 12 72 8 46 5 39 1 85 0 93 18 55 14 38 4 66 2 61 9 84 13 86 11 16 10 23 7 77 17 10 6 55
6 96 3 55 2 92 1 38 14 24 15 57 4 58 13 35 12 5 18 25 7 90 11 3 10 35 19 89 8 45 17 12 16 20 5 15 9 29 0 9
9 47 4 23 12 30 3 15 15 81 7 96 19 74 16 75 14 18 5 80 8 65 2 32 13 26 10 68 6 25 11 44 18 8 17 15 0 79 1 51
17 80 6 80 5 88 7 21 11 86 10 50 8 7 1 47 12 75 0 8 13 49 14 16 19 90 15 89 16 96 9 20 2 69 3 89 18 41 4 64
1 73 2 22 14 60 12 17 9 76 11 94 8 22 13 88 15 29 17 35 3 77 7 36 18 49 16 67 10 76 4 46 19 93 5 39 6 58 0 41
1 45 15 58 13 17 16 83 2 41 10 87 11 49 6 13 3 55 18 18 14 17 12 77 19 92 5 4 7 99 17 53 8 91 4 15 0 38 9 72
10 39 12 67 17 91 14 16 4 69 6 99 11 47 15 70 7 5 9 22 1 8 3 32 8 82 5 62 13 38 19 72 18 18 0 56 16 10 2 90
14 93 1 37 0 31 9 39 7 8 2 46 13 58 10 53 17 3 11 39 5 79 12 2 8 50 19 25 4 21 16 33 15 62 3 48 18 54 6 44
12 18 14 62 10 74 18 28 9 94 13 89 2 18 17 15 16 13 3 65 19 96 4 26 6 99 1 25 0 39 11 89 15 26 7 21 5 48 8 47
5 64 15 65 10 69 12 92 7 30 2 76 19 20 8 34 0 69 17 91 14 71 13 39 3 79 11 93 4 49 1 35 6 51 9 92 16 39 18 92
