100 20
9 12 0 86 10 34 11 12 15 2 17 94 6 77 1 16 8 80 3 57 12 3 4 13 18 53 7 70 16 43 19 15 13 40 14 85 5 8 2 64
3 70 10 36 0 84 15 27 17 76 8 5 14 51 2 66 5 69 1 11 18 76 12 4 13 20 11 8 9 97 16 50 7 54 4 47 19 63 6 22
7 40 19 54 16 85 10 92 15 71 4 58 1 46 14 52 18 57 6 92 17 99 9 88 3 72 0 3 12 43 5 76 13 40 2 66 11 85 8 48
1 22 15 61 9 29 2 22 16 60 13 38 0 55 3 93 17 92 7 50 10 21 6 81 14 32 11 68 8 12 19 65 12 46 18 88 5 18 4 5
13 14 1 46 4 57 8 11 2 36 14 84 6 58 18 89 5 64 12 61 10 30 17 42 19 30 0 65 9 19 11 81 3 95 15 27 16 44 7 74
11 65 16 40 6 94 8 21 18 87 2 44 10 45 19 34 17 67 12 19 14 21 0 84 5 65 13 56 1 78 15 23 4 53 7 82 9 34 3 26
8 65 5 12 19 2 1 62 18 67 14 50 4 21 15 30 7 63 6 83 0 67 17 67 3 93 16 83 13 27 9 32 11 61 2 74 12 45 10 52
10 55 3 90 2 5 8 4 0 40 6 67 7 63 13 25 1 69 14 45 12 34 15 43 9 95 11 36 19 42 18 26 5 19 4 63 17 80 16 62
12 33 1 90 3 87 5 28 7 78 10 44 17 50 18 28 19 20 6 14 15 7 9 5 16 57 0 62 4 7 13 78 14 57 8 59 2 3 11 48
10 70 12 81 9 1 4 44 11 19 8 51 3 35 1 33 7 89 2 24 19 52 0 38 16 36 5 45 17 34 14 31 18 36 13 95 15 93 6 37
1 23 9 73 16 65 4 69 0 50 14 70 19 59 6 72 17 2 11 13 2 36 18 13 15 51 8 94 5 8 7 91 13 32 10 38 12 53 3 58
7 74 3 14 4 75 0 17 13 40 14 43 11 16 17 38 2 94 18 63 5 85 8 73 1 88 9 27 16 52 10 19 12 34 19 28 15 81 6 37
14 10 11 20 0 2 16 78 6 25 8 81 12 16 9 86 1 81 4 53 15 9 13 41 19 43 2 45 7 91 10 65 17 73 18 85 5 96 3 32
16 63 11 40 0 56 12 75 3 61 18 98 17 11 15 24 19 41 7 33 10 61 6 77 2 90 1 89 4 19 9 30 8 83 14 96 13 79 5 87
13 19 9 15 8 85 10 37 17 42 0 92 16 4 2 51 5 72 1 31 19 88 15 88 4 77 12 60 6 72 7 78 18 32 14 30 11 23 3 13
19 27 7 76 16 58 8 48 17 78 5 2 0 8 3 18 11 36 15 93 10 67 14 22 4 30 18 75 9 9 6 74 12 57 2 9 13 47 1 12
0 89 6 57 3 39 18 67 4 68 8 46 19 52 10 52 16 56 15 61 14 98 1 56 7 9 11 85 9 49 17 60 12 9 2 17 13 16 5 98
15 89 17 81 14 6 16 52 3 54 2 49 0 25 5 58 12 41 1 34 10 51 19 8 4 24 6 93 11 78 8 80 13 52 7 88 9 10 18 15
2 45 18 23 13 89 17 66 15 97 10 38 12 15 7 93 4 37 16 35 9 33 1 88 5 68 8 97 19 69 14 48 6 47 0 22 11 3 3 87
5 7 0 75 17 9 11 39 3 63 1 11 18 83 7 73 15 59 19 14 6 13 14 25 16 24 9 54 10 1 13 95 4 81 12 31 2 79 8 88
0 41 14 30 17 51 1 13 12 18 2 47 11 84 6 90 13 26 16 67 5 78 4 59 15 28 18 55 3 18 9 94 10 80 7 71 19 72 8 59
7 53 11 19 1 41 8 75 4 63 6 72 17 47 19 32 18 90 9 65 3 48 5 51 13 79 15 34 0 38 10 73 14 43 2 71 12 51 16 90
18 86 3 67 14 58 7 38 5 57 4 50 12 94 11 36 17 18 2 2 1 37 16 6 15 47 6 57 19 73 10 62 13 99 9 17 0 68 8 68
0 91 12 3 3 62 16 23 6 88 8 24 2 35 1 58 7 51 18 17 11 59 14 67 9 31 15 5 17 35 5 82 4 74 10 6 13 46 19 22
0 62 14 99 16 47 11 30 10 68 17 85 5 34 7 80 1 18 12 24 4 40 6 72 18 17 13 95 2 45 8 26 3 56 19 44 15 21 9 97
6 91 11 38 16 43 1 49 17 99 14 4 8 23 2 54 18 42 19 9 15 47 7 8 10 3 5 37 4 58 3 70 9 77 0 86 13 74 12 7
5 47 13 41 8 68 11 72 4 3 15 93 9 37 19 72 6 70 0 43 2 28 14 85 17 46 3 46 16 76 12 27 1 12 18 83 7 58 10 39
14 71 15 33 12 33 1 94 2 31 19 48 7 40 4 8 3 45 16 79 8 34 10 9 6 42 5 5 9 65 11 75 0 97 17 93 18 65 13 45
2 8 17 21 11 70 10 93 9 29 1 90 15 9 12 89 19 39 8 28 18 35 4 15 3 25 13 10 16 16 6 36 5 54 14 89 0 74 7 48
18 42 4 23 14 52 9 31 8 27 17 77 5 93 16 84 12 12 13 19 7 98 2 2 19 74 0 27 11 51 15 15 3 64 6 35 1 47 10 18
0 81 9 32 14 36 1 28 5 45 19 73 17 80 6 97 2 4 13 88 15 41 7 96 11 64 10 56 8 99 12 10 4 37 16 53 3 15 18 6
8 31 14 33 0 57 1 37 19 11 5 6 18 60 10 61 4 7 13 6 6 31 9 18 12 8 16 8 17 2 11 16 3 76 2 42 15 87 7 95
14 53 3 32 18 2 16 37 12 35 0 8 2 49 11 78 8 1 9 81 7 60 5 26 1 23 6 82 19 41 15 88 10 45 13 66 17 58 4 80
19 38 13 32 7 29 17 93 10 74 6 84 16 92 1 57 11 12 15 47 18 67 12 88 5 82 14 19 8 67 0 49 9 77 2 63 4 86 3 14
16 56 11 48 5 50 3 54 15 37 13 40 14 53 1 86 12 6 18 5 2 70 7 62 10 72 9 81 8 45 17 98 0 50 6 43 4 27 19 33
15 96 6 99 12 1 9 6 19 39 0 54 7 82 11 16 17 14 18 92 4 29 1 68 10 46 3 66 14 8 8 89 16 19 2 4 13 71 5 79
3 5 11 98 9 23 15 69 17 95 12 56 4 73 16 45 0 54 6 79 14 72 7 50 18 5 13 97 8 3 5 30 19 36 10 10 2 47 1 11
15 2 8 30 3 26 4 66 12 90 11 7 19 24 17 26 2 75 5 49 18 31 6 3 1 84 10 9 13 95 14 67 0 9 7 55 9 83 16 61
11 67 0 99 8 4 9 62 15 96 10 66 12 56 17 3 5 88 1 57 4 97 13 79 7 14 19 28 18 41 14 53 6 89 3 97 16 52 2 7
4 84 11 62 6 73 9 37 19 10 15 45 17 77 8 26 2 98 3 73 18 95 7 63 14 86 12 60 13 77 10 54 1 86 0 85 5 13 16 43
0 44 4 72 8 58 14 3 13 31 10 38 6 89 18 85 15 31 12 10 9 98 2 44 19 24 5 20 16 22 3 86 11 41 7 78 1 20 17 91
0 51 17 73 12 21 11 48 8 97 15 56 10 8 9 8 1 45 16 13 6 21 2 54 19 34 3 99 18 7 4 92 5 43 14 31 13 31 7 76
16 71 13 94 8 15 2 88 9 71 14 28 11 21 6 73 19 27 17 79 7 28 0 73 12 90 10 33 3 5 1 47 5 1 18 54 15 46 4 39
19 7 17 74 18 26 7 56 8 43 5 21 0 27 11 32 13 30 6 95 16 45 9 48 4 78 2 86 12 4 1 20 14 88 10 65 15 8 3 13
2 4 10 1 7 65 17 5 12 21 8 76 18 80 13 77 11 56 3 8 5 84 6 39 15 81 1 94 4 99 9 62 19 51 0 98 16 81 14 76
10 82 15 62 5 51 19 40 0 17 8 64 18 1 1 86 16 42 9 22 11 92 14 41 3 46 13 62 7 85 12 61 2 22 4 22 6 71 17 64
13 14 4 29 16 15 19 29 9 84 7 67 6 84 8 6 17 92 14 75 11 46 3 6 18 86 0 93 10 75 5 44 1 2 15 37 2 38 12 9
0 53 14 98 4 70 19 24 6 38 9 78 10 88 5 45 13 71 2 33 18 7 11 90 3 50 8 71 15 27 1 6 16 34 7 94 17 37 12 89
9 69 7 2 0 18 2 96 17 56 8 50 6 92 10 5 14 46 15 47 16 31 12 8 1 96 11 27 5 89 18 74 13 22 19 43 3 47 4 12
0 84 5 11 18 29 16 38 6 20 14 22 11 27 12 37 17 81 3 84 1 54 15 21 7 31 8 52 10 73 4 38 19 73 2 3 13 77 9 17
12 51 19 70 6 7 10 6 17 63 5 70 0 82 3 88 4 90 8 86 13 16 2 86 16 47 11 12 7 50 14 96 9 47 15 29 1 40 18 68
17 91 0 13 8 71 16 67 2 36 13 96 6 25 3 87 11 51 15 60 9 19 19 57 4 85 10 54 1 56 14 51 7 7 12 12 5 27 18 85
17 57 4 72 2 36 5 41 18 86 16 77 10 81 3 42 7 81 14 22 9 10 11 25 6 88 0 85 8 22 13 66 15 70 12 68 19 35 1 27
2 13 14 51 17 92 11 8 8 43 7 69 3 45 19 64 13 5 1 71 0 78 15 50 4 93 12 55 16 28 6 5 9 99 5 91 18 11 10 8
17 70 16 57 2 9 8 58 11 12 14 25 5 84 7 39 18 95 10 93 13 56 19 46 0 82 12 99 6 79 4 92 1 95 9 55 3 42 15 92
8 8 2 44 1 22 6 28 10 84 5 99 14 50 13 26 18 38 9 67 3 14 16 83 19 88 17 82 15 23 0 44 11 29 4 51 7 92 12 8
9 80 14 53 2 81 3 98 8 16 5 20 4 35 13 9 15 4 6 71 12 1 0 26 17 55 10 78 1 29 18 99 16 66 7 19 19 65 11 57
2 94 0 6 4 56 8 23 16 35 5 12 19 62 10 78 9 45 17 32 15 80 6 44 7 63 3 34 13 96 12 60 11 65 18 65 1 29 14 53
1 28 2 77 13 2 0 39 9 33 4 59 8 76 18 90 19 65 12 75 6 33 10 55 15 78 3 85 16 69 7 5 17 92 11 43 5 92 14 88
15 92 12 6 6 78 5 97 7 59 11 11 0 11 19 77 3 85 16 68 9 19 18 48 10 71 13 33 14 93 4 84 2 60 8 57 1 61 17 13
16 73 11 57 0 43 15 55 7 81 18 16 17 37 3 17 6 72 13 19 1 44 5 15 8 21 14 2 19 15 2 76 10 8 4 27 12 65 9 16
4 30 8 56 16 36 12 54 2 94 19 15 11 38 15 84 9 14 1 28 14 39 13 28 7 71 3 42 17 96 18 38 6 85 10 52 5 5 0 44
5 32 19 8 4 1 9 58 12 72 16 56 10 43 7 16 17 28 1 88 8 3 11 85 15 87 6 30 13 11 14 36 18 69 0 47 3 32 2 46
0 45 8 34 6 89 7 55 13 82 19 50 4 92 12 15 15 11 5 1 18 99 3 57 9 44 11 50 16 79 10 31 17 23 1 38 2 95 14 91
15 49 4 6 13 61 3 6 14 39 17 50 18 52 7 51 2 74 10 28 16 51 6 37 1 64 19 20 12 11 0 86 9 20 8 74 11 74 5 78
3 55 18 20 19 49 13 86 0 16 9 49 10 57 6 82 5 89 15 55 2 63 4 52 7 16 8 53 14 80 17 70 11 97 16 89 12 44 1 45
2 80 6 6 14 86 19 91 5 39 18 97 4 74 11 20 15 93 16 11 12 91 3 48 7 42 9 79 1 17 10 51 0 16 13 65 17 90 8 91
14 77 5 85 10 36 15 71 16 88 11 57 12 75 0 20 8 31 9 51 3 78 17 15 13 33 4 81 2 56 18 66 7 35 1 84 6 33 19 71
11 62 5 6 0 42 17 31 12 84 19 62 16 97 3 28 9 16 8 90 2 72 10 17 15 55 7 37 4 46 1 33 6 27 14 11 18 2 13 32
0 8 9 98 2 86 3 41 7 89 17 69 15 61 10 51 6 67 8 14 12 57 19 60 5 71 13 31 11 24 18 80 14 98 1 1 4 64 16 6
5 34 12 66 7 88 18 51 13 92 3 36 1 21 19 5 8 57 11 79 17 52 6 62 14 52 0 6 15 91 9 76 4 50 2 29 10 80 16 98
5 32 13 73 9 53 12 69 4 91 19 64 1 10 10 86 16 59 8 15 3 21 0 49 15 79 6 40 7 57 18 42 11 94 14 33 17 83 2 73
13 60 6 12 0 78 16 42 9 13 19 1 5 69 12 1 7 71 14 94 10 84 3 21 11 85 18 37 4 90 1 1 17 61 2 93 8 14 15 42
18 5 0 23 9 49 10 35 7 96 17 78 13 40 3 1 4 11 16 49 6 21 2 52 1 69 19 69 11 16 12 92 14 5 5 38 15 52 8 64
17 65 14 67 12 32 7 22 19 21 6 71 9 20 0 22 4 2 18 22 10 88 3 19 5 43 11 16 1 83 8 90 2 14 15 92 16 41 13 49
15 1 16 7 6 42 13 59 0 87 11 86 7 22 5 72 12 97 14 14 9 96 18 64 17 83 1 85 10 42 4 61 3 58 19 89 8 67 2 19
4 60 12 95 17 70 19 89 2 92 3 61 16 54 10 69 1 3 13 28 7 63 15 62 8 51 0 25 6 12 5 10 9 26 18 53 11 63 14 71
6 76 9 98 15 82 3 34 0 18 18 70 8 59 17 27 1 58 11 99 12 33 4 79 14 35 16 87 19 5 7 66 2 46 13 70 5 6 10 8
7 83 8 87 17 34 13 86 18 29 19 28 9 28 16 6 3 71 10 65 4 3 1 21 0 28 11 98 6 11 5 11 2 28 14 84 15 7 12 3
10 61 11 94 15 73 19 94 17 65 13 89 4 76 5 1 8 54 1 63 2 85 3 84 12 48 9 15 16 95 7 23 14 52 6 31 18 31 0 8
13 85 11 39 18 58 5 78 14 36 4 96 1 57 19 54 9 22 10 87 16 59 3 62 0 48 12 35 8 54 2 83 15 6 6 27 17 59 7 65
5 87 11 66 1 37 13 82 8 57 9 84 0 10 16 78 10 7 3 66 17 10 15 91 19 67 4 3 18 17 14 55 2 9 12 59 6 20 7 17
16 77 9 74 11 97 2 29 8 79 12 73 17 46 14 40 4 16 19 20 6 47 5 49 3 61 18 99 10 99 0 11 15 80 7 49 13 81 1 35
12 4 2 71 13 87 3 10 4 86 7 59 0 84 18 84 16 89 14 19 11 57 10 16 17 88 19 88 5 15 1 2 15 47 9 30 6 24 8 87
18 6 7 64 5 39 4 36 14 56 9 17 16 59 10 69 3 21 2 1 8 67 12 53 6 96 11 22 17 43 1 23 15 4 19 52 13 4 0 39
7 85 5 1 16 57 19 36 12 74 17 35 11 62 10 82 4 86 13 15 8 51 15 2 3 41 9 54 14 73 2 51 1 35 0 32 18 41 6 76
18 47 6 29 1 2 5 71 13 50 4 16 0 70 10 98 15 99 17 66 7 26 16 96 11 13 9 32 14 17 8 42 19 88 2 69 12 21 3 48
11 83 2 95 13 12 14 53 4 7 8 19 3 35 6 38 9 35 0 11 12 68 1 36 16 54 5 59 18 86 7 16 10 40 17 61 15 4 19 83
13 90 14 5 15 60 16 23 6 61 4 43 0 76 2 69 9 78 12 86 7 64 11 39 10 79 17 5 1 50 18 99 8 77 3 25 5 44 19 70
8 55 3 12 11 20 14 26 1 17 2 79 5 42 10 59 0 62 17 56 12 24 4 22 9 70 18 43 19 58 7 4 6 64 16 55 13 11 15 47
15 73 1 68 7 87 9 96 6 61 13 24 14 98 11 59 0 1 17 20 19 4 8 83 5 86 16 24 18 66 3 28 10 49 4 61 12 43 2 38
19 81 3 63 5 39 17 80 13 22 0 27 8 65 16 9 7 46 12 88 14 19 2 6 10 83 4 40 15 89 9 54 1 19 18 33 6 1 11 72
12 91 16 22 4 50 19 93 7 5 9 58 15 26 1 94 0 10 11 27 8 26 3 95 5 79 17 76 13 11 2 16 18 93 6 76 14 11 10 86
16 9 9 93 13 19 15 70 4 72 10 43 8 46 7 62 19 80 17 48 14 30 11 82 1 59 12 74 5 69 0 86 18 67 2 56 6 54 3 57
10 5 7 18 5 15 3 24 1 70 11 10 16 55 8 22 13 93 15 70 14 84 4 15 19 3 2 93 6 67 12 47 18 5 9 23 17 66 0 66
0 20 6 4 4 68 17 22 11 76 16 66 12 95 1 64 14 93 9 76 8 26 13 54 3 4 18 2 5 28 2 85 19 31 10 47 15 37 7 46
9 70 2 10 5 26 1 48 18 5 12 71 6 25 8 54 16 67 15 99 13 28 17 34 0 79 7 80 11 6 3 63 19 72 10 46 4 23 14 62
16 74 19 84 18 18 14 6 12 30 8 36 9 5 3 13 13 87 1 45 15 78 11 35 0 9 4 45 10 32 6 8 5 79 2 8 17 3 7 59
3 10 16 96 2 62 5 73 14 90 4 2 13 94 19 42 18 15 12 76 15 56 9 55 0 24 17 43 10 66 1 42 8 74 6 83 7 18 11 48
7 23 0 14 9 3 2 66 3 28 13 46 12 57 18 31 11 96 4 49 1 32 15 59 6 84 5 29 14 74 8 90 10 45 19 5 16 47 17 74
