100 20
5 42 8 91 12 53 1 21 19 81 9 54 7 95 15 92 10 34 2 28 17 95 4 16 14 1 16 34 13 20 18 21 11 93 6 69 0 25 3 41
4 15 14 99 17 77 19 59 3 61 16 60 13 95 1 8 10 88 12 78 9 20 18 62 11 95 7 33 6 17 15 77 0 61 5 84 2 78 8 72
11 38 10 62 8 48 1 72 19 28 18 3 12 39 14 59 16 12 0 1 15 31 13 38 6 86 9 15 17 13 7 69 2 48 5 2 3 63 4 98
13 67 6 98 16 28 2 24 15 89 5 79 3 38 7 97 4 11 10 99 11 6 0 48 8 16 12 72 17 95 14 6 9 82 1 86 18 5 19 13
12 42 16 6 5 65 1 55 2 76 15 22 4 16 9 32 19 84 11 88 10 48 14 50 7 10 17 51 6 58 18 95 0 71 13 9 3 49 8 69
3 82 18 16 11 8 7 57 6 70 1 34 16 67 13 56 14 41 10 91 12 85 17 23 15 39 8 37 2 63 5 17 19 99 0 2 9 60 4 95
5 45 18 66 16 73 13 7 11 61 17 19 3 11 4 16 10 53 7 88 14 13 8 39 9 17 1 28 19 51 0 61 12 75 2 15 6 74 15 39
19 69 0 16 12 5 7 56 11 41 15 67 8 63 17 49 1 81 9 12 18 46 3 34 2 40 16 13 14 52 6 73 5 98 13 96 4 77 10 14
5 81 0 34 12 99 16 68 8 99 14 63 17 77 6 44 3 18 19 26 11 18 13 99 9 71 2 57 18 19 1 27 10 58 15 53 7 27 4 14
0 53 12 3 16 71 8 86 4 69 13 76 6 47 7 93 9 35 18 38 19 19 3 32 2 73 1 68 14 1 10 95 17 51 5 37 11 17 15 11
18 74 16 5 1 8 7 25 13 25 2 52 6 26 10 78 3 60 4 49 14 37 19 77 17 23 12 4 8 56 15 30 11 91 0 93 9 14 5 41
5 2 10 88 7 46 8 32 4 51 19 46 11 37 3 48 15 45 2 80 13 23 9 53 1 64 17 88 12 77 0 57 18 92 16 68 6 18 14 43
6 10 11 48 9 32 2 15 19 18 4 14 15 44 16 57 14 59 3 30 0 9 17 59 7 99 1 79 13 19 8 28 12 50 10 47 5 88 18 53
11 28 15 29 6 76 3 44 12 97 4 1 0 78 19 21 2 94 18 2 9 58 10 91 5 59 16 31 8 66 7 30 1 40 17 45 13 89 14 67
1 26 17 39 18 66 13 26 6 40 2 4 16 50 11 20 14 56 4 23 8 74 15 7 9 61 0 4 19 2 12 24 10 26 5 4 3 56 7 77
3 45 8 73 19 30 11 1 9 19 6 33 12 14 1 92 17 73 13 27 7 56 5 49 14 8 4 85 2 99 18 15 0 39 10 22 15 77 16 43
19 64 12 57 16 52 11 82 5 16 2 85 8 81 18 72 1 86 10 16 3 70 0 7 15 25 6 62 7 79 14 3 17 27 9 13 13 61 4 62
12 1 1 9 6 98 17 96 0 55 13 93 5 55 7 45 14 40 3 32 15 86 10 44 11 76 18 26 16 11 19 36 9 54 2 6 4 73 8 42
1 94 5 12 17 15 9 92 7 2 4 58 18 14 14 10 15 59 8 65 6 73 2 35 13 71 3 63 16 57 0 79 19 67 10 89 12 53 11 16
19 91 0 35 4 95 13 8 15 35 18 37 3 27 10 24 7 86 5 75 2 50 11 95 12 41 16 41 8 56 17 14 14 26 1 67 9 41 6 61
11 91 15 77 7 78 19 90 0 15 5 55 3 51 14 42 1 67 8 66 6 67 2 83 13 79 18 13 9 67 12 89 16 19 17 55 10 85 4 26
12 71 13 59 4 79 1 97 17 59 16 21 18 20 11 11 19 40 10 61 7 67 3 24 9 33 14 71 8 92 15 85 5 35 2 4 0 63 6 35
4 23 2 14 10 59 16 18 12 44 6 69 11 16 7 16 0 78 8 38 1 75 9 51 18 33 14 3 19 26 17 50 5 82 15 60 3 1 13 82
5 75 13 66 3 96 11 96 18 94 16 92 19 5 0 28 15 62 10 20 17 68 8 98 6 8 9 75 4 18 12 58 2 53 7 9 14 9 1 58
4 50 18 20 3 18 1 5 12 64 9 6 17 62 5 88 6 12 11 22 16 55 14 30 7 78 15 45 13 40 2 58 10 72 19 72 0 55 8 79
9 73 11 35 10 80 15 97 14 13 16 62 0 15 17 82 1 77 2 88 12 52 19 24 7 72 18 32 13 9 8 64 3 85 4 1 6 29 5 52
12 28 18 7 1 18 8 67 6 37 17 75 4 19 2 56 19 63 9 90 16 6 13 55 10 92 11 42 14 41 5 33 7 46 3 10 0 2 15 7
6 29 8 60 9 62 14 19 17 94 4 13 1 54 10 58 15 91 5 80 2 56 13 58 11 62 12 96 3 40 7 2 0 14 19 48 16 32 18 91
12 79 17 72 9 87 4 50 14 51 2 14 0 42 13 27 11 85 10 23 8 85 1 99 3 90 18 23 6 86 16 61 15 34 19 53 5 73 7 73
10 89 11 47 12 52 16 2 7 43 6 39 1 72 15 69 8 91 0 32 19 14 3 93 18 73 2 91 5 14 13 71 9 43 17 51 14 64 4 97
9 42 2 43 13 95 8 66 0 77 19 27 1 53 16 42 15 39 3 31 4 2 10 61 12 67 14 46 17 43 5 10 11 93 6 27 18 90 7 7
4 41 15 68 14 3 1 99 3 76 9 92 0 81 8 89 10 64 16 35 6 72 19 61 13 61 11 70 12 78 17 54 18 7 5 20 2 49 7 92
11 7 1 28 17 24 12 92 13 7 15 51 18 82 8 78 19 32 16 36 0 22 4 58 6 73 10 46 7 73 3 93 9 63 2 42 5 61 14 64
17 96 9 51 7 91 6 31 3 59 15 85 16 52 8 12 2 33 19 83 14 83 18 56 5 37 10 69 13 5 4 97 11 45 0 70 12 25 1 21
4 27 1 83 7 85 15 16 11 55 2 86 14 13 13 33 6 47 16 76 19 63 18 84 17 69 12 76 8 75 10 45 0 7 5 57 9 17 3 19
18 10 5 69 13 59 4 81 3 65 9 58 11 14 15 84 8 71 17 45 10 40 2 44 0 18 19 81 6 93 1 86 12 14 16 4 14 47 7 60
1 83 6 74 18 48 11 59 12 34 9 14 17 30 4 44 13 31 3 24 2 87 7 97 0 49 15 70 8 81 10 86 16 94 14 15 19 83 5 2
17 60 3 10 13 82 12 43 11 21 6 94 4 31 9 49 5 19 19 3 16 72 2 37 7 65 18 37 10 45 0 97 1 23 8 65 15 10 14 61
14 17 6 19 18 27 9 43 17 39 13 47 7 3 0 73 16 36 1 50 8 20 4 24 15 68 5 67 10 77 11 59 2 66 19 97 12 98 3 81
9 66 15 20 14 41 0 29 13 15 7 71 5 39 3 29 12 77 19 77 4 57 11 74 16 35 10 59 2 83 18 18 17 18 1 44 6 31 8 44
17 36 5 80 6 29 3 75 14 94 7 15 12 18 2 52 8 13 9 71 0 22 19 36 11 24 15 78 13 42 4 52 18 10 1 75 10 58 16 11
14 59 8 95 0 79 1 5 17 35 13 17 16 57 18 38 10 29 6 97 12 82 3 26 19 92 7 41 4 16 2 5 11 34 9 30 15 36 5 51
2 5 16 82 12 22 19 54 18 38 4 54 5 34 8 87 6 31 11 62 7 56 9 8 0 71 15 96 14 94 1 64 17 66 10 43 13 99 3 38
18 8 6 64 7 52 19 46 13 95 14 40 10 30 8 66 15 40 4 92 1 65 3 7 16 93 9 20 11 75 12 48 17 65 5 58 2 41 0 25
2 30 5 96 7 76 6 16 19 33 4 80 15 19 17 62 18 84 3 72 0 61 11 62 10 84 1 54 14 98 12 28 8 20 16 37 13 44 9 69
16 74 2 78 17 41 15 93 6 2 10 25 14 13 13 26 7 50 8 18 11 70 0 17 5 18 1 67 18 50 12 52 4 98 19 4 3 27 9 68
11 63 5 63 17 93 19 78 15 24 4 21 1 1 6 28 9 80 14 26 10 74 8 98 13 55 0 83 12 44 16 11 3 47 2 75 7 59 18 74
17 96 12 19 2 83 19 74 7 71 4 33 14 75 13 7 1 97 3 43 9 75 10 78 18 44 16 53 6 85 15 22 5 23 0 3 11 5 8 51
15 86 8 56 10 94 16 75 1 93 4 15 5 21 9 12 19 45 0 26 13 15 7 62 11 13 3 3 17 86 14 96 12 99 6 10 18 55 2 20
15 7 12 34 4 68 14 42 2 18 8 64 16 75 0 63 1 39 18 18 3 48 13 5 17 83 10 91 19 91 5 12 9 87 6 40 11 72 7 95
13 48 3 13 8 67 19 84 17 74 16 54 4 28 11 25 6 43 0 68 5 36 18 50 2 87 1 97 9 73 14 99 7 3 12 38 15 45 10 59
19 30 1 30 5 8 7 75 15 14 2 93 18 78 13 13 10 72 6 86 0 52 4 91 16 20 12 96 8 15 11 55 14 91 17 56 9 68 3 55
10 32 12 81 18 89 3 47 4 98 1 34 19 41 9 1 5 88 6 56 15 12 13 40 0 65 8 32 14 26 11 65 17 29 2 55 16 79 7 1
12 28 0 67 2 18 4 42 19 58 13 20 6 89 16 37 7 99 15 72 17 37 9 48 18 90 14 38 11 58 10 14 3 51 8 87 5 76 1 27
3 47 9 77 4 88 5 58 17 95 1 27 13 37 15 4 12 56 11 98 14 28 8 49 7 43 0 77 10 95 6 42 19 48 18 50 2 77 16 92
13 56 2 49 16 3 5 52 3 37 18 20 14 67 1 46 6 83 7 53 8 98 0 6 4 94 11 2 10 85 12 6 9 92 15 65 17 75 19 47
10 75 17 95 14 58 3 70 15 76 1 2 11 99 8 49 0 18 6 46 19 64 2 41 13 76 7 82 16 84 12 51 18 89 9 76 4 92 5 34
3 31 7 57 2 58 13 75 1 58 12 6 0 24 8 60 16 26 19 94 17 20 6 96 9 63 15 26 14 67 10 8 11 75 18 44 4 9 5 53
19 95 9 15 11 35 7 16 2 43 17 28 18 12 12 61 14 91 16 37 8 33 1 6 15 17 0 65 4 49 5 23 13 76 10 87 3 44 6 1
18 61 16 15 3 9 19 70 0 89 13 75 8 14 4 73 11 97 17 86 9 13 2 45 14 66 7 15 10 65 15 76 1 41 5 72 6 12 12 13
6 34 17 51 15 82 19 35 9 35 10 33 2 64 0 68 3 28 14 14 18 34 1 15 11 3 4 99 13 45 8 19 7 35 5 9 16 39 12 87
12 57 13 72 5 57 2 58 10 49 14 57 15 99 1 32 4 11 19 65 17 2 7 3 16 29 18 62 9 79 8 43 11 98 0 15 3 96 6 61
12 50 5 23 3 53 15 40 19 85 11 4 14 74 4 75 0 89 9 35 13 48 6 7 1 76 16 64 7 86 2 76 10 11 8 43 18 88 17 55
16 14 8 1 6 76 3 76 5 36 17 17 4 59 10 6 15 9 12 60 11 3 18 21 7 51 2 86 9 98 19 71 14 49 1 94 0 65 13 10
13 65 3 56 15 84 0 82 8 58 2 41 10 56 19 35 12 84 14 37 4 38 11 49 7 25 18 26 1 30 16 19 6 43 9 91 17 23 5 23
7 98 3 89 17 63 19 7 15 20 1 43 16 96 6 76 11 73 12 89 9 84 0 20 18 93 13 97 10 76 2 47 14 68 8 49 5 90 4 23
18 61 6 6 19 22 10 86 1 25 5 57 9 28 11 53 15 14 0 3 7 6 2 8 16 16 17 78 8 7 13 46 4 41 12 31 3 17 14 36
6 34 2 71 10 23 1 47 7 53 4 93 12 51 8 34 0 36 15 84 3 91 16 18 17 96 9 57 18 17 19 12 14 67 13 16 5 65 11 14
6 31 9 24 15 34 3 67 7 6 4 25 13 55 12 20 16 3 17 70 11 9 2 82 0 54 14 71 19 38 1 19 10 90 18 37 5 7 8 97
8 13 6 57 4 19 9 68 11 27 1 64 12 44 17 65 14 70 16 6 15 96 18 86 2 67 7 8 3 81 0 23 10 41 13 17 5 14 19 98
8 76 0 55 19 64 7 16 1 72 11 36 12 95 3 26 10 83 15 45 13 79 9 48 17 14 14 85 6 62 4 57 2 30 5 48 18 50 16 72
9 74 19 16 10 80 7 17 16 12 14 23 6 70 11 47 13 15 18 84 15 38 2 48 0 87 17 74 3 56 8 73 5 13 4 27 1 59 12 54
11 86 18 35 12 54 8 33 14 71 13 35 4 34 0 64 15 74 6 61 3 92 17 6 1 91 10 36 5 48 19 81 7 14 2 58 9 65 16 45
0 41 14 46 10 16 15 36 12 61 18 51 17 61 4 7 1 7 2 35 9 13 3 89 19 37 5 53 7 22 13 66 6 46 16 17 8 65 11 35
11 40 17 94 13 18 10 42 19 24 14 58 0 79 5 19 1 85 9 36 15 36 6 77 3 31 7 29 18 45 2 41 4 93 12 40 16 21 8 2
16 76 0 92 4 84 2 87 5 65 9 50 10 30 19 60 13 41 8 54 1 10 7 49 6 52 14 60 11 14 3 67 17 65 15 67 18 2 12 55
6 48 12 60 2 20 5 92 7 50 9 63 8 36 3 12 18 18 14 83 0 60 1 84 16 71 10 3 13 63 11 51 19 98 4 39 17 58 15 82
16 20 11 7 2 18 12 42 19 97 0 91 17 98 10 55 14 27 3 24 6 28 18 62 1 49 7 16 9 26 4 97 15 71 13 81 5 72 8 99
15 66 2 74 14 27 0 24 16 64 18 55 4 96 11 96 1 96 10 5 3 77 7 68 5 16 13 23 9 85 6 11 19 17 12 68 17 75 8 58
6 89 12 31 0 75 2 69 17 75 9 69 5 34 1 17 13 28 16 64 3 45 10 78 4 49 18 36 14 46 11 6 15 46 7 87 8 67 19 18
8 86 10 86 4 97 7 17 3 56 14 25 16 37 6 48 13 8 18 33 1 3 17 32 11 38 15 24 0 75 5 31 12 57 2 31 9 89 19 18
14 68 9 76 4 60 5 33 7 70 8 60 12 86 19 12 16 62 15 8 10 86 18 84 11 80 1 50 17 26 3 40 2 46 13 27 0 27 6 15
12 84 15 68 14 93 5 69 16 48 6 57 1 70 13 31 8 56 4 96 19 31 10 17 17 55 7 46 9 40 11 43 0 22 18 60 3 69 2 44
13 16 1 79 9 54 4 57 0 43 12 35 10 53 8 60 15 91 19 13 6 30 11 66 7 5 14 7 3 97 16 55 17 20 18 60 2 31 5 91
10 61 2 48 14 83 5 67 18 29 13 19 7 18 15 14 9 78 0 86 11 53 4 40 17 71 3 3 19 2 1 48 16 31 12 56 8 8 6 70
1 8 3 30 6 93 18 94 9 20 17 9 16 57 13 20 2 30 11 45 7 81 0 2 14 85 5 7 8 43 19 19 15 21 10 99 12 17 4 60
16 94 8 80 11 58 4 86 13 17 5 37 18 45 19 52 6 2 14 66 0 80 15 73 9 92 1 81 7 82 12 16 2 66 10 42 3 15 17 54
18 78 1 26 15 77 8 52 14 54 19 41 0 82 9 29 6 71 13 80 16 38 7 28 17 45 2 61 12 28 4 36 3 37 5 33 10 89 11 77
7 32 8 48 5 61 13 21 15 18 4 47 1 90 9 6 6 26 0 3 2 78 16 85 3 92 17 16 14 12 10 82 12 82 18 17 11 98 19 87
10 60 14 18 2 58 7 78 4 17 11 81 5 20 9 43 3 67 15 73 8 89 1 78 18 17 13 68 12 2 19 41 17 38 6 78 16 20 0 73
17 54 19 74 10 98 2 31 8 22 14 21 9 72 13 77 18 12 5 33 11 24 6 83 0 2 3 41 15 81 7 66 16 78 12 92 4 65 1 40
2 49 14 90 0 75 19 58 17 43 12 70 6 62 18 83 4 73 15 78 5 9 1 20 10 49 7 71 8 29 13 76 16 59 11 19 9 33 3 74
4 52 8 75 6 73 17 67 15 65 9 47 12 4 1 28 11 37 13 35 5 1 3 18 19 64 14 85 2 96 10 49 7 29 16 6 0 3 18 34
19 88 17 69 18 18 12 30 10 13 11 74 15 32 3 85 13 81 4 81 2 97 9 24 5 70 7 24 8 66 6 28 14 78 16 26 0 53 1 34
8 76 6 92 5 82 7 67 19 80 15 20 0 64 9 71 12 49 4 88 17 31 13 88 14 11 18 9 1 54 10 65 16 94 11 98 3 42 2 57
12 94 9 48 18 61 19 17 13 31 17 95 8 50 6 95 7 11 1 59 11 32 14 79 5 78 0 34 10 37 15 71 4 82 3 57 2 2 16 20
9 85 16 5 19 12 18 63 10 25 8 44 15 39 6 15 14 89 4 75 11 74 13 11 0 53 1 48 3 35 5 91 17 53 2 63 12 84 7 54
3 90 16 12 8 64 19 30 14 36 18 51 10 53 2 19 0 18 6 10 11 85 1 82 5 78 17 54 13 4 15 4 12 97 9 82 4 86 7 9
6 79 18 57 0 65 5 93 4 94 7 67 9 99 11 65 3 13 17 74 10 33 13 49 2 29 14 49 12 32 15 81 16 85 1 82 8 62 19 79
7 98 18 12 16 27 0 18 15 74 1 4 12 48 13 90 14 57 2 98 10 46 6 81 19 15 4 96 8 85 17 98 11 14 5 93 3 19 9 73
