100 20
13 48 0 49 5 55 3 87 12 21 1 29 16 79 19 10 18 7 11 72 4 93 15 66 2 39 9 83 14 42 6 30 8 27 17 61 10 98 7 30
14 80 5 13 1 60 6 70 4 80 9 19 12 65 11 5 7 19 8 63 17 41 3 29 2 47 0 88 18 60 19 97 10 27 15 59 13 93 16 56
5 42 19 17 11 74 9 17 17 38 1 82 8 81 16 20 18 7 3 87 2 42 6 71 7 89 12 70 0 55 10 30 13 89 4 73 14 57 15 27
1 58 7 2 18 66 19 30 16 27 11 38 4 63 17 69 15 13 6 72 5 62 14 11 10 30 8 51 9 74 2 93 13 21 0 95 3 75 12 98
11 13 16 79 9 31 10 46 15 10 8 70 12 99 6 35 14 94 17 34 13 26 3 78 1 57 7 71 0 24 2 23 19 78 18 73 5 3 4 10
2 87 3 83 7 37 13 14 10 60 11 97 1 71 17 59 16 31 14 6 18 11 12 12 5 99 0 66 6 86 15 88 4 22 9 32 8 58 19 11
2 41 12 83 9 41 16 15 3 87 1 1 6 15 15 7 5 71 10 78 8 54 19 8 18 74 13 36 7 77 17 15 0 22 4 94 14 44 11 5
9 94 16 41 1 7 8 50 17 77 10 5 13 21 19 58 15 21 5 10 0 1 12 71 18 69 6 18 3 35 7 33 4 29 11 94 14 28 2 50
18 38 14 31 15 43 13 73 6 70 16 97 0 76 4 72 3 60 10 8 11 7 17 54 1 92 19 68 7 94 2 72 8 46 12 95 5 85 9 2
3 44 7 71 2 4 10 66 19 50 15 35 14 5 12 25 8 47 5 88 9 47 17 76 4 30 16 2 1 58 6 38 11 83 0 18 13 72 18 49
2 74 14 5 19 63 5 71 9 35 16 95 6 21 15 90 7 49 0 65 3 26 13 4 17 77 11 70 10 83 18 10 12 82 4 65 8 17 1 65
6 18 13 5 15 3 14 71 3 8 4 55 2 4 7 23 12 45 8 26 16 60 18 91 17 17 9 78 1 41 0 7 5 65 11 83 10 81 19 88
0 20 9 39 16 94 10 26 18 90 13 83 6 76 3 36 19 48 2 15 17 37 5 61 8 72 14 56 4 24 15 32 11 4 7 28 12 3 1 70
5 98 12 84 18 54 13 38 19 89 15 88 7 62 10 8 14 98 17 51 2 72 4 52 9 70 0 27 3 44 6 32 1 37 11 4 16 7 8 62
10 98 6 84 17 30 8 6 5 24 9 51 18 38 19 86 4 84 13 40 14 63 7 21 12 85 15 60 11 70 16 88 1 78 3 91 0 7 2 11
3 99 1 12 12 38 15 67 11 36 17 36 19 65 7 8 8 1 18 74 14 73 16 35 0 49 2 17 4 52 9 12 5 9 6 55 10 77 13 92
10 90 11 20 13 61 16 61 14 38 0 63 15 49 18 81 1 73 8 47 19 69 3 4 7 67 12 64 6 34 4 50 17 79 2 73 5 18 9 29
0 11 16 52 6 18 11 13 2 98 10 16 14 3 8 42 15 44 13 85 9 6 19 7 7 95 3 9 12 29 17 94 5 79 18 13 4 89 1 46
12 93 2 20 9 22 11 42 19 65 16 12 13 28 5 27 18 76 15 76 1 25 7 53 0 71 4 97 17 17 14 50 10 2 8 2 6 28 3 46
18 89 13 8 15 8 2 75 4 75 9 49 17 35 6 11 8 51 10 53 5 2 14 10 7 37 19 36 16 87 3 82 1 9 0 9 12 66 11 63
2 98 8 93 16 76 15 66 14 10 5 94 13 37 12 28 3 65 4 51 6 30 7 48 10 21 9 94 17 16 18 80 11 89 0 9 19 10 1 19
12 1 19 16 9 62 18 17 0 33 13 79 16 16 10 78 11 62 2 64 3 50 15 23 8 20 6 67 14 15 4 68 17 30 1 38 5 84 7 45
17 37 12 20 15 98 5 19 13 75 18 69 1 46 8 56 2 5 3 44 14 10 11 90 6 35 9 48 10 99 7 37 4 83 19 85 0 84 16 81
18 5 19 66 16 71 8 18 15 31 9 88 3 36 4 98 12 9 11 11 14 89 6 65 2 6 13 81 0 35 7 74 1 29 17 94 10 40 5 89
14 12 11 69 7 60 4 56 17 68 10 69 13 75 15 40 19 32 16 34 3 94 12 93 9 28 8 80 5 56 1 42 6 54 18 29 2 66 0 19
13 45 3 26 1 15 17 88 12 24 2 18 14 44 19 53 15 95 9 28 18 98 4 32 0 7 8 5 6 72 5 3 10 17 16 47 11 75 7 48
3 89 11 35 12 95 17 64 19 44 10 69 4 31 9 18 0 92 14 35 8 71 15 61 7 1 1 60 13 85 16 19 18 10 2 38 5 63 6 85
3 81 12 18 5 76 6 38 17 37 16 66 18 86 14 43 19 54 7 78 15 8 0 5 8 64 4 45 9 71 10 33 13 89 2 41 1 21 11 18
6 28 11 78 18 63 15 10 13 61 17 63 2 52 8 5 12 38 14 63 3 16 5 77 9 79 7 81 19 97 10 23 4 46 1 79 16 11 0 32
5 41 12 42 13 80 10 19 19 34 4 21 11 13 16 40 1 2 3 31 18 29 14 61 15 41 7 28 9 87 8 56 17 5 2 29 0 39 6 41
1 26 10 86 8 49 0 10 2 38 12 58 15 77 18 9 3 8 9 74 16 13 17 29 13 90 6 13 11 44 14 59 4 66 7 95 5 11 19 69
8 31 1 79 9 92 15 5 4 67 10 90 3 7 5 85 0 48 12 16 13 4 14 45 17 37 6 35 11 80 2 98 18 9 16 6 19 16 7 6
14 26 12 66 1 40 15 34 19 16 4 11 7 46 13 29 5 3 0 31 8 37 9 44 17 29 3 90 10 55 18 78 6 40 2 67 11 39 16 99
10 6 7 3 6 62 3 34 15 90 18 72 0 59 4 33 19 87 8 91 2 5 9 83 17 3 12 39 13 65 14 68 16 12 1 69 11 38 5 66
15 33 6 25 4 28 14 88 2 51 13 84 7 69 19 56 1 2 17 92 18 1 3 34 12 77 16 87 10 30 5 78 9 44 0 4 11 90 8 4
11 74 13 85 16 19 2 38 12 24 18 55 5 36 10 86 19 43 14 21 9 6 1 62 17 52 6 74 15 9 0 38 8 41 3 69 7 38 4 11
19 77 12 90 0 40 15 37 5 65 16 46 6 37 18 57 9 49 8 88 11 7 10 30 4 92 3 93 2 41 17 32 13 88 1 88 14 93 7 49
19 52 14 58 0 66 11 44 5 35 6 20 4 1 2 77 13 92 7 29 3 73 16 79 18 96 15 18 17 85 1 56 12 95 10 76 8 68 9 56
18 18 1 47 11 97 6 34 0 53 13 26 9 20 19 33 2 51 7 93 5 62 4 54 8 17 15 4 17 59 10 10 12 23 3 40 14 68 16 30
6 2 2 19 8 30 0 76 9 15 14 22 12 89 10 47 11 74 15 25 7 7 18 42 5 25 3 16 16 60 19 23 4 89 13 39 17 41 1 75
5 48 10 11 6 3 13 48 2 33 16 99 0 23 14 8 7 20 4 48 1 90 17 50 18 58 19 62 11 46 3 69 15 87 8 65 12 13 9 82
19 41 12 18 3 55 4 51 5 80 0 2 7 8 17 38 9 85 6 76 11 62 16 41 2 11 8 11 13 22 14 13 10 94 15 96 1 52 18 55
2 14 19 98 17 60 13 83 14 39 4 76 9 28 10 43 1 62 7 97 16 33 15 71 0 18 8 83 18 72 12 15 5 90 6 85 11 47 3 6
10 8 14 25 4 99 17 95 6 41 19 78 1 49 5 54 7 42 12 27 9 94 2 43 11 3 0 43 3 12 16 85 8 50 15 17 13 90 18 90
1 31 8 24 19 61 4 74 15 10 13 73 3 18 17 65 14 49 12 12 2 78 11 62 6 45 0 48 10 57 16 96 7 72 18 72 5 31 9 56
11 80 9 10 13 85 19 50 1 47 7 7 0 10 12 17 15 87 4 85 17 15 5 30 2 68 3 68 10 64 6 94 16 42 8 85 14 47 18 33
13 22 19 86 15 9 10 70 9 47 5 79 2 37 16 47 12 82 14 1 3 96 17 24 6 1 8 17 18 7 7 64 0 28 1 44 4 53 11 29
11 41 1 64 8 34 2 35 13 77 3 36 4 86 0 5 9 70 19 36 16 22 5 24 10 92 17 59 14 73 12 37 15 19 7 44 6 24 18 73
1 71 7 37 4 51 10 69 5 19 13 42 0 72 3 6 2 3 17 13 9 6 11 66 18 47 16 36 14 22 15 73 6 35 8 83 19 99 12 60
5 75 8 73 19 30 16 19 9 10 2 3 10 9 6 28 4 6 11 16 0 64 7 67 18 16 1 86 12 84 15 90 13 15 14 54 17 66 3 93
11 33 2 24 5 97 8 55 10 2 19 78 18 52 12 89 15 13 9 98 6 13 0 83 4 74 3 9 13 14 17 49 16 29 14 16 7 99 1 44
6 35 9 85 12 29 17 28 15 21 16 2 4 88 0 54 18 27 5 70 8 94 10 84 1 53 11 30 14 55 3 21 7 95 19 11 13 89 2 43
10 95 9 96 1 83 5 65 3 2 15 57 16 92 0 11 11 5 12 19 18 78 17 66 4 91 2 31 8 88 6 22 13 32 14 38 19 21 7 45
3 52 18 46 4 16 9 83 14 75 15 12 8 53 11 9 6 73 10 71 17 58 12 9 19 74 16 96 2 84 7 78 0 74 13 57 1 55 5 17
5 29 2 84 7 76 0 58 9 6 3 2 11 82 4 6 14 51 8 29 10 8 18 15 17 40 15 50 16 49 19 97 13 21 12 78 6 83 1 10
19 61 15 83 17 56 12 78 6 34 14 66 16 61 0 19 8 66 10 34 18 62 5 78 4 90 7 64 1 12 2 20 11 24 3 79 9 69 13 27
12 79 0 22 14 39 3 44 17 28 9 69 8 32 1 8 11 75 5 88 16 52 13 17 6 65 10 33 4 42 7 31 15 36 18 45 19 67 2 76
13 77 18 74 2 7 17 72 14 64 8 92 5 94 10 64 9 97 6 3 4 43 0 85 11 99 16 66 15 89 7 47 12 34 3 40 19 28 1 31
12 13 0 86 5 71 8 64 6 85 14 73 1 36 7 43 4 84 11 95 18 3 10 59 9 1 3 96 2 26 15 20 16 36 13 33 17 2 19 32
3 35 8 75 12 84 18 99 4 95 11 6 0 33 6 9 19 48 5 79 13 73 15 33 2 20 10 42 17 11 14 1 7 34 16 28 9 85 1 53
1 54 14 28 5 32 10 31 8 2 17 3 11 24 4 65 13 73 6 15 3 48 16 56 2 48 7 91 19 17 12 8 9 65 15 37 0 39 18 72
3 30 5 6 9 20 7 23 19 50 15 55 2 21 1 91 4 73 10 69 8 98 17 91 16 94 14 99 6 6 12 50 11 19 18 96 13 70 0 25
2 41 5 91 7 68 1 77 9 1 16 55 10 75 18 26 0 36 12 20 15 34 8 11 3 26 6 8 19 35 11 88 17 32 13 69 14 66 4 76
9 65 10 60 2 36 0 58 13 58 8 34 5 73 11 56 17 94 18 13 1 7 7 40 14 43 3 67 16 44 12 29 19 84 15 71 4 15 6 28
4 47 19 21 8 55 5 87 14 72 3 39 7 38 10 57 16 57 9 11 0 59 2 25 17 69 15 72 12 49 1 45 18 83 11 84 6 99 13 86
0 98 1 46 17 36 16 8 12 43 14 70 19 68 15 10 5 36 11 30 6 45 4 55 9 3 13 75 10 95 2 19 3 62 8 74 18 11 7 48
19 96 1 38 16 86 14 28 4 26 12 32 13 89 18 55 0 51 5 55 6 24 8 15 3 85 15 59 10 15 17 71 11 88 7 66 2 44 9 85
19 93 14 45 11 70 2 19 10 14 13 49 9 60 15 79 6 56 8 48 17 64 18 9 3 91 16 77 7 88 12 34 1 54 4 79 5 95 0 63
17 71 12 87 3 97 10 62 8 97 14 58 9 77 15 95 13 8 5 6 7 93 6 7 16 17 4 32 0 59 1 54 18 46 11 60 2 94 19 90
1 36 5 34 12 99 16 65 7 97 10 31 19 30 4 41 8 37 11 64 18 38 13 61 15 8 6 33 2 95 0 25 17 65 3 36 9 63 14 9
9 91 16 71 5 20 17 2 8 85 7 4 11 99 1 38 2 62 19 33 14 2 0 80 15 95 18 50 3 63 13 10 6 17 12 71 4 29 10 90
6 4 18 3 2 49 8 96 14 56 19 59 12 1 10 70 3 94 1 89 9 80 5 23 7 3 13 13 15 25 0 38 16 16 4 87 11 55 17 86
11 61 16 80 5 50 9 87 12 22 7 38 8 87 0 34 17 43 18 48 14 93 1 57 10 83 2 13 13 29 3 64 19 46 4 61 6 89 15 95
18 95 6 52 17 20 12 81 14 5 16 78 8 5 4 56 9 26 13 85 11 31 3 37 2 85 19 42 1 42 10 87 0 14 15 87 7 32 5 19
13 66 14 36 16 81 19 66 1 44 8 38 0 11 11 50 18 82 3 69 15 21 9 76 2 2 10 72 17 13 4 49 5 6 6 13 12 33 7 55
18 50 12 12 8 97 13 4 17 35 6 26 14 68 15 26 10 42 7 70 5 33 0 4 11 63 2 4 4 72 3 98 19 28 16 82 1 3 9 10
17 72 13 51 19 60 5 47 14 22 6 20 8 92 18 23 12 96 15 21 2 57 9 27 7 94 11 17 3 29 10 17 1 85 4 19 16 44 0 73
3 74 11 8 16 71 1 8 13 92 9 65 12 40 10 37 7 16 8 23 19 92 18 53 6 43 4 9 17 99 14 78 0 49 2 95 5 5 15 21
18 61 4 77 14 23 0 70 5 73 15 9 17 52 11 41 19 46 6 69 10 42 3 10 2 8 1 35 12 86 7 88 13 32 9 91 8 38 16 78
16 29 15 23 17 2 14 3 2 57 8 49 0 33 11 12 19 9 9 1 5 98 12 88 6 87 3 7 7 31 10 64 18 10 4 76 13 49 1 50
10 89 11 51 3 68 16 56 12 91 8 4 17 24 15 78 9 79 7 7 1 38 19 6 13 96 6 61 2 77 5 57 18 71 14 81 0 74 4 75
2 63 18 21 19 24 15 85 8 82 7 37 12 39 14 84 6 80 0 89 17 8 5 41 10 52 1 69 11 18 13 9 4 41 3 35 16 4 9 63
10 47 6 5 15 85 18 99 3 1 1 14 2 65 19 13 4 11 12 68 9 18 7 96 8 64 5 62 14 20 11 27 16 81 13 8 0 22 17 83
6 36 18 88 4 16 0 50 1 70 15 46 9 22 8 61 17 42 16 6 19 76 5 95 3 71 7 41 13 92 11 50 2 61 14 75 10 31 12 70
7 47 15 74 17 52 11 67 13 3 10 14 19 87 3 83 6 71 4 47 0 82 14 89 1 84 9 97 12 76 5 90 18 99 8 17 16 93 2 22
7 36 19 40 3 11 17 58 5 61 18 99 14 34 12 74 11 1 13 32 0 97 10 64 8 84 9 63 6 43 2 1 1 23 15 23 16 24 4 63
10 57 18 33 15 30 8 59 5 88 12 68 17 37 13 76 3 84 11 30 1 73 6 38 2 50 0 29 7 51 16 10 9 28 19 38 4 83 14 75
18 11 7 91 8 43 4 87 17 95 5 15 19 63 9 61 13 43 16 39 3 19 14 22 11 5 2 63 6 58 12 5 15 1 10 31 0 53 1 9
11 66 12 10 6 95 13 74 0 20 19 63 14 76 16 39 10 35 4 35 9 67 18 87 17 25 3 45 15 2 5 90 8 54 7 70 2 45 1 71
1 61 6 73 2 44 19 86 0 73 17 50 10 63 12 7 15 31 13 23 4 67 14 23 7 44 8 52 16 1 3 25 9 14 5 77 18 12 11 10
17 33 11 12 18 32 7 82 14 95 15 25 12 60 13 98 6 21 1 3 10 64 5 3 16 68 4 16 3 63 9 20 2 45 8 63 19 89 0 41
13 98 8 62 19 34 9 52 5 99 17 57 1 63 12 22 15 55 16 25 3 38 7 26 0 64 6 47 11 80 2 63 14 43 10 29 4 76 18 52
2 25 3 58 9 5 12 67 7 16 0 96 4 67 17 66 14 98 15 22 10 84 6 52 8 97 5 42 1 37 18 72 13 39 11 99 16 58 19 61
11 50 18 44 17 1 12 14 4 71 0 34 8 79 6 45 19 94 10 83 3 90 9 70 5 11 13 72 14 49 2 3 7 53 1 55 15 98 16 26
2 67 7 27 3 19 15 35 14 8 8 48 16 85 5 61 19 74 6 38 1 62 10 55 4 14 0 40 12 49 17 27 9 44 11 97 18 36 13 66
7 84 9 86 2 72 12 35 8 90 0 45 19 98 14 95 4 67 18 88 1 33 15 19 16 27 5 7 13 3 17 16 3 77 10 75 6 2 11 40
13 41 4 64 8 48 17 31 5 72 19 5 3 93 18 84 7 88 11 51 12 14 2 81 10 76 6 25 0 70 9 36 1 27 15 82 14 51 16 17
11 69 15 59 17 63 6 18 18 42 5 84 0 16 3 56 4 65 1 67 14 11 8 55 16 33 10 91 12 11 2 72 19 71 9 30 13 6 7 69
2 77 0 47 7 35 12 49 16 69 17 77 18 69 11 24 3 58 19 11 1 18 6 5 15 96 4 82 13 77 14 87 8 62 9 33 5 92 10 45
9 95 19 52 12 17 11 55 8 65 6 33 2 13 1 77 7 46 15 72 5 77 13 37 16 5 4 88 14 68 3 95 18 41 10 46 0 27 17 31
