100 20
1 5 19 63 13 33 16 13 17 38 0 55 12 18 4 31 14 64 18 6 6 44 3 84 10 71 5 88 11 37 2 98 7 6 9 41 15 71 8 84
15 73 13 19 6 70 4 27 14 45 10 21 9 79 17 80 2 76 12 50 0 80 3 21 5 88 18 90 8 98 7 81 19 52 11 31 1 29 16 33
2 20 1 85 12 57 19 85 16 62 14 59 15 30 8 87 13 14 3 64 4 77 0 34 17 40 7 28 6 79 10 78 18 85 5 15 11 3 9 73
0 13 12 88 2 8 16 83 19 30 6 45 5 73 8 23 10 11 14 9 11 53 18 76 13 84 7 31 17 19 9 61 15 52 1 40 3 77 4 44
2 14 19 29 6 43 11 40 1 8 16 35 17 4 15 37 10 69 7 43 9 2 8 33 18 26 3 8 4 5 13 28 14 85 0 66 12 5 5 37
19 58 16 53 14 24 18 11 12 16 3 93 15 9 6 62 4 98 1 91 17 86 10 71 9 63 11 4 13 3 0 92 7 38 5 47 2 64 8 38
17 38 10 38 4 36 6 96 15 53 9 96 2 92 16 71 18 88 0 39 7 15 12 39 1 84 13 76 11 76 19 72 3 63 14 54 5 71 8 37
15 70 5 86 1 73 19 28 9 1 8 93 11 57 18 36 12 32 17 33 10 19 2 11 6 12 16 16 0 57 14 14 4 65 13 36 3 55 7 70
18 84 13 88 11 71 6 98 15 31 3 83 19 58 14 8 4 64 12 30 0 95 7 97 16 12 1 10 17 93 2 9 10 38 9 41 5 68 8 51
19 35 6 83 14 7 7 51 10 97 13 10 9 3 0 7 5 20 1 67 16 55 18 51 17 12 12 24 11 15 8 5 4 97 2 21 3 35 15 50
0 95 10 31 13 28 19 68 17 76 2 79 15 26 9 39 1 95 6 51 4 74 3 67 5 10 7 67 16 63 14 48 8 85 11 40 12 92 18 78
14 78 7 58 6 43 17 57 15 15 4 51 0 38 12 53 1 93 3 67 10 69 9 12 19 49 13 85 16 4 2 31 5 95 8 71 18 68 11 46
12 93 18 79 0 67 7 87 17 17 11 57 2 36 8 29 3 3 10 26 14 65 1 52 9 21 6 29 13 7 4 20 15 27 5 95 16 12 19 86
19 6 10 30 4 68 15 85 11 79 0 67 2 59 13 66 12 26 1 9 14 23 3 25 5 77 16 29 6 79 17 9 8 95 9 3 18 78 7 96
11 50 17 69 14 5 12 68 19 3 4 10 7 88 13 26 0 12 6 43 2 92 18 64 15 49 10 8 5 53 1 43 3 67 8 92 16 37 9 36
15 76 5 9 9 81 13 33 1 39 14 6 10 92 11 75 0 35 6 19 18 65 16 29 8 17 12 40 2 40 4 61 17 75 3 70 19 22 7 9
18 34 19 93 11 42 10 16 14 79 16 63 6 35 3 84 5 75 8 55 13 67 2 93 1 4 17 64 15 99 4 10 12 91 0 97 7 42 9 55
17 55 10 43 19 54 3 1 14 16 15 30 4 59 2 21 0 80 7 20 9 53 8 84 12 27 13 37 18 41 1 37 6 25 5 23 11 27 16 5
3 24 16 16 14 37 2 94 19 73 8 68 13 46 12 14 11 46 1 51 18 31 17 64 7 7 15 51 0 96 10 79 9 20 4 50 5 32 6 73
9 76 1 56 12 21 8 51 11 94 7 99 19 39 0 43 14 31 2 83 5 21 10 13 3 67 16 90 15 51 18 17 17 16 6 37 4 84 13 44
4 62 14 70 11 54 2 37 19 36 12 38 7 39 5 66 18 53 1 20 15 49 6 8 17 13 13 2 9 1 10 1 8 99 0 64 16 95 3 64
12 57 7 52 5 59 8 61 1 38 19 27 10 98 15 46 4 93 14 85 13 41 0 90 6 36 3 86 17 79 2 16 9 2 18 43 11 49 16 83
3 94 1 2 10 69 12 83 13 85 16 39 9 53 4 91 14 54 2 42 18 5 7 70 19 82 11 61 6 76 5 50 0 67 8 47 17 76 15 24
2 96 11 52 8 75 6 41 15 18 5 60 0 43 9 62 4 68 13 7 19 96 14 1 3 92 17 62 1 27 12 77 10 28 18 88 7 27 16 73
2 92 12 52 0 27 13 22 3 33 4 22 14 97 10 46 18 90 15 75 6 73 5 83 9 35 7 33 19 53 8 93 16 73 11 67 1 13 17 84
17 56 8 52 14 4 12 77 5 62 2 43 0 79 9 17 15 98 4 61 16 40 18 87 3 84 10 33 6 3 1 92 7 66 13 86 11 45 19 77
16 1 8 7 0 16 4 31 15 35 14 1 5 1 19 60 1 91 7 23 12 37 10 68 13 8 18 49 11 27 17 64 6 77 9 70 2 67 3 98
15 29 6 45 12 38 11 12 9 42 10 66 4 98 3 98 2 71 1 67 14 45 5 75 16 22 0 85 7 76 17 89 8 57 19 17 18 51 13 23
14 2 12 31 9 89 3 12 10 9 16 15 4 13 1 85 5 65 8 93 19 16 18 76 13 76 0 37 15 50 7 85 6 18 17 79 2 97 11 68
19 94 12 20 8 84 5 53 11 86 14 31 4 85 18 28 9 40 0 21 17 8 7 93 3 13 6 57 15 32 16 51 2 30 10 54 13 92 1 52
10 77 8 51 15 17 6 12 0 90 19 89 17 20 16 51 11 70 9 14 7 18 5 11 2 39 13 73 18 20 1 37 3 79 14 64 12 85 4 2
16 96 10 91 1 16 19 44 2 32 11 7 0 43 3 63 9 93 14 48 17 57 5 81 8 43 12 22 15 38 18 89 13 13 4 44 7 35 6 31
0 42 12 14 16 19 1 82 13 25 14 33 2 16 11 53 5 11 4 73 10 5 18 99 6 61 9 36 17 31 15 54 7 23 19 37 8 95 3 93
0 71 13 96 5 97 6 26 1 67 12 57 11 35 17 57 7 83 16 30 14 88 10 27 19 66 4 8 8 3 18 62 15 42 3 22 2 87 9 78
19 1 8 1 6 87 9 83 1 59 4 75 15 39 13 70 11 35 16 3 14 52 12 23 2 58 7 56 0 56 10 81 17 12 5 24 3 79 18 56
9 29 16 90 19 83 8 18 18 42 14 58 17 57 1 55 0 73 10 93 13 41 15 28 6 53 11 82 5 59 3 51 7 99 2 34 12 28 4 78
4 79 13 50 16 66 17 66 1 76 9 61 7 91 15 17 18 12 5 87 14 95 10 89 3 7 11 85 6 84 12 43 0 21 8 73 19 97 2 62
10 31 9 22 2 83 16 45 13 93 1 69 15 93 0 88 12 87 17 56 7 10 8 76 6 95 19 24 18 10 14 9 5 94 11 42 4 78 3 56
5 33 17 11 16 19 2 22 3 79 6 85 13 23 7 84 18 90 12 72 0 83 1 90 11 62 10 13 19 74 4 88 14 12 9 1 15 34 8 84
2 75 1 31 17 48 7 44 0 62 6 51 4 53 11 67 5 42 14 86 19 8 16 41 18 16 12 71 10 92 13 34 8 68 9 14 3 95 15 50
1 78 19 35 4 1 18 49 17 77 3 35 11 9 0 19 15 46 13 19 2 97 8 73 7 51 12 44 16 5 5 62 6 64 10 19 14 32 9 8
1 26 13 24 14 81 5 40 4 96 7 47 3 28 2 31 9 54 18 89 15 13 6 70 12 72 8 73 16 96 11 31 17 70 19 98 10 69 0 60
16 44 4 46 10 49 1 61 15 16 5 54 3 74 9 95 19 2 11 39 13 70 7 8 2 65 14 88 12 12 8 93 6 20 18 67 0 99 17 32
19 52 5 51 12 87 18 69 14 72 11 93 0 95 6 14 13 52 7 25 3 73 8 15 10 55 9 60 4 53 17 3 16 36 1 85 15 54 2 95
3 21 2 99 9 78 5 96 18 42 0 17 17 77 8 44 10 67 1 94 14 88 19 45 16 63 15 23 7 13 6 35 4 76 12 23 13 15 11 3
16 13 9 76 12 70 2 29 15 66 3 27 5 15 17 58 11 52 6 90 7 2 10 6 18 44 19 81 13 23 4 73 14 85 1 4 0 32 8 78
11 56 2 99 3 91 12 98 19 71 5 9 14 79 13 42 15 23 8 95 0 18 6 4 7 2 18 11 10 79 16 97 4 8 17 47 9 71 1 73
10 71 0 66 11 8 8 76 4 35 7 2 19 2 5 40 3 59 18 75 6 14 13 55 1 61 12 13 9 8 17 69 15 12 2 88 14 86 16 33
0 52 12 24 7 12 2 93 19 39 6 46 11 23 9 22 14 75 17 67 4 96 15 73 8 98 13 49 3 80 5 29 16 35 18 34 1 61 10 92
13 11 17 42 1 87 8 32 5 19 9 87 14 49 4 52 3 81 0 85 18 5 15 21 11 50 2 52 7 67 16 89 6 36 19 86 10 48 12 92
16 40 13 77 19 31 5 79 12 63 4 55 1 67 11 80 7 5 10 15 8 16 9 37 2 33 17 81 0 25 14 10 18 29 6 46 15 61 3 95
4 70 12 41 6 63 17 95 9 82 14 37 0 87 1 52 18 31 19 87 2 80 7 9 3 28 5 71 15 9 11 44 10 80 16 25 8 6 13 31
10 24 7 61 19 24 1 26 4 80 5 92 15 95 3 61 13 82 18 36 14 58 9 14 12 84 2 6 0 16 17 81 11 28 8 23 16 74 6 45
0 82 6 18 1 27 9 97 2 41 8 57 3 8 7 37 17 39 19 22 18 21 15 71 5 34 11 97 10 1 16 60 4 87 13 72 14 60 12 81
18 38 6 29 14 35 9 55 16 8 17 49 13 48 11 21 15 90 19 36 3 11 8 90 12 57 5 87 0 58 4 40 1 61 7 99 10 16 2 80
14 58 10 78 13 48 9 51 19 95 1 58 6 12 8 1 18 17 3 78 16 94 17 26 4 2 5 80 12 88 7 89 11 34 2 33 15 64 0 17
2 9 7 24 3 90 12 96 13 11 1 87 18 5 11 83 10 89 19 93 17 6 8 48 5 35 15 82 14 28 6 20 0 91 16 97 9 13 4 62
1 84 8 83 16 48 7 49 5 14 15 15 2 21 19 54 12 3 6 98 9 3 17 71 3 6 14 62 4 87 0 47 11 13 10 42 18 26 13 15
16 92 1 46 19 60 9 98 17 95 18 92 2 18 8 47 6 43 0 40 10 57 15 57 12 56 14 43 4 22 5 13 11 88 7 9 3 2 13 78
7 9 14 40 11 38 18 82 1 51 5 6 8 11 0 54 17 23 15 18 12 1 9 64 19 37 2 75 3 92 13 71 6 13 10 25 16 84 4 38
8 54 0 70 2 61 9 50 12 29 10 79 14 4 18 94 19 90 17 16 4 67 5 62 7 56 3 8 16 42 6 59 1 91 15 80 11 26 13 18
0 84 17 76 12 3 15 45 5 94 8 35 2 24 11 5 9 51 1 67 4 34 10 9 16 77 18 54 19 14 7 13 3 29 14 71 6 86 13 31
6 60 7 67 1 1 18 97 9 43 16 29 10 77 19 7 3 3 17 24 14 44 4 14 0 36 8 77 15 53 2 97 5 6 11 27 13 62 12 84
9 68 7 31 6 2 14 99 5 25 16 55 12 64 3 45 2 50 18 60 17 50 1 79 19 25 15 71 10 6 4 89 13 17 11 91 0 60 8 76
18 56 4 13 8 78 6 41 3 77 16 87 14 80 17 55 1 95 5 8 19 45 15 25 11 30 2 52 7 30 10 78 13 32 12 8 0 77 9 96
16 36 5 22 4 74 1 57 10 41 14 19 15 10 11 36 3 10 2 24 13 23 19 52 0 34 17 93 8 50 18 90 9 29 7 74 12 2 6 67
9 38 12 98 4 54 10 21 18 68 6 77 14 61 8 14 0 98 3 99 1 26 2 84 11 30 16 66 15 96 17 11 5 93 13 66 7 71 19 71
0 1 14 68 8 52 15 91 6 55 4 70 10 56 3 84 17 75 2 14 12 20 9 53 1 9 16 9 7 67 5 9 11 61 13 99 19 26 18 98
16 29 13 83 0 22 2 60 7 64 15 36 5 26 14 21 6 56 10 18 18 26 4 14 17 36 3 35 19 60 11 48 12 21 1 26 9 41 8 37
4 26 13 58 12 48 7 90 0 60 18 21 5 56 15 20 11 98 8 36 10 20 6 9 3 78 14 98 19 15 9 7 2 49 1 27 16 85 17 45
17 55 3 79 5 45 9 4 18 54 19 40 4 29 2 27 14 59 11 63 7 57 12 29 10 99 6 49 8 25 13 72 16 88 0 30 1 90 15 3
11 25 13 18 8 83 19 39 1 53 0 87 7 88 12 33 3 76 2 72 14 54 15 18 10 32 4 48 16 96 6 22 17 83 18 61 9 57 5 14
19 38 8 18 17 44 7 85 4 49 2 50 3 31 18 18 5 21 9 16 13 63 0 48 16 73 10 16 11 47 1 18 14 55 15 79 12 81 6 51
14 62 16 13 5 92 0 20 15 15 1 72 9 16 2 15 7 14 18 63 4 7 19 2 13 49 11 5 3 14 12 29 10 90 17 41 8 59 6 13
17 9 0 34 12 19 11 2 16 17 6 34 9 38 14 92 3 6 10 90 1 71 8 55 19 12 18 83 13 15 7 74 15 12 4 51 5 77 2 92
7 69 2 80 0 28 18 89 11 17 5 11 3 84 16 85 1 53 13 83 15 24 17 85 14 72 9 56 4 24 6 55 12 48 10 42 19 76 8 22
0 4 2 8 12 90 11 67 19 64 7 40 3 56 13 15 4 90 8 15 10 8 17 77 1 47 14 97 6 17 15 32 5 48 16 85 18 19 9 4
15 76 13 22 2 44 1 69 9 50 17 31 6 85 14 87 3 49 8 72 11 62 12 4 10 17 0 85 4 57 7 7 5 50 16 23 18 93 19 75
17 75 9 30 2 51 15 70 10 31 6 96 16 48 13 34 5 5 3 76 1 73 19 62 11 15 12 32 7 54 14 9 0 13 8 19 18 15 4 91
13 14 3 73 10 47 1 61 5 80 8 20 18 41 14 77 12 47 9 64 11 7 6 44 2 85 15 46 7 17 4 89 17 96 19 1 0 92 16 55
13 66 10 35 9 67 7 53 11 19 0 41 18 77 12 97 15 47 17 29 19 63 14 1 4 51 2 43 3 67 5 53 16 64 6 38 8 7 1 21
13 93 10 22 16 54 1 57 5 18 15 98 9 64 11 30 6 83 0 96 12 12 19 89 2 65 18 80 14 83 8 88 3 29 4 65 7 64 17 49
11 39 12 34 7 80 6 3 18 14 5 75 2 53 0 97 14 60 3 25 19 44 8 51 13 58 9 65 15 24 10 10 1 32 16 36 4 16 17 95
8 16 17 17 4 63 0 57 11 14 9 80 7 23 15 17 3 96 6 12 16 52 12 62 2 72 1 39 14 54 18 10 5 88 19 28 10 30 13 13
7 29 17 22 8 21 4 10 18 53 9 74 14 8 12 19 15 74 11 17 2 44 16 44 19 47 0 83 3 55 5 70 6 80 10 42 13 54 1 25
18 73 15 55 11 45 9 16 6 29 0 59 8 56 7 92 16 2 14 48 2 66 17 42 5 39 19 1 4 97 12 59 13 18 10 14 1 29 3 4
15 87 3 76 0 14 9 17 1 21 12 72 11 14 6 14 13 14 4 7 19 51 16 29 8 63 7 31 5 44 2 26 18 78 17 57 10 67 14 73
2 35 9 1 7 11 13 89 4 50 17 72 3 65 5 69 6 14 1 87 11 89 18 81 0 52 14 82 19 26 15 93 10 94 8 29 16 65 12 84
12 84 19 25 14 62 17 5 16 24 4 25 6 65 9 80 11 44 8 74 18 78 10 80 2 13 5 41 13 41 7 75 1 20 0 26 3 72 15 6
15 49 3 81 14 59 11 62 16 90 4 74 19 68 8 36 18 12 17 44 1 68 13 52 5 72 12 10 7 47 9 32 0 44 2 24 6 90 10 5
16 75 11 52 4 41 8 80 3 50 10 49 13 67 1 93 0 78 18 75 15 9 2 11 12 88 7 9 19 77 5 69 17 39 14 85 9 51 6 9
8 74 9 44 14 12 3 86 18 63 7 25 11 70 5 35 12 6 13 31 0 37 6 28 19 48 16 9 2 7 17 50 15 79 10 55 4 35 1 94
3 51 8 71 2 7 9 16 18 34 5 7 4 67 10 88 11 21 15 95 13 13 17 5 1 34 6 13 12 87 7 78 16 97 14 77 0 68 19 35
16 37 5 42 17 49 11 27 13 33 19 18 6 96 3 73 7 39 18 82 2 69 0 93 14 73 4 60 10 99 9 92 15 74 8 11 1 36 12 24
7 3 18 70 19 51 12 79 2 20 5 90 3 45 4 90 6 38 11 81 10 38 8 79 9 18 1 74 13 30 14 89 15 24 17 15 0 87 16 78
5 68 3 81 0 44 4 27 12 5 6 74 1 71 16 65 2 33 8 5 19 92 15 42 11 87 18 54 9 10 7 40 10 4 13 15 17 70 14 83
0 65 3 86 19 25 4 26 1 43 8 7 10 65 17 48 14 16 5 3 18 4 7 58 2 16 11 23 12 64 9 75 16 47 15 96 6 70 13 31
3 1 1 66 8 63 9 39 5 44 12 68 19 63 11 67 15 53 17 69 14 16 6 62 16 22 2 75 0 28 10 24 13 14 7 87 18 40 4 49
15 12 16 98 13 46 10 18 5 60 7 25 19 20 1 88 8 86 14 51 17 95 18 19 6 80 3 38 11 89 4 18 9 17 12 59 0 68 2 37
14 69 3 62 19 90 17 75 8 69 9 17 2 53 1 57 16 88 0 10 5 47 12 18 10 56 11 70 15 5 13 63 18 66 4 60 7 37 6 22
