100 20
1 7 19 19 13 46 7 16 12 30 3 2 11 39 18 14 5 54 14 33 8 68 6 8 10 62 2 5 4 74 9 29 16 2 0 28 17 65 15 29
4 17 17 24 7 57 8 16 3 56 2 50 13 79 14 74 0 96 11 45 18 41 1 68 9 26 19 13 12 35 10 97 5 97 15 47 16 82 6 82
11 55 3 35 13 9 5 24 6 4 12 39 8 37 7 93 4 17 18 58 10 61 16 52 0 51 14 80 15 89 9 50 2 36 1 12 19 39 17 13
13 98 15 71 14 92 16 99 6 92 9 45 4 2 3 67 12 15 18 49 1 78 19 66 10 80 2 16 17 1 5 99 7 57 8 15 11 9 0 67
7 97 8 4 15 79 9 6 14 83 1 30 5 39 16 58 11 34 6 83 0 89 12 44 3 74 10 25 2 70 19 63 17 93 18 95 4 77 13 49
4 2 6 76 13 97 10 24 0 77 17 43 15 82 3 22 12 82 14 66 7 13 1 90 11 87 19 88 18 9 2 40 5 31 9 87 16 16 8 60
6 33 12 96 4 37 18 15 11 12 0 9 14 21 8 74 10 12 9 2 19 90 3 63 16 29 13 62 5 18 1 92 17 56 2 10 15 92 7 35
13 42 9 6 15 61 1 79 8 95 5 75 4 18 14 18 19 64 17 40 11 67 10 28 2 51 18 3 6 34 7 91 12 17 3 44 16 38 0 4
1 98 19 3 17 28 10 51 15 55 9 93 6 44 0 13 12 64 13 71 2 28 11 51 16 68 4 10 14 47 8 36 5 38 3 15 7 70 18 23
6 74 11 40 5 6 14 39 2 59 12 87 9 17 13 11 3 82 4 55 16 23 8 49 19 21 15 97 0 36 17 20 18 55 1 38 10 90 7 49
12 38 4 2 13 73 17 19 19 11 15 39 1 70 10 39 7 40 11 57 16 69 2 29 0 9 14 98 6 25 9 34 3 29 18 88 5 31 8 4
13 2 3 19 5 70 10 59 18 31 17 28 0 22 7 29 16 42 6 53 15 75 9 8 2 11 11 49 4 78 12 25 19 3 14 46 1 4 8 19
12 96 11 93 15 31 1 33 3 15 5 58 16 7 2 68 19 3 17 70 14 59 4 47 10 70 0 37 7 18 13 75 18 95 8 42 9 28 6 50
18 97 14 20 16 6 19 38 13 26 11 66 7 71 0 31 12 31 2 67 3 75 9 26 6 74 17 96 5 41 8 33 4 84 10 98 1 69 15 34
0 75 11 35 5 11 10 65 9 28 16 63 1 37 15 80 7 98 18 93 3 56 6 32 8 63 2 15 12 95 14 41 4 82 19 83 13 24 17 83
13 75 6 89 3 62 7 77 18 41 4 96 2 71 19 52 12 55 17 50 0 41 15 7 16 86 11 67 14 90 9 24 8 26 10 27 1 31 5 59
0 49 19 61 11 79 4 68 7 63 8 80 5 86 1 7 18 84 16 43 6 67 10 41 2 36 13 89 3 94 15 45 9 62 12 62 14 28 17 65
1 68 14 11 0 92 6 58 18 61 10 12 5 96 2 3 11 61 8 58 15 39 12 43 7 62 13 53 16 62 4 50 9 81 17 16 19 48 3 64
10 9 12 22 5 86 17 76 14 70 13 37 15 68 18 41 9 9 4 17 3 3 6 66 8 33 19 59 0 4 2 9 1 21 7 17 16 97 11 54
11 61 12 56 17 50 0 69 13 71 16 37 15 19 19 40 6 99 5 61 14 55 3 29 2 84 7 33 1 38 4 19 18 97 10 71 9 80 8 47
9 53 16 38 7 83 11 66 15 37 1 65 18 86 19 7 0 6 6 23 5 9 14 57 13 33 12 27 2 23 4 69 17 48 3 70 10 28 8 77
5 50 13 20 12 6 1 50 19 57 0 54 3 13 6 40 10 18 17 73 18 24 11 45 2 48 9 47 4 22 15 70 14 41 7 40 8 90 16 3
2 52 7 92 17 84 10 76 5 36 8 78 13 33 14 54 12 33 15 68 18 92 9 21 0 7 19 53 11 18 6 61 4 16 1 38 3 50 16 55
11 17 19 32 9 51 4 45 3 66 13 6 12 60 17 63 14 21 16 11 1 75 5 12 8 87 0 64 6 64 10 56 18 3 15 78 7 49 2 22
1 85 9 87 2 12 13 69 11 77 0 70 10 15 3 99 8 57 5 5 18 88 16 19 6 9 4 24 12 86 17 74 14 71 19 40 15 71 7 47
0 32 3 48 5 8 11 2 19 28 9 3 10 33 13 13 2 11 16 22 6 84 7 45 18 38 12 85 14 32 1 62 4 66 8 16 15 32 17 11
1 98 5 29 0 15 18 9 15 16 8 87 13 83 3 10 2 14 16 31 10 19 7 83 11 92 9 76 19 78 17 87 14 43 4 2 6 89 12 34
13 65 2 10 16 87 5 92 18 48 4 96 17 19 15 12 7 94 12 46 0 20 11 22 6 30 3 77 14 31 19 4 9 41 10 59 1 42 8 40
13 44 19 52 18 36 3 19 17 49 2 91 11 31 7 35 1 52 16 50 10 35 5 65 15 22 4 12 6 18 9 87 14 25 12 69 8 78 0 67
19 53 12 74 10 66 2 56 17 89 9 28 6 15 18 52 1 89 14 98 3 97 15 71 16 94 5 81 0 25 13 8 11 58 7 41 4 33 8 81
12 48 1 30 0 50 11 68 9 21 7 23 3 73 13 99 4 72 5 26 19 84 6 77 17 87 10 98 14 43 18 29 8 10 16 34 2 26 15 49
12 99 16 94 5 30 17 69 6 18 8 16 15 31 10 46 7 6 4 70 18 9 11 48 0 29 1 66 2 67 9 12 19 11 14 3 3 63 13 58
2 42 11 16 5 26 10 96 3 35 12 93 6 98 13 47 19 58 15 97 1 48 7 5 17 61 8 88 16 54 0 93 14 68 9 80 18 49 4 43
11 34 16 55 8 15 19 52 15 8 13 27 5 8 0 31 4 3 12 47 1 36 17 6 14 78 18 99 7 13 9 4 2 45 10 66 6 17 3 25
4 41 19 93 6 56 2 75 17 40 15 92 5 67 1 61 16 85 11 39 7 64 3 54 18 78 9 96 10 74 13 7 8 24 0 23 14 71 12 27
19 89 7 95 4 95 1 67 8 68 15 44 0 33 2 16 11 66 13 76 12 41 10 34 9 13 5 24 6 90 14 88 18 49 17 81 16 32 3 45
19 61 5 32 7 88 13 75 2 27 0 41 18 85 16 94 14 49 3 57 9 30 4 54 15 97 10 17 6 82 11 64 17 15 12 23 8 13 1 19
7 75 15 50 2 10 19 30 14 8 3 40 18 73 12 65 17 6 8 46 10 4 11 52 13 15 0 92 1 63 9 2 5 35 16 84 6 84 4 81
12 22 7 49 8 67 18 64 0 81 4 13 17 44 16 95 13 10 6 1 1 63 19 93 9 46 14 58 10 55 5 39 15 26 3 63 11 88 2 50
14 46 17 13 10 3 16 71 4 26 15 52 19 50 3 68 5 39 1 9 6 2 9 92 12 86 18 43 7 86 0 98 8 19 11 28 2 26 13 11
16 14 18 68 2 41 5 47 15 21 3 17 17 66 14 53 13 93 4 81 7 24 0 71 6 73 8 72 12 22 19 64 9 90 1 16 11 97 10 44
1 86 9 66 15 15 16 30 5 23 6 37 10 99 14 79 3 54 2 76 0 33 8 31 19 27 17 51 18 21 13 60 11 20 12 23 4 99 7 81
0 17 1 55 8 90 13 59 12 56 10 72 3 79 19 79 17 58 15 85 9 99 2 39 7 29 18 42 4 44 6 95 16 61 5 28 11 34 14 85
19 31 12 93 5 89 4 24 8 32 7 17 18 81 1 44 2 27 14 6 16 49 13 53 17 55 3 71 10 42 0 14 6 70 9 16 15 91 11 12
0 24 13 46 7 4 18 99 3 25 10 76 2 19 12 63 14 66 19 52 1 97 11 78 4 78 17 17 8 79 6 97 15 13 5 58 16 51 9 18
14 10 18 93 1 69 4 21 5 95 10 1 8 73 17 28 19 42 0 75 12 11 9 51 15 36 7 68 16 5 13 41 3 26 2 89 11 19 6 26
12 73 19 42 6 77 14 45 7 36 16 74 3 21 5 51 8 33 10 63 18 45 1 30 11 33 0 33 15 25 17 33 4 97 13 92 2 46 9 87
2 57 15 1 19 91 12 64 6 13 11 43 3 11 17 22 0 81 13 60 16 55 9 16 8 85 14 3 5 99 18 73 1 78 7 12 4 56 10 62
10 11 9 39 16 40 1 9 13 16 2 59 14 37 12 79 7 42 17 42 6 51 5 30 3 88 11 94 0 34 4 60 19 91 8 35 18 75 15 27
15 50 19 10 11 97 10 68 12 93 0 20 3 86 2 89 5 14 4 45 9 7 1 3 17 56 7 96 6 94 8 45 18 62 16 93 14 3 13 26
4 30 18 93 12 58 8 30 11 49 1 74 19 42 10 66 0 78 2 16 7 77 5 72 15 46 6 58 3 64 16 29 17 83 14 49 9 37 13 34
7 58 1 53 8 55 11 96 18 2 14 75 5 83 3 2 10 57 0 86 15 59 13 68 4 42 9 52 16 92 2 49 6 14 19 84 12 32 17 92
18 14 11 60 3 49 17 65 4 74 0 17 2 99 8 52 14 39 13 95 6 33 5 1 9 42 12 66 15 16 10 43 7 10 16 26 19 16 1 13
18 53 3 13 17 7 2 6 13 77 10 26 16 89 7 48 14 90 4 33 5 39 6 38 19 57 1 36 12 15 15 76 9 32 8 92 11 86 0 6
4 85 5 60 1 49 8 12 16 79 11 13 17 39 10 45 0 34 12 49 14 58 13 5 3 76 2 20 15 24 7 18 9 88 18 31 19 85 6 37
16 98 3 14 17 34 18 63 11 7 6 46 0 27 1 84 15 6 13 13 4 89 10 72 8 22 14 63 12 31 19 81 2 67 7 71 9 34 5 46
7 68 8 16 5 10 10 12 3 72 12 30 1 9 0 34 6 14 14 46 2 37 11 47 16 86 17 62 4 39 15 93 9 53 19 9 13 82 18 26
4 77 16 31 9 21 8 17 12 63 3 13 13 93 6 28 1 59 10 89 18 38 2 90 14 86 5 93 17 85 7 17 19 99 0 77 11 23 15 5
7 18 0 37 19 80 11 87 16 25 6 77 12 30 4 41 1 52 18 60 14 48 5 71 10 46 3 7 15 81 13 64 17 77 9 59 8 62 2 88
11 66 14 68 3 39 16 43 12 59 8 93 7 38 18 44 2 98 9 61 15 46 1 71 13 68 0 55 10 24 5 47 17 62 4 60 6 5 19 12
8 65 3 84 1 36 11 18 0 71 18 5 13 78 9 78 16 19 7 31 4 70 5 44 15 73 10 70 19 24 17 57 14 85 2 29 6 88 12 10
18 5 6 40 1 45 16 92 0 36 7 96 10 9 8 79 4 66 5 25 14 59 12 68 15 11 19 85 11 14 17 75 2 3 3 31 9 31 13 19
15 91 16 21 12 14 3 83 0 90 19 82 5 45 10 32 7 10 17 84 1 52 6 24 11 51 18 66 8 6 14 33 2 16 9 89 13 25 4 9
1 53 0 51 8 59 4 94 14 60 16 69 19 86 6 66 18 13 17 95 10 32 13 1 2 28 7 72 5 87 3 11 12 60 15 30 11 82 9 46
9 20 6 41 19 56 0 9 2 37 17 30 4 45 15 45 14 28 5 45 18 50 7 20 3 21 1 40 13 29 12 96 16 93 11 19 8 32 10 78
12 43 7 58 14 39 11 97 13 58 10 55 15 58 0 32 2 58 18 28 3 45 1 13 6 22 5 92 9 85 16 48 4 70 17 97 19 38 8 91
13 4 1 53 18 19 12 27 14 19 8 11 2 45 17 14 15 61 4 3 0 9 3 70 19 90 10 22 5 97 11 96 6 11 7 19 9 38 16 83
12 25 19 91 15 95 13 59 16 43 8 14 5 15 10 14 4 45 2 5 7 72 17 51 9 79 1 56 11 96 14 47 6 56 18 55 3 94 0 72
16 87 18 94 17 10 6 41 14 69 7 53 2 46 1 85 19 94 9 49 12 86 3 20 11 85 5 29 15 73 13 6 8 93 4 20 0 31 10 97
15 68 1 41 14 68 2 45 12 90 7 50 18 40 16 18 17 21 3 51 0 40 19 76 4 15 6 63 10 80 13 85 9 32 8 84 11 17 5 69
7 76 15 63 11 49 13 56 5 85 0 95 3 81 9 6 10 25 2 96 12 90 18 84 19 19 8 13 6 2 16 26 14 13 4 96 17 66 1 1
4 8 16 8 5 36 1 8 15 52 19 56 6 59 18 12 8 33 12 21 3 22 13 90 9 89 0 94 10 54 7 20 17 12 14 30 11 41 2 96
9 64 12 33 5 15 13 55 3 49 16 78 14 56 11 77 6 51 18 4 2 70 0 17 19 42 8 26 17 70 4 54 10 54 7 51 15 26 1 8
11 25 0 65 13 69 6 8 2 45 15 88 10 8 19 68 17 73 18 31 16 71 14 64 3 17 4 25 12 42 5 75 8 61 7 4 1 23 9 77
9 85 11 92 7 56 6 37 3 45 4 52 16 56 8 47 2 26 12 78 18 36 19 23 14 32 15 63 1 44 0 70 10 77 5 57 13 32 17 33
12 57 18 79 7 23 16 75 5 51 0 74 15 51 4 93 1 62 8 56 10 4 6 41 3 94 9 18 19 25 17 37 11 70 2 93 14 79 13 82
3 98 4 70 7 12 0 38 15 54 18 85 5 13 12 77 14 10 13 45 16 60 10 70 6 93 9 76 11 42 1 76 2 91 8 24 17 22 19 63
7 75 18 4 0 10 19 40 4 96 5 65 16 70 2 50 12 39 13 64 10 67 1 79 15 81 9 46 14 10 6 24 8 90 17 44 3 91 11 99
10 93 17 9 5 39 12 3 13 65 18 30 2 60 9 53 4 95 6 26 7 56 0 53 3 7 16 73 14 65 19 93 15 22 11 26 1 5 8 1
3 85 19 80 6 11 9 47 18 35 13 72 2 58 16 63 15 9 0 94 7 55 11 61 10 49 17 86 14 70 4 72 5 2 8 15 12 46 1 98
16 58 14 90 2 97 4 40 17 10 6 67 19 54 12 22 0 39 10 51 13 39 1 45 5 9 7 36 15 87 9 45 11 90 3 42 8 28 18 98
14 50 19 55 5 89 6 14 7 14 18 7 2 84 12 3 15 52 8 85 0 28 3 16 17 97 4 59 13 7 16 75 9 1 1 85 10 68 11 62
5 69 8 73 10 7 11 39 0 81 13 38 19 67 17 55 12 60 1 69 7 63 3 98 9 44 16 6 15 73 6 50 14 56 18 28 2 73 4 19
2 62 13 97 16 9 15 9 19 21 5 38 0 66 18 48 12 23 1 95 10 99 4 50 14 88 9 42 8 97 3 33 7 15 11 5 6 65 17 42
3 41 10 6 17 16 9 77 5 19 0 52 7 35 16 66 15 58 18 26 12 86 11 62 19 26 1 94 6 52 13 77 2 65 8 98 4 18 14 87
3 84 14 61 11 78 0 1 4 90 15 57 6 26 7 19 1 68 19 83 18 3 10 9 12 6 2 82 5 48 16 45 9 31 13 7 17 33 8 25
10 13 13 22 1 94 5 7 8 32 18 88 11 26 19 66 7 85 15 51 14 76 17 9 2 71 4 50 16 82 0 94 12 25 6 15 3 98 9 7
10 47 16 61 4 37 18 62 3 7 17 21 13 68 12 25 5 5 2 94 11 30 9 67 8 94 14 73 7 41 19 27 15 86 1 45 0 13 6 22
19 93 3 26 0 33 2 22 18 17 17 91 11 37 1 67 10 81 16 88 4 28 6 88 13 93 12 40 7 78 9 18 5 42 15 8 8 4 14 5
2 27 17 97 12 7 10 94 9 32 8 30 6 57 13 98 5 98 3 56 19 37 1 19 7 70 4 9 16 24 14 52 11 20 18 15 15 80 0 22
16 41 15 35 19 64 13 98 8 47 11 44 2 61 4 51 7 45 18 85 17 61 9 25 14 28 12 25 5 64 6 20 10 37 3 73 1 64 0 32
17 94 9 92 13 47 12 49 6 36 5 93 11 15 15 6 8 90 19 46 18 83 7 15 0 54 14 8 4 73 10 19 1 87 3 84 16 88 2 44
3 78 13 24 19 64 8 59 17 59 6 76 0 54 12 60 2 85 16 94 7 96 10 20 5 18 15 75 11 37 9 23 14 75 1 89 4 5 18 99
19 51 18 27 2 25 10 23 13 44 6 41 14 4 0 37 7 90 12 85 16 3 17 84 11 7 4 57 3 1 8 62 1 78 9 25 5 8 15 46
6 21 11 80 13 56 8 86 0 48 1 2 17 92 19 10 18 73 12 87 2 50 7 19 9 77 14 46 15 92 5 5 3 32 4 96 10 40 16 67
1 33 8 55 6 69 18 47 2 73 9 65 16 48 15 73 19 66 11 52 12 22 14 58 3 59 5 81 17 1 4 15 7 14 10 51 13 56 0 22
11 79 14 2 3 87 9 77 5 23 4 35 2 50 17 74 12 19 13 77 18 23 8 28 0 92 19 66 10 30 1 60 6 30 15 84 7 96 16 52
12 12 1 69 14 58 0 97 7 94 9 1 17 55 15 75 11 34 3 69 2 49 4 42 6 44 8 54 10 68 13 2 16 73 18 78 19 13 5 17
7 43 3 75 9 45 0 69 12 50 10 90 2 15 14 28 8 47 6 99 15 84 17 21 4 72 13 7 5 4 19 83 18 27 11 84 16 40 1 31
12 56 4 3 19 22 15 91 16 98 11 7 8 44 2 88 0 42 14 67 9 70 7 24 18 93 17 88 3 58 10 72 13 9 5 92 6 10 1 44
