100 20
0 48 17 87 10 42 2 91 14 28 16 74 3 28 12 89 4 15 13 39 6 7 18 90 7 84 8 35 15 62 9 18 19 77 11 47 1 16 5 47
17 54 7 99 10 14 1 70 19 59 15 39 2 74 16 66 5 37 9 81 13 97 6 26 0 80 14 55 18 51 8 85 12 70 3 3 11 44 4 30
6 96 2 34 18 36 5 99 19 72 12 22 16 61 3 57 4 69 0 51 13 97 9 23 11 35 14 49 1 87 7 27 8 13 10 2 17 60 15 25
14 11 19 32 4 19 9 39 6 94 13 36 2 74 8 72 10 52 5 38 15 77 0 15 12 24 17 53 7 29 11 77 16 56 3 83 1 52 18 67
6 60 8 33 15 35 5 23 12 2 10 5 1 73 0 72 7 83 19 91 3 92 11 34 2 81 13 79 17 65 4 10 14 4 9 92 18 90 16 85
10 53 12 30 4 92 19 19 3 18 1 8 5 16 11 44 17 27 13 72 0 14 2 71 9 34 18 75 8 14 6 37 7 74 16 52 15 31 14 31
6 84 16 16 15 98 4 12 7 17 9 1 14 36 19 23 11 41 5 1 3 86 1 85 12 81 17 97 2 70 18 47 0 94 8 72 10 45 13 82
10 9 3 47 14 91 11 63 0 82 17 17 15 44 18 20 8 53 9 45 7 98 5 17 19 77 4 96 13 25 16 93 2 98 12 4 6 16 1 76
9 82 11 85 6 15 18 95 3 85 7 99 12 62 13 90 19 57 15 3 14 38 16 96 10 52 2 51 5 67 4 73 17 65 1 61 8 92 0 48
3 77 19 40 11 31 18 73 5 9 12 98 2 14 10 54 13 26 1 22 0 80 16 79 9 47 4 12 7 26 14 21 17 89 8 82 15 63 6 98
19 29 17 32 8 23 15 64 12 11 3 68 6 81 18 97 16 9 9 12 0 40 13 89 4 79 1 37 5 74 7 92 14 5 10 86 2 53 11 29
3 54 9 12 4 50 15 24 7 55 14 36 19 57 17 41 13 67 16 39 5 51 8 90 2 71 10 18 18 82 11 15 12 73 1 59 0 8 6 40
19 5 2 88 8 68 0 24 12 4 18 16 10 11 13 21 4 67 15 31 3 46 6 60 16 99 1 49 17 35 14 5 5 92 11 89 9 57 7 88
12 15 9 53 16 14 6 19 11 52 5 45 14 68 8 5 3 21 19 52 18 55 17 77 10 22 13 3 0 47 15 24 2 14 1 85 7 46 4 56
0 45 5 13 18 63 2 93 17 60 14 54 13 57 10 30 9 23 1 28 7 90 4 34 8 90 19 12 15 45 12 54 6 2 16 86 11 63 3 16
0 80 2 66 13 23 10 20 12 88 1 8 19 94 14 73 16 18 4 19 18 7 8 83 9 8 6 72 15 15 3 61 17 99 7 16 5 17 11 83
5 53 9 60 18 9 13 93 10 7 7 78 6 10 12 89 19 6 14 17 0 28 3 72 15 64 8 50 1 11 2 29 4 90 16 92 11 88 17 91
17 32 18 30 5 55 10 53 6 26 16 79 8 16 2 84 12 15 7 48 14 84 9 8 3 26 0 74 13 23 11 10 1 7 4 5 15 15 19 89
5 20 2 10 11 95 7 53 8 95 1 3 13 1 17 64 3 99 19 49 16 52 18 87 12 44 15 10 4 71 6 13 14 16 0 66 9 32 10 58
16 26 13 52 4 84 17 86 11 46 7 90 12 6 18 45 2 94 9 25 19 67 10 36 1 8 15 91 0 52 5 64 14 37 3 9 6 78 8 37
3 87 1 42 15 89 14 9 17 66 0 54 4 43 6 20 8 54 5 29 9 33 12 48 16 87 10 84 2 44 11 24 18 72 7 46 19 91 13 56
15 48 4 40 9 44 17 35 3 11 13 35 10 9 18 86 16 20 19 56 7 54 6 18 14 4 12 43 2 99 1 62 11 41 0 55 5 77 8 17
13 9 1 83 16 99 15 11 14 67 11 23 19 28 10 59 2 62 8 45 3 45 18 58 0 63 12 55 7 23 5 88 4 14 17 47 9 5 6 92
0 15 2 20 14 5 9 88 3 43 6 65 16 9 5 37 13 28 19 72 17 13 18 36 4 5 15 17 11 93 10 20 12 19 8 74 7 71 1 78
11 65 2 90 18 60 9 13 3 21 7 41 4 37 1 94 13 32 0 54 5 81 15 48 16 56 17 91 8 74 14 65 19 48 10 85 12 62 6 59
11 3 3 78 1 91 10 74 5 89 16 38 15 39 8 69 6 9 12 21 17 17 9 99 4 47 14 20 13 84 0 9 18 10 19 12 7 93 2 64
5 65 15 18 6 66 4 70 10 11 18 92 2 56 1 46 11 70 16 75 3 13 0 22 14 3 9 6 8 2 17 21 12 71 7 95 13 15 19 59
11 97 14 60 19 7 1 85 12 13 8 12 9 63 16 51 7 52 6 66 10 2 15 94 18 73 17 87 3 32 2 97 4 52 13 16 0 49 5 75
16 22 13 53 14 17 19 51 17 91 12 96 18 15 7 9 6 13 8 6 4 47 11 37 10 11 3 21 5 35 15 77 2 96 9 79 1 74 0 94
13 85 16 51 1 59 7 52 17 84 11 11 6 42 4 60 10 78 3 96 2 18 12 75 5 19 14 77 9 91 18 3 19 60 8 90 15 42 0 48
17 27 3 88 19 82 1 1 6 89 11 76 7 93 18 19 4 57 16 86 5 61 9 92 14 54 13 94 0 83 15 16 8 74 10 94 2 82 12 33
5 32 12 22 13 84 4 17 2 77 11 6 17 18 8 57 7 9 18 97 16 66 15 52 3 27 6 11 0 44 14 34 1 15 10 76 19 96 9 13
2 22 14 20 12 75 1 6 8 19 19 22 7 95 16 49 11 61 0 38 10 61 13 39 6 36 5 41 4 77 18 18 9 27 17 12 15 11 3 48
13 51 12 7 8 92 1 63 7 92 2 65 16 16 17 85 6 94 11 43 9 29 3 70 0 74 4 62 5 98 18 45 15 19 14 85 10 82 19 63
6 78 4 33 18 35 1 42 15 64 19 66 5 90 0 90 10 81 3 28 17 88 13 15 14 40 12 97 7 61 9 3 8 44 2 60 16 2 11 99
0 89 13 57 15 30 4 67 19 38 6 7 5 94 17 23 7 56 1 50 2 73 18 27 14 61 11 39 10 51 3 44 12 94 16 75 9 74 8 10
0 81 16 73 1 25 19 87 3 94 8 57 15 10 6 15 11 15 14 46 13 74 10 50 9 9 5 11 12 84 2 65 17 9 18 42 4 64 7 35
11 92 16 59 14 6 1 22 8 33 5 40 0 8 18 94 7 99 4 76 6 34 2 19 19 15 9 54 13 17 12 69 15 93 10 12 3 99 17 2
16 72 1 80 15 27 10 72 2 11 19 50 0 21 12 12 13 10 6 17 9 75 8 48 7 44 4 2 11 36 5 28 18 62 3 78 17 67 14 89
2 62 4 93 18 24 14 49 9 84 8 83 1 30 16 28 6 54 15 16 11 55 19 75 13 82 12 71 0 71 3 30 17 54 10 69 5 21 7 71
0 48 5 27 1 61 11 53 10 84 18 88 6 22 12 71 17 91 9 28 2 61 14 2 19 68 13 39 8 48 4 51 3 75 16 45 15 99 7 76
16 84 6 27 11 97 3 54 7 89 2 57 12 20 15 68 8 87 0 47 4 67 9 91 14 3 17 65 18 51 1 73 5 83 13 11 10 39 19 26
2 14 3 72 8 58 10 74 5 46 9 99 11 10 17 69 13 98 0 44 19 22 16 23 14 35 4 56 6 54 15 28 12 68 1 46 18 67 7 95
2 58 3 92 11 99 14 59 6 80 19 93 7 57 13 55 16 24 17 28 0 97 15 88 10 64 4 12 18 76 9 92 1 70 5 71 12 82 8 83
19 36 16 27 15 13 14 84 3 68 13 7 9 59 5 49 4 83 11 43 10 40 7 45 18 97 8 39 17 7 1 5 2 71 6 19 12 82 0 95
3 78 2 69 18 40 17 90 13 67 6 41 5 24 4 65 16 19 1 91 10 17 8 45 19 65 14 40 11 9 9 83 12 86 15 42 7 55 0 11
1 84 3 89 13 76 11 96 2 43 18 1 0 85 5 92 4 16 14 38 12 25 10 79 9 35 15 81 6 36 7 86 19 35 16 14 17 37 8 99
16 18 17 59 4 13 8 20 3 12 18 79 1 34 9 4 15 79 14 28 7 64 19 92 12 22 10 41 5 79 6 66 0 69 11 44 2 13 13 92
11 4 3 35 18 94 16 52 9 22 10 21 4 92 14 93 15 68 6 9 19 73 1 97 17 52 0 92 7 71 5 23 8 37 13 84 2 34 12 24
15 22 7 24 10 62 3 18 1 66 12 32 13 93 4 32 8 34 2 36 11 46 0 7 16 2 6 3 18 76 9 39 14 83 5 9 19 2 17 49
10 5 16 22 14 68 0 53 15 40 3 68 18 17 4 67 17 64 1 39 7 24 11 68 12 45 19 77 2 18 9 29 13 2 8 9 6 30 5 59
9 47 4 53 13 31 18 28 1 74 17 18 19 32 16 23 12 93 3 41 11 8 14 24 2 82 6 44 8 25 5 39 10 96 7 91 15 81 0 1
19 91 15 77 17 59 16 85 10 25 1 22 18 15 12 81 9 18 6 44 14 83 0 62 8 6 2 32 4 13 3 28 11 12 13 63 7 77 5 1
8 54 12 52 17 30 13 48 5 14 3 8 19 67 1 56 4 37 9 46 7 31 10 21 2 83 0 36 16 10 11 34 18 37 14 36 15 86 6 1
14 6 15 55 4 24 13 59 17 57 9 17 19 64 5 66 0 25 18 90 7 80 10 58 1 70 3 77 6 2 16 60 12 48 2 90 11 10 8 23
15 33 12 96 1 71 3 35 0 62 5 58 13 1 2 34 7 86 10 48 11 67 18 9 6 55 16 93 14 26 19 52 4 16 17 23 8 70 9 21
10 8 3 34 15 66 6 51 9 82 8 20 11 14 7 32 5 75 1 30 17 31 19 23 14 17 13 4 12 91 2 83 0 70 4 30 18 19 16 84
5 73 8 54 13 87 18 78 6 11 15 46 16 29 0 61 19 71 10 60 12 82 9 21 14 25 11 19 7 36 17 59 1 83 3 70 2 41 4 78
0 15 18 77 10 99 1 13 4 97 16 16 15 16 11 93 7 19 6 7 19 34 3 87 9 75 2 86 8 22 14 80 13 45 5 97 17 1 12 32
11 14 17 20 19 23 15 18 13 32 16 38 14 79 10 95 18 19 3 73 8 54 5 98 6 50 1 8 4 32 9 71 2 89 7 78 12 95 0 25
6 91 13 3 0 9 11 18 17 73 16 95 10 63 8 22 19 37 9 60 18 14 15 22 7 66 2 11 12 96 3 32 1 15 4 59 14 28 5 10
6 31 13 66 15 85 17 52 8 74 18 90 0 7 5 32 19 24 4 78 7 31 1 60 3 65 10 81 9 73 14 90 16 53 2 44 11 16 12 71
12 20 8 21 10 66 6 5 16 38 19 20 2 58 14 5 3 19 1 21 13 78 11 2 9 51 0 91 18 53 7 36 4 66 5 13 17 40 15 85
8 75 0 31 9 29 1 25 7 61 15 93 13 23 10 62 17 19 19 43 3 46 6 81 4 99 2 13 11 6 5 26 14 20 18 74 16 74 12 35
1 18 4 52 17 84 3 40 8 32 7 50 15 46 9 45 12 99 13 67 14 13 6 85 10 15 16 24 5 20 2 98 18 22 11 57 0 58 19 41
3 32 15 73 12 65 11 35 18 86 1 47 16 52 17 2 7 9 2 21 0 51 19 65 9 91 4 76 5 54 13 91 8 14 10 58 14 69 6 56
6 84 0 71 14 55 9 83 19 40 12 56 3 38 11 76 10 10 5 15 16 63 15 59 1 54 18 88 13 52 2 42 17 88 4 61 7 77 8 4
2 29 16 62 7 79 10 48 5 77 4 40 9 10 8 84 6 94 15 37 13 41 18 80 14 86 1 24 3 84 12 95 19 82 0 5 11 87 17 66
7 25 17 32 14 18 16 98 6 65 18 4 8 45 11 78 15 40 5 57 12 21 19 72 9 73 1 62 2 89 3 86 13 30 0 45 10 14 4 59
7 51 3 90 11 13 1 41 10 53 17 26 15 85 4 17 12 55 8 11 5 30 18 46 6 84 16 71 13 99 0 31 19 17 14 34 2 8 9 54
11 89 1 5 2 4 3 50 7 7 6 53 10 98 14 36 19 92 4 25 13 56 5 93 9 17 16 66 8 47 17 52 12 76 0 50 18 67 15 18
6 13 13 3 18 12 14 80 9 74 4 50 19 30 8 72 10 72 17 86 3 57 12 64 7 71 15 85 0 91 11 54 2 14 1 20 16 15 5 33
16 93 15 8 2 80 9 20 10 26 12 49 19 95 3 12 14 35 7 33 4 91 11 87 0 78 17 90 5 3 13 10 6 2 1 99 18 1 8 40
2 4 10 84 3 43 0 43 19 53 1 97 9 60 12 41 18 70 8 92 5 46 17 67 14 81 15 69 11 84 6 45 13 31 7 78 4 71 16 5
5 72 14 18 10 64 12 10 1 29 6 79 0 51 19 46 13 23 15 14 9 60 7 86 17 30 3 51 18 3 8 71 2 69 11 80 16 90 4 75
6 1 13 53 19 77 16 10 0 33 8 50 14 47 18 45 10 27 1 23 7 15 12 55 11 32 4 64 17 46 3 92 15 70 9 65 5 9 2 20
17 58 10 9 8 8 13 80 1 87 5 69 4 1 12 74 16 63 0 27 18 91 9 30 3 54 11 61 7 65 19 67 2 47 15 85 14 87 6 7
0 91 12 34 17 61 13 32 19 69 1 24 16 53 6 56 11 26 5 97 4 27 15 89 9 10 8 79 10 14 14 89 18 11 7 37 3 6 2 88
4 13 15 2 2 71 6 76 16 21 14 32 9 91 17 16 7 85 3 91 19 20 18 77 12 44 1 89 11 73 5 29 8 4 10 57 13 62 0 96
12 41 19 76 3 83 4 4 11 71 1 17 8 70 13 59 10 34 14 10 7 59 6 93 5 21 2 95 15 12 16 67 9 71 17 75 18 13 0 31
3 33 8 82 11 94 14 16 10 70 7 71 1 47 12 19 6 66 17 79 13 69 18 58 19 15 9 11 16 87 4 98 15 66 5 4 0 43 2 72
5 21 14 99 9 39 8 93 11 6 1 72 3 25 13 16 19 9 18 53 10 3 6 33 16 10 15 26 7 76 2 42 4 17 12 14 0 7 17 52
18 15 10 87 4 32 2 13 7 24 16 7 5 3 1 97 15 94 8 64 6 81 13 65 17 76 9 64 12 35 0 1 19 26 14 34 11 1 3 69
14 58 5 37 13 1 7 6 6 26 19 41 3 38 4 91 18 86 15 99 17 39 2 79 8 59 11 46 16 26 1 66 9 27 12 51 10 59 0 10
9 48 1 66 6 51 18 36 5 24 7 62 16 98 13 79 0 58 4 67 12 48 3 47 10 98 11 57 17 19 14 17 15 64 2 10 19 30 8 95
3 72 5 81 8 6 4 70 18 8 14 84 0 36 12 48 19 52 15 45 7 54 9 7 10 7 11 80 17 19 16 89 2 2 13 47 6 98 1 52
4 19 0 62 7 74 15 83 16 64 5 92 11 90 18 30 2 95 13 17 1 15 14 45 17 49 3 92 6 76 19 36 12 33 10 41 9 3 8 89
3 60 18 60 13 36 10 98 4 90 7 47 11 94 2 46 12 46 16 20 5 22 1 94 17 11 9 78 0 6 8 93 14 99 15 16 6 73 19 28
16 90 18 43 14 29 12 82 9 21 2 96 1 32 0 2 8 69 7 91 13 13 10 47 17 36 4 5 11 32 15 42 19 63 5 72 6 87 3 60
15 21 1 80 16 45 3 18 14 62 0 49 2 85 7 78 17 98 19 74 6 27 12 79 4 13 10 16 18 71 9 45 11 94 13 10 8 66 5 48
10 45 19 30 18 28 11 82 17 72 16 52 14 87 1 27 6 38 9 26 5 1 13 81 12 21 15 70 7 68 2 31 0 21 3 21 8 78 4 82
10 29 1 58 14 8 19 40 6 18 3 51 12 87 5 12 16 44 2 90 11 49 13 41 9 83 0 88 17 38 15 1 7 14 8 77 18 95 4 79
19 19 3 34 16 40 13 90 15 1 0 8 12 16 1 8 18 10 9 24 8 35 10 55 17 30 6 65 4 54 11 28 14 7 7 94 5 88 2 25
4 37 14 55 8 21 1 32 19 5 10 91 5 5 17 7 6 30 9 17 18 5 12 29 7 25 2 47 3 50 0 45 11 3 16 98 15 92 13 50
3 67 6 95 8 14 13 21 16 62 12 94 15 67 14 87 5 77 18 53 0 16 11 85 19 7 10 74 2 80 9 36 1 82 7 35 17 84 4 47
18 18 14 27 4 33 1 5 6 49 7 87 15 95 0 9 16 92 2 58 10 95 8 80 13 2 12 54 9 94 5 37 19 38 3 45 11 66 17 9
16 21 2 31 19 53 8 7 1 50 7 83 14 20 17 53 4 77 18 90 6 67 5 98 10 26 12 93 3 99 9 5 15 88 0 73 11 24 13 20
19 14 2 41 7 89 0 69 10 61 8 11 5 6 15 2 1 92 13 34 6 69 18 78 4 56 3 60 11 56 17 63 14 78 9 7 12 76 16 27
11 53 15 63 16 29 17 54 6 99 19 38 14 56 5 79 13 2 12 12 0 17 10 35 7 75 2 6 1 51 3 24 4 57 18 75 8 36 9 26
17 49 13 53 0 38 5 86 15 11 14 64 4 10 12 53 7 10 6 19 1 64 9 12 3 7 8 52 11 22 16 89 19 22 2 70 18 13 10 65
