100 20
3 96 12 44 5 72 2 45 7 34 13 82 19 38 6 79 10 23 18 42 4 34 15 44 1 71 0 68 14 29 9 84 11 31 16 71 17 63 8 41
11 38 16 50 14 68 18 16 3 67 8 13 10 73 7 60 6 6 2 2 19 33 9 50 15 32 12 61 0 63 13 40 5 95 4 70 17 40 1 57
17 71 14 28 8 87 15 20 0 19 7 79 4 61 9 45 13 22 10 96 1 16 12 74 11 18 5 18 16 6 19 24 18 44 2 36 6 11 3 5
3 62 15 65 17 51 13 56 7 79 0 42 10 15 19 18 5 2 16 93 1 30 2 13 14 79 8 65 6 23 18 26 12 63 9 32 4 26 11 69
0 94 17 18 11 77 9 47 4 63 12 65 5 96 16 70 19 72 3 21 6 52 14 30 13 54 2 90 1 56 10 8 15 98 18 55 7 93 8 1
9 22 17 12 0 17 8 22 1 94 2 61 15 38 19 57 16 19 5 99 11 85 4 76 18 3 13 91 12 54 6 11 3 69 7 57 14 91 10 78
5 96 15 66 16 95 3 55 10 85 19 99 12 5 8 55 7 53 14 83 13 24 2 83 0 53 18 78 9 64 4 46 17 54 6 25 11 16 1 28
0 68 14 75 4 20 10 74 7 78 5 41 13 25 12 27 19 28 1 76 3 34 2 17 11 13 15 27 8 16 9 82 17 29 18 89 16 17 6 78
4 62 8 45 3 73 5 38 0 12 18 12 10 36 2 45 16 51 1 17 15 18 6 34 17 85 14 66 19 47 12 76 7 69 9 25 13 27 11 36
18 63 4 57 12 52 10 32 9 97 0 48 19 51 7 16 3 99 13 16 17 47 11 28 15 84 8 86 5 83 1 69 2 25 16 38 14 44 6 73
19 10 2 62 11 25 14 23 5 76 8 24 13 56 9 11 3 80 15 19 6 42 12 61 10 81 1 32 18 99 0 62 17 74 7 35 16 43 4 45
9 17 13 60 12 62 10 69 19 70 1 7 0 96 6 11 4 52 15 18 3 43 8 13 14 21 17 92 11 28 2 6 18 8 16 34 7 85 5 53
17 33 11 90 19 69 6 42 16 33 7 27 0 96 12 56 15 1 14 73 4 31 1 7 3 26 10 44 8 87 18 97 2 19 13 52 9 14 5 23
10 63 6 76 0 83 11 44 2 11 7 63 12 87 5 17 18 85 9 72 1 44 15 78 19 20 3 21 14 48 16 63 8 92 4 7 13 56 17 26
13 75 9 66 12 15 0 85 14 61 11 79 3 4 4 63 5 73 16 72 19 18 7 84 17 2 15 55 1 69 18 79 10 66 2 9 6 13 8 92
14 93 9 86 15 64 5 87 19 65 11 74 12 25 1 61 13 42 7 15 0 75 6 94 2 79 17 28 18 53 8 27 16 13 10 23 3 76 4 55
6 5 9 41 15 54 0 16 18 51 7 73 11 98 3 57 4 38 8 10 12 29 10 3 1 74 19 13 16 74 13 75 17 8 2 14 14 10 5 62
6 28 4 59 14 11 8 24 1 31 9 85 5 15 7 47 0 45 15 31 19 68 10 65 13 60 2 68 3 83 17 94 11 13 12 29 16 12 18 39
9 93 18 29 11 10 6 73 14 78 2 83 4 1 1 3 16 7 0 74 13 92 5 62 8 78 17 72 12 75 10 87 7 78 3 25 15 23 19 75
19 42 10 74 9 19 5 24 12 91 17 84 16 61 2 79 7 99 11 83 1 19 15 47 13 68 14 21 8 72 18 86 0 90 3 64 4 67 6 80
4 72 8 88 18 43 9 32 2 14 16 12 15 24 1 89 13 51 10 68 5 88 12 88 3 89 19 66 11 71 17 72 0 63 14 30 7 34 6 34
4 45 14 73 11 41 15 61 9 45 13 74 12 46 6 46 0 32 1 99 10 7 7 21 5 45 8 6 16 86 3 18 19 26 2 87 18 97 17 57
6 34 14 66 1 93 5 45 3 5 13 50 16 63 0 49 17 38 11 92 10 34 8 86 9 5 18 14 19 84 12 91 4 57 7 82 15 6 2 46
6 7 12 59 15 6 14 21 10 6 0 89 8 53 16 25 3 26 5 7 2 94 17 53 13 62 19 68 18 24 1 94 4 49 9 91 7 70 11 28
14 78 1 1 0 18 11 58 12 23 2 27 9 54 15 18 18 89 7 86 19 70 4 31 3 55 6 95 17 65 8 52 13 20 5 12 10 30 16 18
13 57 7 23 15 87 14 53 6 71 4 84 10 58 2 27 5 77 19 43 17 50 11 2 18 27 1 27 12 33 3 19 0 96 9 66 16 5 8 1
14 91 17 86 0 38 2 26 7 32 18 10 13 36 11 64 16 37 5 70 8 93 19 8 12 23 15 13 4 37 9 89 1 1 3 6 6 31 10 68
12 18 1 7 15 32 13 21 3 33 8 17 0 33 14 66 18 94 7 30 19 18 9 22 2 20 4 14 6 16 16 8 11 70 5 58 17 84 10 52
10 20 8 37 12 16 13 50 11 18 2 22 18 22 0 76 3 34 4 64 9 28 16 77 6 86 14 47 15 19 1 5 19 24 7 97 17 27 5 25
5 28 19 2 14 59 0 26 8 52 15 99 16 4 7 63 11 99 4 30 9 13 1 33 6 66 2 57 10 45 17 62 12 12 13 29 3 18 18 82
17 86 2 44 16 60 0 61 9 26 6 76 4 18 8 2 3 24 7 80 13 7 12 42 11 50 19 22 5 48 10 98 14 17 1 6 15 17 18 80
13 44 7 83 19 43 11 11 14 67 4 52 9 21 16 36 12 91 8 48 6 88 2 56 1 67 3 57 0 96 15 23 5 59 18 67 10 31 17 55
17 36 3 28 18 19 9 87 10 84 15 75 6 74 1 17 12 11 11 29 16 60 7 77 8 2 14 41 13 42 4 13 19 18 2 37 0 26 5 80
5 48 10 31 18 76 1 76 6 77 17 47 16 95 9 99 13 13 4 92 14 63 8 22 2 92 11 86 3 33 15 47 0 91 19 20 12 34 7 6
9 1 17 30 3 15 7 13 15 6 12 12 16 2 11 98 2 74 4 15 18 48 0 27 6 9 10 76 14 28 13 58 8 48 1 97 19 62 5 89
7 88 19 22 12 68 18 1 16 94 4 58 17 54 5 89 3 65 15 22 6 50 0 12 10 91 14 13 9 20 1 18 11 19 2 61 8 60 13 6
18 3 5 10 0 19 9 42 13 58 3 19 17 72 10 56 14 28 19 23 1 58 16 63 6 13 12 81 4 98 11 71 8 72 15 52 2 56 7 56
17 73 18 41 6 66 0 31 8 56 19 22 9 14 11 20 1 12 7 20 5 65 13 40 10 21 2 47 15 30 16 73 12 52 14 8 3 32 4 94
10 7 7 43 17 76 12 1 14 5 13 61 15 61 11 21 6 99 18 85 1 59 0 78 9 56 5 20 3 31 2 38 4 62 16 57 8 90 19 76
4 27 5 86 0 60 13 35 15 76 17 31 8 65 6 97 9 56 3 52 11 59 18 15 12 49 2 28 14 67 10 42 1 56 7 86 16 30 19 64
15 62 8 68 5 5 1 70 0 63 6 80 13 21 17 29 11 26 2 69 4 31 10 3 14 95 18 14 9 50 16 21 19 17 7 9 12 22 3 66
7 56 14 56 13 18 5 7 10 18 9 97 12 57 15 30 1 30 6 43 18 2 17 8 19 43 0 95 3 82 11 23 2 43 8 19 4 50 16 98
12 68 4 98 11 66 1 34 0 13 7 12 16 1 18 40 3 30 13 75 19 90 8 30 14 5 2 1 6 74 10 96 15 93 9 50 17 10 5 71
13 14 7 91 2 92 3 26 11 60 17 35 10 80 1 12 12 51 8 15 19 81 6 69 0 20 5 37 18 90 15 90 9 71 16 50 4 24 14 38
8 55 19 3 0 22 14 4 7 18 17 59 11 81 5 74 6 37 16 10 3 64 18 22 12 30 10 27 4 70 15 39 9 31 13 22 1 15 2 98
18 56 13 47 5 7 6 57 15 91 8 50 4 16 14 47 12 84 10 95 16 4 7 41 19 28 17 37 2 97 3 37 11 2 0 12 1 33 9 59
17 86 11 28 9 85 3 91 6 37 8 66 0 41 19 77 13 33 1 82 12 40 10 51 7 16 18 67 16 86 2 3 5 29 14 65 4 4 15 5
12 37 2 8 9 51 10 83 4 98 18 87 7 36 16 96 11 14 17 99 19 64 1 44 5 9 15 98 0 39 6 88 8 33 3 33 14 92 13 32
3 26 13 86 5 39 7 20 10 80 1 33 15 63 8 83 14 80 17 13 0 33 16 76 9 27 4 53 19 4 18 87 12 16 6 17 11 27 2 20
14 52 17 60 5 10 4 78 1 28 10 80 8 19 11 33 15 71 0 73 19 10 16 38 2 20 6 28 12 13 18 87 7 2 3 18 13 66 9 89
1 76 8 21 12 93 0 24 16 36 18 66 9 45 2 14 5 60 4 95 10 88 6 85 3 80 13 42 11 2 14 21 17 19 19 94 7 17 15 57
8 38 1 83 3 65 16 15 4 68 9 54 18 28 15 92 10 98 19 2 7 18 5 19 14 27 2 26 0 57 17 27 11 75 6 72 13 27 12 91
6 60 16 7 5 49 19 3 0 31 10 60 8 96 11 84 14 83 12 4 1 67 17 20 4 35 18 28 2 37 3 53 7 94 9 14 15 37 13 77
18 67 9 22 8 4 7 80 2 3 6 2 5 94 10 76 17 49 11 66 13 50 3 75 19 42 12 47 0 44 4 64 15 11 16 96 1 10 14 89
13 1 8 91 7 68 18 96 15 4 16 95 12 51 6 95 9 41 11 76 2 15 0 72 10 64 17 84 4 93 19 41 1 58 5 67 3 36 14 11
11 75 6 15 3 15 2 65 8 44 1 92 9 27 5 11 18 73 17 34 19 97 0 3 13 33 15 58 4 93 12 66 14 16 10 68 16 80 7 11
1 51 3 4 4 75 9 51 2 57 6 53 17 80 18 31 19 65 13 23 11 94 15 10 10 85 5 80 16 43 0 78 7 59 8 29 14 29 12 42
16 34 7 63 10 89 14 75 13 5 9 68 11 10 0 44 15 41 12 12 5 59 18 64 17 83 4 95 19 76 2 63 6 56 3 34 1 86 8 37
19 69 15 26 18 98 8 76 6 22 0 89 4 36 12 7 11 88 14 9 7 43 9 44 10 88 2 69 3 86 1 47 5 67 16 87 17 19 13 11
18 59 14 47 19 23 5 27 6 58 11 32 12 57 0 29 13 62 2 13 3 13 9 51 15 41 1 8 10 20 17 93 4 31 7 52 16 25 8 11
16 41 2 18 18 56 19 12 5 56 10 92 17 85 3 37 8 96 12 43 0 11 4 50 13 64 6 65 9 32 14 97 11 90 7 41 1 51 15 69
2 42 11 82 0 36 15 5 4 73 13 51 5 58 6 30 8 37 16 32 7 80 1 86 17 69 12 34 9 76 3 47 10 37 19 23 14 55 18 23
0 53 3 87 11 31 10 5 1 13 4 23 19 30 7 68 8 28 15 22 17 85 6 93 2 31 14 67 12 52 13 22 18 34 5 24 9 85 16 21
0 20 9 9 5 26 1 44 16 27 7 12 12 7 15 40 11 73 13 1 19 44 18 90 17 82 2 62 14 41 4 99 8 48 10 47 6 40 3 54
2 47 6 89 18 67 3 84 11 26 1 52 8 22 14 31 4 79 13 17 10 92 9 91 19 21 0 54 15 85 16 34 17 9 5 40 12 57 7 98
2 54 0 87 16 41 6 57 13 58 9 6 5 55 19 22 4 99 18 50 7 11 1 65 3 45 11 96 10 69 17 23 12 45 8 34 14 95 15 89
5 17 16 13 6 31 11 54 1 67 13 43 8 71 0 19 7 88 14 54 3 59 15 47 18 75 9 77 19 97 12 33 2 53 17 29 4 51 10 9
6 81 15 72 4 21 16 28 18 34 13 54 1 53 2 63 8 75 3 29 12 20 19 77 0 72 11 10 5 97 7 3 14 44 10 53 17 16 9 17
17 13 5 97 4 50 8 34 2 45 3 22 19 50 7 50 14 75 16 64 1 76 12 11 13 21 11 37 0 83 9 56 6 27 15 15 18 95 10 50
1 74 17 85 18 53 2 58 3 55 10 1 12 80 4 20 5 24 9 18 8 43 14 15 15 20 16 61 0 59 7 47 11 94 6 43 13 54 19 36
13 45 1 83 18 94 4 70 19 30 5 69 8 34 3 59 2 25 9 72 6 47 12 35 11 8 17 86 15 53 7 77 0 26 10 26 16 94 14 3
13 93 18 92 15 34 2 78 10 15 12 37 16 29 11 99 7 83 8 90 1 88 0 57 6 27 14 70 9 72 3 10 19 39 5 16 4 76 17 45
19 64 0 37 5 53 13 17 1 68 3 62 8 17 16 15 10 84 2 30 9 80 15 74 12 60 11 67 4 29 7 58 14 95 18 74 17 25 6 68
13 32 2 10 5 2 1 90 8 31 0 22 7 57 11 84 16 28 4 68 15 13 17 60 18 80 14 60 19 25 6 98 12 32 10 99 3 24 9 11
5 43 16 22 2 95 15 13 19 38 7 9 9 33 8 50 18 13 6 60 13 91 10 75 3 20 14 99 4 15 17 57 12 83 1 58 0 31 11 90
12 5 13 41 5 5 9 18 15 71 4 14 6 93 10 81 3 99 0 4 7 68 16 84 11 94 8 37 2 83 17 68 14 73 19 22 1 65 18 42
11 3 14 21 7 59 9 71 2 51 6 13 3 17 5 34 16 63 12 83 19 1 0 69 10 45 17 39 8 98 13 35 1 87 18 56 4 40 15 89
0 70 14 11 4 4 5 92 11 35 2 38 16 47 10 37 1 24 7 79 13 37 3 41 8 65 17 68 19 39 6 22 9 11 15 59 12 7 18 99
10 50 13 43 8 46 18 14 0 87 12 28 11 4 5 12 9 20 2 76 14 2 4 38 3 60 6 70 19 29 1 63 7 25 16 26 15 48 17 86
3 34 11 26 12 23 5 35 1 37 8 23 4 80 6 3 16 38 9 37 7 19 19 74 13 37 14 4 17 18 15 45 0 47 18 77 2 66 10 51
9 92 7 34 1 33 17 74 19 24 12 85 3 82 16 95 2 7 14 71 13 6 0 1 8 85 18 26 4 73 15 3 5 45 10 18 11 32 6 90
0 97 4 98 11 37 6 96 9 99 15 8 17 31 8 68 18 30 14 67 16 60 13 10 2 90 19 15 3 86 7 15 10 6 5 76 12 61 1 50
4 82 2 96 17 1 7 20 19 18 12 35 18 63 1 77 6 67 5 66 16 75 8 86 9 85 3 72 0 31 10 2 15 50 11 37 14 21 13 78
11 85 15 95 7 19 10 11 8 61 9 99 2 27 3 4 19 95 16 8 4 94 1 35 6 58 14 98 0 3 17 68 5 77 13 90 18 5 12 22
4 95 6 70 2 2 15 20 5 25 18 83 0 8 3 45 19 65 13 52 14 2 8 9 1 39 11 71 12 88 7 45 17 56 9 24 10 47 16 53
15 27 18 50 12 49 10 11 19 90 1 76 7 63 17 56 6 30 9 51 8 95 16 26 0 81 5 4 11 69 4 59 2 7 3 40 14 8 13 29
7 84 0 22 19 12 17 28 11 76 8 89 3 92 4 95 13 25 1 9 18 53 12 44 6 33 9 17 5 99 16 83 2 49 14 96 10 81 15 92
16 76 5 31 19 25 11 27 10 87 7 92 6 16 1 4 3 91 17 16 4 53 0 17 9 40 2 16 15 17 13 69 8 68 14 33 18 19 12 7
8 30 12 70 14 31 18 98 19 43 2 81 10 42 3 8 1 45 11 39 0 68 15 18 7 25 6 73 13 45 9 27 16 12 4 42 17 51 5 47
8 96 0 67 14 84 12 2 16 84 1 26 10 27 9 63 15 79 3 20 7 37 11 12 4 75 17 57 6 64 5 78 13 98 19 58 18 34 2 16
5 77 3 92 2 98 19 5 15 51 7 68 11 87 12 39 6 20 1 35 18 71 0 14 4 46 8 57 9 84 13 12 16 16 14 64 10 83 17 18
2 11 13 68 4 35 12 31 11 76 3 57 10 98 5 10 9 63 8 6 15 73 0 1 16 77 19 81 18 42 1 84 6 98 14 32 17 73 7 36
1 83 12 82 0 86 18 97 6 78 10 65 17 36 9 33 4 2 14 35 8 54 11 37 15 65 3 95 5 4 13 83 2 85 19 44 16 99 7 2
3 93 18 64 7 87 13 53 16 7 14 94 15 77 2 24 8 18 12 57 4 33 1 37 6 23 5 87 10 86 9 47 19 4 0 20 17 89 11 34
10 90 16 6 5 2 3 32 1 60 6 84 15 15 8 27 17 17 11 40 7 1 12 86 14 21 9 66 0 80 4 79 18 79 19 47 2 51 13 29
1 30 18 3 16 53 5 78 13 35 7 46 17 99 12 81 0 57 6 36 2 80 14 82 19 11 8 29 9 47 3 60 11 16 4 32 15 60 10 13
12 36 9 28 17 57 7 5 11 27 13 18 14 40 5 68 2 10 16 83 4 2 18 85 6 69 3 40 10 46 8 57 15 11 0 31 1 54 19 57
0 75 5 73 17 54 6 47 16 9 14 8 18 5 12 95 10 33 19 44 13 8 3 88 7 13 15 99 9 80 1 91 4 16 2 70 11 17 8 97
13 23 15 85 3 60 5 57 0 55 16 21 10 94 6 81 2 76 1 77 7 75 8 86 18 39 9 71 4 71 17 82 19 69 11 59 14 7 12 20
2 4 16 39 8 94 3 65 7 76 15 59 14 8 12 87 18 55 1 26 4 72 5 58 11 66 9 37 0 79 10 9 17 98 6 21 19 37 13 44
