100 20
6 56 18 26 7 15 10 75 2 43 11 68 0 67 17 94 19 42 16 22 9 63 12 93 5 96 15 86 13 68 14 38 3 39 4 4 8 19 1 33
6 59 18 64 1 45 17 41 7 59 11 52 19 78 4 59 5 47 2 86 15 22 0 44 13 49 12 89 8 44 14 61 3 8 9 83 10 44 16 50
19 76 1 78 15 41 4 36 14 20 17 98 0 18 18 49 12 18 10 78 2 60 13 16 3 12 5 10 11 2 9 85 7 83 16 38 6 10 8 28
13 9 2 2 0 4 14 30 6 48 17 1 19 61 8 82 4 51 11 11 18 82 1 6 10 51 16 98 7 36 9 45 5 26 3 32 12 24 15 5
1 56 6 96 17 77 4 69 10 7 7 84 2 19 11 9 15 46 9 11 16 67 13 98 19 90 3 92 14 86 18 25 5 79 0 25 12 6 8 77
5 47 19 41 0 83 14 97 3 38 8 60 4 5 7 96 13 81 17 5 10 38 15 88 12 63 11 56 16 12 18 71 1 63 2 20 9 48 6 55
19 25 13 43 12 64 6 60 17 36 15 39 2 70 7 63 1 9 5 72 10 47 16 84 0 59 8 53 11 63 9 38 18 69 3 30 4 89 14 70
7 68 14 9 4 49 8 56 0 91 17 23 19 73 3 44 9 88 10 81 16 12 18 27 12 20 13 18 2 7 15 84 11 83 5 44 6 96 1 75
19 47 0 48 14 18 18 93 7 80 13 66 17 61 15 92 2 29 5 24 16 97 3 6 10 35 6 8 8 67 11 90 9 73 4 84 12 27 1 10
2 19 7 17 4 33 6 36 3 73 18 9 19 17 1 15 16 52 9 5 12 98 13 62 10 23 8 49 17 16 0 25 11 54 14 53 15 92 5 43
8 69 17 82 1 36 16 46 0 67 9 28 3 54 4 42 14 28 10 27 12 12 7 73 5 53 15 6 11 90 18 29 6 23 13 33 2 32 19 18
18 78 9 27 17 83 1 57 8 35 6 49 2 84 12 2 19 5 13 20 14 52 0 40 10 26 11 37 7 44 5 32 16 22 15 43 4 89 3 2
7 13 10 44 8 81 14 49 11 68 4 3 9 38 6 20 0 39 1 72 15 73 12 83 16 60 17 59 3 91 13 86 5 92 19 59 18 48 2 32
6 81 1 19 19 34 8 13 0 37 9 43 16 25 13 78 4 6 12 13 18 47 5 57 10 85 7 34 17 77 15 52 3 66 14 69 2 84 11 2
5 61 14 48 12 15 7 15 10 31 9 45 8 37 6 92 4 62 2 60 17 13 19 28 15 19 0 98 3 78 13 39 1 71 16 59 18 45 11 72
4 26 0 87 17 17 6 75 11 89 1 79 10 21 15 21 5 22 2 23 13 80 19 83 14 96 3 46 18 84 16 61 8 52 7 67 12 38 9 21
10 55 11 99 18 95 8 60 19 86 15 88 14 25 5 58 0 91 6 96 13 40 7 81 17 52 4 38 1 33 3 79 9 99 2 64 12 31 16 40
19 3 7 42 0 5 16 93 10 66 13 39 4 88 8 50 12 44 11 8 9 62 14 51 1 26 17 52 5 27 18 29 3 48 15 43 6 22 2 94
5 57 9 82 10 84 0 53 4 17 11 42 17 75 19 75 3 82 8 87 1 82 12 99 15 74 16 44 14 44 13 83 2 5 6 55 7 64 18 49
11 93 19 37 15 4 8 20 2 12 5 52 7 63 10 61 16 49 3 83 6 37 13 66 14 35 4 9 12 26 1 57 9 33 18 35 17 55 0 70
2 54 9 61 5 97 18 93 4 64 11 62 8 11 3 92 10 39 6 52 14 26 15 48 7 56 19 57 16 74 1 1 17 65 0 76 12 78 13 14
8 44 4 28 14 67 6 79 16 28 2 84 13 92 3 49 0 60 5 39 10 8 15 47 7 16 12 81 19 15 18 24 17 46 1 2 11 91 9 40
0 39 2 37 15 75 13 84 1 16 8 69 9 69 16 52 18 94 4 16 7 55 12 68 10 32 6 89 3 55 17 77 11 33 19 96 14 43 5 59
15 74 10 80 3 94 6 15 14 21 5 22 19 23 0 1 16 99 9 94 7 17 1 18 11 92 2 83 12 25 18 51 17 84 4 6 13 82 8 21
14 10 6 87 1 93 7 88 10 75 11 87 16 71 12 13 0 77 8 9 13 86 2 4 15 47 9 35 4 81 18 11 5 11 19 42 17 70 3 94
5 50 16 64 7 25 19 82 8 59 6 3 13 19 10 49 4 45 1 80 2 85 3 63 18 66 11 82 12 60 9 60 17 12 14 3 15 82 0 96
0 85 13 40 7 40 6 20 10 84 1 55 19 86 2 38 15 90 3 84 17 40 11 47 5 90 12 8 9 31 18 69 4 59 16 82 14 98 8 56
6 65 11 26 8 24 9 79 1 89 5 15 15 54 7 71 14 68 10 35 17 66 18 16 12 17 13 92 19 93 16 86 2 84 0 62 4 15 3 47
8 58 13 39 3 30 17 55 0 64 15 63 1 69 12 22 16 97 5 6 18 38 10 96 4 4 2 19 11 86 19 24 9 29 14 70 7 33 6 98
1 21 18 65 5 26 2 4 4 40 9 64 19 10 14 36 6 15 0 81 10 56 12 13 17 98 11 22 8 30 15 64 16 20 7 84 13 62 3 27
16 75 11 25 7 8 0 30 15 56 2 60 12 67 13 53 18 57 17 7 5 16 1 42 19 5 3 93 14 56 10 94 9 3 6 32 8 82 4 16
15 59 12 60 10 14 6 24 4 69 14 93 17 67 11 97 7 17 1 15 16 20 8 67 19 64 5 76 13 39 3 86 2 81 18 95 9 28 0 35
1 97 13 46 11 44 16 21 15 78 0 78 5 56 14 8 12 47 18 94 4 67 19 59 8 29 3 94 7 2 6 55 2 49 17 35 10 35 9 37
16 49 18 67 1 87 2 86 7 14 17 36 12 18 19 44 0 70 10 66 14 53 9 98 13 9 15 40 8 68 11 8 5 95 3 77 6 74 4 67
16 16 9 58 4 46 18 65 6 80 13 22 10 12 8 30 0 55 12 16 7 12 11 37 2 28 14 24 5 76 3 13 15 36 1 97 19 82 17 80
5 81 18 95 15 43 13 89 7 94 17 77 2 21 6 3 3 83 12 1 16 66 0 17 10 70 9 52 14 9 8 30 11 24 1 14 19 87 4 92
8 13 6 85 16 8 14 64 18 98 17 16 12 6 7 50 0 64 19 90 4 79 11 88 3 19 5 40 10 28 13 24 15 16 9 95 1 56 2 73
9 50 11 44 19 25 18 98 5 97 13 11 2 99 4 56 10 65 6 22 15 83 17 95 0 72 8 13 12 17 14 91 7 81 1 64 16 70 3 19
12 57 9 92 10 93 17 58 15 14 3 27 5 37 2 56 6 47 19 55 4 97 14 80 16 58 11 41 8 97 1 50 18 35 0 16 13 5 7 85
11 96 16 56 13 95 15 38 10 44 14 68 4 47 2 99 3 90 1 91 6 45 8 87 0 87 17 39 7 23 9 7 12 25 19 9 18 39 5 41
1 21 3 28 18 15 8 57 15 86 12 82 14 83 5 29 10 4 16 73 13 56 17 48 7 58 0 53 4 33 9 64 19 38 2 47 11 11 6 19
1 55 10 35 9 41 19 24 5 70 0 8 3 79 4 60 6 35 11 20 7 35 2 8 12 27 8 98 15 52 18 89 13 39 17 36 14 32 16 47
10 14 15 78 16 57 2 82 5 16 1 1 8 22 19 46 4 72 12 52 0 87 9 83 13 63 14 34 3 95 17 93 7 81 6 63 18 43 11 17
10 73 3 90 15 5 6 54 18 81 12 95 13 11 2 29 11 54 0 52 16 49 7 49 9 76 19 5 5 22 14 57 17 70 8 51 4 79 1 40
6 45 14 34 7 18 12 67 11 34 0 17 1 61 16 25 5 34 3 19 17 14 4 47 8 6 15 90 19 39 18 40 2 73 13 29 9 35 10 40
8 7 12 54 0 16 16 8 7 5 18 12 15 73 14 58 6 5 17 28 3 92 2 98 13 56 4 9 19 40 1 76 11 15 5 23 9 39 10 23
13 76 15 92 3 97 9 2 7 20 8 92 5 58 0 46 1 33 12 19 16 28 14 32 6 56 11 93 17 56 2 19 19 8 10 81 18 86 4 89
13 60 8 91 10 16 18 33 6 27 1 91 5 89 9 73 15 96 2 72 17 7 12 61 3 81 19 77 7 27 4 31 11 29 14 73 16 44 0 12
19 99 10 14 18 29 6 62 12 74 7 88 11 52 13 50 9 23 15 38 0 12 2 48 8 89 14 18 1 2 4 63 16 26 3 14 17 47 5 38
0 57 17 43 3 63 11 98 15 92 2 96 12 18 5 42 13 22 1 95 16 49 19 77 8 42 6 53 4 76 9 61 14 43 7 80 10 75 18 96
10 47 9 23 11 12 14 89 6 75 15 76 13 93 3 62 7 71 1 52 17 1 19 21 2 84 5 32 18 22 4 83 16 82 8 14 0 82 12 70
2 83 13 49 16 58 7 1 19 13 17 30 4 25 18 94 6 26 14 73 3 31 11 71 5 57 15 57 12 59 8 14 9 76 10 23 1 49 0 95
17 14 2 16 7 25 9 75 3 18 8 97 16 39 0 7 1 24 6 96 19 61 11 94 5 38 12 59 10 52 13 99 18 86 14 24 4 86 15 41
14 7 13 34 19 57 8 19 0 44 2 93 17 98 10 8 3 25 12 38 1 18 16 37 5 32 11 58 7 87 9 53 4 69 6 46 15 1 18 84
2 79 14 77 13 14 3 67 10 28 16 21 19 62 7 42 0 68 17 47 11 60 5 61 12 10 6 80 4 93 8 40 9 25 1 69 15 68 18 24
9 22 4 34 2 62 8 71 3 67 5 36 0 44 1 45 15 26 13 52 10 6 17 29 12 75 18 59 11 20 19 65 7 71 16 66 14 94 6 67
15 9 8 48 7 26 19 10 0 94 16 12 11 58 13 29 12 67 4 71 6 50 9 39 10 90 5 86 18 97 2 66 17 86 1 91 14 69 3 79
16 85 5 3 8 40 2 72 1 25 15 95 6 57 12 96 18 59 9 59 7 62 0 78 14 24 3 68 4 43 19 2 10 46 13 28 17 99 11 94
6 71 15 90 3 95 14 49 0 69 19 6 18 48 7 21 12 83 13 9 16 71 5 75 8 54 4 87 9 13 11 45 10 20 2 83 1 25 17 22
1 81 19 68 6 78 12 82 11 70 0 14 4 54 2 52 15 99 16 95 9 24 14 90 3 92 8 12 18 59 13 49 5 56 10 87 7 61 17 60
15 92 6 81 16 20 10 20 5 45 12 87 8 61 3 40 9 14 17 94 19 88 13 31 7 40 14 40 0 85 2 51 11 13 18 88 4 60 1 73
15 6 11 66 8 22 6 27 13 78 10 78 1 65 19 47 4 84 5 74 0 70 12 84 7 68 2 98 9 88 14 78 17 92 16 56 3 29 18 72
17 15 6 23 0 95 4 32 1 49 11 71 12 7 19 5 13 90 3 2 14 59 8 71 7 26 9 51 16 10 10 78 2 3 5 50 15 86 18 37
3 47 15 91 7 60 12 16 4 89 16 76 13 48 6 24 2 19 19 28 1 67 0 4 5 53 8 93 11 45 17 15 14 95 10 23 18 37 9 35
9 9 15 28 5 86 3 14 12 44 8 30 2 15 1 72 0 69 19 59 13 90 7 74 4 18 18 62 6 90 11 59 16 69 17 55 10 51 14 77
17 82 8 10 13 87 1 12 6 4 3 15 11 19 2 81 4 13 9 3 15 12 18 31 0 69 5 55 12 95 10 54 16 53 7 68 19 3 14 54
15 30 8 49 16 84 18 14 1 16 3 69 0 68 9 31 17 60 4 27 6 53 11 82 5 39 13 24 10 61 12 30 2 98 19 44 7 6 14 77
18 4 4 18 14 88 6 34 19 18 10 3 1 44 11 64 2 44 16 80 8 6 7 34 9 64 0 6 15 97 13 35 3 25 17 17 5 24 12 22
12 44 17 52 16 96 10 80 7 61 14 98 3 64 13 1 0 68 11 86 1 78 4 24 5 88 19 21 9 75 18 70 2 24 6 24 15 20 8 50
10 81 0 26 17 70 2 80 9 66 11 80 19 48 3 15 6 57 13 64 14 77 8 61 16 37 7 56 12 67 18 4 4 13 5 74 1 86 15 17
10 56 7 61 3 79 6 54 12 20 14 91 18 23 16 90 13 21 11 36 2 67 1 58 9 66 19 13 4 2 17 53 8 47 5 30 0 3 15 42
18 90 5 30 15 16 9 6 12 88 0 73 1 19 2 9 11 43 14 36 7 93 8 41 3 33 17 22 6 58 13 66 19 36 16 88 10 12 4 13
2 30 6 54 5 2 19 6 15 91 16 13 18 6 4 38 10 85 11 7 17 16 3 7 8 72 9 54 13 73 0 80 12 66 1 24 14 60 7 83
2 99 10 6 9 22 0 11 14 87 18 7 15 49 3 70 4 66 8 69 11 1 19 16 6 35 5 27 12 57 1 14 17 43 7 84 13 53 16 77
19 67 6 50 18 99 10 62 7 74 12 20 15 32 3 66 17 95 13 59 11 18 1 77 0 51 5 54 16 37 14 68 9 66 2 94 4 19 8 65
4 96 16 42 5 65 3 60 2 6 14 17 11 41 9 31 19 50 18 28 7 24 13 30 6 4 15 45 17 73 1 14 0 77 10 58 12 18 8 36
16 64 4 35 17 16 18 60 8 58 11 64 14 62 15 74 0 56 1 54 5 12 13 3 9 27 2 23 10 24 19 55 7 24 6 30 12 18 3 98
17 81 16 10 7 16 11 74 6 60 10 86 18 17 2 3 0 84 19 9 1 15 12 34 14 61 3 93 13 95 15 71 8 67 4 24 5 57 9 95
10 96 5 67 1 93 12 76 0 27 14 86 8 89 4 52 9 70 15 96 17 94 13 1 6 2 16 24 7 29 3 18 2 25 19 59 18 15 11 75
9 62 0 44 5 44 1 12 17 90 18 65 2 62 8 66 12 55 15 99 11 21 10 71 6 15 7 2 14 91 4 14 19 7 16 92 3 73 13 16
3 14 7 63 19 32 5 67 13 43 0 86 17 95 6 39 2 38 1 86 15 34 18 33 8 4 9 10 12 24 16 26 10 64 14 98 4 72 11 64
7 29 2 93 6 15 4 52 9 19 16 96 13 97 12 13 1 58 3 65 10 99 11 39 14 26 19 12 15 14 0 3 5 55 8 74 18 9 17 94
12 53 11 62 1 86 9 62 19 70 18 47 10 37 13 29 5 7 2 59 0 9 6 4 4 96 16 73 15 14 8 62 7 4 3 10 14 79 17 17
14 60 15 14 18 20 2 6 3 40 5 26 19 87 9 8 6 6 13 56 8 37 4 76 7 21 16 7 11 49 10 74 1 52 12 30 17 26 0 42
16 53 12 2 18 5 3 64 8 4 19 12 15 16 4 46 10 52 6 49 5 38 13 6 11 55 1 99 7 66 9 93 17 59 2 99 0 33 14 35
16 80 1 34 15 53 19 33 4 86 3 23 6 47 11 59 0 43 10 26 13 62 18 80 9 52 14 39 5 27 2 23 17 74 7 80 12 67 8 7
16 51 4 87 9 68 19 12 13 98 12 8 8 54 6 81 1 53 14 33 7 17 10 45 17 66 0 59 5 54 11 50 15 19 18 73 2 33 3 43
15 31 6 63 12 34 7 88 3 58 4 36 16 82 1 53 5 56 11 89 8 62 13 22 14 25 0 57 19 77 10 62 9 1 2 30 17 17 18 74
19 75 18 68 1 47 6 16 16 74 0 28 13 59 8 68 11 70 5 79 2 43 14 23 9 64 4 44 7 30 12 12 17 5 15 71 10 28 3 82
8 68 9 97 18 56 17 58 1 3 16 70 3 39 0 56 10 35 15 66 19 18 13 77 7 70 12 76 4 18 2 9 11 19 5 9 6 10 14 68
5 36 6 3 2 42 14 59 18 89 17 89 16 28 4 23 15 61 1 35 19 35 8 18 9 81 12 62 3 35 11 38 13 20 0 54 7 42 10 98
13 51 5 82 6 7 7 10 4 51 14 42 15 38 2 93 11 36 8 20 9 47 12 66 1 86 0 6 17 77 10 84 19 76 18 14 16 19 3 42
10 53 14 83 15 80 6 50 8 73 0 19 2 31 9 62 12 69 3 28 5 86 1 17 11 3 16 36 19 63 4 24 13 90 17 24 18 92 7 92
11 85 3 50 18 58 9 13 14 95 2 45 19 29 10 48 5 89 8 78 4 42 15 50 12 2 16 16 13 92 0 99 17 24 6 59 7 12 1 64
3 97 17 29 15 4 7 67 9 84 1 40 19 40 6 82 18 50 5 25 10 67 13 3 0 21 2 35 8 60 16 5 11 54 12 23 4 37 14 24
4 64 15 13 11 24 13 17 1 17 19 42 17 93 16 76 7 61 9 68 18 82 5 25 12 78 10 45 8 4 14 88 2 87 6 73 3 66 0 95
13 13 6 25 1 72 9 5 17 77 5 94 2 14 3 41 16 95 11 54 15 28 10 53 4 8 0 13 7 93 18 1 12 97 19 19 14 51 8 37
16 22 18 97 0 17 4 80 15 34 6 71 13 29 8 12 2 75 19 3 14 12 5 92 11 85 17 93 10 14 1 12 7 22 3 73 9 50 12 74
18 46 17 91 9 65 0 88 3 45 4 10 19 76 7 89 2 86 13 34 11 74 14 49 8 66 6 2 10 95 15 67 1 66 16 59 5 7 12 83
8 37 11 35 2 43 5 70 10 92 6 59 4 34 18 35 9 89 15 51 17 71 12 38 7 34 14 3 3 10 13 28 16 84 19 35 0 9 1 38
