100 20
7 8 1 45 14 40 15 51 2 15 4 56 3 87 12 77 6 83 18 52 13 43 9 78 19 62 17 17 5 28 8 96 11 89 0 12 10 38 16 76
19 26 3 3 13 26 7 64 10 85 1 96 5 25 4 13 8 66 18 69 9 25 2 4 15 82 14 49 16 37 11 45 12 58 17 55 0 27 6 35
5 12 7 8 14 83 19 95 0 18 1 41 10 40 8 67 12 75 4 82 11 55 15 1 16 94 2 74 17 2 13 9 6 77 3 97 9 23 18 45
12 85 16 84 4 69 13 89 3 82 9 74 1 54 5 39 19 11 6 9 8 64 10 96 17 29 2 54 11 11 0 83 18 54 14 44 15 92 7 29
0 17 6 21 19 16 9 35 2 82 11 65 15 10 7 75 5 42 10 41 14 43 16 11 18 14 12 18 17 31 4 16 13 45 8 56 3 3 1 75
15 12 8 9 5 10 6 90 3 72 19 48 0 98 18 38 7 27 1 83 9 67 12 51 16 80 4 42 13 1 10 93 17 3 14 90 2 12 11 88
14 62 4 37 18 34 8 32 1 97 15 15 3 40 5 9 13 40 12 99 2 68 7 25 0 55 9 7 17 9 16 40 19 68 11 46 10 29 6 24
3 8 6 11 13 64 8 86 7 78 0 97 15 80 14 88 9 45 11 14 16 91 19 71 10 5 2 58 18 2 12 76 1 47 17 23 5 62 4 80
12 5 4 9 13 63 8 63 2 49 9 79 15 40 19 36 17 15 0 36 6 42 7 20 11 30 18 7 5 12 14 3 1 20 3 53 16 94 10 75
17 7 8 30 4 31 11 68 18 97 12 31 15 10 9 21 2 52 13 33 6 76 14 33 7 72 10 85 1 68 3 74 0 69 16 96 19 53 5 44
8 53 15 60 7 18 1 50 17 85 18 9 13 82 19 81 4 28 10 81 2 16 12 9 11 23 9 42 14 67 16 19 5 58 3 42 0 54 6 73
2 9 6 65 4 17 19 35 3 98 15 84 1 60 7 55 13 18 11 67 8 27 5 11 10 54 0 34 9 37 18 32 12 63 16 46 14 33 17 52
14 84 6 73 4 59 10 52 15 29 17 37 9 55 16 47 2 81 11 4 12 19 18 70 0 95 7 38 1 85 3 48 5 99 19 78 8 16 13 39
1 98 2 79 10 48 4 95 9 18 17 50 16 52 6 14 7 80 14 77 12 14 8 7 13 70 5 25 19 7 15 60 11 70 3 3 0 38 18 5
6 17 19 41 14 88 4 9 2 56 12 3 16 90 18 84 10 33 13 17 11 45 3 32 8 99 1 50 15 54 9 53 17 3 5 20 0 94 7 44
8 96 0 21 17 91 7 81 4 68 6 37 10 96 2 62 14 52 16 85 3 67 1 45 15 2 13 77 11 35 12 70 9 43 19 72 5 15 18 89
6 82 11 33 1 44 19 14 4 52 0 98 17 54 9 34 2 53 16 1 3 69 14 47 13 41 10 69 15 13 7 65 8 33 12 82 5 65 18 70
10 83 13 22 17 69 16 60 1 90 11 69 9 23 7 80 14 75 6 29 19 67 15 24 12 82 4 46 5 73 2 67 0 47 3 24 8 6 18 60
0 73 11 56 2 47 18 69 6 2 9 43 1 39 4 81 8 62 17 86 5 3 13 98 15 64 3 7 12 53 14 35 19 89 7 79 16 29 10 3
2 23 11 60 12 28 19 87 14 1 17 35 10 20 9 73 16 89 3 5 5 40 4 46 1 92 13 49 7 12 0 85 15 86 18 47 6 47 8 6
16 17 3 63 8 91 1 89 19 80 11 80 9 67 0 26 14 61 13 28 2 49 7 76 4 21 6 30 12 83 17 37 5 97 15 32 18 59 10 74
13 83 4 94 19 39 16 37 1 18 12 32 9 19 11 24 2 51 10 48 17 63 3 51 18 4 15 22 6 73 5 8 0 42 8 71 7 17 14 49
14 80 11 83 3 15 9 7 12 34 16 69 7 12 5 81 15 68 18 26 17 20 0 7 8 57 10 33 13 32 6 46 2 30 19 15 1 62 4 33
9 35 14 90 5 72 13 29 11 35 12 28 1 34 16 74 18 80 15 82 0 37 19 49 10 66 17 74 6 90 4 11 7 86 3 97 2 75 8 15
16 1 3 53 9 19 17 81 6 32 18 3 2 30 19 27 10 2 0 1 5 94 15 53 13 67 4 65 7 3 11 18 12 23 1 23 14 65 8 76
12 48 11 66 2 83 9 8 1 13 16 94 7 13 17 92 5 90 19 89 0 31 4 73 8 32 10 86 14 23 15 17 18 81 13 51 3 85 6 92
1 98 0 43 14 23 16 90 4 78 17 8 2 24 9 96 10 76 7 59 18 9 3 55 15 25 13 65 11 57 8 61 12 96 19 88 5 44 6 40
0 21 5 87 12 28 8 28 2 86 4 90 9 90 19 72 7 21 11 58 3 39 15 72 1 44 16 14 18 72 10 69 6 23 13 94 17 91 14 29
18 56 17 74 2 76 19 36 5 98 10 40 14 54 12 65 11 41 8 40 15 3 9 48 4 41 7 52 6 37 16 97 13 94 0 31 3 60 1 46
2 62 10 8 7 16 9 74 11 41 13 76 19 52 16 10 1 29 3 75 8 93 17 60 5 73 4 27 14 50 15 4 18 9 6 24 0 60 12 87
0 50 14 80 19 94 15 58 11 13 4 79 1 67 6 70 10 63 9 23 18 3 7 4 8 8 5 41 16 20 13 66 17 46 2 97 12 68 3 94
16 85 15 55 9 73 5 33 12 37 7 51 17 88 13 5 10 73 3 17 4 16 18 48 1 75 11 48 19 26 6 3 14 35 2 58 8 15 0 96
2 97 12 32 16 12 7 11 10 84 4 35 11 45 19 13 17 59 0 96 18 80 14 54 15 62 9 62 1 16 3 17 5 4 6 95 8 86 13 66
17 50 13 95 12 2 5 50 19 78 0 6 18 50 1 90 14 75 16 3 4 95 10 83 3 87 9 45 11 44 7 2 2 89 6 83 15 47 8 67
8 3 11 24 6 98 3 48 19 64 4 99 1 46 14 18 5 40 12 65 0 52 10 48 18 49 13 57 15 15 17 78 2 11 16 22 7 60 9 31
5 94 16 33 8 43 15 55 6 72 4 92 12 80 19 62 0 66 1 47 18 55 10 1 14 7 17 42 9 62 2 25 13 20 11 80 3 64 7 98
14 69 0 54 1 71 8 46 7 12 9 68 4 70 10 43 2 45 19 75 13 59 15 95 17 85 16 90 12 26 5 46 6 64 11 15 3 53 18 97
13 58 1 91 7 36 10 61 0 14 11 9 2 40 4 2 14 49 8 48 17 84 12 16 9 94 15 22 3 61 19 46 5 90 18 77 6 16 16 61
7 35 18 8 11 82 14 93 13 71 4 46 12 48 6 64 8 66 9 77 10 98 17 20 15 97 16 79 3 61 2 85 0 13 5 58 1 2 19 44
5 86 18 69 3 69 9 70 11 66 7 80 16 4 4 22 15 95 19 38 2 75 10 30 12 37 14 83 6 12 13 54 1 70 8 1 17 52 0 75
11 6 2 15 18 43 5 10 8 41 9 65 17 86 1 16 7 65 0 76 10 2 13 71 6 46 3 45 12 97 15 85 4 62 14 87 16 81 19 54
8 67 7 61 6 16 4 81 14 62 5 17 1 54 2 56 17 76 15 95 16 27 3 58 11 49 13 79 19 30 12 23 18 62 9 67 10 68 0 85
4 84 6 1 14 54 19 12 12 32 15 90 8 46 16 46 9 46 17 22 2 96 18 83 11 78 0 98 13 70 10 45 7 87 5 22 1 31 3 55
9 3 5 90 11 19 12 13 7 65 2 38 14 35 4 11 19 17 1 66 15 99 13 31 6 75 17 42 3 6 18 57 0 40 8 3 10 69 16 14
17 94 8 45 0 21 19 61 4 89 5 54 18 66 10 2 14 71 3 30 1 22 15 87 2 13 9 89 12 15 13 36 6 52 11 47 7 29 16 51
11 83 10 75 14 53 12 48 18 52 6 84 17 11 8 57 0 38 4 1 3 25 19 77 5 21 13 59 9 69 15 36 2 37 7 28 1 99 16 18
8 97 0 52 9 99 18 54 15 49 2 33 5 83 17 17 3 63 12 31 1 62 19 59 4 23 10 60 13 88 16 94 6 44 7 29 11 59 14 13
16 58 19 71 10 71 9 48 4 97 11 82 3 42 8 74 18 43 0 93 15 27 13 19 12 69 17 80 1 12 14 50 7 34 2 87 6 16 5 39
18 27 13 14 10 81 2 59 12 90 16 81 8 58 5 58 3 68 1 72 0 36 11 42 4 98 14 34 19 16 9 92 15 60 7 20 6 95 17 88
0 8 18 24 5 39 10 45 14 35 1 94 2 20 13 55 16 4 19 49 8 30 15 31 6 35 9 61 17 75 3 85 4 22 12 97 11 67 7 17
10 32 7 64 17 34 18 40 6 55 14 79 5 67 19 80 13 65 11 72 16 26 1 34 15 71 8 11 0 24 3 41 9 98 2 53 4 47 12 5
5 67 6 54 4 20 17 51 13 56 0 94 15 95 7 75 14 74 1 36 11 82 10 15 19 43 2 85 18 56 9 54 12 99 16 37 8 11 3 35
8 50 0 49 3 36 9 18 19 57 7 60 12 94 13 9 16 48 17 9 14 63 5 17 10 2 2 48 11 19 1 39 6 52 18 80 4 53 15 41
14 64 1 89 6 23 0 25 12 22 10 87 2 14 13 29 4 55 3 27 8 97 16 94 9 79 7 53 19 58 11 24 18 86 5 33 15 77 17 69
12 8 1 81 3 82 14 44 13 33 19 60 11 48 7 81 10 6 17 65 16 9 15 81 9 69 4 45 18 33 0 19 2 43 6 89 5 94 8 33
19 47 1 8 15 38 2 10 16 35 4 79 7 33 12 11 3 33 8 26 5 89 0 37 11 44 14 25 9 65 17 99 18 15 13 3 6 75 10 7
14 3 9 1 2 78 17 37 16 50 11 55 4 82 15 36 13 81 0 90 5 59 18 63 10 52 19 91 1 43 3 65 8 25 6 13 12 82 7 52
11 99 7 34 17 75 2 94 19 47 4 98 5 33 13 80 9 8 15 34 18 84 3 91 6 76 1 93 8 54 14 53 16 39 12 76 0 74 10 47
4 12 18 6 10 20 2 25 16 92 7 40 13 31 14 52 6 92 1 20 19 78 17 30 9 10 12 38 8 28 5 1 11 32 3 92 15 44 0 49
2 9 3 30 1 68 12 66 15 58 6 35 4 62 18 11 17 88 16 26 7 67 0 39 9 56 8 4 10 99 13 26 11 20 19 69 5 33 14 14
8 69 3 87 5 56 14 39 18 8 11 7 16 2 0 62 9 31 13 93 7 21 4 19 12 31 6 14 2 29 10 77 19 11 15 61 17 66 1 92
13 8 7 87 18 88 0 80 15 71 2 82 19 60 4 71 1 17 17 92 8 33 11 86 14 89 10 40 5 4 12 43 6 40 3 62 16 88 9 69
3 92 0 31 16 83 11 55 2 67 17 72 12 98 10 82 5 73 7 48 13 12 14 38 8 99 19 55 4 24 1 23 15 49 18 59 9 38 6 86
14 94 4 29 2 3 18 84 7 25 12 6 16 93 11 51 3 7 6 38 9 16 19 99 13 36 17 82 10 4 5 40 0 4 15 34 1 42 8 48
4 5 7 49 8 31 9 86 19 90 6 53 16 83 13 13 12 72 1 26 17 83 18 56 15 57 3 1 0 99 11 6 2 75 10 83 5 56 14 19
2 19 18 48 4 56 0 1 7 56 15 31 17 9 10 17 6 51 12 28 5 97 8 99 9 65 16 1 11 77 19 37 3 67 14 75 13 71 1 91
1 46 18 15 11 37 13 42 10 95 15 82 6 98 17 81 4 61 5 83 3 4 12 53 2 1 16 27 19 32 14 4 8 22 0 36 7 41 9 85
13 13 6 76 5 94 12 36 11 5 2 19 17 16 16 48 3 60 7 2 19 96 9 17 8 17 4 96 10 89 15 95 0 18 1 63 14 82 18 39
12 92 1 25 4 31 10 22 14 50 0 6 16 67 15 40 11 34 2 29 3 53 6 27 9 65 7 27 18 53 8 9 13 78 17 83 19 87 5 17
17 16 7 16 12 80 0 52 1 11 11 33 14 93 19 43 9 65 8 95 2 59 10 83 5 53 6 72 15 36 4 57 16 5 18 45 3 7 13 41
18 22 19 44 10 19 17 9 3 42 5 38 9 23 11 20 7 90 4 57 8 54 6 52 14 66 16 68 13 50 15 22 0 21 1 53 2 74 12 40
2 84 5 11 18 60 4 3 1 83 11 25 12 45 17 81 9 36 8 57 19 33 14 65 15 62 10 92 16 69 0 83 7 56 13 7 3 93 6 48
15 49 13 4 12 79 17 50 4 87 16 30 0 82 2 61 6 27 9 3 8 9 5 28 14 7 7 46 18 57 3 55 11 77 19 76 10 51 1 67
1 36 10 50 8 28 16 12 11 90 7 34 19 69 4 99 3 32 9 53 15 1 12 28 13 94 14 12 2 31 5 95 17 64 18 96 0 6 6 23
11 85 1 52 0 5 9 32 8 15 17 85 19 18 3 69 13 33 5 19 14 77 4 95 12 61 6 98 10 43 15 12 2 42 16 60 7 34 18 36
16 45 8 50 13 75 9 10 2 55 19 51 6 26 18 27 10 49 0 46 11 26 12 69 17 21 1 59 7 48 15 35 14 29 3 93 4 59 5 22
10 95 12 34 3 37 1 45 15 6 5 85 8 23 2 2 7 9 4 95 17 91 11 43 16 97 18 12 13 43 19 98 9 78 14 69 0 8 6 44
4 39 0 49 9 64 19 24 13 28 10 51 1 22 18 19 7 29 17 19 15 68 14 88 12 58 6 64 5 89 8 35 16 35 11 1 2 83 3 26
12 87 15 19 1 96 8 47 13 58 16 19 0 13 9 79 7 57 18 55 6 88 5 68 17 48 4 65 2 50 14 56 3 67 10 93 19 41 11 27
8 49 3 16 12 37 13 16 17 23 6 47 2 14 19 11 15 64 7 13 5 30 11 81 10 22 16 85 14 41 18 70 1 83 4 47 9 2 0 39
0 45 19 11 15 8 1 37 4 1 14 85 9 18 12 56 5 54 11 89 18 46 2 91 6 66 7 78 17 86 3 91 16 53 13 59 10 48 8 27
9 46 2 97 7 17 12 44 17 36 19 58 0 55 14 13 10 20 15 56 5 28 8 83 3 52 1 23 16 70 13 85 18 31 6 98 4 39 11 23
4 52 17 50 18 52 19 30 13 68 12 6 16 1 10 57 9 25 6 91 11 44 1 95 0 51 15 91 2 21 5 21 3 5 14 53 8 64 7 41
10 8 5 42 14 3 2 42 19 68 15 39 9 51 12 1 4 45 7 86 6 73 1 75 11 59 16 37 18 14 8 7 17 85 0 19 3 46 13 18
15 92 7 42 13 23 9 43 17 24 0 12 6 18 19 80 5 23 1 30 4 34 11 95 18 34 3 27 8 13 16 51 2 27 12 91 14 69 10 92
16 34 9 29 15 27 6 64 12 14 13 73 0 17 3 42 10 49 4 56 2 24 1 63 14 49 19 35 11 41 5 14 8 60 18 67 17 74 7 72
5 24 1 77 10 20 12 65 17 35 19 28 6 60 16 56 18 1 13 71 3 13 9 72 0 9 14 21 15 79 7 71 8 47 4 17 2 59 11 69
8 33 5 16 17 85 2 82 14 53 1 60 15 33 13 88 7 75 4 87 3 53 0 2 16 43 6 7 12 94 9 92 11 90 19 25 18 75 10 11
5 59 16 56 3 94 1 98 13 32 11 16 6 27 9 77 17 60 15 38 4 90 7 26 18 7 2 23 14 71 8 20 10 85 19 20 12 61 0 43
8 40 19 29 18 95 1 12 12 49 5 42 13 50 0 79 2 57 9 99 6 16 16 32 15 11 14 97 3 31 4 58 11 41 7 91 10 59 17 78
19 94 16 74 14 50 5 96 3 67 6 99 18 28 4 33 12 1 9 56 10 17 15 43 7 37 13 9 0 41 8 60 11 6 1 58 2 90 17 78
5 37 1 9 18 71 9 53 17 84 7 81 10 92 4 53 0 29 15 74 3 34 19 57 6 3 16 41 13 11 2 88 11 18 8 75 12 4 14 17
11 46 18 55 5 36 6 69 7 92 17 46 4 22 13 43 12 51 0 86 8 95 2 39 9 77 15 25 1 68 19 85 3 69 16 73 10 49 14 8
4 60 16 48 18 17 7 11 17 56 5 56 8 70 13 78 2 35 1 65 9 44 14 91 6 54 15 70 19 17 10 84 3 80 0 11 11 14 12 98
17 67 3 29 14 44 15 24 5 1 7 80 1 93 16 71 18 18 6 94 11 95 9 75 0 98 2 47 19 75 12 71 10 52 8 87 13 26 4 17
15 64 12 65 0 57 5 80 16 90 3 95 14 70 6 47 13 19 19 77 9 36 1 64 10 30 4 85 17 23 7 44 18 70 11 98 8 38 2 37
12 55 1 57 14 49 10 48 5 90 13 93 7 28 2 34 9 38 11 74 0 22 16 78 19 51 3 74 4 82 15 59 18 94 6 24 8 59 17 56
9 73 0 98 14 9 10 93 19 76 11 46 7 34 16 86 3 5 4 36 17 85 6 12 1 20 18 18 2 33 5 26 15 41 8 76 12 48 13 1
2 22 15 99 17 75 16 31 4 67 9 79 3 82 12 83 18 33 14 37 6 44 5 55 7 70 1 15 0 58 11 8 19 78 10 46 8 85 13 12
18 91 6 5 9 79 7 98 5 62 11 80 0 50 15 11 3 57 17 41 2 68 16 21 12 1 4 24 14 54 19 50 10 31 13 12 8 98 1 3
