100 20
11 16 14 76 7 75 6 14 12 26 15 60 1 44 2 41 3 72 19 73 9 75 10 46 16 75 4 26 5 59 17 51 8 72 13 79 18 33 0 33
4 50 7 89 18 11 9 22 3 54 10 48 6 72 13 50 11 21 14 17 1 84 19 29 0 3 16 25 5 46 15 68 2 57 8 86 12 90 17 89
16 56 11 61 9 46 7 13 10 60 13 11 12 54 8 92 4 44 18 48 17 20 5 60 15 37 3 23 2 50 6 39 0 47 1 29 19 71 14 24
19 41 6 88 3 10 15 11 11 62 7 1 4 59 9 37 12 38 0 19 14 82 10 2 1 47 2 12 16 41 8 37 17 88 5 76 18 40 13 10
9 77 5 91 0 60 13 98 6 76 16 61 10 44 11 89 4 55 19 85 8 72 14 14 18 40 3 8 2 50 17 51 7 9 1 67 15 54 12 86
13 55 11 30 12 32 8 62 15 34 10 27 16 72 7 15 0 43 2 41 1 73 14 42 18 66 9 98 4 21 5 37 3 46 6 54 17 66 19 8
0 59 17 99 15 18 10 3 14 57 13 42 16 88 11 68 2 96 9 77 6 10 12 38 5 50 3 33 4 33 18 60 19 25 7 34 1 59 8 53
15 32 3 21 17 91 5 81 11 28 18 17 4 30 12 68 2 84 8 57 10 14 1 40 14 29 9 40 13 66 0 57 19 65 16 89 6 21 7 20
16 89 19 18 6 76 3 21 14 2 11 15 2 22 13 1 1 93 12 23 5 9 17 94 4 11 9 39 0 38 15 2 10 15 8 8 7 7 18 78
11 90 4 46 12 29 5 49 13 40 16 34 2 66 18 72 3 73 8 32 14 54 19 45 9 86 7 92 0 27 15 26 1 11 17 49 6 89 10 89
4 93 10 89 18 69 8 85 17 94 3 71 1 83 2 26 6 91 5 38 7 35 19 85 0 71 12 96 15 15 14 93 11 83 16 53 9 68 13 89
17 56 0 41 5 15 11 95 18 55 3 3 8 88 16 50 9 68 7 43 15 9 14 21 4 83 12 62 1 59 10 89 6 82 2 41 13 5 19 57
4 20 18 25 9 57 7 39 1 71 17 67 6 32 16 15 19 12 10 31 12 62 14 98 13 27 3 88 5 79 0 8 15 95 11 97 2 56 8 21
7 92 11 60 17 31 10 43 5 45 8 58 1 21 12 34 6 65 0 21 15 66 18 88 16 19 14 45 9 12 4 54 19 39 2 2 3 54 13 73
13 62 9 90 1 48 4 66 19 69 5 62 2 89 6 30 17 88 11 20 16 89 14 35 3 64 8 51 12 64 0 25 18 49 7 87 15 39 10 13
16 71 1 89 10 74 19 18 11 99 6 40 13 95 2 64 7 84 8 58 14 51 15 80 4 98 12 19 5 90 9 35 17 73 0 21 18 61 3 88
2 94 11 10 10 59 16 17 15 1 12 30 19 58 7 82 3 2 8 36 13 46 18 51 14 30 5 42 0 81 17 33 1 99 4 31 6 96 9 65
1 12 12 89 17 72 16 1 5 14 2 95 3 69 8 47 13 23 7 19 4 91 6 65 14 84 11 57 9 51 15 69 19 57 0 24 18 37 10 44
8 71 19 22 12 33 18 92 13 21 17 18 0 66 4 94 2 55 3 59 6 50 9 39 11 7 14 51 16 66 5 8 15 95 10 63 1 33 7 53
12 73 4 86 14 6 8 88 2 53 19 58 16 45 18 54 13 9 0 90 11 86 17 37 15 76 3 80 10 98 5 51 7 67 9 57 1 48 6 52
4 69 6 95 9 99 14 48 11 97 15 99 10 76 3 84 17 86 12 93 8 11 16 71 0 83 18 87 13 27 19 82 7 11 5 21 1 51 2 56
0 6 17 14 5 88 13 39 2 32 7 16 4 4 16 9 11 7 19 17 15 5 8 96 14 30 3 50 12 58 10 87 1 39 9 37 6 39 18 92
14 76 0 99 13 86 2 85 1 47 5 1 6 94 17 70 3 82 16 53 12 8 9 40 8 95 19 54 10 20 4 6 18 11 15 41 11 72 7 64
16 97 14 79 13 94 19 20 1 40 4 44 7 22 12 18 5 10 11 79 8 66 10 96 17 62 0 48 15 76 6 8 18 84 3 83 9 43 2 61
17 54 12 4 8 79 6 45 2 6 16 20 5 72 3 4 7 82 9 82 14 51 1 53 10 16 11 29 0 45 13 32 18 34 19 67 15 51 4 57
6 9 4 26 9 88 5 77 11 53 1 3 15 27 2 95 14 65 12 60 13 21 7 45 16 71 0 97 3 23 18 80 10 68 19 10 17 85 8 70
0 38 11 51 12 91 13 88 8 50 4 20 9 79 3 48 10 83 7 67 17 32 16 38 18 77 2 66 19 28 15 41 1 15 5 89 14 60 6 82
6 80 17 56 8 95 0 52 9 89 13 58 10 33 1 44 19 49 2 39 12 58 14 20 11 38 5 45 15 9 3 90 4 30 7 88 16 39 18 4
7 22 5 11 12 24 2 33 14 49 18 65 19 7 10 47 11 97 0 37 8 90 16 77 3 52 15 88 1 11 17 68 4 2 9 41 13 38 6 54
12 4 9 22 1 23 11 62 6 26 0 48 14 18 2 7 13 25 4 53 7 68 16 32 18 30 10 17 17 39 5 48 8 71 3 67 19 24 15 47
11 96 7 99 15 85 16 10 9 69 6 57 13 15 19 74 14 84 17 42 10 66 3 45 5 55 12 96 1 47 2 21 8 65 4 75 18 82 0 51
18 19 10 38 17 80 5 89 1 69 16 14 8 50 7 93 12 44 14 11 3 51 6 89 2 30 4 90 19 62 13 39 0 1 9 80 11 86 15 26
17 35 12 98 3 44 19 43 14 22 18 21 13 44 2 64 7 75 16 96 6 81 9 64 5 90 10 53 0 72 1 21 11 38 15 79 4 78 8 71
17 28 15 26 18 96 13 54 0 34 6 45 14 56 7 7 3 81 9 50 11 23 12 13 1 38 8 13 10 42 2 64 5 65 19 44 16 16 4 14
0 23 8 60 15 47 3 97 6 38 1 72 14 12 4 87 12 90 17 27 19 57 18 30 5 1 2 12 9 15 7 26 16 88 11 66 13 30 10 78
3 43 16 10 1 98 17 46 19 11 8 24 6 12 14 7 5 17 7 97 15 57 2 18 18 55 13 24 9 81 4 9 10 69 11 60 0 19 12 79
13 86 16 25 18 14 8 46 2 79 15 7 3 55 14 60 1 38 10 84 4 60 5 16 9 31 17 42 11 28 19 37 6 44 7 85 12 44 0 61
3 78 18 79 13 79 10 71 0 98 7 69 16 90 15 73 14 56 5 73 4 10 19 36 17 45 2 4 11 48 1 26 12 92 8 90 6 40 9 15
9 15 6 20 5 66 7 17 1 61 18 29 10 89 17 83 3 33 19 85 11 74 15 31 16 59 8 93 4 5 2 42 12 5 13 20 14 98 0 95
3 88 19 83 10 32 14 16 1 99 16 41 11 5 12 62 5 82 8 67 7 1 15 96 18 10 4 19 13 20 6 58 2 22 17 80 0 50 9 77
6 66 15 53 12 1 1 70 9 20 19 22 5 84 2 52 16 71 8 82 4 93 11 65 18 59 14 45 10 85 7 63 3 29 13 49 17 9 0 65
7 6 17 65 19 90 4 40 9 68 0 83 16 89 13 9 3 38 8 44 18 16 11 70 6 11 14 67 10 40 2 17 12 81 15 9 1 40 5 63
1 87 14 19 2 2 3 55 6 34 5 19 15 19 18 70 10 68 17 32 19 77 11 38 8 43 4 57 0 19 13 41 12 29 16 10 9 73 7 71
11 89 8 96 12 23 19 71 2 15 10 21 1 42 3 57 6 61 15 86 5 59 18 85 0 31 4 22 14 62 7 73 16 97 17 35 9 34 13 57
15 92 3 98 6 60 13 54 11 82 17 86 5 30 16 98 1 42 14 8 2 39 9 29 18 45 19 44 12 31 0 66 7 49 4 35 8 42 10 54
14 54 4 56 10 80 0 16 19 35 16 47 18 58 1 3 13 31 3 16 17 19 9 3 5 18 8 98 6 10 2 5 15 79 12 1 7 9 11 99
11 31 9 59 13 43 3 60 1 90 5 56 6 46 10 40 16 35 7 76 4 52 12 2 15 83 2 36 14 82 18 25 17 58 19 55 0 16 8 57
18 91 17 75 7 88 15 55 10 50 3 82 2 16 5 62 6 29 16 84 0 60 19 68 9 53 8 87 11 95 1 64 12 52 4 35 14 43 13 74
16 31 14 18 11 98 2 46 3 96 7 87 8 65 13 37 18 94 12 86 17 47 15 53 4 85 0 98 19 22 9 22 6 25 1 37 5 15 10 34
3 43 11 71 12 17 8 30 14 3 18 32 6 19 16 55 19 65 0 38 15 58 9 50 2 31 4 35 5 49 7 22 17 3 13 41 10 54 1 31
7 33 0 7 3 21 19 10 1 87 15 53 17 62 13 54 16 33 2 38 8 75 14 95 18 86 11 48 12 48 10 78 4 98 6 25 9 46 5 81
1 8 8 73 3 7 17 42 6 73 10 77 4 46 11 62 16 17 2 18 19 38 14 57 18 27 7 17 0 86 12 84 13 39 5 8 9 97 15 95
17 98 19 31 6 61 12 34 18 11 4 94 0 10 15 94 7 23 3 73 11 68 8 73 14 21 1 14 13 89 10 46 2 59 5 84 9 24 16 97
4 74 2 53 0 1 18 73 10 80 5 31 8 30 11 47 16 34 3 54 6 85 17 97 9 67 19 60 1 12 15 87 13 80 7 91 12 25 14 48
11 85 3 92 16 1 4 73 9 63 14 29 5 43 19 30 13 85 17 5 1 4 8 18 15 11 10 84 0 48 18 13 7 16 2 69 12 27 6 20
11 70 19 33 8 25 14 25 2 1 10 93 7 75 4 28 15 24 9 27 3 65 1 59 13 37 16 83 12 42 18 69 5 96 0 37 6 87 17 85
12 72 17 3 4 92 10 96 8 52 9 38 6 86 7 71 5 31 2 98 18 7 16 91 15 53 14 39 1 72 3 98 0 16 19 43 11 9 13 47
13 53 8 32 11 91 16 19 6 37 14 76 1 1 10 5 17 42 5 55 4 47 19 84 3 46 2 21 9 92 7 10 15 82 18 89 0 1 12 34
17 29 0 58 19 46 3 51 13 83 18 5 14 94 8 86 5 13 11 5 16 4 12 38 15 75 1 20 9 3 4 94 7 78 10 9 2 53 6 70
17 51 18 4 10 63 7 11 0 18 6 83 5 79 9 4 2 52 11 77 8 10 19 66 14 49 3 97 1 21 4 53 12 4 16 43 15 66 13 90
10 7 14 49 6 46 13 18 15 32 7 10 1 95 0 74 16 1 18 63 9 77 19 70 4 71 17 80 8 89 11 74 5 54 3 16 12 43 2 13
6 90 7 51 13 88 0 78 19 35 14 54 4 51 17 72 5 25 3 55 18 16 10 44 8 42 2 81 9 39 11 68 15 30 12 23 16 46 1 74
15 8 4 39 19 26 16 20 2 17 18 35 14 2 9 57 17 18 1 64 3 41 5 69 6 60 8 8 11 29 12 53 7 16 13 25 10 50 0 81
0 54 19 22 2 2 12 97 13 89 15 98 14 59 5 35 4 89 16 43 17 73 8 95 9 67 7 54 1 83 6 39 11 47 3 50 10 19 18 64
5 43 14 49 3 27 10 10 15 47 1 18 16 38 11 67 19 16 8 63 0 96 7 30 4 86 9 15 2 18 18 41 13 52 17 12 6 16 12 9
5 73 4 91 2 63 16 6 10 7 8 26 6 49 9 93 1 29 3 70 18 87 17 54 7 63 14 37 19 57 15 39 13 46 0 88 11 63 12 25
3 11 11 71 5 3 2 6 13 42 6 26 1 19 9 29 15 78 10 68 19 14 8 70 17 68 18 51 16 90 4 15 0 57 12 41 14 64 7 5
3 10 1 75 11 68 16 1 4 66 8 61 10 60 14 48 19 24 7 80 2 1 17 39 18 93 15 60 5 4 6 92 13 75 12 79 0 99 9 18
1 3 17 42 8 32 16 96 2 72 5 93 18 38 13 5 15 75 12 37 19 95 11 87 10 63 3 59 0 95 9 14 7 40 4 55 6 82 14 23
11 92 2 61 6 4 8 20 15 28 4 39 12 38 19 9 9 11 13 46 1 79 14 74 17 39 3 24 5 5 16 45 10 24 18 49 7 35 0 82
4 26 0 96 11 45 9 27 6 26 18 90 15 21 19 21 10 59 7 50 3 92 13 76 12 32 14 18 2 65 17 15 16 74 1 44 8 92 5 73
19 90 17 90 7 9 9 53 5 85 3 77 4 30 16 97 12 27 0 71 18 17 2 92 15 81 6 62 1 78 10 33 14 75 11 86 8 56 13 53
3 52 9 97 15 86 13 95 4 93 14 35 12 44 0 46 19 92 7 40 5 85 1 20 11 82 16 93 8 82 18 64 2 10 17 45 6 52 10 38
18 18 19 51 13 92 8 46 9 22 14 28 11 74 4 55 15 41 2 50 0 85 6 63 16 23 7 6 17 28 1 75 12 54 5 34 3 93 10 1
19 2 15 63 0 51 10 64 3 22 4 98 8 17 7 13 16 68 2 83 9 54 6 82 5 99 14 40 18 72 13 39 12 77 11 99 17 34 1 9
12 22 7 60 0 51 1 51 17 47 16 87 3 25 5 8 11 13 2 9 19 11 4 94 10 55 15 77 9 30 14 22 13 35 8 6 18 79 6 19
16 18 17 46 10 59 7 77 8 73 5 55 18 50 6 32 14 45 11 74 15 1 4 43 9 62 19 34 3 9 0 70 12 56 13 68 2 16 1 37
14 61 7 9 10 95 0 51 9 20 1 78 16 71 3 6 5 89 18 52 6 88 12 80 8 91 4 90 13 59 19 84 11 35 2 12 15 13 17 91
13 42 2 35 9 15 0 1 11 64 19 92 14 12 4 77 17 71 10 75 3 21 16 55 1 95 8 68 12 81 5 7 15 75 6 18 18 61 7 63
6 21 17 60 13 44 5 57 0 24 18 36 12 4 19 80 16 30 10 10 11 95 15 70 9 13 2 83 8 71 4 53 1 40 3 23 14 86 7 42
0 86 12 45 3 20 5 20 8 83 7 23 16 95 18 6 2 26 14 54 6 34 1 5 13 63 9 7 19 59 4 22 15 41 10 68 17 41 11 72
19 97 14 5 10 54 16 45 0 48 2 80 11 70 8 36 17 89 4 31 1 27 9 17 12 33 5 28 7 60 6 99 13 41 18 91 15 75 3 89
16 32 1 35 17 73 8 72 13 22 6 36 19 89 10 38 15 50 2 60 4 59 7 11 12 76 5 30 18 65 3 64 0 75 9 43 14 4 11 14
4 19 3 73 16 15 2 49 13 98 8 2 0 52 15 19 6 69 19 29 7 51 11 96 5 93 17 78 14 23 10 7 18 15 1 47 9 24 12 74
17 14 13 27 5 73 4 14 3 57 2 52 1 39 0 26 10 16 9 93 14 82 15 69 11 15 19 21 6 39 18 30 16 47 8 69 7 30 12 3
14 12 3 61 9 68 6 63 11 78 12 2 5 44 1 93 0 92 16 80 4 45 13 55 18 69 10 17 2 60 15 71 8 41 17 29 19 41 7 35
18 63 0 15 9 30 11 38 2 41 6 48 14 30 5 85 1 53 4 88 19 82 13 92 10 46 7 39 16 82 17 54 8 43 3 88 12 61 15 45
1 85 18 63 7 44 13 70 6 52 5 93 9 73 19 2 2 44 15 32 0 3 10 70 16 80 11 18 14 91 8 61 17 72 4 51 12 30 3 58
14 67 13 82 4 59 16 60 15 46 6 43 18 70 12 22 19 48 1 68 5 2 9 69 0 72 7 75 3 32 11 57 2 65 17 5 10 60 8 64
13 91 10 54 12 5 4 29 9 11 7 77 19 6 5 62 17 97 11 4 15 34 8 28 14 89 16 54 18 89 2 78 3 11 1 17 6 74 0 13
15 79 6 2 14 20 11 35 17 54 0 78 19 74 4 19 1 37 8 7 13 80 9 46 3 70 10 74 5 66 18 86 2 28 7 23 16 58 12 17
15 47 17 59 18 52 10 81 4 59 11 83 7 90 3 45 19 26 14 54 5 78 2 61 9 80 13 93 0 97 6 11 8 23 1 17 12 54 16 75
10 7 19 46 17 24 4 34 5 23 13 69 1 27 18 29 0 47 7 58 14 19 2 91 8 30 6 52 12 6 16 68 11 79 9 56 15 25 3 94
3 97 12 79 4 92 6 53 19 85 7 47 0 32 13 28 8 48 15 37 1 95 10 80 9 43 14 69 18 51 5 52 11 55 16 84 2 4 17 74
5 72 6 2 7 4 13 41 3 89 19 77 9 44 2 18 14 95 17 7 11 5 4 84 10 30 16 30 18 61 8 8 15 79 12 99 0 61 1 17
10 10 7 37 19 80 5 51 18 3 11 67 16 3 6 24 4 70 17 25 15 87 2 19 14 37 8 55 0 28 13 18 9 49 12 67 3 69 1 52
12 4 1 96 0 71 18 18 14 44 16 47 8 47 19 38 11 6 6 32 9 92 5 15 3 6 7 76 13 53 4 29 2 73 17 73 15 79 10 49
16 65 15 10 10 94 14 43 6 6 17 1 9 19 18 76 1 26 19 62 0 47 13 91 8 45 3 34 4 54 7 5 12 10 2 64 5 15 11 24
10 58 7 40 19 11 13 81 6 56 0 41 12 55 14 56 5 15 18 4 3 64 4 20 11 9 17 37 16 61 15 31 2 30 1 79 9 51 8 89
2 65 13 77 7 69 1 25 3 12 9 95 11 13 17 31 5 3 19 80 15 59 18 18 12 41 16 71 14 91 4 92 0 90 10 35 6 21 8 91
