100 20
18 63 10 39 6 28 8 48 17 43 9 76 14 72 11 61 12 25 16 74 5 23 3 51 15 75 4 88 7 61 1 16 0 55 19 60 13 54 2 10
17 51 4 15 19 98 2 98 9 24 6 18 5 95 11 82 16 20 8 90 7 10 15 63 0 84 10 67 14 68 18 30 12 85 13 17 3 22 1 95
3 59 9 96 1 54 10 46 0 67 18 46 8 29 15 33 12 65 17 57 7 14 11 37 19 94 5 63 13 59 4 44 14 47 2 94 6 52 16 41
3 67 17 53 2 12 7 83 18 76 14 56 4 24 6 39 8 11 15 16 13 53 11 42 1 34 16 22 19 52 0 52 10 64 12 25 9 97 5 43
2 55 0 66 7 17 3 97 9 41 13 60 14 48 12 92 10 47 17 4 5 3 18 34 1 36 19 37 11 52 16 90 15 49 4 5 6 46 8 5
12 90 15 66 1 5 16 95 0 42 14 85 13 65 7 85 11 2 18 64 3 56 10 15 9 31 6 17 19 29 2 87 8 62 5 98 4 91 17 59
0 96 7 43 17 16 6 7 2 83 1 79 3 75 8 77 11 88 13 88 18 91 12 28 9 82 10 11 19 93 4 10 5 96 14 77 15 29 16 44
4 53 19 77 7 5 14 40 17 99 8 77 2 53 18 4 3 67 12 7 13 12 0 88 5 27 11 51 15 24 16 94 6 31 10 7 9 44 1 4
5 48 14 50 4 32 11 18 13 17 9 38 19 31 7 7 0 69 10 99 12 88 17 14 6 86 3 63 18 43 16 38 2 46 15 16 1 48 8 23
14 52 5 34 19 69 1 18 15 98 12 97 9 58 13 42 6 71 4 72 3 16 17 97 16 51 2 12 11 15 18 29 10 88 7 43 8 15 0 52
3 8 18 11 11 12 6 79 0 12 13 55 7 44 16 4 1 5 5 77 12 7 19 73 9 88 10 66 17 86 15 10 14 39 4 58 8 73 2 23
9 94 1 97 0 62 17 92 4 36 10 92 18 25 2 59 6 87 14 14 5 19 13 54 12 97 8 95 3 43 11 88 16 58 7 5 19 83 15 74
15 3 1 64 11 27 5 96 16 97 3 73 17 49 9 36 10 49 7 50 12 70 13 19 18 58 6 64 2 82 0 90 4 69 14 25 19 52 8 63
18 12 15 27 10 74 14 2 17 95 1 78 6 89 3 33 12 63 5 79 0 49 9 13 11 71 13 32 8 61 2 7 16 99 7 67 4 83 19 48
12 83 2 64 4 24 1 12 18 6 10 24 3 38 7 22 6 75 19 64 11 77 13 46 16 17 17 31 9 14 14 4 15 96 5 95 8 33 0 8
16 95 4 38 2 69 9 51 5 33 19 18 0 85 8 96 10 92 3 27 18 79 13 73 17 90 6 90 12 86 7 84 14 46 1 42 11 72 15 29
16 22 2 85 12 98 15 60 1 89 10 30 17 76 5 66 13 82 4 47 14 99 3 63 19 74 7 5 6 83 0 25 9 19 18 84 8 55 11 76
6 33 9 94 18 83 2 67 3 81 11 53 15 58 16 40 8 37 14 60 13 15 10 54 4 94 5 12 17 11 1 5 12 54 7 77 0 43 19 71
10 47 17 10 16 73 4 1 0 89 8 53 5 31 11 93 19 24 6 16 12 87 14 64 13 20 15 29 18 19 2 88 9 70 1 23 7 23 3 42
4 49 10 45 1 65 13 14 18 77 17 64 6 29 15 92 11 53 8 7 12 87 9 65 0 27 19 79 3 65 5 58 7 86 2 20 14 17 16 46
15 12 0 83 18 31 8 39 3 25 9 90 19 90 14 58 4 80 2 40 6 49 17 62 16 55 12 3 5 90 7 45 11 10 13 25 1 9 10 29
2 80 10 70 1 98 11 36 7 97 6 97 13 37 8 97 15 65 3 69 18 10 12 63 17 21 16 35 5 50 9 48 0 3 19 80 14 82 4 6
3 70 10 30 0 30 14 93 9 61 12 85 2 70 7 36 17 59 8 6 5 86 6 62 11 80 1 37 15 68 19 67 13 18 4 61 18 63 16 51
6 42 14 5 13 71 18 28 4 87 15 36 10 30 19 9 16 37 12 41 3 53 2 42 1 91 5 28 7 43 11 21 9 71 0 8 17 77 8 76
18 95 7 61 3 43 17 72 10 9 1 4 2 87 9 25 15 25 14 75 11 68 5 90 13 65 12 38 0 69 8 18 19 13 16 39 6 69 4 27
15 32 2 25 5 41 3 30 0 34 16 70 14 97 4 88 6 35 8 36 10 76 18 28 7 52 17 89 9 74 11 32 13 78 12 81 1 80 19 51
18 93 2 50 5 94 17 1 13 83 8 55 1 81 14 82 7 10 9 37 6 54 11 95 19 53 4 73 16 42 15 55 0 12 10 29 3 71 12 16
13 2 3 10 19 36 2 12 14 37 16 19 4 54 6 30 18 34 17 42 0 4 7 58 9 2 8 34 10 35 15 9 11 96 5 15 12 48 1 58
19 46 2 89 8 65 4 38 15 54 0 58 9 24 11 3 5 94 10 27 6 78 12 33 14 23 16 27 1 21 18 23 13 88 7 25 17 93 3 38
5 77 4 58 7 88 18 86 16 35 1 25 12 87 9 55 11 36 17 59 0 51 13 25 6 64 8 97 15 70 10 61 14 78 2 30 3 72 19 62
5 82 8 69 9 21 1 6 3 91 11 44 18 24 16 11 4 35 2 74 15 61 12 23 7 47 17 60 13 82 0 5 19 82 6 66 10 13 14 91
11 25 16 5 6 95 12 23 4 91 9 68 2 12 15 83 0 70 5 1 17 33 7 6 13 70 18 31 19 31 8 3 14 29 1 60 10 82 3 81
4 19 7 33 14 44 5 95 13 49 0 58 8 71 10 44 12 92 17 80 16 23 3 74 1 85 6 19 9 98 19 7 18 91 11 47 15 47 2 36
18 46 1 19 13 99 12 5 3 27 9 56 6 64 19 96 0 88 7 26 14 30 8 50 10 61 11 67 16 46 17 91 2 22 15 3 5 37 4 96
4 42 11 10 1 31 14 92 15 72 13 26 12 61 16 35 0 15 3 22 7 69 6 26 2 46 17 30 8 49 10 90 19 47 9 7 18 60 5 60
2 32 11 85 4 32 17 74 6 50 9 76 7 31 3 80 15 14 5 2 14 64 19 67 10 39 13 97 8 79 0 27 16 54 18 58 1 12 12 85
10 56 6 41 17 90 9 85 0 37 4 90 18 42 13 62 15 51 1 98 7 26 11 62 19 92 14 57 16 41 2 77 5 25 12 83 3 12 8 6
8 33 9 65 7 34 5 24 10 97 15 69 18 96 12 81 4 87 13 35 2 3 11 32 17 82 0 42 14 68 1 44 16 13 3 16 19 28 6 17
5 58 19 43 11 70 3 24 16 47 0 37 8 51 18 21 7 53 12 21 6 82 13 19 1 56 4 4 14 3 17 53 10 61 15 84 9 65 2 75
15 54 11 90 14 99 18 10 5 78 3 12 19 96 6 6 10 31 12 44 17 83 7 70 1 21 4 69 13 76 9 48 0 68 16 22 8 61 2 44
7 52 2 78 15 12 3 11 10 20 18 33 1 53 6 56 12 94 13 54 5 36 8 51 16 7 19 37 0 73 11 75 4 79 14 13 17 54 9 68
18 44 9 43 12 23 6 59 0 59 14 18 1 83 19 70 13 66 4 30 11 73 5 83 2 2 16 61 10 27 15 31 7 93 17 33 8 38 3 65
8 24 17 38 16 42 11 33 2 99 10 2 13 41 3 92 5 26 9 80 12 96 6 91 19 66 0 76 7 24 18 5 15 95 14 90 4 20 1 83
3 91 7 15 13 88 14 99 18 94 2 27 5 72 19 83 12 17 16 5 17 82 0 31 10 86 1 21 6 71 4 62 15 50 8 26 9 40 11 91
1 56 3 87 8 52 10 32 5 77 9 61 11 49 13 17 12 47 19 27 6 75 15 27 7 2 0 92 4 7 14 11 16 5 2 33 18 2 17 34
13 4 8 30 15 9 10 75 16 99 0 6 11 39 1 6 9 21 12 93 3 23 14 93 6 58 2 65 17 39 18 31 7 51 4 22 5 89 19 34
19 36 2 29 16 41 11 21 1 70 9 85 7 93 17 8 4 46 14 95 15 8 6 60 3 1 10 55 5 67 18 7 8 54 12 71 0 18 13 85
14 62 3 7 2 99 18 26 15 54 1 15 6 31 0 55 12 2 19 70 10 82 5 31 8 25 16 31 7 79 17 18 4 35 9 22 13 25 11 95
7 68 2 55 8 97 9 44 11 26 13 4 10 88 16 14 14 12 6 35 19 99 17 85 15 59 18 44 1 46 4 17 12 63 3 16 0 89 5 65
1 8 7 30 9 25 8 86 13 76 15 82 6 44 11 17 0 76 14 62 4 54 17 60 19 5 18 78 2 28 16 13 10 89 3 30 12 98 5 56
12 37 5 92 7 10 9 71 19 68 16 67 8 36 11 9 10 60 15 24 6 23 2 78 0 53 14 50 4 60 3 68 1 65 18 98 17 82 13 78
6 22 11 45 1 98 18 46 12 66 15 40 8 28 14 74 17 27 5 52 7 65 3 49 4 46 10 79 2 67 19 53 13 77 16 97 9 75 0 31
13 61 12 95 0 31 11 63 2 18 1 32 9 19 16 64 7 63 3 38 19 86 6 5 4 77 10 65 18 76 14 48 8 32 15 5 5 5 17 17
17 65 16 22 19 62 4 14 5 80 18 24 7 27 8 26 2 44 15 37 3 66 13 11 14 21 0 36 10 54 1 41 11 50 12 62 6 24 9 13
4 54 18 28 6 85 2 49 11 71 8 77 0 97 17 29 5 42 19 56 9 74 12 47 14 56 3 44 15 88 7 16 16 13 10 2 13 61 1 39
3 30 7 34 17 75 12 57 16 36 5 42 10 85 15 27 0 54 19 71 18 69 11 37 8 99 4 21 14 9 6 63 9 46 2 56 1 80 13 18
18 75 8 94 19 99 2 60 9 41 4 47 17 69 11 37 5 58 3 86 1 86 10 90 0 7 7 1 14 24 13 89 12 56 16 34 15 46 6 25
18 21 10 8 8 99 3 68 15 15 11 76 12 35 17 86 7 59 2 48 13 94 9 32 1 79 19 9 16 81 5 43 4 72 0 86 6 5 14 72
9 57 13 97 3 83 4 48 12 89 8 53 11 17 17 58 6 93 14 88 10 17 19 42 2 90 5 4 18 65 7 40 15 68 16 23 0 69 1 59
19 98 5 14 8 37 2 2 12 73 18 82 16 53 13 62 14 32 6 25 10 83 1 41 17 89 9 44 4 6 11 83 0 13 3 74 7 54 15 3
4 88 8 51 9 6 18 99 13 27 15 4 5 38 16 40 7 76 0 55 3 51 17 60 19 83 6 64 10 98 12 6 2 67 14 33 1 87 11 55
15 63 16 95 13 28 5 86 0 28 10 43 2 9 12 95 14 71 1 62 11 34 19 6 6 55 3 83 9 27 4 53 18 61 17 10 8 82 7 51
12 84 2 93 3 78 4 12 11 36 18 45 17 8 8 49 10 74 15 15 9 31 14 99 6 92 13 89 16 88 0 59 1 91 7 60 5 70 19 81
11 27 14 1 13 76 9 23 2 29 17 53 12 28 6 70 18 13 0 78 5 13 3 26 1 95 16 8 15 15 7 47 8 4 10 94 4 10 19 41
17 34 14 3 7 54 6 18 10 71 13 50 5 70 4 9 2 61 11 79 18 31 8 15 1 41 16 56 3 94 9 86 15 24 0 70 19 25 12 41
7 9 0 16 15 53 19 35 8 61 6 72 9 80 16 4 5 49 1 26 18 78 11 24 13 26 10 52 4 29 3 93 2 97 12 42 17 63 14 46
1 32 10 99 18 33 17 90 4 45 14 97 12 57 0 57 8 14 3 91 16 39 13 1 6 59 5 60 9 15 19 85 11 88 7 84 2 32 15 37
9 97 4 54 7 83 1 28 19 49 17 35 2 36 16 70 13 42 14 42 15 58 3 20 0 47 5 97 11 45 10 64 6 92 12 30 18 63 8 41
13 54 15 60 14 99 11 30 17 28 5 60 10 19 8 57 9 59 2 73 16 17 6 12 4 66 7 75 3 23 19 31 1 50 18 47 0 44 12 72
3 65 10 41 17 19 19 32 0 73 15 34 13 4 6 28 12 72 4 2 16 21 8 44 2 90 5 29 7 26 1 78 9 74 18 42 11 1 14 29
9 11 8 65 5 44 11 86 10 72 14 17 12 40 1 99 17 19 0 48 15 9 6 83 18 96 19 11 7 3 13 64 16 97 2 71 3 76 4 42
12 92 3 56 8 18 14 35 1 4 19 47 18 71 17 14 0 47 7 61 10 29 16 11 9 46 4 8 2 96 6 24 15 98 5 26 13 86 11 91
12 42 0 16 16 94 2 34 9 99 5 24 13 86 14 10 19 72 8 16 18 90 4 72 3 27 6 93 10 48 7 85 15 68 17 69 11 26 1 62
14 26 9 93 13 23 17 21 18 18 10 78 5 28 2 84 16 57 3 16 19 35 4 98 8 45 15 73 11 51 1 73 6 9 0 41 12 72 7 37
15 45 17 76 13 32 14 91 5 93 2 94 19 22 18 72 11 65 16 63 4 11 7 11 12 53 10 68 8 9 6 89 9 26 3 12 1 70 0 45
8 93 14 68 2 45 5 86 13 88 3 17 7 87 17 11 10 10 12 52 1 60 11 26 4 29 15 45 19 30 9 94 0 39 6 19 18 8 16 96
0 15 1 23 12 85 7 3 9 15 10 98 15 15 11 10 8 33 2 40 5 27 18 95 6 75 3 42 19 72 16 67 13 15 4 65 14 28 17 54
9 27 0 80 7 37 1 28 18 56 5 92 8 72 11 53 10 77 15 6 2 5 12 72 14 1 3 50 13 29 17 95 19 43 16 44 4 62 6 54
13 68 7 67 15 2 14 81 17 10 6 31 4 19 0 16 2 96 9 56 1 76 18 28 10 29 16 67 5 84 8 52 11 80 12 86 19 67 3 84
11 88 17 82 16 45 15 54 0 27 8 48 3 85 12 74 4 48 19 45 2 56 6 61 14 98 13 48 5 71 9 42 7 69 1 64 10 64 18 25
19 85 11 94 15 52 0 22 12 76 1 32 16 9 10 67 8 84 14 27 7 72 2 64 9 20 5 33 13 67 3 88 6 97 17 73 4 43 18 23
4 15 16 53 2 4 12 5 9 41 0 27 1 69 19 38 10 67 8 9 18 63 14 79 17 75 15 20 7 1 13 63 5 25 3 79 6 51 11 10
7 48 9 50 17 88 1 7 18 18 11 78 8 46 6 95 5 43 15 75 4 22 2 9 10 53 16 95 3 40 19 91 14 25 0 57 13 17 12 13
4 36 2 73 15 94 0 95 18 78 11 68 12 1 9 53 7 81 6 17 14 79 8 61 13 15 10 96 16 27 19 34 5 31 17 95 3 28 1 57
3 94 6 43 18 7 0 44 15 41 9 57 5 25 17 60 12 95 13 80 7 66 11 71 16 29 2 60 4 12 1 57 19 37 10 99 8 18 14 51
2 28 9 47 14 33 10 87 11 76 15 75 18 56 0 24 13 77 8 57 17 81 5 12 1 1 16 53 7 62 6 14 12 44 19 51 4 48 3 36
1 56 16 97 3 15 18 54 7 65 19 18 6 96 15 15 2 28 13 21 11 27 17 89 9 1 10 24 12 45 0 22 14 47 5 93 8 59 4 74
0 30 11 27 19 41 1 76 15 33 18 45 9 16 12 60 5 43 2 64 10 70 8 64 13 71 4 22 17 31 6 74 14 83 3 80 7 22 16 38
4 18 15 94 0 4 1 34 17 89 6 3 9 98 5 52 16 60 3 68 13 66 19 74 7 14 8 9 14 18 11 86 18 22 10 9 12 21 2 9
11 76 17 9 16 61 2 38 4 56 14 28 7 2 10 52 8 11 0 42 5 98 12 40 6 2 19 22 15 19 3 47 13 18 1 2 9 64 18 90
11 82 3 55 9 75 15 74 0 3 18 12 17 8 12 68 13 8 4 54 14 44 16 60 2 40 8 33 19 77 7 22 1 69 5 46 10 78 6 77
7 41 13 13 5 73 0 50 8 27 6 96 17 41 10 70 4 32 15 55 14 92 3 99 18 71 16 83 11 69 19 83 2 84 9 6 12 26 1 28
4 59 17 39 18 43 8 91 16 96 13 49 11 77 15 74 9 71 1 78 0 41 7 23 5 25 2 96 12 93 6 41 10 71 19 53 3 7 14 31
6 88 4 51 18 60 8 40 10 49 9 69 1 39 19 94 7 67 15 70 12 50 16 29 2 89 17 82 14 35 5 62 11 26 0 46 13 11 3 26
11 58 5 71 14 61 2 24 18 67 4 4 1 82 3 63 12 90 19 83 10 81 15 49 13 52 9 56 16 71 7 31 0 63 17 77 8 33 6 30
11 23 3 61 4 84 15 59 2 75 0 9 18 75 8 30 16 26 17 18 19 44 13 39 6 20 1 78 12 75 9 70 7 99 14 58 5 24 10 41
18 54 2 35 0 80 8 4 3 65 16 93 10 1 9 75 5 84 4 60 17 92 13 70 11 86 6 55 14 64 12 46 19 15 1 2 15 23 7 20
1 85 2 70 11 35 0 8 4 7 18 60 6 94 13 75 10 21 5 65 9 12 3 38 14 45 7 78 15 93 17 75 8 27 19 43 16 35 12 4
2 7 17 11 1 92 18 62 9 79 16 61 7 64 4 43 19 80 5 71 13 72 3 54 15 12 6 81 8 37 12 89 10 24 14 35 11 79 0 6
4 7 2 2 12 80 18 27 1 7 11 30 3 75 8 63 0 75 16 65 5 4 7 28 9 6 6 63 10 63 19 40 14 68 13 44 15 99 17 29
