100 20
14 63 0 88 1 42 2 70 9 93 3 55 12 67 19 25 15 47 11 5 6 52 13 40 16 88 17 5 7 78 5 20 18 9 8 73 10 76 4 32
14 2 6 9 17 20 7 70 10 55 1 87 18 8 8 66 0 4 12 66 19 30 4 25 3 42 15 61 9 51 5 43 2 13 11 53 13 98 16 71
3 85 19 59 10 97 0 18 6 72 2 44 9 16 15 33 8 64 14 52 4 20 18 29 16 27 5 50 7 28 13 10 11 31 12 71 17 12 1 19
0 40 14 72 11 16 16 23 19 9 15 31 2 52 17 73 7 56 9 86 6 36 5 70 1 69 8 98 4 63 13 38 10 93 12 79 3 16 18 56
3 5 2 54 13 25 6 14 10 77 17 11 5 81 15 18 16 66 7 46 14 67 12 3 1 70 4 93 19 72 8 36 18 29 0 14 9 77 11 18
3 51 15 11 4 43 12 66 17 93 5 16 7 6 9 83 14 29 19 26 2 28 10 30 11 15 8 8 18 19 6 38 13 71 1 76 16 45 0 5
14 85 2 27 5 60 4 30 10 55 16 80 19 90 18 69 6 19 15 40 13 26 1 93 0 43 11 61 17 29 12 46 9 49 3 5 7 27 8 78
10 51 4 43 5 45 6 92 12 49 16 76 14 23 2 97 13 2 17 38 1 47 15 82 7 26 11 52 3 92 19 54 8 44 9 81 0 43 18 33
7 59 2 62 16 23 9 2 15 69 11 9 12 60 10 81 13 43 1 17 18 81 14 24 19 89 8 68 0 16 6 14 3 73 17 19 5 52 4 70
13 14 12 9 3 2 11 40 19 22 7 34 1 86 5 61 16 57 18 90 10 95 9 60 17 1 14 3 2 91 15 50 4 82 6 80 0 27 8 92
3 70 13 22 10 67 14 46 6 30 5 29 11 17 1 13 16 99 12 87 17 49 7 75 18 22 0 61 9 99 8 94 4 39 19 23 15 92 2 46
10 82 16 61 3 78 14 94 6 44 18 51 2 1 13 63 9 69 15 22 0 43 19 42 7 97 17 91 8 86 1 40 12 87 4 21 5 54 11 94
0 37 4 83 18 26 10 98 9 27 19 68 8 1 11 57 15 61 2 27 13 33 5 7 1 30 7 8 17 51 3 57 12 1 14 6 16 41 6 88
4 75 16 41 10 33 5 26 18 98 3 44 14 95 17 56 12 18 0 29 2 82 15 8 13 5 19 7 11 7 7 15 8 50 6 90 9 92 1 67
3 47 12 85 2 55 9 54 1 33 17 66 11 36 19 53 0 74 8 83 4 31 18 37 16 22 14 66 10 84 5 70 15 74 13 38 7 9 6 38
10 87 8 75 9 63 7 69 13 23 16 42 6 6 14 48 11 22 4 26 15 2 19 35 17 13 12 96 3 12 0 56 5 94 18 98 2 29 1 21
16 85 15 3 18 85 7 7 14 92 6 85 5 85 9 36 2 76 10 51 8 5 12 56 1 80 4 5 19 86 11 38 0 32 13 13 3 81 17 46
14 48 17 60 1 87 19 66 8 35 5 24 2 54 3 2 10 2 11 12 9 12 15 92 0 87 13 36 16 22 18 76 12 66 7 54 4 29 6 99
2 85 13 25 18 14 19 85 4 27 12 14 16 41 0 1 9 29 5 19 11 8 10 42 8 70 3 67 17 29 1 69 6 38 7 4 14 52 15 93
4 20 1 63 5 16 19 77 15 89 0 35 18 30 12 67 8 72 2 24 14 70 7 45 17 25 6 79 16 11 10 61 13 39 11 75 9 43 3 96
18 13 7 61 19 66 2 87 8 61 5 17 1 83 17 28 11 57 15 2 14 70 12 20 9 19 3 43 10 84 4 98 13 5 16 48 6 20 0 51
3 3 17 55 1 73 10 99 5 69 18 85 0 20 14 90 4 98 19 87 16 4 6 65 13 15 9 95 8 25 12 28 7 10 11 38 15 19 2 83
0 33 15 42 6 12 19 52 7 2 13 14 17 74 9 15 4 60 18 25 14 62 11 44 12 21 2 19 1 52 5 31 8 37 3 77 16 42 10 43
18 36 10 15 6 36 11 67 4 16 14 27 12 21 13 22 8 96 5 45 0 66 3 28 16 47 9 99 19 79 1 13 17 90 7 48 15 94 2 89
0 11 3 65 4 15 11 25 6 27 9 81 8 20 2 60 7 99 12 67 1 45 5 68 19 99 15 45 18 19 14 1 17 37 16 55 13 36 10 84
4 87 15 6 13 54 2 7 11 87 0 15 3 67 10 96 1 60 9 61 18 5 19 49 16 92 14 15 17 11 12 93 5 83 6 82 7 82 8 30
19 77 3 76 17 61 11 93 8 45 9 48 13 5 14 4 2 24 0 57 5 80 6 1 4 49 7 88 10 98 12 60 16 34 1 39 18 48 15 72
11 16 5 57 16 28 8 54 18 43 12 51 7 21 17 8 1 33 0 8 10 3 4 27 6 46 19 81 9 56 3 97 2 78 14 74 13 10 15 33
19 6 13 56 15 46 8 32 12 19 2 15 4 40 5 7 10 7 1 71 16 94 3 78 11 96 18 80 0 93 6 74 14 94 17 50 9 8 7 2
3 74 9 26 6 88 5 40 4 27 1 81 16 35 0 80 18 54 15 15 17 9 8 73 10 63 2 78 14 1 19 4 12 26 13 39 7 83 11 86
17 66 13 87 14 8 1 39 16 24 2 23 3 39 19 62 0 48 18 72 15 22 12 63 10 59 11 62 7 23 4 19 5 84 8 54 6 25 9 93
8 11 17 97 13 72 16 63 14 4 6 86 3 63 7 60 18 77 9 40 2 34 10 86 12 88 15 99 5 44 1 64 11 81 0 67 4 60 19 16
13 4 18 24 4 81 16 59 7 68 15 81 19 49 14 39 1 8 8 16 17 14 5 70 10 96 2 83 11 99 12 58 6 57 0 22 9 11 3 73
16 49 14 34 8 79 13 68 12 69 4 56 10 21 2 52 0 95 19 10 18 74 3 25 6 90 9 87 17 75 15 18 1 62 7 9 11 86 5 73
0 74 15 57 4 43 5 3 16 65 17 84 13 85 11 3 6 94 9 43 19 37 2 80 8 25 7 41 18 79 1 44 3 36 12 75 14 19 10 85
11 59 10 45 7 98 13 17 14 13 2 80 18 47 6 86 17 55 9 44 1 77 19 27 3 31 8 63 0 30 5 47 4 86 12 79 15 2 16 96
11 88 18 71 6 36 0 27 12 45 17 90 10 9 9 27 7 43 13 44 15 65 5 7 14 89 1 13 3 56 19 46 8 89 16 27 4 9 2 53
0 3 18 29 19 44 1 29 15 64 14 17 13 35 6 5 2 28 4 50 8 37 7 38 9 45 10 70 16 68 17 56 3 83 5 73 11 48 12 25
12 15 10 58 6 46 7 84 3 78 15 38 5 93 14 93 4 6 18 36 13 4 0 24 2 9 17 34 11 8 1 10 19 95 16 60 9 1 8 38
13 15 7 27 4 72 5 28 2 52 12 2 15 9 3 31 6 57 0 92 16 55 9 10 14 95 11 46 18 98 8 86 17 21 10 88 19 55 1 78
8 99 2 40 13 92 16 12 3 67 14 43 6 16 4 93 11 73 17 23 10 15 12 27 1 34 7 20 0 75 19 74 5 49 9 26 18 49 15 51
11 38 1 9 12 76 3 7 9 4 8 46 18 83 10 29 6 34 4 19 17 84 7 72 5 4 13 31 0 2 14 79 2 26 15 50 19 22 16 84
18 4 14 42 16 67 0 9 11 68 3 96 4 98 1 60 15 47 7 25 9 54 12 98 13 21 2 43 10 19 8 5 5 60 6 82 19 95 17 36
17 80 16 62 19 86 14 46 0 84 1 64 5 84 10 13 2 86 4 13 7 61 11 1 8 79 18 55 9 99 13 68 15 31 3 12 12 60 6 22
15 67 2 67 12 8 11 79 5 99 4 78 7 55 6 90 0 1 18 78 16 8 14 74 3 82 10 25 8 16 13 3 17 71 1 94 9 59 19 72
16 11 17 56 8 28 1 91 9 63 7 21 2 16 6 92 5 68 3 48 15 53 14 22 0 78 10 96 11 50 19 58 12 91 4 73 18 95 13 16
8 56 9 43 4 8 10 48 1 54 13 35 15 47 18 71 3 58 11 86 16 33 0 58 6 35 14 44 17 98 7 28 12 50 19 84 5 26 2 89
6 28 9 10 7 71 18 72 2 89 5 96 3 71 11 79 1 11 16 23 4 36 19 98 17 34 12 87 13 85 10 28 8 51 15 46 14 61 0 88
3 26 8 62 0 22 10 5 12 7 17 30 18 97 14 90 5 28 11 63 9 27 15 3 13 84 4 65 1 88 7 89 16 62 6 28 2 32 19 78
3 55 18 39 17 78 9 11 10 53 1 13 19 44 6 95 2 12 5 86 11 66 4 95 14 11 0 12 15 89 8 49 16 80 7 32 12 89 13 44
5 44 6 39 19 76 3 83 9 70 7 37 2 20 1 32 11 96 0 2 4 52 8 82 14 1 12 62 16 24 13 63 15 41 10 7 18 46 17 40
18 57 16 14 17 81 2 70 14 94 1 6 8 96 6 61 10 23 13 82 3 74 9 57 19 58 0 63 15 29 12 29 5 12 7 19 11 84 4 3
16 97 8 44 7 95 15 59 5 84 9 79 11 81 17 99 6 20 4 99 0 93 19 99 13 57 3 8 12 73 10 75 2 54 18 2 1 60 14 24
8 11 0 30 7 92 11 68 18 22 12 7 9 32 2 24 4 66 6 48 1 40 16 13 19 24 10 28 5 67 15 83 14 24 3 82 13 95 17 72
8 15 16 80 11 66 18 92 12 64 4 27 15 55 7 47 6 96 13 10 19 72 10 46 17 54 1 1 14 91 3 37 5 45 2 85 9 87 0 60
2 10 13 75 4 70 18 78 10 77 8 79 16 22 15 71 5 71 12 30 0 3 9 3 7 23 19 52 14 72 3 39 11 34 1 89 6 95 17 78
16 80 13 73 8 50 7 45 2 68 4 85 3 79 1 59 15 70 12 16 0 98 14 86 9 33 6 12 18 90 5 10 10 93 19 70 17 96 11 64
4 84 18 52 2 85 10 34 12 8 19 37 13 56 8 25 3 31 1 54 17 1 7 72 0 1 15 70 5 49 11 50 14 37 16 98 9 33 6 62
10 88 6 76 1 46 16 50 2 39 12 37 9 48 11 21 5 34 18 96 15 55 0 31 8 32 17 61 3 97 19 64 14 41 13 8 7 2 4 70
10 49 1 65 0 62 13 92 8 45 18 22 19 37 7 40 11 21 16 17 15 17 17 38 2 18 14 1 12 96 3 12 9 16 6 54 5 54 4 52
14 95 4 60 8 45 6 35 9 90 19 22 5 47 11 42 10 75 15 17 7 48 18 9 16 80 12 85 17 61 2 38 0 51 3 50 1 9 13 28
12 1 3 58 5 96 16 36 4 67 7 70 6 98 9 18 2 77 8 92 1 87 11 50 19 26 18 13 15 40 17 72 14 67 13 79 10 97 0 95
10 12 6 50 5 62 1 26 2 17 4 31 17 5 7 60 16 61 12 80 18 61 3 79 9 62 15 99 14 3 0 3 11 66 19 83 8 60 13 32
10 56 4 67 3 61 8 1 2 59 17 21 9 66 5 81 0 67 12 28 6 69 14 46 1 59 11 89 16 92 18 25 15 91 7 4 13 83 19 34
16 11 18 57 8 35 19 15 1 33 2 79 14 57 9 50 4 77 7 21 10 89 15 77 3 43 11 2 17 10 0 22 5 94 12 74 13 98 6 28
16 38 11 71 9 84 0 94 8 13 14 6 15 31 19 61 13 20 1 63 12 77 3 20 18 41 2 76 7 22 17 70 4 79 6 10 10 59 5 25
12 43 1 86 11 96 19 5 4 16 16 96 18 74 5 2 14 38 15 25 10 72 6 73 8 97 0 5 13 25 2 51 3 59 17 69 7 99 9 31
15 69 5 85 9 61 1 88 0 19 16 37 11 18 2 70 18 16 8 18 12 62 19 18 6 45 7 4 10 86 3 88 4 4 13 10 17 95 14 99
0 23 7 53 12 10 8 40 15 48 3 76 14 6 1 76 19 71 13 56 17 61 18 10 16 17 10 85 5 56 6 99 4 64 9 49 11 74 2 74
4 40 11 14 5 93 16 71 18 99 7 78 12 87 17 29 1 67 6 81 3 98 10 23 19 81 13 66 2 11 14 36 9 52 0 53 8 34 15 96
6 93 11 20 7 94 12 91 14 96 1 92 16 27 10 95 5 87 9 88 18 9 3 13 8 14 2 89 19 77 0 54 4 7 15 67 13 42 17 42
0 90 11 61 6 35 17 47 4 7 2 26 7 38 9 58 3 81 1 36 19 50 8 85 10 79 5 47 14 3 18 30 15 65 12 95 16 2 13 69
2 66 16 82 11 72 3 17 8 26 6 32 17 60 18 12 1 50 7 78 13 21 10 63 15 97 19 54 5 38 14 46 0 28 4 50 9 71 12 7
4 19 9 99 16 46 1 6 6 12 14 41 0 15 17 70 13 61 5 42 2 92 10 78 12 87 18 43 19 62 15 59 7 90 3 93 8 46 11 69
4 29 15 83 6 92 8 65 12 39 5 23 11 26 9 38 3 91 2 57 7 99 13 73 1 66 17 30 10 16 14 82 19 80 0 81 18 82 16 12
12 76 15 86 11 99 13 4 8 4 16 75 19 25 17 89 0 56 10 14 7 42 9 87 2 37 6 22 3 15 5 87 18 10 14 91 4 25 1 47
18 51 11 13 3 40 13 73 1 59 0 22 2 44 9 34 6 4 14 61 12 54 15 36 5 52 19 29 17 28 7 64 4 96 8 25 16 9 10 34
11 94 9 8 16 57 2 81 15 37 1 74 13 43 14 14 12 32 17 64 3 67 18 93 0 77 6 46 10 43 7 4 8 78 5 72 4 73 19 39
15 45 4 49 13 41 7 14 1 54 5 49 17 39 9 86 11 84 6 83 18 9 12 83 2 70 19 51 8 59 0 72 3 15 16 59 10 56 14 67
10 82 12 20 16 87 7 69 6 41 4 32 2 9 14 24 1 34 5 19 8 67 11 2 15 8 18 46 19 61 0 4 9 28 13 91 3 87 17 59
3 64 1 30 16 65 10 6 2 23 15 95 17 80 9 95 8 38 4 49 12 71 18 55 13 32 6 35 11 87 0 64 19 15 5 54 7 7 14 60
7 43 19 10 6 70 0 40 17 7 14 27 8 53 16 87 3 87 2 7 12 93 13 51 10 5 11 57 15 56 1 19 4 66 18 12 5 49 9 27
16 77 3 92 4 67 17 77 5 39 1 3 9 49 11 44 18 89 8 82 2 67 12 73 19 46 6 34 0 69 10 92 15 54 7 70 14 58 13 43
5 38 8 91 4 78 10 64 6 14 7 75 3 17 16 38 11 20 0 77 9 46 17 86 19 51 14 70 13 86 1 95 15 7 12 67 2 49 18 59
1 81 16 42 10 39 4 88 13 16 5 77 11 14 7 76 12 25 17 91 8 50 15 20 14 38 2 15 6 39 0 69 3 71 19 62 18 79 9 12
3 87 8 36 2 82 11 78 12 1 15 81 16 91 10 47 13 73 1 57 6 47 9 92 4 47 18 66 19 69 5 83 7 92 14 9 0 8 17 41
10 46 4 27 17 67 12 80 6 74 2 68 15 37 0 99 16 77 7 91 9 33 5 41 18 95 14 25 1 88 3 94 13 3 8 51 11 88 19 34
5 9 2 94 17 35 6 57 4 87 8 35 16 67 19 26 11 6 10 84 9 91 3 99 14 17 12 33 1 37 13 96 7 90 0 62 18 98 15 66
15 3 10 20 18 22 13 72 14 62 3 85 17 43 9 53 0 74 8 1 19 49 11 86 7 89 4 21 2 86 12 76 5 88 16 6 1 45 6 77
11 73 5 40 6 16 9 1 2 65 8 75 18 16 4 88 10 66 0 7 19 67 14 90 15 63 3 67 16 58 12 52 13 30 17 81 7 35 1 77
3 85 0 27 11 10 4 74 13 10 5 21 15 24 19 26 14 67 7 40 10 52 16 7 2 77 9 11 17 66 8 72 18 30 1 35 12 66 6 72
7 13 16 69 1 74 2 3 6 13 11 28 8 36 18 60 4 91 15 50 3 65 5 37 14 80 0 35 13 81 9 62 17 95 12 28 19 51 10 85
17 50 18 6 4 67 16 58 1 6 3 49 0 15 15 57 9 52 11 88 8 76 10 44 6 49 13 76 2 88 7 51 14 98 5 66 19 94 12 11
3 38 15 63 16 38 18 92 6 73 5 55 13 11 0 5 7 48 11 42 14 68 17 46 2 57 4 46 8 49 19 24 12 13 10 80 9 64 1 29
4 8 16 80 18 6 3 9 7 94 17 12 0 35 5 27 8 92 19 68 1 91 9 42 13 81 11 33 15 81 10 68 14 19 2 14 12 30 6 6
7 96 6 24 4 71 14 28 15 82 11 84 10 9 3 87 8 97 2 27 5 51 12 43 17 17 19 29 16 5 1 31 9 65 13 40 0 62 18 76
18 26 7 24 16 81 19 62 4 1 6 95 11 19 9 89 8 9 15 9 3 97 2 59 14 76 10 82 0 17 12 25 17 31 5 27 1 41 13 57
12 99 0 36 3 36 7 25 5 41 14 73 2 56 10 94 18 49 19 47 9 33 16 8 15 59 13 15 4 40 17 47 6 21 8 30 1 61 11 70
18 72 1 46 5 53 6 7 10 14 11 16 0 82 2 38 3 2 9 8 19 51 14 28 7 64 12 48 17 34 13 58 16 26 8 17 4 86 15 78
15 32 19 63 11 58 16 81 8 87 4 78 5 78 10 55 7 67 0 85 2 85 9 42 18 17 13 88 14 90 3 97 17 14 6 25 1 21 12 78
