100 20
16 35 5 48 14 91 17 33 3 33 6 22 18 47 4 79 11 36 7 42 15 64 9 11 13 59 2 37 1 59 12 91 8 23 10 39 19 40 0 19
7 72 0 81 6 42 19 29 18 9 14 12 11 19 12 1 5 55 17 61 2 66 9 68 1 3 13 42 4 94 10 55 15 71 8 21 16 72 3 71
15 59 3 39 4 48 1 89 2 47 7 67 12 22 17 2 14 19 11 4 18 31 16 24 9 59 8 85 6 66 5 68 0 82 13 61 10 29 19 2
12 87 5 32 3 36 14 30 11 72 6 79 13 75 7 75 0 58 16 73 9 13 1 13 8 77 15 96 19 5 2 63 18 67 17 47 4 34 10 91
15 92 3 39 16 41 19 99 2 98 6 55 11 15 0 66 7 72 4 46 14 16 8 20 5 35 17 11 1 69 18 75 13 98 9 72 10 98 12 99
2 43 14 36 18 20 8 63 16 69 4 95 13 58 15 98 9 3 1 29 12 15 10 57 5 73 3 48 7 14 19 35 0 47 11 15 6 67 17 36
7 90 3 99 9 85 2 19 11 88 14 63 8 42 6 5 19 1 0 40 17 33 16 22 18 66 13 63 15 40 12 21 4 64 5 61 1 67 10 96
13 67 1 67 5 8 3 8 4 17 14 61 9 92 12 45 15 7 16 93 2 36 0 80 11 4 8 22 6 26 18 2 17 22 7 57 19 79 10 26
13 85 6 2 15 53 19 36 11 79 18 11 17 85 3 16 0 33 16 83 7 61 4 93 5 54 14 60 9 21 12 76 1 72 8 67 10 87 2 4
5 90 11 55 16 2 14 7 17 40 7 64 13 6 15 5 0 74 6 56 8 89 19 23 3 92 12 5 2 66 1 49 10 25 9 31 18 79 4 6
11 25 12 57 3 24 9 57 5 76 14 58 4 71 15 3 1 55 0 53 7 77 16 59 13 62 2 15 10 17 19 5 17 65 6 47 8 81 18 63
5 21 10 23 6 3 3 1 11 80 8 63 14 59 18 46 0 9 16 72 2 90 12 77 4 57 13 82 9 19 15 45 17 37 7 60 1 58 19 92
8 68 19 40 4 81 9 29 18 97 13 70 7 22 12 99 0 86 1 41 14 27 3 34 10 95 17 49 15 27 2 85 16 18 6 18 5 16 11 71
6 90 12 61 0 9 7 12 13 58 11 35 9 92 5 91 14 68 10 54 2 78 19 44 18 84 16 81 8 50 15 58 17 55 1 5 3 89 4 80
7 68 9 15 4 55 17 42 10 70 15 6 1 35 0 6 5 62 12 84 8 64 3 29 2 1 6 40 16 59 18 2 13 48 14 98 19 51 11 75
11 9 0 8 12 56 10 75 19 32 1 28 8 56 4 6 16 62 3 21 2 69 17 12 9 9 14 11 13 58 5 72 15 62 7 12 18 18 6 61
16 32 0 70 1 41 13 86 8 26 6 37 7 4 9 13 19 52 15 41 2 54 10 17 12 31 18 20 5 38 4 92 14 17 17 84 11 87 3 21
8 43 16 12 4 96 13 53 2 10 5 84 6 74 0 45 7 52 1 70 12 14 14 88 9 35 17 55 10 27 15 84 19 80 11 52 3 35 18 24
5 40 12 38 10 5 7 16 14 77 11 12 13 30 0 24 6 42 2 5 16 8 1 40 19 4 3 2 9 17 4 70 17 36 8 28 15 25 18 15
16 44 18 21 19 31 1 92 5 77 14 32 4 25 2 84 6 47 7 85 3 75 12 58 8 44 17 29 11 70 15 18 13 61 10 57 0 29 9 65
18 6 9 84 17 16 16 7 19 82 13 69 6 41 15 22 12 27 8 71 3 10 2 86 10 90 5 27 14 61 11 71 4 98 7 47 0 78 1 74
11 38 6 13 9 45 10 16 14 42 4 90 18 47 1 65 16 68 3 53 12 78 5 64 15 44 13 56 0 85 8 65 17 83 19 40 7 97 2 27
17 90 7 16 4 23 11 38 2 57 10 18 9 65 13 3 8 64 16 24 12 12 15 50 1 93 3 76 5 39 6 51 18 51 14 84 0 73 19 24
3 48 1 47 15 28 8 81 16 56 6 93 18 92 7 92 10 58 17 36 11 95 2 56 19 67 5 78 14 76 0 84 9 82 4 97 13 35 12 73
9 42 11 7 7 8 10 39 12 50 6 99 15 59 5 47 13 60 1 78 16 54 17 29 0 78 18 86 4 13 8 36 2 45 19 24 3 87 14 3
10 68 18 61 15 39 16 56 17 89 7 81 6 96 9 41 0 43 3 42 11 71 8 36 5 73 19 89 4 36 13 90 2 69 12 20 1 42 14 86
7 93 4 74 15 78 19 86 0 92 17 88 16 74 3 70 12 12 6 82 1 5 8 96 13 5 9 12 11 28 14 44 5 38 2 96 18 25 10 97
10 55 5 77 18 88 1 2 14 67 15 53 2 11 3 68 7 60 6 95 9 98 16 75 12 93 4 25 11 12 19 92 17 20 0 83 8 36 13 44
18 38 10 76 11 80 1 74 4 14 2 47 13 26 3 29 14 16 9 65 16 47 15 22 0 5 17 33 12 37 19 76 8 58 6 33 5 76 7 47
0 18 1 58 16 66 19 43 5 74 7 85 10 13 17 76 15 13 13 69 2 72 4 31 8 99 12 6 18 90 3 65 9 67 6 56 11 74 14 89
6 53 8 19 15 6 2 34 1 86 12 66 7 88 5 4 13 9 10 49 4 38 3 94 11 63 9 55 0 6 17 79 14 33 16 52 18 44 19 27
13 42 7 70 15 41 9 5 8 48 18 4 4 38 3 13 6 18 14 22 1 75 12 85 11 2 19 67 10 38 5 34 16 61 17 97 0 87 2 61
15 19 12 37 3 72 18 66 0 59 2 47 9 66 19 36 11 26 7 75 14 20 5 44 1 5 16 78 6 52 4 54 8 2 13 56 10 21 17 74
5 58 10 5 15 79 12 70 1 77 8 50 18 2 11 94 3 92 7 77 17 80 9 92 4 64 13 98 14 20 2 41 0 23 6 64 19 27 16 44
17 45 8 63 0 52 1 72 11 74 14 65 10 32 6 85 5 42 18 49 9 86 13 16 16 68 12 97 7 21 3 68 15 41 4 24 2 23 19 30
1 47 12 73 17 14 6 18 9 46 14 3 4 6 16 65 13 70 5 61 0 5 3 51 19 61 7 11 10 22 18 92 8 35 2 39 15 41 11 91
2 52 0 99 3 53 5 20 14 70 17 10 6 90 13 83 19 40 1 90 18 31 4 67 9 89 11 53 7 34 10 27 12 75 15 18 16 34 8 13
14 30 1 9 13 86 3 32 2 87 17 58 0 86 4 48 15 40 18 61 10 83 6 31 8 96 5 68 12 57 9 2 16 39 11 41 7 65 19 84
0 52 17 94 3 92 10 95 2 23 8 59 11 9 16 14 15 85 5 75 14 2 12 61 13 53 6 56 19 64 9 83 4 91 18 70 7 88 1 50
3 27 11 78 13 5 8 26 17 85 6 31 12 79 7 24 0 18 14 64 4 7 5 82 1 33 10 34 16 92 19 58 9 16 15 3 2 50 18 22
11 63 8 39 15 12 14 11 18 31 6 12 17 21 1 99 10 55 2 21 7 51 3 91 0 20 13 7 16 49 19 63 5 52 12 13 4 68 9 55
10 8 6 37 16 21 18 82 12 96 15 26 19 24 11 70 4 42 9 27 5 87 17 81 14 89 2 83 0 62 3 62 8 7 1 85 7 50 13 71
17 79 10 8 15 71 0 44 2 61 9 85 16 91 18 3 19 29 1 67 6 99 14 56 13 2 7 30 12 18 3 13 5 4 11 8 4 25 8 41
4 18 3 19 0 15 17 84 16 22 13 20 12 91 14 31 10 2 9 25 2 65 1 52 18 54 5 57 19 69 6 64 11 85 15 60 8 77 7 37
13 61 14 81 19 54 5 74 17 5 4 34 3 3 0 94 18 76 16 66 1 39 10 35 6 75 12 29 8 52 11 68 2 34 15 68 7 34 9 99
15 77 6 44 2 71 12 52 5 55 4 1 17 85 3 15 16 29 13 64 8 96 14 64 11 45 0 33 18 85 1 27 10 23 9 7 7 54 19 91
16 51 5 51 2 2 12 52 4 53 19 61 6 81 14 14 11 32 1 37 8 79 15 45 10 39 0 94 9 84 18 52 7 84 3 87 17 63 13 13
10 27 16 70 8 51 1 72 4 52 13 8 5 97 0 82 17 87 19 21 12 60 6 9 11 45 18 14 9 27 7 86 2 77 3 2 15 48 14 51
16 44 19 5 3 49 7 49 13 26 0 21 18 39 12 74 11 63 9 89 1 42 4 73 17 38 6 58 10 3 5 82 14 28 15 21 8 37 2 58
3 67 13 40 7 11 4 69 15 93 2 60 10 41 14 95 11 64 9 33 18 13 12 52 16 3 5 35 0 73 1 80 17 17 6 87 19 39 8 66
3 71 0 33 14 31 8 1 12 36 1 63 10 55 15 2 16 62 5 4 6 78 11 41 4 16 19 64 13 19 18 57 9 17 2 18 7 23 17 96
15 14 8 78 7 85 4 60 9 41 10 52 3 87 11 75 1 12 0 4 19 51 14 73 16 66 18 18 17 13 13 99 5 41 2 76 6 62 12 77
5 27 1 50 16 20 0 29 10 89 2 62 13 54 12 51 8 93 4 38 15 21 11 20 3 19 6 96 14 80 19 31 9 2 7 79 17 43 18 95
10 95 14 65 16 88 4 50 17 23 11 38 3 66 7 7 19 78 18 67 15 80 12 41 1 53 5 31 6 70 2 14 13 34 8 25 9 30 0 12
11 56 13 57 15 44 0 92 14 57 1 3 17 18 4 47 9 9 19 40 10 26 8 5 12 55 7 93 2 68 6 63 5 26 16 22 3 26 18 69
13 59 0 22 17 40 16 53 11 77 14 60 10 62 4 96 18 14 1 47 2 97 5 69 7 83 19 67 12 21 3 84 6 40 8 82 9 11 15 12
12 61 3 95 16 15 17 37 18 24 6 84 1 72 5 62 15 42 8 31 9 89 0 86 7 6 19 16 10 35 2 97 4 1 11 95 13 95 14 22
19 63 13 71 2 78 9 88 17 82 18 48 16 70 8 23 0 5 11 5 12 85 7 18 5 76 3 58 14 70 4 28 15 15 10 10 1 91 6 79
0 33 14 57 2 30 16 64 12 27 15 68 6 25 18 39 10 52 11 95 8 68 3 4 7 75 4 43 9 67 19 68 13 74 17 44 1 73 5 49
13 53 16 44 18 25 0 57 17 89 8 47 12 40 9 56 5 85 14 67 7 20 11 86 6 22 1 17 10 89 4 93 2 55 19 62 3 17 15 97
1 99 19 6 14 33 5 82 0 26 6 79 7 81 16 78 17 81 12 27 10 31 8 82 13 35 15 18 3 14 4 21 9 9 11 95 2 30 18 15
9 53 16 55 1 17 12 14 14 35 2 7 13 89 18 68 6 53 10 86 8 2 4 69 11 17 7 87 19 9 3 35 15 8 17 7 0 67 5 90
1 18 9 67 3 2 18 75 8 17 6 33 17 2 2 70 15 72 14 82 19 58 7 11 11 19 10 43 13 59 12 34 5 48 16 69 4 73 0 38
3 98 9 21 1 51 15 51 11 2 16 5 4 67 19 78 10 79 5 18 8 79 14 8 18 83 2 11 6 49 0 45 17 34 12 41 13 57 7 40
13 81 14 84 9 57 10 26 5 94 16 42 12 40 3 40 11 64 4 72 7 47 19 41 1 49 18 65 17 80 6 15 8 91 15 12 2 11 0 2
14 63 10 99 8 4 15 83 11 84 6 38 9 30 7 55 0 21 1 78 18 1 12 70 5 66 2 76 13 16 17 98 16 2 19 89 4 87 3 67
5 48 1 11 11 64 16 70 19 68 8 82 6 82 13 58 4 84 10 99 14 7 12 98 7 92 18 8 9 68 2 69 3 16 0 12 15 11 17 12
10 29 9 90 15 16 4 75 18 40 7 17 14 31 12 32 13 78 11 81 1 2 3 32 5 81 2 53 8 92 0 31 16 21 17 67 19 79 6 17
6 39 10 51 2 95 11 99 14 88 19 84 13 87 12 74 7 16 16 37 5 71 0 43 4 55 17 87 8 63 15 69 1 28 3 29 18 97 9 17
6 55 19 29 11 9 15 22 9 58 10 44 13 86 7 11 2 10 4 18 3 74 16 1 8 42 18 6 5 8 0 43 17 53 14 80 1 86 12 5
5 7 9 13 18 59 14 13 15 44 11 6 10 40 16 47 1 16 7 79 6 56 4 20 8 30 3 29 13 8 19 56 0 44 17 61 12 62 2 9
5 95 4 1 9 82 3 21 13 55 2 72 10 50 18 37 11 96 1 9 12 53 16 79 15 20 6 82 0 5 14 15 17 34 8 19 7 27 19 69
1 48 16 47 9 29 0 1 7 58 17 76 3 95 14 17 8 80 5 28 10 16 18 17 6 98 4 42 12 29 15 10 11 77 13 83 19 63 2 39
10 25 8 32 4 48 11 86 7 11 13 52 0 78 19 7 14 80 15 92 17 33 9 38 2 87 12 33 6 80 16 71 18 67 3 56 1 76 5 22
10 77 17 33 19 18 14 18 5 63 7 51 15 99 1 37 13 40 3 45 9 84 8 33 6 89 0 90 12 37 18 42 16 46 4 48 11 68 2 52
5 38 2 22 13 85 14 66 11 85 1 1 3 84 10 99 7 7 17 38 15 53 12 12 18 75 9 94 0 97 6 28 4 74 8 71 19 96 16 93
11 24 8 33 16 26 3 80 7 99 0 96 18 41 2 62 17 26 6 32 4 49 9 20 1 69 10 82 19 63 5 87 12 1 15 57 13 56 14 95
15 16 0 10 9 91 1 21 14 77 11 46 6 15 12 17 3 87 18 83 17 2 4 52 5 82 13 62 10 74 2 56 16 71 19 32 7 45 8 64
1 41 9 63 16 6 14 60 7 78 19 71 11 88 15 2 4 93 18 46 6 41 0 91 3 81 5 3 2 68 8 40 17 86 10 96 12 93 13 75
6 63 18 10 8 37 15 93 13 36 1 32 11 6 5 26 10 97 2 62 4 71 7 34 17 69 0 29 14 57 3 16 12 35 16 36 19 81 9 53
18 88 7 96 13 1 4 25 15 28 3 74 9 90 16 68 0 21 10 49 11 87 2 94 12 7 8 79 6 10 17 23 14 58 19 76 5 39 1 70
9 98 14 57 0 82 7 40 19 66 5 2 2 19 11 69 18 47 12 87 17 78 13 97 8 24 10 14 15 4 6 16 1 92 4 50 16 88 3 49
5 77 12 45 9 71 1 33 0 7 15 59 2 8 17 93 18 55 11 10 6 96 16 31 14 28 10 52 19 76 3 12 13 57 8 71 7 32 4 84
16 89 4 19 15 20 7 73 13 19 19 66 2 26 17 39 9 64 6 9 5 91 11 91 14 83 10 64 12 86 8 64 0 62 3 36 1 57 18 7
13 46 16 73 7 87 0 52 6 93 1 40 12 29 15 45 14 72 10 39 11 45 3 41 9 22 8 80 18 19 19 58 5 44 17 71 2 14 4 48
8 42 14 83 7 86 16 44 12 58 2 55 3 28 19 84 17 79 1 77 5 90 9 65 0 19 6 28 4 18 18 52 10 78 15 93 11 15 13 57
17 96 7 23 14 85 15 18 1 20 12 10 8 77 19 87 9 87 18 94 13 46 5 53 3 27 10 24 6 41 4 48 16 32 2 13 0 22 11 39
15 85 2 15 6 66 13 37 16 47 18 13 3 98 5 99 19 69 4 60 9 93 12 39 11 39 0 95 8 98 1 65 10 54 17 28 14 2 7 75
0 26 14 73 4 46 17 90 12 4 18 61 15 25 1 33 13 51 19 41 3 80 11 87 8 46 16 75 6 9 7 97 2 83 9 24 5 6 10 86
11 45 3 60 5 38 8 53 6 64 0 35 19 14 13 62 9 58 18 82 17 9 12 89 4 54 1 27 7 33 10 66 16 73 2 27 15 79 14 28
1 38 2 81 11 31 5 32 16 68 13 15 10 48 3 21 17 95 19 16 0 89 9 82 8 86 7 50 14 1 18 28 15 89 6 20 4 23 12 55
14 46 5 2 3 37 18 52 12 98 16 14 1 82 11 14 0 45 10 54 9 78 2 95 15 80 13 39 19 22 6 95 8 54 4 8 7 71 17 16
8 10 1 11 9 41 6 48 11 17 17 89 10 58 7 11 19 8 15 92 13 17 14 32 2 44 16 98 5 54 3 50 12 20 0 78 4 50 18 21
8 40 16 41 12 80 11 83 3 39 9 51 14 17 0 33 2 79 6 75 17 44 18 61 5 23 7 73 15 41 1 50 19 9 10 38 13 15 4 93
5 82 6 11 10 35 1 68 11 13 0 70 8 58 4 58 16 98 17 12 9 21 12 52 18 10 2 10 7 36 3 52 15 10 13 31 14 87 19 63
6 88 12 35 2 52 14 25 8 70 5 66 19 88 18 50 0 39 1 43 13 37 9 6 17 69 4 74 15 88 16 52 7 80 3 50 10 77 11 40
13 62 9 70 11 5 12 35 14 10 16 68 15 96 5 25 2 68 0 88 3 62 18 3 7 33 1 80 8 10 4 28 17 94 19 98 6 96 10 1
11 28 6 4 8 25 4 1 10 9 19 86 5 70 12 3 14 94 7 8 1 77 15 45 17 26 13 14 2 63 18 22 9 15 16 91 3 26 0 67
6 8 15 48 8 79 3 73 5 59 2 93 1 1 18 54 4 12 16 4 7 68 11 20 19 48 14 14 0 35 13 83 12 74 9 47 17 11 10 88
8 98 3 82 14 12 19 42 6 71 7 66 15 92 0 51 11 84 1 91 16 6 4 73 10 72 12 15 5 73 13 83 9 32 18 57 17 98 2 64
