100 20
1 23 10 28 2 23 18 96 16 48 15 17 7 56 19 35 14 97 0 42 17 79 6 40 4 12 9 19 5 85 11 79 3 28 8 61 12 26 13 64
19 47 9 15 2 76 1 76 10 24 7 44 6 90 13 96 5 66 4 81 11 56 0 20 3 9 16 95 17 73 18 41 12 92 8 96 14 10 15 36
6 97 11 79 17 10 4 53 3 15 0 10 2 32 5 3 19 66 10 71 1 36 13 87 9 81 12 48 7 76 14 22 8 65 16 77 18 63 15 98
14 56 11 6 2 32 4 14 8 49 18 50 16 36 7 97 6 1 10 4 1 50 13 22 17 74 9 70 3 55 5 42 0 46 19 65 15 63 12 77
19 92 8 57 10 91 11 18 16 78 15 10 6 8 12 31 13 48 3 8 4 45 9 28 2 16 17 67 18 33 14 57 1 13 7 31 0 58 5 69
2 1 3 1 12 89 11 47 16 71 15 40 4 47 14 37 0 3 10 5 6 17 5 65 19 28 18 45 1 38 9 16 8 13 13 17 17 84 7 25
2 40 6 45 5 41 11 70 14 53 15 20 19 73 7 84 9 58 0 73 8 88 12 16 18 68 16 93 1 97 3 75 13 12 4 43 17 98 10 56
1 11 8 60 12 30 15 21 9 40 11 74 3 75 16 40 18 13 13 27 2 97 17 18 19 37 14 63 7 75 10 1 4 21 5 50 0 69 6 63
15 89 2 88 12 23 16 5 1 20 17 17 6 57 11 36 8 49 0 46 19 78 5 50 9 93 14 70 18 51 13 3 4 74 10 17 3 7 7 49
3 2 16 35 0 10 9 25 19 79 2 87 1 12 5 63 18 23 7 62 8 39 6 99 4 91 10 19 12 95 11 72 17 70 15 41 14 36 13 94
17 53 11 49 4 97 9 94 16 97 7 55 15 36 0 11 3 75 12 39 14 85 10 68 8 18 1 17 13 30 5 55 2 62 6 58 18 85 19 65
7 29 6 42 4 51 11 82 2 84 3 27 18 70 15 78 0 52 8 43 12 57 13 45 17 1 14 92 9 57 19 55 16 11 10 63 5 32 1 67
5 65 2 42 4 34 11 26 15 38 13 73 3 25 0 85 14 84 1 68 9 73 17 42 8 65 10 85 19 50 6 64 12 83 16 23 7 30 18 90
0 68 19 51 17 5 6 41 1 77 9 95 16 94 5 24 4 15 10 85 11 39 13 57 2 92 8 26 15 69 12 86 7 51 18 89 3 74 14 79
14 67 10 95 4 20 5 5 18 16 15 37 6 78 3 70 13 79 2 47 12 99 1 52 16 56 7 71 0 71 8 5 11 37 19 25 17 77 9 2
1 77 11 7 5 12 10 13 13 77 4 22 14 2 18 15 8 82 15 26 19 81 17 55 12 75 7 19 3 68 9 96 16 45 6 94 0 86 2 68
19 49 0 33 11 17 9 25 16 90 2 63 4 46 10 98 3 82 14 4 5 47 6 33 15 79 12 44 7 15 13 34 1 7 18 63 17 12 8 53
11 54 9 78 0 18 13 25 16 67 3 59 14 36 1 70 10 42 4 79 8 80 17 21 6 10 18 78 7 2 2 83 12 52 19 50 15 42 5 80
16 75 19 6 18 79 10 10 2 17 6 53 11 61 17 45 7 7 14 76 13 98 4 76 5 64 12 53 3 99 8 98 1 61 0 38 9 81 15 37
4 76 9 99 6 94 12 38 15 90 19 2 17 85 13 68 1 59 0 12 14 65 7 47 5 14 11 23 16 44 8 87 10 47 3 14 18 80 2 20
4 41 3 56 2 79 7 72 18 58 12 49 10 21 5 25 8 54 16 87 9 10 1 28 19 87 15 90 14 15 13 7 0 29 17 83 11 62 6 85
19 41 11 28 8 82 10 77 1 6 13 96 16 26 4 36 9 63 7 35 12 83 18 99 14 16 15 21 3 66 17 56 6 13 0 97 5 47 2 23
8 95 15 46 10 4 9 77 1 43 3 98 14 71 5 83 16 6 4 87 19 95 11 1 12 18 17 41 7 80 13 64 0 79 6 15 18 11 2 16
19 12 16 82 8 29 1 56 11 71 15 74 13 9 5 89 2 27 7 32 14 35 18 23 12 46 3 15 6 22 9 26 10 61 17 39 4 17 0 51
12 57 16 49 11 24 9 34 0 82 14 67 18 24 2 80 1 9 10 18 13 70 6 76 17 86 19 25 7 68 5 65 3 45 8 96 4 92 15 56
12 97 13 15 15 15 17 22 4 64 0 24 1 69 8 36 6 10 9 42 3 66 11 16 18 9 7 54 5 88 16 36 2 59 14 52 10 80 19 28
13 20 8 69 18 99 0 94 4 54 1 88 5 41 12 12 6 11 14 5 19 4 3 91 9 88 15 72 11 24 7 73 16 57 10 56 2 56 17 53
15 97 3 8 6 78 7 43 14 79 19 92 8 68 5 91 1 12 11 26 10 62 16 30 9 42 4 3 12 91 18 44 17 68 2 49 13 50 0 30
14 56 11 45 9 14 15 49 16 77 5 8 13 17 10 10 3 80 1 4 19 45 0 80 6 43 2 63 8 45 12 57 18 79 17 54 4 3 7 26
13 45 9 46 2 28 5 17 17 21 16 22 6 44 18 74 0 86 15 39 14 55 4 96 3 24 11 52 10 56 7 78 1 7 19 18 8 64 12 3
5 57 3 52 11 5 16 20 1 69 14 31 8 75 4 19 12 50 7 21 10 59 13 91 17 43 9 21 2 43 15 65 19 11 0 31 18 7 6 35
3 46 5 63 4 47 19 60 18 51 13 92 16 68 12 43 1 6 6 34 14 60 7 15 9 16 2 12 0 69 11 19 8 5 10 55 15 52 17 24
0 72 16 11 5 31 14 86 7 2 2 47 17 67 13 28 8 70 19 60 6 50 1 58 3 68 4 71 12 68 15 1 10 28 18 28 9 34 11 81
10 59 15 79 11 36 2 68 0 80 16 19 8 29 13 29 18 25 4 30 14 41 19 14 12 51 1 6 6 40 3 81 9 44 17 88 7 27 5 36
0 27 2 64 16 74 5 49 11 68 12 11 8 74 3 88 19 89 1 97 14 6 4 38 9 40 13 48 15 4 10 9 18 24 17 16 7 13 6 35
7 85 0 57 19 50 11 88 8 63 5 69 3 38 18 44 16 64 1 91 10 36 17 95 2 65 15 74 6 27 4 29 9 28 13 6 12 57 14 32
18 64 6 83 15 70 4 47 13 52 9 94 5 91 10 27 2 41 3 87 1 79 8 21 7 96 17 6 16 12 14 62 11 65 19 12 12 27 0 10
0 99 19 52 2 10 9 67 6 92 15 78 7 53 11 56 14 19 12 88 13 86 4 4 3 38 17 39 18 83 8 51 16 5 5 5 1 75 10 3
16 28 0 72 15 40 4 39 18 30 6 65 5 8 11 33 3 96 8 66 12 81 13 40 7 92 2 81 1 42 14 25 9 95 17 38 10 43 19 14
11 2 4 29 5 35 19 32 3 63 10 26 17 59 16 82 2 39 7 91 13 11 12 34 15 5 6 42 18 69 9 43 14 57 8 41 1 18 0 31
6 20 17 92 19 95 4 12 11 12 0 5 8 14 3 92 1 55 15 94 10 50 5 58 12 28 13 38 16 93 2 46 14 36 7 55 9 70 18 23
18 28 8 91 13 84 19 77 0 21 7 81 3 9 16 77 9 22 4 53 6 31 11 86 14 91 12 20 1 22 2 10 17 92 10 1 15 59 5 54
15 14 16 65 12 72 10 76 17 28 1 87 19 53 11 20 4 86 14 86 18 1 8 28 13 11 0 97 6 38 9 91 2 44 3 1 7 91 5 80
2 73 18 33 14 38 7 33 13 67 8 78 16 74 5 65 10 70 12 84 9 16 11 36 19 62 1 67 6 6 0 69 4 66 17 31 15 38 3 88
3 82 11 61 8 13 10 75 17 85 0 10 2 75 7 54 15 1 5 68 12 91 9 39 13 83 16 38 1 5 18 52 6 78 19 30 14 72 4 21
19 36 17 71 4 50 14 73 15 47 6 42 9 63 13 17 1 84 12 16 3 73 5 93 16 84 10 33 11 35 18 44 7 75 8 62 0 97 2 37
18 77 6 65 3 69 17 4 11 82 16 13 15 20 19 20 12 37 4 84 13 47 0 20 14 45 10 51 7 20 8 29 2 47 5 59 9 35 1 48
5 81 3 27 18 59 15 83 1 79 2 40 16 12 13 77 7 76 9 27 0 49 11 84 4 69 12 60 8 75 10 93 6 31 19 27 14 29 17 36
18 87 4 85 11 95 10 53 3 98 19 13 6 76 1 5 12 2 0 78 14 26 15 30 8 95 2 4 13 64 9 25 5 77 17 88 7 2 16 19
1 4 6 68 13 18 16 66 11 21 15 66 4 94 0 72 12 67 10 22 5 13 8 94 7 91 18 81 9 63 2 28 19 83 3 80 14 61 17 6
2 45 6 53 19 7 8 15 11 28 7 92 16 93 18 22 3 2 12 8 17 6 4 13 0 35 13 91 14 24 15 76 5 56 1 58 10 79 9 57
14 14 1 98 17 49 12 75 16 57 9 29 13 32 6 54 18 43 8 94 19 56 0 58 11 14 3 80 5 71 10 14 7 87 15 67 2 7 4 98
16 91 9 92 5 83 14 2 4 2 7 12 3 9 0 37 13 72 17 95 19 80 15 25 11 19 6 58 2 15 8 93 12 19 18 71 1 51 10 27
6 32 14 82 13 35 19 56 0 71 3 63 15 37 10 15 8 91 5 31 11 87 16 25 18 30 4 87 12 13 17 18 2 62 7 73 9 88 1 15
3 83 11 16 17 48 5 26 19 32 18 38 7 43 2 96 6 80 0 95 15 86 13 31 4 7 1 88 9 51 12 10 10 49 14 6 8 17 16 47
6 71 4 48 2 57 16 32 8 6 1 8 5 80 0 18 10 40 3 6 7 82 18 27 14 79 12 96 15 19 11 66 19 26 13 23 9 57 17 42
0 45 18 8 12 28 19 83 10 12 14 81 4 49 6 40 15 72 13 47 2 56 16 64 3 94 9 87 1 49 11 66 7 45 5 24 8 49 17 58
6 97 12 9 17 92 2 17 1 51 7 84 14 72 18 42 8 30 9 31 15 80 3 86 16 74 11 14 10 91 13 34 0 54 4 37 19 66 5 64
9 53 4 24 0 24 16 10 10 27 1 81 14 40 12 41 6 66 2 2 15 71 7 66 19 80 11 76 5 81 17 93 13 22 3 49 8 51 18 19
5 79 16 98 0 77 19 62 1 4 17 41 18 6 3 72 11 43 7 81 15 78 9 30 4 52 14 70 10 82 13 16 12 83 8 42 2 6 6 1
3 19 9 60 0 63 18 19 6 58 10 31 15 11 16 81 5 56 13 70 8 7 11 97 12 52 4 3 14 33 2 16 17 39 19 60 1 33 7 1
16 54 18 30 10 78 13 72 17 2 8 49 15 33 7 7 3 7 0 7 6 72 4 78 14 90 11 72 5 39 19 16 9 30 1 85 2 33 12 68
14 28 18 86 15 70 2 58 16 58 3 54 12 34 5 84 4 69 10 33 11 17 17 94 7 42 6 46 13 19 8 28 1 19 0 90 19 74 9 51
10 99 14 33 19 79 16 98 11 58 6 3 13 6 2 93 9 43 8 30 0 1 18 32 17 51 5 75 3 42 1 63 4 35 7 34 12 64 15 20
0 10 10 5 9 85 2 22 7 13 4 2 1 87 3 26 5 31 11 82 6 76 17 56 14 94 12 10 13 92 15 76 19 48 18 28 8 29 16 80
5 58 13 41 10 90 12 93 1 58 8 28 0 57 3 49 11 19 9 33 7 83 14 52 15 90 19 61 2 46 4 56 16 83 17 46 18 99 6 56
3 12 10 69 4 43 7 48 8 6 19 32 5 98 18 93 14 32 13 23 15 60 9 20 6 86 1 95 16 47 0 43 12 11 17 21 2 13 11 1
17 60 8 89 12 97 16 18 3 15 15 65 11 58 5 54 6 68 4 69 13 25 2 53 7 99 18 86 10 44 1 73 9 8 14 79 0 23 19 36
16 2 4 43 14 89 7 80 13 23 3 32 10 21 9 74 11 34 6 84 2 84 18 44 5 34 15 66 12 99 1 99 0 89 17 88 19 62 8 57
7 76 15 13 8 98 17 95 4 47 11 27 10 71 1 11 3 42 0 2 2 40 5 74 19 52 13 26 9 47 16 22 6 82 12 58 14 51 18 13
14 64 3 23 6 20 9 94 11 36 4 57 15 4 17 66 1 30 0 13 18 68 19 82 7 77 10 62 2 52 8 35 16 98 12 78 5 87 13 62
5 70 0 2 7 7 4 89 13 18 8 66 17 58 18 57 1 73 3 40 12 55 11 2 16 45 2 92 10 94 14 12 6 88 15 14 9 6 19 55
17 31 14 3 0 23 1 61 16 96 8 83 11 89 2 16 12 54 6 63 15 47 18 59 10 2 9 32 3 24 7 7 19 29 13 49 4 79 5 78
6 87 19 39 4 41 12 3 10 55 17 6 13 61 3 84 0 51 16 14 9 54 7 86 15 99 5 51 11 61 1 36 14 92 18 57 2 8 8 80
17 81 16 45 7 83 0 78 13 38 19 33 15 33 5 91 1 64 9 12 14 41 12 88 6 4 10 86 2 54 11 61 18 82 8 51 4 65 3 38
3 3 0 23 19 24 4 93 17 15 18 81 5 6 16 5 7 18 2 53 10 8 15 52 13 74 1 7 8 46 6 21 14 5 12 81 11 93 9 43
16 29 0 96 8 51 1 86 18 56 2 37 14 45 5 88 3 82 11 58 15 68 6 3 4 77 10 6 9 57 13 15 19 49 12 10 7 97 17 21
17 81 9 15 0 69 6 22 5 28 8 67 1 62 18 47 11 26 15 45 4 53 7 83 13 22 10 40 3 47 14 23 16 46 2 98 19 42 12 68
0 44 15 34 18 3 5 92 14 66 6 3 12 49 2 2 17 58 13 26 8 45 4 66 9 40 16 83 7 16 19 99 1 48 10 70 11 36 3 53
10 63 18 90 15 5 4 8 13 99 12 39 17 62 9 30 7 13 2 84 5 30 16 58 6 76 19 5 8 79 14 10 1 40 0 4 11 78 3 75
16 4 9 35 14 62 13 90 1 3 0 12 15 99 11 69 19 84 5 45 10 71 8 50 2 60 4 11 18 35 3 21 12 35 17 52 6 67 7 81
11 47 9 70 12 25 15 94 0 86 14 33 10 32 8 29 18 95 17 45 5 17 7 41 16 30 19 47 6 72 1 65 4 95 13 79 3 88 2 21
12 63 18 99 2 94 14 9 17 91 0 92 15 56 19 45 9 19 11 71 8 76 13 69 7 7 4 36 16 44 3 2 1 73 6 82 5 26 10 96
13 27 2 87 11 61 8 57 18 74 19 45 5 82 15 48 6 12 9 63 3 33 17 12 10 15 7 93 4 7 0 15 16 31 12 78 1 6 14 95
4 63 6 44 15 78 18 71 14 44 19 87 2 91 13 74 8 87 7 94 3 6 16 38 9 90 10 67 11 13 12 29 17 32 5 40 0 25 1 6
16 90 4 1 15 13 5 13 7 46 6 81 10 92 3 4 12 28 14 17 19 55 1 26 13 99 2 78 0 99 9 90 11 88 8 14 18 38 17 76
19 80 16 14 0 25 11 39 7 20 2 68 10 64 12 61 3 96 5 56 17 34 18 87 4 85 15 56 13 34 1 60 8 20 9 29 6 19 14 86
17 50 3 24 10 21 7 53 2 7 12 99 8 40 1 19 18 29 14 2 16 51 6 97 13 18 19 39 11 57 0 43 4 84 5 31 15 57 9 10
13 77 2 2 4 1 6 15 19 93 1 63 14 58 11 84 3 26 9 9 16 39 12 73 10 1 0 63 5 18 17 95 15 98 18 73 8 21 7 88
2 27 16 96 3 2 10 10 7 75 12 1 11 2 4 38 13 17 1 76 6 29 0 50 8 23 9 70 15 63 14 16 19 37 17 41 18 88 5 54
18 5 19 88 11 14 4 22 8 37 3 91 5 40 1 38 17 96 16 77 9 71 14 7 15 95 2 10 13 75 7 40 10 72 6 81 12 17 0 55
0 59 1 59 14 83 9 87 5 64 7 4 10 49 2 63 11 47 8 24 4 26 6 49 12 72 15 58 17 43 13 8 3 73 16 52 19 94 18 25
12 26 7 57 18 50 9 84 0 72 17 92 6 70 10 58 13 43 1 64 15 66 8 12 2 53 11 56 5 13 4 10 3 98 14 90 16 14 19 21
19 58 5 65 17 97 8 97 16 18 14 84 15 12 6 13 1 84 2 24 11 3 3 28 13 6 7 98 0 81 10 10 4 68 9 43 18 66 12 94
12 32 4 35 5 62 15 26 11 8 13 8 9 4 2 70 19 79 7 69 14 61 10 66 16 86 3 45 6 94 18 28 1 40 0 60 17 10 8 63
8 87 9 30 11 64 4 71 3 64 10 65 6 87 1 21 0 5 5 65 13 1 15 98 7 55 16 69 19 23 2 32 14 82 18 16 12 87 17 15
16 74 1 77 8 5 0 89 13 86 7 26 4 19 2 53 14 49 11 9 3 45 17 14 10 58 19 61 5 91 6 5 15 24 18 73 9 52 12 21
14 53 8 59 9 99 4 18 1 23 18 21 7 41 19 85 3 6 6 45 10 85 17 1 12 34 11 56 0 7 13 71 2 78 15 71 16 99 5 73
16 68 1 46 17 92 3 88 18 52 8 45 12 95 5 33 14 40 6 74 10 26 19 95 9 7 0 5 15 69 4 38 11 91 7 62 13 10 2 16
5 57 13 25 16 80 3 45 11 19 18 77 17 46 14 91 8 64 4 61 19 50 0 98 2 10 9 48 6 50 15 26 10 31 1 41 12 70 7 20
