100 20
19 63 13 12 8 76 10 39 16 73 2 92 14 92 7 10 4 91 11 31 5 14 12 67 15 73 0 63 3 3 9 29 18 15 1 72 6 88 17 1
10 40 5 61 18 33 4 44 3 56 15 83 17 17 2 93 0 4 19 39 14 80 6 43 11 53 9 77 7 92 1 67 8 34 16 36 13 65 12 75
9 76 1 27 15 4 5 12 14 73 2 23 19 14 4 52 16 19 18 94 12 21 3 93 11 10 7 84 17 91 0 24 8 55 13 97 6 65 10 57
12 6 3 87 7 43 15 73 18 10 11 69 0 87 4 20 9 11 14 54 16 37 5 98 13 15 17 19 19 38 2 29 6 43 8 69 1 17 10 47
12 82 17 55 14 56 11 95 10 17 4 96 5 50 2 92 3 51 6 62 7 91 9 3 16 10 15 35 1 22 19 92 13 96 18 84 8 92 0 4
19 93 2 16 4 96 16 56 12 53 13 27 7 20 1 52 18 95 10 55 0 77 8 32 17 14 15 30 6 59 5 64 11 2 9 72 3 1 14 66
19 65 11 68 1 58 8 51 6 72 10 69 18 12 16 83 14 25 2 54 12 87 4 2 7 26 13 49 0 79 9 9 17 64 15 93 3 59 5 1
15 41 19 67 8 95 12 65 9 10 10 22 3 92 11 99 16 65 1 45 14 14 18 39 4 28 17 99 7 83 0 42 5 67 13 79 2 89 6 84
18 59 1 1 8 91 14 86 17 92 10 14 16 5 15 63 2 51 12 86 4 83 5 61 3 90 11 76 9 88 13 47 0 74 7 41 19 79 6 66
11 5 18 7 15 2 6 86 4 49 2 40 19 95 12 87 16 89 8 24 10 59 3 76 1 55 17 57 5 34 0 61 14 17 7 34 13 99 9 34
2 23 18 50 12 72 9 27 19 10 1 14 16 32 14 20 10 93 5 95 15 34 8 71 6 81 4 21 0 63 7 2 13 69 17 41 3 66 11 45
1 29 4 16 13 37 0 15 11 3 5 73 10 66 12 37 19 77 6 22 9 23 3 29 8 59 7 65 14 2 2 98 15 55 18 17 17 4 16 48
5 87 3 43 10 26 8 18 12 33 6 91 9 5 19 28 11 55 7 9 13 84 2 18 18 46 16 23 14 31 4 7 17 86 15 32 0 98 1 71
17 94 4 38 0 1 5 59 9 43 16 3 8 47 10 10 15 42 14 15 1 39 19 94 11 68 3 94 18 54 12 53 2 1 6 39 7 37 13 42
8 81 15 21 4 23 17 72 10 33 12 80 3 28 2 29 5 27 6 68 13 56 16 60 11 11 1 72 19 68 14 8 18 20 0 27 9 64 7 48
5 35 3 96 2 67 18 40 1 25 4 65 10 60 12 8 6 97 16 77 19 99 17 73 9 26 14 12 7 49 15 11 0 73 13 5 11 60 8 94
7 24 19 15 12 20 18 35 3 88 5 11 1 4 2 48 0 92 11 21 16 6 6 17 17 67 10 88 4 9 9 67 15 4 8 8 14 28 13 78
3 86 5 5 19 51 0 62 4 46 13 7 17 69 10 92 16 9 11 22 6 12 9 29 2 1 14 85 1 10 15 16 12 49 7 83 18 81 8 65
13 18 12 3 3 45 14 64 2 44 18 26 17 46 9 55 7 85 19 57 5 49 15 49 16 30 4 57 6 74 8 71 11 14 10 27 0 38 1 61
16 61 6 91 7 47 8 68 5 87 11 49 15 64 4 35 19 91 1 94 10 69 17 79 0 86 14 53 18 28 12 96 13 49 9 59 3 72 2 95
2 4 12 96 10 81 7 93 17 98 19 59 6 77 14 5 8 6 5 75 4 22 13 23 15 88 16 21 3 58 0 19 11 28 1 25 18 56 9 22
17 64 12 7 13 36 18 71 14 80 2 39 10 58 4 98 7 39 15 56 11 31 1 14 16 39 9 55 8 43 3 73 19 35 5 27 6 27 0 30
2 93 14 89 15 15 16 37 9 81 10 27 13 43 7 26 12 56 18 33 0 33 3 71 19 68 11 62 5 18 4 87 6 21 8 53 17 31 1 88
16 90 11 75 7 17 12 57 17 86 19 92 2 74 10 95 3 11 18 69 5 49 4 83 1 17 14 83 8 53 0 83 9 34 15 25 6 30 13 70
13 7 19 34 12 69 11 75 7 39 4 52 10 69 9 89 5 76 18 93 16 55 1 66 6 73 3 25 2 60 17 17 14 33 0 17 8 10 15 30
10 40 13 77 15 58 6 66 9 73 11 94 18 41 0 9 2 65 12 60 8 23 16 3 3 16 5 83 19 75 7 65 14 82 4 96 17 52 1 14
1 46 3 91 15 11 4 80 16 10 11 40 12 41 0 58 17 10 10 70 5 21 14 95 2 41 7 15 19 58 6 76 9 98 13 24 18 31 8 44
17 25 7 61 19 14 14 39 11 75 4 76 13 23 18 70 2 54 6 16 1 96 9 62 0 76 8 78 12 41 15 38 16 82 5 55 3 24 10 29
1 39 14 56 17 93 7 61 18 48 3 86 8 26 9 98 4 4 5 51 11 92 13 47 0 74 12 23 6 90 10 29 19 93 15 41 16 63 2 21
4 82 3 29 15 23 5 46 17 7 7 31 18 38 2 34 12 48 6 67 0 65 11 18 13 94 14 21 8 49 9 66 1 6 19 96 10 40 16 85
15 9 2 12 4 25 6 7 14 58 16 80 9 22 3 5 18 82 19 30 10 66 1 48 12 43 7 12 0 27 5 85 13 33 17 57 8 30 11 26
6 25 12 92 11 19 2 63 4 10 14 25 19 68 15 33 7 79 17 91 18 44 10 87 5 53 8 53 16 8 9 77 1 35 0 75 3 38 13 39
3 83 18 50 9 11 0 49 8 32 11 33 19 57 12 38 14 69 4 96 7 11 5 8 10 15 17 77 15 85 13 28 16 98 2 45 6 3 1 29
17 45 6 53 12 62 8 5 7 22 19 26 5 22 3 39 4 1 2 83 13 95 9 97 18 84 14 1 1 1 0 12 11 7 10 22 16 72 15 81
12 31 16 64 6 57 1 42 15 63 2 87 5 82 17 98 13 89 3 75 0 1 4 83 14 65 18 84 7 58 9 78 8 72 10 91 19 71 11 20
17 16 9 69 1 40 19 42 13 74 14 58 11 12 12 4 18 43 5 87 15 11 6 15 10 79 16 9 8 96 0 12 2 6 4 42 3 81 7 75
6 64 16 29 19 41 1 80 14 95 7 88 18 40 8 88 0 24 10 46 2 34 12 47 9 11 11 27 3 72 13 18 17 91 4 82 5 18 15 7
14 24 11 55 19 95 4 95 10 57 1 4 18 36 0 53 16 70 3 97 9 5 7 47 12 55 6 89 5 4 15 32 8 25 2 21 17 20 13 17
5 28 10 82 17 71 13 36 2 18 9 82 14 37 4 86 12 49 7 97 15 80 6 62 18 82 3 39 0 57 16 12 19 36 11 50 8 62 1 90
0 69 5 64 15 48 12 90 9 40 17 94 7 9 4 20 10 27 2 9 1 87 11 58 6 84 19 37 16 10 18 19 13 59 8 5 3 65 14 26
1 94 13 54 7 69 6 81 16 56 11 87 17 82 10 97 15 13 2 12 12 70 3 82 14 2 18 19 8 74 0 54 9 97 4 61 19 41 5 15
19 61 0 58 6 22 16 79 14 45 7 68 4 89 11 83 1 63 17 34 12 72 10 86 9 9 8 78 18 51 15 21 2 12 5 33 3 61 13 7
6 84 14 80 0 49 9 8 1 16 3 96 15 39 11 88 12 36 4 91 2 42 13 9 10 47 19 48 17 29 7 86 16 79 5 62 18 89 8 39
14 53 12 90 11 51 16 81 10 31 5 26 17 13 13 12 8 20 19 68 6 30 9 41 1 89 15 82 4 61 2 45 7 33 0 42 18 27 3 56
19 3 0 61 4 74 5 3 15 11 18 72 7 69 17 87 2 15 10 3 3 55 1 23 13 41 6 5 11 28 14 51 12 67 16 72 9 80 8 46
5 22 17 40 7 37 10 2 13 42 4 57 19 55 14 93 16 48 8 38 0 94 18 79 11 55 9 84 12 15 3 31 15 85 2 66 6 57 1 78
18 63 13 77 1 56 10 54 7 42 17 11 15 8 3 53 12 48 0 20 9 73 5 18 16 51 19 34 2 38 14 35 4 41 6 23 11 67 8 41
12 66 0 15 2 98 15 89 5 50 9 23 1 88 11 53 8 14 10 27 18 58 3 43 19 56 13 15 16 39 17 83 4 89 7 31 14 29 6 79
1 92 2 68 4 96 12 48 17 9 8 98 9 22 10 79 5 15 15 29 18 99 11 5 14 73 6 48 19 70 7 78 0 47 13 67 3 65 16 26
16 49 0 94 11 96 14 47 3 78 6 14 17 58 2 75 10 90 12 30 19 36 4 8 5 56 8 67 9 72 13 28 1 6 7 74 15 41 18 69
14 58 15 46 13 15 0 33 10 6 3 57 5 4 2 79 19 95 11 56 4 7 1 61 9 12 12 28 16 24 17 70 18 30 7 81 6 7 8 1
0 16 14 28 19 20 8 95 1 81 4 86 10 36 9 61 3 71 16 44 2 69 7 26 15 15 11 7 13 91 12 74 5 3 6 81 18 61 17 92
11 48 9 16 16 78 2 77 12 99 7 41 19 32 15 51 8 27 18 50 0 13 13 12 10 45 3 47 1 98 5 2 6 54 4 7 17 99 14 57
2 17 0 19 3 6 6 81 13 65 16 92 15 92 10 22 19 22 4 79 14 28 1 40 18 17 11 46 17 73 8 25 9 81 7 36 5 18 12 13
7 62 17 60 18 12 0 48 16 70 9 80 6 20 2 60 19 61 15 59 1 24 8 97 10 3 4 11 14 12 12 76 5 14 3 28 13 92 11 65
12 1 8 57 19 63 3 74 1 60 18 92 5 33 7 43 2 6 17 62 15 13 6 54 4 30 0 95 14 90 13 43 10 49 11 55 16 61 9 22
8 60 15 26 17 61 0 78 9 46 1 47 14 25 18 61 7 29 5 13 16 1 4 17 6 13 2 41 10 27 13 37 11 67 3 3 12 66 19 81
1 53 4 26 13 75 3 9 7 16 18 83 0 44 12 26 2 3 9 80 10 53 14 45 8 98 5 4 6 4 15 88 11 22 17 83 16 20 19 48
3 70 7 89 17 75 4 44 9 40 0 79 10 24 18 40 11 64 14 87 12 85 16 89 1 87 8 17 15 50 2 51 19 94 5 16 13 44 6 8
16 40 3 25 4 6 14 79 0 61 10 25 15 23 11 52 17 45 7 8 5 42 6 37 9 82 1 66 2 75 8 44 18 90 19 55 12 99 13 56
5 76 10 28 13 89 7 6 12 5 16 11 0 47 17 45 8 84 3 37 2 63 19 22 15 65 4 32 18 41 11 5 14 98 6 21 1 51 9 73
18 25 10 18 19 28 16 59 13 79 6 42 2 93 11 67 1 6 8 29 17 72 15 58 14 58 7 51 9 51 0 5 4 41 12 41 3 39 5 86
0 20 9 65 13 50 7 10 10 26 11 92 14 87 12 11 16 13 6 38 17 90 8 56 19 50 2 29 15 97 5 16 18 81 4 74 3 62 1 80
2 13 19 62 10 38 8 57 14 47 11 55 5 76 13 10 17 42 6 36 9 39 7 70 18 71 12 58 16 64 0 29 4 98 3 80 1 26 15 78
16 36 13 90 14 83 3 95 1 68 8 56 6 64 4 30 5 34 0 80 12 23 18 81 17 86 9 11 10 25 11 64 2 25 15 65 7 7 19 98
14 30 17 1 10 24 16 4 12 18 0 99 7 86 11 61 2 37 3 77 4 3 15 67 8 81 6 68 13 73 19 5 5 28 1 78 18 86 9 18
9 63 16 17 10 58 15 66 6 77 2 92 8 11 13 76 7 57 5 33 19 43 18 42 4 57 17 77 1 4 11 22 3 44 14 27 0 43 12 31
13 30 9 54 14 84 19 98 3 64 1 81 18 73 6 93 0 32 16 24 7 18 4 76 10 62 17 32 11 43 5 31 8 71 12 76 2 67 15 70
17 36 16 68 18 54 9 40 19 24 7 47 3 78 14 10 15 86 13 92 6 49 5 93 4 20 10 64 1 63 11 6 0 28 8 71 2 9 12 94
18 57 16 52 8 79 6 29 14 1 4 61 0 88 11 59 7 97 10 39 2 30 5 84 1 73 13 87 9 65 15 86 12 43 3 35 17 18 19 70
15 96 8 51 19 50 6 62 5 28 9 50 1 71 10 2 4 44 3 40 11 95 17 36 7 26 18 73 2 62 0 73 13 54 16 32 12 60 14 25
6 31 0 75 9 18 8 83 16 74 4 82 17 30 1 90 12 79 11 50 7 43 13 26 5 27 2 50 15 31 19 75 18 71 10 70 14 70 3 91
15 24 12 73 8 82 7 70 16 52 18 66 9 89 10 12 14 89 4 77 13 95 1 5 5 74 19 72 2 29 11 25 17 63 0 18 3 99 6 45
6 39 9 68 13 9 12 42 2 24 5 17 15 99 18 52 14 11 7 95 17 97 19 67 4 75 0 15 8 93 16 58 3 8 1 71 11 47 10 43
15 76 7 31 9 26 6 8 16 53 1 32 10 79 4 54 2 88 5 90 18 79 12 22 11 63 19 3 17 50 13 66 14 93 3 87 0 80 8 85
5 6 15 46 4 78 1 89 13 52 8 86 12 94 0 16 16 95 2 93 9 26 3 80 7 25 6 82 18 5 14 61 19 75 17 85 10 42 11 45
18 56 6 93 9 44 17 53 19 51 13 21 7 8 4 14 1 3 0 10 5 9 16 74 15 39 2 16 12 37 14 73 11 13 10 1 8 79 3 33
15 54 4 4 16 87 9 17 2 58 7 92 17 42 5 21 11 57 1 13 6 14 19 70 13 60 14 61 3 80 8 21 10 81 0 69 18 10 12 73
10 10 6 44 12 31 5 35 1 74 13 35 8 15 3 37 2 5 18 28 0 27 17 77 11 29 15 9 7 43 19 1 16 79 9 54 4 53 14 93
17 77 4 90 5 89 13 60 1 22 10 62 6 87 0 88 3 88 9 83 19 71 15 30 12 43 11 24 16 33 14 74 2 76 7 58 8 56 18 81
1 20 17 36 6 23 15 83 2 12 19 33 9 97 10 4 5 9 7 89 13 40 4 30 0 81 3 2 11 14 16 15 14 54 12 41 8 84 18 83
2 88 8 55 13 39 16 64 14 85 5 78 19 64 3 70 6 14 10 50 15 50 11 10 17 71 4 5 9 28 0 39 1 62 12 99 18 31 7 5
12 2 10 83 19 33 4 93 3 77 14 18 5 70 2 14 6 31 11 96 1 37 13 82 9 81 8 39 0 82 7 15 17 96 15 54 18 8 16 25
0 62 14 99 12 46 1 67 8 73 19 51 17 50 2 71 16 9 15 32 13 4 5 55 10 20 11 57 7 17 6 86 18 22 4 78 3 23 9 70
16 10 19 46 9 75 12 52 6 40 5 77 8 81 15 9 14 84 18 26 2 52 0 51 4 97 10 50 13 76 17 10 7 76 1 18 3 87 11 14
5 40 0 70 7 38 11 94 17 66 19 62 15 11 4 54 16 8 3 85 18 45 14 35 1 67 8 17 13 81 9 8 10 80 2 33 12 81 6 11
3 72 6 89 13 33 8 15 16 74 15 9 19 17 7 97 9 9 1 10 10 26 17 66 0 41 2 50 18 25 5 14 11 78 4 22 14 5 12 27
15 79 10 60 5 4 19 45 11 8 1 95 9 9 18 93 2 93 8 73 3 39 4 52 17 68 7 8 6 23 16 70 14 86 0 55 12 76 13 27
5 69 3 27 10 84 17 98 13 76 11 42 12 74 19 70 18 51 0 90 7 30 15 84 9 72 1 56 16 7 2 29 4 85 14 35 8 55 6 9
11 67 19 16 16 93 17 1 8 22 4 57 10 47 9 90 3 72 14 27 13 55 12 86 15 29 5 16 0 78 2 82 7 4 6 62 1 96 18 9
19 95 12 13 2 51 3 94 9 89 4 73 6 96 0 82 1 37 14 37 7 34 16 67 11 60 15 87 18 71 8 13 5 63 17 39 13 80 10 31
16 61 1 95 11 72 13 56 8 61 12 52 0 40 3 77 18 50 19 43 14 8 5 86 10 35 6 65 17 12 15 33 7 14 4 8 9 90 2 94
16 98 1 44 6 86 2 15 11 18 9 53 14 34 5 31 18 26 19 99 8 58 4 51 10 44 0 47 12 65 3 34 7 45 15 66 17 45 13 83
16 84 14 30 6 77 8 71 17 38 3 31 18 68 7 63 4 54 10 5 13 98 0 95 2 56 11 19 19 56 1 12 9 51 5 3 15 48 12 30
14 20 6 61 8 93 12 56 18 88 16 94 19 50 4 81 1 77 17 82 7 43 15 1 3 6 0 2 9 14 5 32 13 26 2 40 10 37 11 15
17 56 5 76 16 81 13 95 10 58 8 25 9 57 1 63 19 88 12 57 6 12 18 77 0 41 7 32 2 7 11 8 15 59 4 17 3 64 14 53
9 61 2 55 3 67 8 35 10 12 16 66 17 7 1 4 11 31 6 99 14 9 0 68 4 20 15 20 18 99 13 39 12 94 19 20 7 39 5 22
13 50 1 81 4 98 3 11 8 87 7 19 10 36 15 20 18 87 17 97 5 77 0 86 14 40 19 58 12 89 2 24 9 55 11 78 6 38 16 80
10 54 8 38 5 69 18 82 1 43 4 79 2 44 15 63 14 95 12 61 3 60 19 98 16 10 7 20 6 90 0 50 9 1 11 25 17 9 13 64
12 38 1 37 9 52 17 5 13 41 2 48 11 57 10 7 3 81 15 94 19 12 6 43 7 42 16 14 0 38 18 51 4 62 14 90 8 19 5 24
