100 20
1 8 15 6 6 97 10 37 8 95 11 25 12 21 18 86 14 31 4 41 9 5 2 63 16 25 7 33 13 29 19 32 3 79 0 98 17 25 5 83
2 52 17 47 10 56 6 50 5 44 15 50 19 32 8 63 16 3 1 8 12 27 13 22 18 71 9 79 11 23 0 16 7 71 4 46 14 21 3 62
13 30 12 95 18 81 11 52 10 38 15 5 3 38 2 21 7 25 5 1 9 92 4 19 16 88 17 53 19 39 8 69 14 18 0 79 6 78 1 47
16 99 5 90 9 68 11 71 14 72 8 13 4 3 6 18 13 77 0 13 10 54 7 64 18 19 15 42 1 78 17 99 2 27 3 83 19 35 12 55
15 60 7 48 13 65 4 54 1 29 0 58 3 65 14 83 10 23 18 70 5 59 16 40 19 24 8 18 17 20 2 92 12 15 6 87 11 37 9 44
18 98 5 85 15 88 7 5 14 81 12 48 3 65 9 50 13 10 6 40 19 84 1 5 0 81 10 33 8 8 2 32 17 38 4 15 11 83 16 70
2 48 10 70 3 38 18 53 17 47 16 51 15 95 19 89 14 80 4 74 1 68 8 10 11 20 12 1 7 12 5 3 6 36 13 20 0 89 9 44
5 33 7 8 11 68 9 98 19 45 12 59 16 77 2 66 0 52 3 85 15 11 4 41 1 58 10 78 8 6 14 60 13 89 17 8 18 66 6 90
5 31 11 43 1 24 4 82 3 44 14 60 15 38 18 33 7 82 16 72 10 49 8 32 0 1 19 69 13 59 6 42 2 30 9 64 17 91 12 29
16 64 7 22 11 13 2 47 10 32 6 79 8 39 4 57 9 38 12 12 14 58 0 96 1 43 17 47 18 9 15 76 3 33 13 8 19 86 5 51
17 29 15 97 2 96 8 77 3 4 4 75 6 89 10 25 5 59 19 23 18 18 14 63 13 90 16 24 9 65 0 63 11 64 1 57 12 16 7 83
8 32 16 81 13 75 1 27 6 78 17 97 9 58 3 28 4 74 12 50 18 48 2 27 0 28 11 38 10 49 14 52 7 55 19 88 15 8 5 82
14 5 7 92 12 15 15 29 4 92 8 91 9 30 0 81 18 79 3 68 1 28 13 5 16 64 6 24 10 35 17 48 2 79 19 35 5 52 11 95
9 8 3 54 0 76 6 22 16 86 12 28 13 10 7 30 11 74 15 20 10 33 2 93 1 74 17 15 4 66 5 95 19 8 8 56 14 79 18 22
3 66 12 75 14 69 5 31 0 28 19 7 6 47 7 36 10 87 1 26 11 21 15 31 9 73 17 67 16 53 18 76 8 5 4 35 13 35 2 82
1 79 2 29 4 23 12 88 3 98 7 24 5 52 16 16 14 94 9 37 19 46 17 39 10 3 6 72 8 75 18 54 11 86 15 2 0 11 13 32
7 39 0 78 13 95 1 24 17 37 10 2 19 29 14 25 5 66 3 33 18 67 15 45 8 26 4 49 9 20 16 86 11 78 12 27 6 12 2 98
3 34 6 23 7 45 4 65 1 30 10 7 12 4 19 74 18 74 9 74 5 98 8 74 17 52 15 68 13 7 0 27 11 2 16 82 14 8 2 45
3 16 0 79 19 96 10 18 11 4 1 37 4 20 18 77 6 45 2 59 16 35 7 4 15 72 12 96 9 43 14 24 5 53 17 64 13 5 8 31
6 28 1 90 9 79 11 11 19 41 14 18 4 12 10 84 17 23 8 81 15 59 18 69 13 65 5 90 2 6 0 15 16 95 7 91 12 62 3 50
11 18 6 78 12 82 19 97 7 99 17 83 3 72 8 43 1 66 18 44 4 14 9 2 10 61 5 15 0 20 2 17 16 82 13 12 14 39 15 16
8 31 13 35 5 32 18 63 17 92 2 81 10 47 7 95 6 41 11 72 9 1 16 3 1 22 0 31 19 78 15 45 3 81 12 42 4 27 14 63
7 81 3 70 13 78 5 6 11 17 4 11 12 64 17 56 6 71 15 94 18 90 2 42 16 57 10 68 1 94 9 24 14 80 0 53 19 79 8 95
5 69 10 84 13 50 15 43 17 8 0 57 14 83 18 53 1 90 4 3 8 22 7 68 19 33 16 59 6 41 3 29 2 27 9 53 11 85 12 45
14 75 5 54 1 55 12 76 10 62 3 89 6 59 9 60 7 20 4 4 13 79 17 23 15 90 19 43 2 28 0 43 18 98 11 22 8 16 16 16
16 28 19 31 11 6 18 75 5 2 12 80 17 3 8 52 1 63 3 31 14 14 2 33 0 76 6 85 9 16 4 70 7 40 13 38 15 8 10 3
15 53 16 78 6 88 14 57 11 32 3 13 4 34 18 4 7 56 0 29 12 13 10 7 2 98 8 80 1 99 19 25 13 57 17 61 5 16 9 78
7 27 19 94 0 19 3 45 15 35 6 32 17 76 8 4 4 78 2 70 1 90 18 91 13 57 9 90 12 51 10 77 11 67 5 12 16 36 14 73
13 6 3 86 10 19 11 77 12 76 1 5 6 36 8 89 5 49 4 14 16 94 7 89 0 28 2 15 17 88 15 31 9 58 18 54 14 20 19 41
17 68 3 38 9 77 2 2 7 96 1 93 5 83 18 65 10 87 15 84 0 85 12 46 6 27 14 31 19 41 13 26 11 73 16 36 8 89 4 67
5 39 19 96 2 96 17 64 8 10 16 47 18 37 6 96 7 45 1 89 10 88 13 58 12 71 14 55 11 61 15 57 9 93 4 26 0 42 3 43
13 75 6 95 7 41 17 92 12 9 10 91 19 11 3 85 15 27 11 72 9 80 8 60 18 73 14 15 0 56 4 46 16 40 1 65 5 95 2 25
7 35 17 64 13 94 9 68 0 73 16 13 19 41 12 71 15 54 10 60 5 77 2 39 6 86 8 67 3 78 11 8 18 50 1 80 14 67 4 74
11 48 17 6 14 95 19 73 12 64 8 94 3 42 6 50 1 31 16 21 18 73 2 63 4 97 7 31 13 46 10 94 9 67 15 58 0 34 5 48
6 80 5 19 9 69 11 25 8 7 7 40 15 90 4 55 1 30 19 39 2 38 0 89 13 76 14 57 10 78 16 42 3 75 12 91 17 90 18 9
11 19 17 57 5 21 19 17 15 81 8 8 6 2 3 73 7 36 2 10 16 84 10 36 9 13 4 99 18 73 14 86 13 55 1 44 12 46 0 7
11 49 3 95 4 17 1 37 15 9 12 2 13 17 6 27 8 55 2 13 10 11 14 74 17 21 0 38 19 64 16 94 5 72 18 80 7 44 9 94
8 26 6 88 10 8 4 93 12 85 19 93 3 92 1 37 15 28 11 95 18 25 9 15 17 46 13 21 2 6 0 59 7 61 16 83 5 86 14 29
1 91 0 43 6 66 18 96 9 7 14 82 16 62 7 57 2 33 17 21 8 87 4 3 3 38 12 73 13 13 15 5 5 48 19 89 11 5 10 1
9 72 12 71 6 38 8 70 14 10 10 84 0 56 18 61 3 36 17 87 5 28 16 19 4 70 19 49 2 12 13 24 11 37 1 50 15 87 7 60
19 11 7 64 13 52 15 87 4 1 14 12 11 68 9 33 2 99 10 2 16 99 3 22 0 49 18 60 1 28 17 56 12 49 6 83 5 17 8 32
11 48 13 55 2 62 17 18 7 18 5 75 19 72 9 98 6 68 8 42 4 10 14 10 12 57 0 78 3 98 16 51 15 82 1 32 10 99 18 26
16 70 6 76 4 89 8 8 5 91 10 93 14 67 15 58 1 13 3 63 9 71 0 3 18 38 11 89 13 37 19 31 7 29 2 34 17 43 12 85
1 74 19 42 18 72 15 28 5 64 14 27 6 56 12 20 2 10 13 75 7 97 17 7 16 50 10 65 9 83 8 81 11 78 4 82 0 68 3 63
14 73 18 69 3 26 8 87 11 72 9 9 19 96 4 76 13 19 16 22 15 37 2 4 5 71 0 81 6 24 10 97 7 22 1 6 12 49 17 77
1 43 16 78 18 91 17 44 11 95 9 62 15 24 10 19 0 54 3 97 4 73 6 78 13 71 14 62 7 88 12 31 19 60 5 51 8 83 2 41
3 15 14 51 2 8 18 54 0 42 17 19 9 28 12 48 4 47 11 71 19 22 16 91 1 28 5 21 8 68 15 13 13 30 7 16 6 58 10 10
8 35 16 44 11 6 10 33 4 5 14 39 19 64 13 51 15 61 2 68 12 23 7 49 3 94 0 24 17 6 5 47 9 80 18 6 1 19 6 83
1 82 9 93 19 78 2 65 10 91 7 14 6 98 18 13 14 60 4 7 11 93 15 86 13 92 0 96 8 12 5 89 12 28 17 69 16 6 3 87
10 28 9 90 0 51 15 47 2 14 7 13 19 17 6 47 11 61 13 95 12 28 4 22 14 46 8 55 16 61 17 32 3 7 1 78 18 87 5 4
5 21 1 44 11 16 19 21 13 46 4 36 10 60 14 62 0 65 7 1 18 61 3 83 6 29 9 42 12 73 16 43 15 63 8 88 17 81 2 88
17 41 3 11 2 88 5 93 6 85 1 23 10 7 4 92 12 43 18 27 13 74 14 87 0 84 8 96 19 86 9 36 11 78 15 94 16 28 7 32
7 18 17 82 6 96 4 81 12 72 2 95 10 40 18 37 14 89 15 5 5 41 8 48 1 3 3 61 13 6 16 9 19 64 0 16 11 76 9 23
16 72 9 32 7 85 8 55 14 18 3 67 1 67 5 14 11 69 2 78 0 20 15 88 17 67 12 17 19 87 4 4 6 33 10 72 13 95 18 93
19 48 1 22 11 59 5 2 6 20 10 67 14 3 3 91 4 9 15 98 16 51 8 91 9 83 2 64 18 60 17 76 13 5 12 23 0 91 7 94
6 77 10 52 14 75 1 21 12 21 9 62 18 66 5 54 16 62 2 33 7 19 17 89 11 5 4 98 0 82 3 91 19 98 15 15 13 10 8 67
8 73 3 93 1 50 19 72 17 77 13 25 14 29 10 81 11 63 6 93 15 7 12 6 18 55 9 26 7 91 16 77 2 50 0 60 5 14 4 54
8 52 12 16 1 12 6 25 15 7 18 63 7 58 13 35 5 13 11 20 17 63 19 93 9 83 10 61 16 76 4 27 3 49 2 5 14 64 0 17
13 98 7 37 11 77 1 7 18 72 2 24 4 97 9 49 15 68 14 58 12 71 3 9 16 79 10 24 8 3 0 50 5 24 17 27 19 56 6 4
11 2 13 51 19 28 3 30 7 78 14 1 10 61 6 92 17 15 4 63 16 12 12 8 2 88 9 89 5 37 8 31 0 37 15 66 18 26 1 88
7 8 1 88 18 82 19 74 6 17 13 15 17 42 14 4 16 90 12 84 8 34 10 41 0 46 5 31 2 51 11 60 15 92 9 78 4 65 3 46
2 52 6 47 16 58 15 57 3 71 10 30 19 16 0 35 13 43 14 83 4 49 7 73 1 86 18 8 17 45 8 59 5 94 11 13 9 36 12 48
16 1 2 89 15 2 19 12 12 53 8 49 3 20 7 93 6 86 0 39 5 35 18 43 10 79 13 3 1 42 9 77 11 76 14 71 4 43 17 62
8 85 13 68 3 84 6 68 4 1 10 36 17 83 11 69 15 15 14 58 1 61 16 16 9 90 7 87 18 60 19 10 5 23 12 10 2 59 0 84
6 60 0 49 15 14 7 85 19 56 2 33 9 29 13 69 3 80 16 66 14 58 12 3 8 24 10 35 18 20 1 84 4 66 11 91 17 94 5 1
2 7 3 4 4 83 13 89 8 25 1 7 6 99 18 57 10 79 19 64 9 36 16 40 17 19 12 37 11 6 7 59 0 79 15 5 5 49 14 5
11 67 8 37 5 96 1 74 18 91 6 68 12 61 3 96 10 58 15 49 4 27 7 35 0 21 9 87 16 39 13 95 2 83 14 69 19 65 17 12
0 34 19 14 15 7 4 36 3 57 9 66 13 1 8 49 1 48 17 14 10 13 11 74 16 1 6 93 2 56 18 26 12 10 5 46 7 45 14 91
14 61 10 34 7 81 19 46 8 89 18 38 6 8 16 91 5 53 1 18 17 72 4 35 9 64 12 8 3 36 13 91 15 11 0 35 11 45 2 79
12 15 3 23 5 33 11 49 0 15 4 45 9 14 1 74 17 25 2 43 10 91 7 45 13 15 14 61 18 15 15 96 16 55 6 45 8 84 19 17
13 63 3 64 9 98 5 30 12 19 19 87 15 58 4 37 1 22 14 53 16 69 10 20 6 32 18 89 8 85 2 90 11 33 17 35 0 13 7 2
2 10 14 95 8 41 16 84 18 22 11 49 17 98 7 94 4 24 9 27 12 19 6 5 0 7 19 59 3 55 15 34 10 91 5 38 1 74 13 26
19 31 1 38 15 88 9 49 0 42 3 12 13 76 16 57 5 23 7 69 6 28 14 84 10 15 17 2 11 45 2 94 12 45 18 67 4 43 8 81
17 23 11 26 4 8 7 27 13 82 1 85 3 29 5 23 8 13 14 63 6 75 12 69 10 40 19 99 18 38 9 93 16 90 15 46 0 6 2 3
19 9 14 72 16 14 15 13 13 24 1 41 2 88 4 51 9 43 10 16 18 2 3 89 17 29 11 47 8 62 6 92 5 97 7 43 0 94 12 74
1 76 17 96 15 9 6 2 5 2 11 47 14 92 10 37 2 12 0 9 13 48 8 60 19 8 16 4 4 54 12 21 3 61 18 98 9 46 7 82
19 15 6 26 8 3 14 38 4 1 1 98 10 32 15 47 13 59 12 95 2 27 7 58 17 59 16 6 5 26 0 48 18 5 3 8 11 31 9 29
3 96 0 42 18 94 19 17 1 75 14 88 7 68 9 15 17 7 12 67 11 83 16 53 2 82 8 32 10 40 5 86 15 48 4 31 13 9 6 44
16 34 5 20 8 43 13 31 10 48 0 93 6 99 4 26 19 13 17 86 14 36 11 54 18 5 15 7 2 70 12 28 1 8 7 88 3 32 9 20
10 2 12 63 16 89 0 94 7 36 17 67 14 88 8 36 5 34 13 2 11 19 3 10 6 26 19 28 4 99 9 85 18 35 2 65 15 41 1 37
17 48 0 76 8 92 7 85 18 97 2 81 10 73 11 92 9 55 13 31 5 4 1 3 12 24 4 73 19 85 3 24 14 79 15 30 16 90 6 76
17 64 12 46 7 23 3 14 2 60 19 29 10 88 0 5 16 96 9 16 4 31 6 9 5 34 14 44 15 59 8 69 1 54 13 30 18 51 11 68
15 56 12 33 8 8 16 82 6 64 7 78 18 30 5 99 14 21 10 63 4 72 13 64 3 22 17 91 1 41 2 97 11 10 9 39 19 68 0 68
18 85 12 72 1 50 13 4 11 75 3 24 4 83 15 60 5 86 0 6 8 46 10 58 2 8 19 86 9 51 7 15 17 29 6 30 14 46 16 42
5 62 10 29 7 60 8 35 18 65 11 34 14 4 17 67 1 33 19 81 13 36 0 7 6 66 12 13 2 6 9 1 15 89 3 88 4 15 16 70
2 2 3 94 9 31 16 48 1 47 5 6 12 43 14 21 4 70 6 15 8 86 0 42 17 40 15 44 11 85 10 16 18 26 7 64 13 77 19 9
16 95 5 61 12 92 10 12 1 57 15 48 8 24 19 78 6 87 3 19 17 25 14 7 13 82 11 44 0 28 4 38 9 40 2 11 7 23 18 35
14 99 8 98 17 51 11 99 9 62 3 10 2 70 6 56 4 76 13 81 7 67 16 33 15 77 10 53 5 41 0 78 18 15 1 43 19 57 12 49
12 85 7 20 1 89 18 26 19 43 5 59 2 39 4 65 3 92 11 56 17 40 9 87 8 1 16 4 13 47 14 28 10 62 6 96 0 41 15 83
14 60 18 97 16 30 2 16 6 53 15 74 13 72 12 5 7 1 1 7 9 52 8 66 17 73 10 38 0 42 4 27 3 13 19 8 5 86 11 59
0 88 17 27 3 74 9 17 10 97 15 77 16 65 1 12 8 75 14 78 11 83 6 22 7 53 2 92 13 52 4 65 19 26 18 63 5 68 12 41
12 31 0 26 13 10 10 72 17 11 1 26 15 67 2 35 7 5 14 99 3 39 19 99 6 65 16 28 18 20 8 16 4 26 11 83 9 79 5 44
5 56 19 47 4 29 9 27 7 85 14 68 12 64 8 79 17 9 15 92 10 36 2 87 1 42 13 22 18 59 6 15 3 65 16 58 0 15 11 57
10 88 8 53 11 2 5 55 9 85 3 12 17 12 13 10 15 86 16 95 19 88 7 74 0 31 14 23 4 12 18 95 1 95 2 61 6 59 12 12
9 49 14 68 2 73 15 33 13 71 19 7 17 42 4 84 11 34 6 6 8 62 18 97 0 86 10 89 7 48 12 47 1 4 5 9 16 44 3 77
14 32 16 45 17 28 3 85 6 12 19 85 5 8 11 79 10 50 15 26 9 20 4 45 12 5 13 88 1 60 7 99 2 77 0 6 8 21 18 15
18 44 5 35 4 10 11 38 0 56 6 69 10 62 17 17 19 19 2 71 7 52 13 92 16 57 15 5 9 24 12 81 1 62 3 11 8 11 14 93
3 25 9 70 6 29 5 45 15 36 13 65 12 36 7 65 8 35 16 61 2 68 1 20 4 59 19 47 0 41 18 62 10 3 11 99 14 70 17 34
17 84 16 43 7 59 15 58 4 9 18 35 5 1 13 83 14 1 19 12 12 69 8 50 11 45 9 63 3 64 10 90 1 55 0 14 2 77 6 63
0 84 16 36 4 23 5 98 13 14 14 91 15 37 6 53 11 53 7 55 10 37 8 68 3 44 19 36 12 83 9 8 18 16 2 72 1 59 17 7
