30 20
13 52 3 85 0 12 1 91 15 81 6 53 17 50 10 32 4 25 5 28 16 77 18 39 2 97 14 38 8 54 12 40 7 73 11 36 19 99 9 64
6 95 5 16 1 66 2 61 10 46 17 48 12 73 9 81 4 48 18 66 7 13 13 94 16 60 8 68 0 74 11 26 19 74 15 96 14 55 3 32
0 9 1 40 7 5 18 96 5 22 16 6 19 73 14 92 15 28 4 90 17 22 13 60 6 68 2 19 10 17 3 79 11 50 9 16 12 82 8 32
6 32 13 98 2 10 1 81 17 48 16 51 8 1 14 51 18 85 4 91 11 42 3 38 12 86 9 78 19 95 5 73 0 97 7 73 10 13 15 46
6 58 13 81 16 98 2 74 10 65 17 12 3 52 5 4 1 29 7 41 12 71 8 62 9 96 14 48 18 71 15 50 19 77 0 74 4 32 11 36
4 46 3 97 1 94 11 5 13 43 9 74 8 84 19 27 17 41 10 7 5 8 0 18 14 15 16 75 15 40 7 90 2 17 12 77 18 35 6 29
2 21 19 12 6 90 8 75 10 74 4 93 9 63 7 10 18 14 15 64 13 34 0 65 1 33 14 53 12 85 3 1 11 56 5 69 17 29 16 43
0 20 8 36 17 59 6 49 2 61 19 97 5 48 18 89 1 36 12 63 7 94 10 79 16 81 13 24 4 16 11 47 3 1 15 73 9 26 14 33
16 58 3 48 1 81 13 96 15 94 0 6 8 89 2 33 9 27 14 84 18 12 4 62 17 29 10 66 19 80 7 68 6 32 11 21 12 74 5 54
0 85 2 16 14 39 9 44 5 87 19 9 15 60 4 50 16 33 7 54 6 29 3 39 10 1 12 49 13 19 18 57 11 47 1 52 8 69 17 18
8 56 3 73 1 86 17 90 19 3 11 92 6 69 0 19 4 13 13 51 15 52 7 82 16 39 5 10 18 45 9 32 10 77 12 38 14 9 2 58
5 71 11 57 9 80 0 36 15 96 18 90 12 17 6 40 16 27 19 45 4 39 1 89 17 82 8 54 2 44 14 1 7 44 10 92 13 84 3 28
16 64 8 29 17 46 19 99 12 62 3 12 18 15 13 88 9 36 6 63 1 76 10 26 11 76 7 59 0 18 2 55 4 10 5 1 14 47 15 47
19 10 4 92 16 19 6 42 17 21 7 66 10 46 8 11 14 1 2 88 1 43 3 69 15 22 9 26 11 53 13 90 0 40 12 87 5 4 18 46
17 18 18 14 7 34 14 8 19 95 11 12 15 78 0 36 9 70 13 96 2 24 10 78 6 73 12 29 4 4 1 48 8 27 5 70 3 25 16 34
1 91 13 3 19 63 7 73 17 3 18 94 11 43 5 18 15 89 0 98 10 26 12 43 6 12 8 9 2 28 14 8 16 48 9 32 4 39 3 82
13 64 2 81 16 75 3 70 14 77 12 40 0 22 6 26 8 20 7 34 4 19 18 71 11 23 5 52 19 22 17 97 9 52 1 45 10 32 15 9
6 58 12 96 18 88 2 43 19 24 8 54 15 27 3 32 7 1 16 90 4 8 1 85 0 75 10 48 11 35 13 1 17 56 9 66 14 72 5 34
0 19 2 1 5 75 10 63 16 35 11 64 9 13 8 86 3 36 15 39 19 91 4 7 13 59 7 73 14 49 6 37 1 73 18 33 12 36 17 67
1 12 8 75 4 22 10 6 2 37 17 25 14 48 5 43 3 60 12 38 19 86 0 21 16 78 15 77 7 3 6 8 11 13 9 61 18 34 13 56
2 29 10 26 14 84 4 44 18 34 9 26 12 10 6 52 0 62 7 26 11 85 19 62 16 12 1 12 5 3 3 95 8 32 15 95 13 27 17 29
15 73 14 94 1 83 8 69 10 56 13 35 11 62 19 44 17 69 6 99 0 28 12 71 2 26 16 65 7 76 3 65 5 32 18 74 4 3 9 54
9 9 13 22 15 72 14 8 12 75 7 77 3 90 1 73 0 36 16 33 2 54 11 51 17 64 8 88 10 87 19 26 5 94 18 69 4 34 6 64
18 69 1 4 0 6 8 49 15 85 6 70 9 53 4 68 2 84 10 26 19 15 12 4 5 20 14 6 7 83 13 22 16 9 17 79 11 32 3 67
5 89 8 39 3 63 17 20 13 18 18 64 7 62 0 37 6 79 19 42 16 82 12 50 14 65 15 44 2 14 10 17 1 85 4 5 11 67 9 78
10 70 13 49 19 61 0 92 4 17 2 22 17 65 1 20 18 75 5 76 11 45 7 18 14 4 15 77 9 79 16 38 3 72 12 2 8 7 6 50
14 11 5 10 17 5 3 78 4 26 19 71 6 15 12 2 0 8 7 85 16 9 15 48 18 12 9 58 8 52 13 68 10 51 11 88 1 91 2 50
15 41 19 74 7 68 8 82 18 66 4 24 11 48 14 40 1 92 16 32 13 11 2 25 6 41 5 83 12 81 17 73 9 68 0 94 3 54 10 91
1 51 9 76 8 52 17 76 11 26 10 96 19 51 18 58 4 72 0 88 2 50 16 93 5 33 3 56 12 40 13 11 15 10 7 45 6 1 14 75
3 77 5 7 2 71 0 53 10 63 15 94 18 81 11 74 16 51 6 27 17 59 7 51 1 20 9 11 13 34 12 67 8 69 14 38 4 27 19 59
