100 20
10 18 19 12 12 81 6 62 16 67 5 79 2 92 14 73 9 78 8 26 18 86 13 1 7 20 17 24 4 5 3 99 15 59 1 45 0 50 11 5
3 1 15 19 4 56 0 99 10 39 2 66 14 58 12 13 16 45 11 97 13 71 6 29 1 77 7 46 19 78 5 94 18 38 9 43 8 13 17 77
1 20 11 37 16 14 4 30 13 91 18 85 14 86 15 97 0 4 9 24 5 60 2 49 19 48 17 21 8 24 6 28 12 97 10 41 7 23 3 38
7 20 10 28 13 14 1 86 5 94 17 38 12 75 11 47 18 26 6 12 15 82 0 88 4 9 14 67 2 54 8 55 9 52 16 77 19 5 3 86
11 24 3 45 8 47 1 21 14 80 15 7 10 48 17 21 4 71 16 25 5 84 18 38 12 25 19 16 13 44 0 17 6 35 7 59 9 33 2 97
11 91 9 67 12 25 10 1 13 79 7 40 3 20 6 34 15 38 16 21 14 95 5 54 18 20 2 63 8 86 17 10 4 14 1 47 19 36 0 45
14 17 1 75 11 89 16 55 8 16 15 73 19 78 10 65 18 17 13 25 7 49 2 48 17 9 5 72 4 67 9 81 6 38 0 31 3 14 12 36
12 63 1 3 19 41 5 50 6 12 17 98 9 97 13 47 7 42 3 53 18 37 8 12 2 21 11 99 15 10 14 19 0 39 16 27 4 75 10 21
15 42 5 36 6 10 1 89 14 2 4 44 10 67 8 77 0 7 13 26 9 36 2 97 7 45 3 30 11 85 19 71 12 94 16 93 18 60 17 61
8 95 15 22 16 72 4 44 17 17 0 3 6 83 7 48 18 13 1 28 13 62 3 46 5 35 11 9 12 95 2 62 9 76 14 9 10 50 19 45
7 18 0 55 8 1 4 13 15 89 6 46 12 85 18 77 1 13 13 43 2 91 17 88 3 11 14 29 19 33 10 76 11 70 16 6 5 27 9 48
13 7 16 95 11 5 6 88 5 32 3 73 18 14 0 97 19 34 2 37 4 49 7 85 17 37 15 2 8 90 12 85 1 98 9 16 10 67 14 58
0 99 2 15 9 24 16 57 17 22 14 64 12 85 13 10 11 24 8 43 7 39 4 63 5 25 3 13 1 53 18 29 15 15 6 58 19 68 10 82
9 62 6 69 0 40 13 7 4 42 15 22 8 6 17 56 7 86 19 90 5 74 11 76 12 19 10 45 3 12 16 38 14 51 1 91 2 75 18 23
11 71 19 93 16 26 4 49 18 63 5 65 12 50 13 55 17 68 6 61 2 16 1 7 3 79 10 86 9 20 15 53 7 27 8 18 14 88 0 56
3 84 16 17 0 71 13 67 18 78 12 26 14 77 6 12 19 89 2 32 10 79 9 74 8 66 7 50 5 92 4 67 11 46 17 93 15 2 1 7
12 67 3 42 2 57 9 30 16 56 11 18 5 20 14 21 1 46 4 61 17 79 15 30 8 55 7 97 0 64 19 66 18 74 10 90 6 54 13 27
4 58 3 64 11 26 13 41 14 61 12 17 0 56 18 44 1 46 9 95 8 44 17 53 15 90 7 23 16 34 2 37 5 36 10 7 6 4 19 46
13 82 6 67 12 16 16 33 11 55 18 20 17 1 10 37 2 53 5 72 3 51 8 58 19 91 15 71 9 5 7 41 0 69 4 87 1 96 14 48
3 63 5 8 18 74 7 82 14 10 9 95 13 32 19 25 17 29 10 78 1 71 12 41 8 95 0 60 2 47 15 47 4 20 6 43 11 54 16 92
13 39 1 16 7 50 3 30 4 57 2 10 5 3 15 51 19 83 6 56 11 85 16 99 12 82 14 16 8 28 17 63 9 91 0 6 18 18 10 91
1 20 11 99 15 78 7 86 10 20 2 78 0 96 17 7 5 38 14 33 4 68 16 31 19 60 12 87 3 96 6 41 9 5 8 53 13 11 18 97
19 27 16 31 17 45 6 50 0 27 9 82 10 4 2 19 11 55 7 41 1 76 14 27 5 11 3 66 4 4 8 32 15 14 13 23 12 94 18 76
16 82 2 13 14 26 8 13 19 98 4 37 1 15 6 80 7 56 3 73 18 14 11 69 15 71 13 44 12 62 9 24 10 72 0 75 17 2 5 8
9 60 18 23 11 84 19 16 6 40 4 17 14 37 15 26 8 62 5 90 1 55 2 81 12 12 16 30 17 97 10 90 3 1 0 29 7 41 13 19
12 47 14 54 10 38 6 3 1 95 15 9 2 52 8 93 9 41 18 41 4 11 16 41 11 41 3 94 7 62 17 96 19 5 13 16 5 85 0 78
4 45 8 68 19 56 6 35 0 19 14 52 17 51 15 9 9 51 3 8 12 30 16 1 10 47 7 77 2 77 5 51 18 67 1 91 11 72 13 4
18 87 3 51 12 18 11 48 9 57 16 18 15 61 5 64 1 28 14 99 8 67 19 86 7 66 10 26 13 92 0 19 6 13 17 46 2 12 4 57
5 85 0 67 16 75 2 45 6 69 9 31 15 66 3 35 13 22 19 32 17 88 4 68 8 30 7 19 12 22 18 56 11 11 14 51 1 14 10 39
0 96 3 6 8 60 9 69 11 42 12 25 16 9 4 71 17 18 14 38 13 16 19 53 5 3 15 96 7 71 10 39 6 68 1 88 2 95 18 64
2 72 17 15 13 44 3 6 10 8 7 79 8 49 6 35 12 9 9 53 19 22 15 45 16 97 18 12 5 11 1 94 11 26 4 22 0 90 14 21
15 81 16 44 7 51 8 69 4 17 0 9 2 48 10 58 19 80 9 91 17 43 12 71 14 90 3 87 11 32 5 18 13 61 18 28 1 31 6 90
15 56 11 6 17 29 0 29 10 73 3 47 6 61 4 34 13 43 5 84 1 6 9 43 2 16 19 35 8 65 14 52 18 62 16 41 12 78 7 79
18 33 14 33 6 20 11 60 19 86 7 88 2 73 16 56 1 84 9 71 0 24 4 96 3 26 12 15 17 53 10 43 5 28 13 33 8 2 15 96
2 96 1 48 12 23 0 21 8 1 19 48 13 72 4 66 3 56 6 83 16 30 15 18 10 81 14 59 7 18 11 26 17 37 9 67 5 63 18 70
0 35 19 95 5 16 2 71 16 75 1 47 13 21 18 98 15 27 12 52 10 27 6 4 7 56 11 8 3 51 9 35 4 91 14 4 17 46 8 2
3 19 0 54 2 42 17 93 15 72 7 56 10 69 11 28 19 46 9 70 13 51 6 73 12 84 5 23 1 7 18 26 16 81 14 33 4 88 8 95
9 5 7 35 12 62 3 40 5 19 8 87 16 27 10 1 18 28 19 32 13 47 0 32 17 11 4 43 2 87 14 54 1 16 15 33 11 42 6 67
7 70 2 81 16 93 5 51 9 15 18 9 10 49 17 68 1 70 19 37 0 18 14 59 6 88 11 23 15 45 13 4 12 69 8 20 4 62 3 52
6 14 8 39 7 80 18 72 10 40 14 55 3 45 9 12 13 57 5 97 15 59 4 68 0 43 12 39 2 97 19 13 17 24 1 89 16 97 11 24
2 74 5 15 0 40 1 4 3 73 6 14 12 80 10 70 4 98 14 52 7 55 11 62 9 81 13 75 19 75 16 53 17 44 15 49 8 93 18 38
19 82 3 18 1 20 8 4 6 49 0 33 16 51 17 94 11 85 12 78 2 65 9 67 15 90 5 87 4 87 18 38 7 41 14 20 10 26 13 79
16 96 4 17 13 1 8 91 11 22 1 23 9 88 5 47 19 10 10 48 3 25 15 60 14 16 18 65 12 36 2 21 0 38 7 85 17 29 6 24
4 28 1 48 14 58 15 33 7 52 19 24 12 86 18 90 10 46 2 45 8 59 6 92 9 67 5 95 17 77 3 43 0 21 13 13 11 26 16 69
1 51 3 33 9 49 18 57 11 69 19 53 10 84 5 94 2 35 12 51 0 55 6 6 7 79 16 17 15 24 17 28 14 32 8 92 4 28 13 66
8 52 3 20 18 25 13 57 4 77 10 40 0 51 6 84 12 96 2 72 7 92 11 4 14 1 5 59 16 63 17 15 15 14 9 66 1 2 19 79
7 36 11 5 8 38 10 52 19 41 3 82 5 54 15 1 13 29 14 41 6 54 17 76 4 34 12 76 2 75 16 16 1 13 18 85 0 52 9 27
15 85 16 66 19 79 6 22 1 41 13 11 5 13 9 41 7 70 10 82 3 26 2 1 17 65 18 22 11 20 4 42 12 80 14 89 8 89 0 25
13 58 11 14 0 51 3 47 17 12 8 64 12 32 7 16 15 70 5 78 19 76 14 85 9 81 4 60 6 28 2 42 16 51 18 21 10 55 1 96
10 43 2 30 12 38 8 69 1 49 5 6 4 14 19 67 7 6 15 85 13 80 0 94 11 98 14 50 3 46 6 15 16 5 9 52 17 75 18 65
14 46 8 32 5 34 13 13 3 92 6 69 17 82 7 80 11 95 15 6 4 88 9 49 19 76 18 48 0 85 10 9 1 56 2 82 16 70 12 93
13 76 1 15 6 2 14 29 7 12 5 85 19 53 3 82 2 63 4 70 16 98 11 9 0 41 8 12 12 54 9 71 15 84 18 40 17 6 10 89
13 59 6 26 14 50 12 93 8 92 0 46 3 12 1 15 17 90 4 80 19 54 5 26 11 92 9 96 18 74 16 96 15 47 2 38 7 19 10 19
13 70 0 46 3 92 17 29 2 85 18 67 5 59 12 67 7 79 6 93 16 36 4 30 11 85 9 50 1 47 19 42 15 50 8 46 14 85 10 23
13 52 8 29 12 63 0 62 7 71 1 29 4 10 9 5 18 30 19 69 11 51 2 30 5 95 6 50 15 67 17 77 10 30 3 13 14 97 16 75
14 1 11 97 1 77 18 13 12 25 6 31 19 13 10 25 2 44 5 71 0 90 9 12 15 16 13 28 17 19 8 35 7 32 3 94 16 59 4 90
18 16 10 42 16 58 0 65 15 35 3 70 13 71 6 87 8 9 12 39 19 79 7 77 14 63 11 81 2 79 9 86 1 23 5 71 17 30 4 2
13 22 16 13 9 70 19 64 5 8 15 11 7 86 12 16 14 83 3 42 0 91 17 31 10 1 11 83 8 12 1 68 18 83 6 77 4 45 2 39
2 88 17 96 6 57 14 53 1 28 19 9 5 77 13 9 0 53 12 27 16 55 8 35 7 5 4 95 18 6 9 9 10 9 3 40 11 62 15 33
3 76 5 48 1 28 19 7 10 20 13 15 17 91 12 64 0 3 6 12 2 13 11 38 18 6 7 17 14 32 9 70 16 76 15 98 4 64 8 46
17 46 18 35 0 81 6 71 15 59 10 74 7 51 3 61 5 97 4 84 9 23 16 13 2 14 8 86 13 85 11 59 14 5 1 70 19 92 12 40
9 42 11 24 8 53 1 52 19 30 5 10 4 81 13 39 17 63 14 49 6 24 12 82 0 9 15 60 2 87 18 47 16 37 10 20 3 80 7 77
7 26 1 38 0 30 18 32 6 1 5 18 2 38 3 85 17 40 9 33 14 97 11 47 12 70 10 33 8 65 13 33 15 63 4 8 19 6 16 78
9 47 3 20 17 10 8 74 14 34 13 48 10 21 4 30 5 22 2 69 0 38 6 83 1 64 15 3 16 25 19 73 18 6 12 28 7 77 11 77
7 33 11 64 5 91 4 37 14 47 6 9 12 56 13 76 15 38 0 87 17 10 18 68 10 78 8 49 3 53 19 19 1 19 9 86 2 63 16 91
4 93 12 6 2 82 10 55 16 24 5 77 15 47 9 56 1 61 14 17 6 66 18 72 7 32 8 65 13 82 19 90 3 40 0 91 11 39 17 56
9 87 2 50 11 67 17 23 14 22 1 20 18 56 15 72 3 62 12 16 19 16 6 49 4 94 13 51 5 94 7 26 0 72 8 68 16 61 10 51
15 37 5 24 16 59 0 5 4 36 11 72 13 82 7 65 19 2 9 73 12 22 8 76 10 64 3 54 6 68 14 34 18 93 1 36 2 3 17 69
19 18 11 35 1 21 10 68 17 54 4 69 12 67 0 4 7 87 3 93 18 11 14 22 6 65 13 24 5 59 8 52 16 94 2 90 15 13 9 92
15 82 9 29 4 71 2 15 8 45 5 31 17 63 18 49 10 73 16 72 1 46 11 76 6 58 3 64 13 18 12 69 0 70 19 45 14 62 7 70
18 54 3 87 12 80 4 52 14 51 16 21 2 38 1 10 5 45 11 53 15 82 0 59 10 38 13 52 7 25 8 40 6 37 17 2 19 25 9 56
19 6 4 31 16 30 8 33 13 34 1 71 11 4 14 15 17 90 12 41 7 3 5 64 18 49 6 50 15 57 10 95 9 19 2 93 0 44 3 96
8 91 4 45 3 31 0 32 16 74 18 21 13 91 7 99 15 45 17 8 14 84 5 99 2 43 6 34 11 33 9 84 1 72 19 29 10 71 12 21
14 29 3 22 7 37 9 96 11 98 1 48 2 50 4 34 18 46 6 54 19 24 16 7 17 31 12 51 10 70 0 24 8 67 13 11 15 79 5 33
1 38 10 9 5 71 11 45 0 34 17 71 15 85 8 69 13 74 7 68 9 14 19 61 16 81 6 87 14 43 12 48 3 45 2 22 4 63 18 63
0 84 9 57 14 5 1 78 4 55 13 6 2 59 6 50 7 30 5 52 16 80 11 25 8 59 17 63 18 81 19 91 12 80 10 49 3 76 15 67
3 40 18 34 10 50 4 32 0 82 19 57 15 97 6 79 12 3 8 37 2 57 11 95 17 66 16 68 1 60 14 90 5 20 9 3 7 11 13 93
2 40 11 44 6 29 12 5 7 96 3 65 19 91 4 10 0 47 5 19 8 78 10 13 15 99 17 63 9 9 18 10 1 76 13 15 16 36 14 95
11 75 18 33 19 32 14 77 15 47 16 19 8 98 6 2 0 66 12 10 9 78 13 99 3 1 1 48 17 69 7 19 10 98 4 77 2 72 5 51
6 80 15 57 1 4 19 73 17 99 2 35 16 53 18 87 12 61 4 49 0 31 3 69 11 61 14 3 8 37 7 72 13 78 10 79 5 39 9 74
14 51 7 38 1 8 18 70 2 74 10 16 11 30 3 80 16 16 0 15 9 64 8 91 17 65 5 32 19 67 4 3 12 36 13 73 15 77 6 36
6 4 11 68 14 2 1 72 9 95 16 26 15 51 13 16 3 38 8 44 2 66 0 67 10 54 19 39 7 24 4 83 5 24 12 8 17 65 18 26
17 80 15 46 14 72 2 34 19 25 18 55 7 69 1 89 16 21 5 34 8 5 0 31 12 30 13 38 4 74 9 25 11 98 10 65 3 78 6 13
10 47 17 43 18 67 19 55 1 87 9 36 6 87 12 81 4 62 2 86 13 29 8 54 0 63 5 82 3 38 15 76 16 95 14 37 7 31 11 47
12 55 6 31 5 52 7 38 16 28 17 84 9 48 2 8 3 72 11 65 19 42 13 17 4 50 0 73 14 44 10 61 8 65 1 24 15 28 18 95
8 99 7 9 12 81 18 39 1 42 0 12 14 91 4 92 2 73 9 97 5 9 11 81 19 71 17 3 6 58 15 58 16 13 10 20 13 49 3 92
6 46 3 87 13 68 19 28 15 10 18 97 9 41 0 95 10 2 17 16 11 68 7 54 16 28 14 34 8 49 5 22 12 49 1 5 2 40 4 57
16 98 2 45 10 47 1 90 18 25 5 43 19 43 9 29 17 2 8 26 13 30 6 18 15 81 4 93 7 43 3 21 0 91 11 43 12 65 14 47
18 69 7 19 2 51 0 23 3 57 5 81 16 75 11 89 17 65 15 87 19 14 4 80 6 43 1 49 8 97 9 60 12 57 14 27 13 96 10 50
16 70 14 71 11 34 8 84 15 81 6 65 12 53 1 84 10 24 2 12 18 95 4 30 9 24 19 20 17 80 3 23 0 84 7 82 5 12 13 80
18 97 14 41 1 65 7 99 5 38 16 15 3 41 8 8 6 65 19 5 9 39 0 19 12 44 2 72 13 7 10 18 11 84 15 30 4 28 17 61
6 56 19 36 5 64 12 59 11 3 15 42 13 8 2 13 9 51 0 56 18 64 17 73 1 86 10 76 3 34 16 46 4 99 7 34 8 85 14 95
6 83 18 80 12 99 7 35 19 18 1 4 16 77 9 87 5 75 11 39 0 87 4 41 8 1 14 90 2 2 15 73 17 58 10 30 13 40 3 62
14 85 5 52 3 88 12 61 2 65 4 92 13 33 6 40 17 49 10 93 9 32 1 10 0 14 8 20 18 62 15 44 7 40 11 62 19 45 16 22
6 66 13 27 5 94 18 78 1 7 4 64 2 29 10 4 16 97 19 31 15 70 11 23 9 64 12 75 17 52 14 4 8 43 0 12 3 44 7 77
19 25 3 81 18 19 16 75 5 71 0 9 4 29 2 64 6 95 1 32 12 58 15 78 13 24 17 5 9 87 8 13 7 34 14 15 11 77 10 96
12 16 18 44 19 13 6 86 0 77 16 20 14 70 17 31 15 61 8 40 7 23 3 74 10 34 11 47 9 31 5 45 2 40 13 67 4 1 1 9
12 20 4 50 9 16 3 88 10 25 8 25 18 15 5 93 15 18 19 51 11 20 2 33 7 77 13 80 16 34 17 47 14 62 0 49 6 4 1 45
14 85 15 24 12 82 16 57 1 14 2 63 18 77 17 16 3 39 0 97 5 79 19 56 7 17 6 91 11 62 13 52 8 85 10 23 9 62 4 5
9 13 13 28 2 32 18 72 10 24 3 86 12 83 7 74 15 8 5 27 0 11 4 5 16 52 14 37 19 6 1 7 6 79 8 92 17 5 11 15
