50 20
9 28 18 44 3 27 7 97 1 18 16 89 19 79 13 84 11 12 2 39 4 63 17 49 10 66 12 67 6 66 15 7 0 95 5 56 14 90 8 27
6 21 11 53 0 33 9 30 10 80 12 16 1 32 18 12 3 15 17 28 2 70 16 58 19 45 5 17 15 80 14 80 4 24 8 6 13 32 7 15
7 56 19 67 2 24 10 32 14 74 1 20 6 67 15 94 9 68 16 64 5 46 18 96 11 22 0 36 8 64 4 65 12 11 3 17 17 69 13 84
12 36 14 71 11 49 8 84 19 94 18 40 10 42 6 55 4 64 1 48 3 60 0 95 2 73 15 32 13 43 17 40 16 15 9 1 7 79 5 42
16 26 11 55 10 49 3 50 9 55 8 70 0 11 4 98 19 86 13 77 12 28 7 44 2 45 14 31 5 6 15 74 6 1 18 76 1 20 17 64
14 41 11 1 10 73 2 4 0 80 7 15 19 31 4 22 6 54 3 21 17 26 1 5 8 98 12 22 15 19 16 60 18 14 9 88 13 78 5 35
2 24 11 5 1 97 13 53 0 49 5 48 3 4 8 83 10 84 6 2 9 62 16 56 15 38 14 49 7 88 17 60 12 49 4 73 19 69 18 52
5 2 2 5 6 97 0 2 9 14 11 25 17 29 18 86 16 33 19 17 4 40 7 69 14 45 3 25 10 12 13 7 15 49 1 20 8 58 12 68
7 56 10 18 4 69 12 1 6 57 8 6 9 3 19 22 0 72 3 42 17 42 14 60 5 7 2 98 11 49 15 89 13 75 16 24 1 31 18 61
10 39 17 20 15 94 14 4 3 38 0 7 13 88 11 65 18 42 12 79 2 37 8 47 19 36 4 76 6 6 1 55 16 28 7 97 9 23 5 40
19 80 12 85 1 2 7 11 18 7 11 95 16 93 10 83 3 68 0 10 15 26 9 52 5 48 8 11 6 25 2 70 4 89 17 11 14 95 13 32
17 44 11 23 3 7 5 65 9 37 4 32 15 94 0 83 1 50 16 90 13 56 18 91 19 61 8 36 7 57 6 69 2 80 14 97 10 26 12 11
12 95 4 4 11 68 14 27 18 20 10 64 8 66 0 78 2 19 3 84 13 37 6 6 19 4 1 9 7 7 5 65 9 16 16 53 17 19 15 75
11 57 9 58 10 59 17 21 8 73 5 97 4 21 16 37 13 46 14 57 19 89 6 57 18 96 2 28 12 66 15 73 0 83 7 99 1 47 3 59
11 26 19 99 0 90 9 34 15 59 12 45 17 25 10 16 6 70 14 71 3 99 1 35 8 89 16 92 5 80 13 81 7 33 18 60 4 58 2 42
19 50 6 56 8 45 16 4 5 58 0 29 4 43 2 26 10 3 18 16 15 36 17 79 13 82 11 96 14 29 3 91 7 42 9 44 12 23 1 7
3 47 8 21 12 31 4 66 14 93 1 82 19 25 0 96 10 2 6 3 18 85 16 19 2 81 17 42 9 56 7 55 15 55 5 78 13 70 11 56
0 88 3 82 2 60 10 1 15 79 16 91 9 31 12 9 1 23 13 31 17 37 18 49 11 34 14 42 5 37 4 22 6 62 7 73 19 59 8 84
2 20 0 25 15 95 11 93 3 56 9 90 18 58 14 60 1 89 10 35 7 30 6 60 8 2 5 35 13 22 17 2 4 46 12 55 19 16 16 57
17 53 5 11 4 73 19 57 14 48 15 98 16 25 13 73 2 18 10 47 9 88 11 44 7 43 1 87 0 31 12 1 6 5 18 20 8 56 3 95
19 31 6 16 18 49 9 84 8 60 16 22 1 73 4 54 17 63 13 76 0 72 5 12 3 8 2 48 14 40 7 86 15 21 10 36 11 22 12 79
3 65 0 58 11 9 6 25 15 12 13 71 5 16 14 71 9 1 12 42 10 76 7 46 19 97 16 18 18 40 8 83 2 66 17 36 1 42 4 30
17 65 6 45 10 84 3 28 11 57 15 81 12 97 7 45 18 80 8 10 4 57 19 35 1 86 9 49 13 43 14 36 16 34 0 11 2 48 5 88
10 93 6 34 9 30 18 12 17 51 4 37 0 94 14 67 15 50 1 82 16 77 19 76 11 66 7 1 3 1 12 34 5 60 8 49 13 64 2 81
10 7 14 81 13 76 7 12 8 64 19 65 12 24 17 94 16 83 15 21 3 55 9 55 11 92 4 55 5 82 1 90 6 10 2 4 0 24 18 9
19 21 9 20 1 80 17 89 2 41 7 7 16 50 18 16 14 13 11 81 3 26 4 24 15 46 8 95 13 72 12 86 6 46 5 5 0 56 10 83
16 34 4 11 1 18 6 42 17 50 19 55 10 94 18 12 7 22 15 7 13 98 14 74 12 35 5 5 2 83 8 21 0 52 11 41 3 78 9 74
8 30 10 22 7 70 14 40 0 96 5 90 9 20 3 60 1 72 16 49 19 27 17 72 18 80 15 99 12 24 6 34 11 57 2 11 4 43 13 24
3 55 2 69 1 60 18 24 15 34 14 98 13 60 12 87 5 75 11 7 17 36 6 10 16 46 10 85 9 13 0 36 4 26 7 42 8 5 19 52
2 71 4 5 5 71 6 4 9 62 18 75 12 56 10 89 19 67 16 15 8 65 13 81 17 44 7 5 11 46 3 83 1 48 15 70 14 95 0 47
4 75 15 70 8 24 17 61 3 9 18 56 6 24 7 24 14 14 10 16 2 92 19 58 12 59 9 2 0 51 5 3 11 10 1 34 16 14 13 58
19 79 15 31 10 38 18 74 4 68 14 99 7 45 11 13 13 50 12 30 3 86 9 76 16 40 5 71 17 11 1 7 8 67 6 5 0 3 2 31
9 6 6 18 0 22 11 27 13 41 14 67 17 41 16 91 1 76 7 53 19 46 2 44 4 70 3 16 10 3 15 90 18 72 12 12 5 76 8 92
2 33 8 17 19 65 6 4 17 10 9 99 15 91 7 9 12 6 10 9 3 29 16 79 0 57 11 18 1 23 4 3 14 42 13 40 5 35 18 44
1 31 2 93 3 37 17 55 0 99 4 80 15 57 13 80 14 48 7 50 16 79 5 92 6 39 11 36 19 13 10 8 8 98 12 47 18 16 9 84
3 96 6 7 19 89 15 9 9 90 1 98 14 40 0 42 17 20 11 16 8 60 13 92 4 43 16 50 2 71 12 91 10 20 5 2 7 47 18 57
11 33 13 24 2 60 16 55 0 80 6 52 8 52 1 84 17 54 18 82 14 74 4 93 5 93 19 12 7 33 3 6 9 92 15 75 10 89 12 40
13 7 6 47 17 68 4 17 0 50 19 46 3 97 10 28 2 72 5 78 12 39 16 14 18 67 14 53 1 90 11 41 15 30 8 91 9 41 7 65
5 48 15 19 12 83 14 68 11 62 19 61 18 24 17 38 1 96 6 75 3 92 0 32 10 69 13 73 4 13 8 54 2 63 9 2 16 1 7 1
5 78 4 1 13 29 12 13 18 91 17 19 19 81 1 86 8 47 11 54 10 10 6 97 15 97 16 56 14 22 7 20 0 18 2 40 9 55 3 96
17 44 1 90 18 80 13 29 5 95 12 46 11 70 3 59 19 16 15 76 16 56 9 70 8 2 4 68 14 17 0 21 7 88 2 34 6 98 10 75
14 49 11 20 15 72 2 54 18 67 4 24 19 5 8 16 9 48 12 55 1 16 16 57 7 93 3 98 6 94 17 80 13 16 10 2 5 9 0 17
11 96 4 79 12 2 18 8 17 31 19 85 6 20 10 67 0 98 8 33 16 80 9 13 7 27 3 48 5 39 1 4 2 67 14 96 13 3 15 24
4 79 5 45 11 6 6 49 17 17 1 8 10 88 0 23 15 68 12 74 16 86 9 85 14 6 3 84 19 52 2 90 13 2 8 92 7 16 18 54
16 31 3 69 12 81 13 96 2 65 9 42 8 75 10 33 14 24 4 56 17 14 18 66 0 47 6 29 5 90 7 58 1 26 11 39 15 76 19 52
17 63 1 54 8 44 6 92 10 24 13 19 2 1 16 69 11 90 7 38 15 4 4 93 19 16 3 20 9 66 0 26 14 64 18 12 12 85 5 46
16 54 0 38 3 85 17 82 5 12 15 41 18 21 2 87 19 11 4 75 13 98 12 71 8 76 11 52 1 10 6 87 10 84 14 23 7 44 9 36
5 7 3 61 1 94 4 51 6 7 11 3 19 2 7 7 13 75 12 31 18 62 0 17 16 76 2 93 9 28 10 16 8 89 17 59 15 87 14 2
15 45 17 91 11 16 12 82 6 38 9 59 7 96 8 66 10 70 16 24 2 17 13 7 19 19 1 75 4 39 0 25 5 94 18 43 14 52 3 87
6 36 7 10 3 91 11 39 14 27 8 9 5 26 9 77 13 41 19 99 2 5 1 8 15 45 10 36 4 24 17 95 0 28 16 12 18 23 12 81
