100 20
2 73 7 76 9 13 1 9 10 98 14 84 11 1 6 85 3 52 12 26 16 54 5 97 15 59 18 90 17 53 13 67 0 76 19 50 4 97 8 68
17 62 1 70 4 69 0 97 3 54 6 59 18 68 9 30 7 41 8 44 13 4 19 23 15 35 14 2 16 45 2 8 5 99 10 64 11 72 12 2
16 32 12 53 19 84 13 98 7 19 11 98 8 27 9 83 14 79 3 76 18 81 2 60 4 99 0 86 17 41 10 69 5 26 15 37 6 77 1 65
7 24 0 81 3 74 17 46 6 48 13 57 2 76 14 87 16 16 5 11 18 38 15 66 19 44 4 19 1 24 9 40 11 61 8 38 10 25 12 14
9 23 3 14 10 11 1 72 7 47 15 70 14 14 11 81 0 58 6 99 13 42 5 98 12 28 18 91 16 39 4 39 17 44 2 21 8 79 19 45
13 56 2 75 10 93 18 29 5 75 15 59 4 60 0 98 9 16 19 88 6 66 11 53 16 14 14 36 17 53 7 26 8 78 3 35 12 42 1 3
18 13 11 97 6 39 17 37 7 86 19 99 4 21 16 61 9 35 12 62 2 81 10 45 13 79 1 67 5 82 14 30 8 53 0 13 15 16 3 98
16 74 13 93 11 10 6 91 5 30 3 9 4 26 8 52 18 42 9 48 15 18 2 2 19 17 1 38 7 41 10 47 0 31 12 65 14 46 17 14
19 83 1 52 5 86 8 73 10 56 17 75 2 23 15 15 9 3 12 56 18 40 0 22 16 81 6 51 13 60 11 45 7 85 4 16 14 97 3 95
12 98 0 3 16 92 5 43 9 72 10 13 13 97 6 31 19 46 15 77 7 88 1 64 3 58 8 60 2 87 11 23 14 4 18 85 4 23 17 23
17 19 6 64 10 24 15 31 16 49 0 50 14 84 5 22 11 93 2 8 1 40 19 95 9 51 4 85 3 3 18 90 7 18 8 51 13 5 12 59
19 73 15 29 0 72 3 21 5 65 10 3 8 89 7 27 18 72 12 68 9 42 11 41 17 21 1 99 16 43 6 9 2 55 14 42 13 74 4 41
13 29 15 53 10 64 6 60 2 36 8 70 11 32 4 71 14 88 0 58 5 17 17 71 3 10 7 94 9 65 18 10 16 30 19 12 1 97 12 24
15 70 18 91 16 11 13 30 14 84 9 66 11 48 0 16 5 91 19 4 7 84 12 38 17 11 2 38 1 25 4 86 8 48 6 87 10 19 3 34
19 58 11 91 16 40 7 91 18 20 15 39 0 77 12 18 9 44 17 35 6 13 8 92 4 16 2 78 14 15 13 84 1 38 10 33 5 29 3 26
2 56 8 87 11 6 10 25 12 69 7 78 1 26 17 34 0 14 9 3 6 4 16 42 18 82 5 17 13 34 19 90 4 14 14 6 15 69 3 39
10 48 17 98 11 82 0 31 2 3 14 53 1 27 12 98 4 58 9 38 18 37 13 80 15 94 7 74 8 8 16 20 19 31 5 92 3 17 6 53
17 71 1 17 5 22 12 89 6 26 11 21 8 88 10 27 15 38 7 28 0 13 19 30 3 99 4 9 13 10 2 80 18 2 9 79 14 25 16 12
19 76 18 87 3 19 9 80 14 27 5 78 16 63 8 21 4 45 12 65 10 93 13 26 2 83 17 58 11 30 1 56 15 79 7 61 0 50 6 72
4 20 14 68 0 99 16 23 12 97 15 66 10 91 11 31 9 79 8 27 18 96 17 29 13 96 19 95 6 30 3 53 2 2 1 68 7 83 5 58
15 1 0 35 4 41 19 39 11 41 16 53 9 18 13 66 10 97 1 16 2 90 17 80 12 68 8 12 14 45 7 22 18 38 3 16 6 67 5 85
4 96 17 88 13 90 14 90 11 26 10 98 19 48 15 36 12 71 2 6 9 75 8 13 18 93 1 64 0 59 16 91 7 92 6 93 3 30 5 63
14 27 17 9 8 56 4 14 16 24 6 19 7 77 19 84 9 69 3 9 13 83 0 75 18 27 11 3 2 5 15 47 5 62 10 22 12 21 1 51
16 89 7 80 9 21 17 25 0 78 13 84 8 57 12 32 4 6 3 51 6 3 11 65 10 47 14 68 15 53 2 59 18 68 1 44 19 21 5 77
8 96 11 5 14 15 7 58 17 55 1 34 10 45 9 93 6 81 18 80 0 10 4 51 12 88 3 57 2 21 16 14 5 86 19 46 15 19 13 30
19 47 7 46 10 90 0 82 2 95 3 84 1 12 16 75 4 34 18 36 5 70 13 15 15 43 17 57 9 54 12 28 11 75 8 6 6 11 14 78
19 89 18 36 1 22 11 73 15 39 12 91 10 81 14 90 0 74 13 66 4 97 5 36 8 96 16 69 6 48 7 78 17 31 3 32 9 70 2 46
0 31 7 92 12 19 17 40 1 85 4 52 16 12 11 55 8 75 10 3 5 17 14 14 18 11 13 44 19 87 2 86 6 43 9 19 3 82 15 98
17 80 14 70 9 55 7 96 10 7 2 16 3 95 12 50 0 86 8 31 18 52 4 26 19 76 6 80 11 32 15 44 1 4 13 81 16 87 5 25
10 99 8 37 18 43 15 54 6 61 19 72 0 15 14 73 13 97 12 29 7 50 16 64 17 76 2 75 3 94 5 82 1 54 11 64 4 84 9 42
10 57 11 21 18 57 7 62 6 79 2 99 1 60 5 74 4 84 19 50 12 58 17 84 8 47 9 6 15 68 14 36 0 61 13 66 3 86 16 94
4 82 0 25 3 72 7 49 10 32 8 1 5 83 11 96 12 8 16 6 9 7 14 74 17 82 6 89 18 72 2 67 19 68 15 42 1 54 13 84
2 52 18 62 4 23 17 10 7 65 1 39 19 71 10 57 13 90 14 70 12 80 3 89 6 54 0 19 8 76 11 75 5 96 16 55 9 53 15 16
9 78 6 51 13 49 16 51 15 65 1 44 19 18 14 13 12 78 4 35 0 80 2 15 11 90 8 29 5 50 7 87 17 6 18 54 10 5 3 15
9 29 4 85 11 15 8 45 0 65 15 75 3 74 6 68 2 9 17 68 16 46 1 95 18 89 14 24 10 51 13 5 7 50 12 88 19 15 5 1
7 74 3 47 17 50 14 66 11 27 8 4 5 54 4 47 2 58 6 31 1 5 16 28 9 88 10 53 0 50 12 41 13 20 18 74 15 37 19 63
4 62 2 42 16 98 18 37 3 22 7 50 9 41 15 43 5 40 14 15 19 79 8 37 6 44 17 54 0 91 12 51 13 28 10 7 11 33 1 59
18 19 2 62 13 51 16 34 15 44 9 89 0 66 17 74 11 73 10 73 1 91 3 35 12 81 19 95 6 91 14 71 4 81 7 5 8 49 5 68
2 39 3 79 5 51 15 90 9 67 16 87 11 15 0 33 18 57 17 44 8 77 7 16 10 42 4 74 6 92 1 11 13 4 14 36 12 18 19 3
7 17 10 37 18 96 17 33 0 2 16 37 12 60 13 74 14 45 6 98 2 45 11 96 1 30 19 84 8 75 5 51 3 78 15 29 4 29 9 44
16 33 8 53 1 16 14 25 12 43 0 85 3 41 9 27 19 9 4 91 11 41 2 94 7 32 17 5 10 14 15 74 18 76 5 55 6 52 13 99
12 39 8 64 11 3 1 69 19 88 13 21 9 86 6 2 0 70 5 8 16 89 18 4 2 73 7 43 10 49 3 27 4 53 17 96 15 72 14 25
3 77 4 67 13 61 1 69 19 66 8 15 16 54 10 43 5 53 18 93 6 2 12 48 14 35 17 91 2 93 7 92 9 62 15 89 11 36 0 19
7 57 13 10 1 92 16 81 12 73 15 4 9 89 4 1 2 98 5 2 0 84 10 81 14 6 6 41 18 65 8 39 17 17 3 24 11 61 19 77
10 83 6 88 0 62 11 56 1 33 19 80 8 44 16 85 2 82 3 26 7 14 4 89 18 58 13 97 9 13 14 95 17 81 5 98 12 13 15 64
2 58 1 74 13 61 10 66 0 42 3 61 14 73 4 58 5 17 12 66 6 58 8 34 19 53 17 49 16 45 11 84 18 65 15 83 9 95 7 80
16 47 6 9 1 57 3 25 12 89 10 67 9 59 5 7 4 51 17 27 19 21 8 23 0 33 2 26 7 73 18 3 15 5 11 37 13 10 14 21
2 33 18 98 11 55 9 17 12 26 14 32 17 80 19 52 15 78 16 24 7 54 3 84 13 92 1 84 0 66 4 49 6 26 8 93 5 30 10 17
2 79 4 15 0 7 15 88 17 86 1 9 11 50 5 7 10 12 9 34 19 51 6 22 13 2 18 70 12 62 16 47 7 40 3 72 14 89 8 98
10 13 5 50 2 30 19 55 7 70 3 98 15 5 9 99 18 79 1 51 6 78 8 64 17 25 0 74 4 46 13 1 11 31 14 40 12 58 16 5
17 85 6 53 14 98 7 65 3 63 9 12 1 28 5 75 18 58 0 89 10 42 12 16 19 26 4 30 8 87 13 10 11 28 2 74 16 25 15 76
18 83 11 15 19 81 1 7 12 37 2 72 14 95 8 20 6 23 5 49 10 69 4 62 7 69 3 87 16 77 15 16 0 42 9 59 13 44 17 61
3 32 4 77 5 19 16 50 0 20 9 20 17 59 12 8 6 30 13 39 7 32 11 18 8 56 14 31 15 65 18 98 2 36 10 75 1 33 19 49
13 71 9 77 11 94 14 93 0 82 5 55 3 22 19 97 8 41 18 45 17 8 16 77 6 17 7 20 1 18 10 25 2 81 4 15 15 18 12 40
3 82 7 55 0 25 15 5 2 32 1 12 10 23 19 4 13 90 4 75 17 55 6 39 5 8 14 6 11 86 12 8 16 69 8 74 18 45 9 10
13 83 0 81 8 33 9 18 5 47 4 50 18 9 1 70 12 65 2 2 16 94 7 66 3 29 11 96 10 25 6 5 19 91 17 7 15 81 14 70
8 65 7 58 9 11 15 90 6 71 12 35 10 59 0 16 5 46 3 9 19 90 2 90 1 42 13 6 14 67 4 71 17 7 11 45 16 64 18 25
15 61 5 16 9 35 11 69 19 49 3 66 14 20 0 91 8 93 7 95 10 2 2 80 16 24 6 69 4 89 13 21 18 52 17 9 12 21 1 35
8 73 10 78 17 74 13 7 16 8 9 47 15 75 14 78 3 48 0 12 18 83 6 56 11 74 19 24 4 34 2 13 12 49 5 43 1 29 7 4
0 76 19 19 15 71 9 86 17 40 1 74 10 96 4 9 2 45 11 7 5 68 7 75 18 86 16 30 8 62 3 46 14 23 12 36 13 14 6 82
12 8 16 72 4 77 11 18 1 5 10 7 7 15 14 97 5 3 6 79 19 52 2 79 17 53 3 90 9 62 13 53 15 25 0 93 18 89 8 47
15 82 0 69 1 13 16 52 18 91 10 74 11 94 17 64 19 18 7 33 4 77 9 57 5 22 3 88 6 32 12 56 8 65 2 31 14 95 13 48
2 65 3 10 11 60 17 81 18 61 16 4 6 60 8 81 9 27 7 73 14 65 0 29 15 11 5 58 19 23 1 82 13 40 12 66 10 35 4 16
16 82 14 84 7 70 10 85 1 32 8 75 2 69 6 64 15 70 5 16 19 7 17 83 12 95 4 6 11 34 18 78 0 27 13 76 9 6 3 54
1 1 13 69 7 43 5 36 10 1 16 15 0 38 4 95 14 67 19 76 9 74 3 76 8 49 6 25 2 53 17 95 18 92 11 91 15 32 12 36
18 76 17 67 4 36 12 57 1 57 11 33 10 79 2 33 13 51 14 47 15 70 9 60 3 77 0 44 8 8 5 89 16 49 7 80 6 49 19 6
16 72 7 48 3 28 11 67 6 55 12 76 0 24 4 97 10 55 13 70 14 17 8 9 9 46 5 47 1 30 19 83 18 16 15 13 17 16 2 21
10 68 14 54 11 93 15 52 2 10 19 96 16 29 8 89 1 52 5 76 0 96 13 63 4 85 17 29 18 95 3 14 7 94 12 26 9 50 6 33
6 53 8 62 16 74 17 91 4 40 3 78 10 89 7 12 9 43 13 16 1 61 0 37 15 81 5 15 2 20 11 76 18 63 14 93 19 17 12 80
14 9 13 42 16 35 1 91 2 14 9 2 0 79 11 17 17 77 7 44 8 84 10 53 12 70 5 18 6 58 15 74 4 20 19 71 3 71 18 78
1 31 4 18 18 73 10 39 8 26 2 6 13 68 14 78 5 54 16 47 12 84 7 14 3 6 6 39 15 8 9 59 0 95 19 77 17 99 11 41
5 85 16 15 13 3 11 67 14 40 12 27 8 98 10 57 3 54 1 46 4 72 6 20 17 75 7 40 15 99 19 17 2 5 9 48 18 91 0 52
15 59 5 69 10 57 0 43 6 29 13 7 17 64 12 84 16 29 8 3 2 42 18 30 19 82 1 15 7 91 14 60 3 51 11 77 9 77 4 92
10 55 9 6 7 3 0 65 8 2 15 79 13 61 4 14 3 49 2 22 12 24 5 42 1 61 17 74 16 77 11 93 6 96 18 10 14 6 19 35
15 53 0 65 14 78 18 24 8 88 4 51 7 49 16 13 1 67 13 76 11 37 17 71 19 55 2 67 10 4 5 27 9 93 6 12 3 65 12 73
4 91 15 29 18 30 10 17 17 13 8 12 2 17 11 1 7 73 0 14 12 40 16 51 3 65 1 54 14 35 13 57 19 86 5 2 6 3 9 84
17 98 7 81 4 26 0 28 1 64 11 29 15 35 8 35 13 67 2 98 16 33 5 48 3 55 14 75 9 29 10 87 12 55 6 24 19 51 18 47
2 43 6 76 1 95 3 7 19 78 13 70 0 6 12 25 9 10 8 93 18 37 16 85 14 31 15 25 7 44 10 21 11 57 17 60 4 77 5 95
6 56 1 29 11 82 18 76 8 21 16 84 5 82 15 58 4 22 0 35 10 54 9 94 2 97 14 33 7 10 3 70 12 24 17 52 13 8 19 73
1 12 11 27 14 3 13 55 4 94 5 31 8 19 17 50 15 80 9 51 0 12 10 89 19 95 16 35 18 50 3 24 2 41 7 27 12 28 6 81
18 2 8 87 13 75 9 16 16 44 19 87 17 26 15 36 12 53 10 27 3 52 5 79 4 84 11 83 6 17 1 78 2 55 0 12 14 33 7 73
16 14 11 62 12 60 10 37 7 90 5 53 2 57 14 14 8 91 17 17 13 10 15 21 19 71 9 91 4 76 6 12 18 37 3 41 1 41 0 77
18 83 13 1 14 75 19 47 0 79 3 14 10 27 7 3 17 33 16 17 9 27 5 57 4 92 2 50 6 22 1 21 8 97 15 48 11 28 12 42
10 15 13 80 16 39 9 40 17 77 0 26 1 24 19 65 11 23 6 22 2 60 8 21 18 66 7 48 15 93 4 69 14 8 12 27 3 47 5 36
6 9 4 43 18 67 8 76 17 99 9 32 16 88 5 33 0 87 14 7 3 38 10 90 12 54 19 14 11 53 13 49 2 22 1 8 15 39 7 15
19 81 3 17 12 85 15 18 2 70 14 11 17 3 6 94 11 7 5 11 8 62 1 52 16 34 7 11 10 78 9 39 13 10 0 84 4 72 18 74
11 45 10 4 8 2 18 97 3 57 5 63 9 6 12 12 13 35 1 55 4 89 15 23 14 85 16 98 6 15 7 20 19 38 0 23 2 61 17 88
5 10 14 5 19 64 4 30 11 99 12 56 7 18 3 2 1 44 18 33 17 82 8 35 13 97 6 39 2 3 16 25 0 32 15 70 9 78 10 75
7 20 8 36 19 50 3 43 4 27 15 65 14 31 16 7 11 26 0 78 12 22 6 16 10 74 17 84 9 99 13 86 2 15 1 51 5 93 18 79
13 31 1 39 16 97 15 65 8 84 3 93 5 70 17 13 9 76 2 13 14 86 10 23 18 5 19 24 4 87 0 13 6 31 12 53 11 73 7 13
16 58 13 65 3 87 14 25 8 46 0 99 19 31 15 10 9 97 10 64 2 23 11 82 5 60 18 88 17 83 4 45 6 14 1 20 7 62 12 73
5 32 8 90 17 10 12 94 13 68 10 50 3 19 0 83 6 45 15 68 1 33 7 49 11 85 16 56 14 70 18 62 19 30 2 83 4 87 9 63
0 39 15 27 19 2 4 95 9 32 14 7 8 25 3 2 13 68 10 55 1 39 6 73 17 16 16 16 2 70 18 66 12 23 11 6 5 79 7 81
0 77 12 56 11 20 16 39 3 91 19 39 5 68 2 2 18 46 1 40 15 33 8 16 14 59 10 85 13 9 17 89 6 35 4 4 7 11 9 69
5 8 7 13 12 13 1 64 4 49 3 51 2 82 14 97 6 30 18 99 8 73 13 77 9 41 15 11 19 68 0 82 10 83 17 66 11 11 16 2
17 3 18 90 3 69 8 8 13 63 6 26 2 4 5 3 0 51 15 82 9 64 4 78 16 58 1 50 10 11 14 27 12 79 19 16 11 25 7 69
17 2 2 64 6 18 11 7 1 68 15 14 7 29 8 27 19 46 12 50 10 80 16 57 9 80 3 83 13 62 0 57 18 50 14 69 4 8 5 84
12 17 9 63 2 64 7 33 6 76 0 34 14 70 13 95 18 81 16 4 10 96 3 17 19 87 5 25 15 42 11 95 1 69 17 75 8 48 4 52
5 75 10 77 12 31 1 19 7 83 4 52 19 14 13 83 3 76 15 21 9 11 2 72 8 24 18 32 16 51 14 70 11 71 6 79 0 97 17 24
14 65 5 62 6 70 17 74 19 55 10 70 7 85 13 63 9 54 12 89 4 48 1 22 16 34 18 64 0 18 15 35 2 38 8 53 11 96 3 57
