100 20
14 20 3 32 9 25 4 93 2 36 16 60 12 3 13 1 19 63 0 80 5 49 11 85 17 23 7 7 18 92 1 73 15 5 10 11 8 31 6 9
0 98 10 7 18 20 13 82 6 43 12 16 4 51 17 9 15 75 9 42 14 28 16 70 8 28 5 64 3 33 1 83 2 6 19 35 11 14 7 83
12 10 7 15 13 96 1 7 2 88 10 37 17 81 15 99 3 97 4 84 14 13 18 8 0 40 16 6 11 65 9 22 6 63 8 94 19 48 5 28
6 38 11 67 9 88 19 48 2 13 10 75 3 82 15 71 0 77 8 87 18 43 7 5 5 58 14 44 16 14 4 54 13 68 17 95 12 53 1 78
1 60 8 82 16 99 13 94 15 8 5 73 17 85 9 89 0 35 6 53 4 80 2 59 11 29 18 56 14 79 7 76 19 16 12 68 3 31 10 8
7 17 0 58 2 80 17 23 12 72 19 38 15 78 10 8 8 31 14 41 13 11 11 19 4 68 1 54 3 37 6 31 16 46 9 44 5 32 18 74
11 45 19 84 6 33 13 65 12 75 8 23 18 17 14 47 15 70 7 58 16 70 17 97 3 64 5 8 4 15 10 76 1 16 9 78 0 89 2 62
8 51 9 56 14 66 15 61 18 69 6 65 16 52 13 67 3 87 12 84 7 28 5 84 11 4 2 37 19 85 0 38 10 71 1 18 4 91 17 59
15 6 17 88 12 1 0 33 3 45 6 38 1 23 19 88 10 8 9 22 11 75 13 69 4 77 8 86 2 55 14 2 16 69 7 30 18 89 5 47
15 15 11 7 18 18 14 91 13 58 4 22 19 98 12 24 17 14 3 27 0 5 1 63 9 94 2 4 7 16 8 14 10 77 16 93 6 20 5 47
19 47 16 45 14 43 10 33 5 37 12 24 0 83 1 96 11 30 9 33 2 89 4 25 7 27 6 57 17 79 8 63 15 63 18 32 13 55 3 69
12 16 0 9 3 96 18 6 8 3 11 50 2 39 7 45 16 26 14 53 10 90 19 74 13 16 1 40 9 40 5 56 4 83 15 70 17 69 6 39
10 39 11 63 15 22 19 21 9 70 16 69 13 67 1 48 12 83 6 27 14 63 3 50 18 12 0 31 4 42 5 44 17 86 2 83 8 56 7 93
7 94 18 15 16 22 2 60 11 1 1 32 0 5 13 20 3 71 19 32 14 80 5 81 6 35 15 28 8 36 17 77 9 89 10 67 12 89 4 95
7 92 4 40 14 54 6 4 18 64 3 72 8 39 19 35 15 44 9 52 10 62 13 14 17 85 11 77 2 89 16 10 0 86 12 93 1 59 5 22
12 46 7 55 19 6 0 42 17 22 9 75 16 90 13 31 18 30 15 23 11 27 3 76 1 82 8 55 2 60 6 6 4 3 5 68 14 87 10 94
4 86 13 64 14 41 7 74 11 89 0 66 2 14 3 36 6 9 12 17 8 11 15 4 5 29 9 33 16 23 1 23 18 45 10 20 19 45 17 58
10 8 14 54 16 76 11 50 9 18 15 67 0 50 1 65 7 50 4 76 17 85 18 61 19 86 2 68 13 27 12 36 3 19 5 73 6 50 8 14
12 16 13 6 4 18 6 2 0 2 9 87 2 50 19 73 11 90 15 94 10 43 14 15 3 6 18 43 5 84 7 2 1 28 8 42 16 21 17 6
8 73 11 78 7 35 5 48 13 7 4 84 3 80 9 89 17 12 0 46 18 3 6 80 15 70 19 44 16 12 12 91 2 73 14 76 1 58 10 62
0 42 7 24 6 40 1 88 2 22 19 87 10 71 11 72 8 84 15 17 13 49 9 94 5 83 4 16 18 28 16 80 17 22 14 83 12 14 3 17
4 94 13 76 14 10 16 20 19 60 1 80 12 64 6 65 10 60 8 68 9 55 7 78 11 39 5 29 18 68 2 30 3 29 0 49 17 87 15 34
17 17 11 95 15 47 0 21 10 83 8 79 3 43 9 50 13 4 14 74 5 77 1 34 12 18 7 77 16 35 19 76 6 14 18 57 4 66 2 67
15 36 11 31 3 50 16 99 5 56 9 24 6 78 10 23 13 10 17 85 1 86 18 74 12 84 0 55 4 59 8 90 7 50 2 86 19 63 14 81
13 19 15 68 7 85 16 56 9 88 11 26 3 18 19 49 1 77 14 66 0 52 6 77 8 62 18 35 5 43 4 69 12 7 10 88 2 83 17 90
8 40 10 59 0 4 5 4 9 69 6 60 16 5 17 59 18 69 11 82 2 14 1 16 4 35 3 55 19 18 15 10 7 23 12 60 13 36 14 16
14 32 1 89 19 40 15 88 8 87 3 55 5 51 13 48 11 34 2 6 7 55 12 33 17 34 0 68 18 21 4 62 9 1 6 88 16 69 10 52
10 9 5 36 13 60 1 44 6 87 17 49 4 81 14 28 2 59 8 56 18 4 9 92 3 69 7 21 16 10 15 37 11 73 0 53 19 95 12 84
2 13 17 8 15 7 12 23 13 95 3 21 19 23 18 47 7 97 0 12 10 13 14 56 9 45 4 80 5 41 11 99 6 10 8 94 1 55 16 92
10 5 5 27 11 7 8 93 16 3 9 73 12 20 18 67 1 70 7 1 6 33 4 71 14 48 13 29 19 76 2 40 0 41 15 43 3 86 17 58
14 13 13 89 6 90 11 79 4 93 19 24 9 82 8 70 3 98 15 72 1 69 10 16 12 42 17 75 7 94 5 19 16 16 18 67 0 88 2 45
0 30 15 73 9 89 18 37 5 42 6 6 8 45 19 37 1 96 11 33 13 64 12 9 14 81 10 11 17 59 4 95 3 18 2 38 7 94 16 48
6 48 17 37 4 89 19 3 2 36 7 24 10 23 1 64 9 10 16 47 13 52 3 14 11 81 18 12 5 98 15 11 8 10 14 19 0 55 12 90
18 93 1 51 6 57 7 79 10 38 2 13 0 54 4 68 15 79 3 42 5 30 13 23 9 4 19 96 16 38 17 60 12 59 14 14 8 50 11 48
1 22 16 74 7 12 2 7 5 51 19 75 10 77 11 53 15 30 14 5 8 51 13 19 6 13 4 84 12 27 9 61 3 73 17 30 0 47 18 15
17 63 13 17 18 81 7 15 15 29 10 44 2 17 1 89 9 83 5 71 12 96 19 32 11 71 3 89 16 46 0 26 6 24 14 88 8 95 4 54
11 51 1 95 18 7 3 59 13 16 15 97 9 47 4 21 2 23 7 8 17 3 5 55 12 98 14 96 6 78 10 19 8 14 16 63 19 33 0 3
14 61 2 34 19 1 15 97 18 34 16 43 11 48 1 96 9 96 5 98 4 10 17 45 8 36 0 15 13 14 12 88 6 13 7 3 3 47 10 58
3 16 7 87 8 54 13 76 19 55 15 18 6 68 17 18 18 92 12 24 10 1 14 85 4 65 1 93 0 28 5 50 11 8 2 98 16 77 9 50
17 18 16 86 8 20 1 65 6 26 15 83 10 11 13 9 14 92 0 48 11 57 9 74 19 33 5 70 7 93 3 17 12 18 2 5 4 52 18 86
15 23 17 74 5 70 11 13 0 37 18 29 12 28 16 32 10 60 9 92 13 37 14 41 8 5 2 86 7 30 19 55 1 7 4 84 3 86 6 44
2 83 3 44 7 54 18 23 5 36 10 51 17 38 4 21 19 28 1 85 9 77 6 72 13 68 8 20 12 6 14 62 11 14 16 55 0 69 15 89
12 96 10 23 2 5 14 15 0 68 1 96 5 9 9 77 7 69 16 44 8 36 15 61 13 4 11 43 18 62 6 60 4 32 19 43 3 56 17 12
17 79 19 16 12 83 6 41 4 61 13 30 11 96 3 15 15 80 14 55 18 35 9 9 0 27 1 73 5 81 8 2 2 56 10 35 7 2 16 64
14 75 16 18 17 96 9 25 15 5 0 14 4 36 6 52 12 54 11 67 19 54 10 94 5 36 8 9 18 46 1 65 2 60 7 44 13 8 3 69
17 1 13 33 9 81 11 2 14 28 1 20 2 21 6 48 0 73 5 84 3 37 18 12 8 51 15 19 12 48 7 6 4 70 16 68 10 82 19 10
13 45 10 67 11 53 4 24 7 30 2 85 15 79 5 71 1 82 19 31 18 93 16 7 12 93 17 90 6 48 9 66 0 55 14 98 3 2 8 98
5 97 1 52 14 69 3 1 17 72 15 16 2 34 7 48 18 68 9 75 6 50 10 92 16 18 4 34 13 86 11 85 19 25 12 16 0 30 8 74
9 93 3 96 8 85 4 21 15 8 10 84 13 68 14 23 17 24 0 94 6 53 7 35 18 15 16 69 19 46 1 72 2 2 12 24 11 49 5 21
8 3 10 69 6 33 18 60 17 77 3 73 2 56 13 22 16 75 12 88 15 75 0 54 9 62 11 77 1 28 7 17 19 51 5 95 4 42 14 45
19 70 11 6 17 51 5 51 14 41 12 14 15 42 10 78 9 35 7 98 1 72 2 44 3 8 16 78 4 29 13 63 6 96 18 63 8 64 0 10
13 88 18 86 4 77 1 16 17 68 11 65 16 48 19 68 0 76 2 38 12 43 5 23 14 70 6 69 7 42 9 69 3 79 10 98 8 66 15 18
9 37 14 3 13 67 0 99 1 44 6 57 19 5 3 51 17 50 15 60 11 89 18 1 5 25 7 59 16 82 8 68 12 88 4 93 10 50 2 5
2 68 17 75 10 88 4 96 12 22 14 43 1 59 0 8 7 30 19 1 11 97 18 82 3 45 6 20 8 42 16 1 5 92 15 63 13 10 9 86
10 60 14 86 15 83 1 85 7 87 9 91 2 16 11 51 18 43 16 41 5 59 6 83 3 17 12 94 4 75 17 22 13 96 0 16 8 64 19 35
5 7 8 41 17 96 9 95 18 69 7 80 1 33 4 13 10 22 11 47 0 24 12 33 3 55 16 92 19 33 13 99 14 89 2 86 15 89 6 75
16 12 4 60 7 83 9 69 2 4 0 90 13 34 18 83 10 31 19 19 15 7 14 22 1 3 17 82 3 57 5 37 12 66 6 17 11 48 8 84
16 46 1 78 9 57 15 80 4 74 19 64 11 3 0 52 3 21 18 96 7 52 10 62 12 88 13 31 8 19 5 89 2 13 17 23 6 98 14 96
0 93 12 41 4 7 14 19 17 97 3 93 18 89 5 55 1 60 8 2 19 93 6 89 11 77 9 74 2 80 15 52 16 58 7 41 10 27 13 91
2 78 16 52 4 97 3 44 6 68 10 12 17 18 8 69 9 33 14 84 11 20 7 41 18 91 0 92 15 3 5 96 12 11 19 49 13 49 1 87
0 5 6 38 1 97 19 20 16 71 9 69 12 10 3 68 8 91 14 64 10 80 18 42 2 58 5 34 13 19 7 89 15 90 4 6 17 31 11 63
16 98 0 44 14 3 3 71 13 18 1 66 5 13 10 37 2 16 7 24 6 56 9 27 11 34 19 16 17 50 18 58 4 21 8 96 12 6 15 80
6 45 11 44 18 45 0 10 17 17 10 94 1 77 3 88 5 44 9 20 2 18 13 72 15 71 12 92 16 68 14 16 7 60 8 27 19 93 4 83
4 38 15 69 1 55 6 55 14 62 8 58 5 3 7 82 3 96 10 32 2 94 0 8 19 33 17 74 13 68 11 19 18 99 16 20 9 10 12 29
0 19 6 33 14 39 18 66 7 39 4 40 8 39 12 48 9 34 1 35 13 21 15 96 10 59 5 62 19 48 11 27 17 92 2 5 3 79 16 15
8 16 3 33 5 76 13 8 7 91 0 27 19 87 14 95 4 88 15 43 1 80 17 87 18 51 2 80 12 26 11 94 10 52 16 76 9 17 6 97
19 21 8 1 18 33 9 14 15 66 7 88 12 12 1 70 5 19 17 93 13 65 3 11 0 89 4 20 10 69 11 51 2 23 16 15 14 28 6 24
16 51 19 81 15 59 5 70 17 97 12 36 10 27 2 64 14 23 4 43 6 86 3 26 7 70 13 49 1 26 8 95 0 50 11 12 9 70 18 21
9 13 13 10 16 98 14 39 17 43 5 32 0 88 4 67 18 29 2 58 8 60 1 31 10 58 19 89 12 4 11 74 7 16 3 69 15 58 6 70
11 13 7 99 17 35 9 70 4 15 3 32 13 36 8 12 15 47 14 30 19 13 10 91 16 12 5 37 1 65 0 15 2 80 12 19 6 21 18 16
18 76 16 72 19 67 13 6 8 73 4 67 5 77 2 2 15 61 3 30 9 97 12 30 6 39 0 64 10 19 1 58 14 83 17 73 7 2 11 4
5 78 12 21 18 22 0 63 10 21 15 38 19 44 2 21 14 65 4 63 11 93 3 39 8 62 6 78 17 85 7 33 16 25 13 37 9 10 1 47
11 10 15 66 19 80 5 75 2 29 0 34 8 63 9 94 7 8 16 82 3 16 18 13 4 20 14 85 13 15 6 80 1 5 17 2 10 66 12 64
14 75 17 81 16 72 4 96 11 39 9 19 5 3 13 41 2 93 8 47 6 10 10 32 19 83 7 77 1 68 15 38 18 62 0 3 3 17 12 11
8 22 18 19 9 77 1 71 6 1 10 37 12 89 3 25 2 28 7 17 11 43 4 90 0 52 16 52 15 79 5 40 13 56 17 85 14 36 19 4
11 45 18 77 4 98 0 42 14 42 17 60 10 99 12 83 13 16 8 79 15 84 7 31 16 59 5 54 3 67 6 81 2 62 9 4 1 33 19 35
3 23 4 16 8 96 14 57 12 86 15 16 5 67 2 93 13 4 7 66 10 28 11 39 19 11 0 36 1 2 16 10 6 49 9 25 18 96 17 87
0 13 1 36 12 34 3 24 5 35 18 96 8 62 4 4 11 46 2 88 6 18 10 3 13 63 7 73 15 17 17 39 14 11 16 60 19 5 9 10
9 78 15 7 0 36 11 85 1 67 14 74 18 44 10 85 16 70 7 10 17 23 5 54 3 97 8 22 6 99 13 69 4 80 2 42 19 85 12 95
6 59 0 45 1 51 4 60 11 55 2 68 15 71 8 48 10 10 18 52 12 13 16 34 9 86 19 74 7 7 3 5 5 51 14 44 17 49 13 9
14 17 0 64 3 11 12 20 10 42 18 51 11 21 4 68 9 53 15 73 7 56 17 51 5 2 13 73 1 10 6 14 19 58 16 18 2 93 8 86
12 85 17 8 9 66 14 43 7 14 16 6 15 99 6 54 1 78 18 53 11 9 5 14 2 61 8 42 4 97 3 89 13 33 0 58 10 31 19 80
19 50 14 34 18 43 13 43 15 24 0 47 9 70 4 76 7 32 1 81 3 34 16 76 8 60 11 5 17 47 5 97 12 24 2 16 10 87 6 88
18 64 14 61 4 62 12 96 1 52 3 72 13 82 7 9 15 23 0 42 10 31 16 74 2 37 5 40 17 64 9 40 6 61 11 4 8 32 19 95
12 8 10 74 9 66 0 3 3 18 18 22 15 43 14 5 7 27 13 90 16 51 1 73 2 7 5 82 17 6 8 20 4 72 6 36 11 20 19 17
7 68 1 98 12 25 17 90 14 60 0 63 15 46 8 14 3 87 10 93 5 45 4 82 19 17 11 89 6 84 2 52 18 77 13 7 16 35 9 42
16 76 14 94 11 92 1 35 9 95 2 50 19 48 8 33 0 19 4 59 3 47 17 54 15 58 10 55 12 95 5 68 18 82 6 53 7 54 13 27
0 85 16 62 3 43 4 67 1 20 5 83 14 8 7 77 9 99 2 7 18 47 10 16 8 94 17 73 6 14 12 67 15 13 19 59 13 27 11 52
14 7 16 47 7 45 15 4 2 14 5 66 9 74 13 98 1 39 6 75 11 80 10 38 8 61 18 89 0 85 19 25 4 16 12 8 3 74 17 31
2 8 18 51 15 65 17 36 10 2 1 21 3 72 6 66 0 85 7 24 12 38 11 7 8 65 14 11 13 23 4 99 5 47 9 16 16 64 19 26
16 98 5 28 19 33 14 44 4 16 17 50 13 80 8 24 10 58 12 99 2 10 18 7 6 8 9 23 15 23 1 42 11 22 3 71 7 13 0 76
7 46 16 33 8 9 19 34 11 60 9 15 0 95 15 19 1 86 12 20 3 28 17 95 5 72 10 83 2 52 4 8 13 21 18 86 14 63 6 52
14 20 5 1 4 27 6 7 8 32 2 57 17 55 15 23 7 11 12 87 0 49 19 49 3 78 16 91 10 85 11 3 1 88 9 21 18 74 13 97
9 67 17 8 8 94 19 39 2 7 5 88 1 93 16 2 13 34 14 6 6 79 15 82 11 89 18 98 10 55 0 94 7 67 12 99 4 56 3 43
17 6 14 33 12 6 18 33 4 66 15 34 16 58 9 95 10 18 2 14 13 87 8 42 3 62 0 83 5 37 11 23 7 38 1 95 19 13 6 88
14 7 13 98 1 64 8 41 12 35 6 25 2 74 3 59 16 65 11 46 4 9 0 61 9 29 18 69 5 15 17 84 7 47 19 40 15 54 10 12
0 28 18 30 19 9 8 3 9 51 3 41 4 31 2 20 7 19 16 12 15 47 12 63 5 50 6 97 13 32 1 40 17 13 10 86 14 92 11 51
16 6 11 80 8 98 19 69 10 20 7 18 18 54 13 29 2 7 14 7 1 31 17 57 15 24 5 50 4 33 12 97 0 93 9 31 3 19 6 58
4 8 5 45 12 20 0 95 19 87 14 33 18 34 7 77 6 4 9 70 1 24 11 10 17 54 3 75 16 52 8 22 10 29 15 39 2 35 13 81
16 33 13 4 12 25 10 82 19 60 2 73 14 29 4 64 7 43 18 86 1 93 11 73 5 76 17 48 3 31 8 41 0 77 15 71 9 73 6 16
