100 20
4 98 11 54 6 46 18 92 7 70 0 99 8 56 17 92 5 14 13 17 14 55 10 59 19 96 2 72 3 28 1 91 16 67 15 15 12 33 9 61
15 92 14 8 18 27 7 29 0 50 10 81 16 60 13 27 5 99 9 15 19 84 12 60 4 60 1 69 3 97 17 18 11 89 2 6 8 78 6 17
14 80 15 89 13 38 2 13 18 78 0 37 8 8 6 36 5 20 10 86 16 63 19 10 12 22 7 8 9 30 3 99 11 67 4 5 1 30 17 23
5 69 7 61 13 7 2 7 6 58 14 66 10 92 4 84 16 77 1 9 9 84 17 91 0 38 3 7 12 80 15 69 18 27 19 37 8 55 11 50
3 55 2 97 4 30 18 40 14 17 10 4 0 9 19 1 15 45 1 22 17 53 13 79 6 31 11 31 7 1 12 19 9 47 16 34 5 95 8 81
4 55 9 15 0 81 10 19 13 44 16 64 11 59 12 66 1 53 17 63 14 82 8 33 3 28 18 85 15 93 7 78 6 99 2 60 5 29 19 38
9 4 3 62 2 82 11 52 6 55 16 23 15 79 10 31 7 49 17 39 19 84 1 12 14 11 4 5 8 7 0 16 5 44 13 40 18 67 12 85
15 37 14 5 11 65 10 76 4 7 18 76 1 37 7 26 16 77 12 70 19 76 8 96 17 63 0 58 3 4 5 87 13 58 2 11 9 60 6 9
18 83 7 87 6 73 10 69 13 52 5 86 16 77 9 54 3 62 15 41 0 9 2 52 1 25 19 3 11 54 12 78 8 31 4 27 14 56 17 21
19 8 8 48 12 15 5 50 7 80 18 13 0 47 15 50 14 53 9 27 16 95 17 45 10 96 6 70 3 89 13 72 2 90 11 25 4 63 1 49
2 80 12 45 14 44 8 13 19 4 4 31 16 97 13 1 15 10 0 21 17 6 7 69 11 76 1 28 18 54 9 81 3 63 10 71 6 64 5 88
3 65 5 27 15 13 12 14 14 19 2 68 16 45 10 20 8 11 6 42 4 95 13 73 17 90 9 49 18 36 1 77 11 52 7 17 0 75 19 85
0 56 11 83 15 12 6 61 7 10 9 50 1 40 13 71 16 92 18 28 5 75 19 63 2 90 14 89 17 95 4 82 12 74 10 63 8 40 3 56
12 65 9 2 3 3 17 70 19 11 15 88 1 54 18 72 10 71 0 24 2 65 7 90 11 12 14 84 5 33 13 16 8 50 4 98 16 1 6 61
3 62 15 22 16 72 9 23 13 46 19 62 17 59 12 3 5 71 7 36 6 89 14 83 18 9 8 93 0 25 2 67 11 75 1 20 10 9 4 36
19 20 7 32 17 31 10 29 18 97 0 40 4 65 12 16 11 84 9 70 14 2 1 60 5 65 8 69 16 40 13 35 2 95 3 26 15 87 6 36
12 3 7 57 14 38 1 35 4 89 8 59 19 71 6 58 16 76 9 49 17 42 2 21 18 59 3 19 11 67 13 4 5 45 10 14 15 61 0 59
2 28 6 15 14 16 8 96 1 64 19 76 16 41 18 31 4 35 10 31 0 12 12 8 5 81 15 32 3 69 9 46 11 7 7 27 17 45 13 9
19 56 5 61 11 89 16 67 1 27 6 5 18 9 3 56 9 48 12 46 2 6 0 75 4 95 15 96 8 83 17 26 10 20 13 92 7 46 14 12
10 57 4 63 11 56 2 33 19 3 14 96 7 97 13 97 1 38 18 81 6 73 12 21 3 24 5 99 8 28 15 91 16 27 9 95 0 61 17 88
19 9 12 4 15 75 17 91 14 67 1 80 0 69 10 49 18 13 4 44 11 67 3 72 7 40 2 6 5 5 16 39 9 17 6 38 8 91 13 89
11 84 18 90 16 27 4 62 1 16 15 56 12 47 10 22 6 22 9 62 17 25 7 9 3 66 5 38 8 21 13 21 19 86 0 29 2 56 14 37
11 78 0 30 5 37 2 61 1 52 19 61 17 12 9 22 12 36 18 92 4 28 3 77 14 35 8 96 16 95 13 66 10 81 15 18 6 47 7 97
12 20 9 90 17 92 4 76 5 77 10 66 18 51 19 45 11 65 7 16 8 43 16 14 15 89 6 53 14 81 13 35 3 96 0 80 2 70 1 74
8 15 15 42 11 17 12 77 6 94 5 95 18 93 2 39 0 59 4 83 17 80 3 45 7 66 1 77 10 35 16 39 19 61 9 13 13 61 14 31
12 62 13 37 9 59 1 1 16 88 19 13 14 42 3 99 0 5 8 77 18 38 11 7 15 2 2 75 5 53 17 14 6 90 10 79 4 37 7 24
0 28 6 59 19 65 5 56 7 67 13 42 18 78 10 42 9 85 1 3 3 91 12 59 2 12 8 72 14 2 11 44 17 43 16 1 15 75 4 29
1 3 18 62 7 18 3 20 13 49 8 93 19 37 10 69 17 30 14 82 12 45 4 60 2 52 6 29 5 80 0 78 11 75 15 13 16 49 9 65
17 39 13 11 8 84 5 42 19 37 9 99 10 45 11 19 16 31 2 8 4 30 6 24 7 29 12 39 3 75 14 91 1 31 0 93 15 29 18 41
18 41 1 22 8 23 14 10 0 75 12 20 17 83 7 69 2 15 11 13 6 14 9 31 19 76 3 7 10 94 16 10 15 79 5 2 4 68 13 46
13 81 6 76 7 13 16 24 14 23 10 7 18 52 3 71 4 3 1 13 19 59 9 50 15 79 5 84 17 91 8 64 0 90 12 28 11 96 2 79
8 6 19 68 2 25 11 80 4 71 7 38 17 75 16 87 0 2 15 84 13 38 10 39 18 44 1 88 3 48 14 94 6 68 9 78 5 83 12 17
9 10 18 8 6 6 12 38 1 40 17 82 7 46 8 35 16 55 10 7 11 87 3 3 4 1 13 37 15 94 19 20 2 86 5 10 14 97 0 34
2 92 0 92 15 46 13 44 16 68 8 35 11 76 7 16 17 67 12 37 10 55 14 81 1 30 9 54 19 17 3 26 6 82 18 51 5 73 4 40
19 34 5 38 17 48 6 78 2 94 10 60 14 17 15 80 9 9 18 40 3 97 1 96 13 48 12 62 16 8 4 81 0 21 11 11 8 56 7 29
0 12 11 15 14 22 7 64 16 35 2 24 5 62 10 65 19 49 15 58 13 96 8 75 9 93 3 29 1 47 18 66 17 21 6 67 4 30 12 40
5 73 4 70 7 66 9 12 14 2 0 74 17 35 3 98 15 8 1 61 2 6 19 78 10 28 18 38 16 81 6 71 11 25 8 32 13 49 12 38
11 55 16 21 1 55 9 27 7 75 4 2 18 74 19 98 0 26 14 97 10 26 12 73 3 59 13 71 5 97 8 1 2 41 15 44 17 31 6 21
14 64 16 99 13 15 4 11 9 4 6 25 8 28 7 78 19 13 17 29 3 57 15 87 1 88 0 76 2 23 5 26 12 73 11 16 10 52 18 52
10 47 18 17 16 88 13 88 1 56 7 70 14 2 4 20 8 37 15 18 11 28 6 66 19 65 3 31 2 28 12 74 17 65 5 51 9 73 0 92
17 21 13 86 7 4 15 58 4 80 12 23 6 43 10 23 14 80 0 67 9 43 19 78 5 2 3 59 2 73 1 25 11 90 16 74 18 74 8 73
18 24 5 67 16 9 14 75 4 53 1 89 11 53 10 28 12 35 15 2 17 27 3 9 0 87 19 8 2 35 13 59 6 10 8 37 9 57 7 27
9 29 11 43 14 53 0 89 13 4 18 31 6 81 15 95 3 47 8 24 4 60 2 98 16 93 5 97 10 75 19 84 17 84 7 22 12 95 1 9
17 53 12 95 19 81 1 93 8 71 13 76 6 37 0 88 18 36 5 28 3 20 10 6 7 35 4 33 9 3 11 32 16 30 15 29 14 99 2 63
19 53 12 83 17 16 0 51 18 50 1 61 8 41 15 86 6 88 13 73 4 39 7 29 16 26 10 20 5 51 3 66 2 16 9 34 14 29 11 56
19 4 17 67 2 29 6 37 7 80 3 38 13 10 15 25 18 27 14 56 9 19 12 34 16 70 4 6 0 93 11 21 8 73 5 31 10 19 1 77
17 71 2 65 8 37 13 33 6 60 19 10 7 44 18 23 16 55 5 17 10 57 9 55 15 73 0 94 11 26 4 98 3 98 14 70 1 51 12 63
0 39 19 53 9 25 14 11 11 11 8 99 3 29 15 9 1 45 2 81 18 60 13 43 10 79 12 40 5 77 7 26 4 89 16 77 17 39 6 70
0 14 11 22 15 5 5 29 2 19 1 71 16 46 14 32 13 15 6 87 8 53 4 98 19 67 18 29 12 57 9 44 7 45 10 20 17 58 3 58
4 17 14 26 18 85 12 20 0 14 3 3 16 1 1 69 6 1 7 30 17 87 19 77 11 60 15 76 5 38 9 42 2 39 8 55 13 43 10 75
9 56 16 65 8 66 4 83 14 69 11 87 1 50 13 71 15 55 2 93 6 74 10 70 17 80 18 56 5 17 12 23 7 38 19 53 3 96 0 38
1 72 15 85 5 47 18 85 16 37 4 40 3 98 17 25 6 84 13 44 19 8 2 13 11 31 7 28 9 22 14 26 0 21 12 37 10 43 8 41
14 91 7 53 10 4 18 3 16 96 11 31 2 92 13 83 8 42 9 34 19 24 15 85 6 1 4 63 5 3 0 95 1 4 17 63 12 19 3 65
15 95 12 20 7 27 10 63 17 45 11 24 2 95 13 43 1 12 14 4 19 46 18 87 3 66 9 8 5 90 4 48 8 95 16 85 6 76 0 40
4 79 0 36 8 40 11 58 16 11 3 98 18 14 5 36 19 60 1 53 12 50 6 16 7 48 9 76 15 43 10 71 13 31 2 36 17 18 14 67
8 52 7 86 18 55 9 44 10 70 6 43 14 44 11 75 17 6 3 43 13 98 4 78 5 30 16 63 1 80 2 94 15 92 19 5 12 75 0 84
16 70 1 81 7 1 6 82 4 40 11 36 12 57 19 1 0 78 15 82 3 92 10 39 17 41 5 91 2 97 8 26 14 47 18 19 13 96 9 77
0 61 5 57 12 81 3 24 9 93 6 53 1 72 10 77 15 68 16 80 11 59 4 93 19 45 17 27 8 42 2 49 7 53 18 41 13 83 14 22
4 37 17 47 19 91 14 66 15 57 13 85 0 28 3 24 2 38 9 97 18 25 16 55 11 83 5 30 10 26 6 12 8 73 12 91 1 90 7 47
3 60 6 20 12 74 16 71 1 22 8 58 9 4 13 70 17 39 4 9 18 69 7 26 5 14 10 10 2 39 15 39 0 40 11 75 19 35 14 35
10 91 4 49 17 2 16 46 2 77 3 51 19 27 1 29 13 90 14 63 8 3 11 93 5 72 18 63 15 69 7 96 6 8 0 59 12 74 9 84
17 1 13 28 16 16 0 73 10 69 4 24 15 21 18 43 7 26 8 32 9 6 6 49 3 37 11 76 2 73 1 72 19 32 12 19 5 89 14 87
8 53 14 31 18 10 4 89 3 22 16 60 6 73 17 27 19 91 13 19 5 3 1 73 12 17 11 22 9 55 2 44 10 33 0 46 15 62 7 96
6 90 11 64 5 58 13 97 17 40 4 14 14 12 3 60 18 9 7 81 12 78 2 71 10 15 19 20 16 57 0 47 9 18 15 5 8 8 1 26
19 10 0 24 5 92 4 59 3 97 10 61 18 60 16 29 1 49 8 30 15 40 9 3 11 87 13 44 12 52 7 85 17 30 6 76 14 14 2 24
12 88 16 11 8 52 10 99 1 98 7 29 5 13 19 10 4 29 3 42 11 83 18 47 2 3 13 57 17 68 15 75 9 49 6 99 0 2 14 99
4 8 8 26 10 7 5 71 19 88 18 76 17 22 15 87 14 28 13 52 1 5 6 48 0 27 2 52 3 27 9 62 7 35 12 22 16 54 11 70
10 8 16 72 6 37 3 24 1 33 15 75 0 35 8 47 5 60 11 22 13 7 14 16 19 98 18 53 17 12 12 98 2 67 4 95 9 89 7 89
11 86 2 24 18 54 10 46 9 55 0 72 4 30 15 50 17 42 8 25 16 66 5 76 6 88 19 43 12 40 3 87 14 15 1 35 7 77 13 73
0 25 15 82 13 6 10 41 7 75 17 39 8 64 6 86 3 98 2 37 16 31 19 2 4 72 12 13 5 14 9 49 14 6 11 94 18 83 1 88
1 93 8 3 16 30 12 99 5 79 18 76 10 75 11 84 4 83 0 42 15 78 3 65 19 69 9 97 7 42 13 69 17 20 6 33 14 8 2 50
7 33 4 18 6 23 12 4 17 71 14 63 0 51 15 71 10 29 19 53 13 34 18 71 1 90 2 57 9 35 5 46 16 48 8 55 11 1 3 91
5 61 9 36 16 91 4 32 8 74 18 71 3 49 0 99 19 96 1 3 12 24 10 22 7 88 11 86 6 81 17 23 15 5 14 38 13 18 2 71
11 23 9 31 1 47 4 18 6 81 2 11 7 92 12 91 14 53 16 97 18 7 3 13 17 73 8 79 10 40 13 8 5 45 15 4 0 76 19 11
18 74 14 62 8 81 11 89 3 27 7 31 10 66 2 36 19 13 17 47 4 80 13 65 1 11 16 96 0 53 5 32 12 86 6 79 15 62 9 88
14 80 18 72 11 13 15 94 6 1 2 60 1 16 17 18 9 57 8 5 16 56 12 74 19 48 7 66 10 70 13 25 5 17 3 11 0 54 4 34
1 98 12 8 6 59 7 21 15 49 11 78 10 75 4 38 8 64 18 63 3 92 5 18 16 13 19 67 17 63 0 84 9 64 14 69 13 36 2 21
10 7 15 75 9 59 4 5 3 71 0 10 5 46 12 95 2 63 8 7 17 14 16 15 14 47 19 34 7 50 11 29 13 16 6 54 18 37 1 3
5 81 7 13 6 59 2 75 16 2 12 14 11 57 13 40 14 7 10 79 19 68 1 1 4 46 9 32 18 57 0 19 3 3 8 71 15 93 17 25
1 73 11 50 13 72 16 5 10 11 0 51 3 70 12 41 8 14 15 37 4 17 17 95 19 74 7 26 9 37 14 55 5 23 2 62 18 51 6 79
17 44 13 67 5 64 0 40 7 23 4 43 14 35 1 42 9 75 8 27 18 23 6 96 3 3 10 87 2 46 19 6 11 14 16 94 15 6 12 37
6 60 16 84 11 4 15 70 14 3 12 31 18 89 7 25 0 42 8 90 9 58 19 6 4 54 5 35 2 27 3 55 10 60 1 93 17 61 13 57
8 28 9 73 1 41 4 89 3 38 11 16 10 72 2 59 14 30 7 32 19 36 13 89 15 75 16 75 6 75 5 5 17 68 18 4 12 8 0 25
3 62 2 9 6 7 14 11 10 88 15 67 18 3 5 70 11 65 13 16 4 44 8 73 12 34 1 62 7 93 9 33 19 71 17 40 16 95 0 37
18 96 5 10 16 2 12 82 10 85 13 63 0 80 1 62 3 90 17 26 4 61 11 29 9 51 14 17 6 55 15 59 8 73 7 34 19 77 2 59
1 74 19 44 12 19 8 63 18 74 0 47 15 2 9 70 17 55 11 92 10 68 7 81 14 87 5 29 3 6 16 22 13 67 6 71 2 83 4 42
19 31 1 52 17 96 0 67 3 44 6 90 16 76 18 72 13 63 4 89 9 83 5 10 2 67 12 18 10 6 8 84 14 68 11 68 15 56 7 45
15 54 9 30 14 86 5 26 6 78 3 58 7 3 4 14 12 24 19 9 10 87 1 26 2 17 13 2 17 6 8 59 16 71 18 94 11 87 0 17
5 50 9 50 12 47 0 74 3 28 8 90 10 68 14 73 1 17 7 61 13 8 16 11 11 1 2 9 6 4 17 25 15 60 19 31 18 78 4 89
17 89 1 9 19 44 9 29 2 38 16 62 14 17 6 43 10 13 7 68 13 57 8 51 12 6 3 79 5 48 18 75 11 72 0 83 15 12 4 17
11 5 15 21 7 54 19 1 6 1 3 20 5 23 10 59 9 36 4 73 18 8 0 98 12 95 2 82 8 84 14 84 17 1 16 94 13 19 1 55
6 42 15 97 7 22 10 34 0 86 11 20 4 53 13 39 18 74 3 73 9 26 8 7 2 44 19 79 5 80 14 9 16 16 1 70 12 27 17 17
3 13 8 88 14 96 10 91 17 59 4 68 5 47 15 76 13 56 19 21 2 63 11 49 12 49 7 78 0 43 6 63 16 62 9 67 1 64 18 69
15 78 5 8 0 30 11 12 19 3 10 45 17 47 18 81 1 36 12 87 14 94 7 40 8 56 13 54 2 14 4 83 16 90 6 96 9 76 3 82
12 25 6 75 10 7 3 9 19 44 7 11 0 21 17 51 1 6 16 49 18 27 2 96 9 88 11 89 5 36 4 22 15 56 13 2 14 28 8 96
9 93 11 48 15 35 2 65 19 25 3 18 5 86 0 98 8 50 14 95 10 68 6 68 7 78 4 79 16 81 17 82 18 93 12 92 1 70 13 97
1 32 10 61 4 51 7 95 0 74 15 15 2 38 16 46 14 14 6 96 11 64 17 16 13 21 8 97 12 90 19 72 18 77 5 84 3 18 9 70
7 38 0 84 12 82 14 6 15 75 4 71 2 31 5 40 3 91 19 2 11 66 17 97 10 23 16 23 13 62 8 30 6 62 1 14 18 56 9 37
5 32 1 84 16 96 0 23 2 28 14 84 15 63 8 97 3 28 18 52 10 90 12 70 6 24 19 12 13 23 4 53 17 33 11 80 7 29 9 24
17 56 10 11 0 51 3 57 7 97 19 23 9 45 18 91 4 90 16 20 5 30 12 31 6 67 2 28 8 20 11 27 14 97 15 96 13 32 1 69
