100 20
9 4 10 44 14 15 4 30 6 22 16 64 8 8 7 28 18 4 3 70 2 95 11 17 5 99 1 11 15 91 19 59 12 5 17 27 13 82 0 95
9 44 14 72 18 90 17 52 0 98 4 64 2 58 1 84 11 60 6 50 16 96 3 90 8 86 10 44 13 90 15 4 7 57 5 24 12 20 19 13
6 44 19 15 10 25 14 37 11 2 16 71 8 39 15 26 3 6 2 63 13 95 4 81 7 21 5 34 1 85 12 27 9 50 17 56 18 38 0 2
15 71 5 15 12 45 8 89 4 17 10 51 17 2 7 37 14 43 13 87 16 14 9 99 11 91 0 67 18 78 2 39 3 24 1 68 6 37 19 76
9 23 1 21 4 98 5 56 0 22 12 77 13 70 10 42 2 84 3 74 11 1 19 48 17 69 6 15 8 61 7 55 18 87 16 91 15 3 14 60
5 61 7 53 12 95 2 60 14 96 1 63 6 33 8 95 13 86 4 39 0 54 17 23 18 63 9 54 11 83 19 8 15 62 3 29 16 32 10 85
2 38 16 83 10 97 13 2 6 16 14 50 3 98 5 60 4 87 15 80 11 13 9 58 19 20 17 10 7 28 8 18 12 36 0 13 18 55 1 20
0 43 18 28 5 23 6 73 17 97 15 26 2 76 19 32 10 63 8 80 4 59 11 49 3 56 14 64 13 33 16 75 1 63 12 34 9 70 7 70
4 2 6 55 11 52 18 81 7 89 16 79 12 35 17 73 9 11 8 66 5 19 1 23 15 63 13 30 3 84 19 48 10 8 14 93 0 4 2 16
9 12 4 67 14 25 10 65 11 9 0 90 5 18 6 43 12 76 7 82 13 67 16 82 8 57 2 72 3 42 1 39 19 24 17 80 18 54 15 58
3 9 18 23 13 49 14 71 6 80 11 65 0 4 4 33 9 26 5 64 12 46 19 15 15 48 17 6 16 84 10 99 1 64 8 82 7 15 2 27
12 30 17 20 5 28 14 80 6 44 1 69 19 98 2 53 8 92 13 9 9 5 0 5 16 29 15 90 3 78 4 49 7 72 18 25 11 70 10 77
16 3 5 14 2 72 17 79 6 19 11 82 13 16 7 72 19 41 4 90 10 46 8 8 3 65 18 16 14 53 12 89 9 10 15 34 1 20 0 4
2 55 4 66 14 39 17 85 12 28 7 63 13 60 19 2 3 85 0 38 5 70 8 8 15 55 18 47 9 23 6 1 1 5 11 27 16 65 10 75
0 59 15 69 13 68 7 27 16 37 10 60 5 43 14 36 19 73 18 51 6 87 8 30 3 63 2 43 9 81 17 58 12 8 11 90 1 58 4 54
5 52 6 63 13 2 9 73 14 9 1 8 19 6 7 61 10 37 0 25 17 35 18 26 12 43 11 6 16 43 2 82 8 94 3 79 4 88 15 25
12 59 17 8 14 97 16 35 9 53 0 96 3 62 15 74 18 20 11 82 13 14 1 75 6 75 19 76 2 4 5 7 7 48 8 17 4 54 10 90
19 80 7 86 13 81 11 82 8 45 1 33 5 57 9 21 14 13 18 43 16 60 2 13 4 89 10 84 3 73 12 74 17 83 15 76 6 56 0 62
2 85 13 15 18 32 8 27 6 83 10 3 17 60 1 31 11 22 3 11 4 71 0 79 12 14 16 94 19 29 15 46 14 56 9 60 7 71 5 7
7 94 1 26 5 11 3 10 13 68 15 79 2 3 18 86 0 5 10 12 12 33 14 13 9 72 4 85 17 98 16 24 6 20 11 25 19 94 8 58
0 47 12 66 4 23 14 86 11 79 2 40 6 86 3 49 1 57 9 44 15 98 18 90 19 15 10 50 8 75 5 20 16 39 7 85 13 57 17 75
10 11 5 91 16 47 2 26 15 85 14 62 8 73 12 94 19 73 0 82 13 82 7 39 9 42 11 12 4 55 17 86 6 7 1 26 3 11 18 32
16 32 3 39 13 35 2 48 9 62 6 69 1 32 11 9 10 10 0 19 12 72 7 14 5 38 18 30 17 58 8 22 14 7 4 10 19 1 15 9
4 37 18 65 8 88 9 61 6 84 0 59 2 9 15 90 16 33 14 16 19 31 13 30 3 96 5 20 1 58 17 67 11 5 10 35 12 18 7 96
10 51 5 44 6 6 0 91 16 88 18 46 12 53 15 90 9 57 4 65 1 7 19 83 8 2 14 13 2 8 7 92 17 53 3 38 11 61 13 90
4 47 16 4 12 82 19 60 17 16 3 61 1 59 7 93 18 69 6 4 2 1 11 67 9 40 14 69 15 76 8 72 13 23 0 39 10 70 5 8
0 8 16 74 13 31 5 99 19 76 10 99 9 37 11 5 3 90 2 66 15 63 7 29 17 58 6 58 4 78 14 15 8 18 18 28 1 7 12 58
18 64 5 29 14 21 12 79 17 6 1 40 7 98 3 7 8 56 10 3 4 71 15 27 2 44 9 64 13 92 16 37 6 30 19 60 0 55 11 20
7 41 2 11 14 90 0 79 3 53 4 40 8 56 12 13 10 80 11 3 15 98 16 14 18 95 9 44 5 4 1 63 13 83 6 67 19 8 17 59
8 94 15 86 14 57 13 10 11 92 1 45 12 38 10 1 19 21 7 78 18 79 17 68 6 14 0 71 2 49 5 80 4 70 9 68 3 81 16 1
1 33 18 96 14 86 5 50 9 89 3 61 12 97 8 25 19 9 16 9 15 9 17 23 2 76 0 40 10 88 13 83 7 91 6 74 4 87 11 17
15 23 17 18 12 88 8 76 16 76 9 80 3 86 19 31 7 83 5 77 4 12 2 36 11 95 14 23 13 42 18 68 0 57 1 25 6 5 10 4
4 8 9 80 7 72 3 65 10 34 18 26 12 98 13 24 19 43 5 15 15 63 17 4 16 69 1 44 11 84 8 59 6 60 14 10 2 40 0 73
11 17 13 64 5 65 3 64 4 1 10 37 17 70 18 46 7 14 2 71 1 19 15 90 8 17 6 85 16 4 9 86 19 38 14 9 12 25 0 2
9 71 4 66 5 99 12 44 10 45 15 86 8 8 11 20 0 33 1 32 2 21 14 55 16 29 17 9 19 42 13 56 6 93 18 12 3 59 7 17
6 61 7 70 19 5 11 38 9 77 4 11 0 39 15 63 1 32 5 24 10 56 13 35 18 53 16 40 17 78 14 93 3 79 8 69 2 21 12 21
16 84 5 35 2 92 1 17 9 61 0 52 12 67 11 30 14 38 4 80 8 55 7 91 15 54 18 72 10 51 6 12 19 86 17 83 13 82 3 44
0 99 7 95 16 97 13 13 6 21 15 84 12 29 2 91 9 13 8 37 5 69 17 90 10 70 1 18 14 21 3 29 19 7 11 48 4 32 18 98
0 71 1 30 14 36 11 32 4 84 2 52 10 97 5 50 12 95 8 70 15 90 9 61 7 95 6 77 13 14 18 8 17 11 19 65 16 53 3 11
17 55 10 67 11 15 15 99 9 45 7 86 2 4 18 75 8 85 0 69 14 57 3 6 12 20 13 16 1 89 6 62 19 27 16 33 4 90 5 79
9 42 15 47 13 35 17 83 2 58 6 19 10 51 16 47 14 74 11 8 18 3 4 13 3 79 7 51 5 68 12 72 19 52 0 70 1 50 8 74
4 51 17 80 10 49 9 66 3 93 12 79 13 24 0 92 5 23 14 86 1 17 6 59 7 27 2 19 11 62 8 86 19 84 18 82 16 53 15 66
1 27 4 42 0 40 10 95 3 99 14 6 9 43 7 22 6 80 19 97 15 5 17 93 12 84 2 75 13 62 5 97 18 82 16 33 8 16 11 64
19 86 18 92 9 66 14 91 7 18 12 17 11 40 3 70 15 16 6 71 0 19 17 9 16 71 5 97 1 87 13 64 2 64 8 85 10 43 4 80
4 71 3 66 2 19 15 7 9 32 6 56 17 9 16 51 10 7 13 67 0 81 7 40 18 79 19 15 12 81 1 46 8 47 14 75 11 78 5 96
12 80 4 81 14 18 10 4 9 50 18 96 15 70 2 22 17 82 19 73 6 16 5 55 8 91 0 61 3 97 13 74 11 73 7 37 1 57 16 1
1 18 8 26 13 94 7 13 6 15 15 30 5 30 3 36 14 89 10 20 11 32 2 18 18 71 9 87 17 66 4 90 0 71 19 62 12 46 16 62
15 11 18 70 16 9 17 19 19 61 7 20 11 26 1 38 8 45 13 80 2 34 4 59 14 79 0 33 10 6 12 80 3 48 5 85 6 32 9 62
5 88 14 83 18 31 8 23 11 39 1 19 13 7 15 19 16 33 7 61 12 90 3 72 19 67 10 86 4 64 6 43 0 64 2 3 9 93 17 76
18 73 0 8 6 38 7 70 9 82 13 73 4 25 3 68 19 62 2 41 15 30 14 60 10 7 1 57 16 75 11 21 17 99 5 93 8 27 12 17
8 41 10 53 19 98 7 4 11 42 12 46 6 25 3 64 14 30 17 6 16 62 9 89 13 99 4 39 15 85 0 3 5 16 1 51 2 83 18 52
1 77 15 32 0 5 4 62 18 29 2 33 17 27 7 7 12 51 13 44 8 98 10 84 3 7 11 19 19 38 16 4 6 68 5 48 14 77 9 62
3 82 4 75 5 10 1 96 11 27 16 95 9 86 6 9 13 2 15 33 17 78 14 7 0 91 10 50 7 92 2 29 18 29 12 33 19 30 8 36
3 3 4 60 15 52 2 12 6 30 10 72 18 1 16 52 7 80 12 62 5 49 13 63 11 21 9 39 19 40 14 98 0 58 1 38 17 29 8 18
17 56 16 75 1 5 5 19 7 74 8 62 4 38 15 4 0 71 18 5 3 46 11 73 10 99 19 54 13 39 6 31 14 55 12 11 2 51 9 25
15 9 19 64 6 19 3 38 8 75 10 63 5 62 18 25 11 92 9 70 17 60 13 80 7 23 4 92 12 5 16 81 14 87 1 89 2 81 0 96
19 91 9 69 12 22 7 48 16 3 0 32 11 43 13 42 6 88 14 69 2 76 3 34 15 1 8 6 1 72 18 94 5 22 4 12 17 91 10 82
4 50 9 37 6 79 14 67 13 18 18 37 11 95 10 75 19 64 17 64 1 70 16 81 5 64 7 39 12 96 2 46 0 35 15 51 3 80 8 45
9 91 10 17 3 21 15 32 18 17 8 74 0 27 5 93 11 16 2 35 19 58 14 47 7 44 13 45 4 8 1 99 12 94 17 87 16 29 6 23
15 42 7 46 2 51 12 45 10 31 18 72 16 20 17 83 4 63 14 93 0 36 11 81 19 99 6 27 13 43 1 56 8 20 5 85 3 84 9 35
2 13 16 22 0 4 5 18 12 57 9 96 7 67 13 69 14 47 1 89 8 65 17 32 15 39 3 25 18 97 6 45 19 71 11 76 4 62 10 98
2 65 5 5 0 51 18 71 7 43 13 29 10 49 11 29 16 15 6 34 9 57 17 63 1 95 14 75 12 12 19 64 3 14 15 9 8 4 4 31
1 11 3 75 5 52 16 41 15 18 6 34 13 23 2 18 14 62 4 35 11 22 19 9 8 79 10 41 7 55 18 2 0 2 9 57 17 28 12 94
14 72 17 11 13 58 6 51 10 22 3 6 1 16 4 80 19 55 11 27 12 2 8 57 15 47 0 5 9 56 2 45 16 89 7 59 5 4 18 9
4 14 7 86 5 6 9 82 0 83 18 27 10 74 2 59 14 97 1 80 13 78 15 96 12 35 8 65 17 73 11 67 6 53 3 30 16 65 19 36
7 49 13 97 19 37 11 66 10 97 15 36 16 96 17 69 0 3 18 58 5 99 4 8 12 96 9 44 1 65 2 73 14 15 8 5 6 96 3 81
10 10 1 46 18 13 19 57 0 53 7 81 8 62 13 46 6 90 17 77 4 97 5 50 3 13 12 80 9 29 16 53 14 9 11 23 2 37 15 32
9 7 19 75 2 13 10 51 8 3 6 13 18 40 1 4 12 27 13 62 11 7 16 35 3 78 4 63 0 65 14 78 5 48 15 12 17 91 7 70
4 79 13 95 7 64 0 45 5 76 9 70 15 85 6 51 1 48 8 25 12 47 14 27 17 63 10 39 16 76 19 83 18 61 11 90 2 67 3 47
0 18 6 45 16 50 13 33 15 25 14 97 5 16 9 46 17 20 11 47 19 47 4 72 12 82 1 39 18 40 8 43 10 95 2 88 7 97 3 89
16 65 14 16 1 75 11 33 6 66 7 14 0 64 15 4 8 53 19 99 5 72 2 43 13 35 4 54 9 58 3 13 12 71 18 49 10 50 17 97
10 34 18 18 6 85 8 74 4 86 5 29 15 96 12 56 1 87 16 13 11 36 3 65 9 53 19 69 7 65 17 33 0 63 14 92 13 39 2 95
15 16 18 9 5 17 19 2 14 29 3 98 4 71 10 66 9 31 2 61 1 29 16 26 8 81 0 75 17 87 7 31 12 19 6 3 11 88 13 80
8 42 19 2 0 33 9 74 10 49 16 79 17 51 11 67 18 46 12 11 7 58 13 7 15 33 5 4 1 81 6 76 2 99 14 25 3 4 4 13
5 29 1 57 8 66 2 92 9 76 16 81 4 54 18 1 12 51 19 41 11 84 0 7 3 5 14 66 13 9 17 7 6 44 15 13 10 27 7 95
18 37 11 61 19 3 9 49 15 22 10 50 2 63 17 65 8 88 16 3 3 47 0 38 5 87 12 17 13 29 14 50 1 55 7 36 4 92 6 12
4 94 8 59 0 98 3 73 19 73 17 36 18 70 6 43 11 64 10 88 14 90 12 58 2 90 9 81 15 56 16 68 13 71 1 63 7 35 5 78
3 50 13 53 8 62 9 97 4 40 14 49 6 51 15 81 19 57 11 19 2 65 5 75 17 29 12 25 0 31 18 29 10 70 1 23 7 43 16 83
2 54 14 72 11 66 6 62 17 7 5 35 10 55 19 61 7 72 9 7 13 22 4 44 1 51 12 8 18 17 3 11 8 18 15 90 0 34 16 88
0 23 13 3 14 94 11 51 10 19 15 61 8 12 5 3 16 69 17 89 7 72 12 85 2 16 9 23 18 70 3 95 4 10 19 3 1 97 6 63
11 63 14 26 7 17 6 3 10 88 12 67 18 70 4 91 15 98 0 71 16 87 5 34 9 16 19 88 2 39 8 69 13 69 17 61 1 94 3 20
3 16 13 82 7 84 14 57 19 34 10 51 2 60 15 45 0 97 9 85 18 2 8 78 4 82 17 76 1 6 11 91 16 72 6 60 5 91 12 31
17 57 5 86 1 18 9 16 7 89 12 16 10 84 18 29 16 97 3 17 15 31 14 99 13 98 0 78 2 41 11 95 19 45 4 68 8 86 6 56
2 49 10 71 4 29 14 78 13 74 6 54 15 39 7 58 12 5 16 55 5 29 17 25 9 58 11 55 3 71 18 80 19 92 0 41 8 8 1 17
15 33 7 32 18 30 14 14 6 57 3 35 11 13 16 53 19 74 12 67 17 12 8 89 1 95 0 67 13 56 2 90 4 48 5 32 10 6 9 36
12 72 17 94 15 39 11 35 18 77 4 86 7 97 9 58 3 87 14 61 6 43 16 30 1 38 0 31 13 21 5 17 10 40 2 82 19 19 8 75
16 55 19 17 3 14 1 68 18 88 6 35 9 13 15 42 7 28 0 91 4 82 13 76 12 6 17 77 11 67 14 64 10 19 5 19 2 32 8 36
19 94 17 77 16 50 15 54 14 93 8 83 10 38 13 89 9 98 4 98 2 61 7 59 6 95 0 45 18 56 3 59 1 17 5 27 11 82 12 55
19 44 0 37 4 43 9 92 3 7 5 73 13 69 7 4 11 46 6 65 10 85 14 90 1 85 8 92 15 22 2 68 16 90 17 54 18 82 12 49
2 93 15 43 19 15 7 2 8 75 16 83 18 5 12 85 13 10 6 43 10 99 11 50 1 55 4 19 0 19 9 35 5 30 14 39 3 91 17 79
16 30 0 48 18 17 19 76 3 96 9 14 1 9 7 98 14 58 13 10 4 86 2 48 10 7 5 35 6 11 12 36 11 63 17 71 8 12 15 37
7 11 18 9 15 48 17 54 19 29 2 93 3 56 1 19 14 33 6 23 13 37 5 39 16 30 11 51 8 29 0 30 12 68 4 17 9 88 10 74
14 37 13 1 15 94 8 4 17 33 7 72 1 80 18 84 2 82 10 20 19 42 6 77 0 6 16 14 5 93 3 10 9 66 11 73 12 52 4 53
14 6 7 33 6 87 15 73 9 67 12 85 13 94 5 71 8 45 19 99 2 92 1 76 18 56 16 81 0 88 17 62 11 74 3 92 10 57 4 77
13 51 9 88 18 7 8 25 19 53 17 44 7 1 16 38 12 42 2 32 14 32 10 30 0 21 5 75 11 29 3 44 4 79 1 79 15 51 6 43
7 11 12 72 16 90 2 74 5 21 17 16 1 16 13 59 9 40 11 43 6 57 4 14 19 56 0 72 10 40 18 73 8 8 15 77 3 78 14 50
5 5 7 41 17 61 1 48 15 59 13 51 8 76 0 61 9 15 10 62 11 78 2 54 19 35 6 55 18 80 4 11 14 92 16 50 3 95 12 24
15 85 9 35 1 60 3 50 16 84 6 79 0 21 17 85 2 84 8 63 7 65 13 45 12 12 10 80 5 9 4 14 11 92 19 21 14 62 18 61
8 4 16 31 2 24 1 48 6 76 0 67 11 97 9 95 5 17 14 25 17 14 13 2 3 16 7 74 4 90 12 41 10 21 19 36 18 8 15 46
11 55 17 28 5 75 10 1 7 34 13 56 19 4 14 94 3 94 16 62 15 85 2 13 9 3 8 89 12 41 1 64 18 21 0 73 4 8 6 4
