100 20
0 1 11 31 10 51 5 90 2 63 12 4 18 20 13 65 9 67 14 2 3 15 7 29 6 65 17 41 15 68 8 89 19 13 16 69 4 83 1 29
4 28 2 70 9 9 16 13 0 44 1 43 19 12 5 9 7 61 13 10 3 23 17 34 18 47 10 59 15 56 14 42 6 96 8 40 12 3 11 57
14 20 7 3 12 48 15 10 17 1 16 39 8 63 4 71 9 19 10 72 11 14 18 80 0 23 1 82 2 40 19 60 5 27 6 8 3 19 13 60
7 92 4 31 10 30 12 82 14 97 8 29 0 98 3 99 6 53 16 51 13 30 11 83 9 63 17 87 15 74 5 22 19 46 1 63 18 68 2 85
14 64 1 52 7 38 17 66 16 46 0 33 13 13 18 55 3 92 10 30 11 45 4 68 15 35 19 68 9 65 6 38 12 92 5 46 2 49 8 95
15 5 17 66 8 15 2 81 12 17 6 7 0 69 1 11 13 67 16 11 11 42 3 70 4 15 9 22 7 54 14 59 19 49 5 75 18 65 10 77
18 76 0 13 2 98 12 25 3 6 6 20 8 31 7 69 15 51 5 13 16 67 11 32 1 5 4 14 19 22 17 24 10 95 13 55 14 21 9 2
17 21 2 42 5 28 16 5 19 79 14 13 11 67 4 45 15 36 9 7 8 44 3 33 10 52 13 40 7 95 1 7 18 72 6 67 12 24 0 86
3 56 5 14 0 70 4 40 17 50 10 88 9 60 12 72 7 72 1 11 18 89 11 72 15 86 6 3 19 44 8 3 14 71 2 19 16 36 13 78
17 42 14 47 11 81 6 31 0 23 18 28 10 16 9 95 4 15 2 91 3 96 7 15 13 27 16 29 19 82 15 74 5 16 1 66 12 98 8 39
18 1 16 46 1 10 12 7 9 76 8 49 14 58 10 37 6 71 19 74 13 98 4 3 2 66 3 12 11 44 0 28 7 65 5 85 17 34 15 15
0 52 3 41 13 60 9 40 16 79 14 39 5 77 6 9 19 46 4 84 18 97 17 70 2 10 1 30 11 40 8 78 7 4 12 81 15 18 10 88
10 73 18 41 9 14 13 75 17 16 16 26 8 30 0 6 12 4 1 64 4 28 11 78 15 57 7 49 6 83 2 50 19 92 14 6 5 78 3 7
18 12 7 82 8 46 16 14 4 87 11 92 3 92 19 49 6 41 14 7 12 40 1 20 13 95 5 92 17 15 10 76 9 13 15 90 0 40 2 34
5 80 2 76 1 75 15 58 8 36 12 68 16 56 10 19 14 17 0 64 13 10 3 68 17 6 6 60 19 55 7 77 9 36 18 55 11 73 4 70
14 52 4 46 9 10 11 81 16 73 5 99 6 86 3 98 12 13 10 80 0 78 15 58 18 41 13 98 19 77 1 70 2 17 7 62 8 58 17 72
14 40 11 7 6 77 1 87 19 22 7 26 5 6 16 77 9 89 18 25 4 39 12 40 0 52 10 90 8 42 17 78 15 2 3 51 2 19 13 75
18 8 15 29 17 21 11 33 6 15 5 76 7 71 4 11 12 19 14 61 13 34 0 79 19 26 16 53 2 6 9 85 10 72 1 37 8 94 3 45
1 73 2 70 5 64 9 75 17 46 0 6 11 25 18 35 10 48 16 2 12 8 14 20 19 17 4 45 8 3 15 10 7 67 3 67 13 14 6 71
14 92 2 7 3 14 4 86 5 74 13 21 19 15 11 25 9 88 12 17 1 51 7 2 17 22 18 67 16 30 10 76 8 51 15 11 6 57 0 40
18 29 11 11 13 45 9 16 10 15 17 18 12 16 4 26 16 44 2 73 14 61 7 80 15 91 8 34 0 95 1 30 3 82 5 85 6 41 19 57
9 44 18 14 6 89 4 6 0 13 11 60 2 84 10 18 14 4 12 62 13 72 15 76 1 15 19 92 7 21 5 63 3 78 8 36 16 29 17 28
2 25 3 42 6 67 18 9 9 9 12 53 10 5 4 35 13 85 14 89 19 46 8 39 7 87 1 50 15 59 5 59 0 3 11 53 17 25 16 47
14 20 2 33 9 8 6 11 12 79 13 27 15 15 4 40 10 53 16 82 11 9 7 69 0 29 3 6 8 38 5 36 17 93 1 65 19 3 18 4
7 11 0 72 19 99 11 76 15 64 18 74 17 65 5 95 12 55 9 92 13 36 14 17 8 89 10 21 6 52 16 44 4 43 3 35 2 47 1 28
16 55 5 84 6 85 13 97 8 6 19 88 18 84 14 78 1 40 4 41 12 5 15 99 7 15 2 90 0 5 17 27 9 34 3 60 11 72 10 24
10 27 6 47 18 55 16 98 9 32 15 66 14 21 2 49 12 89 3 63 4 54 17 20 11 8 19 8 7 88 0 55 8 86 13 29 1 28 5 54
12 13 17 54 1 91 16 95 11 53 6 14 3 85 8 12 2 37 18 70 14 66 19 95 13 68 4 74 5 58 10 53 0 71 9 44 15 34 7 10
0 48 11 77 8 70 6 28 3 32 14 57 9 18 17 89 18 54 1 15 4 51 2 58 13 39 12 41 5 46 16 78 15 12 10 56 19 88 7 16
10 4 3 7 2 14 1 32 19 33 7 31 17 16 4 33 6 78 9 80 8 98 11 11 5 97 15 37 14 21 12 33 0 6 18 44 16 86 13 84
18 37 4 47 7 96 16 85 9 75 11 91 12 1 1 1 17 47 6 23 8 87 3 62 2 10 19 71 0 55 14 64 5 39 15 66 13 28 10 44
4 68 5 1 15 92 12 47 13 57 10 80 1 89 3 14 6 41 7 72 18 45 9 23 17 56 11 55 2 35 19 99 16 2 0 6 14 92 8 27
13 2 3 78 11 35 16 88 5 81 15 64 9 68 4 38 12 73 18 23 2 46 1 70 0 41 14 34 6 88 19 12 8 74 17 14 7 97 10 73
18 90 0 88 5 52 19 18 12 98 16 86 13 62 7 61 14 24 17 66 2 97 3 4 1 92 9 85 11 30 10 87 4 54 15 81 8 9 6 88
8 32 6 35 2 78 11 7 4 11 7 72 13 59 0 82 10 41 15 1 1 8 19 27 9 87 17 3 3 56 14 17 5 79 12 21 18 16 16 59
11 86 17 13 1 1 19 89 9 82 8 61 6 22 10 44 0 59 7 2 13 75 14 89 3 3 2 32 18 23 12 3 4 48 15 41 5 71 16 52
3 29 16 60 13 86 7 87 1 31 11 62 10 5 5 20 6 29 18 58 4 9 9 93 12 25 0 47 14 58 19 61 17 29 8 99 2 54 15 67
17 50 6 89 10 37 9 12 12 51 5 75 16 18 3 23 4 41 1 14 7 23 11 84 14 21 15 72 0 14 18 46 13 17 2 74 8 73 19 85
4 7 16 51 15 19 8 65 12 17 11 6 7 20 9 73 3 61 14 20 2 47 18 2 13 71 10 27 1 89 17 29 6 70 19 66 5 66 0 40
15 46 3 98 10 60 14 50 9 70 0 72 8 42 12 76 4 6 6 2 11 33 18 73 1 28 19 80 17 71 2 63 13 60 7 68 16 97 5 84
11 98 13 89 17 7 10 96 8 35 5 79 4 12 18 77 1 4 3 3 9 66 16 46 7 67 14 91 6 7 15 38 2 45 0 41 19 99 12 90
13 96 3 64 4 67 6 93 15 91 8 39 9 42 2 84 12 47 14 48 0 67 10 87 7 69 11 42 1 39 19 75 16 30 17 6 18 51 5 14
0 39 12 45 13 61 7 9 5 22 8 65 14 90 17 84 10 60 18 9 2 47 15 10 1 14 6 88 3 34 11 51 4 55 16 10 19 85 9 43
8 6 17 76 7 61 2 32 16 45 5 70 18 27 3 76 1 9 14 88 0 73 15 99 11 28 4 86 9 16 19 49 13 26 6 73 12 87 10 42
8 7 12 16 11 15 14 21 7 59 0 59 15 1 4 89 10 28 2 14 16 16 17 80 13 1 6 32 3 65 9 72 18 85 5 60 1 8 19 67
19 92 10 70 1 19 11 73 14 89 17 79 2 87 18 71 16 80 15 74 9 73 4 79 0 92 6 39 3 98 12 99 8 22 13 98 5 71 7 64
1 50 11 86 3 75 9 21 16 95 10 41 5 75 6 19 0 81 13 29 4 88 18 46 17 78 15 99 7 73 8 92 14 50 19 74 12 48 2 15
18 42 13 15 14 70 11 2 12 10 9 15 4 85 19 13 0 25 16 30 8 43 3 73 6 41 7 21 2 83 10 82 15 30 1 52 17 55 5 19
0 30 4 41 3 21 18 26 8 37 10 82 2 95 6 18 5 18 7 46 13 92 19 67 11 63 1 19 17 73 15 38 14 63 12 42 9 15 16 49
9 70 4 89 1 83 3 99 2 17 0 71 10 52 12 54 18 39 19 25 15 88 17 96 16 77 11 45 7 39 14 7 8 89 5 28 13 44 6 61
7 23 17 2 5 10 10 87 14 65 2 23 15 3 0 11 9 99 19 57 11 14 1 20 3 40 6 80 4 55 12 27 13 58 16 99 8 24 18 33
15 65 4 56 19 71 11 30 5 61 6 49 0 14 7 76 13 56 16 15 8 13 17 34 10 66 2 2 1 10 14 1 18 41 9 81 12 32 3 27
6 62 5 68 1 60 9 40 7 90 11 42 13 46 15 85 16 89 18 73 10 83 17 19 8 61 14 77 2 73 12 35 0 54 4 77 19 88 3 72
12 10 8 95 9 73 1 99 6 92 13 45 7 54 19 42 11 84 18 11 10 14 4 17 0 56 14 19 5 44 3 57 15 73 2 11 17 98 16 28
1 22 10 79 11 38 16 62 12 62 5 91 18 5 7 31 19 65 3 33 4 83 0 91 2 58 8 64 14 50 13 52 6 98 17 89 15 63 9 91
11 6 14 42 2 11 17 81 5 56 4 57 1 54 12 72 13 20 15 89 7 32 9 96 6 16 19 70 10 69 8 98 0 65 3 76 16 97 18 52
3 10 17 7 6 47 18 99 11 83 16 59 13 45 14 70 8 3 9 58 7 15 19 4 12 51 15 69 10 41 0 20 1 68 4 12 5 36 2 32
13 59 8 23 12 45 0 76 17 51 1 95 16 73 3 20 18 78 4 7 9 9 19 90 10 19 11 78 14 18 2 41 7 54 5 98 6 52 15 48
16 35 13 76 6 99 5 49 1 96 7 72 2 33 19 41 18 83 17 84 15 10 3 37 11 99 9 35 0 84 8 7 12 23 4 27 10 11 14 98
19 11 14 28 13 65 3 80 16 54 5 27 7 56 6 11 10 28 18 41 1 60 4 34 2 86 15 75 11 42 12 72 8 18 0 55 9 21 17 24
15 83 13 61 1 87 8 69 19 76 12 4 16 39 2 95 4 92 18 25 10 25 9 75 17 47 0 22 3 10 5 94 7 13 6 90 11 93 14 94
16 29 18 50 17 6 9 29 5 30 2 47 1 47 3 63 10 99 8 12 4 41 19 79 0 62 14 24 15 10 11 18 7 24 6 78 13 12 12 11
18 44 16 98 11 79 10 28 2 56 7 71 5 80 3 41 15 67 6 90 17 11 19 45 14 5 1 95 4 80 9 52 13 13 12 35 8 13 0 31
19 11 9 81 13 31 3 53 15 70 14 83 17 23 10 75 8 34 5 97 16 35 18 29 0 5 4 21 6 52 1 67 12 75 7 92 11 76 2 79
5 47 14 29 16 15 3 78 9 55 1 61 17 77 11 87 13 29 19 15 15 83 10 63 0 74 8 76 4 1 6 52 18 91 12 13 7 1 2 25
17 33 15 1 9 60 10 86 16 89 14 16 11 28 0 53 3 9 18 69 6 59 5 11 4 75 1 53 7 1 12 60 13 49 8 30 19 84 2 15
2 18 7 36 1 51 0 37 4 90 12 46 19 77 6 40 16 73 11 7 18 25 15 8 5 72 10 56 14 10 3 53 9 12 13 68 8 98 17 10
17 67 11 42 2 63 16 72 14 87 18 77 4 58 1 28 0 66 6 16 12 6 8 92 19 15 10 66 7 31 9 8 15 28 13 73 3 17 5 13
14 3 7 26 9 32 6 67 15 34 17 26 2 37 18 83 13 98 1 34 8 84 12 25 0 71 4 66 3 24 10 12 5 22 16 90 19 32 11 10
16 29 13 51 7 39 6 32 5 15 15 96 14 64 4 9 9 22 17 73 0 98 10 32 18 54 3 94 19 80 12 21 2 31 8 88 11 24 1 93
6 92 3 79 14 43 0 22 16 16 7 90 1 56 12 5 5 12 19 28 11 2 2 60 18 55 15 37 8 95 4 97 9 65 13 15 10 62 17 29
14 41 4 93 2 71 17 54 5 53 10 44 12 20 6 71 3 38 0 38 13 1 19 28 9 52 11 5 18 30 1 19 15 74 7 80 16 64 8 73
14 50 10 13 13 98 3 62 8 16 0 35 18 72 7 38 9 86 11 29 5 56 16 17 6 43 12 65 2 44 4 58 17 9 15 69 1 33 19 29
13 38 10 96 6 14 2 21 14 97 1 59 11 44 18 77 5 43 3 33 7 53 15 22 12 29 4 49 17 1 0 49 8 93 16 60 9 68 19 77
14 11 9 72 3 91 7 19 0 46 12 50 16 97 11 6 6 64 18 6 8 27 10 53 4 74 1 72 2 63 17 19 5 59 19 88 15 34 13 75
11 26 15 95 17 40 6 94 13 92 1 40 2 2 14 75 4 9 3 65 12 58 5 8 18 82 0 15 16 98 10 25 19 2 9 6 8 47 7 82
9 65 1 34 12 85 14 33 11 43 10 69 5 65 15 12 7 54 2 25 6 8 13 5 17 10 8 25 4 55 0 53 19 23 18 59 16 80 3 87
17 28 0 56 14 42 15 43 1 64 6 26 18 75 11 15 19 23 12 56 4 89 5 32 16 66 7 46 2 14 3 91 9 99 8 50 13 43 10 3
9 79 0 44 7 16 8 6 10 86 12 17 17 19 19 35 15 11 1 31 14 40 5 67 11 31 18 29 13 84 3 88 16 43 2 21 6 83 4 13
14 22 18 56 10 24 16 74 4 9 11 8 7 35 12 43 17 41 9 36 1 77 6 56 5 78 13 38 19 2 15 72 2 97 0 78 3 20 8 42
19 43 10 92 4 96 2 72 14 42 0 77 7 17 16 10 11 64 5 16 13 99 18 55 9 31 8 51 12 87 3 93 15 82 1 22 17 81 6 28
9 46 2 86 12 40 11 65 19 73 4 91 3 70 5 81 7 33 13 90 10 18 1 35 8 96 16 96 17 66 6 4 18 59 14 44 0 20 15 55
14 99 11 97 0 9 12 50 3 14 1 25 17 43 7 20 8 8 18 18 16 15 13 18 9 59 10 10 2 28 5 98 15 23 6 15 19 12 4 38
10 49 9 29 13 81 0 31 14 24 15 80 12 26 18 13 11 48 8 91 17 74 1 77 2 58 19 62 6 9 4 22 5 19 7 50 3 13 16 13
18 26 16 47 12 44 8 76 14 5 17 47 5 72 10 27 15 86 0 24 1 69 11 10 13 91 2 7 6 82 4 52 7 20 3 51 19 44 9 69
19 64 14 73 1 52 6 38 11 32 3 39 12 12 9 98 18 23 5 84 13 96 8 9 7 98 16 30 2 20 4 48 15 40 17 33 10 87 0 69
19 44 12 97 15 79 3 62 4 47 17 43 0 73 6 90 2 10 13 22 1 91 18 11 5 28 14 9 11 59 10 29 9 57 16 97 8 17 7 44
1 65 3 20 9 97 11 70 13 41 4 39 8 92 14 72 6 94 10 96 2 12 17 62 18 17 15 2 16 48 7 74 12 4 5 87 0 85 19 93
15 78 13 11 14 28 7 77 2 38 0 28 19 57 1 66 6 12 16 81 8 71 5 27 3 94 4 17 9 65 18 22 12 92 11 29 10 29 17 5
4 57 13 41 15 14 5 70 12 4 14 13 8 21 11 25 9 50 3 6 2 72 10 10 6 35 0 69 7 72 16 97 19 87 1 19 18 16 17 63
17 72 15 24 14 88 9 9 4 9 10 37 5 32 6 17 1 42 16 41 3 99 18 47 8 13 0 39 13 82 2 3 19 80 11 75 12 28 7 46
12 77 5 42 2 54 10 11 1 1 0 49 16 39 14 5 13 9 3 39 9 39 6 16 17 97 18 78 19 32 7 70 15 19 4 4 11 81 8 33
11 30 18 80 3 1 17 70 6 77 10 86 13 46 7 28 14 10 2 27 12 22 16 21 5 62 9 69 4 93 19 94 0 18 15 89 1 28 8 40
12 32 16 46 3 27 2 59 17 3 13 55 14 12 15 3 5 9 0 42 1 99 8 37 11 82 6 68 9 54 7 57 18 60 10 32 19 28 4 80
17 63 11 20 9 3 8 38 4 52 16 52 14 11 5 62 13 55 19 84 18 2 3 47 15 80 2 63 12 82 7 25 6 47 1 57 10 85 0 89
6 73 12 79 13 62 9 79 11 37 19 76 5 64 4 29 1 11 17 23 0 62 10 46 3 82 15 47 2 70 14 70 18 92 7 81 16 48 8 21
0 36 2 42 1 67 3 93 13 56 8 8 7 18 16 48 18 20 11 35 14 34 5 43 6 72 9 72 19 76 12 20 4 65 17 16 10 15 15 4
18 77 16 77 14 14 8 92 11 75 5 8 2 3 4 80 10 99 13 34 1 84 12 25 17 54 3 50 15 79 0 86 9 12 7 24 19 72 6 40
19 98 17 61 2 7 0 8 9 98 5 47 8 20 14 35 11 37 3 10 13 61 1 82 15 38 18 69 6 96 10 53 16 21 7 69 12 97 4 13
11 71 9 7 10 79 1 23 3 93 13 73 7 83 2 75 19 64 14 58 12 43 17 82 5 75 6 47 15 64 16 5 0 17 8 96 4 72 18 72
