100 20
16 65 14 72 4 73 10 81 7 40 18 83 19 51 5 17 9 23 3 79 12 65 6 86 0 97 11 78 13 30 15 56 8 46 17 26 1 89 2 97
2 92 4 26 8 35 12 60 16 75 1 55 6 17 18 11 11 82 10 45 5 73 3 29 0 19 19 80 9 19 7 87 13 17 15 14 17 82 14 11
2 79 3 11 6 22 5 38 9 94 13 99 12 32 8 85 10 47 16 75 7 58 0 91 15 99 11 46 1 89 18 2 19 15 4 5 14 89 17 81
4 23 16 72 8 32 1 24 13 50 12 17 14 39 9 25 15 72 3 23 6 80 17 96 18 77 2 92 11 46 19 22 0 39 7 20 5 3 10 33
11 41 9 8 0 37 1 98 10 27 19 63 18 3 12 12 6 31 15 53 14 32 16 40 3 67 17 20 13 82 8 41 7 40 4 57 5 5 2 10
16 40 17 77 8 99 15 1 6 61 5 25 9 81 2 90 4 70 19 16 14 45 13 8 10 23 18 10 1 49 7 52 12 98 11 38 3 68 0 51
0 86 9 37 8 57 19 12 16 34 10 87 12 61 3 91 4 87 5 51 15 20 18 70 2 40 7 47 6 21 17 15 1 51 14 2 13 14 11 1
8 73 13 10 2 56 3 20 14 78 10 96 19 99 4 1 9 22 7 5 18 1 1 97 0 62 6 19 17 19 16 45 11 86 5 76 12 76 15 83
14 83 0 4 2 11 7 37 12 98 11 56 18 78 19 23 13 42 16 98 4 62 6 10 15 68 1 96 3 78 5 34 9 25 17 19 10 88 8 97
17 57 15 66 16 44 12 17 5 10 13 85 9 91 2 89 18 58 0 91 4 3 11 56 1 53 8 50 3 67 14 58 19 47 7 42 10 60 6 65
19 37 3 8 14 6 8 76 10 44 17 64 18 45 16 75 4 63 15 19 7 96 9 90 13 53 1 45 12 25 5 77 0 31 6 22 2 69 11 38
0 56 7 75 2 56 9 57 14 57 11 72 13 45 12 23 1 25 8 44 5 46 16 62 4 51 17 78 19 71 18 65 15 42 6 82 10 26 3 22
7 13 17 16 15 21 18 94 16 81 3 67 11 79 14 61 9 43 0 6 19 84 2 72 4 85 1 54 6 60 8 68 12 93 10 76 13 86 5 65
16 97 9 48 13 17 3 73 11 35 6 97 5 12 15 18 7 53 1 53 19 72 0 66 2 94 14 23 10 40 4 35 18 53 17 17 12 22 8 12
1 10 12 93 16 96 19 30 7 39 5 91 18 24 13 39 8 43 2 9 17 32 9 3 6 1 15 47 11 54 3 61 10 98 4 26 0 54 14 14
3 70 9 46 13 63 7 57 14 92 18 31 5 37 4 60 0 76 15 89 8 94 10 92 6 80 16 60 1 20 17 30 19 77 11 78 2 10 12 24
8 46 0 1 2 82 13 14 6 15 10 13 18 53 1 78 11 48 12 13 9 76 4 39 5 51 17 57 16 35 15 57 3 38 19 12 7 74 14 39
2 55 0 77 7 62 5 76 6 30 1 21 16 82 14 14 9 53 18 25 13 6 19 43 15 66 4 3 11 88 17 14 12 4 3 63 10 95 8 39
16 70 14 17 0 19 11 16 8 28 10 62 18 50 9 99 12 33 6 68 5 39 3 74 2 33 1 41 15 94 13 63 17 28 7 12 4 57 19 98
19 5 7 19 12 92 3 89 14 65 17 38 18 22 11 17 13 64 2 90 4 89 9 64 6 35 8 43 15 56 0 96 5 93 10 13 16 47 1 48
13 22 16 92 5 3 4 78 18 30 2 41 7 20 1 47 19 4 14 50 6 3 9 21 10 48 0 92 17 39 12 2 11 21 3 90 8 70 15 77
7 55 18 9 10 60 9 33 4 2 5 75 1 66 13 21 19 5 17 4 3 43 14 64 2 64 0 87 8 89 6 65 15 21 16 99 12 86 11 16
3 5 1 77 17 66 19 78 4 90 0 59 15 74 9 50 7 72 5 14 16 12 8 47 13 27 2 72 6 96 11 68 12 12 18 96 14 26 10 16
6 53 16 76 1 49 17 66 12 13 14 1 19 41 11 40 13 53 2 89 0 6 3 72 9 78 10 36 8 59 5 90 7 66 18 50 4 41 15 91
7 71 13 5 4 94 0 4 3 71 1 42 12 94 9 2 15 32 8 96 18 67 19 31 16 54 10 74 2 85 17 18 11 3 6 48 5 79 14 58
11 24 4 52 12 9 9 82 0 9 8 77 7 51 1 40 17 42 6 57 3 17 5 20 2 68 10 56 16 6 19 32 18 88 14 94 15 24 13 44
17 11 11 27 18 44 16 32 2 33 7 14 9 26 3 26 19 7 4 95 14 83 5 44 12 33 13 74 15 55 8 11 6 41 0 78 1 18 10 9
16 96 12 58 9 17 5 35 0 48 15 71 2 11 4 89 17 22 3 46 19 93 11 89 6 57 13 73 7 86 18 82 8 6 10 24 14 82 1 54
19 79 2 18 3 86 0 79 10 64 4 93 9 65 8 44 12 85 13 40 1 89 18 27 15 35 7 57 14 88 6 62 17 87 11 52 5 84 16 44
12 22 1 4 2 63 0 86 14 81 15 56 10 83 19 27 11 7 8 35 16 45 17 64 3 2 9 76 13 33 18 45 5 44 7 44 4 1 6 99
6 49 16 4 1 45 12 95 9 41 8 98 5 96 13 82 10 74 0 48 19 95 14 18 3 43 11 59 2 90 17 43 18 33 7 99 4 76 15 91
9 30 19 65 14 87 6 21 7 64 17 48 5 32 18 30 13 16 0 71 11 90 2 48 15 88 4 54 16 26 3 50 8 33 1 78 10 83 12 93
0 66 4 92 3 73 2 2 19 82 1 53 18 75 6 51 11 12 14 90 7 1 17 88 16 30 9 77 12 97 15 33 10 17 5 27 8 9 13 36
15 48 8 59 18 69 9 84 7 79 1 1 11 54 13 6 12 33 6 87 2 49 19 27 10 49 17 62 16 28 4 41 3 42 5 85 14 26 0 97
9 54 5 62 4 30 7 71 18 97 13 79 3 96 2 27 19 35 15 18 0 1 6 77 12 38 8 29 10 83 11 3 17 34 16 80 1 98 14 46
16 75 3 85 4 98 9 19 17 69 5 32 13 53 8 77 1 28 7 20 6 12 10 97 11 53 14 2 2 29 0 16 19 21 12 99 15 66 18 75
13 65 5 64 9 71 6 1 16 61 7 95 8 60 14 86 18 67 19 27 2 37 1 40 11 52 4 17 10 99 12 76 3 82 0 45 15 8 17 31
14 2 2 49 9 17 6 62 10 71 8 75 0 59 17 36 13 90 12 89 5 51 4 54 1 81 3 18 15 46 7 54 11 41 18 93 16 27 19 38
16 86 11 80 6 86 7 29 1 6 15 75 9 1 2 38 13 60 12 44 19 91 3 30 0 11 18 91 8 21 10 28 14 77 4 92 17 33 5 40
18 39 9 86 7 90 12 66 16 73 10 5 3 66 0 37 19 32 5 86 6 54 17 93 8 58 14 31 4 20 2 59 13 65 1 54 11 18 15 5
5 89 2 5 14 12 18 78 15 59 17 49 11 98 1 63 13 72 8 13 9 86 19 27 3 94 4 55 7 17 10 54 6 32 0 45 12 42 16 28
3 80 0 82 17 10 6 60 8 9 14 25 1 11 10 87 15 92 13 49 16 16 12 38 7 4 19 83 4 76 9 81 18 95 2 81 5 65 11 74
16 24 19 18 2 69 10 3 9 50 3 14 6 2 0 18 14 40 11 67 17 16 1 47 8 92 18 56 12 8 15 11 13 69 4 86 7 56 5 33
8 77 12 64 4 53 17 49 3 89 16 16 11 36 19 68 15 16 2 97 18 45 9 2 13 89 1 76 10 10 5 50 7 28 0 45 6 25 14 80
10 69 18 54 4 20 3 3 7 49 5 17 14 73 19 78 0 32 12 24 17 74 11 87 9 85 15 18 6 62 1 96 2 92 13 17 16 91 8 31
3 80 19 10 11 86 2 67 0 93 15 39 7 13 8 16 10 31 17 21 13 76 14 86 16 52 12 25 6 42 5 6 9 39 4 10 1 57 18 64
16 84 6 98 10 52 18 62 5 43 3 64 14 22 2 78 13 16 9 91 15 36 12 81 1 91 17 11 11 48 0 69 19 33 8 17 4 78 7 64
9 91 8 52 10 8 5 42 0 94 7 87 12 85 11 21 4 27 6 83 16 6 18 87 2 45 17 99 15 86 3 87 14 20 13 54 1 7 19 50
14 34 9 58 5 5 17 65 10 74 4 16 18 36 15 72 0 45 8 18 13 18 3 32 7 67 2 87 12 35 1 89 6 2 19 38 11 12 16 45
15 10 17 68 6 34 5 6 11 66 10 40 16 24 13 34 14 57 7 28 18 19 1 58 2 76 19 61 4 77 3 78 12 61 8 39 0 1 9 13
16 10 1 70 12 41 18 52 4 97 15 9 19 85 7 41 14 86 0 8 10 68 5 87 8 98 6 36 2 8 11 4 17 7 9 61 13 65 3 7
6 78 5 83 15 23 8 7 19 68 3 67 0 47 14 81 10 82 7 2 2 94 9 19 4 86 13 13 11 80 12 31 16 97 18 35 17 24 1 70
9 70 11 43 17 44 13 92 5 1 2 19 19 69 3 84 10 88 18 71 12 4 4 80 14 98 16 88 15 90 6 31 8 77 0 66 1 76 7 19
18 10 13 28 14 83 2 38 16 95 7 43 0 84 6 45 11 49 5 13 4 51 19 63 15 65 17 41 1 62 12 94 9 19 10 91 3 19 8 55
7 77 16 8 5 1 2 84 0 64 8 62 9 94 3 37 17 58 15 36 14 84 4 65 1 43 12 78 6 51 10 44 18 15 19 6 13 53 11 67
15 7 16 4 4 17 7 97 9 32 13 12 5 32 3 1 19 63 17 10 14 12 12 65 11 69 1 5 18 2 0 50 10 65 8 52 6 64 2 51
7 28 2 37 17 70 8 48 0 18 15 25 3 43 19 55 6 99 5 23 10 71 13 11 16 53 18 42 12 35 4 5 1 94 14 41 9 3 11 40
16 97 15 15 9 93 17 35 10 50 4 24 8 69 18 67 0 27 14 95 12 97 3 44 7 61 1 79 11 9 5 67 19 41 2 47 6 65 13 27
16 28 1 70 14 58 15 8 4 98 2 42 10 72 0 51 5 13 7 91 18 61 13 28 17 67 11 31 19 94 3 7 6 20 9 93 12 8 8 70
1 58 4 68 19 22 17 92 6 88 15 4 10 6 5 68 3 45 0 62 14 43 12 60 13 22 7 68 18 85 16 53 2 50 9 31 11 84 8 14
9 39 19 10 17 2 4 95 15 53 0 86 14 97 3 49 10 4 16 45 2 44 6 66 13 92 11 26 18 58 7 21 5 77 1 59 8 1 12 84
3 85 2 35 19 44 11 45 0 95 1 92 15 33 13 48 14 13 17 65 16 6 8 44 12 67 6 48 4 77 7 90 10 41 9 15 18 85 5 93
14 21 18 38 11 63 4 24 10 44 3 42 12 63 5 95 1 16 7 11 6 12 9 42 0 59 8 52 19 76 15 57 16 24 2 8 17 56 13 93
5 46 18 80 19 15 14 3 6 56 10 70 15 91 13 48 3 25 17 72 2 11 0 80 4 90 8 21 9 13 16 6 1 81 12 11 7 39 11 93
7 96 5 87 8 69 10 13 0 1 19 5 6 85 13 66 14 18 15 59 18 95 2 54 1 29 11 53 12 39 17 12 9 85 4 11 16 78 3 88
4 33 12 60 15 52 18 6 17 36 7 83 11 26 8 94 1 3 16 70 0 58 6 67 2 63 10 35 14 13 5 8 19 95 9 20 3 6 13 21
4 71 18 67 10 64 16 38 13 76 7 12 8 22 12 70 3 33 2 42 5 71 6 34 11 13 19 22 15 82 14 10 1 80 17 62 0 36 9 84
8 55 3 54 14 14 2 66 11 58 7 47 9 81 18 46 13 34 19 56 12 76 1 3 4 61 5 29 6 49 15 1 17 53 0 13 10 69 16 35
4 8 8 18 18 80 19 15 11 12 12 4 10 62 13 68 6 43 9 10 14 45 15 59 5 2 3 69 7 6 0 36 1 92 2 66 17 66 16 17
6 85 3 49 14 40 5 46 0 95 15 57 7 67 8 35 1 28 17 35 18 54 13 37 16 23 4 15 2 77 10 67 9 97 12 60 11 95 19 92
3 28 15 91 10 3 5 18 9 53 12 84 4 60 19 70 14 43 13 27 16 49 1 7 7 24 0 45 17 71 8 15 6 82 2 54 11 92 18 35
15 39 4 47 9 64 6 56 1 11 7 92 18 32 5 93 14 20 16 79 17 19 2 62 19 83 11 80 3 49 10 53 8 25 0 8 12 49 13 79
17 78 13 16 16 94 15 79 11 61 9 51 0 17 1 95 2 36 7 59 8 95 12 82 18 91 6 44 4 35 3 43 14 29 5 20 10 18 19 63
18 14 15 95 6 15 12 87 10 60 4 24 7 64 19 71 3 77 9 35 11 4 2 92 5 28 8 90 1 72 17 65 16 60 13 10 14 3 0 73
15 85 12 98 17 41 14 9 10 8 8 84 5 35 19 42 2 11 13 65 6 26 4 4 9 33 16 68 1 48 3 38 0 70 7 12 18 28 11 60
3 1 11 41 2 59 6 4 17 52 10 38 5 68 14 25 16 78 19 72 12 39 18 40 15 6 1 37 9 42 0 14 7 18 8 28 13 23 4 69
10 75 13 9 1 69 19 48 8 27 5 56 16 5 7 46 4 44 18 26 11 56 9 10 3 2 17 33 6 14 14 12 0 97 12 71 2 36 15 48
12 16 10 72 14 89 19 85 4 52 2 79 1 90 9 77 15 24 11 64 3 98 6 43 7 38 16 94 5 48 0 17 13 80 8 29 17 18 18 36
15 40 12 5 16 29 10 10 14 63 5 64 11 51 13 77 7 6 4 23 2 20 8 96 0 29 3 6 1 62 9 50 6 97 19 47 17 16 18 76
19 87 17 9 0 5 11 13 10 49 16 31 7 8 9 22 14 80 15 48 5 1 18 35 12 24 8 20 3 76 2 69 13 2 1 42 4 84 6 98
4 31 10 36 14 95 0 15 6 6 2 84 11 12 1 3 5 61 12 71 7 29 18 83 16 99 9 77 19 74 13 99 17 21 3 45 15 56 8 92
5 14 12 85 19 73 18 42 17 51 11 34 7 76 6 86 0 34 1 81 2 55 14 80 3 29 8 56 4 73 9 82 15 28 16 52 10 48 13 35
0 91 6 95 10 52 7 55 15 89 1 95 4 64 9 65 3 4 12 27 18 32 19 87 11 50 5 86 8 6 16 9 17 16 13 62 2 41 14 84
16 83 9 94 8 71 4 87 1 35 15 32 18 38 10 20 5 83 2 9 0 28 14 54 19 49 6 32 13 10 11 60 7 33 3 16 12 50 17 45
17 26 4 55 10 79 6 2 13 58 18 87 15 26 3 69 9 48 7 7 0 42 2 76 16 46 1 26 5 23 14 77 11 15 12 81 19 84 8 12
6 47 12 10 10 54 19 76 1 36 14 43 17 21 3 8 4 66 7 5 0 68 16 68 5 60 18 68 15 83 11 78 8 77 2 47 13 52 9 71
6 26 10 38 5 71 13 43 2 57 9 6 14 82 19 22 0 16 12 21 8 63 16 6 4 12 3 85 18 29 11 18 7 88 17 45 15 37 1 22
13 47 19 55 17 24 18 98 7 8 15 13 14 47 3 6 8 42 1 93 2 39 0 86 9 57 4 9 10 22 11 96 12 68 5 37 16 12 6 57
1 81 18 61 17 37 5 99 2 73 19 93 4 18 14 4 11 36 12 24 16 18 10 26 8 91 7 98 15 99 6 92 13 92 9 76 3 12 0 26
17 25 1 29 0 47 2 96 4 65 14 13 16 83 15 95 5 46 7 88 19 1 6 73 3 31 10 92 8 43 9 74 13 55 18 57 12 1 11 88
12 40 17 84 1 79 7 5 3 48 6 6 9 11 18 84 10 51 11 96 14 58 4 81 8 40 16 78 15 84 13 28 2 41 0 7 19 37 5 66
13 79 16 67 5 59 15 69 14 80 3 86 10 98 1 94 8 75 7 35 19 89 12 35 17 29 4 24 0 79 9 40 18 94 11 80 2 60 6 99
8 42 1 72 9 94 7 25 5 43 13 48 15 50 4 46 17 82 11 27 14 64 18 19 6 8 19 81 16 9 2 5 10 64 12 71 0 57 3 95
7 97 6 61 18 23 19 14 11 91 9 65 3 8 17 52 13 60 12 93 8 81 4 23 0 53 16 10 2 66 10 60 5 70 1 62 15 17 14 47
13 66 17 40 4 44 16 11 14 94 6 64 1 3 5 78 15 98 18 11 12 39 3 78 8 63 7 25 19 72 0 51 2 80 9 17 11 29 10 90
7 3 14 56 17 69 3 21 5 91 0 41 16 76 13 41 8 86 4 30 2 72 19 22 1 33 18 78 6 75 10 14 11 92 15 14 12 10 9 61
11 22 4 63 16 51 9 46 18 32 17 70 0 3 2 56 1 95 12 91 13 29 3 13 5 71 10 18 6 17 19 37 8 26 15 34 14 90 7 42
16 5 3 66 10 98 0 33 13 44 17 51 9 54 5 90 18 11 4 66 8 93 15 89 6 93 12 67 2 8 7 25 1 17 19 90 14 97 11 54
19 30 5 84 13 83 10 77 15 55 4 31 16 71 6 79 7 52 1 59 9 15 18 52 0 39 11 55 12 36 14 45 3 58 2 94 8 3 17 66
13 1 14 30 12 28 1 10 18 38 15 37 6 49 8 71 10 70 16 30 19 3 4 42 3 69 2 82 5 7 0 78 9 24 17 81 7 86 11 9
