100 20
19 61 12 73 1 29 3 9 17 15 0 3 10 28 7 90 6 72 15 26 13 82 18 3 16 80 11 80 5 21 8 64 14 90 4 29 9 85 2 52
1 81 12 64 9 63 14 58 5 37 11 72 3 99 18 52 10 82 16 26 7 98 4 57 0 97 6 60 13 34 17 56 8 14 19 55 2 31 15 33
5 91 19 42 10 5 17 59 0 63 8 57 12 4 16 27 2 89 9 67 6 3 1 54 4 35 13 14 7 91 15 8 3 63 11 13 14 59 18 26
15 94 19 92 10 61 1 58 11 41 2 37 3 51 0 55 7 60 9 59 4 38 6 54 12 41 16 75 17 23 18 6 8 69 13 89 14 40 5 30
5 73 4 10 13 63 12 88 8 55 14 58 6 81 15 30 18 20 10 86 1 53 7 62 0 54 3 81 11 19 17 63 19 12 2 87 16 41 9 87
11 33 4 97 10 67 13 4 0 87 8 80 18 44 16 98 2 12 17 1 7 71 14 46 15 21 5 42 3 87 9 41 6 62 19 58 12 70 1 73
2 56 18 64 4 5 7 24 15 40 19 6 9 79 11 57 0 93 6 95 12 70 16 66 8 79 1 80 17 35 13 13 14 57 10 86 3 65 5 72
6 67 12 4 1 50 3 73 7 47 11 16 10 9 9 19 16 17 5 99 8 73 17 92 2 80 4 12 19 21 14 65 13 50 15 25 0 69 18 99
16 67 3 73 8 88 6 48 4 63 14 9 9 49 11 62 0 85 18 95 2 75 1 96 5 41 19 56 12 11 17 76 7 94 10 32 13 51 15 38
9 9 7 78 14 35 15 97 8 28 16 74 1 35 0 77 4 54 11 23 17 18 18 42 3 37 12 46 5 9 10 43 6 7 19 79 13 98 2 70
18 86 0 24 7 40 19 84 15 95 2 36 10 80 17 47 6 72 5 81 9 31 4 62 12 44 13 66 16 18 1 44 11 91 8 6 14 25 3 70
7 67 18 92 1 29 14 85 3 85 8 22 17 46 11 11 2 56 4 22 0 39 6 2 16 36 9 81 5 90 10 20 12 65 15 19 19 76 13 40
2 87 11 72 13 14 15 61 9 83 5 68 3 42 4 54 14 40 19 60 17 28 16 85 8 26 7 63 12 22 1 12 6 28 0 71 10 48 18 25
3 34 6 77 4 86 12 83 13 27 14 44 16 6 2 67 9 71 19 94 0 6 1 81 5 23 11 34 17 40 8 66 18 95 10 26 7 75 15 38
7 38 12 29 2 39 10 69 3 76 1 48 0 99 4 82 6 88 8 55 18 31 14 84 13 45 9 31 15 67 19 2 16 87 5 27 11 48 17 79
9 85 3 66 11 87 16 86 7 16 18 25 0 68 2 77 15 66 4 37 6 44 19 12 10 89 14 67 5 59 8 16 13 54 1 26 12 92 17 50
14 31 13 26 3 93 18 14 2 84 12 23 16 72 7 45 9 80 11 75 10 53 5 51 0 35 17 76 6 89 19 33 4 59 1 31 8 37 15 88
8 9 19 44 10 54 7 15 6 21 1 29 5 61 14 16 2 91 13 86 4 70 9 43 16 59 0 75 11 24 3 5 12 47 18 33 17 55 15 45
4 25 5 23 0 31 7 13 17 57 12 83 15 41 13 91 1 41 3 89 16 31 18 93 14 72 2 14 8 17 19 43 11 86 9 51 10 26 6 32
7 83 9 8 6 95 8 78 13 46 14 90 19 59 2 40 16 91 10 10 1 18 4 89 5 24 0 93 3 4 11 45 18 31 17 15 15 23 12 15
5 84 6 53 9 32 13 75 17 85 10 95 14 47 15 70 16 83 12 53 0 81 3 54 11 57 2 99 8 24 7 7 4 84 18 94 1 49 19 14
17 37 12 65 14 99 13 70 15 87 18 62 10 44 6 64 8 9 2 79 7 35 16 60 9 96 3 1 1 36 5 25 0 99 11 15 19 14 4 21
8 42 10 47 12 95 11 23 18 34 2 66 9 52 4 38 16 34 15 71 3 78 1 84 5 62 6 6 17 16 0 72 13 56 19 83 7 44 14 53
2 30 6 74 18 50 14 79 3 93 7 75 19 22 16 1 8 39 4 21 0 93 10 42 13 57 9 51 15 73 5 19 12 80 1 7 11 39 17 97
17 70 11 94 8 7 9 72 10 32 5 16 13 52 3 26 14 56 6 95 12 76 4 51 18 86 16 42 7 47 1 11 19 67 0 83 2 26 15 93
17 74 16 23 10 94 4 23 5 41 2 12 1 64 12 7 0 22 3 51 14 12 7 8 18 38 13 71 19 1 8 11 6 65 15 69 9 76 11 79
11 1 1 43 9 77 13 90 19 94 5 70 12 38 4 46 7 63 6 1 2 89 18 15 0 94 16 31 10 27 17 99 14 51 8 2 15 26 3 12
15 33 13 53 10 40 0 57 19 40 6 26 7 39 8 56 11 19 2 80 17 96 14 71 4 72 5 74 18 87 1 12 9 83 16 97 12 36 3 84
17 77 3 29 10 19 5 84 4 52 0 65 6 11 15 23 14 1 16 10 18 71 1 81 9 48 11 43 8 80 19 6 2 34 13 51 7 34 12 28
12 43 1 59 15 21 16 1 0 14 11 29 6 5 4 86 5 70 18 30 8 73 2 23 3 47 9 11 7 34 10 45 17 34 19 92 13 35 14 28
17 7 8 56 13 55 11 76 7 14 5 22 6 12 15 26 9 21 14 57 0 24 1 27 4 15 3 14 16 46 2 51 10 77 18 86 19 35 12 79
10 20 13 16 17 7 2 71 7 68 6 64 0 58 12 74 16 4 15 69 4 52 14 40 1 77 8 25 19 50 11 71 3 9 18 20 9 65 5 99
9 19 16 25 13 87 8 30 0 3 19 33 1 49 4 52 14 45 11 25 2 21 7 19 12 15 15 68 3 9 17 93 10 83 18 79 6 88 5 77
5 94 14 34 4 38 9 45 3 13 11 20 2 68 12 47 8 70 13 49 17 18 0 56 19 60 10 92 1 51 6 42 15 50 16 4 7 36 18 26
7 25 15 45 4 43 19 71 5 59 16 37 1 51 12 70 2 45 17 57 3 12 10 89 14 74 9 36 18 70 6 18 8 58 0 69 13 80 11 65
6 68 1 67 15 84 17 2 18 32 7 68 11 37 3 86 8 45 16 96 12 90 14 86 13 55 19 64 0 67 5 89 9 17 10 58 4 84 2 99
12 84 7 51 0 93 5 98 9 37 1 70 2 20 19 49 6 38 15 88 3 84 10 12 4 92 14 95 11 11 13 35 16 52 8 84 18 47 17 49
15 25 17 56 3 68 6 53 16 26 12 13 11 3 18 63 19 6 9 49 4 27 1 91 2 47 7 3 13 70 5 95 8 96 10 43 14 33 0 30
16 3 2 25 10 23 19 15 4 69 6 51 15 48 13 95 5 68 1 81 0 41 17 42 7 51 11 34 14 91 3 46 12 65 8 52 9 16 18 6
0 55 12 47 16 66 11 90 15 36 3 17 8 22 6 77 17 69 13 34 7 62 19 12 9 6 4 91 18 26 14 16 2 92 1 7 5 10 10 88
2 7 7 71 5 44 17 46 10 60 6 14 9 96 4 26 13 89 12 11 8 65 16 86 14 18 15 50 1 47 11 53 3 9 0 10 18 31 19 41
11 34 4 42 3 51 16 63 15 5 8 70 10 77 17 76 7 11 19 20 13 12 18 63 12 36 2 49 5 11 6 56 14 75 0 56 9 68 1 77
3 27 14 11 0 69 10 55 1 87 11 68 5 98 9 16 4 27 13 13 2 9 17 98 18 34 8 44 16 98 12 85 15 84 19 31 7 55 6 74
8 86 16 48 0 45 14 24 3 94 9 3 12 13 7 8 10 93 6 87 2 61 5 43 15 47 1 45 19 67 13 13 18 70 11 67 4 49 17 68
4 30 7 32 10 22 14 45 2 5 17 88 9 27 16 69 19 25 15 49 6 18 5 56 3 15 13 93 12 20 8 27 0 98 11 76 1 10 18 19
15 95 12 85 5 5 3 60 17 54 6 11 9 60 7 97 16 72 11 96 8 93 13 76 14 12 19 5 1 36 18 92 4 67 2 99 0 21 10 5
15 87 2 82 19 2 6 20 10 44 3 74 7 67 14 8 9 98 4 51 0 55 11 68 12 31 18 7 16 16 17 13 8 39 5 16 1 4 13 56
15 98 8 35 10 19 17 42 7 54 16 56 14 23 2 9 4 88 19 70 3 41 6 22 18 31 0 55 13 89 5 35 12 83 1 78 11 12 9 30
0 81 17 85 5 23 11 78 15 57 6 58 1 43 16 94 9 8 8 94 2 31 7 66 13 4 14 9 10 86 19 65 12 41 18 51 3 89 4 99
13 4 2 3 4 72 15 15 0 57 11 35 18 72 7 8 16 37 14 8 5 58 9 4 8 75 1 95 3 46 17 99 19 66 12 43 6 38 10 65
19 22 6 19 11 44 12 18 0 97 10 86 17 50 8 81 9 41 18 9 5 41 16 97 1 99 2 29 3 95 13 59 4 99 15 18 14 82 7 14
16 44 18 32 15 72 0 5 9 96 11 14 5 69 1 99 17 80 3 14 14 67 8 76 13 58 2 92 4 59 19 67 7 76 10 1 6 81 12 32
19 3 12 17 7 3 8 91 6 19 9 58 16 95 13 54 4 46 1 57 11 79 3 14 14 3 2 19 0 8 18 25 17 97 10 31 15 35 5 32
11 65 0 80 19 56 8 8 12 48 17 87 14 9 15 23 9 25 10 32 6 79 7 89 3 87 1 18 2 17 16 88 5 55 4 83 18 83 13 50
12 5 19 15 3 59 4 80 18 46 17 39 5 38 7 38 2 80 1 30 8 57 9 72 10 78 0 10 11 87 14 25 6 4 13 78 16 73 15 20
17 7 13 32 0 35 6 57 5 11 8 68 7 15 9 26 19 25 2 55 18 82 3 72 10 99 16 10 11 65 4 25 12 97 14 56 1 57 15 59
1 5 4 41 13 71 3 47 7 55 16 34 2 18 6 22 10 89 17 11 12 30 5 92 11 91 14 1 19 36 18 50 0 99 9 63 8 72 15 65
19 27 5 72 3 61 8 55 18 98 4 77 10 45 7 3 17 71 13 2 1 85 9 99 16 15 0 2 15 57 14 28 11 50 2 72 12 73 6 20
1 4 0 68 18 22 16 71 19 82 3 49 5 58 17 32 6 48 15 74 9 36 2 81 14 79 7 47 13 51 8 43 10 60 4 4 12 59 11 13
19 19 2 52 16 73 13 10 6 50 14 60 5 56 17 49 10 35 9 60 4 21 0 4 8 2 3 2 12 95 1 35 18 91 11 28 15 86 7 69
2 32 4 79 6 71 18 77 1 63 16 18 15 22 7 57 0 21 11 89 3 99 13 45 19 70 10 74 17 1 8 57 14 98 5 85 12 25 9 83
12 9 6 9 0 53 17 85 1 44 19 63 16 45 13 66 2 68 7 19 5 35 18 37 8 2 4 18 11 65 14 84 9 46 10 42 15 6 3 49
10 90 6 96 17 46 11 82 16 39 0 24 18 10 12 25 5 97 7 75 9 11 3 74 2 44 13 78 15 33 14 1 1 1 19 47 4 32 8 32
14 38 0 88 18 37 15 66 13 48 10 42 11 1 6 73 12 18 19 37 17 48 9 18 7 55 16 91 3 42 5 72 8 29 4 44 1 34 2 7
18 28 12 68 15 17 14 92 1 69 6 43 7 26 8 56 11 5 17 91 9 17 0 32 3 73 2 60 19 90 13 18 16 15 10 9 5 97 4 21
13 96 5 48 19 3 0 26 9 76 2 41 17 25 15 24 14 11 8 89 4 53 7 72 11 56 1 48 18 53 10 83 12 23 3 86 6 88 16 73
19 86 7 55 1 23 18 20 3 61 10 2 8 33 14 26 17 46 16 44 0 10 4 40 12 92 2 47 6 83 5 9 15 78 9 31 11 63 13 69
11 37 10 63 8 43 0 23 7 95 15 77 17 48 6 47 19 30 4 90 2 23 3 27 5 78 12 49 14 73 9 15 1 89 18 27 16 47 13 84
10 99 16 67 12 94 17 86 18 86 19 34 4 6 3 3 5 68 6 31 2 66 0 70 9 33 15 43 8 28 13 18 7 59 1 84 11 21 14 62
13 3 14 87 1 18 12 42 18 69 16 12 15 68 3 93 8 60 17 56 9 63 11 10 4 26 2 55 10 31 0 29 5 90 6 87 7 10 19 46
14 17 6 88 2 84 16 76 19 19 17 25 8 18 3 84 18 28 9 89 13 67 7 68 11 20 1 42 12 90 5 26 15 49 10 89 0 12 4 29
1 9 2 25 9 26 7 86 19 32 10 59 5 67 12 78 4 51 16 43 17 17 11 88 3 24 6 53 15 7 8 91 13 98 0 66 14 2 18 82
11 64 14 97 16 66 18 56 7 26 10 66 15 91 12 32 2 11 17 60 6 19 8 3 19 21 1 25 0 5 3 1 4 65 13 26 5 1 9 79
3 72 5 66 6 71 11 43 7 13 12 28 0 39 15 65 2 36 19 22 14 50 4 6 8 98 1 37 16 55 9 58 13 81 10 64 17 75 18 11
10 60 6 34 8 5 3 78 19 87 12 51 5 78 13 39 0 37 16 49 9 88 11 29 18 80 14 50 1 3 15 62 7 40 2 72 4 99 17 17
19 95 7 95 12 98 15 9 2 50 3 73 16 94 5 41 8 90 14 8 4 36 11 16 10 84 1 61 13 38 18 59 9 96 17 94 6 5 0 89
2 99 11 9 1 23 8 88 16 67 18 39 19 6 4 46 15 88 14 11 6 91 5 45 13 42 17 14 7 2 9 97 10 96 0 23 12 79 3 12
14 28 18 99 10 79 0 68 15 70 7 84 11 6 3 21 17 99 6 14 19 57 1 25 4 59 13 91 12 65 9 88 5 42 16 83 2 40 8 96
19 81 8 14 10 99 9 29 12 55 13 27 1 41 14 1 2 81 4 26 0 8 3 31 15 40 16 1 6 83 5 54 7 67 11 17 18 93 17 50
0 79 19 83 13 51 14 4 11 73 2 54 16 15 17 69 15 8 6 13 8 43 10 55 5 23 1 70 7 62 9 59 18 90 3 11 4 92 12 91
12 85 11 92 4 25 3 1 19 84 8 12 7 51 15 57 6 41 13 26 2 96 0 73 9 61 10 65 5 60 14 70 16 72 1 10 18 75 17 80
4 8 3 73 5 84 13 96 17 61 18 42 9 45 10 90 6 52 11 62 0 48 16 53 12 34 1 13 7 31 19 26 15 88 2 47 14 49 8 60
7 41 3 57 4 91 12 58 5 98 10 27 0 54 8 96 15 9 2 42 17 49 14 21 9 80 11 22 18 87 19 22 6 63 13 91 16 48 1 84
13 50 15 6 17 57 16 7 6 6 1 14 12 71 7 91 11 92 3 75 10 66 4 16 2 38 9 96 5 1 19 35 18 63 14 57 8 63 0 51
13 49 3 70 14 4 12 58 1 68 11 52 7 36 2 7 19 31 10 40 18 79 8 75 17 79 15 79 16 46 4 21 6 70 0 40 9 38 5 66
14 48 16 30 3 51 8 63 15 63 18 95 19 67 2 89 12 58 4 56 6 99 9 76 17 74 10 93 5 42 11 12 7 15 1 83 13 14 0 20
4 5 0 56 8 41 7 17 1 35 19 23 10 70 6 97 13 97 18 38 15 96 12 79 16 26 9 41 17 81 11 98 2 27 14 99 3 85 5 46
8 68 16 93 0 69 10 55 14 22 6 15 11 79 12 47 4 33 17 41 13 52 9 11 18 67 7 31 3 13 2 83 5 85 1 6 15 43 19 21
3 52 2 25 15 97 17 27 5 11 13 44 11 47 0 47 12 61 8 99 9 40 14 64 7 86 18 56 4 15 16 99 10 33 19 15 1 41 6 54
15 5 13 11 4 10 10 6 0 13 11 38 19 60 9 1 12 76 1 53 6 28 14 27 17 25 7 22 18 15 16 74 5 16 2 46 8 94 3 57
7 25 13 68 11 13 18 90 0 75 17 38 9 90 4 9 6 68 16 10 5 55 10 71 1 79 8 86 19 27 14 44 12 80 3 57 15 79 2 91
12 9 6 40 7 37 0 58 15 89 16 70 3 31 5 80 13 86 11 81 10 85 1 75 8 80 9 19 17 98 14 26 4 45 19 64 18 54 2 53
14 74 7 30 1 16 10 85 8 6 0 66 18 86 15 65 16 55 12 1 13 37 6 1 4 32 19 72 9 74 11 59 2 96 3 53 5 82 17 36
17 64 2 41 15 65 6 3 19 96 10 57 16 88 4 21 14 34 8 18 7 23 12 60 3 23 9 81 11 98 13 92 1 45 18 30 5 58 0 87
16 71 14 8 7 97 5 48 17 56 8 56 3 70 1 59 9 77 15 66 6 28 0 9 2 92 4 36 11 65 10 71 12 21 13 94 19 16 18 83
2 67 0 20 5 13 19 3 15 38 1 96 11 77 8 40 12 59 16 31 13 13 17 56 9 18 10 49 6 17 18 79 7 58 14 80 4 67 3 78
4 56 6 65 12 45 17 11 11 36 8 39 9 14 5 10 7 64 10 69 18 27 16 5 15 81 3 45 2 78 19 13 13 97 1 72 0 74 14 30
16 40 0 63 1 57 7 8 4 53 2 37 5 33 13 24 6 70 9 81 11 53 18 22 8 94 10 86 12 29 19 59 14 77 17 55 3 30 15 65
7 20 19 84 16 13 10 52 13 89 17 53 18 18 9 13 8 45 11 74 3 70 5 23 0 38 12 54 1 14 14 1 6 81 15 12 4 31 2 46
0 28 16 30 13 3 2 11 3 82 5 57 9 47 14 97 11 93 12 44 15 73 18 62 10 24 4 22 19 43 8 98 6 65 1 99 17 96 7 35
