100 20
11 82 8 6 13 24 5 75 2 70 9 8 1 93 12 21 0 56 3 75 15 55 6 79 18 25 14 79 16 87 19 10 4 42 17 11 10 14 7 7
16 51 4 70 0 42 7 24 8 22 1 47 3 69 12 57 18 65 2 60 15 83 10 20 9 29 14 64 17 47 19 16 5 57 11 33 13 84 6 94
19 62 15 96 11 26 6 56 5 70 18 25 10 48 9 99 17 15 14 62 4 11 1 54 8 45 12 86 13 95 7 24 3 62 0 36 2 95 16 2
17 79 3 67 8 28 14 45 18 31 11 67 13 8 19 57 12 89 4 52 6 68 15 11 10 62 2 88 5 63 16 50 9 85 0 86 1 91 7 58
7 4 11 64 13 16 8 47 5 54 18 15 16 19 4 92 17 12 15 2 6 26 9 11 14 87 10 50 2 82 12 22 3 17 1 30 0 99 19 6
9 93 5 36 19 20 15 56 6 9 13 7 8 47 18 54 3 86 17 23 4 13 10 41 12 37 2 72 16 76 7 86 11 14 0 12 14 51 1 59
18 54 13 54 0 3 14 17 12 99 6 9 19 51 7 78 11 74 2 48 5 84 10 23 1 80 3 53 15 76 9 32 4 17 16 41 8 38 17 89
3 24 1 82 9 27 2 67 10 67 19 44 0 74 7 55 11 25 8 56 5 45 6 19 17 50 4 34 12 32 16 55 13 78 14 25 18 83 15 24
19 75 3 78 6 78 11 77 12 27 17 55 2 34 7 51 9 81 15 29 10 68 14 30 18 35 8 2 1 24 13 85 16 12 0 1 4 37 5 45
5 21 0 60 2 8 12 53 7 82 19 81 10 3 11 46 4 35 8 99 6 6 16 13 17 45 15 48 18 39 3 9 13 68 9 41 1 23 14 35
3 36 14 36 6 23 5 62 7 99 10 58 12 58 19 56 17 48 16 92 18 69 0 64 2 36 9 98 1 87 8 19 13 97 4 14 11 58 15 95
18 83 19 11 13 93 8 31 5 12 10 27 9 6 14 51 16 72 12 99 1 12 7 82 11 86 3 99 6 27 0 42 2 1 17 91 15 9 4 19
1 55 14 48 2 82 13 10 9 66 5 29 3 43 6 51 17 47 19 47 8 49 11 40 4 39 16 97 0 17 7 13 18 98 15 52 10 68 12 12
15 55 2 12 6 22 10 60 11 78 19 54 18 79 4 11 7 33 17 92 9 60 8 90 16 30 13 20 14 43 5 11 1 70 12 57 3 80 0 60
14 9 1 69 13 31 12 19 16 1 7 76 4 26 0 81 6 14 5 76 8 3 17 19 11 54 2 84 10 26 18 35 19 4 9 9 15 8 3 9
15 92 3 24 19 47 10 75 9 12 18 62 12 96 0 27 11 21 8 77 14 95 13 17 5 92 2 86 7 33 4 36 17 47 1 29 6 80 16 3
18 72 7 14 17 25 5 94 11 93 15 63 4 94 16 92 1 25 13 76 0 38 12 44 2 65 9 94 19 98 14 58 10 67 6 5 8 60 3 54
5 80 19 40 10 57 4 1 9 42 1 20 12 74 3 50 13 3 2 19 16 29 8 38 14 38 0 31 6 77 17 26 18 65 11 82 7 67 15 40
5 96 14 55 4 26 18 34 9 37 16 56 10 9 0 1 11 85 19 85 6 99 12 76 2 70 17 29 8 15 15 55 13 73 1 43 3 5 7 65
12 69 3 89 15 87 6 9 16 69 19 75 9 24 2 53 5 12 17 6 13 45 0 22 4 12 11 44 7 58 14 12 1 53 10 92 8 47 18 45
8 38 1 17 4 45 9 75 18 65 17 43 15 13 5 33 0 80 19 92 14 59 7 58 16 30 12 52 10 17 11 38 2 36 6 6 3 20 13 85
2 11 0 99 12 70 19 45 10 80 3 48 6 71 16 13 9 61 15 81 11 57 5 21 4 26 1 39 7 60 8 87 17 38 13 33 14 47 18 85
9 42 19 48 17 38 6 20 18 6 2 97 0 58 7 64 12 13 15 13 3 76 11 81 5 83 4 65 14 66 10 33 8 42 1 71 13 2 16 1
19 99 2 34 13 23 8 14 5 62 14 72 7 46 15 71 16 13 3 25 9 87 6 98 4 58 12 37 11 26 18 22 10 18 1 58 17 60 0 96
10 36 18 18 19 1 0 1 9 86 3 55 8 19 14 60 7 6 15 7 11 83 5 86 6 73 2 74 16 75 13 39 12 74 4 85 17 63 1 14
6 96 7 47 4 94 13 36 15 69 8 14 16 78 5 60 9 49 10 93 19 56 11 32 17 44 2 4 14 86 12 24 1 90 18 87 3 81 0 75
3 43 10 64 17 16 15 71 1 14 19 6 12 60 18 92 4 21 7 31 11 21 13 48 0 8 8 48 9 13 6 94 5 90 2 43 14 9 16 49
19 34 2 18 4 73 15 29 14 20 5 71 17 8 6 18 13 31 11 73 1 25 7 10 18 3 8 96 10 30 12 57 0 19 3 44 16 79 9 37
8 61 18 33 1 29 19 42 7 50 15 18 6 3 10 57 17 20 11 63 3 74 0 13 9 29 13 90 5 25 12 29 2 59 4 87 16 22 14 86
2 18 14 69 1 42 10 78 7 63 19 60 13 90 11 62 16 89 0 38 3 14 8 48 4 4 6 93 5 5 12 28 18 73 15 84 17 55 9 52
5 73 11 98 13 32 14 19 7 88 6 96 18 37 10 71 2 40 12 66 15 17 19 34 8 19 4 89 17 78 3 36 9 87 0 62 16 15 1 2
10 29 11 19 7 41 0 52 15 38 2 60 13 85 12 9 3 47 4 16 16 67 18 70 19 28 14 47 17 45 5 79 6 29 1 46 8 55 9 96
6 22 1 41 5 20 15 91 2 75 7 71 9 94 12 44 10 4 17 17 4 29 18 2 14 32 0 80 13 77 8 83 19 50 16 13 3 69 11 45
13 47 7 40 6 77 16 49 5 75 9 25 0 88 14 52 15 44 18 40 1 99 8 4 11 53 4 90 3 41 10 73 2 25 12 34 17 84 19 80
15 40 14 95 8 53 3 21 4 6 6 58 2 99 17 9 10 35 19 78 16 12 7 92 5 96 9 88 0 69 11 98 1 39 12 90 18 12 13 43
5 72 13 99 8 81 11 60 15 17 3 90 10 57 0 22 17 63 4 42 14 64 2 12 6 18 1 71 9 74 16 39 7 37 18 20 12 45 19 40
4 29 13 80 19 95 3 95 5 54 2 32 11 44 12 46 15 49 9 82 0 27 16 80 17 82 8 50 10 53 1 2 6 19 7 31 18 93 14 60
11 78 3 99 13 3 10 65 2 17 0 64 9 37 5 13 16 38 7 46 15 85 12 21 6 84 8 47 14 55 19 14 1 54 18 13 17 2 4 56
8 31 5 21 1 70 12 33 16 25 7 78 10 68 6 57 18 41 15 25 19 58 2 10 14 72 17 77 4 46 9 23 3 50 11 60 0 5 13 20
16 42 14 94 13 38 6 2 1 62 3 81 12 67 19 13 9 10 11 30 4 24 17 14 10 55 0 92 18 13 15 23 7 79 2 13 8 90 5 80
7 30 10 97 11 24 8 18 12 66 5 7 13 1 3 7 14 41 2 34 19 47 9 7 17 49 4 13 1 5 18 31 15 29 0 32 6 54 16 55
7 41 1 27 19 23 0 81 14 3 5 84 17 37 3 85 13 62 18 92 8 22 6 71 12 84 10 13 15 64 11 3 16 57 4 45 9 17 2 6
6 86 19 7 0 27 11 97 4 46 10 97 7 50 2 11 8 44 17 17 3 83 16 76 1 26 9 54 15 45 5 5 12 50 13 22 18 92 14 83
15 32 2 56 6 35 8 10 16 59 4 61 12 47 5 18 11 54 0 40 1 51 13 25 19 45 9 69 18 29 7 3 3 88 10 94 14 37 17 41
17 83 10 8 18 3 15 38 6 37 3 24 12 93 16 34 1 53 14 14 9 93 0 66 19 72 7 34 5 20 4 18 2 59 11 65 8 19 13 13
16 6 8 20 15 57 2 3 6 20 0 96 10 44 14 23 9 76 13 66 1 59 7 52 19 79 3 95 4 4 12 25 11 92 5 25 18 36 17 19
14 82 0 43 13 28 18 28 5 19 19 20 17 41 16 75 2 35 12 62 3 26 4 95 15 16 10 37 11 66 7 64 9 63 8 87 6 58 1 91
1 76 16 37 15 52 6 46 12 19 14 53 0 56 3 9 2 47 5 28 10 13 13 18 7 78 11 76 9 78 18 4 17 72 8 65 4 95 19 64
14 26 4 98 5 14 16 34 3 73 12 66 7 89 10 82 18 20 8 51 19 79 1 14 17 51 6 34 13 62 0 14 11 54 9 59 15 94 2 54
18 59 17 36 6 36 2 46 5 17 14 70 4 73 12 48 16 85 9 87 1 71 8 82 10 47 7 25 15 50 11 2 13 45 3 15 0 46 19 71
5 77 2 87 1 71 11 25 7 20 9 14 12 81 15 55 19 10 8 56 6 99 18 78 3 69 14 43 13 12 4 44 17 29 0 69 16 73 10 15
8 35 6 53 9 4 10 66 1 62 19 11 5 24 18 25 16 54 12 57 13 1 4 16 2 2 7 34 14 12 0 54 11 60 3 18 17 97 15 28
16 31 6 30 14 84 1 84 9 27 19 21 12 5 8 82 10 58 2 37 3 43 7 18 0 83 17 87 18 74 5 13 11 15 13 66 15 69 4 94
5 30 0 71 12 4 7 53 13 18 3 97 11 94 14 23 9 51 6 92 17 10 19 63 4 25 10 7 1 49 2 61 16 17 8 95 15 85 18 7
19 62 18 26 0 92 9 30 16 52 3 94 1 21 15 76 10 4 2 6 7 74 11 25 12 72 8 61 14 48 13 81 6 71 4 16 17 18 5 1
16 92 19 55 5 20 13 30 4 67 11 60 6 9 15 46 0 16 8 80 17 80 14 44 9 25 1 82 3 55 2 8 10 22 7 51 12 8 18 82
2 56 5 27 9 19 19 98 12 8 14 16 18 36 8 44 10 3 4 9 1 89 17 93 11 76 13 51 15 20 16 8 0 33 3 52 7 5 6 33
12 45 6 69 9 28 5 64 17 51 14 61 3 5 1 2 18 93 7 50 19 54 2 28 10 39 11 40 13 49 8 31 0 24 4 98 15 90 16 29
2 66 19 6 6 56 1 48 13 96 8 98 3 24 10 28 9 24 11 60 5 87 0 67 18 74 16 94 14 67 17 31 4 28 7 19 12 34 15 40
12 84 10 14 5 72 18 71 19 18 16 52 9 94 14 41 15 52 4 75 0 71 6 81 17 33 11 89 2 97 13 32 1 33 3 22 7 59 8 68
14 98 15 18 12 46 3 50 1 52 7 16 4 13 10 93 9 60 11 68 8 59 2 92 16 73 17 48 0 13 18 87 19 93 13 21 5 66 6 72
5 56 17 63 9 20 11 47 13 51 12 47 8 70 10 85 16 82 7 25 4 72 18 36 6 87 19 99 0 82 2 21 3 51 1 37 15 36 14 50
15 40 11 64 5 11 9 17 6 58 2 42 18 46 19 93 10 61 16 96 14 23 13 62 8 19 0 90 3 61 7 69 1 5 12 49 4 8 17 28
6 16 16 54 9 72 18 86 14 19 7 72 19 78 8 7 11 81 3 45 1 45 13 87 17 48 12 53 15 10 4 45 5 32 10 15 2 93 0 23
11 57 15 11 18 72 13 13 3 69 2 67 12 11 8 96 14 78 0 17 16 95 6 98 10 77 5 43 9 3 7 17 19 11 4 5 17 26 1 88
8 10 17 29 14 60 4 90 16 76 0 96 7 41 10 23 15 81 11 78 13 12 6 94 18 24 5 8 3 45 19 47 1 56 2 87 12 45 9 26
3 84 2 3 0 8 16 40 11 39 4 41 5 65 12 13 1 96 15 36 7 55 14 68 10 19 9 24 8 97 18 58 6 29 17 88 13 4 19 7
3 40 6 60 8 53 7 6 12 27 11 45 15 5 18 33 4 6 16 32 14 20 5 82 10 21 1 27 13 66 17 62 2 42 19 46 9 26 0 90
2 67 5 33 3 25 9 15 11 69 19 75 8 14 15 84 17 4 12 82 14 23 4 99 1 61 7 27 6 1 16 21 10 93 13 51 0 89 18 39
16 36 5 11 18 51 17 51 15 43 14 6 6 87 11 68 3 62 4 97 10 61 9 67 8 96 2 39 12 16 0 82 1 38 13 55 7 37 19 18
0 75 17 18 8 38 14 10 12 68 4 14 5 58 19 62 11 31 15 63 1 69 7 95 9 37 18 10 2 1 3 79 13 94 10 38 6 18 16 40
6 92 16 17 2 98 10 21 1 18 0 23 13 39 14 89 17 22 5 89 9 85 12 75 19 30 15 29 18 98 11 40 8 11 3 66 7 59 4 58
7 33 15 80 13 87 3 3 2 98 6 77 8 6 1 42 0 52 4 57 17 42 12 11 5 15 18 53 19 41 14 75 9 21 11 86 16 53 10 2
13 85 19 73 14 63 15 93 0 35 12 52 17 24 6 29 8 74 9 75 18 85 4 4 2 57 10 61 16 3 3 13 7 47 1 53 5 33 11 22
11 74 0 98 7 39 13 46 2 16 19 14 12 22 3 12 1 95 4 62 5 58 18 51 6 24 14 2 17 37 16 85 9 47 8 77 10 72 15 97
9 37 12 92 18 74 2 64 17 82 10 38 0 26 14 96 15 48 11 14 7 85 16 33 1 43 5 10 19 88 8 12 3 65 4 18 6 10 13 8
17 93 15 48 2 47 14 58 4 61 9 78 6 5 19 27 1 39 12 40 18 55 10 27 0 25 7 32 11 90 8 61 16 14 13 66 3 43 5 99
9 32 5 24 11 3 19 39 4 40 0 34 3 2 14 81 8 32 10 97 13 51 18 20 17 74 16 1 7 98 15 55 6 71 2 38 1 31 12 85
17 80 2 98 15 52 0 98 16 51 19 40 4 99 11 82 1 76 14 1 6 59 3 69 10 64 18 42 9 85 8 9 13 85 7 7 12 60 5 19
2 32 15 18 19 13 9 69 6 19 3 19 5 83 0 22 16 20 14 62 8 73 4 85 12 64 1 95 7 91 11 5 10 73 18 47 13 71 17 76
14 28 12 10 18 77 8 14 9 48 6 74 10 36 0 1 13 43 17 54 5 66 11 32 16 27 4 9 2 96 19 34 15 37 7 50 1 24 3 96
7 15 8 6 11 48 0 41 5 78 14 25 12 12 3 74 17 2 6 9 19 31 18 25 10 71 9 10 2 5 13 41 1 43 16 18 4 9 15 89
1 88 12 98 5 61 13 7 3 56 6 33 14 76 4 74 7 72 16 99 0 78 2 28 8 34 11 32 17 68 10 10 18 62 19 67 15 95 9 42
14 91 19 94 18 57 13 60 4 20 0 34 16 92 6 91 15 27 5 71 11 20 17 28 1 40 9 67 12 6 3 59 10 39 8 11 2 2 7 26
0 43 7 43 4 84 10 56 11 21 1 54 16 26 2 85 14 44 18 34 5 77 3 31 9 46 12 25 19 72 8 79 15 92 17 50 13 64 6 17
1 81 11 64 3 92 18 4 0 67 2 18 4 80 13 35 10 39 17 82 5 33 14 46 9 22 16 22 19 66 15 55 7 23 8 91 6 89 12 30
19 36 9 84 15 72 6 61 3 60 13 31 5 31 0 83 4 2 11 7 12 55 17 42 18 38 14 42 1 54 8 42 2 8 16 41 10 86 7 42
10 51 7 92 2 88 9 54 14 14 17 66 5 48 4 40 3 7 16 86 8 70 0 91 18 44 1 9 19 74 13 30 11 78 6 27 12 58 15 30
12 34 15 44 5 67 8 54 6 43 16 21 2 39 3 28 9 7 18 38 14 11 0 58 17 55 19 42 13 61 4 61 10 21 11 58 1 35 7 36
11 49 15 60 6 14 17 18 5 99 12 55 14 79 1 60 4 5 16 70 19 42 3 92 13 41 0 23 10 51 2 7 18 2 8 35 7 33 9 28
19 56 12 48 2 65 6 27 9 68 1 92 14 62 4 78 17 9 16 67 3 85 13 81 18 91 7 11 0 41 15 15 8 75 11 1 10 27 5 20
9 96 5 81 15 37 17 77 12 73 4 17 1 27 7 75 3 94 19 19 13 95 10 43 2 21 18 75 14 27 8 17 16 78 6 57 0 33 11 86
12 44 15 2 7 85 11 11 17 65 2 20 8 49 13 17 14 29 4 57 6 85 9 61 0 29 10 41 1 97 16 7 18 3 3 75 19 68 5 71
15 31 3 73 9 57 14 59 1 29 12 88 5 60 18 84 4 3 11 91 0 3 16 15 10 95 19 83 8 93 2 39 17 44 6 90 13 38 7 48
11 41 19 40 8 39 14 56 3 61 6 88 4 39 13 58 1 97 0 31 18 79 9 77 5 29 10 27 15 2 16 60 2 92 7 51 12 84 17 5
6 18 18 3 7 82 11 39 2 6 14 18 10 53 5 28 13 95 19 26 9 99 8 56 3 14 17 73 0 26 1 16 15 32 12 95 4 28 16 81
12 30 10 88 5 94 16 28 15 54 13 85 3 50 18 20 9 82 0 90 4 90 8 25 19 83 6 25 1 88 7 73 17 64 11 55 2 38 14 59
14 16 15 67 16 45 2 37 3 13 6 91 13 65 0 95 9 15 8 28 5 58 10 43 12 29 17 40 11 34 19 60 18 50 4 32 1 39 7 7
17 15 6 18 12 46 16 40 18 28 1 38 13 34 4 17 19 66 15 68 0 30 3 6 7 24 5 1 14 61 8 20 10 36 2 74 9 71 11 10
8 31 17 62 6 63 9 26 3 66 0 85 1 43 2 84 18 14 12 99 11 42 14 89 13 51 7 56 10 59 5 46 16 7 19 23 15 19 4 25
