100 20
16 41 12 36 4 61 5 92 9 71 1 67 18 62 8 84 2 43 14 74 11 44 0 60 19 64 7 37 13 91 10 25 6 5 17 74 15 9 3 54
16 52 18 14 4 68 1 18 7 45 5 20 2 85 10 6 6 85 0 26 19 43 14 41 17 13 3 77 13 83 15 77 8 50 9 92 12 56 11 59
7 7 3 5 0 64 17 51 1 11 18 6 12 7 6 47 4 5 16 28 9 60 11 11 14 94 2 21 5 54 15 95 19 2 13 82 8 58 10 31
13 59 8 54 12 74 4 60 7 57 11 25 10 45 6 56 2 31 0 66 15 50 19 53 14 52 5 81 1 48 18 91 17 2 9 45 16 98 3 97
11 29 3 55 6 87 10 70 15 57 12 6 19 69 14 9 17 14 18 71 1 52 4 34 5 69 8 10 2 74 9 50 16 54 13 10 0 25 7 67
13 93 11 81 4 51 0 92 9 44 15 87 19 37 16 29 8 19 3 20 17 69 6 10 10 37 14 22 18 66 5 61 7 82 12 31 1 31 2 48
5 15 11 33 19 44 8 17 9 28 6 9 4 81 10 9 17 24 13 57 14 60 2 50 12 55 18 11 16 78 3 20 15 93 1 19 7 69 0 49
5 17 3 24 16 28 0 38 7 61 15 30 18 75 1 62 12 68 8 98 13 91 11 57 14 51 4 53 17 70 6 88 9 25 2 95 10 4 19 53
18 88 12 48 5 36 8 87 6 57 4 96 1 43 3 62 11 27 9 95 10 96 13 78 7 16 19 14 2 22 0 82 16 86 14 93 17 71 15 73
10 2 18 66 5 84 11 22 2 34 0 49 12 23 17 22 1 78 7 72 9 19 14 16 6 41 13 20 16 30 19 6 15 11 8 89 3 96 4 58
17 50 6 2 4 50 2 27 16 87 18 14 19 89 15 75 8 17 3 67 1 16 10 9 9 96 0 94 13 60 7 46 11 69 5 97 12 52 14 23
14 78 17 83 5 82 9 96 13 45 0 37 11 17 2 35 4 19 3 12 8 57 18 33 1 86 6 61 7 56 19 50 16 84 12 64 10 69 15 80
15 86 13 28 5 23 6 37 0 63 11 54 19 19 10 16 2 71 18 51 7 14 17 62 12 85 3 98 14 68 8 51 4 97 16 86 9 1 1 85
18 95 7 26 4 81 9 28 3 6 15 10 19 15 6 63 2 48 11 31 1 72 16 73 8 53 14 6 0 36 13 81 5 3 17 16 12 57 10 63
10 85 4 29 19 81 5 97 18 85 0 86 6 38 17 92 12 79 1 59 3 86 13 14 9 86 7 61 2 27 14 19 11 36 16 56 8 12 15 27
11 27 1 67 0 59 3 72 2 41 16 87 8 65 9 87 19 66 6 9 15 31 17 86 5 13 10 53 4 55 18 81 7 27 12 44 13 26 14 92
6 28 1 11 16 54 19 77 3 81 7 29 2 93 0 29 4 63 10 42 14 48 18 24 15 98 9 83 17 63 12 27 5 84 8 18 11 44 13 51
13 33 12 51 6 63 2 67 10 75 0 93 19 92 16 73 3 19 18 88 11 20 8 51 4 47 14 13 7 12 1 31 5 92 17 49 9 27 15 52
13 73 10 80 3 30 4 72 8 52 18 75 1 60 6 30 19 44 2 33 15 69 7 32 5 89 14 81 9 3 17 76 16 31 11 74 0 44 12 38
9 92 19 54 11 81 5 42 18 89 15 59 1 75 4 40 2 99 12 99 17 26 3 61 8 94 0 22 6 1 7 83 14 54 13 97 10 19 16 74
19 55 3 21 0 36 17 92 8 15 16 95 15 67 7 75 11 32 6 62 2 41 13 90 14 64 4 2 10 77 12 65 5 47 9 11 18 4 1 36
0 94 14 69 5 32 16 44 15 77 2 22 19 4 9 77 18 22 12 19 3 59 4 15 6 79 8 70 1 49 7 95 17 44 10 93 11 25 13 94
9 64 13 39 14 75 10 65 5 42 3 36 1 12 6 55 19 73 0 80 16 5 7 80 11 64 2 86 4 15 12 82 8 48 18 34 17 79 15 80
5 40 12 50 0 13 18 71 15 42 1 20 6 74 17 15 3 13 7 97 11 98 2 28 13 28 9 17 19 18 8 40 4 34 14 59 10 50 16 32
12 34 9 16 2 6 1 32 19 98 4 32 5 84 17 94 14 83 3 71 7 42 18 15 8 11 16 13 15 98 10 34 0 36 6 60 11 35 13 89
7 64 15 46 6 94 8 12 1 45 13 77 16 21 3 85 9 72 5 62 17 84 2 7 11 36 10 83 19 85 0 95 14 17 4 48 18 60 12 61
6 42 19 4 0 96 15 15 1 89 9 44 13 38 16 68 18 88 4 92 2 21 5 53 11 17 14 42 3 40 17 63 7 47 8 1 10 77 12 78
19 72 3 87 18 45 17 96 16 52 7 81 10 42 8 80 15 38 6 93 9 64 13 2 11 86 14 1 12 48 4 24 5 72 0 53 1 30 2 19
5 8 6 98 1 74 3 52 9 22 0 40 8 41 17 7 15 80 4 98 10 68 2 48 13 74 16 79 19 77 12 7 14 78 11 85 18 23 7 51
5 18 4 71 10 11 9 41 8 26 0 5 3 9 14 8 11 74 12 99 1 18 16 31 17 39 19 78 15 31 7 13 2 99 6 43 13 37 18 26
0 15 5 12 16 86 6 36 7 26 3 30 18 11 17 21 2 45 4 90 12 43 11 93 13 3 15 15 10 46 19 14 9 79 8 68 14 10 1 53
3 49 7 25 0 17 9 22 17 28 18 38 11 32 15 79 6 6 1 26 13 31 14 23 8 50 19 75 16 42 5 97 10 90 2 90 4 69 12 51
14 33 12 38 1 98 4 14 2 62 11 83 16 19 7 87 3 47 10 59 19 98 0 93 13 89 6 22 15 79 5 25 9 24 8 69 18 41 17 19
9 31 14 91 11 72 16 92 10 21 13 13 8 98 15 82 12 70 3 91 1 91 2 28 7 58 17 16 4 25 18 79 5 23 6 81 0 82 19 36
3 57 14 5 0 53 6 49 12 95 19 42 2 69 4 88 13 33 11 36 8 77 7 95 9 96 18 79 16 94 17 40 10 78 5 35 1 26 15 9
18 48 15 57 10 96 7 93 3 33 1 44 19 13 13 25 17 46 16 26 14 56 5 86 0 34 2 69 11 30 9 92 12 73 8 50 4 84 6 66
17 8 5 93 11 54 16 92 8 73 19 37 13 68 14 17 3 68 18 26 0 10 15 15 4 72 12 69 6 23 7 11 9 50 2 94 1 45 10 80
1 41 13 35 5 76 7 20 2 53 3 94 4 16 19 67 16 94 14 87 11 78 17 56 10 11 0 60 6 63 18 47 9 32 8 75 12 98 15 68
13 75 11 32 18 65 9 51 0 24 5 95 12 13 2 90 17 22 15 57 4 66 1 4 14 47 8 32 16 48 10 85 7 41 19 36 3 40 6 84
1 89 19 33 2 98 12 26 10 96 18 97 3 91 8 83 7 4 16 87 15 76 9 58 5 72 14 87 6 3 17 79 11 76 4 90 13 51 0 89
18 87 6 93 13 44 3 92 16 51 10 18 11 61 7 13 2 20 8 52 0 94 17 37 1 7 4 62 12 76 9 48 19 72 5 6 15 65 14 4
7 60 17 41 11 89 6 73 16 60 8 8 12 82 9 15 3 97 18 53 13 83 0 47 14 80 2 51 15 91 10 50 1 75 5 5 19 18 4 75
0 58 8 89 18 20 9 8 17 16 2 30 16 69 15 4 1 39 12 81 19 36 4 22 7 83 5 1 3 4 13 43 10 35 6 90 11 72 14 26
12 98 17 41 2 16 15 60 16 48 5 47 11 71 14 16 0 86 13 82 3 87 18 93 8 14 7 64 1 15 4 18 10 66 9 83 19 54 6 13
8 23 7 47 14 84 2 4 19 82 15 79 16 53 17 86 3 28 0 1 4 41 9 77 1 77 12 67 6 38 13 67 18 45 10 34 5 65 11 56
8 97 0 13 17 59 15 88 6 76 9 86 12 1 18 70 19 28 13 14 10 39 3 7 7 52 1 23 11 41 2 54 16 30 14 76 5 41 4 1
5 71 6 50 16 65 14 36 13 18 17 44 12 3 3 62 18 72 0 91 4 91 8 69 15 17 7 6 10 47 19 16 11 21 1 69 9 44 2 38
16 50 2 10 13 86 11 28 15 38 18 99 6 15 7 12 10 47 9 91 4 58 12 38 19 88 0 93 5 56 3 10 14 13 8 75 17 70 1 44
4 70 7 10 19 20 16 40 6 60 5 54 3 29 10 87 18 91 15 34 11 98 1 50 0 8 9 97 14 96 12 98 13 65 8 67 2 26 17 3
9 96 13 17 1 8 8 6 10 91 16 88 15 4 17 3 14 92 0 56 7 82 2 59 4 47 19 42 5 96 6 77 11 88 3 34 12 17 18 49
19 30 9 1 18 57 2 73 8 1 13 57 15 13 16 25 1 5 4 33 5 45 0 61 10 74 14 51 17 59 11 75 6 10 12 14 3 4 7 40
13 74 19 38 10 10 11 98 5 30 8 90 0 71 15 6 18 87 6 32 17 41 9 88 7 30 16 45 14 19 4 56 3 73 12 68 1 52 2 62
15 16 8 20 13 36 6 97 11 42 9 5 1 41 7 31 0 8 12 11 5 42 4 38 2 25 3 15 19 60 14 7 16 84 18 92 10 1 17 7
16 16 4 11 10 47 19 14 0 84 7 12 14 91 2 84 17 21 13 50 5 26 15 92 18 29 1 40 3 33 8 86 12 90 11 38 9 40 6 14
7 47 12 33 11 78 17 55 16 57 9 79 10 46 6 39 0 11 18 8 5 35 15 2 19 68 1 70 4 12 2 31 3 48 14 65 13 7 8 82
10 52 5 44 12 34 19 90 3 63 1 9 4 61 2 85 14 57 6 48 16 75 9 72 15 89 0 76 18 72 17 55 13 28 11 82 7 45 8 99
2 82 4 31 1 93 5 44 16 22 12 27 10 7 18 3 0 54 15 12 9 46 3 79 11 83 14 47 13 52 17 47 8 55 6 11 7 37 19 42
5 11 17 21 0 99 13 48 10 2 6 9 18 89 8 95 11 31 1 14 9 7 3 4 16 76 19 23 12 20 14 28 2 30 15 65 4 90 7 92
16 29 7 61 11 3 14 42 8 55 0 9 13 35 1 57 19 79 4 69 2 80 9 13 5 80 17 53 15 35 3 33 6 67 18 37 12 40 10 26
14 90 5 6 6 19 3 31 4 78 1 28 15 51 2 13 8 60 12 41 17 69 18 4 11 2 16 7 0 89 19 53 10 68 7 15 13 43 9 28
6 53 4 85 19 97 15 52 2 49 14 66 13 41 8 97 10 2 17 84 1 56 16 4 5 65 9 14 18 71 3 97 11 97 0 72 12 97 7 67
2 67 9 13 18 66 19 79 3 93 7 85 0 50 15 17 4 50 12 30 10 60 14 68 6 19 5 79 13 27 11 68 1 68 17 27 8 74 16 3
1 75 7 19 0 51 3 18 9 12 10 36 13 2 16 86 4 51 18 45 2 63 15 43 5 5 19 29 14 37 17 86 11 82 12 47 8 72 6 93
2 8 3 94 6 59 14 77 13 61 11 73 8 4 15 2 9 64 10 79 12 1 17 48 16 3 5 22 7 13 19 29 18 59 4 1 1 39 0 12
8 63 13 80 1 9 11 53 15 25 19 87 18 17 3 66 2 14 4 67 12 88 7 50 6 58 9 43 16 5 5 46 17 3 10 7 14 55 0 19
18 40 13 92 7 92 8 9 14 50 0 71 5 30 19 66 15 32 17 25 9 90 16 70 3 49 10 83 1 88 6 93 2 91 4 39 12 14 11 83
2 29 7 61 4 79 14 26 8 37 10 32 19 38 11 49 1 72 6 18 13 93 18 88 17 30 16 93 9 47 15 41 3 76 0 20 5 16 12 43
2 56 11 72 16 66 12 2 10 63 4 88 8 3 14 27 7 39 15 30 1 31 9 73 0 93 3 37 6 39 13 38 19 79 5 54 17 51 18 66
5 22 12 17 17 29 14 69 11 39 19 35 9 1 7 54 16 41 3 68 8 37 1 23 2 98 4 60 0 6 10 72 15 62 18 47 6 93 13 81
7 40 4 41 14 94 6 98 19 8 12 83 11 56 10 39 3 48 15 40 17 44 1 57 9 79 0 8 16 54 2 93 18 18 5 85 13 70 8 44
15 22 18 84 7 60 14 4 12 43 16 22 5 52 8 95 11 90 13 35 10 86 9 99 3 84 0 47 17 65 1 63 19 51 2 32 4 31 6 2
3 44 12 45 8 78 17 23 5 73 10 66 4 13 7 28 15 46 0 89 16 15 9 35 6 18 11 19 1 72 14 61 18 59 2 90 19 32 13 44
13 74 6 22 3 94 4 49 15 68 10 39 0 80 14 10 11 37 1 51 5 95 2 57 8 65 17 12 12 65 7 54 9 48 18 89 19 57 16 4
14 6 3 6 19 53 18 92 8 50 10 68 17 97 12 39 16 17 4 92 7 77 9 97 0 8 5 4 2 36 15 13 11 69 13 6 6 98 1 94
7 61 11 4 10 62 3 81 5 20 9 63 16 98 14 98 13 58 19 7 18 27 6 7 4 94 12 60 8 28 0 61 15 76 17 54 2 58 1 57
2 10 11 74 3 20 18 9 8 76 6 90 15 88 14 84 7 16 5 3 10 2 4 48 17 27 1 46 13 64 0 21 16 22 19 46 9 24 12 73
3 69 8 50 5 52 9 48 15 98 18 41 6 58 1 35 13 23 4 69 14 18 12 80 7 61 11 34 2 89 16 72 0 16 17 38 19 92 10 8
0 70 18 79 8 82 9 37 15 60 3 32 12 55 10 67 13 1 4 37 6 93 19 94 7 52 11 35 5 77 16 22 14 1 2 38 1 52 17 5
15 34 1 59 12 35 8 76 13 30 7 20 14 69 9 78 18 80 16 33 6 15 11 96 3 42 10 47 0 51 5 76 19 73 2 94 4 76 17 31
2 32 19 47 11 2 7 50 5 18 14 25 10 25 15 47 17 66 3 11 13 33 18 89 1 68 9 93 4 42 12 85 6 97 0 72 16 62 8 16
19 80 13 58 2 60 7 52 18 83 14 45 3 71 11 3 8 13 17 68 6 91 10 46 16 54 4 94 15 82 1 98 0 21 9 75 12 50 5 20
13 85 16 78 8 47 12 14 10 98 9 72 3 45 6 89 0 67 1 60 15 71 7 52 5 76 2 13 17 53 11 98 14 9 18 11 19 57 4 30
1 98 2 27 3 57 17 92 12 26 13 85 6 86 0 6 15 24 10 69 16 65 7 72 14 99 5 14 4 61 18 52 19 9 8 17 9 60 11 26
2 18 19 42 7 16 8 29 12 61 14 52 15 57 16 84 4 7 5 28 10 54 13 42 0 64 6 47 11 26 3 3 18 69 1 88 9 57 17 66
15 55 9 23 19 81 13 85 3 77 4 27 16 3 18 66 17 32 0 7 12 48 6 92 7 38 2 48 14 23 10 98 1 51 5 19 11 27 8 38
2 9 16 20 7 94 0 2 15 70 8 49 3 2 17 3 12 22 5 33 4 56 14 26 6 52 18 16 1 89 19 31 10 10 9 74 11 66 13 25
17 76 9 69 1 75 2 26 18 55 14 80 19 6 12 53 8 96 11 26 15 19 16 34 6 47 3 19 7 99 0 31 13 36 4 25 10 91 5 4
16 97 5 66 4 50 3 47 11 57 0 50 18 12 13 55 15 84 2 76 19 86 8 76 10 22 1 26 6 9 7 9 9 85 17 63 12 19 14 53
6 95 3 78 14 98 8 11 19 75 11 53 18 41 7 24 0 79 4 45 5 65 2 84 17 58 13 91 1 57 9 10 16 44 10 77 15 92 12 9
2 41 6 34 16 53 12 15 10 93 17 12 13 9 18 16 14 28 8 96 9 48 7 39 19 4 1 67 3 68 0 85 4 67 11 17 5 26 15 21
2 87 10 4 4 3 8 72 1 58 13 32 0 99 15 58 3 41 11 61 5 80 6 28 14 91 16 13 7 62 19 43 17 5 18 51 9 73 12 60
11 28 3 98 2 32 18 1 10 81 7 1 16 6 1 80 0 10 8 62 5 69 9 18 12 34 19 5 17 61 6 10 4 7 15 77 14 24 13 91
13 24 1 15 7 14 8 46 10 60 3 62 2 83 14 7 12 72 11 83 0 17 5 95 16 57 17 71 19 71 9 74 4 82 18 14 15 51 6 93
15 34 10 94 8 83 12 13 19 64 18 13 17 66 5 47 13 86 2 83 6 7 0 22 1 8 9 5 3 7 16 52 7 96 4 98 11 57 14 66
5 88 13 87 6 52 8 18 19 66 18 13 14 99 11 3 16 40 12 4 7 93 10 63 15 2 3 13 2 2 4 99 0 94 1 28 9 92 17 46
7 89 2 74 15 6 8 59 18 95 11 20 12 15 13 96 4 55 16 82 17 43 0 31 10 39 3 83 1 56 19 7 14 45 5 95 6 63 9 46
8 74 2 62 15 47 9 11 19 26 17 33 5 75 12 39 11 21 14 69 3 69 6 94 18 3 4 81 16 20 7 93 10 92 1 8 0 17 13 98
11 71 13 51 6 25 0 46 17 53 2 42 7 86 12 86 4 86 10 80 5 17 8 7 9 29 19 4 14 86 3 64 1 32 18 67 16 9 15 87
8 28 18 26 12 40 14 45 13 87 16 8 10 27 3 9 9 15 19 15 6 55 7 56 4 95 11 82 17 40 1 54 5 97 15 6 0 28 2 27
2 34 1 14 17 5 6 1 15 94 14 28 11 67 19 52 10 2 4 72 16 85 12 58 9 23 5 30 8 82 7 11 18 48 3 12 0 17 13 90
