100 20
17 33 1 60 2 76 10 90 16 6 0 40 5 28 4 10 3 43 12 10 9 9 15 14 7 66 6 12 8 26 19 29 11 9 18 68 13 47 14 71
17 78 2 22 5 19 16 10 6 48 4 32 9 64 15 46 10 93 19 77 12 9 7 91 18 64 1 22 13 19 0 36 8 3 3 14 14 71 11 79
7 30 4 71 15 33 14 88 5 50 12 96 17 37 11 94 2 78 1 23 3 88 8 98 0 8 18 99 13 66 10 71 6 47 19 40 16 98 9 71
16 24 17 32 11 94 15 72 3 52 14 22 7 82 9 89 1 91 4 91 0 61 13 70 8 12 18 75 19 65 12 83 5 39 2 46 6 1 10 10
17 4 4 97 19 73 9 69 15 35 1 91 0 67 6 83 12 95 3 63 5 15 11 19 16 79 14 96 18 33 7 52 8 16 2 43 10 70 13 8
2 77 11 53 16 33 18 89 4 60 13 16 5 72 19 76 3 17 10 8 17 7 12 63 0 2 8 40 14 50 6 86 9 88 1 49 7 86 15 18
12 29 8 36 1 90 19 91 18 70 14 46 6 6 17 14 0 70 11 59 13 53 3 45 2 64 16 33 5 63 4 78 15 17 10 51 9 46 7 92
12 92 9 35 2 20 13 58 11 8 14 98 7 13 8 83 0 81 19 44 5 6 10 71 6 4 1 46 4 17 18 53 15 9 17 43 16 89 3 65
17 62 13 23 19 80 2 18 4 51 16 48 15 27 3 13 7 44 5 11 12 13 11 41 1 37 18 19 6 3 9 36 14 29 0 96 8 38 10 39
7 53 14 2 12 81 17 41 5 28 3 39 6 86 11 10 4 62 13 83 18 66 15 21 8 23 9 68 16 83 10 23 0 37 1 49 2 28 19 74
10 93 17 89 4 7 14 7 2 61 13 94 18 67 12 62 5 78 11 5 3 5 9 1 0 53 16 58 19 90 6 51 8 35 1 99 7 38 15 30
4 78 12 34 18 65 2 26 14 89 17 19 13 50 1 72 3 89 11 15 5 54 9 63 19 38 16 59 15 14 8 90 10 44 6 58 0 44 7 6
11 63 10 78 2 46 17 40 19 41 16 80 13 4 5 73 12 23 3 25 4 97 15 84 8 95 1 26 7 44 6 30 9 30 18 40 0 84 14 30
6 93 9 27 14 11 5 13 8 45 18 22 19 30 0 26 12 90 2 12 1 41 16 64 3 40 7 93 17 90 15 48 10 17 13 87 11 20 4 10
2 8 5 4 14 96 7 73 4 45 19 18 3 43 0 73 13 72 17 58 8 58 18 37 1 8 11 40 15 76 16 74 6 70 9 67 10 58 12 95
0 75 8 59 13 3 19 79 5 45 3 13 1 20 9 87 4 51 18 73 10 37 7 88 2 20 17 91 12 61 6 45 11 55 14 95 15 83 16 64
14 20 12 54 19 3 7 39 1 60 16 72 3 34 17 49 4 58 5 71 13 68 2 59 9 61 6 65 11 53 18 85 0 70 10 83 8 95 15 73
5 60 1 69 14 22 13 62 18 97 8 81 19 95 6 47 3 30 12 25 7 3 9 58 10 86 16 58 15 13 4 75 17 92 0 42 11 75 2 98
10 45 2 82 13 50 1 34 8 79 18 14 14 48 11 27 0 44 16 66 4 47 9 78 19 5 7 23 17 83 6 51 3 88 5 45 15 3 12 21
7 25 4 34 5 8 15 7 17 8 12 15 3 25 2 93 18 7 10 26 19 39 6 53 14 40 1 93 9 14 16 75 11 86 0 74 13 2 8 54
3 55 15 23 19 27 2 57 4 17 0 53 18 32 10 98 17 91 11 27 1 31 7 95 12 65 13 41 8 75 16 18 5 65 6 54 14 37 9 98
9 99 17 53 6 49 12 33 19 41 11 69 5 55 13 7 7 60 10 95 8 63 14 6 3 21 2 99 0 56 18 52 16 63 15 94 4 15 1 77
7 15 19 24 16 56 2 82 17 1 18 52 9 93 5 17 15 43 3 29 11 92 10 30 0 34 12 37 8 21 14 14 1 82 6 88 4 24 13 99
9 70 5 1 7 36 8 30 1 7 6 55 3 83 19 86 10 62 2 89 17 7 14 19 18 59 12 71 4 71 13 84 16 74 0 71 11 98 15 77
3 50 19 70 6 36 17 35 14 40 18 14 15 59 12 98 0 57 13 4 8 61 4 75 16 90 10 36 7 74 9 19 11 16 1 20 5 75 2 6
12 25 2 9 8 22 10 71 17 25 7 39 6 41 5 45 4 96 19 58 14 96 18 54 16 1 13 3 3 77 11 57 0 85 9 9 1 82 15 48
15 38 2 16 16 9 14 57 9 63 12 73 8 71 5 12 18 99 6 37 4 22 7 22 19 21 3 78 0 4 11 86 1 3 10 58 13 55 17 55
10 66 4 99 16 29 2 70 18 65 1 66 14 64 17 39 3 30 13 3 8 3 9 73 0 30 15 80 7 35 5 21 12 60 19 29 6 36 11 97
1 26 17 48 19 21 15 77 2 67 14 3 11 85 6 73 4 96 3 31 7 79 0 1 13 48 10 79 9 52 5 10 18 18 16 99 12 42 8 59
4 1 19 65 8 98 12 30 11 88 10 99 2 10 13 94 15 58 0 25 14 95 3 61 17 74 1 86 5 76 7 46 16 44 9 8 6 93 18 13
15 76 1 61 5 89 12 92 6 7 16 9 19 22 0 64 10 81 8 27 9 17 17 72 2 1 14 85 3 72 7 7 13 83 11 85 18 37 4 90
14 83 5 73 15 25 4 10 17 42 11 77 2 41 9 11 1 61 8 96 18 44 12 24 7 84 0 39 3 67 16 82 19 63 13 17 10 66 6 52
12 58 7 58 18 54 8 25 9 59 19 18 15 36 17 87 13 30 1 59 11 8 5 30 16 72 4 20 14 34 2 20 3 95 6 66 0 25 10 16
0 39 1 48 11 74 9 64 12 11 19 21 7 91 13 77 2 21 18 75 3 63 4 93 10 67 6 19 15 60 17 86 5 44 8 72 14 22 16 94
10 36 18 77 4 20 11 81 15 62 8 98 12 26 14 20 2 74 3 44 6 11 16 51 19 10 9 38 7 1 1 99 5 80 17 84 13 79 0 16
17 91 13 89 6 10 2 30 0 33 1 35 19 44 9 84 10 5 15 68 16 6 11 72 8 79 4 48 7 76 18 74 5 44 14 65 3 64 12 69
14 88 6 95 16 33 3 54 2 54 10 47 15 37 7 49 8 55 12 96 9 66 0 85 18 52 5 49 17 76 4 47 19 58 11 42 1 48 13 78
14 54 15 62 2 19 13 79 8 63 1 35 7 19 0 28 12 33 16 5 3 42 11 72 5 24 4 83 6 13 9 95 10 21 17 34 19 94 18 86
15 30 10 80 5 12 14 88 4 80 11 21 0 44 16 68 9 83 13 85 2 14 8 61 18 2 1 13 3 52 19 87 6 24 7 42 17 8 12 11
16 87 17 24 2 60 8 57 0 92 1 62 4 95 6 12 11 63 18 51 13 92 19 66 3 44 10 37 9 41 12 32 15 80 7 46 14 28 5 98
17 35 10 76 6 62 1 4 13 81 14 18 16 31 8 23 0 74 4 14 11 52 18 62 7 35 3 9 5 98 19 3 2 62 12 16 9 46 15 32
1 4 14 94 8 37 15 98 3 79 0 11 19 55 9 62 5 75 17 95 13 61 4 73 10 72 2 94 12 3 6 22 16 82 11 47 18 71 7 82
15 85 8 30 19 38 12 30 10 48 2 44 17 95 6 7 14 15 9 4 11 46 13 5 3 84 5 10 4 36 1 69 16 56 0 8 7 90 18 92
13 40 17 17 12 18 16 23 11 58 7 34 18 59 1 65 15 97 0 14 19 24 5 43 4 43 9 18 6 42 2 3 8 21 10 53 14 43 3 89
12 14 8 24 1 40 0 31 11 38 17 49 14 68 16 24 18 94 13 28 5 51 10 83 9 67 15 79 19 43 7 27 4 97 6 10 3 31 2 99
8 34 1 32 11 1 7 60 14 27 19 62 3 74 16 74 13 51 17 96 15 73 5 39 2 22 6 78 10 94 4 30 18 43 9 92 12 31 0 21
9 52 18 42 14 69 1 58 12 37 16 85 10 92 2 91 17 2 7 9 8 90 3 3 0 31 13 29 5 71 11 42 6 51 19 31 15 36 4 2
0 22 9 33 4 71 1 26 15 21 12 58 8 69 19 6 7 20 2 48 10 71 16 58 17 5 18 55 3 53 5 79 11 73 14 29 13 4 6 45
8 13 9 41 18 38 19 33 10 55 16 92 7 17 1 59 15 43 14 94 4 98 5 96 12 8 11 73 13 35 0 78 3 10 2 9 6 15 17 59
18 20 16 80 4 81 8 42 6 65 2 77 1 3 5 67 9 46 10 31 15 93 17 64 13 8 12 7 14 7 19 86 11 26 3 38 7 32 0 89
6 66 0 64 1 91 11 49 13 94 12 62 19 64 15 44 18 91 16 74 14 79 9 49 10 90 3 75 7 90 5 21 17 21 8 68 4 79 2 33
1 69 3 77 16 95 19 49 11 13 0 61 7 44 10 57 15 58 13 47 18 73 9 10 2 95 12 17 17 58 6 49 5 90 8 57 4 58 14 43
12 46 17 2 10 84 8 94 4 14 18 60 16 79 2 36 15 50 9 6 13 57 1 60 0 50 11 22 14 77 7 75 3 56 6 28 19 13 5 20
19 23 3 32 17 91 4 79 13 35 15 82 12 33 1 56 5 23 16 46 9 37 2 82 8 71 10 14 0 60 6 90 14 78 18 79 11 72 7 46
19 66 4 51 16 27 14 87 12 72 11 81 6 98 8 6 9 4 0 88 17 2 1 88 10 65 5 21 2 79 13 21 7 50 3 99 15 73 18 52
4 48 2 7 5 41 8 26 1 70 17 4 3 30 16 79 11 62 7 58 14 38 10 9 12 53 0 27 13 81 19 63 6 20 18 27 9 19 15 67
4 67 0 35 1 21 3 44 17 20 11 54 12 58 16 33 9 10 5 33 18 17 13 57 6 14 10 4 14 18 15 16 2 12 19 89 8 97 7 10
3 10 4 1 18 2 9 23 1 11 10 10 14 10 16 26 0 62 13 60 17 7 11 83 8 69 19 53 7 12 6 86 2 46 12 31 15 77 5 11
8 59 12 64 13 89 2 1 3 84 18 26 6 40 19 69 16 66 11 71 7 1 15 31 9 70 0 5 17 39 4 65 14 65 10 56 5 26 1 53
17 76 0 71 12 58 13 24 5 93 14 22 16 82 15 32 8 55 10 57 2 92 4 5 18 10 3 22 1 32 11 92 7 99 9 58 6 8 19 84
11 29 16 68 5 38 6 71 8 88 9 79 18 15 19 22 0 96 3 50 10 45 14 48 4 79 13 3 1 12 17 42 7 50 2 8 12 40 15 66
10 70 15 25 18 70 4 22 7 61 2 24 0 55 8 82 16 10 9 62 19 31 3 15 13 76 12 86 11 50 6 56 5 86 1 45 17 37 14 70
3 12 6 68 15 94 11 42 14 6 2 78 7 56 17 94 10 57 19 17 1 28 18 44 9 1 4 45 5 11 16 63 12 92 0 1 8 30 13 75
4 6 5 60 15 65 13 98 7 13 16 83 11 77 18 40 0 75 6 23 8 22 17 80 1 81 3 33 2 42 12 11 9 16 14 45 10 55 19 73
16 19 3 25 9 8 14 77 1 16 8 18 19 94 15 97 4 9 0 90 11 32 12 36 7 52 18 73 5 47 6 47 13 92 10 14 2 71 17 98
3 80 17 64 4 58 5 95 14 15 9 7 6 83 8 18 18 2 0 40 13 61 12 11 19 49 2 48 11 82 7 41 15 94 16 98 1 51 10 45
13 6 4 92 15 22 19 94 11 59 8 45 18 63 7 17 6 63 0 33 2 7 3 45 5 20 10 19 16 98 12 91 17 22 14 7 9 44 1 34
15 73 4 71 18 20 17 33 1 23 11 74 9 8 8 76 16 30 5 30 14 16 0 81 7 45 12 14 10 10 19 49 6 73 13 51 2 30 3 47
14 79 6 66 2 13 1 53 13 72 10 48 11 65 9 20 5 16 12 85 18 47 19 61 0 24 17 7 3 27 15 93 7 11 16 3 8 73 4 5
0 21 17 77 16 46 11 31 7 70 6 45 2 51 8 84 5 35 9 71 15 34 3 98 1 56 18 76 19 28 4 9 12 3 14 53 13 3 10 40
11 85 1 1 15 72 4 90 5 95 13 82 0 29 9 48 12 80 2 26 3 1 10 41 6 2 17 80 7 47 14 39 16 98 19 6 8 29 18 72
17 14 15 77 14 81 9 86 8 72 16 48 11 26 2 35 13 37 1 90 4 98 6 5 5 48 7 73 19 28 12 12 0 74 10 31 18 3 3 59
8 39 10 47 17 74 13 90 0 30 4 61 1 45 9 3 7 59 14 36 12 45 6 20 2 12 3 59 11 98 18 74 19 64 15 43 16 54 5 92
18 30 4 42 6 8 3 65 0 48 8 63 5 43 2 86 9 79 17 23 1 45 19 48 16 22 10 82 11 52 14 35 13 67 15 18 12 72 7 15
6 80 8 18 16 88 5 97 10 36 1 76 13 27 4 59 18 97 17 64 12 81 0 4 19 46 9 80 11 36 15 69 14 2 3 30 2 14 7 22
8 78 5 70 9 7 4 43 16 25 0 29 7 10 17 76 3 14 12 8 10 22 13 11 6 22 11 41 15 57 19 91 1 51 14 77 2 37 18 92
5 45 6 4 12 20 7 88 2 24 1 78 15 98 11 45 16 11 13 7 10 93 19 73 14 21 8 53 18 6 0 41 9 45 4 5 3 14 17 90
14 4 8 97 13 48 9 29 10 42 17 81 12 95 15 16 6 41 0 13 11 25 16 82 7 23 1 39 18 85 2 49 4 96 19 55 3 29 5 88
5 63 17 62 10 67 7 46 6 49 4 47 12 95 16 79 2 30 11 79 0 88 19 62 9 99 14 95 18 98 8 22 15 82 13 49 1 18 3 53
5 44 18 85 1 81 15 57 9 91 3 65 17 53 19 16 7 79 12 11 10 2 16 33 13 97 0 80 14 21 4 94 6 99 8 66 2 23 11 62
3 77 15 23 1 38 10 97 2 34 11 74 16 22 13 13 19 64 4 76 12 9 5 52 14 33 8 21 0 57 18 84 17 15 6 35 9 82 7 57
15 29 3 84 1 80 8 21 17 70 6 72 5 61 19 42 7 80 9 79 18 82 14 66 10 70 13 20 16 57 2 57 4 77 11 53 12 76 0 93
11 75 7 80 3 8 4 35 12 47 9 28 18 33 14 19 10 52 19 47 0 72 17 65 1 48 16 61 15 61 5 21 8 28 13 99 2 99 6 45
16 85 15 95 3 44 17 46 19 29 4 21 13 14 11 91 18 34 7 61 0 99 8 53 12 14 2 26 10 81 5 22 14 76 9 51 1 14 6 61
10 70 8 15 3 6 9 57 0 52 1 16 4 93 2 72 5 22 19 93 7 88 13 5 6 58 11 40 14 56 16 33 17 36 18 55 15 95 12 14
14 78 19 22 17 85 6 14 9 35 2 13 8 79 7 66 10 42 0 35 16 13 15 33 11 40 18 62 12 92 1 13 3 3 13 89 4 78 5 50
6 93 7 53 3 33 5 12 19 67 8 95 2 50 1 38 15 51 12 17 17 37 4 80 16 95 13 34 11 84 0 84 10 33 9 80 18 79 14 31
6 33 10 82 13 95 4 94 0 20 8 97 11 94 16 74 14 31 9 14 5 88 15 29 12 52 18 65 19 84 2 12 1 61 7 33 3 18 17 58
10 96 15 84 6 7 7 93 1 8 18 50 14 48 12 75 0 45 11 47 13 69 17 38 4 25 5 76 19 77 8 69 16 59 3 35 9 50 2 46
2 54 3 2 0 68 17 40 19 77 5 90 12 89 13 30 9 38 15 25 18 21 4 15 14 93 16 66 6 74 1 22 8 17 10 4 7 47 11 54
7 66 9 7 5 60 19 9 13 86 1 82 14 31 11 7 17 65 2 93 6 49 16 61 8 16 12 95 10 28 3 34 4 19 15 90 0 30 18 13
0 51 18 23 3 22 16 19 17 50 15 54 8 18 7 56 9 88 2 54 4 88 6 8 10 94 12 90 13 57 19 93 5 86 11 31 14 69 1 69
13 97 19 10 12 77 3 73 2 31 11 15 6 27 10 92 8 87 7 70 0 98 16 44 18 94 14 11 15 58 4 95 5 59 1 18 17 3 9 38
14 77 19 28 17 8 3 46 10 77 12 30 16 20 15 69 8 20 5 4 13 84 2 62 11 7 1 74 0 82 18 71 9 86 7 42 4 40 6 74
11 41 13 84 17 9 12 13 3 91 6 95 15 14 19 30 8 58 4 54 2 22 0 68 7 76 14 64 16 59 9 18 5 83 10 8 18 11 1 3
11 71 3 73 16 53 10 60 6 26 14 12 8 51 2 82 15 77 19 55 12 72 5 30 13 76 18 89 4 63 9 42 17 25 0 48 1 83 7 17
4 72 7 7 0 72 17 31 6 99 13 82 16 3 10 68 12 40 3 28 18 47 19 84 2 42 5 16 8 44 9 89 1 66 15 72 11 31 14 24
13 45 17 6 8 90 12 14 3 74 10 62 7 28 16 12 14 29 2 83 4 21 0 54 18 70 5 1 9 84 1 90 6 39 19 75 11 67 15 49
2 35 13 63 14 32 19 59 3 49 12 47 18 5 1 19 16 40 5 58 11 78 15 76 9 77 7 59 0 90 17 49 4 60 6 92 8 92 10 7
9 26 7 90 2 17 15 20 19 31 13 65 5 92 4 78 1 63 14 65 17 93 10 66 18 93 6 1 11 63 3 73 16 92 8 83 12 14 0 53
