100 20
5 64 1 7 19 46 18 41 3 28 2 87 16 25 12 86 0 51 4 96 9 85 17 85 15 25 10 78 13 26 8 2 6 28 7 92 14 51 11 9
14 45 5 61 17 75 4 40 9 37 1 69 8 18 18 60 19 6 7 2 11 95 13 31 12 60 6 42 10 38 15 21 3 69 16 81 0 61 2 68
10 67 4 55 5 47 8 58 12 54 3 58 11 14 6 6 16 85 14 87 15 20 0 99 18 55 7 23 9 93 19 71 2 15 17 80 13 81 1 15
2 48 8 56 15 9 11 5 9 3 7 36 10 79 14 85 16 83 0 26 3 71 5 66 19 13 1 13 4 26 6 81 12 14 17 44 18 81 13 92
9 88 1 90 17 34 19 29 2 31 14 19 12 97 0 38 10 46 4 31 3 64 6 79 8 52 11 77 7 50 15 62 13 69 5 9 18 77 16 45
1 63 16 2 5 33 14 49 15 48 7 43 13 90 17 70 8 80 9 34 2 28 6 32 12 44 11 87 4 88 0 18 18 94 3 36 19 4 10 45
13 84 2 63 18 32 8 27 16 53 6 50 5 56 4 1 7 51 19 67 11 59 10 13 1 80 14 81 9 79 15 64 0 52 17 16 3 9 12 60
16 45 18 76 10 5 2 18 0 1 1 72 7 33 13 68 19 94 3 18 11 25 5 9 14 58 15 53 4 24 17 96 8 22 12 68 9 16 6 51
2 25 6 57 12 23 4 37 8 10 9 67 3 90 15 19 13 74 10 24 5 26 7 79 14 97 0 23 16 49 18 48 17 12 1 21 19 96 11 52
3 13 10 95 11 58 15 94 13 47 14 67 5 8 1 89 16 53 17 87 12 56 0 6 4 33 2 76 8 16 19 3 18 61 7 81 9 52 6 35
1 26 12 38 4 80 15 74 2 62 18 82 8 44 14 3 3 78 6 9 19 13 5 68 10 43 9 28 7 99 16 3 11 4 13 87 0 44 17 75
4 48 3 1 7 36 19 52 12 20 18 1 9 53 10 85 15 29 2 73 6 3 16 44 0 59 13 94 5 65 14 23 1 43 17 37 11 48 8 21
4 71 18 51 7 14 5 30 11 28 3 67 10 1 12 20 2 70 15 37 19 9 16 57 1 16 13 22 8 96 0 55 9 29 14 90 17 14 6 47
2 2 16 49 17 82 3 97 9 94 13 92 15 18 11 57 12 13 7 12 6 96 14 55 5 52 18 58 19 2 10 88 4 14 1 35 0 57 8 62
6 12 15 96 3 98 12 86 11 88 19 70 9 34 17 26 8 64 10 35 2 1 7 70 13 86 4 71 0 18 16 48 1 25 18 69 14 76 5 39
7 3 8 95 3 82 2 87 13 24 4 82 17 53 0 20 1 85 18 15 5 87 12 63 9 33 14 97 10 80 15 86 6 98 19 40 11 76 16 79
2 61 16 28 6 83 14 62 8 65 19 79 18 56 10 91 4 92 5 67 11 86 12 88 1 37 3 63 7 80 0 65 17 20 13 99 9 14 15 1
19 37 10 92 1 67 6 88 8 26 16 51 11 19 17 69 14 19 7 87 9 56 15 30 3 52 18 34 13 75 5 5 0 41 4 67 12 83 2 17
7 44 5 24 18 24 3 64 10 21 8 21 12 27 13 99 15 71 17 45 1 80 6 98 2 73 9 31 4 88 14 74 19 4 16 35 11 19 0 48
12 68 15 62 1 77 14 4 10 82 11 47 5 54 16 42 2 7 7 63 3 51 6 14 19 75 0 52 9 92 8 40 13 50 18 27 4 88 17 86
16 80 5 8 12 38 13 95 6 48 3 57 4 22 17 22 0 68 14 28 7 58 10 58 1 92 18 93 2 54 15 69 9 64 8 14 19 76 11 6
10 17 9 84 17 78 4 17 13 26 8 32 7 67 6 18 1 87 16 47 18 18 15 55 3 75 19 17 0 80 11 24 5 23 2 36 14 92 12 64
12 75 5 44 16 99 14 10 3 16 6 40 4 88 8 35 7 93 19 94 18 96 9 51 2 60 15 28 0 78 11 28 17 21 1 57 13 65 10 99
6 90 14 31 19 66 8 34 18 93 13 41 17 24 16 45 9 83 11 57 2 94 1 86 7 25 0 12 15 9 4 87 3 31 5 15 10 92 12 4
1 30 18 47 2 48 14 79 16 39 15 18 0 66 11 89 7 56 5 27 17 35 9 45 12 32 6 42 4 28 10 29 19 17 3 49 13 55 8 90
3 72 2 12 13 24 18 90 14 35 16 44 1 77 9 4 12 38 17 6 19 43 10 50 11 48 15 71 6 33 8 82 5 90 7 3 4 22 0 40
8 62 10 18 13 73 2 81 5 94 7 81 17 90 6 72 18 80 4 10 14 8 19 17 9 9 16 78 1 16 0 10 15 57 12 31 11 89 3 1
18 24 9 42 14 64 0 88 8 60 1 81 2 81 11 44 13 59 4 67 12 3 19 17 15 45 10 15 16 13 6 69 3 32 5 58 17 19 7 54
2 80 4 63 7 46 10 1 18 54 15 37 19 52 11 94 5 47 14 97 3 29 13 53 17 6 1 94 16 8 6 34 9 65 8 63 12 32 0 64
3 92 14 10 18 71 17 40 12 50 10 88 13 48 0 5 11 99 15 90 9 26 4 48 8 73 16 40 1 50 6 24 19 81 2 32 7 17 5 48
2 46 7 90 14 41 11 4 10 64 3 88 17 59 12 55 5 35 15 30 19 19 8 91 4 89 13 66 16 64 9 49 6 84 1 35 18 2 0 84
13 18 9 65 17 47 12 6 7 59 14 74 4 91 11 98 5 88 19 93 16 29 8 21 6 98 1 78 2 3 18 84 15 71 3 91 10 66 0 92
7 95 18 72 3 48 4 88 0 77 11 32 8 5 6 94 9 52 2 49 19 38 15 79 5 87 1 37 16 14 17 61 12 15 10 49 14 93 13 10
3 52 9 79 15 41 5 52 16 35 19 70 2 37 0 49 18 91 12 13 8 50 17 80 7 95 10 35 13 54 1 30 11 32 6 74 4 18 14 53
6 29 3 82 4 2 13 80 5 36 14 58 11 43 18 95 9 79 7 11 0 73 17 6 15 89 19 65 10 63 16 82 8 25 1 23 2 89 12 31
11 37 9 5 19 25 8 62 4 55 13 69 0 82 16 62 2 61 1 31 15 47 18 84 12 28 7 44 14 33 5 19 6 63 10 94 3 91 17 87
5 44 14 51 15 22 3 67 4 18 12 99 13 23 19 49 11 86 10 25 2 3 16 84 8 54 6 81 1 8 18 48 0 99 9 76 17 25 7 87
2 8 13 64 8 78 16 70 3 22 17 18 11 89 18 68 19 27 9 31 7 51 1 15 12 81 6 31 5 39 0 9 15 50 4 7 10 66 14 87
12 15 15 16 8 3 4 88 9 5 19 18 2 47 5 69 13 45 10 3 17 72 6 5 14 46 3 11 0 23 11 39 16 68 18 82 1 45 7 16
16 77 15 42 18 21 9 52 10 82 12 38 17 76 1 19 14 78 7 68 6 21 11 8 19 40 4 78 5 60 8 48 3 58 0 81 2 24 13 79
8 5 5 6 17 40 4 99 12 5 6 83 16 55 9 48 2 20 13 84 11 72 19 97 1 2 3 82 7 78 0 99 10 39 18 27 15 44 14 86
5 6 18 2 19 4 7 21 0 61 15 20 8 28 3 2 16 25 10 40 2 78 13 61 4 22 9 89 17 89 6 2 12 8 14 11 11 9 1 64
12 92 18 2 9 28 8 71 11 53 4 89 13 38 7 27 15 36 19 92 10 71 3 45 2 20 6 4 14 10 1 46 17 55 0 93 5 39 16 53
9 77 16 15 2 77 13 87 6 22 3 90 7 68 12 95 15 72 1 67 0 11 10 18 17 18 19 81 5 43 8 1 18 16 14 57 11 19 4 96
18 40 2 35 13 56 5 99 16 93 10 89 1 60 0 21 12 14 15 26 11 22 8 53 19 32 7 33 6 86 4 90 17 2 3 44 14 42 9 26
1 43 2 7 12 28 4 43 0 87 3 31 6 15 16 51 18 95 15 81 9 73 19 19 11 20 7 84 13 38 10 32 14 97 8 61 5 71 17 19
12 79 10 88 5 70 13 22 19 61 1 62 16 6 4 42 9 73 2 82 0 35 15 74 3 69 6 60 7 73 8 1 17 72 11 32 14 53 18 58
9 49 13 22 5 52 15 53 14 15 17 30 11 60 16 92 12 4 7 44 2 87 10 12 8 98 4 25 1 54 0 9 18 85 6 80 19 17 3 16
16 9 8 4 2 79 11 84 18 80 7 48 5 67 15 97 9 63 3 45 13 98 6 22 0 77 19 57 17 40 1 51 10 54 12 7 4 54 14 81
11 16 12 63 3 97 14 19 9 57 16 5 18 46 2 98 7 19 10 66 4 6 13 55 17 65 5 49 8 35 1 10 19 95 0 89 15 2 6 94
17 3 0 25 7 53 14 30 12 46 8 91 13 81 18 44 15 63 3 82 19 97 9 45 5 20 2 50 10 17 1 2 11 87 16 55 6 61 4 49
6 54 5 2 14 38 10 69 0 34 15 16 18 83 12 54 11 14 19 24 17 58 2 55 9 6 3 53 13 64 1 44 16 42 4 85 8 55 7 95
6 15 5 90 3 2 13 84 9 60 11 6 1 46 14 72 7 98 18 22 2 55 19 32 16 68 0 17 15 69 8 16 10 49 17 37 12 54 4 12
8 56 7 38 0 75 4 67 3 68 15 90 5 36 1 11 14 8 17 57 18 96 19 32 10 33 13 94 6 73 12 73 16 34 11 52 2 82 9 48
8 40 12 53 4 51 2 70 5 74 9 47 7 28 16 55 17 63 19 81 3 60 13 59 10 17 1 10 15 36 6 75 18 67 0 16 14 36 11 19
19 52 14 36 4 6 5 17 13 11 0 98 2 66 15 94 3 53 11 68 1 33 8 8 18 39 12 37 9 62 7 21 16 79 10 56 17 25 6 28
5 18 1 18 3 44 18 90 0 74 14 75 12 97 17 16 2 70 19 6 4 81 10 97 7 80 8 26 6 13 16 23 9 80 13 49 15 16 11 61
4 13 3 18 10 8 5 85 9 13 8 45 0 34 2 85 14 1 11 60 6 15 12 32 18 65 1 32 15 47 13 16 17 59 16 89 7 61 19 14
9 37 1 94 13 33 10 50 7 28 0 44 2 86 11 89 4 40 19 79 6 16 15 21 12 48 5 21 8 25 16 68 17 83 14 1 3 78 18 34
8 3 19 79 12 19 11 74 7 88 2 24 18 36 16 30 13 99 6 97 0 47 14 1 17 75 4 83 9 26 1 72 3 83 15 13 5 60 10 8
10 6 19 25 9 53 14 61 0 57 7 7 5 9 2 5 6 48 4 20 15 52 11 4 16 96 8 70 3 97 12 7 17 45 13 46 1 8 18 2
19 16 0 61 9 97 4 71 3 84 11 29 14 38 8 65 17 99 15 86 10 92 2 94 6 64 12 46 16 5 1 71 5 85 13 95 7 98 18 62
4 76 0 20 3 96 16 7 13 80 17 35 18 82 8 62 10 23 1 94 5 9 14 1 11 56 7 65 9 22 19 50 2 79 6 3 12 36 15 86
15 55 11 48 16 20 10 1 5 25 3 26 18 42 13 87 2 9 17 93 4 49 9 24 12 73 7 53 1 36 14 99 19 31 8 46 0 15 6 55
1 61 3 82 19 2 10 22 7 84 4 47 9 15 0 64 18 89 6 88 12 92 14 57 13 57 16 56 5 20 15 85 2 85 11 74 17 77 8 67
11 90 14 70 7 33 4 73 9 61 3 4 6 62 12 41 17 51 1 35 16 35 13 97 0 15 2 42 8 16 10 84 19 98 18 35 5 75 15 28
3 95 19 44 11 95 18 54 9 12 0 13 1 87 12 74 4 7 2 35 10 7 7 42 5 30 14 34 8 17 15 46 17 80 6 17 16 56 13 80
9 79 4 72 14 1 15 22 16 11 0 39 8 50 5 52 11 61 7 69 12 72 1 6 10 30 2 44 6 23 17 2 18 88 3 69 19 6 13 85
6 19 18 90 12 20 5 81 11 55 8 90 3 73 16 31 7 33 4 55 9 4 10 98 2 52 15 70 14 66 0 96 19 56 17 10 1 25 13 68
11 76 13 6 19 56 12 70 9 15 6 13 8 8 5 41 17 25 3 7 10 85 4 63 16 97 14 71 1 87 0 40 2 54 7 57 15 27 18 80
7 42 1 65 19 79 13 59 12 75 2 75 17 96 6 32 11 69 9 24 4 6 3 74 18 76 15 72 0 13 8 58 16 2 5 7 10 54 14 48
6 38 17 78 1 8 10 65 18 79 4 29 16 57 0 70 2 23 13 10 11 73 14 84 3 89 15 37 7 58 12 3 19 4 9 34 5 93 8 52
15 92 5 35 19 55 17 55 10 97 7 63 11 20 18 13 8 66 2 64 3 45 16 87 9 39 12 23 13 52 14 33 1 34 6 47 4 72 0 42
7 49 14 47 11 92 16 96 5 50 17 21 1 33 9 26 4 40 19 28 8 93 6 22 3 84 12 95 10 95 2 86 13 9 15 3 18 87 0 74
9 68 11 10 19 62 5 41 1 46 2 87 12 29 14 29 15 24 4 9 18 74 16 21 6 16 17 65 3 64 7 94 0 62 10 37 8 6 13 70
1 16 19 67 15 51 17 88 13 99 14 62 7 50 6 5 3 17 11 62 18 5 9 71 16 46 4 77 5 52 8 94 2 18 10 69 0 14 12 5
10 73 8 64 16 4 0 16 13 13 14 38 2 1 3 7 6 89 9 60 7 91 15 64 1 41 11 37 4 92 19 47 5 20 18 23 12 90 17 77
4 56 17 42 7 63 9 5 14 83 3 3 15 34 16 78 18 40 1 73 10 66 5 57 11 15 0 17 12 22 2 16 19 59 8 82 6 42 13 35
19 77 1 71 14 8 16 88 4 33 0 86 5 33 7 36 3 11 6 33 10 22 9 57 15 66 13 6 2 60 18 52 11 41 17 59 8 61 12 79
19 3 0 79 5 25 4 39 8 88 11 85 14 63 16 67 1 50 7 21 18 9 9 51 3 87 10 86 6 24 17 69 13 84 15 28 2 93 12 44
6 82 3 11 16 3 19 50 8 86 10 32 15 72 4 32 17 33 13 75 5 90 11 63 18 81 0 36 2 77 12 23 14 98 7 5 9 12 1 66
8 71 1 7 4 58 12 20 2 56 9 36 14 63 17 70 13 27 15 79 0 40 6 24 7 24 16 61 11 91 18 95 19 4 5 52 10 17 3 6
11 23 3 66 8 60 18 76 5 6 19 78 2 64 16 53 17 96 14 60 10 38 7 49 13 20 15 9 6 20 1 39 4 44 9 61 12 91 0 6
19 34 17 62 9 82 8 65 10 95 12 4 1 38 14 40 3 79 15 42 18 90 0 59 13 97 16 35 6 57 2 32 7 26 4 60 11 65 5 25
13 59 15 2 5 98 4 60 3 26 16 75 6 8 1 76 12 51 9 11 17 62 19 4 8 65 2 32 14 17 0 49 18 55 7 40 10 26 11 10
15 95 13 23 4 52 19 75 9 76 17 14 16 59 2 82 7 31 3 87 5 99 8 52 6 14 18 50 12 92 14 39 1 68 10 73 11 65 0 60
16 62 8 92 19 72 9 11 3 55 2 4 18 15 1 37 5 94 6 46 10 95 12 25 14 50 17 60 11 87 7 16 13 4 0 85 15 20 4 3
14 61 13 25 9 51 16 23 15 98 18 66 0 81 19 18 11 93 7 27 4 70 1 74 2 42 10 86 6 45 8 50 12 49 5 84 3 22 17 84
13 25 10 29 7 90 19 12 5 61 8 53 17 50 18 38 3 33 15 28 6 8 0 1 1 74 4 12 14 70 11 86 9 61 2 51 16 97 12 91
6 26 2 28 18 27 14 20 1 20 4 57 13 90 16 30 10 93 7 10 17 23 15 95 5 35 19 61 0 80 3 65 9 74 12 15 8 2 11 60
12 84 8 5 9 86 14 42 17 10 2 36 3 86 1 86 11 98 18 35 6 89 16 99 0 35 19 32 5 62 13 44 15 34 4 8 10 53 7 98
4 42 6 26 3 35 9 27 8 56 14 75 17 1 12 58 15 47 18 12 5 36 11 79 10 15 0 93 19 80 1 26 13 89 2 47 7 55 16 67
10 39 1 82 19 61 13 22 16 46 5 58 6 59 17 49 14 94 7 22 2 56 11 79 12 83 4 14 3 80 18 67 9 48 0 32 15 69 8 99
19 55 3 70 0 2 17 26 15 88 13 79 18 40 5 71 1 32 2 20 8 56 12 98 4 15 7 30 6 97 10 4 16 8 11 61 9 66 14 38
14 93 16 26 18 72 2 8 11 4 9 71 13 13 7 99 3 86 19 12 17 12 10 68 1 23 12 31 15 59 4 88 8 63 0 78 5 78 6 19
13 52 6 67 17 60 9 54 14 98 8 66 5 66 2 74 16 93 18 38 7 82 1 12 11 89 15 31 0 54 12 29 19 60 3 76 4 70 10 37
16 50 19 85 15 58 7 34 13 22 6 31 18 9 11 77 2 60 0 25 14 80 5 57 12 48 3 17 8 73 9 21 17 41 1 78 10 60 4 3
5 15 11 83 13 88 7 29 3 32 6 22 17 52 9 38 8 82 0 46 1 64 18 43 16 71 15 22 19 16 2 14 4 14 12 68 10 27 14 20
0 21 18 98 2 6 13 2 4 63 14 38 17 61 16 9 15 65 5 74 1 68 19 54 12 75 7 17 11 88 8 16 3 72 10 78 9 29 6 60
2 5 15 29 12 40 6 74 17 45 1 2 9 46 16 56 10 34 8 58 4 12 11 80 0 24 3 59 13 43 14 57 7 85 18 76 19 8 5 5
