100 20
12 27 5 11 18 78 8 33 11 1 16 63 7 32 9 30 13 55 0 85 14 29 19 54 3 21 17 93 1 53 15 76 4 54 2 62 10 80 6 63
6 44 3 52 2 5 5 83 17 69 4 81 8 6 10 76 0 91 13 85 18 80 9 6 7 10 12 8 19 94 14 55 11 3 15 24 16 60 1 78
19 70 9 79 1 35 11 50 3 64 12 66 15 87 2 37 5 77 16 63 6 84 8 12 10 69 0 54 13 25 4 90 17 12 7 15 18 70 14 83
18 58 10 59 13 87 6 56 2 59 15 61 14 32 9 24 5 6 4 10 19 81 12 82 16 4 11 43 0 54 7 77 3 33 8 88 1 56 17 55
8 83 5 77 1 52 17 17 12 79 3 10 6 32 19 26 4 35 0 71 11 23 18 63 16 24 14 6 7 20 10 1 15 36 2 46 13 63 9 42
8 65 5 21 13 47 0 38 9 81 3 7 7 36 11 52 10 66 6 13 16 10 2 3 4 1 12 72 15 42 18 52 14 20 1 65 17 48 19 75
4 5 1 93 2 60 11 48 6 23 17 26 18 44 19 92 14 51 8 24 3 38 12 61 15 90 13 57 9 45 7 21 10 62 5 9 0 70 16 2
17 30 18 23 15 72 5 9 16 53 0 23 7 14 12 9 10 16 11 99 9 68 4 45 6 86 13 25 1 51 2 75 8 89 14 71 19 27 3 3
7 41 5 47 16 38 2 1 6 66 15 69 0 89 18 26 14 87 10 25 12 35 1 99 8 14 13 17 3 23 17 47 4 3 9 74 19 43 11 72
4 12 6 77 11 47 18 82 0 68 16 3 3 30 7 70 15 21 12 48 5 95 13 15 17 46 1 33 8 34 10 9 19 66 14 99 2 9 9 65
16 84 2 2 8 60 1 14 0 83 5 6 7 79 9 13 12 13 6 22 18 80 15 44 11 45 13 57 3 89 10 27 19 69 4 52 17 6 14 79
11 31 12 59 7 20 16 9 17 35 10 45 19 72 9 59 13 41 18 24 3 53 4 67 6 33 1 34 5 99 2 66 0 24 14 47 15 38 8 77
7 57 15 57 5 39 1 46 16 87 11 57 6 20 18 4 17 70 4 65 13 33 8 57 10 88 2 69 14 66 3 14 0 37 9 16 12 86 19 5
12 77 2 16 13 92 17 19 16 47 8 67 3 98 11 27 18 15 6 65 1 85 14 38 4 92 15 22 19 20 0 49 7 74 9 31 5 70 10 92
7 89 17 88 13 22 15 29 16 19 4 6 11 10 3 69 19 25 8 73 0 2 10 51 14 79 18 87 9 61 2 44 1 25 12 44 5 43 6 98
5 6 3 8 15 41 12 50 16 49 17 1 4 86 11 76 19 48 14 12 1 1 13 18 8 36 9 39 6 88 18 85 7 38 2 51 0 7 10 51
12 89 15 46 2 16 9 89 11 96 18 6 19 69 14 74 3 77 1 34 10 66 16 37 13 33 8 26 6 57 5 14 4 66 17 27 7 6 0 4
8 54 1 80 0 25 7 89 9 52 17 56 13 92 4 45 12 95 3 10 2 9 18 40 15 92 19 96 5 49 11 50 14 13 6 53 16 32 10 71
16 32 7 34 10 29 9 57 18 77 15 70 1 73 3 16 17 67 19 41 6 3 5 82 12 38 13 42 14 32 8 99 4 12 0 67 2 4 11 23
15 19 3 56 12 54 13 88 5 97 1 50 2 97 14 68 0 78 6 3 17 23 18 34 11 4 8 28 7 2 16 51 4 48 9 65 19 37 10 45
14 70 5 83 1 6 4 35 18 59 12 95 11 5 16 44 8 47 10 54 15 89 2 41 19 21 0 23 9 7 17 72 6 38 7 54 13 8 3 28
0 43 4 11 5 34 15 90 14 55 11 73 16 86 19 71 3 52 7 89 13 63 9 86 18 60 12 39 1 78 10 11 2 97 8 72 17 64 6 20
7 77 17 33 2 41 10 3 15 13 18 94 6 95 0 21 12 39 19 37 8 83 13 24 1 40 11 79 9 20 3 2 4 14 14 82 16 90 5 69
3 14 0 87 10 73 12 99 8 70 16 14 18 75 1 37 11 66 2 8 17 30 4 5 13 80 5 99 9 85 7 51 15 32 14 24 6 23 19 48
19 64 14 62 1 17 2 17 15 34 10 24 12 24 13 58 4 83 9 29 3 74 18 19 17 15 5 81 7 58 6 80 16 14 0 71 11 75 8 58
7 8 0 22 18 85 8 88 17 65 5 39 4 27 9 11 6 60 10 40 13 13 2 7 1 27 11 18 12 48 16 47 15 1 19 41 3 98 14 40
14 33 7 44 11 85 16 25 19 41 18 97 8 40 6 96 17 60 1 99 2 25 3 7 13 16 15 78 5 86 0 32 4 79 9 84 10 54 12 59
0 17 13 31 4 10 9 88 12 25 14 32 10 78 2 57 11 42 17 48 6 14 15 44 1 6 16 81 8 6 5 27 7 36 3 83 18 3 19 64
15 34 3 22 7 32 9 53 16 87 10 9 8 71 12 72 14 31 17 85 18 69 1 50 4 36 13 85 11 97 5 91 0 82 2 8 19 23 6 32
0 42 18 38 3 38 17 58 9 78 19 61 1 8 15 59 5 47 13 31 10 70 11 28 8 65 7 56 12 16 16 9 14 91 2 66 4 18 6 92
17 50 6 72 8 22 13 1 12 37 4 59 2 35 18 92 3 38 16 77 19 10 7 88 0 10 9 63 14 14 15 31 5 42 1 36 10 95 11 14
0 33 4 21 7 66 16 26 6 13 8 79 2 20 12 59 17 54 13 3 14 24 9 21 19 29 3 19 1 18 11 77 18 24 15 81 10 8 5 36
12 93 5 33 11 63 17 7 18 56 9 85 7 94 15 45 0 70 19 79 10 17 13 20 4 32 16 62 14 94 2 18 3 86 6 96 8 44 1 58
7 11 13 58 14 96 0 24 15 24 8 52 5 42 4 94 19 56 1 96 18 57 10 19 2 80 6 21 17 17 12 48 9 77 3 84 11 47 16 92
14 25 6 93 10 1 1 94 9 55 0 63 8 86 3 64 7 68 17 21 11 17 18 86 16 66 15 50 12 59 4 46 19 76 5 24 13 4 2 82
4 2 0 56 5 67 7 90 15 17 18 22 9 66 14 27 1 8 2 47 16 41 13 78 17 63 11 38 19 86 8 73 6 48 3 79 12 83 10 73
4 23 15 71 14 60 19 58 9 67 5 29 7 67 1 52 2 49 8 68 12 56 3 48 10 12 18 36 11 11 6 84 0 9 13 22 17 51 16 34
19 69 11 53 8 62 6 4 3 52 17 78 2 44 12 29 1 34 5 64 10 51 0 59 4 52 14 88 7 22 9 82 13 95 15 48 16 44 18 42
5 9 17 47 0 38 1 6 4 90 9 9 10 36 19 42 3 12 14 26 18 17 13 91 16 9 7 30 6 88 2 32 15 61 11 58 8 57 12 82
13 21 5 27 2 98 6 50 1 17 18 73 12 59 8 73 9 80 17 90 11 44 3 19 19 63 7 68 10 46 14 67 0 9 4 69 15 16 16 93
17 83 0 5 6 78 3 9 15 68 11 83 8 85 1 80 12 13 5 25 9 98 18 73 13 55 7 20 4 25 19 55 2 9 14 88 10 6 16 32
19 61 6 95 7 64 8 83 16 42 0 48 14 35 3 36 9 74 17 87 4 59 10 52 2 91 1 68 13 5 18 74 5 53 12 30 11 73 15 54
8 44 19 92 5 78 1 8 9 65 2 88 17 42 0 65 14 95 6 89 15 93 10 27 13 84 7 71 11 14 4 55 12 56 3 57 18 52 16 84
15 30 3 94 14 56 0 90 9 67 11 39 8 70 17 7 19 85 2 22 12 30 13 7 6 49 16 35 5 33 10 69 18 72 7 62 1 28 4 84
9 68 8 90 17 6 1 76 4 35 13 28 5 24 6 98 11 95 0 8 7 27 19 98 2 42 18 22 12 91 3 79 15 91 16 11 14 17 10 60
1 39 19 26 5 95 2 56 8 96 18 39 12 71 4 15 0 86 7 66 14 26 9 79 17 86 10 24 13 84 11 90 3 58 15 24 16 58 6 24
12 70 16 34 8 3 11 62 18 17 14 23 15 30 3 77 4 21 2 66 7 46 13 99 9 6 19 30 10 2 6 95 0 8 17 54 1 11 5 28
1 39 0 93 19 31 4 11 11 55 6 95 10 6 17 28 3 36 7 34 8 55 15 95 12 91 16 82 5 58 2 21 18 70 13 80 14 46 9 97
5 14 10 28 1 32 7 10 17 31 2 22 8 8 19 79 15 73 0 53 13 47 16 99 11 91 9 35 18 16 3 49 6 32 4 79 12 29 14 71
7 66 12 32 11 60 3 67 1 60 6 51 9 98 5 43 15 70 4 93 8 9 10 94 2 67 0 33 13 94 19 65 17 93 16 11 14 81 18 20
18 12 2 44 11 54 9 45 16 76 6 86 1 72 12 20 17 48 5 41 8 73 3 35 14 3 4 56 10 81 0 18 7 93 15 30 19 17 13 2
15 86 0 44 7 59 8 87 9 27 4 30 17 73 6 56 13 35 3 49 1 33 12 15 11 64 14 20 19 33 2 52 18 28 10 95 5 48 16 32
14 43 2 96 5 28 0 37 9 62 10 13 15 37 4 22 12 44 7 84 8 24 1 26 3 25 11 33 6 54 19 6 13 76 16 61 18 28 17 88
18 67 15 15 10 52 3 40 13 78 1 13 14 19 0 25 16 30 2 16 7 35 11 96 19 71 5 96 4 33 8 11 12 64 17 79 9 52 6 43
0 93 8 23 9 36 6 10 5 22 1 15 13 11 4 27 17 10 15 42 7 38 16 20 11 17 19 99 2 22 10 81 12 74 18 22 3 32 14 29
18 67 10 2 13 92 1 48 5 17 9 64 7 23 8 21 4 93 15 84 19 32 16 42 12 67 14 35 0 55 3 84 2 21 11 84 17 90 6 58
12 86 16 54 14 42 18 2 10 99 4 76 2 96 13 65 5 38 11 30 3 21 1 36 0 85 6 62 9 9 17 76 7 36 19 99 8 32 15 95
10 79 19 82 14 36 11 66 2 90 1 79 7 3 4 3 5 42 12 92 13 25 18 84 16 37 9 94 8 11 0 48 6 45 17 45 3 46 15 79
16 18 7 97 0 82 9 96 1 4 6 18 12 42 8 36 2 68 10 30 15 83 13 44 11 90 4 85 18 95 19 28 17 34 3 43 5 82 14 84
9 49 13 50 3 10 17 53 10 59 5 19 2 44 12 34 19 31 14 4 4 10 11 53 7 49 6 87 16 54 18 7 1 89 8 37 15 61 0 17
7 24 1 62 5 90 19 43 0 69 18 44 11 79 3 1 6 95 8 31 2 43 17 39 13 66 16 78 12 51 10 78 9 94 14 47 15 56 4 91
12 21 17 56 0 79 11 30 2 86 9 60 1 33 6 22 14 37 19 70 8 97 5 62 3 97 4 64 10 88 16 23 18 14 13 51 15 72 7 36
5 95 13 55 8 85 16 50 1 78 14 4 12 74 10 15 6 56 9 68 15 65 17 42 18 65 7 69 0 85 11 70 19 23 3 57 4 53 2 92
18 70 16 29 10 94 19 32 13 91 2 1 6 65 11 56 17 86 4 5 5 90 12 51 15 32 7 49 0 14 8 57 3 39 14 60 1 11 9 46
19 44 13 75 8 52 10 55 4 55 11 99 12 36 18 83 17 31 2 27 3 5 0 18 14 12 16 53 5 4 7 95 6 46 1 9 15 90 9 60
17 83 3 53 15 99 2 60 13 98 11 73 0 39 6 76 8 22 5 5 10 99 9 78 16 38 19 52 18 32 7 61 1 36 14 2 12 42 4 85
14 25 3 60 7 5 11 82 19 96 8 20 13 45 18 25 0 12 12 91 9 95 4 87 5 50 2 69 15 6 17 93 6 61 1 71 10 94 16 78
3 55 0 43 7 31 2 21 6 92 16 23 11 5 1 52 10 56 12 31 14 9 13 31 17 53 19 20 8 75 9 70 18 79 4 96 5 34 15 4
3 39 6 12 11 44 4 71 13 99 9 84 0 46 16 13 17 66 1 43 14 19 2 65 18 6 10 46 12 73 5 2 8 80 15 30 19 52 7 60
17 43 8 37 6 30 9 84 0 73 19 3 15 22 16 99 14 30 5 68 10 15 13 67 18 42 12 61 2 96 11 76 4 72 1 16 7 81 3 12
14 74 2 73 9 2 10 68 13 32 3 70 18 7 4 88 1 73 7 91 12 58 17 28 5 49 16 49 15 55 6 81 19 79 11 3 8 88 0 9
6 22 17 17 18 29 19 30 3 63 4 69 8 15 2 77 7 89 11 89 9 11 0 89 16 77 5 73 15 83 12 4 14 50 1 29 13 28 10 74
2 91 9 76 17 10 11 45 16 61 10 85 0 32 1 39 15 34 6 93 12 44 19 83 8 17 3 43 14 72 18 4 4 46 5 46 7 97 13 1
14 14 1 69 2 60 6 91 9 36 3 38 11 5 18 55 4 23 7 39 10 39 12 66 13 20 15 39 8 94 17 4 19 62 16 44 0 80 5 3
11 21 7 8 2 59 8 22 15 59 0 77 13 1 10 47 3 14 18 17 6 14 16 22 5 51 19 79 9 60 14 96 4 5 17 64 12 9 1 97
15 1 17 42 9 20 16 9 2 15 5 38 18 75 6 57 10 48 0 42 7 36 13 65 12 29 14 42 4 84 11 25 1 42 8 27 3 42 19 55
13 98 9 71 6 37 3 21 7 2 14 34 1 71 0 21 2 11 17 16 10 60 18 65 8 11 16 1 5 51 11 93 15 58 19 46 12 94 4 85
2 48 18 25 19 90 3 98 6 75 17 3 8 28 16 80 11 47 5 89 15 82 4 54 13 62 1 45 0 71 14 19 7 61 9 28 12 17 10 72
11 82 5 98 1 78 19 54 18 2 14 26 8 75 15 88 16 39 13 28 10 6 9 19 6 27 7 39 2 75 12 48 0 64 3 5 4 55 17 37
5 91 9 57 4 89 1 70 19 52 13 88 17 16 7 23 15 72 2 24 0 3 6 56 11 95 10 41 14 21 16 15 3 1 18 72 8 8 12 56
7 4 5 94 18 74 0 82 9 71 14 85 1 14 6 10 12 83 8 63 15 94 16 16 19 61 3 87 10 64 13 10 17 81 4 42 11 27 2 47
12 34 13 87 3 97 1 72 18 20 16 77 6 59 7 89 8 18 5 76 14 34 10 95 11 94 9 77 0 18 2 17 15 40 19 33 4 9 17 36
13 46 3 49 14 69 1 68 8 62 9 8 0 6 18 80 16 90 2 28 15 29 5 1 17 90 7 76 19 44 11 20 10 51 4 82 6 54 12 74
18 99 4 53 10 72 15 62 19 25 7 4 9 21 0 70 2 22 12 35 3 34 5 95 6 33 17 4 14 60 16 82 11 82 8 90 1 95 13 96
10 58 3 67 19 94 7 99 15 44 5 86 2 52 13 96 0 31 9 47 14 86 17 75 8 45 16 67 12 29 11 58 1 82 18 66 6 17 4 34
1 21 0 7 17 46 10 4 11 37 18 49 5 76 12 47 13 17 8 90 19 33 6 12 3 28 16 30 2 19 15 57 7 68 9 84 4 48 14 4
12 63 18 78 5 42 11 96 16 57 8 39 17 28 2 5 10 36 6 90 13 32 7 19 1 56 15 85 9 51 0 72 19 89 4 88 14 67 3 23
13 90 0 15 7 84 6 4 14 93 3 93 1 77 15 11 9 67 19 86 18 53 10 91 4 49 16 94 17 19 11 58 2 75 8 18 5 55 12 48
12 91 2 48 11 96 14 98 8 29 1 50 9 65 0 69 19 50 17 1 15 65 13 13 5 64 18 58 4 34 16 25 7 73 3 64 10 6 6 70
9 69 4 65 10 66 2 55 13 96 3 48 14 18 6 33 11 58 17 80 16 18 8 35 18 6 1 82 12 52 7 82 5 6 19 20 15 74 0 41
2 34 3 47 16 20 11 46 6 81 14 42 15 47 7 64 17 94 18 62 4 10 8 98 0 48 1 76 5 90 19 32 13 26 9 37 12 86 10 48
3 43 11 25 1 10 5 8 4 15 14 40 10 25 6 23 17 87 0 7 12 77 15 92 19 72 16 35 8 44 18 99 7 59 2 59 13 49 9 32
18 55 15 95 1 66 12 68 3 87 17 44 6 9 9 17 7 77 10 70 4 19 2 32 11 63 19 46 5 39 0 55 14 24 13 38 8 25 16 37
5 43 9 43 17 2 4 58 2 57 19 71 18 34 7 66 11 33 15 69 6 93 1 75 12 32 0 36 16 44 13 61 10 11 14 48 8 67 3 16
5 40 8 11 15 27 11 1 3 75 16 4 18 14 14 18 0 63 19 97 7 46 6 97 17 87 4 17 9 3 12 41 2 30 10 21 13 5 1 30
7 13 9 24 16 58 13 12 17 48 0 16 6 75 14 33 8 67 1 39 18 10 10 89 3 13 19 25 11 33 12 62 2 4 15 80 5 86 4 3
10 21 15 5 0 39 11 7 14 89 12 36 8 5 18 57 7 42 3 56 19 58 16 16 5 75 9 42 4 4 17 73 13 97 1 34 6 21 2 26
8 74 13 75 7 46 18 74 3 61 11 88 0 66 15 48 4 19 16 56 19 91 2 9 14 45 5 96 17 35 10 55 12 5 1 74 9 83 6 10
11 34 17 69 9 8 10 90 0 71 8 59 3 11 19 90 1 2 14 14 5 69 7 6 4 71 6 49 13 69 16 99 12 28 18 60 2 90 15 1
9 37 1 14 7 91 4 11 10 57 6 7 2 90 5 20 0 95 16 23 15 49 19 65 17 31 8 58 11 5 13 83 3 25 18 58 14 71 12 4
