100 20
15 63 5 15 9 58 12 57 3 60 17 77 2 53 19 72 13 99 6 13 10 50 8 13 1 77 14 15 16 49 0 23 7 99 18 43 4 97 11 88
4 11 17 2 7 13 19 83 0 48 8 8 5 23 6 52 10 81 18 55 1 62 9 23 15 82 13 95 2 41 16 34 12 88 3 50 11 69 14 86
0 32 12 19 3 45 13 71 17 14 1 7 2 90 4 33 18 72 14 11 6 3 19 75 7 15 5 50 16 93 11 47 15 91 9 8 10 14 8 44
15 68 16 78 11 94 9 44 17 22 18 28 8 87 0 61 7 55 3 73 2 51 1 51 10 27 13 19 14 21 4 61 5 64 12 76 19 34 6 91
9 31 1 28 6 6 8 60 19 1 5 64 0 34 7 46 13 27 10 52 11 72 16 53 3 2 15 14 14 89 17 70 2 81 12 45 4 91 18 96
12 31 9 15 13 40 16 61 19 32 5 31 10 72 1 49 4 4 14 80 7 40 6 89 3 41 11 91 0 39 15 67 18 57 8 12 17 25 2 47
3 17 5 47 12 53 6 5 10 33 1 77 7 21 13 86 8 50 14 88 17 90 16 42 18 15 9 30 19 85 15 97 2 54 0 38 4 39 11 56
7 97 13 74 9 28 6 1 18 3 8 46 12 52 19 62 11 93 10 70 0 94 3 16 1 36 5 92 2 39 16 94 15 96 4 92 17 82 14 74
8 45 1 57 0 61 16 9 13 61 17 21 4 22 3 36 19 73 5 4 18 19 6 7 9 79 12 93 2 29 10 37 14 50 11 4 7 69 15 40
6 87 13 23 12 26 11 96 18 40 10 9 19 26 3 25 7 73 15 79 8 31 1 77 4 96 16 59 9 86 17 52 5 13 2 35 14 57 0 16
0 89 6 70 9 17 12 79 10 3 18 79 7 83 14 95 5 42 13 45 1 81 15 87 2 10 8 64 16 92 4 65 19 56 17 17 11 72 3 87
17 52 9 46 7 22 16 10 13 72 5 11 4 77 14 78 15 92 1 44 0 46 8 62 2 61 18 63 6 97 11 46 12 43 3 90 10 13 19 65
17 55 0 7 12 75 8 87 1 1 9 62 3 63 10 36 5 98 13 79 4 60 18 79 6 97 2 49 15 70 11 78 7 47 19 83 14 28 16 42
11 87 5 33 15 62 10 51 17 85 9 45 6 99 4 75 18 1 0 25 1 7 13 54 14 78 7 1 3 81 16 80 8 22 2 36 12 98 19 44
8 85 3 11 9 2 2 59 4 19 19 88 6 1 7 71 11 79 16 97 10 32 14 96 13 52 18 78 5 48 17 14 12 82 1 40 0 55 15 69
15 26 11 42 18 15 14 3 12 91 7 60 13 52 8 64 6 78 3 18 4 85 19 53 1 59 0 39 2 52 9 93 10 77 5 38 16 16 17 36
0 83 5 7 12 80 6 76 13 19 14 72 17 68 7 91 15 55 3 95 8 30 19 92 16 12 10 34 9 76 18 56 11 41 1 86 4 42 2 26
10 37 19 33 18 24 7 56 11 69 2 8 12 37 13 40 4 83 5 22 9 58 14 83 6 23 15 41 0 50 16 26 1 6 8 63 17 8 3 25
14 60 6 59 9 45 5 95 3 91 17 1 12 88 8 26 16 75 13 38 1 74 11 21 19 46 2 93 18 56 10 61 7 60 0 60 4 93 15 36
3 34 18 95 10 70 15 2 2 46 17 45 4 28 16 7 5 22 6 65 19 58 8 16 0 46 14 30 9 1 11 55 13 76 7 77 1 28 12 41
15 5 17 39 13 95 11 56 18 61 12 59 14 22 16 8 2 69 4 99 8 29 10 75 5 47 6 25 19 8 0 71 3 41 7 97 9 78 1 48
5 70 4 79 19 47 18 63 14 28 9 65 16 58 13 59 7 93 10 27 17 51 12 37 3 90 11 90 2 85 8 53 0 35 6 40 15 79 1 17
9 37 1 56 8 88 0 11 19 35 7 27 13 16 4 18 14 82 11 67 10 47 16 28 17 72 15 73 12 75 3 8 18 15 2 7 6 72 5 43
13 17 5 45 12 59 1 32 16 56 17 24 6 59 2 16 0 91 18 64 4 17 7 16 3 69 14 57 19 14 10 36 11 83 15 6 9 12 8 26
0 45 12 73 17 73 11 71 4 22 5 54 18 89 7 87 3 65 13 5 19 4 1 42 8 80 10 38 16 31 2 37 6 68 14 89 9 92 15 24
17 95 2 79 4 54 5 85 3 2 12 82 8 57 16 34 13 20 6 62 11 18 19 83 18 55 14 88 10 46 1 34 15 56 0 5 7 91 9 62
0 99 15 82 19 19 14 10 1 67 10 86 18 36 4 27 9 87 13 44 11 91 16 37 7 52 5 87 12 89 3 86 2 76 17 44 6 18 8 19
13 75 10 4 0 27 17 59 14 36 9 43 6 26 4 96 18 43 3 92 1 67 15 16 16 64 11 72 12 29 19 82 7 58 5 98 2 82 8 1
16 82 19 1 17 23 4 20 8 83 3 7 14 52 13 51 0 81 15 62 5 25 1 62 12 37 9 97 18 59 10 64 11 28 7 96 2 27 6 86
1 35 17 98 14 24 0 80 13 21 10 15 18 34 4 18 7 41 8 65 6 94 12 46 9 50 2 98 3 85 11 54 16 77 19 3 5 23 15 39
3 31 10 49 15 98 2 26 9 19 6 81 14 96 0 90 13 89 19 16 4 72 7 76 16 37 11 87 8 12 12 54 5 95 1 57 17 85 18 39
3 35 14 86 17 60 10 16 13 37 9 50 0 93 5 57 11 34 1 71 18 27 7 23 2 2 6 51 8 96 12 16 4 33 15 60 16 92 19 63
9 81 12 36 17 55 16 9 6 16 2 20 3 26 11 73 7 59 18 18 10 3 8 27 0 11 19 99 14 64 15 50 13 26 1 25 5 31 4 34
0 32 5 73 6 6 10 30 12 13 18 48 4 75 7 35 16 40 9 24 15 65 17 2 8 87 14 3 3 55 13 6 1 9 2 59 19 79 11 92
17 45 0 55 10 7 9 17 14 42 18 98 6 99 1 82 3 1 12 84 16 80 7 64 8 16 19 35 4 77 13 20 15 74 5 28 11 44 2 93
3 17 8 7 16 69 18 94 13 85 14 9 12 91 5 41 4 73 6 63 2 8 19 36 10 45 17 17 15 60 9 68 1 96 7 60 0 48 11 72
9 34 5 91 12 30 17 50 11 61 6 20 4 90 13 51 1 14 16 33 0 80 3 94 7 30 2 72 14 96 15 27 18 1 8 24 10 42 19 32
2 4 13 58 12 3 5 90 15 80 10 25 6 52 19 24 8 81 4 79 14 19 18 64 17 92 1 21 16 18 7 49 11 94 3 5 9 73 0 43
2 34 0 98 8 97 1 98 16 60 11 84 4 25 14 78 9 89 3 47 17 10 10 73 19 40 18 82 15 92 13 29 5 82 7 31 12 60 6 76
1 51 15 58 5 94 19 13 11 3 17 49 8 14 14 53 9 91 13 70 4 98 18 63 3 85 12 67 2 30 7 3 6 20 10 25 0 16 16 74
19 8 17 98 5 28 10 14 6 99 18 13 13 6 15 22 9 64 2 35 7 83 12 4 11 16 16 33 3 69 0 19 4 25 14 66 8 17 1 65
3 10 0 80 6 12 15 55 8 28 10 21 11 51 13 29 18 16 19 83 4 22 5 25 17 72 1 61 16 23 2 77 9 65 14 18 12 88 7 50
13 35 11 42 3 82 5 70 19 3 14 98 1 63 16 35 15 1 0 81 17 81 10 37 2 47 8 28 9 48 4 55 12 40 18 77 6 26 7 32
2 77 10 24 1 42 5 99 16 84 6 4 3 54 9 4 12 65 11 51 17 32 7 2 14 56 13 47 8 34 18 10 0 94 19 41 15 55 4 5
6 3 8 95 17 16 18 17 3 53 13 47 11 98 15 33 0 42 1 76 16 28 10 18 14 57 4 27 19 82 12 87 7 56 2 52 9 84 5 25
5 87 0 63 10 53 6 51 12 97 18 51 19 27 3 92 17 70 7 73 1 26 8 59 14 65 2 49 9 62 15 86 16 40 11 78 13 73 4 10
8 38 6 70 12 13 10 34 3 72 14 95 16 50 13 46 9 95 15 55 18 20 5 2 4 57 7 2 17 36 0 71 19 69 1 27 11 56 2 89
16 17 19 90 17 19 4 92 8 82 15 55 12 69 5 3 11 11 13 40 10 48 14 52 1 40 18 41 6 54 0 30 7 18 2 53 9 27 3 59
13 23 0 35 5 71 17 47 16 1 1 15 15 35 4 4 3 32 12 10 7 81 19 14 9 40 10 89 11 17 6 99 8 12 14 69 2 38 18 97
3 8 18 81 8 22 17 6 1 7 11 12 10 70 14 29 12 58 6 61 4 63 7 90 19 71 13 40 5 85 15 1 0 29 2 75 9 88 16 72
8 67 14 87 3 90 5 28 15 66 6 27 7 55 10 11 9 87 11 53 12 55 13 27 1 31 4 97 0 93 17 71 16 56 19 3 2 81 18 30
12 4 13 89 4 13 7 14 0 26 5 39 18 79 19 91 10 6 9 78 1 72 17 82 3 15 8 6 6 91 15 94 14 49 11 53 16 55 2 93
17 1 14 43 0 10 19 28 12 73 16 33 5 35 8 52 13 64 3 81 7 77 4 82 1 97 2 81 11 10 10 6 18 98 15 74 9 96 6 60
15 31 8 55 14 65 10 27 9 1 11 9 6 12 12 60 17 57 7 47 19 95 0 31 13 73 3 97 16 24 2 36 4 15 18 59 5 75 1 80
16 64 0 13 4 49 14 58 9 38 15 96 1 2 2 61 17 16 12 82 10 35 18 54 8 16 7 74 5 70 13 92 19 36 3 88 11 9 6 21
15 50 19 5 8 42 18 2 9 87 12 35 11 12 7 12 17 85 0 91 3 53 5 1 10 1 13 23 2 92 16 94 6 74 4 69 14 18 1 31
17 1 7 18 0 6 16 20 2 9 13 77 19 48 15 28 10 69 18 36 9 25 1 20 14 97 4 14 12 9 3 71 6 24 8 98 11 32 5 48
12 55 1 47 19 79 3 53 7 77 6 38 8 66 18 99 17 11 13 37 4 52 5 63 16 87 9 92 2 2 14 26 11 88 10 59 0 8 15 96
14 94 6 87 2 41 9 54 18 41 16 72 19 28 3 32 4 71 1 6 5 57 10 10 0 44 17 76 13 15 12 79 15 28 8 22 11 61 7 52
17 21 5 1 7 93 15 10 8 56 0 3 3 2 10 12 1 56 16 41 6 37 14 16 2 75 4 16 11 37 18 12 19 35 9 36 13 44 12 27
9 41 16 25 7 4 8 12 13 28 6 67 14 89 17 23 19 64 4 14 0 62 11 65 12 52 5 47 1 6 15 36 2 84 3 18 10 46 18 52
18 37 19 44 9 7 12 57 6 51 1 91 16 21 17 93 8 40 2 95 0 80 14 55 13 83 11 91 15 23 10 35 3 85 5 68 7 9 4 16
10 47 2 25 14 27 9 67 17 58 7 12 8 18 11 20 0 52 19 85 3 52 13 21 4 52 1 54 6 58 16 58 5 16 15 66 12 83 18 67
2 23 8 66 18 92 10 49 5 41 3 49 17 86 9 4 4 82 19 45 15 39 12 79 13 74 16 97 0 57 7 42 6 21 1 66 11 53 14 87
9 91 5 95 10 24 18 25 0 17 2 78 6 38 11 5 12 70 1 23 15 75 7 55 3 42 16 36 17 11 4 81 8 59 14 62 13 62 19 61
4 5 8 40 0 3 16 84 9 78 19 42 17 95 13 55 18 73 6 5 10 37 2 89 14 58 11 45 5 97 3 76 15 68 7 98 1 73 12 51
14 96 16 70 15 54 0 36 8 94 9 5 18 39 1 94 10 99 12 88 17 70 2 96 4 20 7 12 11 15 5 64 3 53 13 6 19 18 6 59
11 58 6 48 0 77 12 27 18 75 13 54 3 67 15 74 8 44 1 94 16 30 7 45 14 93 19 23 2 44 9 53 5 39 17 89 10 68 4 85
11 63 10 69 14 71 1 48 9 82 18 10 19 72 17 8 8 94 6 26 16 59 13 41 4 89 7 37 5 95 15 83 2 6 3 47 12 20 0 78
18 66 6 77 16 98 2 29 15 29 13 51 11 37 5 45 8 95 7 69 9 82 0 20 17 48 10 74 3 70 4 92 14 69 12 92 1 4 19 37
17 61 9 4 13 57 8 82 4 76 15 82 6 30 12 1 2 35 14 11 3 10 1 71 16 84 5 18 11 15 19 65 7 92 18 76 10 12 0 34
16 86 2 22 10 20 4 7 18 38 15 71 0 67 17 45 1 4 8 78 14 15 12 77 19 24 9 75 5 98 3 82 13 68 7 1 6 53 11 91
0 86 12 76 18 22 14 40 1 7 9 26 15 98 11 49 4 90 2 50 3 18 16 62 17 48 5 46 19 24 7 5 13 75 10 72 6 14 8 70
4 23 1 74 2 46 12 2 11 21 9 8 19 28 14 18 10 2 3 77 7 7 16 40 8 11 0 42 5 28 6 84 18 67 13 70 15 28 17 1
4 63 6 12 14 12 5 56 16 85 11 66 17 1 13 65 19 73 1 36 12 15 10 20 0 80 3 78 18 50 7 7 8 67 15 6 9 71 2 67
15 34 11 93 7 15 14 88 19 30 17 7 16 90 8 73 10 12 0 71 9 23 5 13 12 31 3 68 6 8 13 91 2 51 4 24 18 93 1 17
14 65 13 3 5 12 10 56 16 50 11 24 15 54 6 90 19 5 0 19 7 31 1 34 8 12 4 36 3 27 9 8 2 18 17 9 18 32 12 24
14 5 15 44 16 91 13 1 7 94 10 7 1 48 17 89 6 1 0 31 19 75 12 87 18 87 2 42 11 7 9 12 8 67 5 92 4 15 3 70
2 67 19 24 1 26 12 15 9 11 6 59 11 4 3 49 15 51 0 70 10 63 5 65 8 44 18 58 13 58 14 27 7 40 4 92 16 20 17 8
1 78 9 68 5 62 13 5 15 2 0 76 3 17 7 86 19 70 14 26 17 64 16 66 12 55 18 68 2 68 11 42 6 77 4 36 10 70 8 85
2 87 1 88 6 29 8 67 13 53 12 91 17 42 16 31 9 33 0 40 19 52 5 42 10 1 4 77 14 65 11 11 18 70 15 28 3 40 7 12
1 38 15 95 13 15 12 85 16 41 18 78 9 79 2 32 17 58 6 14 8 93 10 91 4 86 14 32 3 69 19 71 7 51 11 10 5 59 0 23
8 20 17 50 10 73 18 89 11 54 4 18 9 33 6 99 2 75 16 36 5 10 1 13 14 86 19 5 13 97 3 35 0 56 7 17 15 29 12 24
0 43 7 29 11 11 1 65 18 2 3 19 5 74 4 23 9 46 8 54 19 56 13 82 15 32 14 59 12 75 6 87 2 81 16 98 17 5 10 70
0 95 14 61 9 13 16 43 3 61 6 63 13 89 19 12 1 71 4 12 11 4 5 92 8 17 15 28 18 36 17 59 7 33 10 76 2 44 12 59
15 43 1 12 16 15 4 63 5 83 8 71 12 54 9 41 0 27 14 72 13 73 3 98 11 46 17 87 6 65 10 87 7 54 19 51 2 78 18 65
7 4 18 92 14 69 3 11 6 62 12 41 0 95 9 24 19 13 11 90 4 29 5 49 13 3 15 72 2 86 17 88 16 31 1 7 10 39 8 80
15 69 5 96 6 4 12 78 2 9 7 18 17 36 16 67 1 69 18 84 0 81 19 37 11 9 10 96 4 99 14 77 8 43 3 74 9 27 13 77
2 25 12 74 18 34 5 62 9 55 4 23 17 97 19 64 8 20 7 32 13 89 0 1 15 55 6 66 10 1 14 24 3 7 1 38 16 76 11 64
17 40 10 45 19 50 11 32 15 15 16 99 2 1 9 69 7 82 13 19 0 84 5 46 3 5 1 52 4 60 18 80 6 7 8 71 14 78 12 74
9 95 10 39 3 22 17 79 2 8 8 15 4 50 0 27 18 45 16 6 11 24 7 84 5 77 19 61 13 51 1 12 12 33 6 13 14 66 15 17
16 56 17 70 2 70 19 66 6 10 9 72 12 18 5 3 0 94 8 23 15 53 1 53 18 55 13 61 3 24 10 94 14 25 11 87 4 9 7 18
17 24 8 76 4 40 15 20 0 95 19 50 7 57 13 79 16 60 3 54 6 66 9 6 14 20 2 66 18 99 1 26 12 74 11 46 10 3 5 29
3 61 7 40 13 15 0 73 14 45 18 52 5 9 16 15 15 54 4 4 8 98 11 59 10 75 6 40 12 66 19 16 1 16 2 22 9 72 17 97
19 70 9 29 1 2 11 94 7 10 3 7 10 96 12 1 5 65 14 68 2 62 13 25 8 85 0 14 15 35 16 5 18 82 4 24 17 70 6 71
5 67 16 2 18 47 12 74 19 84 7 33 8 14 15 80 13 60 11 83 0 65 1 95 3 87 14 8 6 42 17 50 10 95 4 95 2 15 9 10
13 75 7 30 5 86 19 83 17 58 9 10 2 67 10 58 0 95 1 41 6 52 12 12 16 77 14 17 4 20 15 17 18 96 8 45 11 53 3 36
1 13 13 94 10 65 19 21 15 29 11 81 7 99 6 83 17 91 4 80 16 11 9 63 3 82 5 37 18 15 14 45 0 27 8 20 2 27 12 42
10 64 3 82 0 13 13 50 2 23 12 41 4 43 9 88 1 26 16 63 14 92 11 24 6 64 18 9 19 51 15 18 8 51 7 42 17 75 5 27
6 45 10 85 2 56 12 15 13 80 9 41 8 44 14 75 5 99 7 70 11 88 3 82 16 17 4 99 18 92 0 72 19 25 17 54 15 93 1 76
