100 20
7 13 18 80 5 52 16 45 9 85 4 3 14 58 1 72 15 2 10 38 17 77 0 66 12 20 3 66 2 88 13 35 11 69 8 33 6 38 19 34
18 27 12 95 0 88 8 78 6 72 9 97 11 43 16 43 14 84 10 96 13 2 1 68 3 5 17 53 5 7 4 39 2 83 19 65 7 12 15 20
7 63 0 13 13 80 18 3 12 33 2 32 9 52 6 23 4 26 1 68 17 92 10 23 11 42 5 64 8 69 14 78 15 9 16 38 3 74 19 16
19 62 3 15 6 29 5 5 1 80 14 30 8 45 12 54 7 31 17 53 10 37 11 58 13 60 15 1 0 71 16 89 9 11 4 61 18 14 2 32
18 14 2 40 17 19 14 61 13 15 16 29 0 18 5 36 1 30 15 94 12 15 19 46 4 45 11 48 6 10 7 92 9 67 10 88 8 74 3 91
4 69 0 41 12 1 13 13 15 67 11 47 16 41 6 82 17 75 8 47 14 35 3 39 5 80 18 30 7 75 10 20 19 58 9 33 2 70 1 23
11 65 13 55 1 71 17 26 15 62 9 77 3 42 14 8 12 25 7 84 5 43 16 59 0 55 6 64 4 14 18 61 2 30 19 32 10 76 8 7
5 39 9 95 10 25 14 23 4 48 2 74 12 15 7 44 18 59 15 27 1 62 11 85 19 85 6 19 13 10 8 63 17 30 3 42 0 53 16 1
19 59 15 98 13 80 14 28 17 37 5 24 9 44 11 11 0 35 1 33 7 62 18 30 16 76 8 95 10 31 6 20 4 75 12 88 2 9 3 44
13 34 14 62 19 50 1 56 12 65 6 39 4 79 0 20 5 85 15 12 2 2 8 89 16 59 11 9 7 68 10 13 3 33 9 42 18 31 17 79
18 30 19 93 7 62 12 97 2 29 1 70 6 20 15 40 14 6 10 29 9 97 17 62 5 19 11 99 16 76 0 47 3 71 8 81 13 88 4 10
8 25 0 69 16 4 1 60 6 67 3 68 14 76 5 44 2 10 13 46 10 13 12 82 18 60 11 17 7 82 19 42 17 80 15 61 4 13 9 26
12 16 10 36 2 52 6 11 7 62 9 75 1 27 8 48 16 45 13 59 5 51 14 97 4 62 3 92 15 45 0 42 17 38 18 39 19 89 11 39
11 59 17 88 12 36 7 48 15 13 6 27 3 89 18 24 10 33 13 41 14 25 8 30 4 58 2 68 9 32 5 73 0 96 16 78 1 62 19 70
0 45 18 92 11 97 6 54 19 63 12 26 7 7 8 95 4 13 3 24 13 27 16 82 2 99 15 96 9 86 1 79 17 50 14 7 5 55 10 19
15 2 3 32 19 40 17 52 6 65 2 28 16 7 0 42 8 98 10 24 13 88 9 75 1 78 5 26 12 22 18 94 7 14 4 31 11 62 14 21
19 48 5 51 7 99 14 40 15 63 17 94 4 65 18 67 9 47 16 80 11 94 13 77 6 93 8 48 12 89 10 97 2 41 0 37 1 20 3 3
1 98 4 67 14 46 8 71 7 45 13 42 0 20 10 76 15 71 2 99 3 21 6 2 18 53 5 16 17 47 11 10 19 53 9 14 16 64 12 81
17 13 15 59 19 39 2 13 5 19 14 76 13 77 11 61 18 20 12 73 8 10 3 28 0 93 1 6 10 41 4 84 9 46 16 87 7 47 6 79
6 58 16 93 3 74 10 85 13 5 12 38 15 88 11 94 2 78 4 21 9 94 17 72 0 24 7 84 14 89 1 61 19 35 8 50 18 90 5 49
14 59 19 87 18 7 7 6 9 32 12 8 2 75 1 55 17 89 4 4 8 62 10 69 16 79 13 79 0 23 5 61 3 7 6 66 11 4 15 39
11 43 2 41 13 10 12 18 16 93 8 95 9 62 1 61 5 47 17 66 19 7 4 44 14 73 3 69 10 32 15 24 7 71 0 48 18 19 6 44
12 65 0 40 19 91 18 62 8 63 9 60 10 26 3 84 14 58 13 85 6 45 17 13 1 36 15 43 7 29 16 89 11 57 2 96 4 34 5 32
4 25 6 38 16 79 19 54 9 26 3 41 11 57 14 27 8 82 15 25 7 86 0 95 13 12 10 9 17 29 12 21 18 61 2 95 5 24 1 93
14 95 3 46 19 6 1 57 6 25 13 50 0 81 4 87 11 45 5 61 9 88 10 10 18 96 7 30 12 52 8 65 2 1 15 75 16 55 17 62
17 27 5 37 14 89 13 87 16 48 7 1 15 87 0 92 4 95 9 16 18 81 3 3 12 58 6 8 2 64 19 31 8 22 11 57 10 40 1 56
15 35 6 92 12 32 7 34 0 91 9 52 10 59 3 45 17 40 14 10 4 50 1 80 2 33 18 40 11 39 16 81 13 38 8 17 19 30 5 48
7 40 18 82 3 10 5 34 19 20 13 91 1 80 10 2 16 4 14 49 8 74 15 89 12 97 4 33 11 54 9 55 2 28 17 93 6 15 0 57
9 54 18 30 1 13 13 50 15 48 17 96 6 9 7 69 16 1 4 7 11 22 3 35 14 49 8 57 10 34 19 66 12 87 5 12 0 77 2 26
15 60 6 65 11 89 3 86 7 2 4 84 8 54 12 6 9 54 0 8 10 6 13 9 2 88 18 40 5 70 1 58 16 10 17 94 14 34 19 42
2 32 1 77 18 28 4 33 10 76 11 73 15 92 5 20 3 48 9 16 12 71 6 57 19 20 13 61 14 10 8 96 16 20 17 95 0 75 7 48
2 54 18 33 0 87 11 36 19 30 5 39 14 61 13 96 4 81 16 95 10 18 12 48 3 92 17 20 6 69 8 83 15 35 9 36 1 17 7 96
18 32 9 8 16 40 0 39 17 58 8 62 4 58 1 87 14 71 11 5 13 37 6 33 19 7 10 22 12 79 7 7 3 63 5 95 2 28 15 39
19 64 1 55 13 37 15 38 14 48 12 22 9 83 7 23 2 1 3 88 17 52 8 47 16 89 10 16 0 6 4 80 18 68 6 55 11 31 5 20
14 44 0 35 13 15 6 36 7 25 5 69 2 71 8 9 11 14 15 42 12 14 4 80 3 55 9 3 19 13 10 29 16 40 18 49 1 18 17 85
13 69 3 17 12 82 0 2 14 11 8 24 11 53 16 25 10 88 7 49 18 38 5 35 15 95 1 97 4 67 9 52 2 86 19 4 6 26 17 38
15 66 19 25 13 65 8 68 18 26 16 43 12 6 4 99 9 33 10 55 2 11 1 34 5 50 7 46 17 15 3 40 14 25 0 9 6 27 11 27
5 92 15 37 18 10 12 30 16 25 7 76 4 66 0 47 10 90 3 11 11 5 9 49 19 53 13 25 1 3 8 21 6 55 17 31 14 31 2 9
16 77 18 50 9 75 19 61 3 54 2 18 8 48 13 83 11 9 17 88 10 16 4 40 14 95 15 36 7 90 6 14 0 19 5 24 1 6 12 79
11 56 14 34 8 41 10 79 6 51 16 92 18 24 9 42 7 36 1 34 13 14 17 20 3 83 4 74 0 44 19 21 15 41 5 58 2 82 12 49
3 94 18 49 13 87 0 38 11 51 6 47 10 23 5 56 1 39 14 8 9 33 17 89 16 80 8 83 7 99 12 4 2 35 15 66 4 18 19 43
15 64 3 90 4 86 2 1 12 90 8 73 19 91 1 45 18 39 7 99 5 96 10 28 0 5 9 48 11 27 14 92 17 31 6 26 16 39 13 5
9 94 8 54 7 85 18 86 10 63 1 98 0 21 15 2 14 9 11 76 3 20 5 10 4 68 16 15 2 24 12 72 17 2 13 49 6 45 19 2
16 28 7 81 14 96 4 93 12 94 15 18 5 64 17 26 10 9 0 77 13 88 11 23 18 62 9 73 19 20 6 51 3 66 1 71 8 35 2 35
9 46 4 64 10 75 14 54 1 53 16 10 11 3 2 37 6 81 18 6 0 16 13 43 19 71 15 68 7 84 5 2 3 16 12 60 17 68 8 60
7 92 9 60 13 27 19 69 0 1 17 11 12 72 8 6 1 95 16 6 2 38 11 88 5 96 3 53 15 21 4 72 6 24 14 75 18 83 10 92
17 9 14 61 15 63 13 95 5 32 16 74 8 28 18 91 11 92 4 95 1 69 9 29 6 60 3 51 10 86 0 84 19 36 2 58 7 76 12 79
6 7 4 71 10 69 12 48 7 38 2 11 19 13 17 23 13 59 9 59 11 53 14 26 15 55 18 27 0 95 1 91 3 88 16 89 8 5 5 70
1 39 9 90 2 20 14 49 17 45 5 23 3 6 13 46 8 89 10 48 0 39 19 51 12 83 6 87 7 48 18 57 11 75 15 66 4 60 16 11
11 28 6 16 10 12 7 34 3 64 12 79 17 26 2 59 13 71 16 6 4 81 19 95 0 90 15 25 9 72 5 36 8 5 18 82 1 79 14 5
4 15 19 35 5 31 3 85 11 44 7 83 16 63 14 95 2 83 18 34 15 48 8 38 1 24 10 83 6 3 9 84 13 26 17 46 0 9 12 13
14 65 0 95 10 35 6 33 7 99 5 79 1 34 18 93 17 77 3 2 13 35 9 73 12 37 8 35 2 44 15 88 19 55 16 35 4 83 11 29
15 88 3 44 5 62 8 31 10 93 18 22 0 63 11 68 2 11 4 68 13 54 16 74 6 54 19 32 1 97 14 70 17 19 7 63 12 2 9 5
17 8 2 10 8 70 5 46 18 19 12 21 1 26 0 19 15 79 7 62 14 20 19 61 16 23 3 14 13 73 9 69 10 97 4 60 11 76 6 69
19 41 17 56 9 1 15 63 13 21 5 84 10 10 7 62 16 59 6 23 18 16 14 17 11 43 2 61 1 43 8 60 3 59 4 66 0 62 12 38
8 27 5 45 14 36 19 54 2 36 4 59 17 5 0 25 6 33 3 36 9 91 11 98 16 7 18 45 13 37 10 54 12 57 15 18 1 59 7 87
18 45 1 31 8 96 19 34 10 45 7 63 14 7 6 48 15 34 13 9 0 50 12 58 5 14 16 11 4 75 11 20 9 10 3 19 17 39 2 41
16 31 9 14 10 63 4 33 5 93 13 41 11 70 8 1 18 59 15 27 0 57 7 26 17 39 14 37 1 75 19 76 2 32 12 32 6 57 3 65
19 8 17 81 6 60 5 59 11 88 15 3 18 89 16 75 9 55 14 53 0 99 3 21 7 12 10 44 1 69 13 6 4 10 12 70 8 74 2 11
11 95 1 37 12 63 13 73 2 27 10 17 7 80 17 55 6 87 0 51 9 48 8 23 16 69 18 64 15 1 14 61 19 60 5 68 4 11 3 56
10 97 1 53 8 88 9 50 3 26 19 96 16 71 13 27 4 41 15 19 2 47 0 22 14 54 12 48 11 5 17 65 6 78 18 38 5 25 7 51
5 82 17 91 18 17 2 12 9 25 15 13 0 49 8 18 1 20 11 29 7 71 10 59 13 50 6 59 14 10 3 76 12 33 16 53 4 1 19 87
5 72 11 42 16 65 7 49 17 38 13 73 6 81 10 68 19 56 4 91 1 26 15 11 14 81 8 77 3 17 2 44 12 19 18 48 0 67 9 26
14 15 8 90 7 22 10 66 0 17 6 7 13 29 9 17 19 33 4 8 2 83 18 38 16 13 3 73 17 57 5 35 12 18 15 71 1 79 11 88
7 14 5 75 16 21 18 93 11 94 6 96 15 39 3 19 14 17 1 75 17 40 12 49 8 69 10 16 13 57 9 95 4 51 0 47 2 24 19 85
4 81 7 45 10 45 17 4 19 93 2 35 1 55 15 68 14 71 3 66 18 43 0 59 13 26 5 61 6 79 11 46 12 22 8 58 16 68 9 50
10 56 3 14 18 38 9 87 2 50 14 70 16 61 11 25 17 85 5 91 12 59 19 57 6 28 13 1 15 15 4 21 7 75 8 23 0 50 1 58
9 46 6 13 19 87 16 91 7 52 4 63 11 91 0 26 18 49 5 83 17 11 14 20 15 62 1 33 3 73 8 41 2 2 10 34 13 36 12 15
1 75 7 31 3 1 18 65 14 52 10 73 2 52 6 8 5 21 8 60 15 2 4 10 19 41 13 61 12 47 16 69 11 40 17 52 0 97 9 10
3 83 18 80 12 74 5 33 19 93 8 31 15 33 1 69 2 21 0 83 9 83 13 78 17 58 14 27 16 95 7 64 11 86 4 28 6 6 10 69
0 97 7 39 18 67 14 26 12 72 6 14 16 79 17 52 2 82 13 78 9 79 8 80 11 20 19 18 3 4 4 64 5 25 15 7 1 28 10 66
12 18 2 38 14 53 5 85 15 5 10 85 8 82 4 9 3 37 6 17 17 6 16 1 19 15 0 30 13 3 11 93 1 54 18 65 9 68 7 60
5 56 11 56 6 29 9 80 15 55 10 58 8 90 14 5 0 7 4 87 2 68 18 25 13 65 1 98 19 2 12 66 3 37 17 59 7 9 16 53
0 39 4 94 13 38 3 59 11 70 15 58 2 71 19 1 5 19 12 94 16 83 8 95 14 85 17 32 1 15 7 64 10 57 6 38 18 19 9 83
14 50 7 89 1 70 15 39 2 82 19 42 13 61 5 67 18 72 10 84 11 81 12 33 17 18 3 63 16 72 8 38 4 35 0 81 9 25 6 95
13 45 10 34 18 60 9 76 17 33 4 55 15 75 3 10 16 49 2 24 6 20 8 23 19 39 11 39 7 97 0 61 5 99 14 38 12 45 1 3
6 41 7 81 5 19 0 30 8 79 15 46 2 2 11 3 9 48 19 22 12 55 1 44 14 86 13 93 10 97 18 13 16 34 17 37 3 46 4 70
1 33 9 69 19 39 18 31 5 50 14 79 15 1 13 58 2 21 10 61 12 44 7 88 11 73 6 21 16 69 4 96 8 13 3 41 17 18 0 1
0 85 14 47 8 54 11 93 19 43 18 29 2 73 4 43 17 57 1 15 15 99 12 27 9 38 13 85 3 9 6 83 5 33 10 45 7 63 16 18
10 84 15 16 6 58 2 52 14 74 13 25 8 71 17 48 9 3 7 10 4 92 1 86 18 31 12 70 19 86 0 60 11 72 5 97 3 51 16 63
17 32 12 33 5 42 6 47 14 39 10 66 18 63 3 44 7 28 2 43 13 26 16 72 9 68 11 70 8 28 19 26 1 86 4 3 0 18 15 88
13 18 7 89 1 79 3 71 14 28 17 72 6 5 8 8 12 16 5 87 19 5 9 84 15 85 16 19 4 8 11 16 2 72 18 48 0 78 10 63
6 97 15 69 2 65 11 55 18 30 1 9 12 50 0 96 3 42 17 94 16 12 14 82 5 19 13 37 8 51 19 2 7 78 4 46 9 50 10 67
4 95 11 48 19 69 10 94 15 12 14 79 5 86 1 81 13 71 16 95 18 36 0 1 12 3 3 18 7 10 9 18 8 10 6 30 17 81 2 4
12 79 15 89 19 75 10 60 14 23 7 15 9 67 6 82 13 8 2 97 16 53 4 38 11 74 1 97 8 65 5 94 0 22 17 91 18 86 3 71
15 70 8 3 17 52 1 94 13 44 9 83 4 36 16 13 3 60 12 82 10 36 0 52 2 67 14 9 19 20 18 52 6 85 5 62 7 98 11 88
3 89 17 36 14 90 2 78 13 6 6 62 18 29 7 87 10 44 8 4 0 43 16 50 5 3 15 69 12 65 4 51 1 74 11 64 19 32 9 55
19 90 10 56 15 13 6 15 5 14 0 32 12 94 1 1 14 15 7 89 8 5 4 31 3 18 9 34 18 84 16 65 2 51 13 63 11 86 17 62
18 63 5 43 14 60 19 43 9 58 7 65 6 42 12 35 11 51 8 60 3 15 4 17 1 81 15 35 16 17 17 34 2 73 10 64 13 53 0 20
12 87 7 96 6 76 13 48 11 66 2 85 15 87 1 62 16 34 10 96 3 44 18 65 0 92 8 76 9 47 17 88 14 29 5 20 4 32 19 20
7 8 0 19 12 63 13 22 16 41 17 20 9 41 2 58 15 81 1 70 6 36 3 29 8 84 11 48 10 35 19 21 5 86 4 77 14 85 18 1
9 65 11 64 15 83 0 85 6 11 4 86 14 27 18 59 12 96 17 23 3 75 8 38 13 58 16 84 10 31 19 27 1 33 2 14 5 14 7 21
4 69 9 26 14 64 17 95 3 63 11 50 19 76 6 88 12 81 5 13 8 91 1 38 7 36 18 60 15 66 13 15 10 33 2 79 0 12 16 2
18 32 15 8 11 97 6 13 3 29 13 67 2 54 14 8 7 35 16 62 0 65 1 51 17 21 19 44 5 76 8 42 9 30 4 99 10 26 12 22
4 59 6 9 7 87 11 14 8 37 5 10 16 4 14 9 3 34 2 39 17 63 13 96 12 45 9 58 19 38 18 72 0 4 15 9 1 23 10 20
19 3 8 94 11 18 3 70 16 84 2 34 4 3 15 16 9 58 1 76 0 69 6 43 18 39 17 57 13 92 7 80 5 66 10 87 14 63 12 8
13 20 10 1 14 81 3 14 17 87 4 25 1 14 2 81 11 85 16 98 9 44 18 4 8 6 0 59 6 96 7 42 15 30 5 99 19 25 12 17
11 66 12 61 9 21 4 58 15 59 7 77 5 85 2 31 14 2 0 81 3 9 13 45 18 85 1 20 6 28 10 40 16 39 19 41 8 98 17 39
6 9 13 60 11 77 16 56 10 24 9 14 5 95 2 8 4 47 7 84 17 49 19 48 14 11 1 14 8 58 12 36 0 30 3 1 18 69 15 22
11 65 9 75 15 15 0 50 17 35 8 75 12 3 6 20 10 58 1 50 16 37 19 52 13 54 2 3 4 68 3 91 14 5 18 89 5 34 7 10
