100 20
3 65 11 99 17 24 18 72 9 47 19 31 2 8 12 8 7 84 10 93 4 2 13 66 8 3 6 70 14 93 5 76 16 97 0 24 1 86 15 9
15 19 5 14 11 9 7 13 18 53 12 25 6 63 0 7 13 51 1 86 8 89 4 5 2 27 3 87 17 48 9 23 16 63 19 45 10 84 14 66
17 27 5 18 4 92 11 23 6 91 0 67 15 23 1 5 3 47 14 31 7 79 10 87 16 96 18 83 9 29 8 99 2 97 12 41 19 71 13 49
19 80 8 37 11 28 16 73 18 84 0 3 1 29 4 37 6 2 15 9 17 41 14 82 3 32 2 59 13 28 10 6 7 39 12 83 9 72 5 8
15 68 10 95 16 48 19 82 12 81 11 76 2 20 4 18 14 15 1 95 8 79 7 80 0 49 5 16 3 99 6 49 17 87 9 61 13 81 18 74
17 33 3 82 5 39 1 70 10 25 2 94 16 48 13 68 15 58 4 68 8 89 12 77 0 18 18 13 14 95 7 55 11 61 19 37 9 37 6 99
1 30 6 33 4 72 3 30 12 42 14 93 18 70 9 64 13 15 2 2 17 10 8 53 0 53 16 86 11 89 15 92 19 54 5 13 7 31 10 73
1 1 19 55 0 99 11 51 3 46 7 88 6 31 18 78 17 38 5 21 14 11 2 74 16 66 12 53 4 7 15 36 8 44 9 34 10 95 13 37
15 81 9 35 7 41 17 67 3 94 4 16 0 77 14 2 11 8 12 29 10 38 6 66 8 29 13 14 2 18 5 74 18 16 1 37 16 61 19 38
5 43 17 79 7 79 15 48 12 2 13 94 8 52 11 15 9 61 10 30 1 48 16 68 3 19 19 3 14 10 6 90 0 52 2 3 4 81 18 53
17 34 2 78 6 96 13 50 19 83 12 66 1 14 5 57 14 53 11 47 16 99 10 22 15 99 3 68 8 1 18 9 7 94 0 32 9 66 4 72
9 93 16 58 11 82 2 16 5 46 3 53 14 9 15 79 7 46 10 67 8 68 6 90 18 49 12 42 4 26 0 12 1 69 17 53 19 11 13 77
3 36 10 84 1 7 6 68 9 62 15 81 4 87 8 14 2 88 5 47 11 88 7 7 14 41 19 34 12 64 17 20 13 42 0 17 18 15 16 73
15 72 6 11 12 58 8 26 0 87 13 8 19 74 1 72 4 21 3 14 14 29 7 27 10 69 18 30 9 88 17 59 16 59 11 39 2 40 5 25
19 96 17 86 16 92 8 30 13 95 1 37 2 5 5 28 18 46 12 8 0 66 10 39 3 98 11 63 4 68 14 76 7 16 6 20 15 61 9 60
6 99 13 7 17 70 10 64 11 24 7 24 9 85 15 88 18 81 19 15 8 69 0 13 1 86 14 65 12 18 2 22 3 3 16 3 4 9 5 3
8 2 4 14 2 92 10 39 6 30 9 87 7 55 15 74 18 27 16 32 1 43 0 6 19 74 5 65 17 61 12 67 13 17 3 37 11 5 14 94
16 86 5 83 15 70 4 70 8 18 3 17 2 62 19 17 12 35 7 5 1 53 14 63 18 22 9 25 13 43 11 8 10 58 6 69 0 76 17 76
14 82 2 80 6 99 17 59 8 42 4 28 0 83 16 88 1 36 3 53 11 94 5 49 19 34 7 88 15 62 10 71 12 69 13 11 9 48 18 50
13 53 7 61 16 24 10 44 3 22 1 50 4 59 5 41 6 59 12 16 15 55 17 61 0 76 19 38 9 21 2 45 11 14 14 59 18 13 8 48
16 85 19 5 9 53 0 36 17 67 14 24 5 54 12 47 13 28 3 95 18 64 8 11 1 65 15 4 2 44 7 87 11 46 6 2 10 40 4 28
11 6 16 23 2 48 5 53 0 91 9 83 3 9 14 59 15 83 12 8 19 64 10 95 1 67 8 29 7 83 4 20 18 46 13 27 17 26 6 96
10 93 12 62 3 96 13 44 16 17 9 34 1 69 8 10 2 5 11 33 19 66 15 33 4 89 18 35 0 53 5 9 17 38 14 32 6 48 7 53
3 69 14 20 9 86 18 72 0 79 8 44 5 33 13 58 15 50 17 44 10 82 19 8 12 68 4 63 11 28 7 45 2 78 1 55 6 75 16 3
17 25 10 36 15 11 3 12 2 96 4 51 13 96 6 15 0 61 8 9 16 98 7 1 18 57 5 48 19 97 9 78 1 1 14 43 11 85 12 16
16 97 19 40 5 7 1 33 18 62 6 44 8 64 12 15 14 43 17 88 9 11 13 36 15 82 4 20 3 61 2 82 11 85 10 39 7 36 0 89
0 65 17 85 18 25 3 94 16 22 12 35 8 28 7 30 15 93 14 21 13 83 6 71 11 25 5 30 10 18 9 51 4 26 19 14 1 61 2 28
16 92 9 77 6 93 5 80 2 45 7 37 1 74 3 33 17 42 4 79 14 53 18 79 12 84 0 37 8 22 13 6 19 25 10 33 11 95 15 6
8 24 19 15 6 12 9 91 7 34 3 11 0 29 10 13 15 41 18 60 16 52 12 37 2 92 1 41 17 39 4 12 5 6 11 11 14 21 13 17
16 13 7 4 12 48 13 53 3 16 9 49 17 33 1 74 19 6 6 90 11 33 14 17 18 4 4 22 8 85 0 31 2 21 15 79 10 30 5 83
13 57 8 22 12 18 16 32 0 27 6 38 14 55 5 76 1 29 4 2 9 13 7 19 19 94 15 78 10 57 3 77 2 59 11 34 17 51 18 17
17 89 6 53 5 56 16 68 15 30 18 20 11 5 9 15 13 43 14 67 8 22 2 38 4 99 19 82 12 27 0 57 3 63 7 29 1 87 10 61
17 41 11 75 6 8 10 80 14 96 5 24 1 26 4 74 15 87 12 99 16 73 19 57 18 10 0 28 7 30 3 76 8 80 9 72 13 58 2 52
19 79 8 45 11 79 5 22 14 94 3 65 7 89 9 46 10 36 1 34 18 89 15 50 12 19 16 71 6 31 13 27 2 6 4 27 17 35 0 96
0 88 16 78 17 88 15 94 13 20 11 80 5 15 12 47 10 47 8 85 19 62 9 22 3 48 7 56 14 37 2 21 1 68 18 56 6 12 4 1
16 75 8 57 7 24 19 19 17 11 4 22 5 59 0 91 9 76 12 37 15 82 3 77 2 16 1 19 10 50 18 7 14 96 13 81 6 41 11 86
7 99 12 55 18 81 17 21 11 6 6 1 0 66 19 79 4 96 9 76 1 65 16 53 10 69 8 65 13 89 14 52 2 14 5 72 3 15 15 51
8 16 4 65 13 24 16 23 19 90 18 32 15 47 2 49 12 69 11 92 17 90 7 46 3 60 10 53 5 5 9 46 0 17 14 1 6 13 1 5
3 98 1 60 8 99 9 49 15 1 16 52 18 15 4 58 6 97 14 83 10 17 19 41 0 98 2 40 13 23 7 46 12 19 11 16 17 18 5 88
12 33 19 70 1 12 7 22 15 29 6 43 18 63 17 63 2 6 13 63 11 47 8 49 3 24 16 89 9 90 4 22 0 85 10 77 14 75 5 79
10 75 12 2 18 87 1 69 17 79 13 66 11 77 8 46 2 72 4 43 9 74 3 18 7 55 0 11 6 92 5 63 14 95 19 50 15 74 16 94
10 36 6 21 4 61 11 17 5 20 12 17 7 28 17 12 1 66 2 32 8 62 3 61 19 59 9 72 15 83 13 80 16 41 14 14 0 43 18 42
16 60 0 94 8 94 18 47 12 26 5 14 3 48 17 29 2 58 13 86 6 4 19 48 7 69 4 37 15 21 9 1 14 24 11 41 1 38 10 55
12 12 10 9 13 50 7 74 18 10 15 81 1 41 8 6 2 97 9 49 3 9 4 5 16 23 5 34 0 91 17 80 6 96 19 43 11 83 14 52
6 42 18 58 2 78 1 71 12 48 8 9 17 79 7 38 0 58 10 38 5 16 15 54 16 5 14 36 4 6 3 4 9 52 19 77 11 91 13 50
6 50 3 55 10 90 11 73 17 7 5 24 0 41 18 30 8 67 7 22 14 23 19 76 15 54 12 45 9 98 1 72 2 61 16 97 4 47 13 91
3 20 8 19 16 61 7 2 1 91 12 91 17 11 19 58 4 65 0 49 2 51 6 77 18 12 14 37 5 67 11 44 9 3 10 28 13 63 15 58
9 55 18 7 0 45 13 91 19 25 5 44 2 80 1 79 7 91 3 27 12 62 10 61 11 24 16 38 17 85 6 39 15 27 8 96 14 95 4 88
6 11 17 88 1 62 4 92 14 73 15 85 18 46 2 57 8 29 13 79 10 72 3 70 5 22 0 62 19 33 7 65 11 34 16 41 9 96 12 7
19 42 11 11 5 12 2 99 3 83 8 91 6 26 1 63 14 46 7 19 16 60 18 49 17 46 10 65 4 59 9 18 0 6 13 37 15 69 12 18
15 79 2 83 18 65 9 56 13 88 3 88 0 90 1 55 11 77 7 76 8 24 12 99 4 9 14 55 17 16 5 11 10 28 19 44 16 8 6 23
14 73 5 59 19 38 17 28 3 67 11 72 1 71 10 62 8 33 13 67 18 59 15 73 4 15 12 49 7 43 9 12 6 25 2 54 16 55 0 55
16 67 0 65 9 53 1 42 4 93 13 3 5 63 18 37 12 44 10 4 15 98 3 2 11 59 17 8 8 27 19 54 6 66 7 54 2 10 14 17
8 43 2 82 17 94 0 88 1 20 16 63 5 72 19 15 6 3 15 99 13 55 3 10 14 20 11 93 4 34 9 99 10 2 18 53 12 84 7 31
16 50 14 60 2 60 10 6 9 67 8 12 3 17 7 11 1 25 6 46 5 5 18 5 15 81 0 66 13 11 17 22 12 10 4 10 19 55 11 80
18 27 13 45 6 60 12 75 9 88 17 48 15 25 3 4 2 66 8 15 5 99 14 9 0 36 19 4 4 71 1 73 11 89 7 15 16 92 10 53
18 6 5 87 8 87 14 81 6 73 1 63 9 58 2 85 11 3 12 79 15 69 4 1 16 14 19 90 13 18 17 77 3 74 10 50 7 2 0 21
19 66 0 11 6 15 1 76 10 59 7 16 14 3 13 6 12 46 18 67 2 46 8 13 3 91 9 31 4 50 17 45 16 63 11 23 15 96 5 93
12 16 14 16 7 52 16 58 8 80 5 18 1 68 9 2 15 13 19 77 10 16 11 94 0 36 13 24 17 49 4 55 6 68 3 61 18 12 2 68
15 32 0 45 13 20 11 20 1 42 14 86 17 32 7 42 2 36 16 5 18 93 9 72 5 25 4 90 8 49 6 89 19 85 3 84 12 24 10 95
1 61 9 81 3 47 17 28 7 82 11 20 18 76 6 16 10 12 8 26 13 28 14 28 0 26 15 99 12 52 2 49 19 38 5 41 16 81 4 49
8 95 12 83 9 40 5 30 0 22 19 83 17 9 14 45 1 90 11 45 16 98 2 44 18 26 7 68 10 88 3 35 15 44 13 40 6 32 4 19
3 10 12 65 14 25 16 88 11 55 6 77 10 76 5 6 0 18 13 29 1 75 17 68 4 65 7 87 2 25 19 17 18 8 15 24 9 1 8 67
17 99 4 81 0 89 12 8 8 11 13 68 18 84 1 22 5 31 2 91 16 20 6 11 10 63 14 8 3 83 9 51 15 31 11 50 19 92 7 85
0 21 4 51 16 71 5 29 3 18 2 36 9 79 6 35 7 18 15 5 13 17 17 99 12 88 19 31 11 19 14 30 18 21 10 70 8 15 1 54
1 16 4 79 17 79 10 25 12 73 13 7 2 64 5 41 11 43 19 76 7 16 9 58 3 2 18 17 8 74 14 96 16 2 0 24 6 66 15 81
19 16 1 74 15 63 16 5 8 87 0 51 13 92 9 32 7 41 2 75 17 75 10 59 18 49 6 48 3 14 11 76 14 44 4 5 12 82 5 58
11 94 13 85 12 76 18 20 3 84 0 99 8 5 1 75 6 52 9 86 5 80 2 65 16 60 10 42 4 10 17 21 19 77 14 9 7 36 15 12
15 64 19 11 6 71 13 82 3 77 18 83 1 77 14 53 0 89 5 12 7 57 17 26 11 78 12 54 8 57 2 2 9 87 16 15 4 53 10 99
16 16 9 78 10 53 4 31 12 14 2 15 19 85 1 51 3 87 13 45 5 90 8 58 7 8 6 89 11 12 15 31 0 38 14 96 17 41 18 55
3 33 7 39 4 51 11 18 6 62 2 65 5 20 0 57 18 80 14 91 10 56 19 17 9 53 1 63 15 51 12 98 13 60 16 6 8 5 17 76
18 63 12 24 7 14 3 35 0 75 15 18 9 38 1 55 19 46 11 64 2 7 17 53 16 96 6 89 10 97 14 32 4 22 5 15 8 13 13 32
4 87 10 10 7 16 6 34 17 92 16 3 8 67 1 20 3 30 13 23 15 94 19 96 18 29 9 47 5 73 2 83 12 5 11 44 14 15 0 86
6 50 16 38 9 66 10 77 17 77 13 24 7 49 19 11 15 89 12 19 1 53 4 84 11 70 14 2 3 78 2 39 0 29 8 95 5 76 18 58
15 76 5 34 6 61 0 77 8 73 16 16 1 21 19 86 17 61 7 45 11 96 4 16 18 6 14 5 2 20 3 15 9 99 10 12 13 9 12 21
14 98 5 79 19 68 3 64 8 32 7 65 2 89 12 59 17 85 16 92 13 25 18 51 11 73 9 65 4 15 15 13 6 45 0 99 10 82 1 21
5 91 17 26 1 23 0 99 13 56 15 63 10 3 7 50 9 23 11 72 18 60 8 99 16 88 4 6 12 20 14 11 2 39 3 68 19 72 6 74
8 95 6 66 19 46 16 4 4 80 7 99 15 6 1 90 0 63 10 69 14 50 17 62 2 96 3 10 11 98 12 42 18 86 13 93 5 44 9 79
4 95 5 63 13 39 9 31 6 48 7 58 18 9 8 55 17 53 2 18 19 34 1 93 11 63 16 46 14 44 0 16 15 59 12 35 3 45 10 80
12 4 0 28 5 85 16 84 9 17 19 44 11 24 10 64 7 49 3 34 18 50 13 57 8 80 6 74 2 69 1 12 15 30 4 56 14 39 17 18
16 52 18 20 19 23 7 36 13 5 6 44 3 68 1 85 14 27 11 76 17 71 4 1 8 10 12 49 15 78 5 6 9 28 10 51 0 4 2 29
6 88 12 64 1 56 2 75 13 75 11 54 8 63 18 1 7 22 0 32 14 70 19 9 3 36 10 3 17 43 15 51 16 92 9 19 5 2 4 9
11 55 9 19 7 11 15 31 5 53 6 69 0 51 2 77 10 91 19 36 13 41 12 1 16 47 14 82 4 2 18 8 3 3 1 93 8 26 17 41
3 57 5 25 13 22 19 44 15 86 2 3 8 49 18 92 1 20 4 8 14 45 11 92 9 22 17 24 7 32 16 14 12 65 10 16 6 19 0 64
10 74 13 61 19 42 17 10 5 94 2 88 16 70 4 17 0 94 1 60 18 58 6 44 7 75 12 42 15 37 3 34 14 94 11 65 9 64 8 98
6 84 13 41 1 80 7 21 12 91 14 33 15 99 9 96 19 59 16 54 10 25 0 46 11 77 5 98 18 63 4 14 8 40 2 10 17 60 3 1
16 36 4 20 18 91 12 29 19 74 14 1 9 34 17 83 15 77 7 32 13 90 11 41 10 34 2 11 6 38 3 69 0 80 8 16 5 47 1 77
2 70 10 43 0 85 18 1 7 88 6 93 5 73 11 28 1 41 9 69 4 82 17 73 12 27 14 80 19 47 13 66 15 18 8 70 16 70 3 87
0 25 10 82 14 10 2 76 8 6 18 69 5 41 13 53 4 38 17 14 3 39 12 90 6 17 1 31 16 91 19 33 11 64 9 79 7 79 15 73
9 21 12 32 13 91 8 21 15 65 16 58 17 36 4 96 6 88 11 7 5 34 2 66 18 15 19 87 3 45 7 42 14 66 1 82 10 15 0 83
10 90 9 3 11 13 3 27 6 18 0 15 17 75 15 6 8 86 12 74 2 40 18 62 1 66 13 6 16 14 14 59 4 79 7 40 19 31 5 47
12 71 18 37 7 49 4 32 15 93 13 32 11 16 6 83 16 59 3 85 10 79 9 70 5 98 19 96 8 35 14 25 2 81 0 59 1 82 17 27
11 38 2 36 16 65 18 62 5 84 4 67 10 66 7 10 17 91 12 14 14 20 19 50 13 33 15 53 3 5 0 12 8 97 1 69 6 93 9 68
8 42 14 2 18 63 7 10 16 77 12 14 9 62 0 51 3 22 4 99 17 31 5 87 13 81 15 8 11 97 6 39 19 98 10 13 2 28 1 15
6 45 11 20 4 97 12 97 19 88 18 54 5 18 10 46 3 72 16 40 7 80 9 27 1 53 2 33 0 88 8 7 13 20 17 85 15 69 14 61
0 37 11 77 9 34 10 78 12 60 15 54 14 82 17 23 4 78 16 6 8 68 18 46 2 22 13 51 7 90 19 84 3 79 6 10 5 78 1 87
12 24 13 16 1 11 2 75 18 23 17 56 8 41 5 71 3 96 10 92 6 12 14 57 11 9 9 87 0 97 16 54 15 58 7 22 4 55 19 62
17 91 7 13 8 16 11 31 9 67 13 58 10 59 6 72 0 57 4 41 16 96 3 73 2 85 5 26 12 35 19 98 15 11 1 43 18 35 14 24
2 65 1 44 3 80 8 22 5 21 11 85 12 84 13 74 10 66 7 72 9 51 17 17 19 41 4 47 14 36 16 81 0 21 15 67 6 83 18 79
19 49 8 4 13 34 2 57 3 7 0 80 9 99 5 41 6 41 11 52 1 50 7 78 18 94 12 16 4 75 16 19 10 80 17 55 15 91 14 65
