100 20
3 16 10 38 15 29 19 79 12 32 1 49 18 23 9 58 17 95 16 97 6 15 11 69 5 90 2 58 4 30 8 28 7 3 13 83 14 67 0 30
18 65 3 92 10 99 1 41 9 17 19 78 13 71 15 65 5 78 2 23 16 68 12 82 0 99 17 35 6 46 11 57 4 75 8 68 14 75 7 25
14 95 6 26 16 67 4 52 1 79 3 20 11 76 9 41 15 47 13 47 19 27 5 35 8 45 0 33 18 26 2 80 17 94 7 70 12 5 10 38
10 19 9 23 7 74 5 69 3 88 8 98 0 65 13 84 12 26 11 41 15 62 16 56 6 20 4 30 17 85 1 86 19 3 14 92 2 90 18 68
2 88 8 34 11 35 19 42 12 42 6 23 5 1 3 89 0 60 1 43 15 72 16 78 10 5 18 42 13 22 9 35 4 90 14 53 17 88 7 31
4 85 17 72 5 32 12 85 9 54 10 96 18 29 1 41 14 74 16 64 0 25 7 96 2 41 13 38 15 67 3 39 6 30 8 41 11 34 19 24
4 6 12 3 7 47 0 38 11 14 13 90 19 39 1 42 3 9 10 39 14 26 16 74 6 17 2 10 8 32 18 89 5 68 9 94 17 47 15 34
14 31 10 48 18 50 8 14 3 26 9 99 7 78 5 50 16 16 19 35 0 20 6 32 17 69 13 88 12 70 1 45 15 44 11 91 4 47 2 30
14 67 12 60 9 2 17 4 19 14 10 59 13 15 0 93 18 39 4 68 5 24 3 12 15 90 1 90 7 41 11 23 16 92 8 30 2 15 6 22
0 18 17 64 12 71 8 67 2 74 9 21 5 96 3 40 15 49 6 5 11 17 18 41 14 67 4 99 19 45 1 88 13 17 16 90 7 64 10 63
7 17 19 45 8 96 4 85 0 9 11 81 13 95 9 82 6 41 14 60 17 51 16 2 10 66 2 25 1 36 18 53 5 70 15 11 12 9 3 9
3 40 9 75 19 49 11 78 4 97 13 18 2 48 15 93 10 76 1 6 8 36 5 3 12 87 6 61 18 36 14 35 0 99 16 81 7 93 17 15
14 36 19 29 13 76 16 89 17 15 1 98 7 31 8 78 5 28 18 34 6 91 3 26 15 55 10 68 0 39 2 2 4 14 11 59 12 22 9 62
18 62 3 53 1 12 6 55 4 91 12 13 13 72 7 19 17 32 2 98 0 32 19 11 15 64 8 27 9 26 10 6 11 58 14 28 5 63 16 86
18 40 16 44 12 77 0 4 6 69 9 5 4 14 3 56 19 36 8 86 7 35 1 36 14 14 13 85 15 36 10 56 11 24 17 39 5 32 2 76
0 54 1 74 10 72 19 97 16 43 9 99 2 43 11 25 8 94 12 53 3 63 14 16 13 41 7 94 6 45 15 25 5 79 18 67 17 27 4 72
19 41 12 51 11 50 6 2 17 34 8 42 1 35 18 65 16 79 14 25 0 58 7 2 4 40 15 1 10 27 9 3 5 61 13 12 3 44 2 36
3 83 7 90 6 66 14 90 8 50 12 71 9 15 19 31 17 75 15 57 5 42 1 52 10 62 4 26 16 65 2 85 18 53 0 32 11 9 13 19
15 22 8 81 17 65 9 54 5 84 2 9 10 42 19 5 14 64 4 8 18 21 0 98 3 6 7 70 16 21 13 51 1 96 6 12 12 97 11 29
3 84 16 97 12 10 14 80 19 59 6 65 5 75 2 74 4 50 17 64 8 99 15 62 9 91 7 16 0 16 13 5 18 96 11 1 1 31 10 27
4 34 9 88 16 88 14 89 18 45 1 24 8 89 19 28 15 47 7 23 11 68 3 52 2 70 17 32 12 17 0 43 10 82 13 50 5 81 6 27
15 33 8 24 19 92 12 99 0 49 10 60 11 97 7 54 14 11 6 38 9 90 18 43 13 56 5 79 16 65 1 50 3 4 17 66 2 83 4 75
0 39 2 20 8 4 15 19 17 6 10 45 16 17 12 83 13 30 9 64 6 60 7 16 4 10 5 35 18 59 3 4 14 23 11 26 19 82 1 71
8 92 18 31 19 1 17 99 6 59 4 16 10 82 14 23 7 71 11 81 1 27 2 48 3 89 13 43 0 73 16 5 5 38 15 70 12 7 9 30
9 29 5 21 16 83 10 67 14 49 7 81 3 13 8 16 19 79 13 98 17 38 4 4 12 14 1 73 11 96 15 28 2 90 18 18 6 86 0 39
4 56 9 24 17 96 3 81 13 77 18 66 12 67 14 98 11 4 1 56 15 89 2 63 19 2 7 82 8 84 10 89 6 59 5 94 0 19 16 12
19 25 18 67 11 10 12 60 0 44 14 5 16 61 4 27 3 40 15 31 5 45 10 46 17 90 9 69 13 31 6 97 2 89 7 81 1 72 8 22
19 67 15 51 1 45 13 49 3 85 5 74 7 67 12 83 8 62 18 86 9 28 4 93 11 55 10 21 16 15 2 33 17 46 14 71 6 40 0 39
1 55 8 41 2 10 7 3 16 97 3 68 12 12 4 65 19 19 6 52 10 30 13 82 5 57 11 95 18 17 15 91 17 22 9 84 14 13 0 75
9 51 12 46 4 97 14 67 10 36 1 53 18 27 16 41 17 77 2 84 5 79 7 71 0 3 11 13 15 46 6 8 8 37 19 26 13 76 3 87
4 43 11 52 7 83 19 33 17 48 14 26 13 52 0 8 10 17 18 43 15 16 1 20 3 4 16 22 6 5 9 80 8 95 12 95 5 70 2 60
0 40 6 22 18 50 4 76 3 15 10 68 8 17 7 94 19 16 15 1 5 12 12 89 2 6 13 84 11 46 16 1 17 67 1 58 14 17 9 20
18 19 15 56 8 40 7 20 14 57 13 89 11 64 17 26 5 63 0 89 12 36 9 59 2 84 10 81 3 66 16 57 1 18 19 28 6 17 4 99
3 48 11 91 8 57 7 37 17 82 0 38 14 13 5 28 4 4 15 56 12 44 9 23 10 94 2 45 19 98 18 81 1 64 16 78 6 12 13 74
2 54 12 79 3 51 17 10 7 42 0 9 18 12 15 22 13 56 16 77 10 14 6 2 4 34 5 81 19 84 14 42 11 54 8 28 1 69 9 73
0 65 6 35 1 21 11 9 16 19 8 28 14 94 19 35 5 72 13 92 3 15 12 28 17 99 4 48 2 20 9 54 7 10 10 99 15 97 18 9
12 12 11 50 2 22 17 81 7 61 16 94 8 69 4 54 13 91 15 56 18 57 5 61 6 54 1 67 3 19 10 93 0 28 14 50 19 92 9 6
11 34 7 64 4 87 9 21 15 94 12 52 16 29 10 32 3 70 0 98 8 56 2 6 1 53 13 48 17 67 19 73 14 1 5 6 6 77 18 35
13 44 17 10 18 6 3 90 5 22 12 64 4 20 11 21 1 73 6 43 10 37 0 81 15 57 8 45 14 35 16 9 19 63 7 7 2 23 9 16
14 78 17 79 9 60 16 84 13 19 6 6 19 37 15 1 5 5 8 37 10 24 0 17 2 78 12 80 7 51 3 31 1 83 11 9 18 72 4 78
8 26 11 15 4 1 16 27 0 90 2 1 14 37 5 33 13 73 9 7 10 1 18 72 17 20 3 59 19 33 6 52 12 16 7 5 15 91 1 85
1 7 17 56 7 89 4 44 5 19 8 93 6 54 9 65 10 36 18 35 19 65 0 98 16 16 2 63 3 82 11 53 14 25 13 58 12 11 15 33
15 67 11 82 5 54 16 73 8 27 17 55 9 24 14 27 3 83 19 25 13 82 1 3 4 70 7 10 12 42 6 9 2 4 18 25 0 54 10 39
6 12 15 38 19 93 4 36 8 75 17 52 16 79 10 76 13 7 5 50 7 65 1 63 18 50 2 41 9 17 3 93 11 34 14 53 12 72 0 87
11 72 0 98 6 76 17 22 1 33 14 4 4 62 7 29 13 84 2 92 16 12 8 74 18 49 9 9 15 63 19 16 10 17 12 36 3 47 5 56
12 83 5 90 8 78 3 49 16 68 1 52 2 39 18 89 6 12 17 75 13 1 11 23 19 92 14 17 9 65 7 58 15 15 0 26 10 50 4 84
1 75 12 51 6 93 8 66 15 13 4 39 3 55 2 84 16 57 11 67 10 8 9 42 14 37 13 25 19 60 7 40 5 48 0 56 18 21 17 96
8 39 18 99 2 69 5 68 10 10 17 63 14 53 19 66 7 24 4 73 3 99 16 54 6 38 11 52 12 34 9 71 13 89 0 6 1 93 15 52
10 24 19 77 15 23 2 26 17 56 13 29 11 46 16 50 9 81 4 11 6 80 14 71 7 96 1 67 3 33 8 6 0 60 18 36 12 19 5 24
4 85 19 74 3 63 18 79 17 7 15 4 2 80 11 30 9 84 10 4 5 72 1 83 8 69 6 52 12 73 16 67 13 58 0 82 14 35 7 26
17 88 19 89 13 21 14 39 11 39 1 89 7 95 3 98 6 66 2 53 0 77 8 35 10 98 15 40 18 75 5 74 9 92 4 51 16 65 12 56
1 3 17 39 15 53 6 58 16 24 14 6 8 1 7 89 11 56 13 40 0 74 4 95 9 16 3 11 2 91 5 23 19 51 12 22 10 74 18 4
17 86 15 24 8 38 13 95 2 66 14 21 6 13 1 80 4 81 11 99 10 56 18 43 5 30 0 57 16 59 3 78 9 20 19 46 12 66 7 42
11 18 10 86 3 28 5 44 7 17 6 35 14 36 8 38 15 86 16 1 1 70 9 89 2 17 19 16 13 17 18 73 12 15 17 81 0 63 4 53
8 94 13 99 0 50 18 52 1 37 16 55 5 46 6 50 17 86 10 86 11 61 19 37 3 48 7 13 15 76 9 16 2 9 4 60 12 89 14 71
7 74 17 87 14 3 5 82 18 82 0 20 13 24 6 52 12 49 3 65 10 81 8 14 9 17 19 44 15 10 2 8 4 32 16 17 11 33 1 45
9 89 14 34 11 78 6 11 17 21 2 92 7 82 16 78 18 39 3 99 4 1 19 85 15 94 5 87 8 38 0 19 10 24 13 22 1 84 12 61
5 75 11 37 19 76 4 95 12 38 8 10 18 9 10 13 15 55 14 24 13 49 2 50 9 80 3 27 17 69 16 9 7 49 0 87 6 4 1 75
16 9 13 73 1 37 18 7 0 18 4 3 5 71 2 2 14 56 6 93 15 9 19 26 7 68 3 51 8 13 9 16 17 59 10 23 12 66 11 68
9 50 13 74 16 47 3 74 18 57 11 32 8 51 19 98 5 42 6 16 0 48 12 38 2 48 15 63 10 49 17 11 7 26 4 77 1 62 14 88
18 27 4 89 5 58 15 23 12 66 14 49 7 90 3 30 8 44 9 76 2 6 17 6 6 43 10 88 16 94 0 71 13 53 19 46 1 79 11 65
0 5 8 56 19 46 7 18 10 56 18 48 12 14 3 76 17 87 1 21 11 4 2 18 5 55 6 56 4 49 15 1 14 2 9 31 16 54 13 37
16 8 11 45 1 40 15 63 3 83 17 93 2 42 13 47 5 7 12 16 4 14 18 83 6 55 9 64 7 87 0 88 8 55 10 67 19 66 14 20
1 53 16 24 9 14 18 30 6 50 19 41 15 27 2 5 0 97 14 12 17 72 7 23 5 1 12 58 13 75 3 22 10 84 8 73 4 18 11 96
18 61 11 80 0 8 13 83 14 56 2 76 5 20 9 30 7 2 19 12 16 5 15 63 6 94 4 47 3 97 8 19 10 84 1 74 17 9 12 15
18 78 6 79 9 47 19 77 10 30 7 54 17 15 14 28 15 39 12 65 8 5 5 78 1 74 4 36 11 77 0 43 3 65 16 77 2 37 13 43
0 99 7 85 17 18 10 44 12 67 9 41 4 22 16 94 14 46 13 75 1 91 18 75 11 21 5 49 2 66 6 16 15 79 8 3 19 43 3 94
7 30 8 83 15 30 12 12 16 50 3 96 2 80 6 59 18 35 11 70 14 66 9 13 5 12 17 90 13 89 19 43 4 34 1 36 10 53 0 35
7 51 3 88 10 36 6 55 12 13 1 33 9 91 15 28 13 70 17 88 18 98 14 90 5 97 0 30 8 62 19 49 11 30 2 50 16 64 4 38
10 25 4 17 14 43 9 30 19 42 6 20 0 52 16 70 2 69 18 48 1 66 17 17 12 37 11 53 7 32 13 86 5 27 8 65 3 94 15 78
7 46 18 54 10 95 2 67 19 35 5 1 6 34 1 37 4 93 12 76 11 47 14 13 16 91 0 38 17 61 15 12 3 23 9 24 8 72 13 60
3 92 10 80 12 6 17 19 4 1 1 58 16 22 7 60 0 25 6 73 5 13 11 25 13 22 9 7 14 84 15 55 8 22 18 51 19 13 2 23
11 81 1 77 0 88 10 32 14 72 3 32 6 87 2 4 19 90 5 58 16 16 4 2 12 88 15 5 17 54 18 33 7 63 9 16 13 77 8 2
1 20 10 23 12 7 0 8 7 12 13 7 9 98 17 83 16 22 4 52 18 36 6 57 19 74 11 17 15 28 8 42 2 64 5 26 14 3 3 28
15 32 11 3 1 19 12 3 10 24 13 15 4 88 9 69 17 59 7 9 16 97 18 66 2 51 6 37 3 80 5 1 8 94 19 57 14 44 0 35
0 96 4 64 16 40 9 35 12 69 17 45 14 12 3 74 15 40 18 13 10 80 2 95 1 22 19 32 8 2 6 80 7 97 11 38 5 48 13 65
13 80 15 61 14 31 4 62 19 8 8 57 3 24 0 26 6 50 2 46 5 56 10 54 1 48 16 79 12 5 11 40 9 2 7 87 18 18 17 72
8 70 10 37 6 50 17 61 5 34 18 5 12 71 3 52 0 27 15 69 7 85 2 12 13 43 16 47 9 9 1 67 4 60 14 69 19 64 11 43
15 17 9 25 17 42 1 30 2 85 3 79 16 16 19 37 14 96 7 21 0 19 5 71 4 21 10 80 8 17 12 66 13 20 11 22 6 33 18 1
7 39 1 1 11 9 14 10 4 37 13 12 16 63 0 39 17 14 6 95 2 1 18 23 19 58 3 18 15 83 10 62 8 48 12 8 5 47 9 66
19 77 1 41 18 51 16 94 10 61 0 53 15 83 14 34 13 94 5 83 4 36 3 41 2 15 11 40 12 19 8 91 9 36 17 36 6 94 7 71
0 47 7 39 11 27 14 2 9 45 17 31 16 64 4 32 6 22 12 60 10 13 2 12 13 14 18 61 1 44 15 50 3 43 8 41 19 53 5 65
18 79 13 46 8 19 0 73 17 20 2 78 10 17 9 13 15 40 4 73 14 55 19 88 11 67 5 31 7 55 12 34 3 14 16 52 1 11 6 28
12 94 3 29 9 17 6 54 11 98 15 79 7 49 14 34 17 7 10 7 19 5 4 96 1 9 2 64 0 23 16 30 18 32 13 24 5 5 8 87
1 53 0 15 9 50 11 47 10 79 8 71 2 8 4 27 14 2 12 79 19 62 7 75 3 38 15 49 13 34 16 56 17 11 18 27 6 13 5 57
15 75 13 79 7 61 14 15 5 54 18 79 10 95 3 58 17 51 12 6 2 46 19 50 8 90 6 94 11 2 16 65 4 24 9 80 1 73 0 21
0 51 10 71 6 37 5 4 11 20 9 12 13 14 12 10 19 64 7 42 15 43 14 58 3 82 8 68 1 49 17 21 18 58 2 73 16 49 4 94
16 86 2 71 3 58 1 57 8 93 12 48 5 76 18 65 14 27 15 43 7 84 11 95 0 12 17 71 6 1 10 66 13 15 9 18 19 67 4 68
18 77 8 81 17 12 12 34 0 78 13 88 6 75 3 49 10 27 16 80 14 24 19 51 7 71 11 32 1 28 4 98 15 14 9 93 5 35 2 57
10 17 9 56 18 98 19 2 16 64 7 9 8 83 2 97 1 37 3 54 13 7 0 76 4 85 5 79 6 79 17 45 12 47 15 21 14 50 11 80
6 29 2 79 15 68 4 42 18 99 9 99 5 44 8 18 10 30 7 69 16 32 14 94 0 22 17 30 19 63 13 43 12 12 3 41 1 65 11 17
14 90 10 8 2 30 13 15 11 11 4 47 3 81 19 69 9 5 5 48 7 29 12 7 15 67 17 52 6 66 18 20 8 94 16 61 1 86 0 64
10 9 6 73 2 29 11 3 14 76 8 68 4 88 16 44 3 47 7 49 5 95 13 38 0 74 19 34 17 32 12 21 1 70 18 6 15 47 9 36
3 12 16 69 15 28 18 44 2 9 4 11 6 63 1 61 0 77 13 58 7 99 17 39 8 31 14 82 19 71 11 65 10 29 5 65 12 80 9 98
13 31 10 9 6 90 12 2 4 13 15 16 19 15 17 1 14 52 11 4 18 22 8 65 2 2 3 91 5 76 16 39 0 82 1 34 9 92 7 75
17 9 8 69 4 15 11 32 5 73 15 48 1 16 9 88 0 74 16 36 3 83 6 42 2 1 10 97 12 25 13 1 14 77 19 57 18 88 7 91
7 31 19 23 13 33 1 47 4 17 3 33 11 36 8 31 0 83 9 27 6 38 17 7 18 24 12 8 10 86 16 31 2 27 5 68 14 23 15 72
1 84 18 71 3 22 12 85 10 14 8 71 16 99 15 6 11 26 13 3 14 10 17 31 4 91 5 15 19 88 7 64 6 87 9 7 0 52 2 71
7 5 11 97 16 99 3 66 0 80 6 37 12 52 9 30 18 31 17 62 10 85 5 77 4 43 13 7 14 84 8 46 19 82 1 38 2 62 15 57
13 30 16 50 2 11 19 2 0 76 17 56 14 20 9 73 3 74 4 13 7 60 6 94 15 89 12 91 8 67 11 28 18 72 1 87 10 42 5 98
