100 20
7 23 15 32 1 62 5 41 9 74 18 43 17 28 14 51 10 83 4 82 16 8 19 95 6 20 8 85 3 61 13 11 2 76 0 71 11 82 12 40
10 4 7 17 2 4 15 98 14 75 5 16 19 66 11 93 3 30 16 64 4 77 6 21 0 19 12 6 17 49 8 76 18 55 1 29 13 72 9 50
4 92 14 78 9 58 15 98 12 53 8 94 11 78 10 37 19 60 13 75 1 42 6 86 5 11 17 51 16 61 2 87 3 4 0 43 7 21 18 65
2 19 7 94 16 98 10 60 19 21 14 4 13 94 3 24 4 70 6 92 15 55 0 42 9 66 1 96 8 50 12 1 17 43 5 26 18 16 11 16
6 32 3 35 7 92 15 84 5 16 10 80 4 13 17 35 13 59 1 54 9 8 12 46 11 68 14 26 0 70 18 63 19 82 16 54 2 97 8 27
0 23 12 75 14 79 6 80 1 98 7 76 3 78 19 83 15 44 16 28 13 79 2 74 5 31 18 86 9 13 11 17 8 4 10 84 4 18 17 51
7 84 6 3 12 6 4 58 8 49 0 45 3 59 13 19 16 56 18 96 17 92 2 25 5 33 11 7 1 27 19 40 14 36 10 15 9 93 15 37
16 83 1 39 7 28 8 62 0 64 5 47 14 98 17 54 10 40 13 59 15 21 12 42 3 99 9 43 6 40 11 1 4 63 2 50 18 6 19 80
7 88 0 45 13 56 5 61 1 12 10 89 17 15 15 84 18 52 16 4 12 89 6 88 8 10 11 18 19 54 2 54 9 95 4 92 3 40 14 89
12 51 7 34 15 58 2 2 14 22 1 67 0 24 17 97 8 81 18 9 9 51 4 99 13 8 3 12 5 59 10 25 11 32 6 80 16 45 19 60
5 11 0 69 13 74 6 31 3 53 1 7 14 82 16 1 2 21 8 16 18 23 10 65 17 6 4 6 15 41 7 64 9 7 11 27 19 71 12 8
18 42 1 42 2 49 5 79 10 62 14 22 0 60 8 80 9 65 4 62 13 19 3 29 6 49 17 76 19 18 12 60 7 82 15 60 16 99 11 6
8 65 1 11 5 99 9 33 6 97 14 19 16 33 10 28 11 51 0 12 3 21 7 9 2 41 18 50 19 28 15 83 4 41 13 69 12 42 17 94
4 70 3 51 1 43 14 38 13 10 2 65 16 76 11 21 10 5 17 7 0 52 7 46 9 85 15 25 5 28 8 79 6 36 19 21 12 61 18 73
10 15 13 85 4 83 18 89 2 51 14 8 12 76 9 29 6 6 8 66 15 39 7 8 17 35 11 55 5 21 1 56 19 77 0 61 3 43 16 74
18 5 4 38 0 66 8 46 3 88 7 25 13 34 10 66 6 16 9 60 14 46 1 62 16 45 19 8 17 46 11 31 2 41 15 59 12 56 5 64
1 78 17 8 4 39 8 3 19 58 6 35 0 31 7 69 9 22 18 90 16 32 14 88 13 24 2 69 12 9 11 53 5 43 3 76 10 95 15 36
9 95 6 14 17 96 4 21 3 69 8 87 12 94 7 30 2 77 10 69 19 37 16 2 5 1 1 39 11 19 0 12 15 65 13 22 14 29 18 58
17 37 18 63 12 95 16 25 19 34 15 99 11 95 8 67 5 23 14 72 0 43 1 82 3 85 2 20 4 71 6 94 9 86 13 8 7 84 10 81
1 50 12 84 18 73 11 37 13 29 9 58 2 68 19 59 8 83 0 17 3 9 5 24 7 88 14 7 17 13 10 78 4 13 16 21 15 70 6 73
14 94 2 87 6 55 18 25 13 51 1 2 3 5 15 50 16 9 0 13 19 35 7 66 5 52 4 3 11 39 17 93 8 96 9 83 12 96 10 18
19 80 2 73 11 73 3 70 16 36 15 70 4 64 5 92 0 16 17 23 12 70 18 38 13 3 9 43 14 36 1 48 8 47 6 98 10 56 7 5
4 90 5 77 6 73 17 9 9 5 8 91 7 66 2 73 18 93 13 39 3 52 15 34 12 98 10 15 14 97 16 41 11 90 0 36 1 78 19 97
2 57 14 98 15 23 3 23 19 23 6 48 17 93 1 69 10 57 11 33 13 44 7 93 12 98 9 72 16 50 18 14 0 35 5 57 8 97 4 94
2 37 19 93 13 3 1 27 5 8 18 82 11 87 17 55 12 66 7 3 4 58 6 18 9 79 0 17 3 30 14 29 16 93 15 42 10 92 8 17
1 16 15 19 11 87 17 81 0 61 7 39 9 5 13 32 19 17 4 93 16 62 14 30 18 45 2 76 8 9 6 98 3 97 12 22 5 98 10 23
2 64 5 18 7 97 4 11 18 90 11 11 1 65 10 90 15 46 12 18 3 75 16 54 19 56 9 5 6 15 13 26 17 40 14 75 0 62 8 35
16 13 8 87 4 59 10 4 2 41 1 13 3 47 14 38 13 18 6 80 7 96 15 51 9 58 18 17 0 75 12 87 11 72 5 2 17 92 19 9
18 65 4 72 15 45 3 44 9 9 12 25 2 74 5 53 17 76 14 40 0 94 13 50 10 98 6 86 7 55 11 57 1 36 16 44 19 68 8 7
9 71 16 37 10 96 7 44 6 89 1 60 3 85 12 24 14 4 15 10 19 61 5 29 17 14 4 16 2 56 13 50 18 95 11 98 0 7 8 86
18 46 8 36 9 63 17 33 4 6 13 21 0 37 3 9 1 5 11 2 6 91 2 42 19 89 10 88 7 41 5 33 16 3 12 2 14 9 15 54
17 20 6 52 9 48 15 38 13 33 12 23 8 99 7 65 4 62 19 57 16 94 5 31 14 44 2 24 18 29 3 83 11 89 0 90 1 93 10 76
3 65 19 92 11 6 16 23 0 42 2 85 1 33 17 60 10 58 18 17 5 37 15 23 9 96 14 88 13 66 6 32 12 88 7 61 8 13 4 9
19 13 17 41 0 24 4 20 6 99 14 48 1 19 16 90 7 49 11 45 2 58 13 90 15 17 3 7 9 65 12 15 5 67 8 86 18 87 10 16
16 85 5 71 6 36 2 26 15 22 0 10 4 53 7 4 1 56 14 81 17 25 19 43 8 24 18 77 13 28 3 46 10 84 11 74 12 12 9 98
5 52 0 59 8 58 18 34 7 51 3 88 6 47 10 74 14 57 17 1 13 6 15 66 1 79 19 78 11 54 2 47 16 46 4 28 9 64 12 39
17 3 0 99 13 69 18 79 19 78 7 83 6 40 1 89 9 58 5 42 4 25 16 67 10 27 2 90 3 47 14 86 8 21 15 57 11 73 12 85
0 38 3 35 12 55 7 91 16 2 17 24 1 78 5 16 2 23 13 90 4 51 8 35 19 50 14 74 6 63 15 84 10 12 18 8 9 42 11 3
6 90 1 71 19 74 11 6 0 24 16 72 10 13 13 82 2 1 7 49 4 96 17 84 15 60 14 40 5 35 8 93 3 38 18 50 9 4 12 67
4 6 2 24 15 60 14 34 3 58 11 91 8 6 17 3 0 68 1 48 18 45 16 85 7 30 12 66 13 81 10 34 5 41 9 72 19 50 6 84
6 95 16 70 10 38 5 82 13 50 9 68 12 6 18 6 14 41 0 42 4 16 1 56 8 26 3 15 19 78 2 74 15 34 17 41 7 36 11 81
18 11 0 54 1 42 13 42 9 57 4 69 17 15 3 45 2 75 12 41 11 48 8 28 7 52 6 35 5 20 16 48 15 88 10 98 14 62 19 40
3 33 12 43 19 33 4 1 6 31 1 99 0 14 18 19 10 15 2 13 5 58 9 55 15 95 11 80 8 95 7 41 14 64 16 90 17 34 13 5
7 26 5 38 0 87 6 4 4 65 11 74 10 20 16 22 15 2 9 27 12 69 14 98 18 59 17 10 8 98 2 65 1 73 19 46 3 98 13 16
0 61 17 85 4 49 16 97 5 95 7 74 9 73 12 91 10 9 18 59 19 53 3 28 1 46 14 87 11 76 13 33 2 84 6 40 15 35 8 73
17 23 10 28 16 52 12 43 7 11 18 23 15 49 5 44 11 14 9 29 4 60 3 49 2 56 0 58 6 19 1 94 14 90 13 45 8 4 19 36
4 11 3 45 19 32 7 46 5 3 0 32 16 16 12 20 9 8 10 78 2 33 15 39 6 31 1 55 14 46 17 13 11 60 13 53 18 8 8 84
8 22 6 27 7 20 16 73 17 50 12 29 2 92 4 32 5 30 13 55 18 61 14 60 1 86 15 37 3 60 9 5 11 41 0 91 10 53 19 6
17 77 9 26 1 29 18 79 3 64 8 98 11 2 4 29 13 77 0 75 14 16 7 55 15 58 10 3 16 82 6 43 5 8 19 36 2 56 12 45
11 62 12 74 15 98 2 65 1 93 14 43 13 12 10 90 7 52 6 59 8 6 17 29 0 93 5 71 19 61 18 35 4 85 3 94 9 87 16 47
0 90 10 49 7 80 16 99 3 96 13 6 18 61 12 4 5 52 15 76 17 96 11 26 6 63 8 34 9 24 4 89 19 16 14 79 1 73 2 71
14 82 18 19 5 6 0 91 7 35 11 21 2 35 13 41 17 36 10 45 3 92 9 93 15 50 6 82 1 85 4 25 8 23 16 53 12 9 19 73
6 79 19 57 4 49 2 12 3 88 8 86 0 62 13 69 5 97 9 57 10 87 12 24 1 19 16 30 14 29 17 19 7 85 15 21 18 47 11 92
8 82 18 65 3 37 9 29 6 92 7 46 19 32 12 31 13 5 2 26 10 96 17 62 5 38 15 35 16 3 14 94 4 5 11 78 1 65 0 66
2 63 6 90 5 32 15 7 17 44 11 36 18 2 7 81 16 66 19 19 0 35 1 30 3 60 13 18 4 68 9 23 8 35 14 84 10 3 12 8
0 71 18 18 7 54 13 30 8 41 10 63 16 4 19 56 11 67 2 50 6 70 14 76 15 93 9 54 17 77 12 2 5 69 3 46 1 29 4 57
9 10 19 32 6 57 8 30 0 43 2 74 5 66 3 8 10 78 13 7 15 96 1 5 18 67 11 3 12 58 14 86 16 5 4 14 17 71 7 18
19 34 8 63 10 28 18 3 1 3 6 42 12 9 2 80 11 90 15 71 5 12 14 72 13 17 0 95 7 74 9 1 4 17 16 38 17 8 3 79
1 4 0 20 16 99 4 8 13 91 12 74 3 22 6 66 8 79 9 94 17 23 18 30 7 87 5 18 2 7 14 68 10 4 15 91 11 48 19 79
3 49 12 92 9 27 15 12 1 19 2 46 14 93 6 80 8 13 10 30 18 35 11 69 7 45 17 90 0 45 5 82 4 14 16 58 13 8 19 35
4 80 5 27 9 28 16 50 17 86 14 55 3 86 8 91 15 8 19 86 10 49 1 70 0 83 7 70 18 72 12 40 2 33 6 42 11 91 13 57
0 79 16 77 15 68 4 90 9 9 10 42 3 47 14 71 5 54 7 19 6 49 19 35 18 64 13 28 17 76 11 37 8 69 1 3 12 26 2 64
19 21 18 20 0 66 17 99 7 61 1 2 11 63 5 5 15 97 9 10 14 72 4 55 6 78 8 57 16 76 2 79 10 55 12 24 13 98 3 36
7 68 14 56 3 33 16 89 12 41 2 89 0 58 11 57 6 61 1 73 4 92 13 86 5 50 9 14 19 86 15 89 8 31 18 41 17 15 10 85
15 94 0 22 5 93 12 69 13 92 9 84 2 52 3 6 18 5 14 93 10 92 11 26 1 91 8 16 6 12 7 67 16 92 4 29 19 93 17 54
9 35 18 87 17 25 10 39 4 89 5 72 13 66 8 12 1 38 3 99 19 84 7 92 0 53 2 19 14 63 16 61 11 52 12 24 6 29 15 34
17 24 7 68 16 86 14 39 5 87 13 90 18 86 4 49 1 26 6 2 8 63 19 63 11 4 0 12 12 81 10 89 3 30 2 40 9 78 15 57
5 29 14 78 10 65 16 58 19 53 6 90 8 52 13 1 11 15 1 78 4 71 2 47 9 24 0 39 7 46 17 43 3 99 18 97 12 31 15 12
6 7 15 4 4 8 17 89 5 1 13 11 2 75 14 30 19 35 3 7 0 87 18 37 8 20 9 9 10 16 11 64 1 40 12 90 16 77 7 57
15 42 5 80 6 11 12 47 17 42 10 24 18 85 4 48 1 22 16 1 3 63 7 36 19 21 9 70 8 24 0 50 2 30 13 48 11 61 14 75
15 36 4 42 18 47 16 47 19 34 3 30 2 22 5 48 9 86 1 44 12 11 8 21 0 33 17 13 7 72 6 47 13 35 10 4 14 35 11 93
11 2 12 69 19 80 15 53 13 21 18 35 16 69 7 40 4 3 6 54 2 74 3 64 1 9 14 59 17 80 8 58 9 57 0 17 5 14 10 93
6 36 11 93 12 98 18 26 8 44 10 15 0 11 7 81 1 57 15 62 5 36 14 29 17 50 3 61 19 85 9 18 2 93 16 94 4 56 13 7
19 69 16 92 0 80 7 44 13 55 14 82 3 67 6 51 18 23 4 87 2 64 5 44 1 88 11 32 10 60 15 31 17 9 12 79 8 19 9 69
18 25 12 4 2 84 17 74 8 7 7 78 19 32 16 37 1 56 4 33 9 90 13 72 11 86 15 2 14 95 0 12 5 88 10 28 3 59 6 73
9 11 14 29 6 23 11 2 17 58 12 51 15 16 1 16 5 41 4 15 16 84 10 40 13 87 8 6 2 67 0 48 18 45 19 65 7 93 3 25
15 45 19 14 3 24 10 69 8 28 5 13 0 81 13 70 2 58 6 19 7 21 9 25 1 73 14 10 4 29 17 55 11 29 16 99 12 46 18 76
1 12 16 16 3 90 2 53 0 82 7 86 9 20 13 86 5 59 19 89 11 52 17 83 6 96 8 23 15 24 10 28 12 87 18 16 14 31 4 85
5 93 15 47 11 96 12 66 16 83 14 49 18 20 7 71 8 73 13 49 6 64 10 86 3 9 9 76 19 31 0 41 2 80 1 41 17 75 4 66
16 69 12 85 17 30 7 15 15 15 2 14 0 32 13 39 10 17 1 43 8 49 6 85 4 27 14 91 5 66 11 60 18 52 3 52 19 88 9 1
9 50 18 29 14 81 11 47 15 40 16 34 3 21 19 77 12 34 2 56 6 43 10 23 5 81 13 5 0 3 17 12 7 68 1 78 8 43 4 17
13 44 1 60 5 48 12 17 15 58 10 42 19 60 2 29 18 75 8 1 3 44 11 76 0 98 6 34 4 81 7 7 9 26 14 55 17 99 16 46
11 84 4 70 14 42 12 6 16 53 6 16 15 41 0 40 5 26 8 18 10 50 1 14 17 6 9 34 7 15 19 18 18 89 3 43 2 74 13 4
3 32 2 10 4 69 16 37 17 33 6 77 9 76 5 96 14 12 7 62 15 19 12 56 18 93 11 81 1 57 0 79 10 54 19 46 8 8 13 9
13 39 10 99 12 69 1 65 18 78 7 95 15 83 9 11 14 8 6 39 17 71 5 18 19 94 16 13 2 92 8 20 11 40 0 75 3 56 4 41
11 98 16 7 8 80 14 1 17 43 4 12 6 58 1 38 12 81 13 43 2 18 7 43 15 2 9 11 3 36 18 50 19 56 0 69 5 34 10 69
3 13 15 84 5 16 18 22 7 70 8 35 12 25 0 90 13 66 14 85 10 73 1 45 2 20 9 58 17 41 11 93 16 90 4 32 6 21 19 26
7 25 17 3 3 1 16 63 0 74 1 79 18 58 11 88 13 50 5 51 8 95 15 5 2 92 12 79 14 64 6 59 19 10 9 14 4 5 10 73
18 40 0 27 12 21 4 51 14 16 2 20 7 65 11 31 9 68 8 58 5 51 16 76 13 52 17 26 15 42 10 79 6 89 19 6 3 4 1 11
9 50 16 82 0 24 1 73 4 2 17 84 5 13 13 54 19 82 3 81 14 79 15 43 6 21 8 28 2 88 11 29 7 91 18 46 12 9 10 95
6 45 4 66 2 23 1 14 0 83 9 94 18 67 3 74 11 58 12 40 17 26 16 59 7 24 14 50 13 77 5 19 10 22 15 65 8 60 19 46
7 84 14 87 13 57 2 77 6 37 16 92 15 38 11 21 12 81 17 65 8 14 10 5 4 34 1 20 0 27 19 64 18 87 5 19 3 29 9 19
11 85 12 27 5 90 6 74 0 80 2 78 3 17 8 91 13 95 7 95 10 62 15 19 16 53 1 14 14 79 19 50 17 12 18 84 4 7 9 53
8 39 1 13 13 6 16 12 4 92 2 39 12 6 6 29 0 27 5 86 11 66 15 91 3 7 14 90 18 97 10 47 9 29 19 4 7 89 17 18
19 21 6 40 8 11 16 4 14 65 0 67 10 85 11 73 12 18 7 6 13 5 3 1 17 76 1 26 2 45 9 83 4 17 5 92 15 71 18 73
7 44 6 69 14 54 18 39 1 1 13 78 3 33 16 59 17 60 15 47 10 36 9 2 8 22 12 18 4 46 2 61 5 8 0 51 11 21 19 41
5 90 13 6 0 23 15 60 9 81 10 69 17 40 7 16 3 51 14 19 19 32 16 15 4 59 11 83 18 21 12 6 8 94 2 61 1 61 6 87
13 5 11 10 16 33 17 88 12 62 2 9 5 73 8 62 0 26 10 15 19 60 1 47 7 15 9 37 14 11 3 22 6 89 18 59 4 7 15 26
7 46 14 69 4 78 13 63 3 20 11 24 6 58 8 40 16 99 15 46 1 64 2 3 0 38 9 22 19 26 18 95 12 3 5 47 17 88 10 20
9 65 0 56 19 44 6 51 15 11 16 35 4 66 13 62 14 40 5 42 1 26 10 62 18 41 17 30 7 17 12 10 11 76 2 92 8 34 3 99
