100 20
2 8 3 13 18 72 16 87 15 81 7 27 11 26 12 79 13 75 9 38 4 72 0 42 17 1 14 16 8 17 1 79 5 9 10 1 19 86 6 35
7 18 13 61 9 43 1 2 16 20 0 88 3 63 11 88 4 47 6 40 14 1 18 43 12 74 10 74 8 27 19 24 2 6 5 30 15 53 17 67
18 98 0 62 16 49 11 80 13 28 10 93 1 28 3 5 14 90 9 70 7 71 15 23 17 96 5 33 4 31 12 21 2 30 6 67 19 34 8 48
8 64 12 34 7 69 19 71 15 2 16 40 13 21 11 16 6 5 1 49 4 92 2 66 3 99 14 62 5 5 10 65 17 97 9 11 0 13 18 75
10 81 17 64 4 68 0 28 3 39 1 2 11 54 5 77 2 43 18 27 14 54 13 40 15 52 8 48 12 96 19 77 9 94 16 73 6 20 7 60
10 85 8 31 3 17 17 4 2 61 4 88 13 91 15 15 7 58 19 66 16 68 12 20 5 41 0 66 6 63 9 98 14 8 1 34 18 77 11 87
4 31 14 64 13 29 18 60 19 62 12 78 15 39 6 37 17 61 16 46 0 74 9 59 3 91 7 28 1 92 10 41 11 36 5 94 2 81 8 37
0 43 19 76 13 45 15 10 12 49 8 19 18 80 5 26 17 44 7 25 14 35 11 25 3 7 10 98 1 11 9 19 16 18 2 17 6 15 4 21
12 10 7 55 0 47 19 95 2 68 1 20 11 39 5 66 6 7 14 85 13 36 8 93 3 55 10 14 15 57 17 27 4 50 16 13 9 30 18 86
1 99 12 16 11 6 9 12 17 5 15 67 13 73 2 9 0 45 18 55 6 61 10 32 19 12 5 12 16 10 4 26 7 88 3 34 14 93 8 37
18 67 9 51 6 94 17 68 1 37 14 3 8 17 4 41 3 73 10 5 11 56 15 18 16 95 2 63 7 20 13 98 12 63 19 55 5 5 0 42
19 74 8 34 15 70 17 36 1 36 2 91 9 37 12 85 16 46 4 2 7 20 14 3 5 64 0 62 10 61 18 85 13 78 3 3 6 18 11 86
12 82 1 72 10 17 5 16 9 97 15 35 8 9 0 93 11 43 17 23 13 17 2 3 3 3 19 96 14 94 6 98 4 74 16 65 7 94 18 37
18 74 2 74 12 49 14 40 16 5 13 60 15 45 7 24 4 66 19 17 11 53 3 30 1 78 17 57 10 75 9 58 8 50 0 63 6 12 5 20
7 49 19 36 12 18 17 27 8 23 5 59 2 82 9 63 15 8 13 25 10 61 18 29 3 41 0 6 11 94 16 44 1 33 14 37 4 98 6 5
3 52 16 86 18 35 15 52 0 40 5 95 2 8 9 48 14 40 8 69 19 80 4 47 12 72 10 24 13 36 1 50 11 39 6 56 17 39 7 47
2 90 15 42 19 8 18 58 16 66 17 24 14 67 10 32 8 91 9 26 1 67 12 41 5 89 3 41 11 17 13 42 4 9 6 37 0 38 7 60
1 85 2 77 0 24 5 67 6 49 14 40 8 60 7 17 10 35 4 35 17 45 18 82 16 64 13 11 11 5 19 45 15 99 12 75 3 2 9 48
13 71 19 35 7 27 6 93 15 39 4 10 12 42 17 9 8 83 18 9 9 65 2 44 3 56 16 62 0 84 11 72 5 64 10 7 1 58 14 98
6 69 5 54 10 49 1 67 4 85 11 79 13 70 16 95 8 76 17 92 14 81 7 19 18 44 0 1 19 86 2 90 3 28 9 11 15 18 12 97
6 28 17 98 3 34 0 30 12 85 11 68 5 26 9 7 14 26 10 46 13 49 2 38 16 31 4 23 8 66 18 10 15 17 19 6 1 84 7 76
18 55 1 58 2 77 15 27 17 88 7 21 13 49 0 62 3 13 14 55 12 26 16 67 8 78 9 38 10 60 6 42 11 50 4 36 19 82 5 82
1 27 14 34 4 47 8 80 0 39 5 82 2 41 10 8 7 80 6 84 12 57 19 18 9 78 16 94 15 56 13 42 17 31 3 56 11 67 18 62
8 42 15 41 18 14 6 96 12 86 5 94 1 21 7 75 9 14 3 69 17 63 13 50 0 60 10 28 2 41 14 64 4 40 19 60 11 32 16 55
13 87 11 35 4 67 15 70 12 34 2 12 14 37 1 58 0 99 18 14 7 47 8 96 6 58 16 35 5 75 10 55 17 29 9 95 3 65 19 82
3 87 17 96 5 6 11 75 7 82 13 27 15 14 12 71 1 59 8 1 16 12 0 54 14 16 19 60 9 43 6 2 4 83 2 42 18 51 10 35
15 4 9 72 16 97 0 5 4 40 6 12 14 98 10 91 18 47 1 45 3 52 11 92 19 76 2 39 8 21 12 34 13 39 5 76 7 95 17 28
0 13 8 58 7 64 4 4 18 67 14 8 17 82 6 1 5 49 11 13 2 82 19 96 16 11 10 10 9 94 13 2 12 47 3 53 15 57 1 36
1 93 15 95 8 47 10 36 7 50 14 21 17 20 5 11 4 49 11 69 0 82 16 73 19 81 6 22 9 99 12 86 18 26 3 16 13 25 2 89
4 90 7 35 9 46 6 99 10 30 8 81 13 62 5 45 18 54 19 61 1 73 2 67 11 11 15 64 12 40 16 73 14 51 3 16 0 57 17 2
1 21 14 10 15 38 4 53 6 19 7 41 3 50 16 92 17 90 19 28 12 99 11 21 8 40 0 94 5 71 13 86 18 40 10 95 2 76 9 69
6 26 2 21 18 10 5 97 3 38 16 88 8 69 7 82 14 97 1 42 19 23 9 78 11 98 0 7 4 96 12 97 13 24 10 32 15 19 17 75
5 97 18 27 10 14 6 61 16 95 9 63 13 99 8 91 0 46 1 71 19 16 11 71 7 27 17 59 12 43 14 47 3 74 15 69 4 62 2 99
2 1 6 54 11 26 18 55 4 36 19 17 16 11 0 26 7 98 10 44 14 32 12 30 15 94 3 97 8 51 9 5 1 74 13 70 5 33 17 88
10 43 3 64 19 60 12 92 15 43 9 37 17 70 1 42 4 40 18 89 7 59 8 21 16 65 11 39 6 30 0 44 2 7 14 95 13 92 5 95
12 32 2 22 8 13 18 96 4 9 0 94 14 48 11 85 15 57 16 70 3 48 5 94 7 29 6 24 19 57 9 77 1 99 17 8 10 72 13 57
14 90 6 30 1 52 13 40 2 84 18 85 11 94 5 89 8 62 3 23 16 98 15 83 9 65 17 74 12 25 19 72 7 24 10 85 0 87 4 1
5 94 1 52 13 26 7 5 0 16 18 64 16 8 11 92 19 45 17 32 2 56 10 83 6 97 15 66 4 14 9 98 8 48 14 44 12 44 3 89
6 43 12 7 5 38 0 71 15 56 18 34 8 39 2 23 4 37 17 87 7 15 16 61 3 70 1 42 10 80 13 2 14 96 9 48 11 1 19 31
5 84 19 16 2 39 1 35 11 88 6 33 16 77 15 57 12 96 4 8 18 65 10 8 13 84 8 36 14 80 7 57 9 67 3 23 17 40 0 46
13 98 9 57 17 10 1 61 4 15 11 8 19 73 14 25 12 33 16 42 3 79 15 47 2 18 18 58 10 90 5 63 8 75 7 89 0 4 6 37
4 13 11 47 13 41 5 64 16 95 7 68 2 31 17 83 12 52 14 90 8 26 9 47 6 77 18 15 1 33 3 39 19 82 0 82 15 10 10 78
9 61 5 49 10 9 12 33 16 30 14 2 15 64 17 94 7 24 0 61 8 73 2 78 19 97 6 97 18 25 3 22 1 83 13 97 4 22 11 50
13 73 19 80 12 74 4 92 1 72 18 37 10 18 8 27 11 56 17 96 14 19 0 24 15 88 6 21 2 98 9 5 5 78 7 97 3 19 16 83
12 70 19 25 10 53 7 52 14 70 13 46 6 73 17 20 15 38 4 14 11 2 9 74 1 71 18 21 5 42 0 97 2 20 3 79 8 72 16 92
10 91 6 98 1 64 17 26 12 86 11 49 14 81 5 89 19 93 8 16 7 9 15 70 0 74 9 14 16 70 4 78 2 97 13 43 18 35 3 82
19 47 5 45 11 99 17 58 13 30 0 22 3 96 9 82 7 33 1 40 4 60 18 93 15 8 12 95 14 19 10 48 8 72 2 18 16 46 6 50
13 52 16 25 7 6 10 18 15 64 0 51 11 18 9 1 17 50 6 24 4 39 1 58 2 96 3 20 14 17 12 61 8 58 5 47 18 38 19 9
17 98 5 97 0 52 2 25 1 5 14 34 11 16 10 68 16 60 9 64 4 66 8 1 6 55 12 61 3 20 19 39 13 54 15 7 7 11 18 77
8 24 15 66 2 63 1 16 0 8 16 58 3 45 9 22 10 26 18 74 19 8 12 4 7 73 11 30 5 5 4 25 17 61 14 13 13 77 6 54
8 32 14 34 0 8 3 87 17 64 18 94 1 43 16 46 10 89 13 12 5 66 9 51 2 94 19 61 12 73 6 80 11 63 15 50 4 45 7 31
14 71 0 45 4 90 10 94 15 75 18 79 19 89 5 14 6 22 1 9 16 97 2 58 3 92 9 17 8 18 7 27 17 96 13 46 12 86 11 61
9 41 4 73 1 7 18 65 7 99 13 44 0 43 8 61 16 26 3 80 14 34 17 95 10 5 11 21 6 44 12 65 15 68 19 61 2 96 5 25
3 41 0 8 17 79 10 39 15 75 18 94 13 96 6 23 14 38 1 13 12 18 4 19 7 14 2 67 19 78 5 14 11 44 16 41 8 90 9 61
8 61 0 9 9 86 1 88 2 15 18 43 12 60 15 67 5 48 10 18 6 98 14 85 17 79 16 32 11 18 13 79 7 64 4 89 19 84 3 32
1 55 14 25 16 72 15 8 17 55 2 20 19 4 5 74 8 67 12 25 7 29 13 95 3 40 11 59 0 47 10 59 9 56 18 40 6 68 4 36
13 55 1 85 16 93 10 74 3 60 7 57 8 80 19 12 6 13 2 83 18 13 0 63 12 21 15 68 17 80 11 12 14 56 9 24 5 5 4 75
9 8 19 53 7 26 2 14 17 84 14 41 3 71 10 23 5 28 16 85 6 18 15 60 18 69 4 52 8 9 11 2 0 44 12 39 13 56 1 95
16 59 11 42 1 57 12 18 13 48 0 15 4 87 19 91 8 89 3 65 6 27 10 17 7 60 5 98 9 31 2 67 14 88 18 71 17 3 15 22
12 46 5 82 13 89 1 14 18 50 10 37 2 10 19 66 16 72 11 83 0 49 6 13 17 46 3 28 7 22 8 42 9 8 4 38 15 56 14 50
16 65 17 36 19 71 7 52 14 69 4 47 2 78 15 2 18 90 9 51 6 20 5 33 11 70 3 20 8 10 10 31 12 86 1 14 0 25 13 4
16 33 1 1 8 38 18 38 3 47 2 16 11 36 7 9 19 38 5 48 17 14 0 15 4 99 10 59 9 87 13 65 12 42 14 38 15 59 6 67
16 53 1 64 8 30 14 30 18 34 2 18 12 98 9 58 6 53 13 43 11 86 15 13 7 70 0 96 5 55 3 25 10 53 17 98 4 63 19 10
17 47 2 8 6 59 15 22 10 17 16 78 11 31 19 90 8 48 9 55 14 39 5 42 4 6 12 35 0 83 7 1 3 23 1 62 18 95 13 74
18 50 2 44 11 87 16 9 4 16 3 20 1 97 13 98 19 57 8 81 6 24 5 43 9 44 10 55 12 62 7 3 15 51 0 80 14 85 17 89
7 12 13 79 8 69 15 38 14 86 18 3 2 97 1 55 11 19 4 25 19 67 3 29 5 24 12 73 6 97 0 19 17 98 10 23 16 43 9 78
9 49 19 61 5 60 1 98 16 88 6 47 2 95 4 65 7 88 18 49 8 42 0 22 10 96 3 85 11 29 15 22 17 60 14 27 13 73 12 40
3 19 2 64 15 29 6 6 13 32 4 91 18 6 19 19 5 51 10 46 1 69 8 94 11 37 14 38 7 32 0 57 17 8 9 59 12 56 16 32
7 26 2 49 0 8 1 59 15 1 16 87 8 92 14 95 4 24 6 86 9 24 17 70 12 22 13 45 19 9 18 15 11 27 5 37 10 43 3 26
4 77 0 81 18 47 1 67 6 24 15 61 12 7 7 88 2 26 14 44 3 76 9 71 5 73 16 11 10 79 19 46 17 63 11 79 13 94 8 11
19 58 7 1 13 50 10 8 0 69 11 65 4 79 6 85 12 58 16 72 5 1 9 22 3 87 14 40 17 26 1 69 8 80 18 71 2 58 15 53
1 67 9 61 6 33 19 38 13 49 11 69 17 95 18 61 2 14 16 52 3 66 14 13 5 63 4 30 12 97 7 36 8 13 0 42 15 99 10 1
9 76 12 77 10 64 5 66 11 43 18 25 15 90 17 42 1 47 2 48 8 85 0 98 7 70 6 96 19 45 16 26 4 55 13 34 14 33 3 93
8 7 14 58 13 44 15 99 4 61 6 89 7 84 18 49 12 69 10 97 17 69 9 84 0 73 11 71 2 30 19 84 5 11 1 5 16 6 3 80
4 37 7 60 0 16 5 22 14 3 6 44 19 93 13 13 1 74 18 76 12 83 10 36 9 93 15 73 8 48 17 84 11 57 3 1 16 77 2 15
6 10 19 93 16 1 0 80 2 7 7 19 8 33 1 38 12 68 17 77 13 6 9 78 4 9 14 98 11 79 10 36 3 17 15 87 5 45 18 95
3 80 10 25 5 77 13 58 6 69 18 9 1 22 12 52 9 28 19 72 4 17 0 53 14 70 17 24 8 35 11 60 2 94 7 47 15 93 16 96
0 95 18 59 8 6 3 26 19 94 14 72 15 96 10 23 16 68 7 13 4 96 6 31 11 16 17 12 5 95 2 31 1 43 13 66 9 6 12 69
14 88 6 81 0 15 8 45 5 20 4 98 12 19 9 15 15 27 13 82 3 57 2 56 11 53 10 6 7 97 18 35 1 63 16 42 19 76 17 71
7 56 9 47 3 37 16 33 12 40 19 69 5 86 11 3 6 75 15 75 13 53 14 40 10 45 1 97 2 86 4 38 8 66 0 40 17 66 18 55
3 79 12 92 9 96 18 44 15 69 10 60 13 88 5 92 4 34 14 72 6 78 17 63 11 21 16 3 19 62 0 75 1 63 8 40 7 56 2 84
5 53 6 46 2 98 4 65 0 31 17 93 15 90 19 79 3 3 7 40 16 86 18 68 11 54 10 80 14 96 13 29 9 16 12 55 8 1 1 71
8 27 1 78 9 19 13 14 3 85 5 36 19 63 15 56 11 2 6 63 12 25 16 60 2 9 18 59 7 98 4 37 0 33 14 86 10 29 17 20
14 82 19 66 8 23 17 24 7 52 0 11 10 32 6 34 1 83 12 56 15 42 9 63 2 64 4 16 3 37 16 72 11 54 13 3 18 80 5 85
10 71 1 4 3 47 11 34 2 14 7 31 8 40 13 40 19 2 12 81 9 57 15 34 17 51 6 42 18 36 4 16 16 56 0 74 5 32 14 30
15 66 3 42 12 28 11 65 19 56 14 35 10 66 13 43 4 51 6 18 16 29 7 64 5 91 8 78 17 37 0 55 18 55 9 70 2 81 1 47
4 43 8 61 12 49 3 64 10 53 14 26 18 13 2 14 19 55 1 46 17 59 16 69 0 84 11 71 7 41 9 63 15 8 5 8 13 5 6 93
19 78 17 56 5 20 1 47 11 91 7 20 12 21 14 57 0 59 2 69 6 90 9 64 13 97 3 76 8 2 10 76 16 25 15 15 4 97 18 55
13 36 18 71 7 72 14 37 2 34 11 11 1 42 9 38 8 19 19 17 16 2 4 97 3 32 15 20 10 82 6 78 17 8 5 73 12 51 0 78
4 17 13 77 14 42 16 62 1 82 11 13 5 57 6 78 3 72 9 16 8 73 7 12 17 22 18 59 2 55 15 99 10 9 12 26 19 17 0 8
0 25 18 64 5 63 11 67 3 2 17 87 12 89 19 91 8 55 1 51 7 2 6 15 16 87 15 20 10 32 13 85 9 71 4 90 2 16 14 89
6 94 8 29 9 24 11 44 18 76 1 83 15 59 2 48 0 40 4 66 12 98 16 96 17 94 10 73 7 28 13 69 14 15 5 56 3 92 19 17
19 6 3 64 9 44 6 77 16 89 14 87 10 74 18 15 0 72 13 80 8 19 5 94 12 57 1 55 17 23 15 93 11 37 2 82 7 53 4 32
3 83 6 39 12 29 16 84 5 61 11 72 19 44 9 43 10 54 14 4 18 39 15 23 8 88 17 71 7 84 13 94 4 49 0 33 1 23 2 5
4 23 11 44 1 57 18 21 0 42 10 18 2 55 16 98 3 89 14 82 12 78 5 72 7 33 9 18 13 39 17 27 19 88 8 15 6 55 15 79
6 34 8 90 1 4 16 64 12 9 10 92 14 15 4 54 17 93 3 2 5 71 13 19 7 5 19 74 2 60 18 99 0 6 9 78 11 68 15 77
4 10 3 30 9 27 16 68 12 6 0 90 1 77 5 66 18 52 8 45 7 87 2 66 19 90 6 42 17 28 11 58 10 84 13 14 15 21 14 9
0 75 19 58 14 79 10 29 4 68 13 1 8 31 7 21 3 91 5 60 9 34 2 31 15 26 18 85 16 63 6 78 1 36 12 22 17 75 11 56
2 19 11 35 19 18 5 62 0 33 12 64 4 50 15 4 18 80 17 87 10 16 3 17 16 83 8 7 7 76 1 64 9 20 13 55 6 43 14 55
2 86 0 97 19 68 7 74 18 98 10 66 8 7 1 20 15 76 12 87 5 77 17 10 13 90 11 86 16 22 14 7 3 51 9 29 6 37 4 34
