100 20
4 8 0 90 8 10 7 84 1 59 17 66 19 20 12 32 11 15 15 47 9 4 3 10 2 7 16 91 14 72 10 13 18 27 6 70 13 67 5 75
7 33 2 8 11 63 15 97 14 31 4 8 3 30 16 81 10 26 17 82 9 94 6 68 13 14 1 28 5 46 8 33 0 16 19 65 18 23 12 27
12 2 10 64 3 64 2 39 13 31 9 36 1 91 5 42 4 79 6 20 16 16 0 29 15 20 8 22 19 77 14 11 17 74 11 88 7 9 18 82
18 34 15 96 3 73 4 15 16 76 7 47 1 18 0 73 17 1 5 66 13 23 14 84 8 1 2 91 6 69 12 77 19 72 9 15 11 89 10 24
17 3 9 64 13 79 2 91 11 23 6 52 12 99 4 63 10 44 18 15 14 82 1 50 5 39 7 19 15 45 19 47 8 93 3 64 0 3 16 11
0 30 2 20 7 88 6 81 15 75 10 71 18 51 3 27 12 1 14 82 9 79 16 95 17 75 1 60 8 3 19 93 11 47 13 55 4 95 5 50
8 61 5 2 19 59 18 34 2 88 16 4 1 13 9 10 12 7 7 97 13 57 11 46 0 40 3 17 17 44 15 21 6 21 4 20 10 46 14 57
3 75 12 10 19 81 9 76 14 45 17 82 11 99 6 74 7 80 15 80 18 80 2 26 16 40 10 71 4 89 8 47 5 12 0 74 1 35 13 39
8 48 14 81 5 57 4 85 18 32 17 94 19 67 7 64 16 33 6 97 3 69 0 97 10 18 11 34 12 63 15 20 1 47 13 64 2 52 9 67
9 20 18 78 11 71 0 73 13 7 1 19 19 25 4 57 15 53 12 72 16 49 8 56 14 98 7 55 6 52 3 55 10 4 17 26 2 38 5 10
16 28 5 37 12 38 18 25 10 84 15 46 1 18 6 5 9 55 17 12 13 40 7 76 0 51 19 38 4 75 11 62 14 96 2 46 8 55 3 54
9 71 8 62 3 60 4 85 10 19 7 53 17 18 13 58 19 74 12 97 6 54 15 75 16 53 1 70 2 14 0 54 5 62 11 99 18 2 14 20
17 81 3 94 6 26 12 47 10 50 4 85 14 49 16 16 19 51 8 80 15 26 1 82 9 86 7 52 2 91 5 29 13 47 18 80 11 73 0 14
1 98 8 38 19 47 18 52 10 99 3 97 13 61 17 47 15 29 0 27 2 99 14 95 4 36 7 38 11 87 16 91 5 62 9 20 6 13 12 24
11 80 0 40 3 34 2 54 13 82 10 14 18 69 16 26 14 79 19 61 15 5 9 91 1 50 5 84 8 63 7 84 6 90 4 54 17 17 12 66
10 69 14 70 5 1 18 18 8 33 4 92 9 62 11 4 2 27 1 45 3 21 6 88 12 61 13 4 17 89 16 88 0 13 19 63 15 57 7 50
1 18 8 65 11 31 0 38 4 95 2 79 19 57 14 24 3 33 15 93 13 22 17 26 12 99 16 26 6 25 18 35 7 57 10 77 9 82 5 95
19 67 6 28 8 23 14 45 11 76 16 8 7 8 10 58 4 83 1 27 12 66 18 83 2 1 0 48 15 97 13 16 9 67 3 56 5 72 17 52
16 1 2 82 0 55 15 6 13 36 7 31 1 90 18 17 19 90 9 96 12 95 8 14 3 14 5 44 17 46 14 44 4 1 6 41 10 64 11 91
14 2 6 93 10 90 13 7 16 87 0 77 8 32 9 50 7 90 15 41 1 3 11 89 5 56 17 7 19 97 3 87 12 27 2 17 4 50 18 86
15 87 12 62 14 68 5 71 17 87 19 45 8 11 13 16 18 66 1 65 11 36 10 94 16 77 4 86 9 13 6 55 3 22 2 54 7 88 0 36
9 71 15 6 19 92 18 79 4 51 2 42 6 10 1 55 5 47 16 77 10 79 14 58 17 67 11 22 8 15 13 27 0 90 3 39 12 45 7 86
16 13 1 34 10 16 12 25 0 85 4 17 6 81 18 87 5 25 8 24 3 93 14 51 9 35 13 31 19 13 15 28 7 45 11 92 2 72 17 54
13 17 5 35 8 61 0 23 15 73 16 7 2 62 9 86 18 26 17 66 11 94 12 55 6 34 7 45 1 95 4 67 19 78 10 75 3 8 14 61
16 45 15 67 12 51 18 43 7 50 1 17 0 28 5 88 11 8 19 57 17 13 14 94 8 97 2 21 10 35 3 75 13 54 4 65 6 32 9 43
3 1 13 26 6 97 4 29 10 42 12 20 5 36 9 69 2 10 11 60 19 88 15 6 0 63 8 84 18 41 7 60 17 31 14 94 1 36 16 40
10 54 4 31 17 98 2 3 11 16 18 40 5 41 14 49 8 21 15 88 16 21 0 25 3 81 1 84 19 2 9 92 13 89 12 77 6 26 7 89
11 87 10 84 6 70 14 74 18 11 13 71 0 82 15 90 9 10 8 55 16 59 1 63 5 2 12 66 7 24 2 45 19 14 17 52 4 88 3 91
18 1 16 65 14 2 7 80 17 18 12 14 11 4 15 56 6 17 9 93 13 76 4 72 8 54 5 3 19 90 2 82 10 39 3 11 0 45 1 34
17 61 7 26 5 47 15 15 0 88 1 68 16 66 3 87 9 6 19 35 13 77 6 89 10 28 18 67 4 72 11 6 12 99 8 34 14 63 2 62
1 74 4 22 8 75 10 54 11 83 3 76 16 71 19 95 18 82 2 59 13 13 5 1 14 18 7 16 12 76 15 86 0 15 17 23 6 13 9 94
16 69 8 50 13 49 3 27 7 9 4 96 6 28 12 85 19 77 14 51 5 90 18 51 9 15 15 55 0 68 11 40 2 62 1 10 17 48 10 24
13 4 0 32 10 79 2 45 16 32 8 33 7 91 12 58 15 66 6 17 4 3 19 11 9 1 14 5 18 87 5 97 1 36 3 46 17 38 11 73
6 54 14 27 15 54 19 57 13 91 17 91 8 6 7 28 4 52 10 15 16 11 0 82 12 3 11 61 9 34 18 79 5 73 3 10 2 52 1 16
3 90 18 99 8 25 19 13 14 8 1 85 9 72 16 58 13 2 2 98 11 26 0 44 12 43 7 29 5 85 15 94 6 14 4 65 10 17 17 20
12 91 6 19 15 10 5 59 13 36 7 48 18 7 1 35 0 81 17 17 11 55 8 86 4 25 2 57 9 14 19 50 14 29 10 49 16 64 3 89
5 63 17 18 12 5 11 50 6 7 0 42 13 62 7 49 4 74 19 5 15 93 8 73 3 87 14 81 9 40 10 19 1 33 18 49 16 2 2 98
7 49 13 90 15 33 11 52 9 49 2 14 19 10 8 30 1 22 12 91 4 36 16 85 3 71 6 75 17 68 14 1 5 67 18 2 0 82 10 89
13 33 14 75 17 77 5 14 16 31 1 87 8 66 11 50 12 27 3 29 15 38 19 29 6 76 0 90 10 85 2 27 18 28 4 17 7 37 9 40
17 95 15 58 4 10 3 5 10 67 2 70 5 50 14 69 8 96 11 77 7 13 1 67 19 14 18 74 6 39 13 97 9 77 16 95 0 33 12 49
3 92 2 19 4 34 12 22 9 35 11 13 0 83 19 82 7 99 13 80 15 9 16 30 10 57 18 81 14 55 6 72 1 32 8 77 5 24 17 20
6 14 12 68 7 5 0 91 13 32 4 23 14 91 1 82 5 28 2 98 10 95 19 82 18 59 16 72 15 89 8 19 11 76 9 53 17 63 3 65
9 74 1 24 2 97 15 82 4 63 16 25 11 41 13 52 17 5 5 39 7 18 18 81 12 69 3 77 19 17 0 74 6 38 14 88 8 2 10 63
9 59 12 74 1 68 13 93 10 11 14 62 0 35 15 38 3 12 19 74 7 29 2 77 4 4 5 56 8 89 17 83 18 64 6 68 16 32 11 99
17 69 19 90 3 89 10 33 15 87 13 70 12 43 0 21 8 29 18 41 1 49 7 38 6 42 4 73 11 60 14 48 16 49 2 52 5 28 9 99
11 12 17 29 9 33 8 33 14 12 5 2 13 41 7 61 10 86 4 72 18 42 19 61 1 78 2 77 6 48 15 32 3 61 0 76 12 98 16 23
15 22 6 21 14 90 2 71 11 54 13 88 5 80 7 64 18 71 17 32 10 16 0 18 12 86 8 81 4 97 3 10 1 58 19 46 9 91 16 71
16 52 6 2 8 99 2 66 13 14 5 36 0 81 17 63 10 69 4 79 14 70 7 73 1 3 11 23 9 66 12 20 19 72 18 57 15 84 3 83
15 42 13 38 16 30 7 32 11 85 10 12 19 99 17 76 12 14 3 68 5 69 9 98 8 11 6 37 4 15 18 52 14 24 0 83 2 16 1 85
10 44 1 68 11 40 5 93 14 15 4 18 13 76 8 94 15 6 6 60 0 97 7 71 16 5 18 90 2 29 3 72 12 57 17 27 9 74 19 28
8 31 10 4 18 7 0 99 7 23 14 67 15 28 12 76 16 80 9 44 2 69 17 99 1 97 4 8 11 22 6 44 5 6 3 95 13 20 19 45
6 90 8 53 3 74 9 44 11 80 17 70 14 54 1 54 10 51 15 56 2 54 16 92 19 7 7 12 13 68 4 38 0 30 18 73 12 53 5 89
13 22 1 64 7 80 11 25 16 66 8 80 17 59 10 32 9 24 18 48 14 79 4 78 15 87 5 15 3 96 12 12 0 82 6 74 19 94 2 67
11 97 17 40 7 54 14 36 1 72 12 73 4 92 6 33 3 51 5 15 19 85 18 21 2 62 10 33 9 81 16 98 15 23 8 41 13 89 0 46
19 30 18 64 15 18 13 43 16 13 12 62 5 11 2 67 0 73 3 46 6 2 10 14 14 75 17 62 1 77 4 7 9 50 11 70 7 16 8 45
6 19 0 41 5 25 1 98 14 96 15 60 4 90 3 75 8 31 7 73 2 8 17 41 11 10 9 34 13 4 19 84 10 48 18 10 12 40 16 12
14 53 13 46 0 92 5 59 16 71 17 95 15 76 7 29 12 87 8 75 9 82 2 24 10 45 6 75 4 49 1 87 11 50 3 69 19 80 18 3
17 50 14 33 3 54 18 24 10 79 6 96 19 34 16 46 4 43 8 58 13 59 0 50 12 32 1 99 11 23 9 94 2 31 7 99 15 99 5 37
4 36 2 11 0 10 6 19 15 87 13 55 11 62 9 4 8 79 12 49 16 40 10 95 7 27 19 26 18 80 5 89 17 4 14 25 3 16 1 41
10 74 0 17 18 74 2 95 3 83 11 24 9 95 4 62 13 52 12 90 14 21 7 59 6 12 15 51 19 14 1 97 16 29 8 58 5 87 17 71
13 99 12 54 11 54 8 5 2 91 6 2 14 8 17 8 16 15 19 99 4 72 0 92 3 72 1 40 7 95 15 70 9 33 5 87 10 37 18 23
0 14 8 72 11 32 6 56 17 47 10 16 2 39 5 52 4 70 7 76 3 82 1 25 12 37 9 95 13 79 19 61 14 47 16 53 18 85 15 14
15 73 7 3 1 73 3 20 16 77 19 65 8 28 6 42 17 85 2 14 10 75 11 54 0 17 18 6 5 60 13 63 14 85 12 26 4 58 9 11
9 32 8 85 13 82 11 60 15 3 17 10 19 22 14 94 4 31 12 26 16 77 1 65 0 3 10 52 5 75 2 92 18 79 3 77 6 48 7 11
14 37 2 42 11 46 1 44 13 5 4 38 15 26 10 97 7 36 17 37 6 76 5 32 9 64 0 47 16 76 3 77 19 40 18 32 8 5 12 89
13 29 7 56 6 92 0 9 17 82 1 29 19 54 11 12 10 92 18 59 8 43 16 68 15 36 14 11 2 8 3 99 12 83 5 18 4 29 9 64
11 25 18 3 10 49 17 69 5 99 13 1 15 60 6 67 4 12 14 61 19 78 2 41 0 61 1 83 12 90 16 55 9 65 8 14 3 66 7 37
2 78 17 74 6 38 18 23 12 64 16 14 9 16 7 9 15 37 3 46 0 6 13 97 1 47 5 44 10 76 8 85 11 75 19 66 14 9 4 99
16 24 3 92 7 86 10 56 14 39 0 96 5 29 12 32 6 38 9 68 4 91 19 17 1 96 15 3 2 23 18 92 13 77 8 8 11 63 17 23
7 85 18 32 17 41 10 14 1 32 12 18 14 45 16 97 11 53 9 52 8 1 3 15 4 52 19 21 6 14 13 54 5 10 15 68 2 96 0 24
16 16 8 69 14 13 19 5 12 90 9 45 0 36 15 66 17 93 2 21 4 36 11 26 7 19 18 20 5 40 10 86 13 60 3 29 1 23 6 22
3 58 1 67 2 6 6 47 14 98 11 55 9 92 10 62 13 84 16 95 4 49 0 91 8 6 19 37 15 18 7 95 12 95 5 36 18 39 17 25
19 97 11 19 9 8 18 62 0 75 17 58 15 34 14 26 16 35 7 65 12 28 5 52 2 65 3 95 1 39 6 58 10 70 13 33 4 48 8 31
1 61 5 93 15 51 11 22 18 71 12 98 7 35 14 44 8 90 17 29 9 1 19 96 6 26 0 81 2 24 16 2 4 14 13 21 10 42 3 38
11 92 4 3 2 10 1 48 5 47 16 66 19 52 18 80 6 40 7 56 17 53 15 77 8 13 12 59 14 31 0 75 3 68 13 12 9 59 10 55
11 74 15 60 19 42 6 40 3 60 4 5 9 90 12 47 1 81 8 78 17 93 18 84 0 97 7 32 5 99 10 65 16 77 13 57 2 34 14 75
11 61 17 3 0 75 13 31 3 40 16 10 4 80 7 4 1 33 5 88 12 75 18 21 8 7 6 69 10 43 14 80 15 72 19 83 9 67 2 59
19 52 0 52 15 10 4 87 5 78 2 14 14 47 8 12 12 44 17 4 16 8 10 2 11 57 3 8 1 12 18 74 6 50 13 9 7 33 9 71
16 70 5 33 9 91 3 10 13 18 18 20 11 51 6 84 8 11 2 31 10 11 15 65 0 15 17 1 12 60 14 27 19 75 7 85 1 58 4 17
15 44 13 68 5 85 19 91 7 4 1 70 9 31 6 33 3 12 4 36 12 76 18 20 2 81 17 14 11 90 0 88 14 96 10 68 8 85 16 10
11 19 19 89 1 20 4 43 12 69 17 98 13 54 2 54 15 49 10 9 7 84 0 69 6 51 14 10 9 20 5 99 8 48 16 17 18 84 3 91
10 22 12 32 18 73 7 21 4 97 1 47 19 62 11 29 0 4 14 14 6 69 2 47 16 16 9 6 5 90 15 78 17 27 3 40 8 91 13 62
8 97 3 21 2 12 15 42 9 32 1 35 11 19 16 72 4 63 7 53 5 1 6 98 10 53 0 30 19 15 14 47 18 46 12 58 17 3 13 31
17 76 3 89 7 80 14 37 1 29 5 47 19 83 6 76 15 37 2 41 12 81 8 97 18 95 0 85 11 47 16 77 13 15 10 88 4 87 9 15
11 19 18 41 8 1 4 35 19 18 17 35 6 51 16 24 9 25 0 87 7 90 13 43 2 95 5 61 1 53 3 72 12 90 10 45 14 19 15 99
4 77 11 77 16 36 6 40 12 21 10 90 5 41 14 68 18 95 13 82 8 53 0 29 7 2 1 76 9 94 15 55 2 93 17 74 19 32 3 19
18 66 3 31 8 2 13 91 12 98 1 19 5 86 15 8 9 99 17 2 14 90 4 36 6 90 19 99 10 7 11 72 16 47 2 32 0 78 7 60
18 70 14 77 0 78 2 47 5 47 8 4 10 85 7 61 16 40 12 5 13 91 9 12 19 83 17 81 6 6 1 89 3 63 4 77 15 35 11 16
2 77 18 62 8 39 0 21 14 92 10 97 6 54 13 66 19 15 15 49 11 73 9 31 1 7 12 87 4 73 7 44 16 43 5 14 3 4 17 76
12 37 17 6 13 11 8 26 19 92 15 40 3 72 7 69 9 66 2 75 4 9 0 73 10 9 16 38 1 72 14 80 11 49 6 33 5 42 18 77
18 30 8 94 7 92 3 93 6 49 11 49 4 69 16 68 14 6 12 14 17 20 5 20 0 79 1 54 2 83 19 12 9 34 13 13 10 82 15 84
14 3 15 70 19 74 2 2 9 50 5 16 17 84 0 19 12 52 8 17 3 28 11 96 18 83 1 18 16 42 6 64 10 44 13 22 7 15 4 67
13 67 12 83 14 60 7 5 0 86 15 91 19 85 18 99 4 42 16 32 9 61 17 70 6 22 2 67 11 2 3 85 1 42 5 87 10 17 8 25
4 6 19 83 2 17 17 25 6 53 18 54 15 9 3 26 10 26 11 50 0 77 1 83 5 47 12 38 14 9 13 82 16 72 7 85 8 67 9 85
4 15 19 65 0 65 15 39 6 56 3 25 10 36 5 32 7 35 17 25 1 52 18 30 12 12 14 81 13 31 16 89 8 46 2 23 11 31 9 18
5 99 3 45 18 63 12 85 2 63 0 26 14 14 13 95 10 9 4 31 11 17 19 18 15 75 8 9 7 8 16 41 1 39 6 55 17 13 9 62
2 78 6 49 17 33 7 8 16 31 18 33 19 19 3 58 11 86 10 75 4 10 8 89 14 88 1 99 9 22 13 98 0 80 5 7 15 60 12 47
18 49 10 25 5 63 16 80 7 23 4 2 14 68 6 76 9 28 13 23 19 7 2 16 3 55 8 67 1 72 17 34 0 28 12 76 11 88 15 37
16 3 4 37 0 15 18 6 5 77 3 37 11 76 1 33 19 17 15 26 6 83 13 79 12 8 9 42 14 81 8 56 7 34 2 4 10 46 17 74
16 57 10 89 2 33 17 55 4 65 11 81 0 90 13 59 12 52 14 7 8 85 15 82 5 70 3 65 18 73 9 1 6 68 7 85 19 15 1 72
