100 20
11 49 3 13 4 77 15 1 17 7 5 1 6 3 16 7 19 64 10 95 9 89 1 6 18 72 7 90 12 14 14 5 2 98 0 91 13 71 8 68
1 53 19 94 8 29 15 2 2 94 0 73 10 36 14 24 4 69 5 99 18 35 9 99 3 72 11 43 12 16 17 38 13 5 7 74 16 60 6 20
19 75 2 80 11 31 0 83 15 98 14 28 10 97 3 11 1 79 12 77 4 6 17 29 13 16 6 44 8 19 9 18 18 74 7 57 16 69 5 20
14 71 9 92 5 49 0 55 17 17 16 42 15 92 18 22 11 28 12 59 4 68 7 46 1 59 10 92 3 49 19 78 6 90 8 84 2 58 13 41
11 66 7 40 2 79 17 80 3 41 5 62 14 85 13 55 12 80 16 12 1 32 6 38 18 64 0 73 4 40 10 78 9 46 15 33 19 57 8 93
12 87 18 27 7 2 2 12 16 51 17 84 6 8 13 60 11 15 15 34 5 63 19 32 0 22 14 64 10 70 1 7 3 23 8 62 4 36 9 10
7 61 1 51 14 83 11 62 6 30 15 86 18 77 3 29 8 2 19 37 2 10 0 95 9 33 13 54 5 40 10 79 16 75 17 75 12 99 4 3
0 94 1 24 15 39 2 28 5 25 4 31 16 32 6 83 17 16 9 5 18 31 14 93 11 81 12 65 19 23 3 44 7 35 13 65 8 27 10 27
15 9 0 75 18 56 5 27 16 26 13 5 8 71 2 24 4 10 12 12 1 35 9 84 3 42 6 46 11 13 19 51 7 5 14 7 10 76 17 20
10 47 15 55 1 57 14 9 8 51 3 93 9 23 18 99 19 23 6 30 12 42 13 85 17 45 2 13 11 6 16 26 0 4 7 23 4 50 5 4
6 45 13 86 4 68 17 48 2 61 9 8 8 48 5 8 16 30 0 74 3 89 10 92 18 61 7 48 19 26 1 24 11 85 12 60 15 98 14 91
15 1 3 98 12 59 14 79 6 6 10 62 1 58 11 2 5 57 0 51 18 33 7 65 9 2 13 24 16 85 8 6 4 51 17 22 19 14 2 60
7 37 8 79 18 46 14 94 1 51 5 74 11 41 16 50 12 81 6 14 10 75 15 48 4 31 3 76 0 21 13 58 2 17 17 43 9 74 19 17
2 10 17 20 6 58 7 5 18 45 0 32 10 84 5 86 8 53 3 9 14 30 15 6 9 50 11 23 19 6 1 92 12 41 16 22 13 76 4 12
14 34 1 69 4 84 19 61 8 18 7 41 9 83 17 63 6 57 16 10 5 3 11 83 15 14 18 50 0 32 12 54 3 3 13 65 10 33 2 53
18 4 11 39 12 75 0 4 16 64 14 14 15 79 9 46 5 88 8 34 3 50 6 72 10 37 4 60 7 32 13 25 1 59 19 59 2 28 17 11
2 58 1 68 14 10 8 15 17 20 4 79 15 48 11 53 18 39 12 43 7 72 10 80 16 78 19 49 0 2 9 39 5 13 3 60 13 87 6 35
4 89 2 73 19 58 7 45 17 94 1 19 15 95 0 65 13 54 5 70 14 57 18 97 10 26 3 37 11 53 16 37 8 96 6 96 12 86 9 92
1 40 18 94 2 9 7 99 6 31 19 96 13 88 4 24 5 68 3 13 15 13 8 85 10 23 0 26 17 39 16 7 12 19 14 89 9 97 11 72
17 62 6 41 19 72 8 74 14 92 3 76 9 14 15 20 0 69 13 61 12 79 4 3 2 93 16 45 1 58 18 94 5 16 7 93 11 90 10 28
6 32 10 68 19 44 18 12 11 94 5 6 9 27 17 1 15 9 12 54 0 95 3 69 4 68 13 56 8 99 1 40 16 64 2 68 14 7 7 51
18 20 10 42 0 63 19 29 2 6 11 6 16 3 3 11 12 52 8 88 7 86 15 8 17 31 1 43 4 81 9 14 6 98 5 1 13 39 14 34
14 74 17 81 18 54 8 51 5 25 16 79 7 38 19 33 2 72 10 77 6 21 15 72 4 67 3 30 0 26 13 40 11 32 1 54 12 72 9 39
10 67 2 48 19 57 1 92 13 62 6 76 11 29 0 3 15 97 7 12 5 41 14 86 16 44 9 69 3 64 12 23 8 96 4 24 18 11 17 64
5 18 2 10 6 40 0 28 15 89 4 14 9 87 16 17 14 77 7 20 17 58 19 10 13 75 8 99 1 58 12 27 11 65 10 6 18 84 3 12
0 86 9 85 15 39 16 84 14 67 13 4 5 96 10 72 2 36 17 38 18 54 8 23 7 1 4 19 12 73 6 53 11 35 19 59 1 74 3 79
10 27 18 6 14 70 7 53 9 20 11 92 3 15 19 90 8 65 12 40 1 63 2 76 0 33 6 5 13 83 17 8 16 88 4 60 15 64 5 56
8 88 2 77 17 84 9 6 13 6 7 51 19 92 6 94 1 82 16 11 5 26 3 93 18 76 11 68 4 22 12 61 0 9 10 45 14 79 15 19
4 8 15 14 0 55 12 85 6 22 18 57 7 4 3 77 19 42 10 4 11 96 1 29 13 52 5 21 14 82 9 15 16 80 8 49 2 8 17 79
6 16 0 58 5 72 11 15 3 59 14 30 8 61 7 95 1 43 4 25 19 61 10 87 16 25 15 2 2 4 12 63 18 58 17 73 9 10 13 93
12 1 2 17 18 4 19 73 7 21 11 35 10 48 6 4 9 80 13 10 1 54 8 30 16 33 5 11 3 22 0 72 4 67 17 55 15 19 14 22
18 94 1 59 14 33 15 94 10 79 9 70 0 50 2 51 6 69 16 52 17 40 7 4 8 68 19 68 3 15 12 92 5 2 13 31 11 43 4 90
14 40 1 34 0 99 4 21 12 89 6 34 2 68 8 31 7 67 15 47 16 38 18 14 19 13 13 61 3 14 5 31 9 61 11 27 10 54 17 59
15 17 18 42 5 52 8 93 10 80 2 83 17 52 16 90 13 35 12 83 6 31 0 80 3 86 4 69 7 67 9 1 19 30 11 5 14 13 1 77
16 16 2 12 0 72 15 30 12 44 3 92 1 76 19 3 7 84 5 68 4 30 11 36 13 17 18 67 6 42 8 8 10 97 17 26 14 48 9 57
18 79 13 46 16 34 4 55 11 93 15 34 2 87 9 24 19 63 7 3 8 70 17 99 3 90 1 8 12 34 14 65 5 88 10 67 0 3 6 1
7 45 2 77 15 86 1 7 11 21 3 87 5 63 17 1 13 72 6 73 8 91 19 53 9 34 0 83 14 19 12 93 10 71 16 48 18 50 4 87
14 90 2 40 3 48 0 34 13 53 16 24 1 78 4 88 6 30 7 54 15 17 8 61 18 71 17 61 10 83 19 24 12 34 5 88 9 15 11 85
16 1 18 79 5 86 15 13 17 43 3 99 7 43 2 30 1 91 12 5 13 21 11 69 10 76 14 6 19 1 9 38 6 96 8 3 4 83 0 96
13 53 4 1 12 39 5 50 6 63 14 56 10 52 18 6 3 25 8 86 15 5 9 69 17 96 11 55 2 18 19 58 7 77 16 31 0 7 1 24
10 18 18 61 0 29 19 17 1 41 13 39 11 96 3 79 17 57 7 51 2 86 9 51 16 41 5 16 6 76 14 9 8 62 4 76 12 12 15 80
11 21 1 20 10 31 12 38 7 53 19 22 8 13 16 15 17 92 6 41 9 80 14 67 13 45 18 65 3 78 4 61 2 53 0 56 5 20 15 41
17 71 8 14 7 25 18 96 3 39 5 93 1 5 2 58 4 53 15 99 0 78 9 28 14 4 16 18 6 63 11 19 13 66 12 32 10 67 19 67
10 80 13 29 5 21 14 42 1 44 0 88 12 15 17 13 6 71 18 30 16 12 8 15 9 88 15 92 7 57 4 36 11 82 2 82 3 24 19 83
18 95 13 99 7 97 19 87 17 24 16 59 3 36 2 1 6 67 14 83 8 16 12 6 5 96 15 2 10 70 11 91 4 61 9 96 1 12 0 55
1 29 3 10 12 71 9 75 6 96 16 88 0 39 5 55 19 77 7 31 4 74 14 88 17 41 10 59 15 47 13 68 2 66 8 64 11 11 18 16
3 36 14 7 7 24 18 16 17 59 10 75 13 23 15 71 0 35 11 50 16 98 1 13 2 70 19 16 8 8 4 62 12 41 9 13 5 97 6 13
6 59 14 24 16 2 9 20 1 43 7 49 2 84 8 20 0 78 19 70 18 45 12 66 5 42 17 80 10 2 4 84 15 26 11 81 13 22 3 99
18 59 12 35 4 8 11 94 16 58 9 35 5 6 1 10 13 41 19 18 6 36 17 26 15 61 7 74 10 48 3 67 0 67 8 11 2 55 14 36
18 40 4 72 11 99 17 19 8 91 3 80 13 76 6 65 5 37 9 88 2 89 16 20 19 31 12 8 14 59 1 7 0 91 15 61 10 52 7 54
13 41 4 64 3 25 8 67 10 95 5 49 12 80 19 51 17 84 9 47 2 41 16 2 0 40 15 94 18 68 14 92 7 9 1 24 6 45 11 91
5 7 16 56 0 53 13 74 3 44 1 19 2 61 8 54 19 5 9 87 15 48 14 81 18 97 12 59 7 26 4 26 10 91 6 38 11 22 17 69
0 58 15 51 5 85 14 69 3 35 7 99 17 49 19 9 13 28 8 58 18 90 12 20 2 39 9 76 11 60 16 40 1 39 10 79 6 66 4 39
6 86 4 77 12 81 0 20 3 54 2 54 5 67 9 9 7 99 18 12 17 79 8 50 14 61 13 43 1 82 10 73 19 48 16 89 15 60 11 78
2 29 3 13 17 2 6 70 19 36 0 63 1 53 12 84 13 29 9 6 18 80 11 10 15 89 16 30 7 55 8 97 4 34 5 49 10 70 14 56
1 83 3 46 15 67 16 81 5 39 13 80 0 64 14 41 12 35 18 20 17 9 10 42 9 65 8 68 11 43 6 72 2 64 7 14 4 60 19 40
10 38 7 18 13 80 6 19 12 46 9 10 5 34 16 47 3 29 15 64 0 69 2 49 18 74 14 95 19 3 1 57 11 47 8 37 4 29 17 7
3 41 11 12 9 63 0 36 16 84 12 7 4 59 18 84 8 13 17 69 15 11 6 92 10 79 19 45 14 70 1 42 5 20 2 98 13 66 7 16
11 19 13 70 6 43 0 45 1 50 12 2 15 96 2 67 3 13 17 7 4 48 9 51 16 25 18 28 19 93 14 17 10 21 7 35 5 30 8 36
17 90 3 76 5 41 2 5 16 19 15 19 10 62 12 67 9 32 7 59 18 28 8 97 13 43 4 64 14 11 6 4 11 42 1 57 19 5 0 5
7 67 14 97 1 78 4 76 16 25 17 57 13 90 12 8 9 91 2 24 11 18 5 12 19 83 15 11 6 55 3 65 10 96 8 54 18 75 0 63
1 54 10 37 2 25 16 23 15 36 14 18 17 44 8 90 13 53 18 37 5 93 9 38 3 93 11 27 12 41 6 37 0 27 19 4 4 61 7 65
14 99 11 84 7 44 10 84 19 62 13 54 2 70 17 74 15 47 16 81 6 38 3 17 12 82 1 57 8 36 9 61 4 76 18 64 0 55 5 5
19 22 18 81 8 86 15 74 11 74 7 97 1 16 3 43 6 14 0 13 12 55 13 57 10 34 9 12 17 90 2 71 14 14 16 32 5 23 4 30
18 1 10 93 1 12 5 26 8 43 7 51 2 19 3 88 15 1 13 97 12 19 17 76 6 52 14 62 11 90 4 65 19 61 9 14 0 57 16 19
12 14 4 98 7 82 18 9 8 78 19 71 1 56 11 43 15 87 2 16 17 51 13 67 3 72 0 29 16 93 6 98 5 11 10 71 14 1 9 26
10 47 6 84 18 28 0 8 1 81 14 63 2 97 4 78 7 47 8 21 16 66 15 45 13 4 19 88 9 63 5 78 12 27 3 87 11 68 17 71
2 61 16 89 9 20 8 64 15 51 5 95 4 77 12 24 11 13 3 51 14 61 7 83 19 49 13 88 17 94 1 81 10 8 6 1 18 76 0 89
18 94 5 72 8 86 16 82 6 64 3 4 9 7 11 78 2 26 19 39 1 98 17 94 7 93 13 80 12 43 15 38 4 35 10 49 0 33 14 29
3 73 17 55 5 6 14 9 19 37 11 92 8 39 15 54 0 13 18 17 7 76 4 30 13 27 9 96 16 59 10 22 6 3 12 37 2 43 1 78
5 43 3 31 8 29 15 9 9 23 6 55 16 29 18 1 17 81 7 71 4 7 1 23 11 80 12 12 2 12 10 52 13 87 0 84 19 89 14 77
7 83 8 49 1 75 10 13 2 41 0 22 12 9 4 19 16 52 5 77 15 96 11 22 19 79 3 71 18 85 9 89 14 54 6 53 17 69 13 33
3 86 13 1 6 91 1 16 9 81 4 71 15 76 7 30 12 43 10 79 17 64 11 57 0 80 18 4 19 2 2 69 16 27 8 76 5 98 14 70
9 80 1 23 11 45 2 97 15 68 0 44 12 22 19 46 5 54 16 4 13 93 8 96 10 27 4 37 14 18 18 15 17 56 6 25 7 40 3 24
2 5 5 65 11 82 6 19 19 23 9 29 7 26 14 51 1 21 15 53 13 33 3 40 16 24 8 41 4 47 10 69 18 76 0 78 17 24 12 64
8 52 7 89 18 44 17 33 12 83 19 17 15 75 6 35 2 92 10 36 5 58 13 16 0 13 14 76 3 45 16 98 11 83 1 53 9 47 4 70
11 34 1 67 9 70 15 14 3 91 12 57 8 16 2 99 17 58 7 7 14 78 16 90 6 40 19 88 10 26 4 43 18 34 0 45 5 80 13 25
13 35 7 26 1 52 6 77 2 47 17 45 14 13 8 60 12 86 0 70 5 55 18 40 16 13 10 50 9 47 15 18 19 66 11 70 4 83 3 75
11 35 14 23 8 1 12 30 1 80 16 75 19 47 15 82 9 29 18 20 5 4 2 8 17 15 7 44 4 21 13 92 10 35 3 96 6 38 0 84
8 82 2 12 17 22 10 64 11 61 14 22 6 28 5 53 12 78 9 97 16 88 1 36 7 19 0 24 19 31 15 53 3 3 13 1 18 40 4 38
18 92 8 10 12 55 9 14 19 97 17 71 6 41 14 6 15 36 0 31 2 3 16 76 5 42 13 27 7 22 4 21 1 58 10 95 3 12 11 8
2 93 11 33 10 60 17 93 6 29 8 45 7 63 15 40 18 74 19 34 13 59 12 13 5 4 3 49 0 81 1 76 4 87 9 43 14 73 16 94
16 8 6 70 12 58 0 43 18 91 10 91 4 32 8 63 3 50 11 83 1 93 13 96 15 47 9 9 7 38 2 40 5 18 14 51 17 91 19 39
9 61 10 82 16 79 19 56 14 7 1 53 2 19 4 94 17 54 12 62 13 37 5 73 3 82 18 88 6 11 7 81 0 93 15 53 11 41 8 18
1 41 12 59 17 22 18 18 13 74 3 97 11 70 6 11 16 2 7 35 14 76 0 42 4 65 5 88 9 14 8 8 19 53 2 17 10 13 15 26
6 17 1 50 5 11 0 48 19 18 17 61 14 2 16 72 13 96 10 58 9 33 12 29 15 29 4 82 8 7 3 24 18 58 7 97 2 26 11 61
0 35 4 82 18 78 11 8 5 86 13 45 19 5 14 65 12 47 10 7 6 53 1 20 7 60 8 58 2 6 9 63 3 34 15 36 17 41 16 94
18 81 5 40 14 42 15 14 11 97 2 74 4 18 13 48 12 60 7 24 0 85 19 88 3 35 9 59 6 7 10 1 17 87 16 34 1 66 8 18
5 31 17 70 11 70 15 60 16 91 12 79 7 85 4 93 18 41 19 30 0 45 10 19 9 41 3 76 6 12 2 36 14 82 13 52 8 10 1 8
7 77 10 58 11 20 2 82 12 20 5 73 6 92 13 28 16 42 17 11 9 38 15 7 3 5 14 90 19 32 0 15 8 72 4 97 1 84 18 1
3 94 2 81 1 25 0 18 15 64 18 74 17 49 16 1 5 18 8 87 13 62 11 23 9 40 10 55 7 98 6 90 14 62 4 60 19 91 12 66
12 6 18 36 16 50 19 45 2 38 13 14 0 11 4 15 14 73 8 54 5 46 10 61 6 3 9 72 3 59 7 94 11 4 17 93 1 86 15 44
15 52 5 9 18 80 13 60 17 58 11 24 8 34 16 44 12 47 7 30 1 26 0 39 6 23 9 57 2 96 19 15 14 24 10 66 3 86 4 58
9 13 14 72 2 57 11 93 10 70 13 57 5 52 15 64 4 75 8 36 16 49 3 15 7 26 17 7 0 59 12 25 1 83 18 51 19 52 6 44
1 5 12 26 5 55 7 75 10 87 13 39 16 50 2 56 3 23 4 23 8 77 15 33 19 36 17 26 11 37 18 73 9 46 6 25 14 59 0 28
15 74 7 83 12 87 1 11 19 70 6 17 13 89 16 12 5 37 14 83 9 83 8 17 4 66 0 34 18 40 10 86 3 80 17 92 2 5 11 16
4 95 10 42 8 74 18 20 2 71 12 41 6 69 5 93 1 78 17 60 19 1 14 58 7 82 16 18 13 47 15 89 3 76 11 76 9 80 0 50
5 74 15 17 3 29 13 26 18 72 16 62 0 54 9 75 14 90 19 48 17 70 1 12 10 2 8 71 7 77 6 42 2 26 4 47 11 6 12 41
11 9 9 76 10 5 18 19 5 48 13 4 14 48 4 4 2 68 1 46 3 39 7 12 16 39 12 66 19 15 17 30 6 6 8 53 0 51 15 20
2 12 15 31 3 36 0 84 18 88 14 65 12 93 6 54 5 27 4 64 17 66 8 82 10 51 19 22 13 84 9 68 1 79 7 2 11 74 16 90
