100 20
13 18 6 99 15 57 1 99 16 25 14 32 3 37 9 40 8 78 19 84 2 40 11 96 4 2 12 14 18 90 5 97 10 54 7 32 0 73 17 34
14 48 4 16 9 91 16 91 10 4 15 36 18 85 19 65 7 22 11 66 6 33 5 96 12 71 8 90 1 27 17 16 2 5 0 73 13 45 3 76
12 73 8 62 7 17 10 90 18 10 9 56 0 55 14 59 13 20 4 87 5 53 6 1 3 57 15 46 16 20 17 40 11 39 2 48 1 11 19 82
3 93 5 74 19 39 17 25 13 28 11 43 14 1 1 93 8 90 4 15 12 58 18 9 16 41 6 15 2 29 15 94 10 27 7 4 0 56 9 22
7 4 3 55 9 48 15 96 4 25 10 5 14 20 18 95 2 94 8 70 1 60 12 87 6 56 16 39 17 90 0 79 11 68 5 49 19 78 13 62
1 36 15 52 19 93 14 66 10 82 8 83 13 19 18 63 9 43 2 54 0 43 12 36 16 53 7 58 11 54 5 67 4 16 6 85 17 96 3 81
4 75 18 14 7 23 12 70 19 81 6 86 11 18 15 51 5 82 17 87 14 59 10 28 8 12 13 46 1 1 3 19 2 39 16 22 9 68 0 13
7 92 9 67 5 52 8 98 16 76 1 82 13 51 18 3 12 49 10 17 6 96 14 80 4 72 3 7 2 10 19 31 15 81 11 43 0 86 17 11
19 86 0 58 16 22 17 57 10 20 4 97 9 37 13 89 7 35 1 6 18 92 6 47 12 33 3 5 15 86 8 80 2 91 5 45 11 68 14 67
14 93 13 64 7 8 17 75 0 77 16 21 4 88 3 19 8 15 10 52 12 73 2 61 11 83 9 2 18 81 19 84 1 98 15 47 5 80 6 77
0 93 14 11 9 55 19 36 2 75 18 78 3 30 13 56 5 22 15 78 11 90 10 12 7 5 4 23 12 33 1 99 17 12 6 36 16 82 8 63
14 56 17 40 19 43 1 51 3 49 5 34 12 16 15 14 4 70 6 88 18 92 10 70 8 80 11 77 9 32 2 18 16 29 0 68 13 39 7 66
15 66 12 47 19 78 5 65 6 32 2 2 10 10 18 95 9 84 7 64 0 30 17 62 3 82 8 9 14 41 4 39 16 28 11 20 1 23 13 17
0 96 15 19 1 41 8 26 18 4 12 97 6 54 17 45 10 89 16 1 2 95 14 15 5 68 9 90 7 58 4 69 13 91 19 23 11 54 3 74
3 63 9 99 6 47 17 54 2 96 13 66 19 54 14 6 10 75 12 36 4 44 0 21 18 37 8 28 5 46 15 59 1 82 16 80 7 57 11 62
5 5 10 82 17 69 2 84 16 50 19 54 18 13 9 99 11 8 3 20 15 71 6 14 4 15 12 50 14 92 0 39 1 76 8 36 7 78 13 30
6 35 13 58 10 76 12 4 16 97 4 62 7 81 1 17 0 79 18 62 5 89 2 59 15 3 19 32 17 4 11 53 3 34 8 12 14 95 9 86
9 63 18 22 17 85 13 76 5 79 12 5 15 42 10 76 2 5 8 66 19 51 14 35 6 65 16 42 1 61 3 50 7 3 0 43 11 89 4 95
11 44 14 17 4 73 1 23 3 87 12 22 19 17 15 6 10 88 8 74 18 32 2 29 9 39 16 15 7 7 13 64 6 77 5 45 17 55 0 34
7 29 1 9 12 40 14 87 16 41 11 15 6 10 19 5 8 31 4 70 2 49 15 83 17 95 9 31 10 95 5 69 13 59 0 79 18 26 3 99
2 14 11 33 10 86 13 36 14 35 17 77 5 75 0 72 3 37 19 4 16 43 7 83 9 70 4 57 12 75 8 82 18 25 15 40 1 99 6 46
14 89 12 52 2 59 11 24 19 95 5 32 13 86 1 50 0 78 16 43 9 16 4 89 15 83 8 52 17 60 6 56 18 23 10 47 3 70 7 97
9 29 17 84 18 97 0 40 1 39 10 23 11 71 3 63 12 44 19 38 4 39 16 74 8 64 13 74 2 92 14 86 7 3 5 50 6 54 15 23
5 71 16 78 14 95 8 16 0 95 3 27 15 89 12 76 19 78 18 19 2 93 9 84 7 85 13 65 17 93 11 24 4 78 10 12 1 82 6 86
5 10 10 35 9 51 8 11 17 28 16 14 18 66 0 25 6 66 19 83 11 78 2 41 13 81 15 17 3 96 14 88 4 38 12 71 1 68 7 78
15 37 0 5 1 48 9 26 7 87 3 25 14 69 11 41 6 93 8 55 16 30 2 22 13 34 12 51 10 15 18 48 5 43 17 3 19 68 4 58
5 47 17 49 13 45 14 78 4 5 8 30 9 90 18 31 0 70 1 5 15 12 19 83 2 97 6 92 10 21 11 39 3 20 12 8 16 83 7 75
9 50 5 39 14 26 15 48 16 10 10 22 1 65 13 82 4 35 18 17 8 79 0 60 11 66 19 99 2 91 6 85 7 15 17 23 12 87 3 4
12 55 1 74 18 76 5 80 3 88 14 36 7 46 0 87 4 23 9 44 17 33 11 68 2 54 6 53 19 68 15 76 13 52 8 33 16 66 10 48
9 9 12 62 4 17 1 50 3 5 19 23 15 94 6 97 7 80 17 91 10 16 8 84 14 42 5 55 11 3 0 69 18 90 2 69 16 13 13 47
3 30 13 52 8 17 9 15 6 48 10 87 12 3 14 27 18 52 4 81 15 40 7 23 19 67 17 41 1 98 16 18 11 36 0 57 2 91 5 35
2 90 15 90 3 20 9 19 16 82 4 90 7 91 18 26 8 34 6 29 17 99 14 44 13 51 0 59 1 83 10 48 19 55 12 41 11 37 5 43
2 59 7 45 5 43 11 77 8 84 15 99 9 98 14 1 3 10 17 43 18 15 19 22 6 63 10 41 16 16 0 38 4 50 1 95 12 55 13 47
15 49 9 89 0 55 17 99 5 4 10 83 1 63 7 77 19 32 14 52 3 69 12 31 6 56 13 72 16 4 18 89 2 99 11 29 4 74 8 72
5 93 15 24 18 41 16 83 17 96 3 41 7 56 0 22 8 8 6 36 4 78 1 71 9 20 14 35 12 14 10 60 11 96 19 20 13 53 2 86
11 63 4 83 3 25 17 88 6 87 0 62 13 33 1 67 16 71 9 70 18 62 15 65 14 95 19 59 2 84 7 9 10 34 5 40 12 52 8 94
18 17 12 78 19 1 11 15 1 96 16 13 13 16 7 64 17 93 9 46 6 62 5 15 3 85 4 14 15 90 2 74 10 2 0 13 8 78 14 71
4 39 12 31 18 67 13 26 16 7 0 1 1 18 6 77 11 42 19 10 3 52 15 35 9 7 7 89 8 18 10 59 5 75 14 19 2 73 17 40
8 83 10 7 6 90 11 89 7 75 0 84 15 90 9 57 17 81 2 44 12 22 18 84 5 24 13 24 19 9 16 68 4 23 1 91 14 14 3 40
13 56 8 8 0 66 6 23 9 83 16 8 5 82 2 70 4 80 12 81 11 4 19 49 18 55 14 97 1 58 3 90 7 73 15 69 17 16 10 44
7 17 5 58 19 79 17 81 16 72 2 82 3 16 6 18 8 98 0 30 15 94 12 77 11 38 10 75 1 85 9 57 14 84 4 21 13 33 18 99
18 30 1 74 7 7 14 71 15 12 10 79 11 77 5 18 12 27 0 72 16 81 13 98 17 52 8 68 2 90 19 57 9 38 3 93 4 66 6 48
0 21 2 87 5 37 6 87 12 62 3 58 18 62 10 58 13 3 16 2 7 64 19 85 15 13 14 21 11 34 8 53 17 64 1 27 4 8 9 89
5 55 14 10 0 36 6 70 17 90 3 90 4 56 1 38 19 86 2 97 12 30 8 30 18 63 15 57 13 67 11 34 10 65 16 2 9 40 7 93
2 47 18 19 19 58 0 73 11 60 16 51 1 12 10 90 15 95 3 46 12 70 6 61 5 17 17 74 9 88 7 39 13 75 4 15 14 26 8 69
14 36 13 66 7 69 17 99 3 51 10 44 6 18 15 27 12 57 1 99 18 22 16 40 19 82 11 19 5 39 4 92 0 31 8 28 9 31 2 6
7 99 3 10 16 28 5 17 17 46 15 8 0 3 19 11 6 48 8 17 13 2 11 38 14 37 10 20 1 12 12 26 9 3 4 52 2 50 18 67
13 38 12 29 6 5 7 9 8 77 16 73 4 28 3 49 5 80 10 93 14 40 2 44 9 86 18 38 1 66 11 84 19 98 15 96 0 96 17 20
10 7 7 26 11 5 2 9 8 19 17 98 16 31 9 69 5 39 0 5 14 99 18 83 12 37 13 22 19 22 3 1 1 13 6 79 15 40 4 43
11 53 17 45 14 55 4 68 16 54 8 88 7 27 6 13 12 52 15 11 10 12 19 54 5 53 3 12 2 2 9 42 1 65 0 66 13 19 18 35
4 95 14 96 18 98 1 99 16 90 3 94 13 6 17 39 7 53 0 24 12 12 6 64 10 25 15 96 9 58 5 41 8 39 11 99 19 20 2 68
7 97 3 27 5 6 9 46 19 66 13 58 4 72 14 52 1 61 11 81 2 72 17 93 6 87 18 26 15 1 12 89 16 25 10 31 0 11 8 86
17 53 1 67 13 94 8 95 5 47 7 36 10 69 12 35 19 1 0 83 9 58 3 68 2 22 14 77 4 36 18 69 6 27 15 15 11 59 16 36
17 30 6 73 13 90 7 66 10 61 0 90 1 1 15 58 2 5 19 82 14 91 18 84 8 44 12 90 5 26 9 59 3 69 16 90 11 98 4 51
10 96 2 30 17 29 12 28 11 76 0 90 18 64 7 95 4 34 16 86 1 7 3 59 15 2 13 72 6 99 9 61 8 73 14 23 5 52 19 64
19 49 18 58 1 15 4 58 16 31 13 69 15 81 17 39 7 52 6 6 12 18 14 15 10 95 3 91 2 37 5 35 8 95 9 39 0 65 11 22
6 14 1 94 11 75 3 69 4 39 7 14 15 4 18 13 10 88 14 82 8 40 5 30 9 82 0 35 19 34 13 69 2 40 17 59 12 79 16 87
2 76 9 2 3 60 14 64 11 88 8 79 5 42 13 65 16 58 17 46 10 76 19 33 18 5 4 26 7 51 6 81 0 86 15 41 12 22 1 67
7 79 17 88 15 62 16 97 19 82 6 71 5 70 13 53 18 18 1 69 2 86 9 97 12 21 11 5 10 44 4 19 14 96 3 32 0 17 8 26
16 85 14 23 6 63 17 28 8 65 3 79 9 32 12 66 15 3 13 11 4 84 10 55 11 45 0 16 18 29 1 27 5 67 19 55 2 22 7 45
16 98 2 8 3 4 10 8 17 13 1 95 19 41 7 49 6 6 12 11 11 57 15 33 8 67 18 76 14 37 9 28 4 65 13 33 5 89 0 37
15 94 19 74 18 19 2 47 14 87 17 21 10 25 13 80 9 29 1 31 5 56 16 28 0 72 3 77 4 29 12 23 6 45 7 75 8 77 11 62
9 98 17 39 7 98 14 78 1 15 8 95 5 54 3 14 12 56 16 73 0 41 4 34 2 96 13 73 6 22 19 57 10 79 11 21 18 29 15 3
12 94 1 21 2 36 10 78 3 73 7 32 0 78 11 59 17 2 5 65 8 15 16 31 15 8 4 97 6 99 9 42 13 63 18 8 14 30 19 42
10 63 8 76 1 69 13 35 18 63 4 62 6 94 17 54 3 55 11 70 9 44 0 76 5 44 14 62 19 40 15 13 12 10 16 15 2 96 7 23
14 26 6 82 1 10 4 48 19 37 7 84 3 17 12 32 5 50 11 50 15 48 2 17 0 7 8 38 18 86 17 65 13 64 16 52 10 69 9 78
1 22 7 36 18 62 10 33 6 34 2 53 15 91 0 38 3 25 17 12 19 55 9 45 11 64 8 58 14 67 13 73 5 95 16 89 4 34 12 94
17 94 2 72 5 64 4 93 15 41 6 7 13 16 18 88 14 58 0 20 16 88 1 73 11 2 7 6 9 32 19 50 10 25 12 30 3 90 8 85
3 95 5 32 13 71 0 86 7 55 8 54 10 16 1 79 18 63 12 9 6 23 15 7 16 75 2 64 11 93 17 18 14 52 9 96 19 12 4 43
1 4 18 15 10 38 12 43 0 37 14 40 8 29 11 73 17 19 9 91 5 29 2 69 16 19 6 9 19 81 3 42 13 33 7 85 4 33 15 62
10 78 1 69 0 17 15 66 11 84 13 89 17 65 8 51 9 77 5 90 7 89 16 4 19 58 6 18 4 34 14 89 3 42 2 25 18 70 12 92
4 81 7 3 14 34 11 80 18 25 10 15 6 33 2 67 1 54 13 90 17 21 19 91 15 76 16 95 8 14 0 71 12 29 5 38 9 14 3 13
19 29 14 61 3 74 5 6 16 57 0 42 8 87 15 67 4 82 7 89 9 72 13 33 10 3 18 56 2 31 1 44 11 59 17 79 12 88 6 17
5 39 18 98 6 64 8 82 11 46 1 96 12 31 17 50 10 32 15 99 2 13 9 98 16 5 3 9 4 41 19 29 14 82 0 31 7 64 13 90
6 95 19 13 3 92 4 43 7 70 12 12 14 16 13 14 0 82 5 30 10 32 2 77 17 21 9 69 11 77 1 34 16 94 18 58 15 95 8 23
13 56 8 29 9 37 17 98 7 26 4 19 5 97 11 67 0 47 10 29 19 43 2 15 14 18 6 30 1 94 15 48 16 1 12 99 18 74 3 65
5 44 16 99 10 48 11 74 6 18 15 51 7 91 8 53 17 73 3 13 19 42 13 21 12 52 1 14 14 92 18 69 9 27 2 5 0 27 4 29
2 74 19 14 1 58 18 46 15 70 6 55 11 49 16 18 12 4 8 32 14 39 4 49 0 55 10 23 3 27 13 98 7 23 9 82 17 21 5 33
1 65 14 37 4 63 10 92 5 1 19 58 2 82 18 51 12 12 6 75 0 26 8 10 15 39 3 79 9 8 11 44 17 20 13 29 7 51 16 37
7 13 19 2 4 8 16 51 8 84 10 45 0 36 3 18 13 90 9 65 6 93 2 27 1 23 5 50 14 65 18 35 15 41 17 94 11 23 12 38
10 50 11 25 3 9 1 41 16 63 14 18 15 23 19 84 7 21 13 89 2 60 8 70 5 17 9 86 4 53 12 52 6 8 0 83 18 3 17 93
11 10 7 60 1 8 9 30 16 72 17 25 13 48 14 39 10 58 2 44 18 65 12 99 5 36 15 70 19 70 8 89 3 62 0 78 4 12 6 56
11 15 2 57 7 13 16 9 9 16 1 3 19 85 5 51 10 91 6 9 3 35 18 68 17 49 13 47 8 88 0 47 14 70 15 25 4 66 12 68
12 93 3 83 18 6 6 56 1 51 16 12 14 30 9 48 0 65 11 70 15 42 17 73 13 67 7 59 10 3 2 46 4 74 8 33 5 36 19 14
11 99 0 61 3 75 12 42 9 23 1 83 14 59 4 60 2 53 16 24 10 4 6 83 7 63 19 54 8 60 18 25 15 85 13 71 17 63 5 3
14 21 7 90 12 86 2 43 6 67 10 68 8 83 5 54 3 99 1 14 4 70 19 37 0 80 9 80 11 41 16 27 17 54 18 2 15 27 13 17
5 30 6 14 12 84 14 43 8 64 10 22 15 43 3 38 11 84 17 34 7 16 4 84 18 20 19 47 0 27 13 26 16 87 1 35 9 65 2 70
9 64 2 11 15 17 4 74 13 75 5 84 18 43 7 50 3 29 8 10 1 35 12 42 11 29 14 14 10 52 16 40 6 49 19 21 0 51 17 64
0 12 14 47 2 70 5 49 9 98 11 74 1 77 10 51 6 43 18 37 17 25 4 3 7 97 3 85 12 2 19 54 8 12 13 19 16 94 15 9
16 70 8 48 17 97 9 17 15 11 3 79 1 87 2 79 14 18 11 79 4 97 13 28 5 61 0 12 10 51 6 82 7 17 19 33 12 76 18 47
4 37 12 25 1 31 7 14 18 86 16 27 19 73 15 97 0 78 5 31 3 97 8 91 14 1 13 79 11 27 2 57 10 65 6 64 17 31 9 62
2 98 19 69 13 59 0 31 7 80 6 82 1 2 10 28 4 33 17 67 5 32 14 86 9 22 8 56 11 65 16 74 3 39 12 84 15 56 18 33
17 15 14 10 2 29 4 34 1 96 18 35 15 17 16 78 5 85 3 31 10 62 7 86 11 93 9 69 0 56 8 63 6 99 13 72 19 25 12 98
14 88 15 51 18 23 5 69 10 57 9 34 3 76 16 19 1 22 6 38 11 44 17 40 0 20 7 87 19 14 4 46 13 59 12 41 8 60 2 48
16 80 12 73 8 18 6 56 7 90 1 33 13 32 9 41 18 7 2 78 5 19 15 18 17 81 11 71 10 4 3 43 19 7 4 75 14 52 0 49
7 50 11 35 15 60 18 56 3 2 6 41 0 20 16 58 10 5 19 26 2 14 1 40 5 10 12 55 14 8 13 19 17 44 4 12 8 11 9 22
11 9 17 86 0 63 7 41 5 75 6 94 8 71 9 8 14 66 18 18 19 23 15 15 2 78 10 46 13 34 1 6 3 50 4 91 12 55 16 97
19 15 17 39 11 33 2 86 16 14 9 57 10 50 1 77 12 98 14 40 6 47 7 19 15 84 5 69 13 28 0 74 18 5 4 18 3 98 8 52
17 65 5 78 6 41 19 11 0 51 11 81 1 94 15 85 18 31 2 98 8 38 4 61 9 63 14 31 7 55 12 10 3 91 13 51 16 17 10 35
13 54 14 49 12 40 11 22 3 7 9 44 7 23 18 45 1 85 16 81 10 55 8 16 17 99 2 65 6 69 4 18 0 61 5 23 15 66 19 31
