100 20
6 82 18 41 12 58 1 24 17 69 19 1 4 90 2 27 0 14 14 72 13 20 11 36 10 93 16 43 9 28 5 80 7 73 3 44 8 85 15 61
13 60 8 29 4 26 5 50 18 44 17 12 16 57 0 4 7 23 11 45 3 4 1 85 6 44 14 69 15 67 12 14 9 54 10 48 2 22 19 76
9 80 2 9 15 12 11 28 13 73 6 78 3 33 1 20 10 4 14 1 18 94 4 24 5 94 0 66 8 50 7 29 17 1 12 31 19 31 16 74
2 59 17 45 1 10 10 15 7 72 13 5 16 85 15 41 11 30 12 25 19 39 9 58 5 16 18 73 6 41 4 72 0 86 3 4 8 48 14 28
12 50 0 73 4 2 2 76 19 41 10 28 5 4 9 63 1 59 3 11 7 2 6 3 17 5 15 14 18 16 11 72 14 1 13 61 8 57 16 62
7 9 1 79 10 88 12 50 9 42 2 68 13 46 17 91 3 97 4 24 19 91 6 71 11 12 14 6 0 84 15 5 8 12 5 7 16 18 18 45
17 27 8 85 6 98 4 67 11 63 2 59 5 79 7 39 16 40 15 53 9 75 10 29 12 7 3 91 19 96 0 59 18 99 1 98 14 69 13 91
6 29 7 71 5 14 9 83 0 99 16 72 11 57 8 36 15 17 4 82 18 76 17 50 1 91 12 49 3 52 13 71 10 61 19 89 14 9 2 78
0 87 14 26 15 81 19 27 8 31 9 44 18 36 7 7 11 87 12 62 10 21 1 71 2 21 3 67 17 64 6 29 13 75 5 1 16 12 4 87
9 39 7 54 4 1 8 18 6 5 1 27 18 23 11 85 15 80 13 31 12 55 3 27 19 51 14 74 17 67 5 37 2 62 16 2 0 13 10 83
7 26 11 17 13 57 3 62 12 74 18 62 14 98 2 8 10 60 9 48 17 42 15 18 19 47 16 91 5 30 1 20 8 50 4 4 6 49 0 56
6 11 5 55 16 89 8 10 12 53 18 32 11 88 17 21 19 47 1 16 10 15 14 91 4 56 0 79 3 6 13 89 9 44 7 97 15 89 2 91
14 2 8 26 2 90 15 94 16 30 5 85 1 42 4 53 18 34 0 70 17 73 7 64 13 78 19 1 3 15 9 93 11 14 10 6 6 33 12 56
3 48 8 1 16 18 17 4 10 74 7 31 6 40 19 75 14 16 0 6 12 25 15 57 13 71 9 76 2 35 18 20 4 37 5 62 1 58 11 25
3 57 16 37 19 85 15 14 14 42 18 15 0 22 2 59 1 93 10 25 8 22 6 85 17 10 4 47 9 10 5 87 13 51 7 1 11 21 12 89
13 4 4 46 8 74 16 83 18 5 17 13 7 52 15 19 6 37 14 24 9 73 19 60 3 48 10 81 12 64 11 65 2 58 0 18 1 14 5 60
12 54 18 35 5 38 8 59 16 43 6 58 17 91 3 96 15 36 13 44 10 82 11 64 14 47 1 23 7 11 2 11 0 7 4 20 19 50 9 93
8 93 12 33 1 92 16 73 7 71 17 15 13 47 14 79 4 52 15 77 11 37 5 36 2 77 0 3 10 82 19 33 3 61 9 60 6 31 18 25
10 74 0 74 1 36 2 53 11 41 9 11 6 10 5 24 8 39 13 6 3 59 12 39 17 78 7 54 19 63 14 61 4 49 18 34 15 36 16 23
14 75 2 15 16 86 7 38 15 73 1 28 4 57 17 65 13 80 12 4 18 78 10 68 9 71 6 16 11 61 0 9 5 55 19 18 8 87 3 30
15 63 13 2 3 16 4 97 19 37 8 99 7 81 11 96 1 46 5 63 18 91 16 39 12 58 2 81 14 60 17 78 6 21 10 47 0 70 9 89
9 57 14 75 0 32 19 65 10 92 4 43 5 2 6 69 17 46 15 51 12 5 18 49 2 60 16 74 11 4 3 8 8 25 1 28 13 81 7 4
15 31 2 18 9 5 0 5 4 82 16 8 14 55 12 1 19 71 1 11 18 34 6 98 8 8 5 89 11 45 3 92 17 99 7 94 13 63 10 13
17 33 10 95 1 93 9 98 4 41 13 45 19 20 0 69 14 15 8 88 3 38 12 46 2 30 7 38 6 54 18 22 11 70 5 62 16 10 15 33
9 69 15 77 17 26 14 62 0 94 7 9 18 3 2 99 11 13 10 40 6 44 8 68 19 4 4 45 5 63 16 58 3 63 1 52 13 43 12 73
18 74 16 78 7 31 4 90 5 21 6 88 19 35 13 22 1 40 11 1 8 13 14 49 10 21 0 90 3 87 17 83 15 4 2 76 9 95 12 28
14 88 10 3 11 20 4 82 15 39 1 52 5 52 17 57 13 86 0 38 9 81 3 43 12 23 19 72 6 88 8 91 16 63 7 43 18 79 2 30
18 32 11 75 13 48 10 9 2 28 16 50 6 32 3 75 19 97 15 30 7 75 14 96 1 70 5 19 8 13 9 90 4 80 17 73 12 55 0 29
3 28 15 19 1 38 19 92 8 90 6 77 7 45 18 78 12 72 13 55 17 51 5 71 10 63 11 95 9 76 0 70 2 88 16 90 14 62 4 75
14 97 0 23 15 62 2 13 19 37 18 47 13 88 17 54 16 98 8 30 6 78 9 64 4 93 3 13 1 97 11 80 7 80 10 98 5 81 12 72
16 54 5 76 7 32 0 91 1 13 3 42 13 53 2 71 10 43 19 68 9 46 11 24 8 11 6 47 14 5 15 71 12 57 4 4 17 44 18 71
3 28 12 19 13 24 8 93 10 78 18 91 15 24 6 53 14 72 0 62 1 61 9 41 2 37 7 56 19 4 4 66 17 23 11 34 5 89 16 30
0 2 9 53 19 59 5 26 7 67 18 29 14 96 6 24 2 86 4 47 10 36 11 3 3 48 8 48 12 81 17 18 15 31 13 92 1 33 16 53
11 82 12 99 10 85 0 32 4 29 8 48 5 43 14 92 18 37 17 53 6 15 15 30 16 20 3 78 1 79 2 47 19 97 13 85 7 65 9 29
4 10 19 42 15 79 7 99 17 79 5 3 12 55 10 36 14 15 6 47 18 24 3 86 16 7 9 30 2 57 8 70 13 7 0 94 1 66 11 82
13 66 19 3 11 91 5 93 4 68 7 1 2 26 18 33 16 76 1 97 12 43 17 33 0 16 8 2 14 11 9 7 6 80 10 13 3 73 15 31
19 30 4 17 2 61 16 98 15 12 14 75 6 47 8 55 3 50 10 52 13 83 7 51 11 50 18 4 5 2 0 8 12 17 17 52 1 63 9 48
13 48 1 31 0 65 16 6 14 31 2 61 5 53 8 65 19 83 15 88 4 25 10 95 3 29 7 23 18 17 17 70 9 98 12 25 6 63 11 40
5 21 10 95 14 1 3 37 17 26 7 34 6 58 16 50 2 45 15 79 12 44 18 63 1 97 8 45 0 7 9 74 11 99 19 5 13 28 4 59
5 15 14 79 3 75 6 85 12 88 9 70 19 7 15 34 17 7 0 10 1 90 7 14 8 96 10 83 16 55 18 94 13 93 4 10 11 42 2 17
17 27 12 59 3 15 18 14 11 98 13 54 16 92 14 64 2 64 9 90 4 98 15 86 8 60 10 79 19 68 7 24 0 2 5 3 1 13 6 73
7 81 4 27 18 67 15 67 0 88 17 1 2 88 11 91 8 1 12 10 3 59 9 74 13 10 1 53 16 65 14 41 6 84 5 76 10 17 19 50
6 67 15 71 17 58 8 30 5 71 11 74 4 53 0 40 18 71 19 72 1 12 12 43 9 5 16 23 3 19 2 80 10 85 14 93 13 47 7 25
0 19 16 16 1 32 12 50 17 73 2 27 15 14 4 15 9 27 7 63 13 20 6 42 14 89 5 86 18 7 3 99 8 10 19 4 10 10 11 26
13 5 15 39 5 9 8 26 7 99 0 41 18 80 10 41 16 81 4 31 14 66 19 79 17 43 6 72 2 34 11 28 9 85 3 88 1 89 12 29
12 28 19 53 10 48 5 2 11 26 8 26 16 1 1 11 17 13 14 73 13 60 18 25 3 43 4 81 0 96 15 74 2 71 7 40 9 50 6 31
11 51 17 89 19 78 4 38 5 84 9 19 12 45 2 18 15 16 13 27 8 31 7 94 1 94 16 65 3 72 10 43 18 8 0 36 14 61 6 51
3 96 12 16 19 28 5 89 4 88 15 46 18 32 17 36 14 61 13 44 10 74 1 53 8 31 0 16 11 25 2 97 7 75 16 30 9 5 6 28
6 40 0 30 17 43 13 86 7 47 2 58 10 25 18 28 3 24 9 13 15 40 4 26 16 19 1 28 19 63 5 67 14 81 11 39 8 83 12 76
10 66 8 11 12 21 18 3 7 56 1 89 19 39 15 68 13 59 2 27 9 31 0 60 17 35 3 76 6 61 14 35 16 58 5 11 11 43 4 32
6 47 9 64 10 2 14 41 19 45 16 3 7 38 0 65 8 93 17 13 15 22 18 58 2 59 4 67 1 51 12 97 5 94 13 67 3 89 11 17
15 66 13 21 1 2 18 7 10 82 17 21 3 62 0 24 2 15 9 59 16 15 7 38 4 55 6 81 11 67 19 62 12 1 8 96 5 53 14 55
12 94 13 80 5 20 7 85 9 33 1 58 19 55 11 53 3 81 8 23 18 7 6 25 14 8 16 65 2 93 0 6 10 97 15 5 4 63 17 24
18 48 4 47 8 22 16 49 0 94 17 75 5 37 6 51 1 39 9 19 12 73 10 97 14 84 13 88 19 94 11 98 15 18 3 11 7 93 2 74
15 3 6 57 14 65 12 7 10 54 19 26 17 51 16 83 1 33 18 96 13 22 4 35 5 94 11 29 3 92 0 16 9 45 7 1 2 45 8 79
12 18 18 79 9 88 3 12 2 79 10 79 15 51 7 20 17 94 19 40 6 58 1 50 16 60 8 94 14 72 5 92 4 40 13 55 0 55 11 19
14 59 4 56 3 48 6 16 10 14 2 17 12 56 15 80 5 20 9 29 11 27 1 85 18 7 8 2 0 74 7 21 16 67 17 56 13 23 19 74
10 39 0 78 14 68 19 5 8 73 2 11 12 87 5 55 11 98 16 51 17 61 18 33 6 84 1 30 9 30 4 19 15 19 7 1 3 68 13 39
9 11 12 96 16 32 4 9 0 56 17 89 8 26 14 94 6 79 11 25 7 22 5 49 2 51 18 97 10 55 13 94 19 23 3 88 15 12 1 13
16 84 13 33 11 63 14 80 17 69 10 42 0 49 3 79 15 67 8 16 12 5 5 73 19 39 7 98 18 71 2 8 6 42 1 12 9 79 4 58
18 34 17 88 1 88 8 26 9 63 14 50 6 29 12 54 4 72 13 2 7 18 3 80 11 51 19 18 16 17 0 76 10 18 5 52 15 15 2 45
10 29 9 31 5 57 7 90 17 75 15 49 14 3 18 52 0 89 3 51 11 61 4 9 2 20 6 73 19 96 12 13 1 90 16 75 13 27 8 56
19 64 3 34 12 23 4 37 13 26 1 80 7 17 2 19 9 93 6 16 17 61 11 41 16 44 10 11 14 46 18 27 5 97 15 89 0 58 8 25
5 38 9 7 3 68 2 95 14 29 19 47 8 15 7 27 18 68 0 95 11 50 10 32 12 92 15 58 13 49 1 91 17 62 16 59 6 86 4 14
9 92 11 42 13 71 18 54 5 12 14 18 19 87 7 4 16 49 0 56 3 42 8 21 4 41 6 99 15 31 12 64 10 46 1 65 17 63 2 33
8 77 15 3 9 17 10 62 7 53 2 36 14 55 5 24 0 72 11 62 17 97 12 65 18 17 19 78 13 91 16 5 3 56 6 95 4 8 1 30
3 91 19 36 6 92 11 47 12 94 14 28 15 16 7 68 17 54 10 33 2 87 5 85 0 16 9 86 13 74 8 6 18 87 1 8 16 29 4 77
17 2 12 68 5 80 2 26 15 4 14 62 18 52 16 20 9 74 13 72 10 87 4 30 3 20 6 56 8 44 19 63 0 29 7 96 11 16 1 72
6 80 0 47 11 89 13 22 17 29 16 7 15 72 18 22 8 74 12 26 9 32 19 8 3 7 4 64 7 10 10 60 5 72 14 35 1 55 2 14
19 51 17 43 4 3 14 30 7 42 16 45 3 99 12 19 5 76 10 20 9 28 13 79 11 19 15 39 8 80 0 14 18 54 2 81 1 59 6 37
8 93 1 24 14 77 6 37 19 84 7 45 4 32 2 6 12 65 10 53 18 51 11 86 3 1 16 2 17 63 0 93 5 42 15 24 9 53 13 48
16 51 18 43 15 53 1 31 0 43 11 73 2 28 5 70 9 38 19 84 17 7 14 44 13 85 4 38 8 46 12 86 6 39 3 58 10 16 7 73
5 89 8 10 15 71 3 97 14 97 1 37 12 22 17 75 4 53 16 81 0 16 7 40 9 95 18 49 6 47 2 61 19 42 13 87 11 5 10 73
17 82 12 11 2 2 5 58 11 14 8 80 14 97 9 84 7 68 18 52 15 13 19 46 1 31 0 95 4 47 13 16 16 75 10 86 6 40 3 6
6 64 16 58 0 90 19 91 14 11 1 14 8 32 5 17 4 33 18 63 9 87 17 80 12 22 11 35 10 52 7 13 15 59 13 80 3 24 2 58
13 6 4 99 11 88 14 10 0 44 10 37 18 78 12 92 3 27 5 11 8 23 7 38 6 2 9 45 19 82 16 61 15 5 1 69 17 62 2 38
2 5 14 21 9 47 3 67 10 83 19 60 0 73 15 2 6 15 7 17 13 36 8 35 5 97 11 47 16 65 18 38 17 41 1 68 12 98 4 98
19 42 6 28 3 84 13 30 5 3 7 54 12 96 8 58 2 88 0 33 10 91 4 27 16 10 14 1 9 11 15 77 11 49 1 83 18 55 17 15
10 88 5 69 0 79 18 5 15 80 17 5 2 56 8 1 14 49 3 40 11 83 19 33 7 67 13 55 4 60 9 45 16 58 1 85 6 49 12 17
2 9 11 63 10 15 3 66 19 91 9 92 5 58 0 77 16 20 13 42 6 5 14 46 17 86 15 65 8 71 18 32 7 82 1 76 4 99 12 82
0 29 13 43 17 58 10 37 18 54 8 71 14 70 12 65 1 56 15 39 6 50 11 37 9 62 16 24 3 72 2 40 5 35 4 44 7 8 19 80
15 64 12 52 1 76 3 6 11 62 19 29 9 84 13 65 16 94 0 91 18 73 17 45 14 29 10 22 2 57 8 6 5 92 7 85 4 18 6 40
6 13 1 60 4 52 12 57 15 67 19 62 13 3 0 48 18 26 8 24 16 14 17 99 3 88 7 48 14 98 11 21 2 40 9 86 10 4 5 58
1 25 12 73 7 47 13 2 6 79 0 14 3 89 17 5 5 99 10 8 8 5 18 39 2 42 15 35 4 46 9 62 19 54 14 34 11 85 16 63
10 68 19 94 1 94 18 64 6 66 7 56 4 3 12 17 3 66 9 78 11 97 0 15 8 87 15 83 17 57 14 86 16 54 5 42 2 6 13 44
9 59 3 95 0 70 17 60 11 59 15 1 19 24 18 36 1 10 2 82 5 5 6 49 7 53 4 19 10 53 12 42 8 50 14 11 13 66 16 67
15 31 5 1 9 97 17 29 1 49 18 53 13 69 6 7 3 53 19 93 14 60 4 49 7 77 8 81 16 33 12 5 0 22 10 55 11 38 2 73
0 52 5 81 9 45 6 50 16 95 14 39 18 87 4 75 3 34 10 88 1 77 11 50 2 5 19 4 17 49 7 68 13 29 12 91 8 69 15 68
1 23 17 45 0 22 3 35 9 24 15 48 2 88 13 70 18 25 6 10 11 35 14 9 7 13 19 17 8 16 10 95 5 41 4 56 12 98 16 48
2 47 12 52 16 7 0 35 9 71 11 47 5 9 15 20 3 46 4 82 18 71 17 13 6 87 8 68 1 9 14 80 19 12 13 25 10 90 7 19
9 15 11 24 15 18 13 9 3 73 16 54 14 17 17 38 10 19 19 2 8 28 18 32 5 57 1 14 12 24 2 9 7 79 6 37 0 40 4 27
12 16 13 41 9 74 15 31 4 7 6 66 1 2 16 79 0 95 2 47 10 46 19 81 17 78 8 6 18 63 14 24 3 57 5 71 7 20 11 54
15 90 1 5 4 57 0 98 10 44 6 12 2 98 13 48 11 59 19 97 9 31 3 58 5 79 7 87 17 21 18 10 12 45 14 99 16 96 8 94
13 15 17 99 19 6 1 26 0 77 11 85 9 9 8 40 3 58 18 81 10 16 4 19 15 82 14 5 7 2 6 33 2 28 16 29 5 69 12 64
1 44 13 16 5 83 8 91 17 29 2 45 14 45 9 25 12 69 15 98 16 30 7 1 4 36 11 25 3 41 0 40 18 35 6 11 10 24 19 68
12 95 11 41 10 31 6 18 18 51 1 37 16 79 13 50 4 17 5 75 3 39 14 31 9 24 15 16 19 90 17 69 8 82 2 63 0 94 7 42
12 34 11 75 18 37 4 47 16 24 2 30 15 62 17 77 7 75 6 60 9 28 0 86 3 10 8 40 5 16 14 26 13 60 19 64 10 73 1 10
3 69 4 68 5 63 13 79 17 12 12 24 1 61 18 13 7 78 10 81 0 80 8 72 16 85 11 74 14 44 15 98 9 28 19 50 6 9 2 81
11 43 4 32 17 98 18 48 7 33 19 2 15 79 5 93 0 59 6 92 10 51 2 74 3 54 8 26 13 70 16 95 1 65 9 13 14 95 12 76
0 75 15 73 8 66 12 78 3 14 13 43 14 23 2 84 1 99 18 58 11 14 7 10 4 54 16 96 6 21 19 7 9 13 10 61 5 22 17 85
