100 20
8 50 3 66 6 59 13 98 7 62 1 33 11 71 16 14 18 28 9 78 0 65 17 76 10 18 14 27 19 95 2 28 12 95 4 57 5 12 15 16
4 55 17 76 2 36 5 47 9 59 8 32 6 80 0 33 15 85 16 9 7 10 13 87 11 79 12 3 14 22 3 20 10 27 18 86 19 93 1 54
7 17 0 37 17 6 18 24 1 51 12 65 3 44 13 72 9 90 19 90 10 94 5 82 15 58 14 74 6 52 11 3 2 82 8 66 16 87 4 28
12 95 16 23 13 56 9 19 10 87 17 18 14 16 19 3 15 27 5 61 7 72 4 13 0 9 6 73 8 94 11 34 1 98 3 14 2 5 18 96
14 7 5 29 16 52 11 40 6 65 17 47 2 89 19 60 4 86 1 80 7 82 9 77 12 67 0 1 3 19 8 66 15 67 10 34 18 44 13 15
5 18 12 83 19 87 13 46 14 7 8 76 0 18 11 10 4 40 3 50 6 26 15 19 7 21 18 85 9 1 10 23 1 2 16 78 17 10 2 37
19 46 2 84 10 90 7 1 14 23 4 54 16 17 18 58 17 17 13 27 3 17 12 42 15 69 11 95 1 55 0 74 9 47 6 9 5 54 8 45
4 32 12 85 2 29 6 53 5 23 18 83 15 29 16 6 1 79 9 66 7 45 0 10 17 23 14 95 8 42 19 4 11 56 3 73 13 68 10 64
8 60 4 2 5 59 13 92 9 53 7 50 19 21 12 85 14 78 6 55 17 21 0 80 18 31 15 54 3 35 11 12 10 71 2 71 16 48 1 49
8 18 17 42 2 3 15 8 6 35 16 30 7 70 3 53 10 29 4 38 5 44 11 88 13 84 14 42 19 34 1 95 12 7 0 78 18 54 9 7
4 65 12 16 3 5 9 87 2 53 8 25 0 34 16 63 6 23 1 50 5 67 19 60 18 71 7 21 17 83 11 74 15 52 13 62 10 34 14 30
9 5 5 53 17 78 2 71 0 51 8 74 15 54 10 82 3 19 13 14 19 3 16 85 18 63 11 92 12 98 1 68 6 25 4 9 14 41 7 40
17 55 8 30 7 23 12 91 18 52 3 97 19 49 0 4 11 82 5 52 1 45 6 35 13 18 15 94 10 78 4 60 16 46 2 82 14 12 9 15
15 35 6 10 5 82 3 17 4 66 16 70 19 57 18 67 8 95 2 75 17 18 12 54 10 35 0 57 1 90 14 77 9 23 7 26 11 56 13 36
15 8 6 37 10 60 12 58 9 64 8 7 16 90 3 13 4 32 1 95 11 81 2 66 7 28 0 39 14 5 13 44 17 58 5 71 18 74 19 45
8 87 14 85 19 36 17 52 3 89 5 12 11 51 2 60 1 7 13 96 15 98 18 44 10 15 12 14 0 64 4 24 16 31 6 62 7 79 9 69
3 62 1 11 8 34 15 70 19 40 10 47 4 80 13 23 2 96 14 97 17 2 11 26 16 48 0 91 5 34 6 74 7 11 18 32 9 49 12 86
8 1 11 61 12 71 4 22 2 81 19 42 10 6 7 2 9 66 5 46 6 69 16 39 17 79 1 98 15 9 3 49 0 33 18 40 14 12 13 85
8 67 10 84 0 55 2 13 15 12 12 78 7 23 11 67 16 91 18 9 14 48 5 19 19 73 3 92 1 80 17 39 13 34 6 42 4 91 9 78
18 90 1 16 12 40 7 34 5 92 13 18 9 2 10 45 6 83 15 93 17 53 11 6 0 68 16 5 3 4 19 94 8 96 4 14 14 38 2 47
12 77 15 52 17 95 1 69 3 92 4 9 5 92 9 73 8 53 7 81 10 74 16 19 2 69 11 28 18 10 13 5 0 48 6 4 14 99 19 35
14 48 8 44 9 5 0 30 5 76 16 26 1 5 11 14 10 18 7 33 2 2 4 83 18 13 15 96 3 11 12 7 19 35 17 7 6 31 13 85
5 48 18 80 14 75 7 57 19 92 2 77 12 76 8 59 9 40 4 70 16 65 6 32 11 98 3 75 15 56 0 95 13 24 10 58 17 83 1 46
19 39 8 36 7 43 13 9 9 18 12 24 4 68 15 67 16 90 11 77 1 39 18 4 10 27 0 30 17 88 6 3 3 12 5 58 14 17 2 76
13 94 1 22 16 53 19 82 9 87 0 8 14 23 5 99 4 18 8 71 18 39 15 32 11 69 3 86 12 91 17 58 10 24 6 78 2 1 7 13
6 85 4 37 2 66 13 35 0 13 5 71 11 1 7 46 18 40 8 29 14 49 1 23 9 48 15 6 3 54 16 8 12 32 10 99 17 96 19 7
1 40 17 56 15 97 8 49 5 15 18 18 14 67 6 97 7 31 0 35 9 60 4 44 12 80 11 15 10 11 2 92 3 85 19 93 16 47 13 49
6 23 18 87 19 58 14 17 4 26 3 70 1 68 17 78 2 97 7 37 15 18 10 55 5 7 9 77 12 37 16 52 8 44 0 22 13 88 11 2
3 40 5 97 9 95 16 7 15 53 4 45 13 66 7 94 18 61 11 29 10 88 8 77 12 2 1 62 0 67 14 5 2 8 6 71 19 89 17 21
6 35 9 81 19 43 13 39 16 47 18 53 0 28 3 50 2 61 15 19 12 14 11 90 4 77 5 11 1 64 10 52 8 16 7 55 14 15 17 14
11 92 1 79 8 40 14 59 15 70 2 32 6 9 4 92 5 76 12 38 16 17 17 30 19 53 13 92 7 19 0 59 3 60 10 79 9 24 18 88
3 72 6 64 1 50 7 49 10 68 13 30 12 88 14 45 2 4 15 53 17 90 4 71 18 28 5 21 8 76 16 24 11 29 0 14 9 53 19 58
10 21 9 83 16 21 8 81 1 71 17 39 3 53 18 42 15 21 11 44 12 20 14 88 4 71 2 39 7 67 5 27 6 3 19 14 0 22 13 86
8 7 3 30 17 93 15 33 0 63 6 32 5 65 14 81 11 60 9 42 18 67 1 50 2 49 10 99 12 6 16 34 13 49 4 46 7 79 19 81
7 54 16 87 13 48 19 8 2 7 0 12 18 97 1 67 10 57 17 50 6 77 14 41 15 75 5 22 11 21 3 83 9 59 4 70 12 2 8 31
3 50 11 13 18 30 0 65 2 72 9 95 6 33 15 40 10 94 14 28 17 73 16 36 13 20 12 46 4 92 5 47 1 33 7 17 8 1 19 65
5 23 13 4 1 5 0 59 2 44 15 99 3 24 4 93 10 69 17 41 14 48 6 7 12 15 8 45 18 96 11 64 16 7 9 60 19 78 7 76
12 68 18 80 3 87 8 5 1 30 5 12 10 54 7 26 6 67 4 76 16 92 2 34 15 9 17 12 14 41 13 42 11 56 19 63 0 8 9 63
10 14 0 63 2 16 19 43 17 44 3 50 8 82 14 28 15 55 13 57 7 81 11 14 12 64 9 38 16 40 6 67 18 69 4 48 5 35 1 25
17 70 15 40 11 77 18 74 9 15 1 16 0 54 19 65 7 41 3 35 10 7 14 41 6 61 13 26 5 67 16 31 2 89 4 34 8 53 12 21
8 47 18 81 9 36 14 9 3 70 19 61 12 3 2 7 7 30 1 42 4 7 5 6 17 44 16 67 15 33 6 27 11 89 10 27 13 80 0 22
14 72 5 24 18 39 6 47 16 82 7 79 3 3 4 13 17 20 8 18 13 13 19 31 15 62 10 43 9 73 2 73 11 6 1 66 12 81 0 8
2 47 7 57 1 91 3 72 10 45 6 93 11 91 8 87 12 9 15 51 5 12 16 96 9 6 0 78 14 33 19 37 18 83 17 70 4 13 13 17
6 93 3 72 11 34 2 92 12 64 10 58 15 37 14 90 16 30 1 43 18 39 8 85 9 94 19 89 5 67 13 5 17 80 4 85 7 58 0 7
8 10 3 27 19 50 14 51 5 74 2 32 15 38 10 36 7 18 9 32 11 83 0 20 12 33 6 68 16 78 1 82 17 56 13 83 18 13 4 98
4 5 14 65 1 65 10 30 9 52 16 80 2 48 5 6 13 45 3 65 12 24 15 88 7 50 6 61 18 12 11 49 17 8 8 60 0 44 19 64
5 30 6 81 17 78 3 72 15 64 14 35 10 72 7 50 8 24 16 51 0 51 19 28 18 85 12 14 4 46 11 71 1 35 13 55 2 39 9 98
9 2 17 57 6 34 3 63 13 6 19 34 7 48 8 82 2 63 15 51 11 80 4 28 12 75 0 93 1 28 18 4 16 41 10 12 5 46 14 74
8 79 7 87 17 20 19 76 0 51 13 33 16 41 14 57 5 36 3 10 9 98 2 10 12 35 11 26 1 7 18 88 10 99 15 25 6 54 4 19
4 68 1 53 19 87 13 90 10 72 17 57 12 43 0 76 2 89 3 56 16 7 11 18 15 51 9 43 7 18 8 83 14 6 18 86 6 21 5 82
16 58 9 91 12 19 14 66 15 33 1 3 4 24 0 30 17 64 11 27 6 97 7 74 5 83 19 93 3 64 8 86 10 56 18 46 13 21 2 2
0 43 8 22 6 57 3 34 13 22 15 49 12 44 10 29 7 32 4 63 16 90 17 58 19 45 9 17 18 24 5 39 11 69 1 71 2 63 14 30
0 57 8 97 4 53 18 77 5 84 6 68 2 89 12 25 13 88 19 36 9 74 17 50 3 33 11 2 7 41 10 21 14 61 15 32 16 75 1 54
9 72 12 96 7 44 15 61 18 67 17 6 19 90 16 91 14 21 10 16 8 47 2 98 3 67 5 41 0 89 11 33 1 19 4 3 13 45 6 48
19 2 8 25 1 84 15 80 17 25 13 19 14 2 12 56 0 76 18 47 6 74 16 54 11 39 10 34 7 54 3 98 2 14 5 61 4 68 9 36
7 86 8 39 15 93 10 91 11 94 3 66 16 63 5 46 9 22 6 36 1 56 19 81 4 10 18 32 17 50 12 61 2 26 13 88 14 59 0 81
3 62 12 32 6 16 11 96 7 49 18 18 0 30 10 30 9 12 19 7 8 7 13 46 15 88 2 85 17 35 1 54 4 34 5 64 14 45 16 14
17 62 2 36 12 62 11 57 4 18 18 8 15 97 0 4 5 49 10 96 13 21 19 80 9 82 7 1 1 61 16 73 14 18 8 30 3 45 6 1
13 64 8 6 1 50 15 8 9 81 16 77 14 53 0 56 17 42 6 31 11 79 2 54 4 68 19 33 5 48 18 89 12 62 10 74 3 36 7 68
16 29 6 39 3 88 12 62 9 97 18 1 15 45 13 6 10 16 1 23 0 96 11 30 14 12 2 11 7 48 17 7 8 35 19 47 4 76 5 11
4 58 1 42 5 67 13 23 16 66 17 14 12 72 15 41 0 2 11 61 9 22 8 60 18 54 7 77 3 89 2 29 6 23 10 68 14 88 19 43
18 30 13 47 14 15 11 68 9 12 1 10 12 52 3 1 17 34 0 80 10 59 7 67 15 65 16 9 5 89 19 28 2 76 8 51 4 13 6 28
0 92 13 16 3 22 7 43 9 29 6 2 17 84 16 43 12 52 1 95 5 12 19 75 2 60 4 64 8 98 15 68 11 72 18 50 10 70 14 78
7 53 19 2 4 79 13 48 11 28 8 33 9 1 14 41 1 49 18 28 3 94 0 32 5 63 2 66 16 36 15 1 10 12 12 63 17 59 6 88
5 25 6 39 13 39 7 10 10 18 17 25 1 90 19 87 3 99 12 78 8 47 16 44 18 13 15 24 4 11 14 80 0 83 11 31 2 37 9 40
19 79 9 1 0 20 3 24 7 48 6 10 14 85 11 19 2 49 17 59 16 5 10 77 15 11 1 21 12 44 18 71 13 57 4 2 5 27 8 90
7 19 9 67 12 80 18 92 10 16 16 20 5 93 4 44 8 17 19 36 6 63 3 15 17 67 13 9 14 9 15 83 1 60 0 75 2 36 11 78
14 71 19 54 10 26 18 11 15 98 2 42 17 67 3 14 13 70 9 50 16 30 8 26 0 76 1 65 5 7 7 31 4 58 6 7 12 15 11 37
14 97 18 24 1 17 0 60 15 41 6 72 5 4 3 64 2 18 12 30 4 16 19 81 8 92 11 12 17 44 13 58 10 68 7 18 9 50 16 67
19 37 15 17 14 81 4 92 10 30 1 73 8 47 6 53 3 14 2 13 12 17 13 87 11 26 5 15 17 25 9 12 0 14 7 33 18 46 16 39
10 3 13 53 6 8 0 6 3 8 16 64 5 62 19 47 8 74 7 15 9 61 12 18 4 74 11 22 14 5 1 6 18 7 17 73 15 63 2 72
8 83 11 34 16 14 7 92 15 64 0 84 3 42 6 29 2 31 13 32 12 22 18 32 4 75 14 69 10 16 1 65 17 84 5 6 19 6 9 88
8 30 10 12 1 20 19 87 3 92 6 58 7 27 16 6 5 87 11 76 9 98 18 36 13 82 15 63 2 58 0 33 4 50 17 4 12 90 14 20
19 38 18 39 5 52 7 3 1 81 16 42 0 48 12 72 9 80 3 35 10 48 6 83 8 12 17 33 13 36 11 16 2 42 15 19 4 57 14 94
11 52 6 60 19 35 18 59 2 23 12 6 4 32 5 83 0 16 10 97 3 90 15 2 17 55 9 73 7 23 13 28 14 72 16 93 1 71 8 24
11 9 4 40 9 70 0 46 16 76 1 96 12 96 6 97 7 76 15 23 3 84 13 46 2 47 17 5 14 59 5 39 18 4 10 26 8 23 19 21
7 50 10 54 11 48 8 97 1 8 19 75 13 50 2 65 9 92 4 35 3 74 16 71 5 61 6 80 18 93 14 83 17 8 0 43 15 3 12 42
8 21 4 46 7 25 13 67 15 69 14 99 18 70 2 68 0 47 19 64 16 20 1 91 9 26 3 39 12 52 6 85 11 49 5 86 10 55 17 6
9 96 2 75 17 28 15 56 5 53 13 89 19 35 16 14 18 31 4 10 10 66 3 68 1 87 7 29 12 19 6 13 0 95 14 12 11 83 8 16
14 3 13 26 0 15 1 84 12 22 6 53 19 22 2 21 3 14 17 67 7 48 5 58 15 50 10 27 16 72 8 54 9 78 18 43 4 4 11 42
4 92 0 87 5 84 19 11 9 79 6 95 8 5 13 23 2 41 10 98 11 87 12 52 16 48 18 64 7 7 14 74 15 71 3 44 1 74 17 16
5 96 7 92 1 47 4 87 14 80 2 82 13 17 10 9 15 8 12 20 19 63 3 63 6 14 11 12 18 82 8 14 0 50 16 13 17 63 9 71
5 94 0 5 3 11 12 88 19 99 1 35 10 62 7 4 16 34 13 6 6 84 2 73 18 59 17 91 14 13 9 82 11 61 15 46 4 54 8 99
2 34 11 10 13 16 16 23 3 19 17 36 9 67 4 52 14 94 12 66 1 54 19 62 8 86 5 4 10 41 18 40 7 76 15 14 0 82 6 34
19 80 3 62 4 20 5 83 13 25 2 75 15 22 16 27 7 68 10 65 11 16 6 58 9 44 1 69 12 37 8 9 0 5 18 62 14 90 17 96
15 58 5 14 13 70 11 63 6 34 14 86 1 24 16 53 18 76 17 42 2 31 12 57 3 27 7 46 19 77 8 42 9 52 4 51 0 44 10 6
15 90 6 90 7 50 16 94 5 63 18 13 10 52 11 81 17 7 13 89 2 8 19 69 9 61 1 87 0 21 4 41 12 68 8 3 14 33 3 63
10 75 18 63 14 41 9 12 3 14 19 81 8 93 4 86 16 92 15 33 6 59 17 16 2 21 5 18 13 25 7 57 11 63 12 76 0 79 1 25
14 96 15 39 4 10 2 33 3 42 13 78 11 55 12 93 9 38 6 56 17 76 16 8 7 90 8 44 1 88 18 90 19 84 10 89 0 98 5 66
8 88 2 79 5 67 18 98 11 34 19 51 9 7 10 42 1 73 16 52 13 2 12 87 6 50 7 76 17 19 4 7 0 80 3 26 15 13 14 52
14 90 5 34 1 35 2 32 12 47 4 46 17 77 7 3 19 51 13 69 18 84 6 23 3 10 9 97 10 53 0 80 8 19 11 74 15 39 16 66
4 56 1 87 13 49 2 82 3 41 9 37 14 12 6 97 19 74 8 20 11 78 15 70 17 2 5 98 10 30 16 23 12 18 18 97 0 60 7 84
12 67 8 86 13 19 4 64 6 37 19 73 11 87 9 20 15 18 7 38 1 52 14 64 18 81 16 34 3 36 10 23 0 40 2 87 5 61 17 30
1 78 9 74 7 41 13 60 19 29 17 95 5 76 11 13 0 7 14 30 15 27 2 23 16 88 18 30 8 97 4 82 12 20 3 4 10 82 6 58
19 68 5 13 0 40 9 62 14 49 4 44 10 93 2 37 15 49 3 56 7 92 6 19 16 72 18 70 8 26 11 39 1 78 12 16 13 43 17 83
0 11 16 82 1 39 15 84 6 97 8 55 19 57 5 31 18 20 9 66 17 60 2 33 14 61 3 70 13 38 7 20 10 73 12 94 11 55 4 68
3 48 10 62 2 44 16 16 18 5 12 40 0 51 15 34 14 94 4 5 11 5 17 89 5 25 9 9 13 51 8 12 6 11 7 4 1 72 19 63
2 91 14 3 5 67 7 78 1 40 0 99 3 88 10 69 4 61 13 83 16 34 6 58 11 86 9 27 12 80 18 45 17 62 15 60 8 49 19 88
8 41 11 40 18 80 9 11 3 60 13 82 6 47 12 33 17 70 2 26 15 41 19 62 14 97 5 17 7 74 16 8 4 79 10 97 1 72 0 41
5 11 11 43 4 64 0 31 12 4 14 8 17 8 2 68 9 24 1 5 10 38 18 91 13 79 19 44 8 3 6 63 3 83 7 33 15 86 16 2
