100 20
6 8 17 9 9 80 3 59 4 68 8 21 19 43 13 62 12 48 7 97 1 61 11 51 5 50 2 65 0 60 16 92 10 82 15 17 18 65 14 48
19 41 5 54 6 84 18 44 4 85 8 65 3 48 14 91 1 93 13 79 2 22 0 71 7 76 9 98 16 60 17 89 11 47 12 80 15 8 10 5
7 20 11 77 16 59 14 18 12 17 2 40 13 21 8 34 3 53 9 54 18 11 19 36 17 12 6 83 10 76 15 12 5 64 0 58 1 33 4 48
1 5 19 35 9 18 13 21 6 74 11 10 16 74 15 79 12 79 7 93 4 68 17 59 10 5 0 33 3 90 18 79 14 63 2 89 5 62 8 13
16 12 17 20 1 33 5 29 7 44 10 66 12 80 18 26 2 82 19 38 6 24 0 28 15 93 9 46 4 50 8 16 13 21 3 22 11 1 14 50
16 57 11 16 2 61 10 65 0 98 17 24 14 87 19 9 9 90 18 12 3 82 15 35 5 53 8 84 6 80 1 56 13 8 4 39 7 59 12 47
14 24 3 42 9 2 18 51 1 57 5 26 12 14 13 36 4 43 7 35 17 22 19 30 8 97 0 17 6 88 15 41 10 70 11 59 2 20 16 29
13 37 14 94 8 8 9 43 17 11 4 26 19 86 3 32 7 72 2 47 0 88 10 71 16 85 18 98 12 41 11 77 15 11 6 9 5 86 1 62
9 48 6 53 11 34 17 23 18 52 2 55 16 49 15 57 14 99 5 35 3 46 10 46 0 89 13 94 4 88 8 97 7 15 19 52 1 55 12 83
2 41 16 67 19 91 10 98 13 66 1 72 15 30 14 6 5 30 17 53 12 80 6 15 4 79 11 65 3 82 8 17 9 55 18 97 0 97 7 53
12 51 0 61 2 13 18 25 14 79 7 92 17 29 5 67 3 21 19 26 16 40 9 85 11 90 8 19 10 9 15 3 13 77 6 66 1 49 4 5
16 67 9 17 14 18 13 56 0 4 1 70 18 89 15 85 7 54 19 13 3 47 2 95 10 96 11 13 4 5 17 26 12 10 5 38 8 67 6 79
14 99 1 82 13 89 2 7 9 66 5 99 18 89 7 2 4 11 17 68 19 90 0 72 15 43 16 96 10 98 11 48 8 90 12 62 6 69 3 29
12 62 8 55 10 95 18 85 6 19 5 84 4 58 2 73 16 60 15 33 14 65 3 12 9 5 13 11 7 19 1 17 19 29 17 42 11 97 0 2
0 64 17 22 12 6 9 30 14 33 13 54 6 54 5 76 1 19 18 24 2 53 11 76 16 61 10 76 15 67 8 49 3 30 4 21 19 17 7 65
17 74 14 65 11 57 19 84 6 43 16 66 10 71 2 47 7 87 0 62 9 85 1 1 13 97 15 41 12 38 3 37 5 50 4 60 18 74 8 60
10 26 19 65 0 66 5 7 16 84 14 36 2 42 9 64 17 29 1 20 15 2 8 4 7 54 6 64 12 10 13 69 18 6 11 71 4 85 3 70
9 91 15 11 16 30 13 53 12 17 10 53 2 96 8 52 0 79 11 17 14 35 1 98 3 46 19 27 18 34 6 12 5 94 4 7 17 17 7 95
16 37 1 55 17 58 13 6 6 20 5 76 3 53 18 8 10 26 15 77 9 86 2 42 19 57 11 86 12 98 8 38 7 54 0 52 4 90 14 86
12 84 3 62 8 78 13 90 0 43 11 86 1 80 14 28 18 29 15 35 4 19 16 90 10 66 7 88 17 96 6 56 9 62 5 60 2 37 19 49
14 41 1 56 13 67 2 23 8 46 10 98 7 42 9 75 17 58 11 87 3 2 4 31 12 86 18 42 0 90 19 73 16 36 6 79 5 67 15 71
12 89 1 64 3 63 11 78 19 32 17 83 2 68 18 76 15 56 10 38 13 55 0 60 6 63 8 73 5 94 4 26 16 89 14 99 7 20 9 85
6 76 12 63 9 65 10 52 13 23 4 95 18 18 3 81 11 44 17 58 15 42 2 46 0 72 16 37 19 52 14 85 7 59 5 1 1 64 8 61
0 75 7 56 6 87 18 25 1 60 15 21 10 91 19 55 9 94 11 94 4 30 17 98 14 89 13 50 5 36 16 23 12 33 2 5 3 11 8 85
6 27 18 55 2 80 1 95 4 11 14 41 5 5 8 23 7 23 3 54 12 21 9 80 19 65 10 90 16 55 11 4 17 6 15 96 13 29 0 76
19 71 4 47 16 93 0 56 3 2 5 17 7 41 10 85 9 77 11 40 14 29 18 27 1 98 8 74 15 48 13 14 2 49 6 66 17 32 12 93
3 43 19 13 4 38 0 74 5 25 2 32 14 43 17 43 15 94 11 16 10 54 13 45 16 80 18 66 1 43 8 10 9 52 12 22 6 64 7 37
8 13 5 70 1 22 0 83 13 59 3 8 10 24 2 70 15 11 19 98 12 81 18 75 4 14 17 1 16 53 14 17 6 50 7 94 9 71 11 11
10 81 13 7 6 56 19 83 14 40 16 9 12 39 18 38 11 68 9 18 15 99 7 42 1 95 17 99 2 63 4 61 3 85 0 28 5 15 8 90
1 55 11 78 18 78 4 29 12 93 5 70 13 25 14 10 9 48 7 75 17 98 8 66 10 61 2 22 0 8 19 89 6 44 15 69 3 80 16 95
3 63 14 31 17 70 16 49 0 35 18 65 15 32 19 77 11 86 1 32 12 33 5 94 4 24 7 4 2 76 8 89 9 22 6 28 10 86 13 55
1 74 0 72 7 4 9 10 3 1 18 76 11 92 12 46 14 13 19 2 4 38 16 9 10 51 2 50 8 33 13 98 5 19 15 7 17 68 6 77
8 28 17 69 9 1 7 85 16 74 3 97 11 10 15 80 6 14 19 11 5 46 4 91 13 31 0 86 1 45 12 59 14 61 18 99 10 12 2 10
7 4 13 29 0 95 15 31 19 75 1 52 3 66 8 58 9 74 5 22 12 91 18 98 17 87 4 35 2 75 16 43 11 47 6 9 14 40 10 62
18 48 10 57 9 57 7 55 16 37 8 95 4 89 19 20 3 51 17 13 15 82 1 73 13 29 14 22 11 86 2 59 12 92 0 25 6 48 5 33
8 19 15 22 10 65 13 50 6 60 19 28 0 24 4 52 12 61 1 15 16 37 5 65 9 77 14 76 3 17 17 98 7 4 18 88 2 56 11 30
0 3 13 80 19 15 5 47 9 79 3 82 16 63 6 49 14 92 18 5 2 26 11 94 8 93 4 11 12 13 1 94 7 62 10 87 15 22 17 75
3 55 17 46 13 27 11 71 16 82 6 86 10 40 12 15 19 60 2 55 18 13 0 24 7 16 8 54 14 64 5 75 15 16 4 72 1 75 9 78
6 36 0 89 15 10 1 6 9 73 16 8 12 89 4 41 19 97 8 96 11 57 13 21 18 30 2 36 17 17 10 20 7 51 5 87 14 86 3 17
17 37 18 12 9 67 0 14 19 48 16 10 8 7 10 34 6 67 13 67 3 57 5 36 15 42 14 77 1 44 2 2 12 28 11 65 4 96 7 28
7 80 17 72 2 38 14 28 13 66 11 78 10 46 4 89 16 46 18 93 0 13 5 89 3 18 8 44 1 76 19 97 15 7 6 60 9 69 12 57
15 30 3 99 2 64 7 31 8 77 14 65 10 51 1 42 0 78 18 86 6 89 16 98 17 60 5 65 12 49 13 96 4 18 19 50 11 2 9 9
6 75 3 93 2 67 17 49 7 70 12 33 18 48 8 51 9 13 11 11 13 21 19 10 10 84 4 32 0 17 14 31 1 88 16 27 15 95 5 95
3 73 0 60 11 86 6 33 18 11 1 88 4 26 8 81 5 64 15 28 12 33 19 20 9 22 17 92 2 37 13 15 10 10 7 35 16 99 14 91
4 23 2 45 6 40 7 60 1 27 13 22 12 41 19 55 14 90 8 81 18 13 5 94 16 57 3 45 0 93 11 33 15 87 9 22 17 83 10 90
4 29 15 27 1 9 11 92 17 8 16 75 0 98 7 60 6 94 5 93 8 92 13 66 14 18 12 43 10 69 19 58 9 10 3 23 2 46 18 13
19 76 16 81 2 72 8 96 0 52 6 13 13 53 11 31 9 88 4 51 17 83 18 29 7 67 12 78 3 82 5 51 15 25 10 83 1 33 14 11
7 95 15 89 4 33 5 14 16 85 1 75 3 71 0 3 13 70 9 53 18 49 6 67 12 17 14 95 17 20 11 10 10 59 19 64 8 56 2 9
15 26 2 11 8 61 10 6 4 93 13 77 19 20 18 56 5 36 11 39 0 61 3 48 6 98 9 32 12 32 16 72 1 9 17 33 7 38 14 37
12 68 11 83 0 63 14 86 3 5 5 71 18 11 1 88 2 76 4 35 16 39 19 88 7 38 9 8 13 56 10 25 15 52 8 13 6 63 17 20
7 62 2 48 12 95 9 47 6 6 8 19 18 17 19 45 15 98 14 33 13 20 10 57 4 99 17 95 5 9 11 14 1 67 16 45 3 72 0 67
6 68 5 28 16 82 2 48 1 24 13 81 11 41 18 83 9 29 15 76 19 38 3 32 10 55 0 59 4 71 14 8 12 42 8 47 17 73 7 86
10 91 15 81 19 62 3 25 6 17 0 84 12 60 16 27 14 11 2 90 9 89 1 56 4 82 5 21 7 47 17 49 18 36 13 42 8 17 11 60
5 53 7 65 19 15 14 78 16 84 17 67 12 20 2 66 13 98 9 88 11 80 10 10 6 84 18 31 0 34 4 5 8 51 1 82 15 48 3 99
14 54 4 15 1 63 17 25 2 37 19 58 11 4 12 84 13 58 0 77 6 27 18 79 10 57 15 35 7 58 3 81 8 27 9 18 5 32 16 64
18 42 16 19 14 91 17 13 11 13 8 51 13 60 1 37 9 97 6 50 5 46 2 58 19 61 12 31 0 14 3 15 10 80 15 69 4 10 7 15
15 52 4 55 2 24 16 22 0 18 1 46 18 26 8 77 6 13 9 63 17 18 19 12 12 16 7 39 10 60 3 74 14 44 13 9 5 16 11 7
9 79 7 57 0 92 10 27 19 85 2 71 1 4 11 45 16 84 5 8 13 84 18 18 3 51 17 41 12 50 4 6 8 53 14 7 15 88 6 24
8 98 10 1 6 53 15 71 5 51 9 25 4 32 2 34 1 40 11 15 0 79 16 15 19 56 3 50 17 85 18 6 7 79 13 40 12 75 14 46
16 82 5 9 9 71 0 85 15 40 8 83 4 9 1 74 2 29 3 80 19 49 6 21 12 39 10 10 11 20 17 8 7 46 13 7 14 94 18 44
5 30 9 72 7 37 0 50 4 77 1 88 17 97 19 16 13 76 15 29 10 3 18 56 11 62 12 75 16 56 14 82 2 16 8 4 3 79 6 57
16 1 13 85 8 6 1 61 3 87 0 40 15 67 10 98 19 10 11 95 18 44 5 10 6 74 14 61 7 60 9 55 17 43 4 32 12 80 2 29
9 66 14 55 7 16 16 5 1 11 19 77 6 53 13 31 18 81 3 81 10 92 5 1 0 9 15 90 11 63 4 1 2 81 8 21 17 91 12 67
9 65 8 35 1 52 14 15 10 73 18 83 19 48 2 79 16 76 3 84 12 89 5 55 0 83 13 2 6 76 17 97 11 96 7 15 4 63 15 55
4 69 16 52 1 32 13 49 14 87 2 21 15 39 3 77 5 17 18 75 12 64 0 45 8 20 17 64 9 73 7 28 19 86 10 88 11 66 6 46
0 22 16 21 18 20 9 92 12 72 10 33 14 99 13 6 1 84 4 96 7 74 15 71 19 2 11 4 5 83 8 59 17 81 3 42 6 56 2 63
19 57 5 33 16 42 18 4 15 48 17 69 2 91 4 89 13 31 6 49 7 97 11 50 1 41 3 87 8 62 0 35 14 37 10 84 12 65 9 81
11 57 16 20 8 99 6 42 15 32 7 57 5 39 19 42 1 4 18 76 2 29 17 5 10 9 4 59 0 13 14 65 13 42 9 27 12 89 3 20
19 13 7 41 17 17 8 30 18 61 16 33 1 63 13 98 0 79 14 43 12 61 2 75 3 22 6 76 5 4 9 42 15 51 4 79 11 38 10 24
16 46 7 43 9 2 4 68 14 49 8 86 12 3 2 29 1 48 17 78 19 46 13 57 11 30 10 29 18 50 0 31 3 60 15 12 6 54 5 15
0 80 2 11 18 38 11 75 16 63 10 36 13 86 17 7 1 30 3 94 15 30 4 52 5 63 9 23 14 66 8 72 19 71 6 58 12 92 7 83
2 4 12 54 17 77 14 26 0 73 9 76 1 49 6 74 7 87 5 65 3 31 16 34 13 74 19 39 4 39 10 8 18 90 8 74 11 34 15 99
0 31 13 96 7 4 11 97 14 13 8 69 5 5 1 67 12 82 10 73 15 37 19 56 17 6 6 94 2 24 9 27 4 53 3 10 16 87 18 54
5 6 16 5 15 94 0 44 3 52 19 13 9 34 18 86 11 45 7 46 14 65 10 58 8 96 13 39 17 53 12 81 6 83 2 62 1 70 4 84
2 69 12 71 10 88 9 18 1 90 0 91 19 91 18 12 15 39 11 99 17 78 14 27 4 72 7 8 6 74 5 93 13 83 8 7 3 91 16 85
6 2 2 91 9 54 13 70 16 15 15 91 14 88 0 20 5 88 4 40 11 82 19 27 18 82 12 10 8 94 10 12 3 46 17 52 7 14 1 13
5 15 16 40 7 23 19 92 14 21 15 67 4 28 2 55 18 20 12 35 3 59 9 96 10 63 8 81 6 8 11 46 0 85 17 96 13 62 1 30
15 70 17 62 14 73 0 27 11 57 2 6 12 81 7 80 19 17 1 15 16 32 4 10 18 43 5 34 10 47 3 93 13 79 9 71 8 84 6 78
4 3 16 8 11 95 13 78 8 75 17 51 6 11 1 95 10 85 12 54 7 40 19 52 3 89 0 34 5 57 18 66 15 21 9 97 2 66 14 5
4 39 17 7 16 44 5 7 2 76 7 52 13 54 18 34 19 37 6 41 11 48 8 66 9 75 3 57 1 24 12 33 10 9 0 19 14 30 15 74
15 31 9 23 1 84 17 22 4 70 10 26 7 58 0 16 2 34 16 59 11 1 18 56 5 20 6 37 19 4 14 72 12 7 8 27 3 58 13 1
14 2 6 66 7 23 10 12 15 2 1 85 16 7 19 89 3 40 17 50 9 41 13 69 4 66 12 39 2 23 8 63 0 13 18 88 11 91 5 88
6 44 17 41 16 99 8 77 7 54 15 40 5 65 0 14 10 26 12 52 18 40 9 87 3 45 1 42 19 68 2 27 11 4 14 81 4 74 13 21
10 14 4 18 3 6 17 58 9 25 19 55 0 60 14 58 6 57 5 86 11 98 8 33 13 97 16 20 18 53 15 24 2 48 12 2 1 20 7 17
14 70 18 72 2 60 11 35 5 43 8 37 12 88 3 40 17 21 19 41 0 26 10 77 16 66 4 49 7 79 1 99 9 11 15 22 6 71 13 19
10 91 1 55 5 52 17 49 15 98 14 84 11 88 2 12 9 33 6 55 18 36 0 58 19 65 8 45 4 6 16 89 13 78 3 99 12 88 7 14
12 21 9 76 8 97 17 22 1 89 18 65 10 68 14 27 7 22 15 3 3 55 2 89 16 19 0 12 13 27 19 63 11 91 5 55 6 10 4 84
11 13 9 36 2 38 6 85 13 22 4 55 1 19 0 27 14 37 3 31 18 76 19 49 7 31 15 27 10 65 17 35 8 7 5 17 16 36 12 70
12 79 8 55 4 19 16 18 7 21 15 31 6 94 19 69 5 11 11 97 1 69 2 50 18 32 14 60 0 69 17 89 13 76 3 50 9 92 10 17
15 58 19 73 18 70 8 31 4 94 0 3 17 27 16 49 2 40 12 50 10 91 5 32 13 55 1 9 9 28 6 72 7 82 14 20 11 16 3 43
14 37 15 66 0 53 19 7 7 50 8 6 4 63 5 19 2 23 13 39 17 22 10 60 11 18 9 41 18 4 12 92 3 77 6 11 16 53 1 23
12 20 16 76 3 34 18 25 9 38 6 45 7 7 0 20 4 88 8 10 5 38 11 30 15 81 17 72 19 51 1 49 10 30 2 17 14 77 13 1
4 35 17 67 11 42 8 94 15 23 10 2 19 58 0 57 13 18 1 38 9 68 12 36 14 77 3 9 6 22 5 71 16 69 7 1 2 35 18 49
13 56 4 97 10 40 8 40 16 78 11 83 15 1 18 10 5 35 0 49 6 58 3 91 17 19 19 95 12 54 1 12 2 2 14 1 7 33 9 52
18 51 14 17 2 34 13 95 10 67 12 71 7 61 0 66 5 51 4 59 16 82 3 82 1 10 8 66 19 96 9 84 6 56 15 56 17 68 11 69
3 37 8 48 2 27 19 81 9 56 13 47 16 61 10 12 0 12 18 85 6 38 12 21 11 78 5 87 15 23 17 40 1 56 4 24 7 1 14 63
17 32 0 39 8 55 16 6 6 22 13 12 18 1 15 99 19 24 3 38 9 20 14 41 10 15 5 20 1 87 2 68 7 42 4 64 11 56 12 79
1 45 11 80 9 47 6 17 8 20 0 98 17 59 10 52 7 10 12 56 15 35 16 14 5 53 13 18 14 62 3 65 18 19 4 13 2 24 19 23
4 79 2 80 13 92 3 7 19 9 1 9 7 15 15 29 17 23 5 64 11 52 12 45 16 19 14 26 9 84 10 24 6 54 0 98 18 17 8 65
5 93 13 90 1 70 19 51 12 11 11 85 6 95 15 14 14 93 0 11 18 4 2 8 9 49 4 34 10 26 16 48 8 50 7 77 3 94 17 28
