100 20
6 27 14 30 3 65 13 6 9 75 8 71 16 33 11 40 12 10 19 52 18 50 7 69 1 2 2 5 15 38 4 26 0 12 17 42 5 51 10 10
0 25 14 70 7 90 10 34 6 27 16 69 5 54 1 42 19 68 18 77 2 76 17 41 4 16 9 29 11 86 15 31 13 11 8 13 12 70 3 34
1 82 12 38 5 99 16 54 2 98 10 97 7 32 15 14 11 35 19 50 18 45 14 93 0 82 8 79 17 14 3 99 4 88 9 70 6 53 13 74
16 27 9 31 2 11 14 51 18 77 10 90 6 69 12 27 11 7 5 84 17 41 19 74 7 22 1 3 8 19 4 55 0 19 15 62 13 94 3 12
13 69 2 83 9 25 0 35 17 76 8 61 3 92 4 66 11 60 18 47 5 49 12 9 7 8 19 4 1 41 6 29 10 53 15 41 14 96 16 48
9 59 16 14 10 67 5 50 4 37 11 29 15 45 12 84 6 82 18 14 13 68 19 7 17 22 3 84 2 70 14 30 1 61 7 93 0 10 8 98
18 96 16 41 0 22 4 33 2 16 13 19 8 74 12 52 14 65 7 66 3 71 6 22 5 48 10 61 1 99 9 69 15 12 11 39 17 79 19 21
10 55 9 8 1 91 14 89 8 26 5 78 17 57 0 67 12 37 3 97 19 97 2 97 18 14 7 14 16 13 11 39 13 52 6 95 15 19 4 80
4 25 12 62 15 85 0 13 6 41 14 90 13 33 11 26 9 63 2 93 8 54 16 19 1 24 10 23 3 79 19 70 7 5 17 62 5 18 18 25
3 43 15 53 7 73 19 54 18 88 10 35 4 69 2 99 8 15 9 60 17 79 14 25 13 62 16 44 11 74 5 54 0 81 6 41 1 45 12 74
8 19 18 4 10 81 19 1 12 84 6 44 9 31 13 22 15 21 11 64 5 24 1 96 14 4 17 75 7 8 4 92 3 28 16 74 2 33 0 30
3 68 7 51 12 63 15 16 18 59 1 91 6 66 0 65 19 78 14 32 17 49 10 4 9 28 13 54 16 91 2 72 11 10 4 24 8 52 5 28
13 46 6 30 3 62 4 55 18 75 15 25 7 39 2 4 12 61 9 57 17 69 19 67 14 96 10 82 11 67 0 62 1 10 8 26 16 93 5 91
19 84 5 93 14 26 0 49 3 26 17 77 11 14 10 98 9 52 13 58 6 51 1 38 16 47 18 35 2 75 15 45 7 10 12 66 4 74 8 3
19 75 4 82 9 51 14 89 2 38 5 22 17 64 11 71 15 27 16 85 7 45 8 69 1 37 13 75 12 8 18 91 10 60 0 20 6 99 3 57
0 12 4 85 13 2 17 57 9 10 5 55 12 51 2 13 7 16 10 95 15 55 8 86 16 14 6 97 14 66 1 76 11 86 18 18 3 55 19 62
3 43 5 21 19 46 18 59 14 60 0 25 10 2 7 48 9 51 8 79 2 13 6 25 17 73 15 82 16 63 1 72 13 47 4 51 12 69 11 90
0 1 3 47 12 18 10 45 2 77 1 94 7 85 17 82 14 96 11 32 9 45 16 93 4 2 6 85 19 30 8 2 13 2 5 25 15 10 18 96
9 86 0 39 12 21 2 68 1 34 16 81 19 50 13 85 14 11 5 81 17 85 4 71 18 72 8 89 7 23 3 22 11 92 6 41 10 16 15 92
8 31 16 6 9 64 6 64 12 74 13 74 7 15 3 62 17 88 1 54 14 29 2 97 19 50 15 76 4 8 0 2 10 20 11 56 5 99 18 95
19 52 10 89 0 17 6 44 1 5 3 18 2 14 9 74 16 2 4 24 11 5 14 5 17 96 18 54 5 58 15 11 13 53 12 99 7 80 8 94
15 80 11 21 9 83 12 56 1 30 0 13 4 18 10 83 5 28 17 52 18 76 19 35 13 36 3 69 16 81 2 99 14 9 7 61 8 30 6 20
1 84 10 72 16 46 18 16 3 64 14 45 13 24 9 52 7 25 19 61 12 79 5 31 17 37 4 12 11 16 6 64 0 51 15 88 2 3 8 43
9 93 1 96 13 66 8 61 7 28 16 79 6 27 19 96 15 76 11 35 12 18 3 41 17 36 4 11 14 62 10 14 2 42 0 24 18 8 5 84
7 16 2 41 14 19 16 3 17 31 3 15 11 91 1 77 8 20 18 96 9 88 19 52 15 85 4 8 6 21 13 28 0 81 10 45 12 5 5 37
18 43 13 63 9 22 16 1 11 3 0 81 17 35 5 29 4 96 1 78 15 84 2 98 8 28 10 91 6 14 19 52 14 70 7 88 3 12 12 35
8 42 9 29 16 42 2 16 5 3 4 34 12 60 19 94 6 32 0 31 7 14 17 66 10 85 13 91 14 56 11 89 1 53 3 17 15 99 18 51
13 19 2 80 17 72 9 20 7 96 11 36 12 56 15 87 16 52 18 71 0 7 5 98 3 74 6 43 1 33 4 87 10 75 14 86 8 11 19 90
6 26 1 48 19 88 16 99 3 37 9 88 7 25 8 83 13 56 5 83 12 83 4 51 10 36 14 64 15 30 17 64 0 82 2 89 18 39 11 95
0 47 19 77 12 51 3 40 4 98 13 27 16 19 1 29 2 38 9 27 11 53 14 97 17 72 18 98 10 63 15 45 5 23 8 95 7 97 6 37
4 21 13 57 18 39 12 42 0 90 2 77 15 12 1 90 5 45 14 59 16 31 19 72 6 25 17 81 11 91 3 88 9 86 10 8 8 69 7 60
10 32 13 61 5 35 8 42 9 39 12 14 16 10 19 98 4 78 17 53 14 5 15 76 18 86 6 96 11 57 3 50 7 85 2 51 0 43 1 61
18 35 0 36 10 82 1 7 7 30 17 9 19 61 13 65 6 58 16 67 14 31 4 71 12 72 9 47 5 28 2 24 3 43 15 2 8 74 11 75
16 38 2 48 17 2 5 36 1 47 10 67 8 24 12 25 3 42 6 38 9 89 4 11 18 16 0 54 15 27 7 49 13 25 14 70 11 50 19 5
2 43 7 42 16 13 15 76 3 37 0 59 14 86 19 31 11 97 17 19 18 20 12 40 1 50 5 75 10 12 4 94 8 21 6 60 13 56 9 37
7 67 14 10 12 79 16 49 9 98 2 70 17 44 0 61 11 2 6 66 13 61 19 33 1 99 3 49 4 25 15 80 18 81 8 69 10 25 5 48
18 60 16 29 0 52 15 72 9 69 12 9 2 57 4 35 14 74 7 65 10 65 8 74 19 49 5 21 13 31 1 21 17 90 6 75 11 56 3 25
0 22 15 52 16 37 14 81 4 24 13 73 6 17 17 90 19 37 5 15 3 82 1 95 12 18 9 33 18 16 11 83 2 47 10 17 8 62 7 12
10 6 0 67 13 87 12 10 7 94 18 36 4 86 8 67 1 95 17 15 5 87 14 45 15 5 9 38 6 92 2 82 16 94 19 46 11 9 3 23
11 2 16 33 6 79 10 11 8 54 18 56 13 62 0 31 12 2 7 70 19 23 4 76 5 87 17 57 3 18 15 26 9 39 2 39 14 90 1 3
6 48 3 81 16 28 4 95 10 32 19 60 8 34 1 4 17 40 5 99 12 3 2 53 13 56 14 47 18 36 9 23 7 21 0 51 11 56 15 7
11 37 7 16 1 90 10 24 3 67 14 5 0 96 13 88 8 67 6 19 18 1 2 38 19 70 17 32 4 89 16 15 12 25 15 38 5 72 9 36
17 37 11 96 14 10 18 2 4 5 12 57 1 28 16 78 5 48 8 36 19 45 0 88 9 40 10 83 15 26 7 30 6 44 2 59 3 36 13 78
8 77 11 61 14 25 16 72 18 28 10 88 15 63 6 3 4 80 2 64 1 62 19 87 3 20 13 8 9 59 7 63 17 55 0 72 12 27 5 52
14 13 19 44 12 79 10 45 3 32 4 71 15 66 16 47 2 64 8 61 9 5 18 13 5 92 11 39 7 68 1 63 0 66 6 84 13 39 17 95
3 98 15 92 16 24 1 36 4 71 12 62 11 5 9 9 0 63 5 27 14 23 10 95 2 33 8 59 19 17 17 27 7 27 13 5 6 56 18 69
17 48 19 29 4 25 5 40 7 36 9 44 12 78 13 96 0 45 15 4 18 61 3 56 8 53 14 58 6 58 2 20 1 31 11 46 10 33 16 32
15 93 8 39 11 91 18 61 10 39 1 71 3 88 19 24 16 13 17 54 14 81 13 41 2 4 6 49 12 68 4 87 0 58 9 82 5 30 7 42
0 82 8 46 18 87 16 9 5 59 13 89 7 46 11 50 2 69 6 26 10 40 14 71 1 38 15 8 3 2 9 86 17 33 12 17 19 66 4 9
15 89 16 51 13 98 11 94 6 3 1 14 7 8 0 58 17 23 19 92 3 5 9 2 5 68 4 80 14 58 2 32 10 2 18 74 8 17 12 85
12 76 10 43 8 27 17 59 2 8 15 66 7 29 14 85 6 61 5 19 18 40 4 52 19 16 0 87 9 66 13 97 16 63 1 80 11 99 3 23
4 11 19 34 5 95 16 12 15 9 8 51 14 3 9 64 17 33 12 69 2 7 13 13 11 3 1 83 10 96 0 96 7 32 6 23 3 77 18 4
3 45 12 66 16 62 14 72 17 30 7 27 9 90 10 94 18 71 1 21 8 19 13 54 6 41 5 96 2 83 19 61 15 58 4 85 0 96 11 99
5 32 6 1 11 25 8 10 9 45 12 90 1 8 4 91 3 40 17 12 19 3 10 28 16 33 13 44 2 35 18 63 0 30 7 9 15 19 14 93
8 58 7 43 19 68 3 85 2 74 10 55 9 36 17 58 4 30 16 37 6 63 0 78 13 22 1 70 18 56 15 78 11 50 14 20 12 72 5 59
14 30 4 38 6 86 13 34 9 11 18 75 3 7 0 27 15 56 11 63 16 70 2 59 10 70 7 92 19 86 5 37 1 74 17 66 12 89 8 44
14 85 11 97 3 95 9 79 7 50 8 74 4 77 1 93 18 75 19 82 5 13 17 7 2 4 16 49 0 33 6 20 12 95 13 35 10 16 15 31
11 88 4 6 1 71 18 31 5 31 3 58 15 99 9 96 17 21 16 90 14 82 8 74 0 74 6 38 13 20 10 69 12 31 19 15 7 21 2 68
18 55 9 37 3 92 2 43 12 82 0 23 10 93 8 98 6 52 1 52 7 42 17 30 4 31 13 72 16 52 19 71 14 94 5 99 11 22 15 53
3 7 4 44 11 57 2 38 8 50 14 5 12 34 10 74 18 43 0 21 1 89 6 33 17 18 13 22 15 3 5 62 7 10 19 94 16 73 9 6
18 6 12 42 11 99 7 84 16 20 5 25 14 59 2 93 17 48 3 19 1 83 13 46 10 87 8 7 15 64 0 74 19 74 6 96 9 29 4 69
17 26 9 93 12 16 10 66 0 93 5 9 16 93 19 65 8 12 13 42 6 21 11 45 4 7 1 79 3 19 15 39 7 34 18 75 14 84 2 49
3 6 5 53 13 75 12 61 19 10 16 74 7 21 11 53 10 49 15 93 0 48 8 45 9 51 4 63 14 80 1 85 18 46 17 73 2 76 6 28
4 66 12 75 0 68 9 92 15 42 19 91 5 12 1 64 7 11 11 8 8 76 6 15 10 74 3 79 13 11 17 15 14 87 18 56 16 93 2 75
13 36 7 19 9 48 18 65 17 91 2 96 11 72 12 41 8 74 16 76 4 87 19 43 14 71 5 1 6 60 0 98 15 85 10 61 3 87 1 56
6 45 1 22 19 30 18 69 16 84 10 50 7 43 9 12 17 22 13 81 15 88 12 63 4 99 2 67 5 44 3 61 11 83 0 54 14 16 8 50
7 85 13 55 17 56 2 57 5 54 16 45 11 47 0 39 10 37 8 13 3 41 6 47 4 71 12 81 9 68 14 55 15 99 1 23 18 34 19 23
8 53 5 21 16 16 7 95 19 12 10 58 12 55 14 4 9 48 0 77 3 81 11 65 18 14 6 63 17 88 1 19 13 91 2 18 4 27 15 90
12 77 13 73 0 71 5 84 10 77 9 27 18 35 8 10 17 23 15 63 1 69 4 73 6 38 16 41 3 91 14 70 2 31 7 49 19 37 11 65
3 53 10 8 0 7 2 25 6 91 16 97 13 51 17 68 7 27 15 65 14 18 8 61 18 63 5 18 12 74 1 56 9 44 19 73 11 72 4 43
14 63 12 30 5 79 6 19 1 70 2 67 10 89 0 42 9 2 17 97 16 48 13 7 15 80 19 57 18 54 8 75 4 35 3 49 7 65 11 25
18 49 13 78 12 7 2 22 6 90 7 17 11 25 19 76 15 5 10 20 3 54 1 11 0 97 14 81 4 38 16 80 8 59 5 27 9 11 17 19
6 37 7 62 9 95 8 17 4 29 16 90 5 86 15 69 3 63 13 71 17 92 1 80 12 79 18 34 11 94 2 11 19 87 10 97 0 14 14 83
9 89 2 1 16 21 5 78 4 4 15 37 12 32 14 43 1 87 17 26 8 74 18 13 10 80 13 97 3 70 6 67 19 59 7 54 11 59 0 96
1 20 18 79 8 16 9 96 0 4 3 24 13 92 11 51 4 36 16 78 12 93 19 32 15 4 6 25 5 54 17 13 2 39 14 24 7 68 10 95
1 30 19 50 0 14 5 45 3 11 12 8 9 14 16 9 4 27 7 94 8 36 6 97 10 64 13 15 2 2 15 88 17 70 11 53 14 40 18 30
10 75 0 44 18 9 4 58 9 43 15 68 13 28 12 94 11 76 8 26 1 6 16 87 17 51 5 73 7 45 19 40 6 3 2 34 3 30 14 43
7 28 3 12 9 8 5 82 16 57 1 74 4 86 0 22 10 57 17 91 14 40 6 47 18 1 8 55 11 61 15 26 12 75 2 82 13 97 19 71
17 33 7 91 6 77 8 26 18 66 12 84 11 81 16 5 1 6 2 65 4 46 9 43 5 22 14 58 13 68 19 15 10 96 15 18 3 55 0 42
14 17 13 81 12 49 1 91 8 65 11 10 0 72 17 18 10 78 5 15 19 98 2 12 4 49 7 51 3 58 16 3 9 89 15 93 18 2 6 5
4 3 5 32 1 74 3 80 0 31 2 83 7 38 9 90 13 10 8 42 10 78 6 95 16 64 15 77 11 11 12 9 17 27 18 13 19 92 14 34
6 91 18 23 4 85 8 86 16 43 1 67 12 38 0 8 5 2 17 24 9 3 7 78 13 3 11 49 3 20 10 2 15 97 2 18 19 3 14 96
15 76 12 76 16 25 11 44 0 25 6 45 2 12 14 72 19 78 1 12 18 72 3 24 17 74 4 99 7 52 5 62 10 21 8 65 13 25 9 9
14 74 18 55 6 47 5 23 13 9 17 48 19 76 2 86 0 21 3 47 16 55 7 85 15 63 1 53 9 15 12 55 4 31 10 54 11 22 8 90
8 15 19 90 0 43 11 94 6 22 13 86 4 82 5 83 3 19 16 69 7 50 2 64 15 80 10 41 14 58 18 1 12 59 17 75 1 57 9 4
15 13 2 23 18 90 17 7 13 10 4 97 16 18 10 65 0 95 14 76 5 57 9 64 3 93 8 97 6 99 12 79 7 23 19 12 11 60 1 88
13 51 17 7 1 87 0 17 19 98 18 4 15 92 14 1 10 78 3 32 12 90 6 72 2 86 7 22 16 15 11 2 8 85 5 31 9 70 4 3
9 41 16 52 11 47 7 20 2 7 3 68 1 74 14 98 6 99 4 55 19 9 10 56 18 45 5 56 0 6 12 23 15 28 13 60 17 27 8 96
1 89 14 1 19 37 10 96 15 79 9 6 8 13 11 74 0 58 7 59 4 18 12 68 5 3 6 37 17 8 13 46 2 58 16 44 18 21 3 38
4 68 2 79 7 48 3 34 10 16 18 86 17 60 11 98 1 74 12 51 6 79 8 7 16 2 19 62 15 71 14 84 13 62 0 28 5 76 9 51
16 35 11 66 1 49 12 54 10 19 15 97 8 7 9 8 5 75 19 42 2 77 14 94 18 18 0 61 3 78 13 71 7 64 6 94 17 41 4 52
0 38 1 91 12 49 16 45 3 53 13 78 5 55 8 37 11 17 4 12 15 90 18 21 2 4 14 42 7 16 17 63 9 3 6 39 10 12 19 77
8 84 17 76 16 11 15 83 5 15 13 5 10 77 11 86 4 19 2 86 19 28 12 63 3 60 6 60 14 61 18 71 7 61 9 39 0 83 1 47
1 25 0 59 4 23 15 41 3 93 7 66 11 2 16 49 14 65 6 69 13 53 18 51 17 51 2 69 5 9 19 54 9 56 8 21 12 99 10 55
5 15 6 32 15 97 7 19 0 81 4 44 1 2 18 37 16 75 13 22 17 62 11 42 2 92 9 44 14 16 8 20 3 38 10 84 19 16 12 47
7 82 8 53 6 89 10 25 19 38 2 24 5 32 16 35 1 48 4 92 15 36 13 45 3 48 0 10 11 22 9 88 14 44 17 82 12 21 18 24
17 79 15 87 2 50 9 64 4 42 8 50 10 48 5 9 1 76 18 50 0 5 14 7 11 26 3 30 19 12 12 77 6 34 16 48 7 18 13 72
14 14 4 6 9 45 7 29 19 71 11 40 1 77 8 22 5 57 15 30 16 42 13 97 3 19 0 6 10 88 12 79 17 45 18 75 2 44 6 39
8 92 7 62 11 77 6 23 16 19 12 91 15 36 1 83 17 96 10 99 0 84 13 92 2 92 4 10 5 32 14 83 3 91 9 97 19 3 18 7
11 9 18 31 12 37 3 98 14 28 2 59 7 48 1 46 10 25 8 17 4 3 15 83 5 40 19 8 16 42 9 61 13 71 0 10 6 29 17 83
