100 20
8 99 12 12 6 30 9 98 5 56 4 58 11 45 14 89 15 54 16 2 3 79 2 60 17 12 7 42 10 55 1 37 19 95 18 70 0 27 13 7
16 58 1 61 7 84 13 27 6 31 5 45 19 23 12 89 8 7 0 86 15 57 10 1 3 27 17 51 4 96 2 93 11 89 9 35 14 93 18 47
13 98 19 27 15 3 4 67 7 20 2 52 1 56 17 98 10 38 5 38 0 87 8 40 6 42 9 55 11 50 18 59 3 48 16 7 12 87 14 37
17 48 7 9 15 80 9 93 5 7 8 87 10 98 11 12 3 59 14 38 2 41 6 61 12 63 18 45 1 95 4 88 0 21 13 81 16 16 19 6
5 74 11 93 2 8 15 6 4 18 17 61 14 56 16 79 9 84 10 26 18 48 12 89 3 60 13 88 6 2 0 19 7 21 19 42 1 61 8 27
18 31 5 29 8 21 12 23 6 17 11 9 13 16 0 82 4 71 16 76 1 46 2 57 3 51 15 84 9 10 7 43 17 25 10 2 14 4 19 93
0 28 6 9 12 40 3 45 9 3 18 87 1 96 13 93 14 59 15 22 10 35 17 60 7 81 16 43 4 27 5 78 8 94 2 18 19 84 11 72
7 33 1 15 10 75 2 10 18 50 9 23 0 32 14 90 12 9 3 75 5 36 16 87 11 54 8 76 6 97 19 52 15 51 17 89 13 85 4 34
2 92 17 52 12 70 19 90 10 53 0 13 11 8 5 87 14 26 16 54 9 35 7 55 6 43 18 2 1 37 13 41 3 10 15 3 4 68 8 94
18 87 19 29 8 67 4 91 15 21 7 69 14 18 17 19 12 41 13 6 3 49 9 63 11 65 16 90 2 40 1 63 10 75 6 80 0 15 5 33
14 14 19 87 5 74 17 50 11 37 15 58 8 16 0 54 1 58 7 72 12 9 18 73 3 70 6 67 13 8 10 81 2 86 9 14 4 70 16 17
16 91 2 74 4 16 1 23 8 83 6 82 7 71 12 15 15 50 19 97 17 12 10 20 9 12 18 5 3 94 11 55 13 61 5 3 0 40 14 90
17 45 4 46 9 19 11 33 14 46 0 19 5 92 1 91 16 52 6 4 19 70 8 72 12 61 2 86 15 77 10 35 18 4 13 70 3 21 7 86
15 30 13 52 18 63 1 94 12 41 8 36 5 13 4 8 17 52 9 38 2 41 6 23 7 50 10 87 16 20 11 17 3 66 19 62 14 22 0 4
13 67 10 70 3 34 8 35 19 17 2 99 7 5 1 53 5 72 4 28 14 41 12 27 17 7 6 30 11 87 16 66 0 57 18 3 9 60 15 32
4 46 19 10 12 29 2 38 14 71 1 42 9 51 0 99 17 73 6 42 10 66 8 60 15 81 5 44 7 13 18 67 11 47 13 48 3 50 16 27
18 60 3 90 16 3 5 40 12 72 4 47 6 74 13 63 15 20 1 82 7 39 2 49 17 67 8 82 0 56 14 55 9 77 10 16 11 75 19 64
17 7 11 28 0 7 4 27 7 78 16 50 12 12 19 13 9 5 8 18 13 81 18 50 2 21 1 15 5 52 3 88 14 23 6 94 15 73 10 78
12 25 1 1 14 37 13 20 17 99 19 34 2 94 3 67 6 52 8 75 16 66 18 63 11 85 7 84 0 55 10 5 4 83 15 63 5 96 9 18
18 27 16 1 3 82 2 42 14 64 7 30 6 84 10 91 13 66 9 87 17 45 4 24 1 66 8 36 11 16 0 16 12 45 19 17 5 62 15 79
14 8 16 27 10 53 12 56 4 16 11 77 15 27 13 83 8 90 3 16 17 31 19 8 7 64 6 97 18 54 5 78 2 36 9 80 1 33 0 76
10 7 9 61 14 99 13 14 11 97 4 54 1 98 12 86 0 81 3 42 18 38 17 70 19 50 15 19 16 52 6 69 2 62 8 57 7 92 5 94
16 33 0 73 17 27 10 61 14 82 9 33 1 56 12 78 6 91 15 92 11 28 18 43 3 95 2 78 19 97 5 45 4 81 13 58 7 89 8 8
17 12 15 24 16 75 6 65 11 80 7 30 9 15 13 37 4 34 8 65 10 96 14 54 3 40 1 69 0 44 12 27 18 54 5 61 19 1 2 19
0 24 14 41 1 74 17 60 3 47 7 14 16 90 11 81 19 83 6 52 13 20 9 57 8 24 4 47 18 79 5 88 2 81 10 45 15 44 12 34
17 13 7 84 13 85 14 33 2 62 15 48 10 82 19 40 6 48 1 87 11 37 5 11 3 96 4 29 16 32 0 8 9 92 18 18 12 81 8 78
4 99 13 7 3 15 15 7 10 59 16 37 9 32 7 56 14 34 11 65 1 95 12 66 0 67 8 45 19 4 2 92 17 38 6 73 18 63 5 57
7 38 10 40 15 77 12 89 13 65 19 77 8 68 11 32 5 99 1 70 3 14 6 42 18 30 0 24 17 78 4 33 16 13 2 1 9 85 14 92
15 46 2 54 5 35 19 37 11 58 9 17 14 62 10 11 6 43 16 95 4 78 1 42 7 9 13 72 18 1 3 42 0 91 17 68 12 38 8 71
18 7 8 31 4 88 2 8 11 93 16 85 12 69 14 79 6 27 15 20 10 3 9 42 1 59 3 37 0 19 5 94 13 46 7 58 17 31 19 96
14 25 3 14 13 69 0 17 6 66 4 51 5 68 9 60 1 81 11 36 16 51 17 87 18 85 7 12 19 68 15 47 12 60 2 6 8 34 10 61
13 45 9 1 19 61 4 45 6 30 18 8 5 58 0 8 12 21 10 35 11 7 17 27 3 8 1 33 16 85 15 26 2 96 7 19 14 58 8 50
11 40 18 50 7 26 12 98 14 6 2 3 6 12 10 50 8 20 19 74 4 3 3 6 17 74 5 6 13 41 1 59 15 40 0 42 9 36 16 57
13 59 8 81 18 84 0 60 17 38 14 79 1 69 5 1 2 9 7 15 15 37 4 19 11 35 19 66 3 13 9 24 12 31 6 42 10 97 16 40
13 53 2 56 8 32 17 89 7 35 14 2 10 4 18 90 0 61 15 73 5 97 3 64 11 43 1 66 19 30 16 28 9 81 12 62 6 98 4 85
5 11 12 84 16 94 11 49 18 29 0 29 9 32 1 37 8 27 3 14 7 36 15 91 4 99 17 10 6 94 19 36 2 67 14 42 13 58 10 76
12 83 19 22 3 92 10 3 5 75 7 13 1 50 18 78 13 59 0 93 17 20 2 26 15 63 11 46 9 73 14 22 6 62 16 87 8 30 4 13
3 58 13 62 15 53 9 35 6 52 19 43 14 1 8 52 0 37 5 76 1 7 17 67 16 10 18 98 11 82 2 85 10 55 7 76 4 98 12 82
6 47 19 23 1 18 2 74 3 3 14 38 0 87 7 41 10 56 17 88 16 20 9 48 18 60 8 71 11 44 5 39 12 70 4 9 13 62 15 24
7 85 13 20 9 39 14 2 16 66 5 47 0 8 19 71 10 76 17 70 12 51 2 8 6 63 11 31 3 44 4 82 15 16 18 10 8 93 1 42
16 4 1 49 9 78 4 66 0 79 19 74 18 76 8 47 6 18 2 12 15 11 17 81 7 91 5 68 3 63 12 58 11 52 10 99 14 60 13 10
18 80 3 94 16 72 13 6 9 11 11 45 15 76 19 99 12 10 8 88 4 89 1 3 5 90 6 47 2 70 10 35 14 45 7 71 17 33 0 66
6 52 14 77 5 50 15 61 13 45 7 51 9 40 0 67 2 14 4 34 12 34 18 65 8 4 17 78 19 85 10 83 1 73 11 17 16 47 3 17
9 23 14 27 7 47 12 74 19 31 18 54 13 48 8 91 1 98 0 92 10 36 11 26 17 27 5 25 2 11 16 39 15 88 4 68 3 68 6 60
17 47 7 12 6 45 12 86 11 57 2 43 19 74 8 86 1 58 9 28 16 45 10 40 5 70 18 66 15 3 4 51 0 32 13 1 14 17 3 78
2 10 17 7 11 92 6 90 1 36 10 3 15 68 16 49 5 33 13 51 9 80 7 84 0 7 8 97 3 90 18 24 14 91 12 9 19 21 4 67
16 10 18 43 5 87 11 15 15 55 1 67 17 43 14 57 4 67 12 64 19 6 8 26 10 97 9 35 0 5 6 67 2 21 3 57 7 90 13 53
9 17 18 82 6 96 12 98 13 26 1 47 16 96 11 63 2 31 4 8 17 12 14 6 8 6 5 20 19 29 3 8 15 33 7 92 0 77 10 77
12 84 4 7 18 47 11 90 3 93 13 67 1 91 16 92 6 83 5 85 10 50 8 63 17 29 19 80 15 44 0 95 14 92 2 23 7 14 9 53
3 9 10 57 12 36 0 72 6 49 8 89 7 43 15 76 1 29 13 26 5 46 17 94 18 37 11 1 14 13 9 85 16 94 19 9 2 33 4 21
17 24 0 26 1 7 15 27 5 12 9 28 2 69 11 96 8 40 12 46 13 24 3 82 6 37 7 85 16 35 14 74 10 28 4 48 19 28 18 61
7 4 12 58 11 61 19 53 6 61 0 37 9 61 14 29 17 38 13 3 2 19 5 24 4 88 8 20 1 76 16 13 15 48 18 88 3 65 10 53
3 25 11 68 5 92 13 94 17 7 1 82 10 27 6 54 4 94 0 1 8 11 18 3 9 52 19 30 12 25 16 42 7 95 14 29 15 91 2 40
16 75 5 48 3 23 0 28 11 48 14 50 7 18 9 21 12 69 13 97 18 56 10 39 2 50 19 85 4 28 6 29 8 10 1 36 15 34 17 24
11 14 5 28 12 37 0 66 7 63 6 83 8 98 18 83 15 92 17 84 3 92 9 97 4 15 14 75 2 70 1 86 19 57 16 3 10 12 13 20
7 75 8 24 0 59 4 67 14 30 2 96 19 21 12 96 13 21 18 42 5 18 6 49 11 39 17 42 10 61 1 40 16 28 3 96 15 89 9 2
13 10 5 16 18 99 12 89 15 69 1 73 7 93 14 41 19 84 4 77 0 84 16 66 2 1 3 51 6 25 11 65 9 95 8 64 17 54 10 14
17 66 15 93 12 60 10 39 0 20 9 55 13 58 14 9 18 92 7 79 5 3 16 83 6 26 19 88 4 51 3 33 8 84 1 81 11 51 2 67
15 77 6 54 18 46 1 49 0 38 5 9 12 62 10 27 16 11 13 37 8 99 4 59 9 32 3 59 14 29 17 83 2 66 7 64 19 95 11 88
16 87 7 7 15 22 13 94 10 25 9 24 2 75 1 78 14 23 18 2 19 11 3 1 12 70 8 29 0 7 11 46 5 53 4 84 17 69 6 61
14 14 9 76 11 68 17 30 6 83 15 75 3 31 0 41 7 57 10 40 8 81 1 96 4 51 18 88 19 16 16 73 2 13 12 94 13 8 5 66
12 5 13 69 9 82 3 33 17 45 0 12 2 68 10 72 5 69 18 89 15 20 19 14 4 12 16 22 14 3 7 80 1 67 11 63 6 54 8 40
6 50 5 4 8 68 17 75 2 99 7 84 14 21 11 12 12 94 13 62 4 85 15 8 16 93 10 1 0 19 3 88 1 44 9 42 19 7 18 23
19 82 0 9 3 32 11 84 13 77 10 32 7 60 12 17 14 68 5 93 6 42 2 68 16 59 18 72 1 31 8 98 17 8 15 61 9 44 4 33
7 61 8 80 12 17 11 72 5 91 18 67 10 3 14 13 6 59 0 49 4 14 9 43 15 8 3 55 1 96 19 37 2 23 13 17 16 60 17 5
9 25 0 71 18 36 1 11 13 96 16 35 19 24 11 2 10 70 3 74 5 46 15 71 17 72 14 31 6 29 12 52 7 90 2 80 4 86 8 10
16 20 0 70 8 59 13 73 11 46 2 55 15 75 7 26 3 16 18 48 10 5 12 27 14 2 4 78 5 10 17 23 1 88 9 80 19 10 6 24
14 13 6 9 7 30 12 1 3 69 2 93 10 77 5 30 17 94 18 77 13 5 4 88 11 77 0 66 19 82 1 51 8 5 16 98 15 30 9 46
7 47 10 50 6 71 3 54 11 73 19 41 2 34 0 91 14 60 4 88 8 35 5 87 12 97 15 29 17 34 9 14 13 54 1 32 16 66 18 20
7 18 10 96 14 9 4 70 5 88 15 91 6 85 3 41 11 10 18 17 16 49 1 20 19 94 12 61 0 63 8 77 17 34 9 68 2 64 13 39
10 84 3 66 6 11 0 7 18 80 14 27 1 5 17 57 12 93 16 6 11 80 2 59 5 7 19 12 8 38 9 40 13 35 15 90 4 13 7 50
1 78 9 25 12 86 6 76 7 2 8 56 5 32 10 87 16 58 13 15 17 68 15 64 2 64 19 21 14 39 11 7 4 80 18 40 0 30 3 47
10 34 19 97 0 80 12 17 18 35 17 9 9 89 8 44 1 15 5 15 7 33 2 92 16 65 4 52 13 3 14 16 6 50 11 34 3 43 15 25
7 60 15 48 6 83 12 23 0 25 11 23 2 50 9 92 4 6 5 86 3 31 19 4 13 82 18 19 10 14 1 34 17 69 14 74 16 27 8 53
9 91 19 48 10 78 11 4 16 29 7 47 1 38 14 13 2 30 8 8 17 55 12 92 0 77 13 45 5 18 3 39 4 66 6 89 15 58 18 71
9 99 4 57 14 53 18 13 2 46 17 23 6 58 16 51 3 53 11 72 13 76 15 7 8 15 19 39 12 68 0 12 10 85 1 77 5 4 7 24
9 27 4 26 6 31 14 58 13 48 10 83 1 4 7 7 0 45 12 81 2 23 11 37 5 38 18 78 3 66 17 33 15 95 19 32 8 74 16 74
16 5 14 22 18 26 7 24 2 15 5 32 15 23 3 96 0 66 4 36 17 86 6 94 11 52 19 6 9 2 10 3 12 86 13 6 1 36 8 91
16 85 19 16 14 18 0 33 11 73 15 63 7 22 12 29 13 27 8 40 9 41 5 4 6 97 1 90 10 19 17 26 3 24 18 96 2 32 4 21
17 17 16 23 11 25 5 57 10 34 7 20 12 27 9 52 0 67 19 24 18 24 13 66 6 54 3 84 2 21 4 38 15 32 8 19 14 74 1 99
11 2 12 46 13 38 6 48 9 11 4 51 1 63 0 98 15 76 10 56 8 22 19 40 2 93 3 4 17 4 14 10 16 68 18 2 5 59 7 21
13 88 10 47 11 71 3 53 9 44 17 77 5 12 2 78 8 43 14 46 0 83 19 51 12 24 18 20 15 38 16 85 7 71 4 58 6 15 1 82
6 39 10 27 14 51 4 75 16 49 2 27 15 99 8 39 1 51 19 33 3 10 18 36 17 8 9 17 5 98 0 59 12 52 13 50 7 16 11 62
15 2 14 41 17 94 19 8 16 27 3 1 9 26 11 33 7 98 1 80 6 27 18 45 0 83 8 74 5 56 4 58 10 10 2 55 13 15 12 54
6 86 0 2 17 46 2 14 14 23 18 88 12 63 19 2 9 1 7 14 13 95 5 39 8 39 4 75 11 68 10 6 3 59 1 68 16 1 15 31
1 83 4 49 18 97 3 85 7 69 16 6 5 18 17 94 8 21 10 20 11 55 6 41 12 82 13 40 2 61 15 88 14 96 19 27 9 75 0 60
1 30 18 77 0 59 2 80 19 64 5 90 14 32 16 15 8 83 13 34 3 18 7 15 4 68 11 32 15 74 12 18 10 87 17 73 9 51 6 5
13 78 14 41 6 43 12 97 10 27 18 67 8 99 4 63 11 12 19 35 17 70 3 1 2 66 15 58 0 32 7 41 16 32 9 40 5 2 1 6
10 95 12 50 17 82 4 56 3 42 19 91 8 86 14 66 1 11 7 48 0 38 6 73 18 19 5 35 15 44 11 59 2 38 16 82 9 2 13 75
0 69 6 72 17 35 12 67 7 51 3 47 16 60 4 27 15 2 18 95 1 4 11 36 19 50 10 47 5 10 14 26 9 49 8 32 2 27 13 36
6 63 15 54 12 13 4 50 1 63 8 13 19 86 11 75 17 3 2 75 7 58 5 52 18 99 0 11 10 72 16 27 14 48 9 77 3 28 13 87
8 60 5 30 9 72 13 1 19 57 18 55 6 78 0 74 2 72 15 66 1 40 12 47 17 84 16 76 10 1 11 59 3 81 7 87 14 93 4 66
1 67 16 52 12 81 18 56 19 94 4 44 2 68 17 40 11 82 0 57 8 52 15 48 10 19 7 54 5 29 13 11 3 58 14 60 6 65 9 34
4 71 10 41 15 80 7 70 17 67 3 58 5 15 6 68 8 10 19 28 2 82 18 65 14 86 12 60 1 46 11 20 0 46 9 8 13 85 16 38
8 13 5 25 12 8 7 40 11 88 6 19 16 80 3 49 14 75 19 53 9 86 17 99 2 99 0 57 10 64 4 83 18 94 13 33 15 9 1 70
7 92 0 36 15 38 9 32 11 88 5 35 1 98 8 30 17 87 10 70 19 68 16 28 12 25 6 13 2 85 14 69 18 79 13 60 4 3 3 64
17 24 13 43 11 93 10 65 5 36 9 29 8 30 7 78 1 34 0 69 18 5 6 50 2 59 12 37 14 45 15 74 16 72 3 56 4 34 19 4
6 34 10 85 13 9 4 42 19 73 18 39 1 52 14 51 16 10 5 8 8 96 12 22 17 50 7 71 15 65 2 48 11 7 0 13 3 59 9 86
4 5 13 6 3 75 14 79 1 95 19 46 18 96 7 43 0 50 10 53 16 8 12 47 17 91 8 27 15 16 11 35 6 45 2 59 5 52 9 94
7 99 18 29 8 17 5 95 6 96 9 59 16 21 15 3 12 38 14 54 10 37 13 16 17 37 4 38 2 13 1 65 3 79 11 75 0 92 19 33
