100 20
9 20 12 69 18 31 5 85 13 2 7 93 1 66 3 24 17 29 19 20 2 84 6 93 10 21 4 5 15 37 16 20 11 55 0 80 14 85 8 27
2 33 15 75 10 98 18 51 12 10 17 76 4 24 5 71 7 82 9 76 13 94 3 1 8 84 11 6 0 68 16 45 1 76 6 10 19 13 14 79
15 70 0 1 7 56 16 44 8 84 19 69 10 13 9 64 6 79 4 19 2 72 1 76 12 42 3 85 17 3 13 12 11 62 18 43 14 7 5 56
9 57 18 37 6 89 0 52 8 47 14 9 4 77 10 77 12 59 13 58 11 51 17 49 16 86 5 9 2 73 19 60 15 11 3 40 1 41 7 88
17 54 10 29 11 91 0 43 13 14 4 93 8 80 18 66 2 60 19 21 6 18 1 64 5 56 3 82 12 19 14 10 16 77 15 56 7 71 9 94
4 66 9 86 1 59 12 94 19 33 3 52 14 24 15 4 5 72 8 58 0 46 6 86 11 55 10 70 13 82 16 5 7 74 2 27 18 77 17 18
6 13 12 7 3 26 13 19 15 86 4 3 7 43 10 72 18 56 17 75 16 55 14 54 9 16 5 6 1 64 2 82 0 26 11 45 19 52 8 85
16 60 19 36 8 28 7 27 9 82 11 63 12 48 15 49 13 76 10 51 1 59 14 38 3 60 2 40 17 6 0 9 6 23 5 29 18 40 4 48
8 27 14 22 11 50 17 7 7 42 15 90 13 55 4 41 12 28 1 63 2 65 0 87 3 67 10 63 9 21 6 18 19 92 5 52 16 60 18 8
2 53 12 33 8 72 15 92 19 68 4 78 10 96 18 63 3 74 0 73 9 78 17 13 16 63 5 74 1 17 13 62 7 36 14 23 11 31 6 48
2 46 4 78 17 60 1 17 0 55 9 82 7 63 5 98 16 1 3 12 12 81 15 47 10 78 13 54 18 48 19 63 8 3 11 46 6 2 14 5
19 45 7 71 10 24 12 5 8 33 9 80 17 10 0 15 4 62 5 61 6 38 1 87 16 14 2 68 18 98 15 26 3 83 14 91 13 45 11 23
8 27 19 66 15 86 10 9 2 11 11 30 18 78 12 61 13 87 6 36 7 63 0 19 16 18 3 21 5 74 17 22 14 17 9 20 1 45 4 98
15 61 11 62 4 60 6 33 14 81 3 58 8 32 19 93 10 37 17 89 12 60 7 52 16 79 1 94 0 15 5 12 9 57 2 60 13 63 18 67
11 31 4 84 12 15 1 85 13 56 10 94 6 97 15 87 2 22 8 87 3 85 7 6 19 27 16 54 0 11 17 27 9 4 5 14 14 43 18 28
4 30 19 24 2 40 10 65 5 50 15 90 8 62 11 16 12 63 18 57 14 55 0 48 17 19 6 93 13 58 16 87 1 41 7 80 9 11 3 17
1 86 12 37 2 93 4 80 15 72 11 36 13 15 19 54 18 8 14 40 17 31 16 53 3 9 10 80 9 6 6 62 0 86 7 68 8 33 5 48
13 27 8 87 1 35 14 66 4 78 2 12 11 63 12 99 0 3 3 32 17 18 7 44 15 36 16 29 19 64 10 17 5 9 6 48 18 63 9 14
6 20 18 7 17 37 15 96 13 67 16 63 7 72 1 60 14 32 10 28 9 45 8 77 11 36 4 65 3 38 19 17 0 85 2 73 12 60 5 39
16 84 2 4 1 89 8 77 15 60 6 32 12 30 13 62 4 29 11 91 3 81 9 47 14 89 17 52 5 58 18 37 10 32 0 19 7 48 19 69
7 22 9 63 2 26 13 16 6 32 3 91 14 90 18 57 16 33 0 9 8 11 4 93 11 96 5 87 10 73 17 18 12 83 15 58 19 80 1 24
16 78 10 24 1 18 11 42 0 29 14 69 8 74 18 6 6 89 17 92 2 39 12 38 15 26 3 56 7 39 4 57 19 23 13 27 5 83 9 86
7 16 8 34 18 15 11 73 3 58 14 61 2 21 15 16 4 50 13 3 5 85 10 40 17 41 6 57 1 86 19 87 16 7 12 49 0 87 9 42
15 28 18 39 11 98 10 12 13 1 19 21 2 11 12 61 9 74 5 69 3 34 1 57 16 56 17 99 14 27 7 45 8 79 0 56 4 77 6 99
4 54 17 28 14 30 10 85 15 35 5 96 12 35 13 38 8 21 1 52 0 5 7 51 9 74 3 52 6 62 2 46 11 86 19 21 18 77 16 98
7 92 1 79 15 24 10 5 2 58 17 83 9 26 8 85 13 41 19 50 18 22 4 52 16 84 6 75 3 59 0 84 12 52 14 78 5 50 11 46
8 70 9 97 11 22 17 88 5 44 6 52 3 69 18 12 15 94 16 8 7 87 13 17 19 24 1 20 0 50 14 66 2 17 12 98 4 33 10 58
8 87 7 24 11 3 3 55 14 48 9 61 12 64 5 91 19 15 13 38 18 73 15 56 4 83 6 1 1 39 16 69 2 24 0 41 10 7 17 67
7 67 12 30 15 89 1 38 11 76 4 92 13 38 19 51 6 26 3 90 0 89 16 59 8 45 9 10 5 70 10 78 17 1 18 58 14 87 2 91
0 67 17 61 16 97 13 26 19 57 4 35 12 48 15 27 2 55 5 34 18 64 7 76 10 13 6 61 8 16 14 61 11 44 1 24 3 29 9 58
2 86 7 11 16 97 1 33 9 65 11 95 18 65 19 53 15 9 12 91 14 88 17 53 6 21 8 75 10 13 5 65 0 2 4 32 3 28 13 92
4 15 8 53 2 33 11 16 19 1 17 75 6 87 3 41 18 33 13 9 10 91 15 45 1 96 12 81 16 21 5 70 0 1 7 29 14 4 9 98
13 84 6 8 15 7 11 96 5 14 3 13 18 49 14 15 1 54 2 80 4 86 0 55 7 72 17 1 10 70 9 77 12 75 8 25 19 28 16 67
12 45 17 94 13 14 9 77 5 97 16 36 8 32 19 76 15 96 6 36 3 23 10 42 4 58 2 59 11 85 1 97 14 89 18 81 0 77 7 51
0 91 19 64 1 98 9 39 3 81 15 36 12 74 11 14 5 30 16 12 2 89 14 17 4 31 6 39 8 58 7 84 18 33 17 72 10 25 13 37
12 13 5 34 17 48 7 60 3 51 13 69 16 24 0 15 4 27 2 90 11 97 14 96 19 64 9 90 18 24 15 39 1 84 8 69 6 1 10 92
5 37 11 27 15 78 13 20 6 27 16 99 1 15 9 56 18 45 2 7 12 40 0 88 17 42 8 77 14 4 4 76 19 77 10 76 7 78 3 31
13 40 12 44 11 97 4 72 9 85 10 66 1 42 18 54 2 91 8 55 5 84 16 39 17 2 7 55 3 46 6 71 19 96 0 6 14 99 15 81
17 12 5 15 11 53 14 9 3 24 2 3 16 21 10 48 13 7 1 41 15 90 18 72 6 8 9 34 0 2 12 61 8 47 19 58 4 48 7 61
9 73 15 91 19 97 0 24 16 27 1 21 18 7 7 72 8 99 17 85 5 62 14 5 12 99 11 17 4 32 2 84 10 80 13 53 6 6 3 4
1 81 14 90 0 62 11 46 15 71 17 99 12 20 16 62 9 25 10 6 8 20 7 99 19 75 13 64 2 48 4 79 6 21 3 94 5 36 18 80
9 78 1 36 11 73 17 8 6 90 14 18 0 3 5 25 2 34 16 15 19 26 8 71 12 68 15 1 7 76 3 65 18 6 10 9 13 3 4 71
12 92 3 30 1 31 11 36 7 10 15 82 13 36 10 13 19 71 4 26 17 15 0 64 16 31 9 13 6 30 14 73 18 92 8 45 5 99 2 44
9 7 18 26 4 78 2 65 10 11 5 50 1 57 11 75 15 30 14 50 6 39 7 42 0 46 13 49 8 15 12 64 19 15 16 85 3 73 17 29
11 99 0 37 10 61 12 26 6 11 4 63 15 6 3 7 1 63 5 90 9 43 8 87 17 17 7 41 13 9 16 7 18 83 14 25 19 17 2 95
13 16 0 94 3 44 18 89 8 59 4 57 14 61 15 70 16 32 2 60 5 50 9 48 10 49 6 35 12 93 19 19 1 77 7 53 17 95 11 89
5 92 10 4 0 18 12 58 15 56 17 58 16 39 6 99 8 67 14 70 1 95 3 78 13 71 11 8 9 24 7 51 2 85 18 75 4 75 19 80
0 16 9 17 13 73 5 88 2 77 11 88 10 30 14 59 7 44 4 42 6 23 15 23 8 37 3 49 16 6 1 77 19 58 12 6 17 40 18 93
9 16 13 81 17 62 3 10 1 99 2 78 4 64 12 22 18 69 15 81 14 74 5 51 0 81 8 59 10 56 16 63 7 12 11 29 19 70 6 58
4 47 6 15 1 30 2 69 3 93 10 59 7 31 12 73 13 32 15 24 0 46 17 93 19 78 9 16 14 77 11 31 5 16 18 58 16 82 8 84
5 38 10 49 9 79 1 57 18 24 17 78 16 22 8 63 4 56 6 4 19 51 0 38 15 84 13 95 12 27 3 13 14 33 7 59 11 36 2 89
19 38 18 16 13 51 6 4 17 78 1 19 15 45 14 72 9 23 4 44 5 19 16 15 7 89 11 24 2 10 3 99 12 78 8 67 10 95 0 70
17 76 9 66 13 78 14 17 2 69 15 55 18 51 6 35 1 46 3 4 19 90 7 89 0 57 10 72 16 88 11 57 12 41 5 6 4 4 8 91
9 94 19 57 5 65 10 31 8 56 13 85 2 55 14 35 4 30 16 57 18 35 0 41 7 51 1 97 15 5 3 34 12 97 6 90 11 66 17 65
1 32 9 20 13 38 7 70 3 64 0 89 2 9 5 64 11 7 16 25 15 97 18 21 10 2 17 21 6 27 4 56 8 67 14 84 19 28 12 56
2 25 11 80 18 57 17 62 6 25 5 18 3 73 0 57 19 46 1 35 16 75 4 81 10 71 13 93 12 56 14 53 8 71 7 27 9 42 15 46
6 7 10 5 12 52 14 45 1 15 2 11 8 81 16 54 4 64 9 91 15 72 7 36 11 51 3 41 5 44 13 73 17 51 18 95 0 77 19 94
16 33 14 19 5 56 19 13 12 60 7 93 13 24 9 48 18 48 0 30 15 97 11 38 8 44 1 62 6 95 3 23 10 6 17 77 4 99 2 51
5 78 13 9 7 50 2 22 6 54 14 5 0 93 12 74 17 63 11 22 16 85 15 25 4 87 3 88 9 32 18 3 10 55 1 30 19 29 8 14
3 87 6 67 1 10 18 37 9 34 10 14 4 28 17 3 5 19 13 90 15 87 11 91 7 52 19 73 2 79 12 26 8 8 16 42 0 10 14 82
1 6 0 83 11 63 18 6 19 19 2 1 17 55 6 55 5 20 8 53 14 56 3 36 9 74 7 80 12 28 4 78 16 81 10 6 13 1 15 12
1 21 15 15 3 80 2 96 18 29 13 66 5 10 7 17 12 49 8 11 19 9 16 93 4 25 14 23 9 19 11 8 0 17 17 9 10 72 6 49
10 56 19 87 18 48 1 37 15 69 0 92 2 85 12 12 13 71 5 66 17 13 11 12 8 50 16 37 14 94 7 63 6 71 4 6 3 28 9 83
13 17 14 40 17 30 10 17 0 82 8 56 5 91 16 60 18 6 9 88 15 31 6 14 1 7 19 99 3 49 4 26 7 11 2 23 12 62 11 98
17 61 12 50 11 82 9 4 6 64 1 30 4 74 0 37 5 63 8 11 19 54 16 22 13 52 10 53 3 34 7 81 2 11 14 69 18 39 15 68
13 21 0 13 11 54 8 48 9 47 3 50 1 72 18 42 15 88 6 41 14 35 7 74 2 7 16 43 17 91 19 10 12 76 4 41 10 4 5 87
11 52 0 47 2 67 6 71 16 98 14 75 12 35 15 72 17 53 5 79 3 93 10 11 9 99 13 60 1 93 7 42 8 41 4 51 18 6 19 92
10 9 4 14 2 35 13 53 1 57 19 37 12 61 15 9 11 71 14 11 9 25 8 19 5 40 16 98 6 42 3 73 7 82 18 42 0 18 17 12
18 99 3 24 12 4 14 28 10 12 8 21 1 35 9 37 0 42 5 10 2 60 7 31 16 88 19 44 6 95 17 86 13 8 15 8 4 42 11 50
6 22 18 60 16 22 17 10 12 44 3 6 2 66 11 84 9 61 1 27 8 65 5 23 15 32 19 89 13 44 0 18 14 25 10 3 7 11 4 48
19 92 18 58 7 16 2 8 17 95 12 82 4 80 1 91 14 53 5 2 8 77 9 41 13 45 10 66 6 91 15 21 0 20 3 36 11 73 16 53
2 60 17 57 3 43 12 17 6 4 4 39 14 13 5 92 13 53 19 64 0 9 10 94 7 64 1 11 9 62 11 69 15 76 16 80 18 77 8 71
12 9 5 18 10 14 3 71 7 90 11 49 9 2 4 97 16 44 18 32 15 74 6 77 1 45 19 19 0 12 8 28 2 67 17 60 13 75 14 44
18 9 13 4 15 70 6 61 12 88 16 32 2 11 1 53 17 6 19 75 11 18 4 42 5 73 8 75 14 99 9 17 0 89 3 15 7 36 10 94
11 11 1 34 4 93 16 63 7 95 12 61 9 53 10 4 6 9 13 83 0 44 15 44 18 92 3 71 2 85 17 54 14 31 5 67 8 11 19 75
12 27 8 11 0 36 19 18 5 33 17 50 2 47 7 62 10 22 15 20 9 88 6 81 3 49 4 19 1 76 18 18 16 41 13 49 11 16 14 8
6 47 13 4 15 17 0 18 10 86 19 35 5 43 12 49 1 27 11 32 18 68 4 1 16 63 8 79 17 84 7 70 3 52 2 31 14 68 9 52
10 14 3 97 6 81 1 8 14 47 4 38 13 47 0 92 8 13 9 8 5 55 11 87 12 68 19 71 17 61 18 74 2 84 16 29 7 67 15 83
14 71 12 18 7 96 18 48 16 78 11 1 5 85 10 1 0 46 17 10 9 17 3 47 8 38 4 68 2 65 6 40 1 35 13 52 19 2 15 98
19 59 4 91 13 59 0 75 17 12 14 57 8 2 5 56 1 47 3 77 9 42 18 45 16 94 7 86 6 16 2 68 12 12 10 76 11 30 15 56
5 9 12 16 19 91 14 56 11 6 2 59 16 5 15 37 9 48 8 99 4 71 13 73 7 53 3 16 0 44 17 52 10 55 18 25 1 9 6 24
7 32 19 54 13 2 18 28 15 26 2 1 12 79 1 86 8 70 5 65 16 1 14 8 6 27 11 46 4 37 3 91 10 42 0 30 17 33 9 33
13 3 14 52 0 57 19 5 1 51 3 14 4 9 10 18 2 74 17 47 18 60 15 14 12 25 5 1 16 41 11 35 8 78 6 82 7 91 9 90
19 19 15 51 18 94 17 13 5 80 16 76 3 94 13 15 0 74 9 54 7 41 8 55 10 96 1 28 4 55 11 76 6 28 2 91 14 38 12 47
7 61 4 4 16 2 15 27 6 25 18 73 1 71 8 60 12 83 19 70 10 51 5 2 17 95 3 24 2 44 11 67 9 57 13 34 0 97 14 77
1 36 18 99 4 52 11 21 12 15 10 27 3 2 5 7 19 43 17 89 14 45 2 94 7 89 8 1 15 77 9 28 13 55 6 39 16 69 0 47
14 83 16 4 2 9 7 4 19 14 11 70 9 86 4 94 18 51 6 81 1 63 12 66 5 97 0 3 10 82 8 92 17 86 3 21 13 52 15 11
3 12 8 92 19 88 6 26 18 96 17 12 10 17 13 73 12 51 5 46 16 73 15 91 7 78 14 21 1 30 2 8 0 51 9 89 4 67 11 15
0 63 8 74 19 81 1 57 14 95 4 17 3 37 12 78 2 98 10 31 6 35 13 3 16 19 9 39 5 5 11 84 7 84 15 9 18 75 17 47
3 25 18 66 11 14 0 55 15 48 10 65 7 39 4 93 6 28 13 63 2 5 19 10 1 64 12 83 8 21 17 15 5 52 9 55 14 91 16 4
5 41 12 1 8 43 10 68 14 77 0 50 17 33 1 27 7 98 11 55 18 2 6 55 15 99 13 4 16 60 4 25 9 21 2 99 19 83 3 17
13 57 19 99 12 83 9 49 2 97 10 89 1 27 16 20 5 29 3 30 4 43 0 93 17 16 8 80 6 81 11 95 7 21 18 94 14 66 15 46
17 57 12 61 18 71 4 15 7 76 15 22 10 49 14 33 13 26 5 66 16 7 1 17 9 98 8 96 19 3 3 76 6 91 11 49 2 66 0 55
5 24 14 95 8 97 3 6 13 85 12 15 9 2 4 19 10 52 1 62 18 26 7 67 16 82 15 33 6 98 19 88 2 13 11 45 17 2 0 69
5 95 9 21 8 25 1 59 0 26 7 67 12 94 6 98 16 52 17 71 11 18 19 37 3 14 18 95 4 94 14 91 2 15 15 19 13 52 10 90
17 17 12 18 8 31 9 41 13 37 11 40 14 93 18 37 19 37 5 53 6 21 4 29 16 6 3 80 0 34 2 8 1 65 10 4 7 64 15 32
4 58 10 58 3 85 14 80 6 92 13 67 12 63 1 57 2 56 17 40 16 35 15 1 19 20 5 66 18 49 9 52 8 32 11 53 0 87 7 80
7 88 11 45 16 23 6 19 3 69 14 80 0 15 9 10 17 45 18 96 4 50 13 98 15 95 12 84 2 33 19 92 8 77 10 14 5 35 1 98
19 65 12 9 17 22 18 62 11 60 9 57 10 60 5 90 1 27 7 90 16 5 13 41 8 28 2 40 3 24 4 78 14 8 0 36 6 8 15 20
16 88 3 54 2 74 4 62 17 76 1 79 8 4 19 82 15 15 9 25 0 3 13 16 12 15 5 65 18 85 7 43 10 27 6 73 11 52 14 81
