100 20
1 41 19 13 12 24 10 18 2 4 8 24 0 66 16 96 5 77 17 53 9 36 13 9 11 11 14 65 6 7 18 3 3 78 4 99 15 12 7 72
2 17 19 20 10 91 5 30 13 49 8 49 18 48 9 15 4 43 12 77 14 5 7 8 16 53 6 52 3 96 0 13 17 72 11 49 15 90 1 15
10 59 3 41 5 96 18 47 1 36 7 31 15 47 8 95 19 13 9 12 2 84 14 45 13 95 0 58 6 62 11 49 4 5 17 58 16 23 12 58
14 43 4 58 17 67 11 33 13 70 6 77 9 66 8 49 16 50 18 35 10 5 19 63 15 34 7 41 3 99 12 45 5 86 2 70 1 29 0 42
0 45 4 79 17 89 18 3 16 75 13 2 12 98 15 43 14 84 5 51 8 37 6 66 10 96 11 84 3 19 7 58 1 60 19 21 9 58 2 96
6 40 13 36 9 85 15 97 17 26 1 52 4 7 8 39 7 50 19 11 5 72 2 55 3 79 10 21 14 95 16 12 12 41 11 7 18 14 0 26
5 86 4 51 15 61 16 93 0 37 12 43 7 54 8 20 6 44 18 48 13 23 2 50 14 91 17 40 19 61 9 93 10 81 1 93 3 47 11 39
4 68 13 33 14 45 17 66 15 27 12 64 1 24 11 77 19 22 8 47 9 3 2 47 18 52 7 91 6 64 5 41 16 91 0 8 3 16 10 87
7 17 11 78 15 40 0 12 16 44 3 23 17 24 1 48 12 73 18 21 19 98 13 45 9 33 5 67 6 90 2 52 14 39 10 26 8 69 4 12
16 59 13 48 7 9 10 90 1 86 15 9 8 49 19 58 18 24 17 23 12 10 0 63 6 34 9 98 4 48 14 65 5 88 11 68 3 64 2 93
11 23 16 58 12 31 2 9 9 91 19 23 3 5 18 4 17 27 1 13 15 65 13 6 7 33 6 10 14 63 4 47 8 25 5 1 0 22 10 72
2 36 0 71 4 28 13 95 17 76 14 13 6 23 11 7 3 57 15 71 19 1 1 43 7 22 8 53 5 40 12 99 9 90 10 81 16 65 18 10
2 20 8 93 15 92 18 30 6 82 7 48 0 53 11 33 1 62 17 16 12 31 5 33 13 5 19 93 3 19 14 78 9 99 16 71 10 94 4 71
18 18 13 23 19 37 5 97 9 76 11 62 17 73 3 81 15 78 0 81 2 13 8 13 1 63 6 81 12 86 4 88 7 37 10 15 14 91 16 27
4 84 2 98 14 84 8 78 9 32 7 44 12 38 19 58 15 46 0 41 3 98 16 78 11 91 17 39 10 44 1 72 5 91 18 87 13 53 6 22
7 65 1 70 15 94 0 44 3 95 13 97 5 17 18 77 8 98 12 20 17 15 2 35 16 52 4 76 11 54 6 72 14 30 10 43 9 81 19 32
13 74 14 77 18 12 7 16 19 17 3 10 8 52 5 54 4 72 0 59 6 44 17 51 11 44 9 91 2 22 12 83 1 98 16 64 15 87 10 61
5 52 19 7 9 83 14 29 3 83 6 18 2 3 18 74 1 48 10 5 12 66 16 85 15 30 4 25 0 15 13 9 8 48 17 77 7 52 11 39
10 85 5 6 6 17 18 18 8 51 2 97 13 87 4 36 19 30 11 69 9 55 15 34 3 82 16 84 17 74 0 34 7 92 12 10 1 52 14 63
8 71 9 80 18 64 0 22 7 89 3 46 16 70 14 96 11 3 4 41 5 98 10 33 2 10 15 1 17 16 12 10 6 97 13 87 1 62 19 16
9 92 14 89 19 3 1 70 11 11 5 11 7 55 15 54 2 79 18 1 0 92 16 34 13 22 4 85 10 74 17 29 12 86 8 92 3 13 6 72
1 57 10 48 13 26 5 56 4 89 12 20 11 98 8 63 17 19 2 2 16 18 18 82 15 36 19 10 0 57 6 79 9 40 14 37 7 80 3 80
8 2 12 24 13 49 6 92 17 94 7 37 2 57 14 94 1 1 10 8 19 22 18 14 0 90 3 26 9 38 11 50 4 16 15 10 16 81 5 24
16 5 3 39 12 6 15 42 19 81 18 43 6 44 2 87 10 37 5 53 8 98 13 67 1 31 17 20 9 96 7 70 11 92 0 7 4 69 14 97
0 24 18 83 12 47 11 21 16 40 15 59 6 82 5 39 9 60 4 96 7 61 13 21 3 74 17 67 10 58 1 44 14 12 8 81 2 8 19 95
13 41 12 39 8 5 4 57 16 39 6 13 14 61 2 98 3 80 9 96 7 94 11 21 5 97 0 80 19 44 17 56 18 48 10 31 1 5 15 50
11 3 6 27 18 28 3 78 5 32 1 22 15 80 16 54 7 66 13 43 14 89 17 74 4 48 8 29 9 4 10 47 0 6 19 77 12 96 2 17
9 88 11 44 19 22 7 31 16 89 18 30 14 79 13 60 1 85 4 98 15 11 8 62 5 40 17 10 6 96 2 26 10 38 12 16 3 91 0 45
0 37 16 18 12 79 14 87 19 98 1 66 9 64 15 20 17 30 5 3 13 18 11 35 7 96 8 3 6 10 2 96 18 78 3 35 10 9 4 69
7 10 9 67 6 71 8 8 16 51 11 57 14 97 10 31 3 79 1 73 15 10 0 5 17 34 18 10 19 67 5 72 12 60 13 96 2 39 4 8
19 67 0 14 4 61 17 83 11 54 15 81 12 60 10 85 16 64 7 12 6 19 2 37 5 20 3 94 14 9 9 41 18 83 13 35 1 33 8 96
14 7 2 68 3 80 16 35 4 27 18 10 8 43 1 29 0 86 15 90 11 17 13 32 17 43 5 72 7 69 19 24 6 7 12 11 9 81 10 36
5 46 14 89 10 33 1 51 16 32 9 56 15 31 18 44 4 16 19 16 11 12 2 6 17 23 13 4 7 80 12 14 3 4 6 73 8 45 0 25
4 40 14 72 13 87 6 58 0 41 5 15 9 73 7 91 8 27 17 28 11 86 19 2 12 53 15 84 10 17 1 55 16 33 3 75 18 3 2 2
14 9 17 98 19 66 6 82 7 41 0 30 18 28 10 54 2 28 5 17 4 35 11 5 12 37 9 47 8 59 3 48 13 42 15 66 16 22 1 31
15 10 16 54 17 21 19 73 2 57 12 68 4 64 7 50 6 35 14 95 9 91 0 26 5 27 1 84 10 56 18 46 8 84 13 59 11 37 3 75
12 72 4 84 10 56 16 62 18 11 11 28 6 56 3 48 17 90 2 54 0 16 19 55 7 38 13 45 9 99 1 58 8 73 15 69 5 75 14 5
16 55 13 99 18 23 11 25 0 90 15 10 8 99 2 16 14 18 6 16 4 20 3 19 5 93 17 76 7 21 19 86 1 37 9 92 12 98 10 21
7 24 3 4 1 47 16 16 13 85 11 4 5 84 18 73 6 15 14 96 8 98 15 89 2 37 9 22 19 21 4 59 12 75 0 30 10 15 17 45
10 52 13 75 6 63 11 66 17 50 18 30 19 99 1 21 0 30 16 15 4 81 5 11 8 16 3 7 12 73 7 57 15 13 2 81 14 85 9 99
3 71 17 34 12 93 1 49 4 19 0 2 19 57 18 53 15 64 16 10 6 49 7 59 5 17 8 3 10 6 13 39 11 12 14 33 9 54 2 91
17 39 12 56 18 47 10 87 3 39 0 40 4 12 1 25 7 47 9 44 13 64 14 64 15 20 5 35 11 82 19 33 16 58 8 47 2 83 6 21
16 82 19 98 10 16 3 14 2 4 11 85 4 73 0 36 9 41 14 84 13 87 12 61 15 38 17 47 6 18 7 12 5 50 1 56 8 89 18 85
6 77 17 79 10 22 16 84 2 14 4 21 3 30 18 41 19 91 14 20 5 79 15 62 7 8 13 66 8 50 12 16 1 84 9 64 11 11 0 73
5 55 3 8 4 54 11 66 14 14 2 82 13 52 15 19 16 67 8 31 19 27 17 18 9 13 6 37 0 29 1 89 7 33 12 51 10 66 18 31
5 48 2 64 15 57 17 98 18 69 9 51 8 43 3 8 1 46 14 62 6 48 11 97 19 30 16 8 13 66 0 99 12 21 7 86 4 15 10 2
11 36 5 28 4 36 15 5 7 72 0 98 10 34 6 58 8 74 19 44 2 5 16 3 14 16 18 11 1 7 3 26 12 68 9 25 13 34 17 98
16 66 15 81 4 61 7 52 8 54 9 40 1 98 5 84 2 26 10 70 19 69 0 34 17 78 14 67 6 5 13 11 11 27 18 77 12 59 3 64
15 13 5 14 12 20 16 4 1 89 13 53 3 21 8 27 4 33 14 27 11 41 10 44 7 64 17 51 0 70 6 53 19 18 18 71 2 23 9 71
19 17 17 31 10 87 6 11 9 68 13 7 0 38 3 20 8 54 4 84 14 46 11 57 15 84 2 33 7 62 1 66 12 2 18 9 16 75 5 81
12 89 3 1 9 35 4 89 7 29 11 24 17 76 8 21 16 82 18 16 10 78 5 23 15 59 6 96 1 90 2 67 14 92 19 77 13 15 0 62
18 44 19 11 16 85 12 4 0 17 8 62 6 23 7 96 10 6 3 48 4 87 11 21 2 96 15 51 1 38 14 19 17 62 9 83 5 29 13 47
5 74 12 81 19 44 15 71 16 19 6 61 13 34 18 89 4 75 8 39 2 67 17 48 10 68 9 81 1 20 0 21 3 5 14 83 7 97 11 41
4 64 2 11 18 30 13 27 14 91 5 98 8 10 1 85 9 22 3 45 10 11 19 38 0 2 6 75 12 63 7 34 11 24 16 37 15 11 17 27
13 25 8 2 1 62 4 73 12 15 2 68 3 92 6 88 19 3 0 61 14 32 15 27 11 77 16 86 7 71 5 46 17 93 9 77 10 13 18 4
10 62 8 86 12 4 11 1 0 55 16 92 3 60 5 79 6 10 17 96 18 85 9 22 13 76 1 33 14 60 15 37 7 38 4 91 2 21 19 87
0 5 18 35 17 97 15 80 19 16 2 55 14 49 3 5 11 77 5 46 9 15 8 57 12 71 4 13 7 14 16 48 1 10 10 32 13 28 6 62
19 84 0 53 3 24 13 75 12 83 9 43 5 83 7 6 17 21 15 60 11 95 1 34 6 21 4 83 18 86 8 71 14 38 16 37 2 73 10 87
8 43 11 98 17 89 18 50 6 10 5 90 2 35 0 25 7 46 15 76 19 74 9 51 10 51 4 25 3 21 12 27 13 54 16 65 14 81 1 46
9 63 15 16 7 97 8 6 11 98 18 23 13 74 3 41 0 31 1 18 17 60 5 85 2 58 10 92 16 80 4 17 6 12 14 86 12 22 19 76
7 76 3 12 13 62 9 23 0 88 5 17 2 91 8 94 10 5 19 11 1 38 14 83 17 47 4 20 16 9 6 47 12 17 11 30 18 98 15 46
15 29 13 92 5 53 0 42 18 57 17 41 7 49 3 73 1 43 12 80 4 39 9 2 14 56 8 95 11 9 16 54 6 72 10 9 19 52 2 88
13 90 11 35 17 21 18 53 14 69 2 63 10 92 0 5 16 13 1 78 15 53 9 46 12 20 4 59 5 73 7 53 3 18 19 2 6 86 8 62
7 70 12 46 13 20 8 13 1 91 19 79 9 50 14 49 17 70 4 92 5 7 3 99 10 49 16 92 15 2 18 50 0 6 2 76 6 29 11 55
9 19 17 16 0 38 1 21 15 37 19 30 11 2 7 15 12 50 13 10 16 63 5 18 8 78 18 52 2 75 14 7 4 76 3 53 10 85 6 26
8 63 14 2 7 35 13 21 17 47 15 58 11 73 12 96 1 84 19 91 0 10 2 48 5 96 16 50 10 6 18 85 9 65 3 86 4 2 6 92
6 71 0 22 9 80 5 74 15 26 18 15 16 25 7 91 12 77 14 95 10 63 11 43 3 72 8 52 4 29 13 71 1 3 17 43 2 92 19 24
12 6 17 85 3 86 13 18 2 73 0 26 14 77 9 67 11 93 18 44 10 56 6 71 4 75 1 50 7 40 5 76 19 13 8 43 16 29 15 91
2 98 9 93 8 61 13 24 0 4 7 58 16 49 19 96 5 8 10 36 12 47 4 78 15 44 1 39 18 32 11 63 6 21 14 60 3 53 17 74
17 82 1 66 2 91 10 91 12 89 5 47 19 47 7 76 14 20 3 60 4 35 9 24 8 45 11 43 0 21 6 23 16 27 13 77 15 28 18 9
18 72 12 56 15 28 2 29 3 95 1 76 19 65 16 45 5 7 6 33 11 58 9 29 7 13 4 41 17 76 0 60 14 90 10 10 8 57 13 98
8 15 17 84 19 89 5 53 16 92 3 14 18 14 11 38 1 40 2 28 14 82 6 4 0 85 4 82 12 87 15 44 10 87 7 3 13 63 9 58
4 43 13 50 8 31 17 34 9 23 16 19 19 79 18 43 14 64 12 10 5 58 7 27 2 54 0 80 11 86 10 47 3 9 15 21 6 33 1 88
18 84 10 7 14 39 6 64 8 28 4 10 16 72 0 88 9 70 2 85 15 5 17 33 19 63 11 38 7 60 1 91 3 12 12 95 13 28 5 50
1 77 3 26 16 65 15 53 10 27 14 40 11 97 0 83 6 43 19 98 2 49 4 12 5 50 18 36 7 47 9 4 17 13 8 77 12 4 13 56
5 45 6 25 11 55 1 86 15 52 3 18 0 82 13 64 9 83 10 41 14 20 17 67 2 35 18 17 7 16 19 75 4 17 16 41 8 55 12 23
9 72 14 38 16 67 0 39 17 55 18 31 11 19 19 46 15 73 7 87 13 44 2 45 1 35 3 96 10 69 12 8 4 73 6 37 5 12 8 20
6 48 15 34 3 89 16 6 8 2 19 37 13 87 10 74 1 93 4 1 11 24 5 16 12 88 0 48 14 94 7 96 9 28 2 30 17 39 18 34
9 33 15 3 8 62 6 43 7 32 4 29 0 44 12 77 16 30 14 76 5 39 11 63 1 57 19 49 18 66 13 53 3 53 17 36 2 65 10 33
4 76 1 12 8 8 7 29 2 11 17 85 13 15 14 7 16 39 10 59 15 91 5 2 19 87 9 52 18 24 12 18 6 64 3 38 0 87 11 2
15 60 9 14 16 73 7 99 11 10 2 49 5 73 19 41 6 29 12 6 0 32 3 20 14 12 17 96 8 39 18 25 13 89 10 9 4 30 1 62
12 17 8 88 4 54 10 13 6 59 2 70 0 81 15 77 14 99 3 50 11 19 17 62 7 99 19 95 18 96 5 42 1 65 13 78 16 99 9 69
7 55 9 58 4 2 17 3 5 41 10 39 13 35 6 85 11 97 2 17 16 68 19 82 1 42 3 44 0 93 12 82 8 91 18 51 14 96 15 51
1 92 2 79 12 3 14 17 15 86 16 65 18 50 13 17 6 2 0 82 5 20 10 98 3 90 19 27 8 76 11 57 7 80 4 38 17 37 9 72
2 80 13 3 11 53 17 56 9 68 14 10 10 35 15 39 4 44 5 42 7 21 3 34 12 27 16 10 1 73 0 19 8 19 19 18 6 66 18 65
18 32 16 20 6 42 8 81 0 23 10 1 19 85 1 75 17 75 12 16 9 55 7 57 3 38 11 68 5 76 14 7 13 92 15 86 4 29 2 65
1 28 18 97 14 79 9 53 11 38 3 46 8 14 7 77 10 27 12 70 17 40 5 56 19 59 13 82 4 37 2 59 15 64 6 24 0 53 16 91
10 93 18 50 13 87 1 24 6 38 14 67 0 61 7 18 19 22 15 90 8 8 9 39 11 66 16 83 12 84 5 71 17 82 4 26 2 28 3 37
8 73 17 42 4 80 15 81 5 91 1 55 16 25 19 84 9 84 6 94 12 91 10 11 7 53 11 44 0 21 13 4 14 49 18 88 2 75 3 31
2 17 12 89 0 10 8 96 5 84 11 65 19 83 14 66 13 30 7 71 17 91 1 68 18 21 3 24 6 12 16 1 9 29 4 11 10 61 15 35
13 34 15 47 1 23 5 74 12 18 4 71 9 62 8 84 17 10 14 84 6 55 10 27 0 74 2 39 19 72 3 62 18 84 7 82 11 49 16 85
19 78 12 45 5 96 6 73 18 79 3 7 15 99 0 62 16 61 8 6 10 78 17 71 7 50 1 51 11 38 13 44 14 69 9 68 2 51 4 66
0 54 3 27 17 82 16 82 8 41 5 68 6 64 7 58 4 33 1 85 18 20 9 26 10 97 15 40 12 28 14 91 19 58 2 55 11 37 13 91
8 11 13 95 7 35 10 78 15 33 3 24 17 96 12 22 11 50 6 81 18 58 9 4 2 48 5 8 14 73 1 87 4 58 16 97 0 60 19 49
1 30 2 5 16 84 11 74 0 7 5 49 6 79 9 64 7 97 18 89 4 31 3 53 13 2 15 9 14 22 12 93 8 27 19 33 17 26 10 21
2 93 1 73 18 71 16 36 10 20 17 22 19 56 7 15 13 91 11 47 14 93 8 11 12 2 4 42 5 31 9 91 0 57 6 35 3 28 15 25
0 80 18 75 6 42 1 24 8 89 12 76 5 53 11 88 17 32 19 42 15 79 13 67 16 88 14 27 7 71 10 33 9 70 2 51 3 75 4 55
9 73 8 95 13 50 3 85 1 42 12 9 19 46 2 94 0 16 17 77 11 68 14 69 6 15 4 47 18 46 5 42 16 96 10 88 15 82 7 41
8 67 0 22 13 37 1 14 9 83 5 51 15 76 12 2 4 23 19 22 2 72 3 8 11 17 7 88 17 19 10 44 18 54 6 36 16 99 14 66
5 44 2 71 9 8 14 87 4 55 11 58 8 62 7 50 13 80 12 24 16 83 17 38 10 60 15 50 18 61 1 53 6 88 19 55 0 50 3 87
