100 20
10 21 0 42 4 76 9 99 19 80 14 73 1 95 3 50 11 14 12 63 17 45 16 5 7 64 2 99 15 55 5 4 6 11 13 21 18 65 8 39
4 90 7 96 17 99 8 30 5 59 14 3 1 19 11 81 2 87 6 22 19 75 18 21 0 52 16 60 3 43 10 36 9 16 13 44 15 80 12 86
17 3 11 43 16 76 15 96 14 76 8 91 9 16 13 99 0 2 2 74 18 53 3 87 4 22 6 38 5 73 12 82 10 79 7 52 19 13 1 5
4 18 8 8 2 69 14 25 11 56 12 23 5 11 19 82 6 32 13 96 18 88 1 96 16 84 10 68 17 63 3 38 15 61 7 8 0 72 9 80
12 1 0 49 7 59 15 54 16 14 8 30 9 80 4 77 2 27 1 15 17 33 5 28 3 40 13 57 11 88 6 41 19 39 18 24 10 8 14 80
6 16 11 64 16 17 9 39 2 69 15 73 19 73 14 73 17 71 1 40 13 22 7 5 12 32 10 19 18 28 4 59 8 60 3 62 0 44 5 38
13 9 19 61 10 22 12 75 17 20 15 20 1 71 11 11 18 47 0 35 4 90 2 47 6 59 7 2 14 92 9 56 5 89 3 30 8 47 16 22
7 38 5 3 6 54 4 25 14 40 1 32 8 61 2 57 12 86 19 80 10 85 9 41 16 25 17 85 11 30 15 19 0 28 18 10 3 83 13 34
18 74 12 38 19 55 9 40 13 68 6 62 2 77 11 13 15 22 10 16 0 91 8 68 7 55 4 10 1 53 17 94 14 13 5 96 3 87 16 32
11 43 16 69 15 70 5 43 14 95 18 25 17 40 6 46 2 66 4 59 12 96 9 73 10 63 3 20 8 6 0 14 13 15 1 28 7 95 19 17
8 40 10 8 2 66 0 93 1 26 15 44 18 98 16 75 4 27 9 21 5 32 14 54 12 61 13 17 6 81 7 26 3 89 17 66 11 79 19 49
15 21 19 98 7 96 18 2 3 33 14 3 11 51 5 60 6 5 8 64 12 44 10 76 4 63 2 46 9 40 1 71 17 29 16 97 13 5 0 61
16 98 3 93 0 10 10 48 7 69 15 29 19 65 5 51 4 27 18 47 13 19 11 58 14 99 12 41 9 71 17 90 1 39 6 24 2 99 8 21
16 39 3 22 17 37 19 54 6 20 13 98 8 74 5 40 0 66 7 43 1 91 9 81 14 83 11 67 2 16 4 7 10 39 15 2 12 76 18 68
3 66 4 32 9 35 17 92 2 50 7 40 16 95 14 97 12 26 10 95 13 71 0 46 5 59 11 14 6 56 15 85 8 34 1 46 19 15 18 27
2 30 12 50 15 25 17 3 11 8 1 76 14 75 3 30 7 18 8 30 9 76 5 68 13 52 18 2 6 17 4 62 0 60 19 56 10 90 16 66
6 17 18 84 4 14 5 22 12 94 3 35 2 65 17 49 0 85 1 11 9 63 19 2 8 79 11 58 7 74 16 37 10 17 14 75 13 98 15 29
12 6 15 57 6 62 0 32 11 21 3 80 7 68 16 76 2 15 19 55 10 12 9 82 13 25 14 75 18 60 17 2 1 95 4 48 8 56 5 2
10 88 16 86 2 62 0 52 9 3 18 53 17 89 19 67 1 24 6 41 14 12 8 92 7 4 12 56 11 75 5 12 13 58 15 86 4 16 3 88
1 48 8 59 15 17 4 50 7 68 0 34 6 82 19 40 14 92 11 98 16 87 3 87 12 61 2 7 9 44 10 23 17 86 13 51 18 90 5 89
17 54 6 45 5 9 4 56 7 66 19 2 2 78 12 98 16 82 11 34 18 31 8 43 13 45 0 62 3 3 9 56 14 20 15 67 10 82 1 21
2 40 11 85 19 89 1 75 12 20 9 30 4 68 7 81 14 80 3 37 15 90 18 88 8 11 0 51 17 37 10 74 16 82 5 11 6 13 13 89
3 13 6 36 5 39 11 9 16 8 17 63 19 12 15 8 0 38 7 49 1 71 8 53 18 24 13 48 10 33 4 91 2 57 14 14 12 31 9 26
9 88 17 14 13 30 11 73 10 68 15 20 19 72 1 9 2 73 14 16 16 17 3 82 7 21 12 5 6 50 8 25 0 30 5 22 18 88 4 74
19 72 7 80 2 59 13 78 10 6 14 27 17 24 15 44 0 49 3 25 6 8 4 4 18 2 11 35 5 96 16 53 8 73 1 73 9 26 12 90
19 86 17 52 3 15 12 13 13 18 15 25 16 73 14 68 10 28 8 18 2 14 4 87 9 68 1 70 7 5 0 91 18 71 6 98 5 2 11 95
19 85 10 68 14 12 0 91 16 50 2 36 9 57 7 13 4 34 6 65 5 74 18 47 15 34 13 77 11 93 8 48 17 93 1 40 3 50 12 4
10 97 4 72 0 9 6 53 18 90 9 20 16 89 2 58 3 96 8 65 13 65 17 45 12 76 1 73 5 58 11 29 7 29 15 23 14 82 19 47
16 17 12 71 9 67 4 39 19 89 2 9 8 56 17 27 0 59 1 19 10 83 7 93 6 34 15 79 14 30 3 72 18 77 5 16 11 45 13 54
13 87 4 60 3 63 17 36 18 28 9 66 7 13 8 67 19 7 15 41 14 57 16 76 2 67 6 89 12 95 10 23 11 81 5 51 1 77 0 86
9 36 19 18 11 56 6 28 8 41 17 59 7 79 1 75 12 71 2 81 5 64 14 35 3 47 10 48 16 43 0 61 13 67 4 59 18 59 15 58
2 92 10 48 3 77 19 90 4 8 5 15 12 3 0 23 9 37 15 74 13 55 7 52 6 69 8 13 1 29 14 91 11 22 17 18 16 78 18 5
14 36 15 56 0 78 6 17 9 80 13 27 18 79 19 94 17 50 2 19 11 80 3 85 8 19 10 88 7 26 4 80 5 24 1 2 12 55 16 61
15 39 8 61 0 12 4 90 11 6 1 61 19 97 6 59 17 12 5 19 18 33 13 83 7 97 16 40 2 42 12 26 9 35 3 11 14 7 10 46
4 93 2 71 11 57 18 84 7 35 17 44 5 21 3 44 10 60 19 2 12 82 16 79 1 63 6 27 13 25 14 35 8 10 15 14 9 22 0 31
12 75 4 83 18 3 2 81 11 46 6 24 1 96 5 38 19 34 9 8 7 20 15 77 13 78 3 33 0 29 8 57 14 39 10 67 16 69 17 20
19 1 9 54 4 87 15 87 18 84 7 95 12 36 16 9 6 13 8 99 2 69 14 58 1 87 13 54 0 6 5 89 17 19 11 78 3 52 10 20
4 73 17 65 14 42 13 70 3 4 18 2 19 59 2 18 0 7 10 80 1 12 15 80 6 46 8 12 16 3 7 74 5 19 12 2 9 88 11 8
8 86 16 17 1 2 9 97 11 77 12 95 18 69 17 69 13 32 6 23 3 74 14 84 10 95 4 21 7 81 19 6 5 97 0 77 15 70 2 77
2 90 11 95 5 77 4 13 19 28 3 33 16 24 6 36 18 79 8 9 12 83 10 90 13 14 9 29 15 79 0 62 1 70 17 68 7 91 14 80
5 79 6 55 12 58 15 18 18 59 7 20 4 56 11 95 3 72 8 67 0 96 14 52 2 69 19 12 1 47 16 78 13 49 10 42 17 13 9 60
5 31 18 28 6 29 16 67 15 58 13 74 19 99 1 63 8 61 4 20 0 59 2 82 10 62 3 10 14 37 7 17 9 51 12 53 17 58 11 24
19 74 0 28 17 54 9 60 4 55 2 36 14 13 18 48 5 9 3 23 6 24 11 86 16 6 1 18 15 32 12 35 10 54 7 42 13 46 8 32
10 37 6 37 12 88 11 65 17 67 14 96 16 95 13 83 8 23 7 8 5 67 9 27 0 66 19 34 4 91 2 37 3 59 18 15 1 90 15 94
10 97 5 58 6 42 11 94 8 40 1 91 7 26 16 20 3 44 19 15 15 52 14 62 13 52 0 48 17 9 4 2 12 96 2 66 18 46 9 60
8 86 0 27 15 26 5 86 3 4 18 66 13 62 2 28 1 86 9 42 12 12 4 56 16 2 7 49 14 77 17 87 11 84 10 93 6 84 19 55
7 52 13 18 3 1 12 91 4 61 2 60 16 9 11 76 10 64 1 99 0 28 15 96 17 51 5 67 19 69 14 55 8 28 9 41 6 66 18 40
0 75 2 24 7 85 13 44 10 89 14 58 3 31 5 41 19 60 1 54 12 79 18 93 4 89 15 13 8 16 6 25 11 30 17 56 9 83 16 31
3 34 7 56 6 97 14 35 18 82 5 15 8 57 11 83 17 21 16 54 12 71 0 80 10 78 4 49 19 91 2 37 15 67 1 5 13 81 9 43
16 74 8 1 6 12 7 97 10 29 0 52 18 23 9 85 13 72 19 67 11 73 14 83 12 50 15 20 17 62 3 46 2 92 1 74 5 67 4 37
12 10 17 91 4 35 2 44 13 20 18 49 16 93 15 40 5 48 6 96 10 19 7 12 3 59 8 24 14 81 1 95 19 83 11 79 0 52 9 92
6 39 11 89 7 88 0 17 10 10 8 29 4 51 18 46 2 84 19 64 1 23 15 26 9 35 12 45 3 95 17 71 14 19 13 98 16 41 5 63
14 21 3 62 10 73 18 81 11 56 13 85 2 83 16 67 12 37 7 17 5 55 1 90 4 24 6 55 8 59 9 4 0 73 17 11 15 4 19 35
15 68 14 23 18 12 17 77 19 45 10 21 2 14 8 50 11 89 6 19 0 82 12 95 5 60 7 23 1 45 4 85 16 54 9 77 13 70 3 41
18 81 4 91 16 41 8 48 5 17 1 82 12 47 3 27 7 20 9 82 6 40 19 88 13 81 2 96 0 86 10 41 14 47 17 25 11 30 15 21
2 51 18 65 9 91 13 82 11 42 7 58 5 92 17 96 3 53 0 50 19 58 10 73 1 21 16 70 4 28 14 15 12 47 8 80 6 38 15 91
2 53 15 61 9 22 16 13 6 82 5 18 0 59 14 4 1 37 18 6 4 19 7 29 3 4 13 47 8 89 10 63 11 88 19 29 17 48 12 55
15 99 2 14 3 58 12 48 11 8 17 34 7 50 8 38 9 33 5 84 4 74 18 10 6 48 10 9 0 90 19 98 16 49 14 83 13 28 1 59
14 2 18 6 9 51 0 74 7 78 8 32 17 96 4 6 12 91 16 42 1 25 11 41 19 17 5 55 13 38 6 97 3 60 10 65 15 89 2 98
18 38 7 33 4 5 12 30 8 75 19 23 6 91 15 41 16 50 9 67 11 69 10 19 3 83 13 7 0 63 2 20 5 1 1 85 14 89 17 85
18 82 15 83 17 45 10 23 1 34 7 50 4 50 0 57 8 26 6 67 5 4 11 9 14 37 12 75 9 59 2 44 19 52 3 64 13 90 16 54
17 7 5 67 14 51 8 22 11 7 12 20 4 29 10 31 6 5 13 26 7 24 0 42 15 65 1 49 2 24 18 8 9 36 3 15 16 41 19 8
14 3 16 26 13 14 5 87 4 98 10 13 3 91 18 34 1 79 8 82 15 49 11 45 17 53 2 42 9 42 6 70 12 46 0 71 19 18 7 63
15 90 3 82 9 25 18 85 4 39 17 25 16 63 5 45 12 25 6 17 19 19 8 9 7 43 14 26 11 75 1 63 0 23 2 94 13 59 10 7
11 70 15 31 10 32 14 65 0 78 1 83 12 67 19 85 6 92 13 44 5 83 2 83 18 29 8 36 16 47 9 14 3 58 17 36 7 85 4 62
1 50 18 47 15 71 4 9 0 48 8 9 13 37 11 9 19 37 6 20 7 70 10 84 17 15 14 58 5 94 9 10 12 31 3 73 16 99 2 17
16 86 15 36 19 75 7 46 13 63 14 6 3 79 2 16 12 66 1 27 8 76 6 77 4 39 10 82 18 78 0 13 5 21 11 49 9 28 17 76
17 39 3 16 2 67 9 23 11 23 13 25 1 18 10 68 12 99 8 15 6 92 7 36 19 51 5 27 4 64 15 1 0 78 18 43 16 43 14 50
11 19 0 38 7 49 15 69 12 67 5 26 1 38 16 2 2 92 17 44 4 21 6 33 18 19 13 82 19 96 8 57 10 31 14 6 9 30 3 8
10 27 6 4 1 43 12 29 3 26 11 6 8 36 17 52 0 50 7 53 2 87 5 85 9 51 15 15 13 20 14 94 19 70 16 49 4 51 18 1
11 25 3 64 12 50 1 2 19 44 4 31 10 42 18 91 15 95 7 62 6 83 5 29 2 56 16 72 14 14 13 88 17 13 9 57 8 72 0 34
3 16 13 65 8 35 7 17 4 82 5 64 0 92 16 5 1 59 19 87 6 24 12 61 18 3 2 82 15 14 17 13 10 53 11 85 14 6 9 99
11 13 16 30 3 46 8 1 2 73 18 90 7 32 6 1 19 60 13 10 15 85 9 54 12 61 4 22 0 13 14 86 5 38 10 48 17 8 1 11
9 45 4 4 14 13 16 14 1 39 2 92 11 69 0 50 10 52 8 88 18 59 6 1 7 62 12 78 19 91 5 51 13 95 15 65 17 76 3 90
11 33 1 80 0 32 9 77 14 70 17 16 7 17 3 79 12 68 8 14 10 45 6 9 2 40 4 14 5 76 16 59 18 95 13 93 19 44 15 55
13 71 5 62 12 86 14 58 18 19 2 79 16 55 17 67 10 45 4 21 11 42 9 16 3 6 15 31 0 72 19 37 7 71 6 79 1 48 8 54
9 43 11 87 1 84 15 86 17 91 18 72 12 78 6 71 16 73 7 49 8 41 4 73 14 63 2 16 5 21 10 52 19 72 0 53 13 85 3 84
18 3 17 48 9 12 16 7 2 72 7 37 5 96 10 65 14 61 1 78 19 55 8 18 3 27 6 16 15 45 12 39 4 48 11 27 0 84 13 75
9 42 16 61 15 97 7 55 6 34 4 67 12 85 5 61 8 33 2 1 13 33 11 25 3 44 19 44 0 54 1 9 10 97 18 71 17 50 14 68
13 19 3 3 8 60 11 6 1 59 18 31 19 53 17 86 12 22 10 71 15 95 4 75 7 69 2 11 5 3 14 42 16 81 6 62 9 67 0 88
6 8 14 2 1 80 5 75 10 57 0 20 9 68 13 94 12 92 16 74 3 10 19 54 15 41 4 98 7 18 8 82 11 15 17 82 18 71 2 52
18 25 14 7 15 13 4 70 13 16 0 71 5 49 10 36 6 74 1 89 16 57 7 95 2 10 11 97 12 60 19 92 17 43 9 28 3 3 8 63
10 33 11 97 1 11 7 38 0 33 14 62 8 45 15 78 13 76 18 84 17 9 6 17 4 41 2 81 3 19 12 85 9 10 19 73 16 10 5 52
1 76 17 43 9 58 16 44 7 16 5 21 14 24 18 29 8 49 12 45 19 65 11 61 15 61 2 31 3 86 4 69 0 77 13 53 10 48 6 54
3 59 18 44 15 11 19 41 14 70 11 20 13 51 9 44 7 76 16 71 0 22 12 59 6 68 4 7 8 90 1 44 10 83 2 37 17 48 5 68
18 45 8 56 12 85 2 6 14 23 17 4 9 96 3 6 0 75 19 6 5 3 16 8 6 93 15 59 1 93 10 96 7 61 11 87 4 97 13 40
19 47 5 62 2 5 18 98 17 14 15 62 11 8 13 66 10 17 8 32 4 74 7 88 9 33 14 49 16 6 1 53 12 78 3 49 0 16 6 83
1 51 5 78 8 39 14 8 16 46 10 55 19 38 6 50 9 68 13 25 2 40 11 50 4 23 7 29 15 79 18 57 17 49 0 7 12 4 3 36
2 30 6 48 5 17 1 22 0 7 7 70 8 12 13 3 3 68 17 33 16 36 9 22 12 27 14 73 4 44 15 61 11 51 19 75 10 10 18 14
11 20 17 10 16 78 12 96 18 60 7 65 0 52 13 9 5 38 8 66 10 17 1 70 15 87 3 6 6 82 19 34 9 28 4 17 14 27 2 46
2 41 7 94 19 79 15 65 6 46 0 47 10 81 4 84 8 43 16 23 3 21 5 61 11 86 13 66 12 91 17 40 18 40 9 48 1 13 14 84
12 71 3 84 18 13 8 98 4 84 0 17 14 92 7 84 10 19 11 12 19 4 13 31 17 24 16 4 15 21 6 80 1 2 9 89 2 35 5 31
9 60 18 88 10 76 14 33 19 55 16 63 4 76 6 11 17 17 13 13 0 9 3 52 5 97 1 24 7 60 15 93 12 72 11 70 2 82 8 27
16 1 19 62 6 42 17 76 2 70 4 83 15 40 7 16 1 27 3 26 5 67 14 21 0 85 8 90 11 72 9 61 18 21 10 86 12 31 13 20
14 46 8 55 4 75 3 38 0 90 10 31 5 62 7 36 17 38 1 50 6 75 15 95 18 40 12 61 16 11 19 69 11 78 9 50 13 96 2 13
12 94 2 10 10 97 6 41 18 78 0 4 11 99 15 28 3 94 8 7 13 7 7 69 5 13 4 8 1 31 19 12 17 58 16 33 9 52 14 21
19 5 17 68 11 46 16 87 4 57 0 70 6 93 1 46 15 80 14 47 3 33 10 51 18 70 5 35 7 33 2 31 12 97 8 61 13 33 9 63
5 72 19 3 17 74 7 42 1 77 0 21 6 76 13 15 10 44 2 58 16 35 15 22 18 73 11 98 9 74 12 17 3 45 14 72 8 24 4 57
12 96 17 90 18 37 9 42 5 85 7 7 2 64 15 82 14 52 13 33 1 37 0 59 3 14 11 77 19 1 10 66 16 86 8 34 4 85 6 22
1 74 0 87 12 16 16 21 6 25 14 53 18 68 19 39 4 68 2 7 10 7 17 24 7 50 9 54 5 60 11 30 15 70 13 34 8 12 3 41
