100 20
15 54 0 79 3 94 16 45 12 75 2 65 9 95 18 89 11 96 6 3 4 75 8 35 19 3 1 77 14 38 5 60 17 17 10 12 7 75 13 89
7 72 16 1 18 91 15 99 14 76 6 40 13 92 4 65 10 45 5 31 8 89 0 79 19 8 2 84 17 95 9 95 12 31 11 62 1 8 3 18
11 16 4 39 2 77 9 68 18 90 13 29 0 18 14 46 7 45 16 6 8 10 5 61 1 17 3 74 19 51 12 41 17 33 6 14 10 8 15 62
0 50 5 28 17 74 7 18 2 85 6 78 16 4 13 9 1 97 15 38 12 1 18 52 11 65 4 71 9 28 3 14 10 67 8 68 19 97 14 56
4 90 13 56 8 63 14 80 12 73 0 54 18 90 7 29 5 9 17 24 2 64 1 20 9 30 3 63 15 72 10 5 6 88 16 55 19 44 11 22
9 89 2 90 17 36 3 55 0 70 4 68 12 2 5 81 13 69 16 67 1 4 14 94 7 22 15 41 10 40 6 9 11 45 8 40 18 5 19 55
1 18 17 19 19 12 15 56 18 22 16 10 8 1 7 50 4 36 6 70 0 16 13 95 11 18 10 8 9 70 14 2 2 31 5 60 3 61 12 78
8 1 6 72 0 52 10 49 18 10 12 71 19 83 16 98 9 11 1 68 5 17 15 61 7 2 17 55 14 72 13 40 4 95 11 84 3 10 2 74
5 35 3 89 12 95 15 25 2 1 18 98 7 84 1 29 9 13 4 5 13 59 10 49 11 24 0 21 6 43 14 60 8 46 19 80 16 4 17 56
7 15 0 58 10 80 18 63 15 41 17 97 14 72 13 65 9 46 3 77 5 29 16 86 8 2 6 4 1 16 2 36 12 38 11 51 4 83 19 96
9 78 2 5 18 14 6 86 8 36 7 87 11 65 0 86 19 2 16 98 10 10 1 36 15 32 13 40 14 50 4 55 3 78 5 65 12 11 17 52
9 41 12 68 7 45 11 12 8 67 2 62 4 57 19 45 0 90 6 61 17 57 14 94 13 39 10 50 5 91 3 54 16 14 15 74 18 79 1 73
4 23 3 37 2 58 8 48 18 2 9 80 5 44 12 96 10 90 16 3 1 40 7 18 13 78 14 78 15 17 11 56 19 50 0 93 17 79 6 82
17 53 15 30 16 21 5 63 7 58 2 35 4 30 18 95 0 20 14 38 13 59 19 45 6 44 11 61 3 22 12 75 8 40 10 58 9 74 1 21
6 91 15 31 0 48 19 18 11 75 14 55 7 33 8 49 3 9 16 61 10 82 1 79 12 41 17 19 4 45 13 17 9 97 18 46 2 9 5 98
9 21 17 68 3 60 8 84 16 61 7 4 13 55 0 81 19 23 18 4 14 1 1 3 6 32 5 73 15 72 2 15 10 33 4 12 12 5 11 33
12 75 4 89 9 34 5 84 2 97 8 34 13 97 1 31 11 59 18 41 19 25 17 75 7 38 14 59 6 51 16 97 3 77 15 96 0 2 10 44
15 92 19 27 4 84 10 16 1 45 13 78 16 96 5 83 2 80 7 57 12 6 17 59 8 86 18 46 0 74 11 54 6 78 14 21 9 96 3 80
3 19 16 32 13 68 18 38 1 18 7 52 15 39 11 62 5 61 17 57 2 97 8 82 10 53 6 80 14 62 19 69 4 98 0 28 12 20 9 86
11 55 16 85 12 67 17 20 15 93 1 36 10 81 19 18 9 77 7 38 2 14 5 78 6 53 18 48 8 26 13 18 0 53 4 73 3 78 14 50
2 92 9 43 6 91 7 25 10 94 17 72 12 72 13 14 16 64 8 88 3 82 1 54 18 32 14 58 19 51 15 22 5 92 11 1 0 7 4 85
15 85 9 71 2 13 16 83 11 75 19 56 7 83 0 53 12 17 18 55 13 17 1 67 17 56 14 20 6 66 4 54 5 71 8 61 10 21 3 81
6 84 3 63 18 94 19 52 17 95 4 59 1 84 11 96 2 78 8 38 7 17 5 91 12 90 9 21 16 3 15 78 13 4 0 98 10 41 14 1
14 95 7 85 1 35 11 27 16 33 15 63 10 70 3 9 8 84 18 10 13 2 2 97 12 1 9 53 5 85 6 40 0 88 4 19 19 29 17 33
3 93 15 32 19 24 7 41 14 32 17 56 2 3 11 47 4 35 13 68 5 47 18 6 8 37 6 85 10 49 12 9 1 94 0 26 9 33 16 71
13 82 3 90 1 43 11 80 10 55 15 36 18 90 4 7 7 59 2 55 19 85 6 51 5 79 17 20 0 47 9 90 16 72 12 42 8 49 14 29
2 99 19 3 9 31 14 57 12 7 1 79 0 78 10 39 3 45 18 27 6 81 17 50 5 58 16 36 4 85 8 67 7 77 13 89 11 81 15 34
11 7 12 71 6 89 16 40 13 86 18 86 17 69 5 35 19 25 10 33 9 97 2 2 15 71 8 9 4 29 0 10 14 86 1 86 3 19 7 60
7 21 16 83 1 10 13 61 4 98 17 88 2 74 3 92 5 46 18 17 11 92 6 34 12 29 19 88 14 45 8 82 9 86 15 50 10 45 0 24
0 11 3 42 10 5 18 25 12 37 7 7 9 75 2 29 16 55 14 35 13 32 8 97 11 98 1 51 15 58 4 81 6 24 19 45 17 42 5 85
5 87 1 56 15 92 2 6 9 67 6 15 7 13 0 54 13 8 4 60 17 31 14 69 12 46 18 15 10 21 16 86 8 71 11 17 19 51 3 19
7 94 17 36 12 45 4 37 10 46 2 32 1 2 9 8 18 30 11 35 19 43 15 82 3 68 5 1 14 32 8 73 16 60 0 53 13 61 6 30
19 84 12 68 3 78 2 67 13 85 15 98 11 68 18 86 0 36 17 35 10 5 6 81 1 44 14 70 16 64 9 66 4 40 7 77 5 34 8 94
7 30 18 1 13 20 1 77 6 31 10 6 3 70 4 54 9 56 15 27 16 50 11 53 8 61 14 44 12 4 5 82 19 58 2 27 0 56 17 25
19 64 9 40 8 88 6 26 7 50 17 73 0 2 4 33 3 94 13 80 10 56 12 55 2 76 1 96 14 9 11 37 15 3 18 42 16 76 5 89
10 53 2 74 14 40 0 3 13 34 8 3 9 4 16 49 19 33 5 61 4 48 17 38 3 88 18 38 15 32 7 64 1 26 6 98 11 4 12 64
15 51 1 20 18 12 4 76 6 79 0 26 19 76 7 26 5 14 16 76 14 61 13 96 8 40 11 9 17 17 12 11 10 52 2 69 3 99 9 2
3 84 4 25 11 17 8 25 2 18 13 9 1 46 0 89 10 97 19 77 12 2 16 82 9 48 17 30 15 84 18 11 5 89 14 32 6 68 7 15
10 19 4 42 14 9 3 58 15 36 12 39 5 94 11 62 13 38 6 12 9 89 18 16 19 88 0 7 16 76 17 24 2 15 1 60 7 7 8 62
2 9 17 77 18 7 11 75 0 19 14 71 7 58 6 76 13 62 19 34 12 91 16 74 8 14 15 2 10 26 1 16 5 20 4 74 3 61 9 6
12 17 0 89 8 82 9 94 13 4 16 54 19 37 11 98 1 7 17 35 7 8 3 46 15 41 10 63 5 91 14 31 18 59 2 64 4 40 6 63
7 96 8 8 3 28 13 77 15 6 12 72 16 72 17 79 4 34 14 90 19 87 11 36 6 63 9 91 5 6 0 4 1 96 10 18 18 33 2 70
10 73 16 61 19 88 18 64 4 63 14 65 1 95 5 69 8 98 12 51 3 31 2 94 9 23 11 48 6 7 0 7 17 12 7 44 15 12 13 69
0 63 10 12 16 30 5 43 12 76 7 9 9 24 14 41 6 29 8 48 18 58 2 31 1 19 4 88 19 17 11 82 15 63 13 23 17 38 3 59
6 45 1 7 10 97 0 30 18 42 13 72 5 85 17 9 16 27 19 49 9 35 15 97 8 86 12 58 2 44 11 79 7 48 3 89 14 91 4 1
13 7 11 93 3 1 19 44 15 90 16 70 8 66 5 21 1 41 14 78 0 11 9 99 18 52 2 53 4 52 6 32 10 56 12 46 17 55 7 36
16 67 17 14 4 43 0 31 15 85 5 6 13 49 7 5 6 66 1 39 8 20 9 30 2 96 3 14 10 72 14 10 18 97 19 63 11 13 12 3
12 96 19 29 0 55 11 98 8 52 2 66 5 24 6 80 15 96 18 68 17 84 1 85 16 54 7 1 10 47 14 2 4 55 3 6 13 71 9 52
1 24 5 90 12 78 2 10 17 72 11 38 14 42 3 75 16 8 0 19 18 81 10 31 19 98 15 85 7 4 8 35 9 14 6 90 4 4 13 33
16 17 7 44 13 77 6 42 11 88 19 22 17 98 5 62 14 38 2 57 15 50 1 61 18 98 9 76 0 79 4 11 10 30 8 46 3 31 12 34
10 71 5 36 18 72 1 66 9 73 17 81 11 98 2 40 3 60 7 77 19 97 15 56 14 6 8 77 13 78 12 68 6 80 16 8 4 19 0 61
7 58 17 7 0 33 18 64 6 8 11 41 19 53 3 49 15 22 13 92 9 31 14 18 5 86 16 41 10 12 8 43 12 69 1 82 4 69 2 70
5 45 18 78 11 66 14 69 1 58 2 64 16 85 4 39 3 45 19 88 17 3 6 72 7 79 13 25 8 7 10 72 15 78 9 57 0 66 12 44
15 81 6 16 7 44 5 68 14 13 17 19 9 37 0 1 16 5 2 59 19 10 12 65 1 82 8 94 13 90 18 11 11 34 3 32 4 43 10 88
15 17 19 10 3 47 7 51 8 3 18 58 1 64 11 71 17 74 4 20 16 24 13 10 2 26 5 29 6 4 0 26 9 2 12 48 10 97 14 75
3 6 1 56 7 52 2 73 16 75 13 9 14 59 9 10 5 8 12 81 6 98 10 75 11 57 4 37 0 70 18 64 17 34 8 39 15 28 19 11
17 9 9 36 19 25 15 15 5 22 6 45 14 78 7 38 1 88 13 62 4 56 8 19 10 51 2 75 16 19 0 59 12 59 3 10 11 44 18 95
19 86 8 41 17 5 10 63 16 85 4 94 7 54 14 95 6 77 12 33 11 31 9 85 15 65 2 17 3 47 1 83 5 84 13 70 18 14 0 85
6 36 5 18 18 86 15 32 7 75 9 60 4 62 1 29 2 35 3 12 16 98 19 44 17 64 14 17 10 21 13 88 12 74 8 27 0 73 11 64
0 83 1 34 8 19 2 86 11 10 7 40 5 39 12 74 4 86 6 21 3 30 15 63 16 97 17 75 19 90 9 91 10 88 14 70 13 50 18 34
7 87 10 67 6 87 19 39 18 96 8 51 15 27 0 38 12 40 17 99 1 60 4 14 16 41 2 80 11 14 9 42 5 39 14 94 13 67 3 25
19 28 13 20 12 89 15 29 4 4 6 33 8 13 0 35 11 38 5 78 17 27 10 98 14 20 3 88 7 91 2 4 18 17 16 72 9 8 1 41
13 48 4 62 18 17 12 16 2 74 16 74 9 3 14 93 19 13 10 78 5 68 6 94 7 61 0 57 11 27 1 21 15 59 3 82 8 47 17 83
9 31 11 97 16 1 6 24 0 8 1 38 17 92 10 41 12 78 15 54 5 78 8 94 19 93 14 60 18 48 2 62 4 19 3 43 13 48 7 91
7 9 0 84 2 41 9 10 16 38 18 67 15 94 13 39 12 63 19 74 4 67 11 93 10 61 3 72 6 54 8 99 14 52 17 14 5 40 1 5
15 75 4 85 3 21 7 19 10 29 6 99 2 24 14 68 17 24 19 62 5 63 18 38 8 28 1 34 16 21 0 96 13 55 11 16 9 37 12 38
9 87 12 49 14 47 3 4 7 4 4 85 19 16 16 79 17 36 11 18 5 13 0 62 8 80 10 42 2 17 6 15 1 70 18 59 15 65 13 78
11 25 5 80 4 86 16 12 14 72 8 85 17 90 13 73 0 20 9 24 12 37 10 54 19 21 6 52 1 2 18 90 2 41 15 21 3 87 7 31
6 81 2 67 16 21 12 75 1 99 3 35 0 62 4 5 15 5 7 75 5 75 11 74 17 41 8 1 9 80 10 79 18 80 13 14 14 10 19 69
13 74 1 50 17 93 7 46 16 77 8 65 6 35 14 92 4 50 18 82 15 6 3 90 5 53 9 46 0 93 2 66 11 61 12 56 19 29 10 4
9 37 11 70 8 72 2 79 14 16 13 19 12 49 10 50 6 81 16 85 3 86 18 25 4 26 1 71 17 67 19 11 5 9 15 78 0 71 7 99
16 40 6 86 7 79 18 29 19 16 17 98 2 63 13 1 0 81 1 66 12 14 15 26 9 32 8 78 4 51 3 18 10 74 14 19 5 53 11 18
11 47 15 70 19 30 9 92 0 11 18 91 10 68 7 6 3 65 6 50 14 36 17 65 16 11 12 8 13 30 2 76 8 46 1 39 5 55 4 75
16 36 5 85 14 81 18 47 7 79 13 31 12 82 17 95 3 59 0 57 4 39 1 34 19 69 15 98 11 21 2 24 9 75 10 12 6 80 8 37
5 93 14 35 1 12 7 29 18 42 19 92 17 43 11 27 9 1 0 68 2 96 13 52 16 51 3 87 15 63 8 56 10 19 4 88 6 33 12 84
3 61 4 12 6 72 13 67 11 87 19 51 10 33 7 56 12 43 9 26 14 24 0 49 1 70 2 44 16 13 8 77 18 76 5 29 17 34 15 54
3 16 7 19 0 96 17 84 16 16 11 43 12 53 5 47 10 36 4 65 2 24 18 78 15 58 9 28 13 61 6 65 8 7 19 55 1 8 14 61
5 60 14 28 2 51 11 65 4 22 12 48 17 82 9 59 1 63 18 86 7 42 19 48 15 81 6 40 10 47 8 42 13 63 0 19 3 53 16 9
0 82 15 53 7 32 6 74 16 69 5 85 9 55 1 2 4 90 13 69 8 62 18 44 10 12 17 62 11 4 3 80 19 35 2 25 14 39 12 11
18 86 10 31 8 11 17 72 1 21 12 39 16 74 6 95 7 85 4 73 14 50 9 81 2 84 3 81 11 93 15 96 19 11 5 88 0 44 13 78
1 75 15 54 0 17 18 5 16 4 5 32 19 3 6 70 9 30 13 30 7 10 17 29 14 35 4 66 3 51 11 47 12 48 8 24 10 23 2 4
13 40 14 68 1 74 18 31 2 11 8 98 11 64 7 59 6 18 16 74 17 54 9 51 15 25 12 86 5 6 4 65 3 34 19 53 0 22 10 42
11 49 8 79 5 79 17 20 0 64 19 26 7 85 18 91 14 82 1 82 15 3 2 56 6 49 16 58 13 37 4 70 3 74 10 77 12 77 9 68
15 72 1 39 12 24 13 46 18 79 2 30 0 13 8 78 11 45 4 17 9 73 14 35 3 2 16 52 17 84 10 52 5 24 19 65 6 27 7 83
9 20 5 77 12 29 7 88 0 98 1 90 6 1 16 35 11 34 17 25 2 4 19 57 18 91 3 28 8 45 13 65 10 1 15 36 4 29 14 7
1 26 4 84 14 73 0 85 18 47 6 73 13 19 8 85 16 26 9 12 17 18 12 36 7 68 11 35 5 41 10 23 19 47 2 2 3 34 15 47
7 70 18 54 12 64 3 51 0 27 19 89 4 18 1 13 16 54 13 84 5 41 2 79 8 94 9 70 11 34 14 65 10 64 17 65 6 68 15 31
14 22 2 26 3 23 11 81 9 29 13 65 17 44 0 83 10 76 18 21 5 13 15 3 1 51 19 40 4 65 8 70 7 36 16 76 6 7 12 67
6 85 16 36 13 47 15 30 5 30 10 53 3 67 17 58 19 17 2 3 9 34 14 56 7 48 8 68 11 95 12 73 1 23 4 24 0 46 18 55
2 59 12 19 19 59 14 32 17 95 0 11 13 55 1 35 10 28 3 84 18 64 7 1 8 49 4 1 9 5 5 89 6 5 15 30 16 28 11 60
0 69 19 22 13 40 8 53 16 72 11 95 9 1 1 35 2 75 6 30 18 16 10 9 15 95 12 53 3 8 5 98 7 50 17 81 4 15 14 59
19 12 12 73 7 9 18 15 17 84 8 33 10 16 9 41 0 78 14 71 6 5 3 71 2 11 16 57 1 43 15 89 5 28 13 11 11 26 4 62
11 45 2 26 16 51 13 7 5 87 3 12 4 2 7 49 8 61 17 32 12 90 15 2 6 80 0 14 19 67 10 39 14 47 9 36 18 39 1 94
2 9 10 13 17 74 0 74 1 86 11 69 9 59 6 11 12 56 15 51 4 91 5 28 7 7 19 76 14 41 3 34 13 91 16 7 8 48 18 56
12 16 11 15 10 65 14 60 4 76 5 97 16 71 6 4 7 74 0 37 15 75 2 25 8 43 17 45 1 25 13 50 19 70 9 32 18 58 3 19
8 14 15 23 19 56 0 11 16 40 3 98 1 12 5 30 12 19 13 54 4 81 14 20 18 63 10 79 6 80 11 67 17 57 9 50 7 36 2 10
14 42 16 99 3 54 5 87 8 85 6 86 1 18 4 52 17 92 11 44 15 41 19 8 9 53 0 38 7 75 10 72 12 98 18 11 13 6 2 11
8 63 15 68 9 64 10 48 0 79 3 27 6 6 16 5 4 75 7 97 2 75 5 55 18 82 11 24 1 88 12 41 19 25 14 88 17 51 13 86
9 64 3 45 19 55 11 92 7 12 16 9 10 1 6 60 4 2 8 29 12 99 2 75 17 81 14 82 0 70 1 10 13 70 18 57 5 11 15 32
10 43 16 29 19 28 1 19 18 67 11 14 15 70 8 22 4 50 3 34 7 2 2 47 12 79 17 23 5 69 13 62 0 73 14 75 9 61 6 47
