100 20
7 95 15 92 8 6 13 9 14 87 0 20 4 83 19 8 1 28 11 45 9 94 10 96 18 75 5 2 16 5 6 38 12 65 2 9 17 92 3 93
17 22 16 17 15 66 1 64 18 1 19 83 2 55 0 24 3 85 10 34 13 53 14 63 5 99 9 56 12 99 8 79 11 6 7 93 6 37 4 42
13 43 5 80 17 72 18 61 6 40 14 50 16 75 15 95 12 53 3 24 2 44 1 85 8 3 0 10 9 14 10 32 11 12 7 15 4 25 19 53
11 35 4 39 6 59 1 67 8 75 9 94 18 90 5 72 3 62 13 46 12 87 16 64 2 49 7 11 10 41 19 97 0 80 14 26 15 44 17 20
9 41 10 45 16 93 1 37 2 59 4 29 7 12 0 75 15 40 3 70 5 50 6 74 19 93 12 35 17 39 18 25 14 17 13 87 8 8 11 11
7 60 8 19 4 21 13 75 3 37 19 47 5 87 18 63 2 61 12 79 6 20 17 24 16 70 0 20 11 42 14 34 10 90 15 32 9 55 1 40
2 30 11 50 12 58 5 16 13 66 10 56 8 24 4 59 1 18 15 16 16 55 3 54 17 38 0 59 6 88 9 78 7 73 18 10 19 59 14 6
9 82 17 77 6 75 19 73 16 26 8 48 5 32 14 5 13 47 10 63 18 50 2 56 12 89 1 28 4 40 7 39 11 49 3 3 15 10 0 20
7 72 13 68 12 98 6 44 8 44 2 21 14 90 17 43 4 98 16 68 19 27 18 47 10 10 1 18 0 39 9 99 11 72 5 15 3 71 15 53
11 13 12 39 17 39 3 88 19 27 18 62 5 87 14 71 13 54 16 40 10 35 7 45 8 73 4 89 9 80 0 62 1 39 6 58 2 91 15 21
3 3 9 10 18 83 13 50 5 36 0 3 19 32 8 28 10 27 1 71 14 51 15 17 4 7 7 58 2 82 6 48 11 6 12 91 16 42 17 44
4 40 18 32 5 24 2 69 14 51 3 4 6 94 16 87 19 68 1 33 8 60 10 16 17 49 7 2 11 57 13 27 15 41 0 38 12 18 9 40
16 70 17 46 10 43 1 23 8 73 15 41 7 36 5 63 14 31 2 47 12 39 6 46 9 61 19 77 11 20 3 64 0 16 13 59 4 59 18 60
19 78 9 43 12 75 17 89 2 93 16 72 0 64 14 30 6 24 5 46 7 26 10 61 4 71 18 99 1 92 13 44 3 53 15 38 11 35 8 99
15 57 3 62 9 10 19 10 0 9 10 16 12 87 5 63 6 96 1 80 16 43 14 92 18 67 17 81 13 79 8 81 7 86 2 41 4 99 11 15
15 55 6 22 19 12 1 88 18 5 5 35 12 19 3 88 8 46 9 52 11 61 2 75 16 1 4 34 14 21 10 6 17 65 0 96 7 5 13 79
13 99 12 22 19 13 15 23 0 81 18 79 14 71 16 87 10 93 3 68 1 85 6 48 5 39 8 52 11 32 9 21 4 48 2 74 7 58 17 69
8 50 1 75 17 55 4 40 0 97 6 66 19 8 18 73 13 93 10 8 7 61 15 62 16 57 12 92 11 3 2 64 5 18 14 27 3 81 9 3
19 65 15 71 9 14 5 41 11 79 1 90 2 13 8 28 13 66 12 8 16 8 0 46 7 87 4 95 6 62 17 51 10 90 3 37 14 86 18 33
0 27 12 10 13 3 16 21 4 21 5 73 8 70 2 85 15 88 1 69 7 96 11 55 9 97 6 75 19 53 14 42 10 20 18 1 3 87 17 34
3 4 2 10 8 75 1 82 16 55 9 79 7 97 18 64 0 10 5 35 12 37 13 33 11 85 19 5 10 35 17 75 4 61 15 10 6 33 14 83
12 47 7 29 11 86 10 21 8 48 9 61 6 17 1 66 2 22 5 65 15 44 0 62 3 20 4 26 13 40 17 22 19 99 14 52 16 64 18 51
17 54 16 1 1 61 2 72 11 79 6 10 12 42 15 92 8 71 19 15 0 2 4 69 9 88 3 50 7 87 13 72 18 80 14 78 10 61 5 63
0 28 12 1 14 43 16 65 4 46 9 11 11 22 19 41 18 88 5 13 15 24 10 19 8 1 3 59 7 59 6 60 2 5 17 11 1 17 13 87
6 15 15 30 11 55 19 11 3 49 0 36 5 5 13 66 16 45 12 19 9 54 2 85 14 65 10 68 17 96 7 82 1 93 4 16 18 81 8 66
10 94 13 70 7 57 1 31 2 87 14 91 6 79 11 74 9 49 16 58 3 44 18 16 0 41 8 17 19 82 5 82 12 50 15 86 4 71 17 94
12 80 18 58 7 90 2 32 10 6 14 9 8 55 1 3 3 29 13 87 17 66 19 86 9 34 15 29 11 16 6 41 16 22 4 32 5 25 0 58
11 82 10 39 19 37 5 69 8 24 16 6 1 9 6 34 18 39 17 34 2 91 15 48 12 16 4 80 9 31 13 54 3 53 7 47 14 40 0 58
7 60 4 35 0 70 3 54 14 58 2 95 12 73 11 30 9 89 19 39 18 60 15 30 8 24 6 61 17 65 10 89 16 35 13 43 1 33 5 96
16 14 15 62 13 20 14 93 7 80 11 25 2 86 19 68 6 14 4 87 10 44 9 58 0 26 18 60 8 13 17 79 1 20 3 14 12 91 5 98
12 89 10 97 16 82 18 61 8 9 19 10 2 1 1 54 13 97 4 65 7 89 6 78 5 71 9 61 14 70 11 68 15 37 0 26 17 96 3 23
14 7 12 2 3 16 0 20 15 86 13 74 16 64 6 9 10 66 2 54 8 85 1 29 4 54 7 11 19 99 5 77 11 42 18 76 9 56 17 55
11 63 1 27 15 70 7 1 6 4 13 78 12 38 2 80 19 64 4 99 8 97 0 56 17 42 18 28 10 66 9 16 3 46 14 11 5 87 16 70
11 34 8 31 9 24 19 36 18 61 16 35 7 99 0 82 6 38 12 59 2 48 1 27 3 38 5 26 15 93 10 35 13 10 4 49 14 89 17 80
0 14 11 97 18 28 17 62 19 35 12 41 8 23 16 73 2 63 6 13 14 58 5 38 13 10 3 67 4 21 15 3 10 49 7 61 9 48 1 21
4 93 1 64 2 37 8 3 9 35 6 57 16 25 7 79 11 68 19 93 10 14 5 15 15 71 13 96 17 93 12 41 0 9 18 63 3 12 14 50
2 84 15 68 13 96 16 79 10 50 9 74 4 89 6 51 12 52 11 66 17 83 0 40 5 47 18 34 14 31 1 65 8 55 7 80 3 80 19 61
7 2 3 72 16 5 18 6 8 39 5 89 12 71 17 28 13 98 9 20 0 27 4 7 1 72 10 34 15 40 11 6 6 75 14 70 19 45 2 50
9 80 3 90 8 72 2 55 6 21 13 14 4 57 19 55 15 39 17 25 7 64 18 72 14 26 1 33 12 83 11 80 5 96 0 55 16 33 10 25
19 74 14 54 18 18 3 28 16 26 15 19 10 75 2 59 11 28 0 51 8 18 17 62 5 55 7 89 6 17 1 55 9 84 12 86 13 12 4 13
11 10 16 58 19 16 7 73 8 33 0 8 3 31 6 29 5 24 2 20 14 68 18 30 12 97 9 20 17 6 10 58 13 99 4 27 1 35 15 20
7 63 17 89 8 3 19 35 6 37 0 20 12 1 5 77 9 47 18 3 10 96 3 45 11 21 13 23 16 19 1 45 4 69 2 32 15 47 14 48
7 77 9 82 19 71 0 16 17 25 14 13 12 14 2 97 16 64 15 49 5 9 1 65 11 18 6 1 10 5 8 24 13 87 4 86 3 24 18 57
1 78 15 94 10 5 11 36 6 80 0 74 18 5 3 64 4 89 19 59 17 48 9 39 7 4 13 18 14 80 5 88 2 92 16 4 12 30 8 1
9 89 11 77 19 42 7 26 17 89 4 34 18 27 8 91 6 2 12 29 3 80 5 87 10 58 2 67 16 13 15 50 1 73 13 86 14 73 0 63
14 41 18 97 4 41 2 86 0 52 13 21 10 8 11 11 5 45 3 14 9 46 15 94 17 29 12 3 8 78 1 49 7 27 16 43 19 19 6 19
12 38 16 6 6 96 1 30 10 37 5 71 4 23 8 56 14 86 13 61 19 75 2 15 18 63 11 86 0 3 15 88 17 29 3 71 9 66 7 67
14 47 4 30 7 45 15 42 9 58 10 60 13 83 12 52 0 72 2 87 5 5 19 75 11 28 16 83 1 98 3 19 17 52 18 99 6 83 8 20
17 7 6 89 19 29 7 63 18 9 10 31 11 49 14 38 0 98 1 72 3 18 13 29 4 78 9 92 2 75 5 39 12 88 16 87 15 51 8 62
6 87 9 13 4 8 15 54 13 66 7 39 10 35 19 19 8 68 14 94 12 95 5 42 0 17 11 16 16 31 17 28 3 37 1 56 18 78 2 7
16 91 15 66 17 65 1 50 6 44 13 12 14 27 3 22 9 96 18 65 12 28 8 72 4 1 10 4 7 77 5 26 0 3 19 49 2 50 11 89
18 63 7 67 8 19 6 93 19 32 4 95 12 87 17 80 0 39 5 59 3 1 16 20 9 30 14 54 1 4 2 13 11 31 10 93 15 4 13 6
7 94 4 16 8 52 19 39 11 16 14 10 3 47 12 95 16 49 5 89 2 16 15 8 10 9 6 60 13 65 9 95 1 65 18 66 17 81 0 44
1 35 6 96 19 74 0 98 2 18 7 11 16 85 12 91 18 74 17 67 3 68 14 32 4 27 10 77 13 49 15 9 11 6 8 17 5 51 9 89
4 72 7 35 10 76 8 92 6 98 13 48 14 74 2 30 9 21 16 75 12 54 15 44 0 48 17 77 19 67 1 78 11 74 18 84 3 60 5 24
17 26 3 85 9 23 5 80 11 33 12 53 13 95 2 85 7 9 18 95 0 59 14 4 16 98 4 76 8 24 10 48 15 56 1 27 19 77 6 53
3 83 10 29 17 90 9 84 2 9 6 2 13 77 0 50 19 15 11 76 4 38 14 94 15 74 5 87 1 23 18 29 16 82 12 57 8 95 7 69
14 70 17 29 12 23 6 82 11 66 4 19 19 64 3 12 2 86 18 63 7 13 0 22 1 50 9 96 13 56 10 26 8 62 5 59 16 25 15 22
9 96 18 38 3 21 19 45 13 77 10 92 8 78 12 73 2 38 15 54 6 57 11 6 1 99 0 29 14 9 7 67 17 15 4 22 16 61 5 61
7 37 3 10 11 32 2 54 0 50 14 22 5 72 1 34 4 60 16 97 9 94 15 21 10 44 12 3 8 4 13 77 18 56 6 23 17 86 19 37
1 17 7 67 10 65 18 1 4 52 2 70 8 92 3 15 13 27 9 34 19 50 0 39 16 8 15 80 14 25 11 50 17 4 5 24 12 37 6 13
13 15 18 1 7 66 15 82 12 99 2 11 6 3 11 59 14 96 1 18 4 97 17 22 8 91 9 30 0 72 3 31 10 7 5 67 16 10 19 22
1 56 0 64 5 80 19 2 2 32 17 69 6 22 15 80 4 28 13 46 3 60 7 38 16 56 8 13 18 3 9 29 12 89 11 94 10 99 14 56
7 95 19 17 10 11 14 47 2 8 18 92 15 62 6 8 9 57 13 79 5 65 11 35 8 42 1 9 0 67 3 60 12 87 17 19 4 61 16 78
0 9 13 41 8 75 12 86 17 28 4 7 5 10 2 65 18 34 3 88 14 88 9 65 15 62 1 28 19 13 6 81 11 18 10 95 7 20 16 33
17 61 2 52 10 61 14 56 18 43 19 49 13 5 9 24 0 55 16 84 15 97 7 87 4 92 11 96 6 46 12 60 1 70 8 11 3 22 5 92
6 1 12 15 2 82 18 2 1 66 10 96 5 98 16 34 13 66 11 35 14 84 7 9 19 81 4 25 9 24 17 87 15 93 3 60 8 50 0 27
5 98 10 62 9 81 16 25 3 10 13 86 11 42 19 29 8 79 18 7 7 53 17 6 12 86 6 94 0 11 15 58 14 71 2 57 1 96 4 45
6 48 18 86 2 43 8 71 1 19 13 39 17 65 10 61 4 83 5 78 11 52 16 44 12 13 3 18 19 7 9 58 14 48 0 76 7 20 15 13
15 81 19 26 6 45 18 50 10 78 11 71 8 48 14 67 1 70 5 53 7 77 13 26 0 24 16 32 9 83 3 73 12 93 4 2 17 28 2 67
14 16 11 79 10 15 9 68 7 38 1 84 12 60 2 85 3 48 17 32 0 25 5 55 18 67 16 71 19 4 15 81 8 88 6 80 4 14 13 86
19 34 8 44 0 17 18 86 9 30 17 64 2 29 6 60 13 57 16 75 5 43 11 72 3 31 12 57 4 81 7 65 10 11 15 56 1 51 14 55
8 11 17 23 16 57 3 38 6 30 5 63 7 15 1 95 0 7 9 68 12 95 15 74 10 9 18 20 13 61 2 59 19 96 11 53 14 70 4 30
12 91 15 68 3 83 1 27 10 3 17 67 18 89 5 70 2 26 9 91 16 82 13 24 7 74 8 34 0 10 4 38 19 11 6 40 14 58 11 57
1 96 12 16 15 53 6 65 10 6 9 89 19 53 17 34 0 65 5 44 16 26 8 75 11 63 7 66 18 64 3 63 2 48 4 66 13 6 14 27
7 77 12 65 3 5 8 41 10 19 15 20 19 44 2 37 18 10 1 48 11 45 13 42 9 51 14 41 5 1 17 26 6 38 16 23 0 6 4 14
18 4 11 9 10 88 2 97 19 75 0 98 5 68 13 76 16 9 7 77 14 15 17 17 6 57 9 4 3 58 8 47 1 54 4 12 12 98 15 22
10 21 3 36 15 5 8 25 11 22 2 54 19 55 4 43 12 62 14 11 5 39 6 40 7 67 16 70 1 99 9 75 0 65 13 63 18 76 17 26
15 26 19 71 0 3 16 55 11 8 10 41 9 80 13 11 4 75 3 10 7 75 8 50 2 4 12 32 14 6 18 8 5 46 6 5 1 46 17 78
13 52 8 64 16 19 7 91 2 24 6 40 4 59 10 9 3 71 9 7 19 16 11 53 12 96 17 57 5 4 1 13 14 52 15 65 18 96 0 60
6 94 3 50 7 84 8 23 19 53 1 26 16 18 4 86 17 6 9 6 2 13 5 4 13 46 18 4 10 27 15 24 0 43 14 22 12 31 11 99
12 52 0 72 2 38 13 47 8 87 1 15 17 68 15 52 16 38 3 32 9 38 5 5 10 10 4 97 7 50 6 88 14 2 11 1 19 98 18 44
19 25 4 94 10 57 13 96 14 84 0 63 12 15 8 55 9 12 5 12 16 60 11 30 6 92 7 88 15 46 18 83 1 61 17 94 3 10 2 86
19 76 6 98 11 38 3 52 7 44 18 56 12 87 14 97 15 90 0 40 4 77 17 37 2 69 16 75 5 53 8 43 13 88 1 55 10 28 9 52
2 5 14 41 15 69 6 9 11 64 7 16 5 49 13 21 1 5 16 89 10 70 18 19 9 8 12 61 4 2 8 5 3 74 19 49 0 22 17 40
12 45 3 58 7 22 2 74 0 63 11 48 13 34 1 45 9 56 6 85 16 31 4 38 14 36 5 74 15 64 8 33 10 69 19 89 17 49 18 4
4 57 13 67 0 61 14 81 5 30 9 91 8 8 11 88 2 60 19 78 15 4 7 47 3 10 17 41 1 77 10 49 12 63 16 8 18 37 6 53
3 88 12 55 0 55 7 30 4 6 9 36 17 51 14 43 1 57 10 7 2 95 5 52 15 92 13 93 6 34 16 49 11 42 18 23 19 49 8 66
7 97 0 48 8 25 19 35 4 20 9 38 10 31 17 23 12 40 6 30 1 68 16 64 3 27 11 90 2 92 15 43 5 99 13 67 14 47 18 30
15 72 10 15 16 10 5 35 19 78 14 5 17 18 0 56 2 36 9 47 6 41 7 68 11 18 13 82 18 51 12 17 8 22 4 98 1 82 3 1
14 5 6 29 11 4 4 30 2 17 17 24 3 51 7 74 13 16 16 24 19 5 10 61 1 54 18 14 12 63 8 14 5 66 0 73 15 98 9 71
18 63 9 83 1 29 11 41 10 94 12 4 7 81 2 65 17 89 6 55 0 56 4 86 5 65 13 83 14 80 15 10 16 95 3 53 19 10 8 85
1 13 11 9 19 81 7 95 18 30 16 91 4 79 15 71 13 12 3 84 14 61 6 20 17 83 2 83 9 82 0 5 8 79 12 11 10 47 5 5
7 65 18 52 1 39 15 84 17 93 12 64 14 49 6 5 10 49 19 61 3 99 4 62 2 80 16 76 13 29 11 16 8 7 0 91 9 99 5 49
14 17 17 54 4 29 5 74 8 9 3 41 2 10 0 14 13 5 18 24 11 38 6 13 10 93 15 23 19 22 9 10 12 89 1 9 16 50 7 97
15 26 17 57 13 31 18 65 3 68 12 63 10 21 11 1 14 60 6 3 2 51 8 46 7 33 9 57 0 93 19 10 1 7 16 43 4 84 5 52
12 37 14 71 2 59 18 14 6 76 11 8 10 7 17 49 9 34 15 23 1 9 0 44 13 77 4 30 3 4 8 80 7 55 5 80 19 65 16 70
2 35 14 16 3 62 9 87 11 22 8 90 10 58 5 89 19 54 16 38 4 54 1 82 17 23 0 23 12 35 18 17 13 79 15 26 7 14 6 21
19 39 10 50 12 80 6 73 13 39 17 30 15 26 11 24 3 5 1 22 14 11 8 88 0 63 18 91 5 72 9 54 16 15 2 31 7 71 4 48
10 18 18 32 12 77 14 27 2 5 9 59 4 42 7 4 13 53 5 36 11 46 0 69 19 51 15 47 8 73 1 95 16 34 17 92 6 91 3 50
