100 20
4 37 8 85 2 93 18 98 7 33 12 35 15 50 19 20 14 54 13 29 6 29 3 71 0 28 5 33 16 63 10 55 17 91 1 40 9 71 11 23
4 51 12 31 7 63 9 18 15 56 17 41 19 39 16 70 14 20 0 45 8 80 3 57 11 49 13 36 5 46 10 14 18 67 1 46 2 60 6 84
18 83 16 49 14 48 9 9 17 83 6 35 13 93 0 17 15 60 2 35 5 49 7 68 10 99 4 31 8 74 19 58 12 47 11 38 3 19 1 36
10 73 2 66 15 40 12 20 0 93 17 47 19 54 14 26 18 35 11 34 13 82 6 66 7 63 9 44 1 35 16 41 3 70 8 6 4 8 5 97
1 22 7 36 12 86 10 97 2 63 15 19 18 40 14 54 17 36 5 2 6 74 11 91 3 80 0 15 16 19 13 93 4 76 9 52 19 24 8 67
18 68 7 27 0 60 6 20 14 38 19 15 10 78 17 99 9 5 3 28 2 41 16 76 15 50 13 69 8 28 12 95 5 21 1 34 4 26 11 3
16 56 19 76 13 41 10 78 15 31 5 75 12 96 18 19 6 37 1 61 9 58 7 83 8 91 4 94 17 70 3 61 14 23 11 73 2 82 0 29
11 22 7 33 5 18 4 96 10 64 18 53 9 74 15 85 19 88 12 59 3 22 0 97 13 53 6 55 17 93 8 90 1 37 14 20 2 38 16 83
4 82 3 31 0 54 18 99 15 72 7 98 17 90 14 59 13 33 2 18 16 2 5 23 11 94 19 51 1 29 6 18 12 36 8 23 10 63 9 51
19 56 5 87 10 14 15 47 3 47 9 68 14 41 2 36 13 28 0 35 6 85 1 1 17 21 16 22 8 69 12 51 11 27 18 32 4 77 7 21
4 52 16 91 9 73 0 5 19 8 3 71 17 19 2 62 6 1 7 6 12 84 5 65 18 75 15 42 8 37 14 4 11 37 10 23 1 86 13 52
3 52 7 52 4 39 17 26 15 93 10 21 16 32 1 70 2 14 8 75 13 82 14 98 18 41 11 86 9 90 12 42 19 4 6 27 5 5 0 19
9 90 11 67 7 70 15 21 14 60 12 41 4 17 16 16 2 94 13 19 10 98 8 4 18 87 19 34 1 11 0 80 6 79 5 38 17 81 3 94
10 62 9 42 6 6 2 84 19 71 15 75 1 54 13 1 8 18 7 15 12 52 3 15 14 3 0 17 18 72 4 28 16 56 11 73 17 13 5 56
2 10 16 76 15 24 6 24 12 93 9 59 11 35 5 75 1 33 3 87 17 50 13 97 8 40 7 75 10 28 14 9 19 29 18 27 0 93 4 85
17 62 14 89 7 76 10 4 12 3 13 47 5 32 19 81 2 39 3 68 18 12 15 99 9 26 8 50 0 22 16 34 1 17 11 80 6 63 4 90
0 36 18 98 13 96 7 72 8 8 15 55 3 50 9 22 4 30 11 64 14 75 5 76 10 76 19 23 1 92 2 74 16 69 12 80 6 45 17 81
5 94 18 47 17 67 4 18 12 60 14 87 7 19 16 20 15 31 2 60 13 71 3 14 6 94 0 84 1 50 8 86 9 58 11 42 19 25 10 52
10 11 17 62 4 27 9 24 11 25 3 92 16 19 14 88 18 76 2 31 7 74 5 90 8 91 1 5 12 64 0 32 6 70 15 82 13 8 19 23
4 28 5 50 0 93 3 33 16 31 19 28 15 82 1 12 13 73 11 23 2 76 6 37 9 66 14 64 7 67 10 92 18 82 12 46 17 43 8 68
13 44 2 69 3 40 4 72 10 58 0 9 11 58 17 1 15 26 14 36 8 20 18 80 6 55 1 25 7 95 5 6 16 17 12 39 9 33 19 56
13 37 1 98 3 36 17 95 18 24 9 4 8 66 11 90 14 35 10 50 12 72 0 12 5 23 7 76 6 64 16 12 15 28 4 38 19 66 2 20
14 88 7 11 13 12 8 89 17 87 4 99 3 69 16 20 18 78 10 6 6 19 19 79 2 98 1 32 0 27 12 40 11 55 15 42 9 80 5 56
6 43 1 52 16 75 18 48 3 17 2 96 11 96 15 52 14 87 13 53 7 16 8 13 10 45 17 55 19 20 9 31 4 57 12 30 0 1 5 64
13 57 15 17 6 30 19 74 16 2 10 72 2 47 8 74 17 61 12 90 4 34 5 96 11 41 14 88 18 42 1 45 7 16 9 88 3 44 0 54
0 85 5 15 13 31 6 38 14 71 9 29 15 31 10 40 3 19 16 2 19 7 12 54 1 53 7 13 17 10 4 97 18 6 2 35 11 7 8 51
12 17 0 32 18 30 13 84 7 82 15 69 17 40 9 65 19 15 1 74 16 61 3 19 10 62 5 51 14 48 2 12 8 22 11 70 6 37 4 98
5 98 1 82 10 33 19 11 14 87 15 87 18 60 6 81 3 88 7 82 16 92 8 84 11 43 4 56 13 11 0 62 2 92 9 80 17 76 12 64
9 82 16 18 17 2 12 15 2 50 7 11 15 59 14 91 8 91 19 54 5 64 13 4 0 82 10 62 4 74 6 28 11 89 1 83 3 60 18 38
1 44 8 52 11 69 0 7 2 66 5 76 6 51 17 73 15 25 9 76 16 14 7 11 12 19 14 35 19 70 18 78 4 68 13 20 3 61 10 34
16 4 18 84 19 69 14 96 9 21 12 27 0 78 1 27 6 9 8 95 4 60 10 21 13 26 5 80 15 58 11 10 2 54 3 13 17 54 7 63
12 64 4 6 14 24 11 96 19 40 15 63 6 70 13 51 10 28 8 6 17 85 1 32 5 22 18 46 0 42 16 43 7 75 9 37 2 92 3 49
19 18 6 57 12 42 5 31 8 30 0 42 14 10 3 26 1 50 18 27 17 35 10 73 13 92 11 53 4 74 2 54 9 24 16 21 7 31 15 41
17 84 3 72 15 92 0 66 13 68 12 80 6 49 1 57 4 86 18 59 11 30 7 6 16 77 10 28 5 26 19 54 8 51 9 26 14 46 2 65
14 93 19 32 16 42 2 19 10 35 17 31 0 66 8 58 4 23 15 36 9 42 1 86 11 57 6 98 13 70 12 74 18 71 5 74 3 37 7 81
10 86 12 65 17 82 6 45 9 63 8 33 0 89 3 16 7 87 15 96 1 81 18 79 5 87 16 71 14 13 11 42 19 77 13 19 2 1 4 63
15 85 9 10 4 14 8 39 3 66 13 14 18 97 14 97 19 60 1 33 7 65 0 38 10 8 16 30 17 30 2 66 12 75 5 12 11 97 6 25
18 66 0 13 16 1 19 96 1 80 9 7 2 76 14 29 7 43 3 73 11 68 6 9 8 51 4 76 17 19 5 75 12 30 13 59 15 50 10 80
11 99 6 35 18 18 0 96 19 18 13 75 14 18 12 83 7 39 2 85 15 21 5 95 17 13 16 98 9 71 3 61 10 32 1 80 4 74 8 68
18 57 12 22 7 88 14 34 9 40 19 76 3 63 10 37 16 65 13 35 6 10 1 59 17 6 5 58 15 22 0 94 11 32 8 85 4 25 2 53
3 83 18 52 5 47 9 86 4 6 19 67 12 79 17 61 10 72 1 30 13 79 0 51 16 46 14 54 6 33 8 74 11 79 15 15 2 69 7 65
8 8 7 92 11 3 3 59 6 73 1 12 12 56 15 66 14 80 16 58 2 22 5 82 9 71 0 89 17 72 4 96 19 55 13 94 10 55 18 50
1 52 6 10 14 94 9 13 18 20 11 45 7 5 2 69 8 41 3 9 10 59 5 12 19 11 0 60 15 54 13 19 16 74 12 99 17 2 4 65
18 11 4 22 7 75 8 16 1 45 12 93 5 72 16 8 0 36 6 52 13 32 3 63 15 25 9 72 17 1 19 46 14 93 2 13 11 71 10 18
11 41 9 15 10 56 15 12 6 83 4 86 5 59 19 13 14 25 8 44 13 21 16 63 17 84 18 25 7 22 2 21 12 10 3 10 1 14 0 18
8 85 15 49 1 16 0 15 18 27 11 94 12 97 7 42 17 83 4 75 2 54 19 94 3 69 6 12 5 72 13 67 16 94 10 95 9 38 14 70
8 62 4 24 13 97 2 91 17 42 6 25 14 42 12 37 3 46 11 37 18 12 5 11 1 40 7 90 16 25 15 75 0 62 19 11 10 15 9 84
8 9 18 72 11 33 3 9 6 57 19 63 7 68 14 7 17 6 10 68 2 58 15 76 5 76 9 93 13 75 4 39 1 87 0 13 16 64 12 37
10 23 14 20 7 54 3 1 0 55 1 6 16 95 12 7 5 47 4 97 11 25 9 44 15 13 17 66 13 50 8 10 6 95 2 81 18 46 19 96
10 9 16 35 14 26 6 53 8 49 4 72 1 53 5 21 12 22 17 21 2 40 18 11 7 10 19 90 15 39 0 88 11 77 3 11 13 42 9 14
3 54 5 49 12 11 19 34 17 10 8 97 11 67 15 45 13 30 4 81 10 15 2 12 14 64 0 55 16 54 1 75 18 17 7 41 6 1 9 90
8 19 13 25 15 6 4 14 11 42 17 62 19 55 1 45 2 47 6 19 18 87 16 87 9 59 5 39 10 8 0 74 3 40 7 42 12 11 14 19
13 53 3 52 4 72 11 60 8 93 19 28 1 70 10 28 9 99 14 21 17 34 0 15 18 37 16 21 2 15 15 13 7 31 6 68 5 41 12 99
16 58 11 24 4 79 13 68 14 2 19 38 3 95 10 18 6 86 12 13 0 90 2 78 1 52 15 23 9 31 5 58 7 26 8 36 18 45 17 79
5 54 16 24 9 89 12 86 11 28 7 69 8 24 19 20 13 34 17 30 1 24 15 46 0 78 14 66 6 65 3 16 18 21 2 76 10 55 4 48
3 6 7 70 4 79 13 37 10 42 11 10 8 45 12 46 17 57 6 7 19 76 5 7 1 12 18 72 0 48 2 46 15 55 14 93 9 76 16 92
6 49 13 24 11 83 7 78 19 99 9 79 10 4 17 59 18 41 15 95 1 30 8 22 14 43 12 75 3 8 4 85 0 57 16 61 2 17 5 20
13 89 8 27 4 88 18 48 0 96 16 32 14 9 19 62 17 82 2 48 5 27 11 96 1 85 9 21 10 4 3 66 6 47 12 77 7 23 15 65
0 69 15 10 14 80 10 88 18 60 8 19 16 44 12 28 11 33 2 69 19 6 17 70 5 11 9 24 7 9 1 50 3 50 4 8 6 94 13 59
18 64 14 45 10 54 17 7 11 10 6 68 0 22 16 1 2 82 8 39 4 67 1 26 19 97 5 1 15 85 7 8 12 72 13 84 9 92 3 86
1 11 19 71 14 31 8 15 0 9 5 54 15 58 11 43 13 34 6 78 17 94 3 83 10 59 9 31 18 86 7 37 2 65 16 78 4 65 12 1
19 25 9 19 3 48 4 34 16 86 6 28 12 95 18 30 1 82 8 11 2 22 0 39 15 5 10 92 7 40 17 64 11 87 13 52 14 58 5 48
5 20 7 68 2 26 19 67 16 13 12 16 17 54 1 54 8 66 4 58 10 97 13 44 9 71 15 10 11 71 18 55 0 74 6 21 3 85 14 22
0 89 5 70 12 78 18 71 19 48 13 69 2 29 1 55 9 69 11 35 16 42 17 52 10 98 8 89 15 20 6 87 4 23 3 85 14 33 7 72
11 11 1 1 10 31 12 93 15 46 0 48 9 7 18 34 14 21 6 89 19 75 13 16 5 25 17 2 2 25 8 79 7 78 3 57 4 53 16 65
7 60 17 65 16 98 12 81 4 88 13 48 10 57 1 61 6 24 9 17 5 86 19 7 0 40 3 13 14 90 2 26 8 60 15 16 11 20 18 10
11 80 18 26 8 68 4 79 6 54 3 34 19 66 10 84 12 83 13 49 7 60 0 92 1 34 5 79 17 56 9 87 2 93 14 6 16 61 15 55
4 20 13 66 7 59 9 61 19 78 12 82 11 38 18 92 6 66 16 67 3 35 1 51 15 54 0 68 17 51 8 89 5 8 10 71 14 95 2 95
0 21 9 46 17 68 18 70 3 36 15 68 6 57 4 97 10 18 11 16 14 61 16 78 19 71 8 53 7 38 2 51 12 57 5 37 13 51 1 13
1 44 18 18 3 42 8 65 6 14 14 11 7 44 0 9 13 89 16 85 15 58 9 23 2 76 10 37 11 64 17 5 19 1 4 19 12 16 5 50
19 62 2 18 7 74 4 57 15 82 6 84 5 15 11 71 16 49 12 4 9 4 17 60 0 71 10 71 1 11 3 7 14 14 8 69 18 10 13 20
3 25 0 34 6 6 15 11 12 42 16 20 4 90 10 16 5 59 2 41 13 23 14 50 11 75 9 79 18 57 8 32 19 1 17 49 7 18 1 83
3 70 1 72 0 25 6 68 14 71 8 57 13 33 4 95 15 64 19 36 12 84 10 74 5 93 17 63 16 74 9 12 2 72 18 97 7 97 11 8
10 67 9 32 0 64 13 62 5 2 15 39 18 54 7 16 14 4 4 13 3 84 1 23 6 69 8 93 11 91 19 81 16 75 2 49 12 80 17 61
5 24 8 34 15 71 12 97 3 70 4 83 14 39 17 63 7 23 19 14 13 5 6 83 18 16 1 34 16 47 9 2 10 86 0 95 11 84 2 36
8 17 2 58 6 85 4 87 12 20 5 52 16 4 11 88 9 18 18 41 14 4 15 83 1 98 19 55 17 94 13 7 3 54 7 43 10 97 0 57
5 25 16 29 12 14 19 73 7 97 15 48 0 53 18 57 2 48 6 80 1 54 13 45 8 7 11 57 14 6 10 58 17 95 9 86 3 80 4 37
19 4 3 79 0 71 9 14 8 46 1 27 14 92 6 5 15 88 12 20 17 39 16 30 18 11 13 63 7 66 10 69 4 15 2 87 11 40 5 15
16 51 12 87 15 68 6 92 2 34 17 67 11 76 13 49 9 59 8 59 1 92 0 54 14 76 10 68 19 44 7 38 5 82 4 66 3 83 18 45
17 67 2 51 0 67 10 40 9 4 5 55 8 20 15 93 11 33 1 89 13 49 4 13 19 16 3 34 12 88 7 46 18 60 14 88 6 94 16 40
17 21 7 65 10 66 18 80 8 14 2 48 19 16 12 38 3 83 16 12 4 30 15 11 11 58 14 3 13 5 0 76 6 76 5 53 1 15 9 76
10 80 2 79 13 9 17 97 0 72 1 82 16 98 18 97 19 96 3 76 12 63 6 99 11 47 8 69 9 53 5 69 14 23 4 63 7 14 15 6
11 16 13 55 14 21 9 48 7 57 2 41 3 38 17 30 4 40 15 24 12 20 6 96 19 16 16 97 0 74 8 55 18 92 10 74 5 34 1 84
15 75 18 63 6 90 5 14 17 83 13 97 10 86 7 89 14 93 16 71 3 78 1 73 12 2 0 37 19 47 11 3 9 99 4 31 8 91 2 43
0 4 13 81 6 24 10 72 12 40 19 38 14 5 1 9 3 80 8 93 5 17 11 57 7 83 2 28 17 56 15 70 16 94 18 79 4 36 9 62
2 15 16 15 0 17 4 65 19 31 10 38 11 5 7 83 3 29 1 28 9 13 17 95 15 99 5 7 13 1 18 22 14 24 12 63 8 94 6 27
4 65 13 73 16 70 9 56 11 65 14 93 5 44 12 41 8 34 1 48 18 20 7 72 19 26 2 33 6 23 0 68 10 55 17 59 3 65 15 7
9 79 3 76 18 36 19 86 14 15 8 64 16 88 5 61 15 67 12 22 6 21 17 51 1 28 10 81 11 58 0 6 4 82 2 90 7 27 13 71
0 97 10 86 7 32 12 28 18 29 11 37 5 74 16 92 4 60 9 47 1 63 14 98 13 44 3 41 17 69 15 8 2 52 6 42 19 43 8 61
2 21 5 64 0 99 1 8 15 77 16 97 19 11 11 73 8 45 6 18 4 13 3 77 10 70 17 15 9 6 12 9 13 73 7 38 14 31 18 68
4 51 12 75 3 14 14 84 9 78 13 42 8 61 11 36 7 57 5 92 15 8 6 21 10 16 16 58 2 37 1 67 17 93 18 90 19 31 0 85
4 35 11 19 5 93 7 82 12 47 13 27 19 22 0 8 17 37 3 33 9 95 18 13 1 90 2 15 14 45 10 65 8 81 15 65 6 9 16 74
13 71 17 52 7 25 19 27 15 97 1 93 9 97 5 31 8 61 0 32 14 68 18 63 10 49 6 53 2 74 12 60 3 84 16 9 11 8 4 79
11 39 2 21 17 98 7 33 16 98 9 81 14 25 8 27 12 93 6 55 15 7 5 18 18 79 1 54 10 50 19 81 4 58 0 48 13 82 3 65
9 3 5 90 2 33 3 35 10 36 7 4 13 53 6 35 18 6 15 45 11 57 1 87 14 28 4 4 0 81 16 3 19 56 12 43 17 49 8 57
12 64 0 93 19 6 5 73 2 92 11 7 14 66 3 73 4 52 8 78 1 94 17 85 7 86 13 2 18 81 9 25 6 47 16 97 15 36 10 3
11 71 14 23 6 1 4 26 13 1 9 55 2 18 16 99 5 32 7 49 8 1 17 36 12 9 1 55 10 34 19 13 18 23 15 10 0 36 3 68
1 28 15 42 16 70 4 79 7 36 10 84 12 65 6 25 9 96 17 32 19 61 2 76 5 72 14 58 13 70 11 99 0 11 3 54 18 22 8 7
18 12 4 10 3 35 1 59 10 78 6 81 16 28 9 35 17 52 2 9 0 92 13 13 7 14 5 77 11 98 8 17 15 60 19 77 12 14 14 35
7 53 9 3 0 30 11 4 2 74 19 44 5 32 3 71 8 8 15 17 14 61 10 15 18 14 12 76 4 27 6 32 1 75 17 9 16 21 13 55
