100 20
4 3 3 95 12 9 13 34 2 62 8 46 6 75 7 68 1 13 16 87 10 90 5 38 9 5 0 36 18 94 19 38 17 26 15 92 14 42 11 74
6 31 8 95 17 69 0 23 3 38 4 87 5 21 10 95 18 4 14 39 13 20 19 44 1 75 12 80 2 59 16 30 9 44 15 91 11 37 7 74
18 37 9 85 17 77 4 80 0 78 8 38 13 6 6 93 12 77 15 93 19 73 1 55 2 57 5 83 11 55 7 69 10 43 16 35 3 71 14 7
13 9 11 59 17 78 1 89 19 17 7 44 8 45 14 96 18 56 4 74 10 99 12 59 2 85 6 64 15 49 9 89 16 29 0 22 5 62 3 34
6 47 1 83 8 11 17 71 16 94 11 67 7 14 4 1 0 86 9 73 18 53 19 66 15 44 14 29 3 33 5 78 2 49 12 3 13 80 10 38
2 5 14 70 5 2 6 10 10 49 13 2 19 11 0 88 17 29 11 73 12 93 15 24 18 82 9 1 4 39 7 37 8 48 1 70 3 91 16 73
12 95 16 21 7 52 8 80 1 53 18 9 10 46 3 33 11 31 19 74 13 42 15 21 17 8 14 99 9 39 0 93 4 43 5 74 6 31 2 28
6 68 17 58 4 52 14 30 15 13 8 34 13 35 7 46 11 36 3 38 2 14 12 34 19 25 10 94 5 77 18 62 1 99 0 67 16 74 9 71
16 39 6 94 11 35 8 82 3 32 18 85 5 62 13 47 4 35 15 12 12 41 14 85 1 21 7 9 0 53 2 14 9 79 10 68 17 8 19 51
3 2 12 94 17 52 19 30 18 22 14 37 16 96 6 43 5 89 1 82 9 30 10 17 8 69 11 20 13 19 7 8 4 70 2 67 15 61 0 93
11 38 9 72 12 39 7 99 18 18 17 43 19 31 16 41 13 37 2 88 0 31 5 99 8 89 3 25 6 16 15 63 14 4 1 30 10 58 4 35
17 47 16 29 9 12 15 37 0 85 7 89 14 69 19 4 12 94 1 49 8 78 13 36 18 45 11 65 10 58 4 23 3 11 5 78 6 33 2 73
19 45 18 71 12 22 4 7 2 59 14 28 10 35 5 74 7 88 16 85 3 22 0 14 9 10 8 51 11 68 13 76 1 78 15 95 17 60 6 15
5 51 19 38 11 18 3 24 7 51 2 67 17 36 14 23 16 41 13 83 12 15 4 87 6 23 8 18 1 42 18 37 0 88 10 74 9 18 15 34
14 8 12 59 0 60 3 89 16 43 19 14 5 55 15 90 9 21 13 99 7 38 1 49 18 96 8 46 10 4 2 92 6 42 17 77 4 45 11 28
19 59 4 6 16 56 14 94 9 97 5 26 13 2 8 78 12 59 18 96 0 96 3 97 1 7 10 96 17 57 7 63 15 88 2 20 11 99 6 93
7 15 13 10 16 77 18 59 8 39 0 34 15 70 3 16 1 19 14 9 9 77 5 71 6 23 11 8 19 20 17 27 12 83 10 12 2 80 4 84
19 10 5 70 4 47 18 59 9 95 15 85 12 85 3 48 14 97 0 69 7 70 10 37 16 7 1 92 17 2 6 24 8 26 2 44 11 2 13 84
6 30 12 76 3 19 14 78 10 94 0 96 19 6 1 11 2 14 18 93 9 98 8 11 5 50 13 40 17 51 11 80 4 14 16 2 7 69 15 62
16 28 3 82 15 5 1 86 10 11 4 56 2 46 0 19 13 81 12 88 19 11 9 48 6 24 5 95 18 73 8 43 11 48 7 67 17 74 14 5
9 68 17 15 12 59 3 62 16 67 19 26 2 28 1 32 6 24 11 40 7 13 18 57 0 73 15 46 4 10 14 3 5 34 10 50 8 21 13 70
9 51 3 33 13 23 7 67 16 25 1 55 17 48 5 52 8 39 4 49 12 19 11 12 15 39 14 58 10 60 0 2 6 31 19 54 18 69 2 79
14 69 13 66 0 35 3 45 6 20 9 88 8 81 11 9 18 41 4 7 12 33 10 11 16 47 1 84 17 3 7 56 5 6 19 4 15 46 2 6
5 29 18 19 16 39 3 18 11 70 10 5 12 68 17 58 1 93 7 33 14 47 15 79 2 63 13 48 9 62 4 91 6 49 0 95 19 62 8 55
10 13 6 61 17 58 14 61 19 51 12 50 2 8 0 38 15 1 11 52 5 6 13 88 4 30 1 28 9 99 8 2 16 13 7 84 18 68 3 85
15 80 12 24 9 88 14 93 8 43 18 17 13 64 2 15 0 52 3 80 10 89 19 91 5 65 4 2 6 52 17 62 11 80 7 52 1 29 16 31
19 12 18 21 1 73 10 70 15 52 6 56 14 46 9 9 17 90 12 22 13 27 2 48 7 74 11 18 3 31 8 42 0 86 16 7 4 26 5 59
3 77 15 42 12 75 16 68 9 47 1 35 7 39 17 21 10 35 0 80 13 30 4 14 18 15 11 91 14 42 8 17 19 62 2 16 6 11 5 7
16 36 12 25 11 82 15 83 6 93 19 77 9 93 5 47 18 61 4 22 13 47 17 33 10 57 2 63 14 32 8 60 7 82 1 31 3 11 0 87
9 27 6 41 3 45 16 83 14 20 0 17 10 36 2 90 7 16 12 34 13 60 18 17 15 42 1 9 17 92 4 60 19 13 8 67 11 7 5 15
18 33 0 30 4 45 12 38 8 61 15 37 16 65 19 85 7 77 17 10 2 80 13 82 9 85 11 56 1 80 5 87 14 65 10 50 3 80 6 91
14 78 19 7 11 33 1 94 15 70 9 67 18 79 7 94 8 73 4 89 16 76 6 39 10 73 0 20 3 6 17 79 12 9 2 87 13 99 5 16
7 66 9 69 16 3 10 26 12 50 4 37 3 51 1 68 19 41 14 71 5 21 13 79 6 83 8 45 11 98 15 98 0 42 17 27 18 30 2 34
2 35 11 63 14 5 5 35 7 76 9 2 8 64 17 10 13 64 12 36 0 3 1 21 10 70 15 4 16 25 3 56 18 78 19 20 4 18 6 41
1 59 0 95 7 79 14 64 2 58 6 81 15 83 3 61 13 88 11 43 12 98 18 92 8 72 17 67 16 7 5 19 4 46 10 53 9 54 19 96
15 60 11 65 16 85 3 67 19 65 17 40 7 40 13 86 5 93 6 90 4 57 0 69 2 70 14 35 1 62 18 30 12 2 8 80 9 39 10 86
0 45 18 13 4 31 16 89 17 46 15 1 9 54 6 29 19 95 7 18 2 84 5 64 11 32 3 57 13 3 8 57 1 64 12 23 14 98 10 22
4 10 3 94 13 49 16 16 2 7 12 75 0 18 8 30 5 57 6 45 9 64 11 51 14 80 18 81 1 2 19 86 15 15 10 64 7 9 17 77
12 93 11 51 16 20 18 60 7 15 14 40 19 68 10 62 0 95 5 30 15 54 9 91 13 99 4 46 8 28 2 69 1 69 3 58 17 75 6 90
12 97 1 73 3 63 5 31 6 75 13 98 15 74 10 85 9 66 17 26 4 19 2 21 7 22 11 11 0 3 19 31 18 49 14 91 16 28 8 19
6 67 0 50 5 48 7 41 17 41 4 28 18 60 13 70 15 7 8 13 16 65 1 62 3 58 2 89 9 61 12 33 11 62 14 26 10 61 19 7
2 34 11 72 17 24 13 55 10 24 0 8 12 53 1 5 4 15 18 52 7 49 5 71 14 53 16 15 15 34 19 6 3 42 9 21 8 70 6 26
13 5 10 84 16 16 8 9 0 81 17 33 6 93 1 20 14 45 15 44 19 17 4 45 12 76 5 10 2 80 18 38 3 15 11 53 9 72 7 2
3 19 10 8 8 10 0 50 16 41 4 5 6 30 19 8 17 3 14 27 11 92 5 76 7 13 18 48 2 14 13 77 1 27 12 32 15 34 9 69
19 23 0 55 4 92 3 9 7 56 12 98 10 43 11 40 13 91 1 8 8 31 6 75 15 88 5 89 14 3 2 3 17 80 18 70 9 28 16 18
16 9 8 51 3 1 17 8 2 1 11 49 14 22 1 23 12 36 10 45 13 87 7 61 6 62 15 31 4 28 5 76 18 97 9 76 0 13 19 22
17 20 6 60 7 79 15 18 11 88 9 76 10 41 18 30 0 25 5 33 12 39 4 63 14 33 16 76 1 1 19 25 13 72 3 17 2 28 8 60
0 90 1 34 4 23 12 30 13 33 7 73 9 56 19 66 11 61 2 74 17 39 16 16 3 21 18 42 6 51 15 68 8 96 5 47 10 81 14 7
16 48 13 99 2 8 0 2 7 6 19 4 8 68 3 82 18 94 11 26 4 10 5 12 6 51 1 27 12 26 14 44 15 54 17 29 9 84 10 31
11 14 7 88 13 73 1 59 10 45 14 19 16 84 2 93 6 8 8 59 5 84 9 57 19 16 15 16 18 10 3 20 4 84 0 93 17 28 12 61
13 14 17 2 15 87 8 50 10 18 14 21 16 94 4 88 2 43 12 28 1 30 6 70 7 57 0 65 18 5 19 45 11 73 9 62 3 26 5 13
2 66 10 57 17 49 5 62 19 57 15 30 7 31 14 87 3 67 6 10 8 33 1 60 16 87 0 54 18 43 12 86 9 90 4 25 11 87 13 99
6 65 0 57 15 84 10 80 9 22 3 2 1 20 11 75 2 92 14 74 13 10 19 86 8 20 5 91 12 3 4 13 16 63 17 52 18 88 7 94
12 6 4 38 15 75 1 90 19 49 5 35 11 33 3 77 10 76 0 14 8 39 7 22 9 56 6 11 16 58 14 44 13 4 2 48 17 2 18 23
7 72 18 31 6 25 0 93 13 31 15 68 12 97 10 58 8 64 16 11 9 90 14 23 1 60 2 75 17 49 5 6 19 41 4 7 3 49 11 23
1 50 17 8 8 16 9 51 5 45 11 52 6 6 0 80 7 64 15 91 12 77 10 63 13 80 3 53 16 6 2 15 4 73 14 20 19 9 18 97
8 30 3 71 18 92 1 27 14 67 0 32 15 37 16 71 12 58 6 21 2 59 17 95 11 7 4 91 5 82 19 32 10 84 7 35 13 7 9 8
9 97 4 89 6 90 11 74 1 4 8 19 0 9 3 86 12 53 14 87 5 68 10 85 17 48 16 32 7 23 18 2 2 10 13 36 15 64 19 10
19 14 3 79 7 67 0 67 14 62 12 23 11 58 4 56 1 39 17 53 8 79 9 56 6 90 15 68 13 96 16 33 5 43 2 18 10 45 18 23
11 69 19 87 3 41 1 53 5 79 13 48 4 19 17 74 10 63 0 54 9 21 16 44 15 14 7 36 8 94 14 17 6 86 12 63 2 84 18 43
18 42 7 9 2 13 9 98 11 78 0 72 17 3 8 26 6 87 1 79 4 15 12 29 3 71 5 8 19 52 14 90 10 64 13 87 15 31 16 90
17 51 18 59 11 79 15 75 10 99 12 21 13 69 14 45 7 73 9 41 16 42 8 3 19 40 6 43 4 50 5 41 1 75 0 14 3 34 2 41
4 76 18 44 14 90 0 74 17 9 7 31 10 20 8 18 3 8 15 54 5 27 9 64 19 50 13 16 1 76 12 94 16 81 2 13 11 17 6 8
16 74 14 57 1 73 7 44 15 1 17 64 4 73 5 37 2 78 11 26 8 39 13 50 6 62 18 85 0 2 9 42 19 9 10 86 3 92 12 66
1 37 14 78 6 44 2 49 17 28 8 17 18 27 3 25 0 74 5 76 10 8 15 30 13 19 7 60 12 84 4 27 11 91 16 24 9 61 19 28
8 80 15 45 19 41 2 5 6 87 3 99 0 81 5 33 1 39 9 96 4 62 13 24 11 78 12 72 7 92 10 84 17 90 18 70 16 78 14 28
11 25 12 79 16 60 18 16 15 67 9 10 7 23 1 8 10 72 19 96 17 27 0 38 6 41 5 22 2 41 14 49 13 85 3 52 8 55 4 35
9 63 7 1 12 92 4 34 19 70 6 31 8 62 11 65 17 51 16 78 5 13 1 51 13 50 15 87 10 51 14 20 3 13 18 42 2 48 0 88
10 10 0 39 17 60 9 87 6 65 16 56 2 41 14 10 5 3 18 88 1 30 15 60 13 66 8 83 7 42 12 8 19 13 3 32 11 51 4 29
19 65 14 6 6 44 11 22 13 2 16 56 9 92 4 70 12 84 15 25 8 96 7 94 1 68 18 36 5 30 3 55 2 39 0 8 17 58 10 45
10 21 15 4 8 71 5 41 1 85 3 31 11 7 2 93 17 62 4 55 16 70 0 74 18 84 19 63 13 86 14 41 12 45 7 39 6 78 9 16
0 80 14 47 12 32 7 4 16 47 5 14 15 69 17 61 4 73 13 56 2 6 11 12 9 89 6 57 8 80 18 63 3 80 1 91 19 37 10 85
19 49 12 92 4 78 3 66 8 53 9 67 7 75 2 86 14 25 10 78 13 42 6 52 0 96 1 37 5 92 18 38 15 28 17 68 16 2 11 10
10 99 17 73 5 13 19 1 15 93 16 74 13 93 9 51 11 51 12 4 2 73 1 30 8 2 4 42 7 72 14 47 0 17 6 79 18 17 3 35
10 20 6 85 3 61 4 93 11 9 2 31 18 69 13 16 14 81 1 26 5 99 19 64 8 14 16 23 9 1 7 1 15 61 12 27 17 9 0 83
16 30 1 95 6 82 18 25 5 80 2 2 9 97 12 2 8 30 0 85 15 39 10 80 3 76 19 77 11 13 13 7 4 97 14 76 7 33 17 22
8 95 16 60 9 28 6 28 14 33 5 77 10 35 4 12 19 5 18 72 7 23 0 43 12 36 17 37 13 2 15 62 3 39 2 58 11 10 1 80
5 48 0 76 10 87 3 32 9 66 12 35 13 59 15 80 1 98 4 79 18 48 7 53 19 33 16 94 14 52 6 61 2 12 8 83 17 99 11 2
5 15 15 11 4 37 7 9 18 49 19 22 2 57 10 6 8 38 1 79 9 23 13 71 6 71 14 18 3 40 11 85 12 97 16 41 17 6 0 97
10 28 15 29 5 88 16 57 13 39 9 48 14 88 7 99 1 85 3 70 12 52 11 8 4 7 8 47 17 45 0 24 2 99 19 3 18 58 6 17
7 83 6 29 19 54 1 25 13 50 17 70 2 97 12 75 11 53 3 39 10 96 18 99 5 99 8 44 16 90 15 37 4 76 0 96 9 74 14 24
2 4 17 67 3 61 11 34 14 64 15 27 7 98 19 38 9 46 4 51 8 87 1 9 12 97 6 22 13 58 0 61 18 51 5 44 16 88 10 26
17 39 19 6 4 37 12 45 0 72 18 33 11 14 7 81 14 36 2 48 1 30 6 77 16 50 15 39 13 24 8 94 3 65 5 41 9 12 10 3
17 2 13 19 10 51 4 99 1 60 18 83 2 77 7 47 8 99 3 45 14 53 19 11 16 58 12 1 11 13 15 45 9 65 5 35 6 4 0 6
15 34 17 93 18 42 7 1 14 76 0 46 4 24 11 48 10 13 8 85 13 62 6 8 9 10 19 31 2 10 12 34 1 80 5 62 16 2 3 61
15 81 12 18 17 15 9 62 16 35 11 67 2 43 4 40 10 47 18 61 13 67 6 9 5 90 1 18 19 92 7 4 0 10 8 33 3 46 14 86
16 6 10 2 3 80 19 67 14 88 7 77 2 45 13 43 17 7 0 16 1 90 5 85 4 83 8 77 12 16 6 97 9 58 15 24 11 44 18 96
0 68 7 61 17 4 10 26 14 75 19 58 5 99 15 82 11 37 3 9 16 62 6 66 12 35 4 38 8 37 9 93 13 84 1 47 2 22 18 61
3 23 16 6 17 10 5 56 11 32 2 66 1 53 15 88 19 68 13 87 4 73 7 77 8 10 12 14 9 29 10 35 0 64 14 87 18 98 6 68
4 57 6 55 2 72 7 86 3 4 18 67 8 91 15 37 1 63 19 91 14 13 11 42 10 27 5 15 17 91 13 8 12 42 0 67 16 11 9 12
7 41 5 3 9 91 11 21 10 80 3 27 17 35 19 33 8 57 0 43 14 37 15 67 13 41 12 33 6 8 16 87 18 56 4 57 1 74 2 4
3 59 5 32 8 4 17 52 11 2 4 22 13 92 0 95 1 43 9 80 14 30 2 17 18 91 12 25 10 3 6 65 7 38 15 12 19 40 16 93
19 59 8 11 13 85 0 12 12 87 4 83 2 65 1 82 9 27 15 68 18 72 11 87 5 98 3 1 14 93 17 49 16 10 6 8 10 91 7 60
11 3 4 35 7 87 16 94 12 50 10 83 1 79 19 66 9 56 5 51 8 66 15 7 17 25 0 31 13 27 6 68 18 47 3 66 2 49 14 28
17 16 18 94 2 79 14 3 16 23 10 97 6 59 12 13 9 76 13 65 15 85 0 16 11 34 1 95 7 9 19 58 5 51 8 3 3 50 4 81
4 92 12 15 0 44 3 95 10 43 18 2 9 92 1 4 8 28 15 84 17 97 11 26 16 49 2 51 7 19 14 56 6 8 13 33 5 20 19 35
8 5 9 3 19 54 0 13 13 82 14 24 1 36 3 87 10 51 4 11 7 8 17 60 2 22 6 36 15 30 5 44 16 52 12 56 18 89 11 64
19 6 8 84 3 68 1 3 0 81 5 16 7 89 18 41 4 96 9 72 16 48 11 90 12 96 14 28 13 34 15 14 2 8 17 74 10 37 6 12
0 27 16 5 6 86 3 13 8 63 17 46 15 52 1 57 18 86 19 18 4 6 10 5 13 75 7 8 9 17 5 4 14 33 2 25 12 13 11 59
12 23 1 11 7 83 11 97 2 42 14 63 5 30 3 16 15 42 6 97 4 37 16 31 13 64 18 36 17 34 10 83 8 24 9 38 19 60 0 68
