100 20
12 65 5 1 18 95 13 85 4 3 17 74 8 31 1 24 10 10 11 91 6 22 14 51 15 84 19 63 0 29 9 81 7 22 2 93 16 57 3 17
13 96 6 6 12 93 8 58 19 24 7 82 16 69 17 38 10 95 1 21 0 40 3 10 14 97 4 72 9 1 5 49 18 33 15 46 11 89 2 20
6 38 17 94 3 30 0 26 18 99 13 75 15 34 4 61 1 91 11 67 14 55 12 7 16 52 9 54 5 69 10 60 8 77 19 71 2 68 7 83
13 63 11 11 6 77 5 38 16 91 4 77 14 14 0 83 12 15 2 75 17 28 3 68 9 19 18 83 19 23 10 54 15 45 8 3 7 31 1 82
8 44 17 70 0 85 2 17 15 62 10 10 18 57 14 91 9 70 7 57 16 68 4 2 1 21 12 41 3 2 6 81 13 52 11 39 19 19 5 24
7 89 15 31 4 68 16 32 0 37 19 22 5 36 17 95 8 73 6 5 3 26 2 17 11 3 18 43 9 37 10 9 14 37 12 79 1 14 13 43
17 8 9 39 1 98 7 71 6 78 13 8 8 68 16 10 4 29 14 63 3 83 10 6 15 12 5 55 19 95 11 3 18 76 0 22 12 59 2 39
16 32 15 57 12 25 11 3 1 41 4 23 7 87 2 27 8 28 5 6 17 51 6 52 13 78 3 17 9 54 14 18 19 19 0 43 10 52 18 73
18 68 6 40 9 64 11 49 19 52 0 85 8 42 12 41 14 43 5 24 7 76 16 23 3 50 10 27 4 85 2 35 1 9 15 48 17 23 13 38
1 17 11 82 0 2 18 77 9 59 10 64 4 15 16 53 14 47 2 89 13 36 6 89 15 34 3 92 7 5 17 11 19 5 12 61 8 2 5 2
3 43 4 92 18 32 11 25 9 49 17 70 8 7 1 77 12 41 6 97 5 41 7 82 16 80 19 33 13 83 0 18 2 4 14 82 10 35 15 61
1 7 16 77 4 67 10 78 17 37 8 37 2 61 5 77 19 17 12 92 18 32 14 23 9 11 3 63 11 66 6 42 13 37 15 68 0 30 7 20
3 38 19 35 2 21 1 76 8 63 6 45 10 11 13 41 5 51 4 42 7 25 16 6 0 18 15 80 17 55 18 29 11 85 14 65 9 64 12 8
5 79 17 88 13 30 18 57 7 70 15 39 3 39 6 1 11 6 16 5 14 74 1 28 4 44 12 60 9 62 8 44 19 67 2 81 10 10 0 76
7 5 16 31 13 24 0 3 18 68 15 96 4 11 14 65 8 97 6 72 19 20 1 97 2 60 5 31 11 80 9 78 12 39 3 66 17 9 10 92
1 67 13 72 15 73 14 53 16 51 9 54 4 28 12 55 8 39 18 27 3 43 11 86 19 58 2 61 6 29 10 40 5 95 7 89 0 2 17 25
6 72 1 98 16 28 12 53 2 72 19 23 14 23 18 95 3 49 17 96 4 35 15 83 10 17 0 3 9 70 11 32 5 22 13 81 7 13 8 94
2 49 4 53 1 34 10 88 6 64 7 71 3 29 15 94 0 62 13 38 8 24 18 19 5 48 19 12 9 82 16 24 11 9 17 81 14 87 12 94
13 72 8 76 12 58 10 1 18 40 17 43 9 6 11 29 5 75 15 94 6 74 7 78 2 63 16 50 14 60 19 19 0 61 4 2 1 57 3 32
18 8 8 74 14 60 4 98 2 71 15 53 11 84 3 91 7 39 16 79 9 51 1 98 12 87 10 35 17 50 13 16 5 85 19 67 0 15 6 65
8 44 11 44 3 56 12 42 15 79 5 8 10 3 13 73 18 82 14 4 16 16 2 76 19 42 17 11 9 96 6 19 1 47 4 10 7 47 0 28
7 33 1 46 2 61 17 35 0 88 16 83 3 55 4 24 11 52 8 42 9 64 14 22 13 21 19 60 5 94 18 60 6 5 15 34 10 40 12 92
4 88 10 73 5 52 6 99 17 89 13 27 2 95 1 32 11 34 19 72 16 59 14 32 18 31 12 76 15 50 3 38 9 7 8 71 7 73 0 76
12 37 17 66 9 69 15 12 19 97 13 80 8 6 14 23 3 8 18 89 2 30 6 65 0 64 10 99 4 57 16 55 5 85 11 90 1 72 7 78
17 11 9 91 5 49 11 54 0 46 10 97 2 77 12 67 14 49 1 29 7 40 6 51 13 24 3 60 15 43 4 94 8 63 19 6 18 96 16 53
6 10 0 20 14 56 2 13 15 54 1 15 8 25 16 30 10 63 19 77 7 63 5 80 13 27 18 74 3 35 17 94 11 73 4 57 12 82 9 56
4 8 19 83 8 62 9 71 11 63 15 45 18 26 1 78 17 35 6 98 16 32 13 25 7 13 5 26 2 87 14 77 10 48 3 26 0 14 12 50
7 34 17 50 13 24 8 47 0 18 4 23 9 18 19 52 6 67 2 89 15 15 5 30 12 53 14 20 3 40 1 96 11 7 18 29 10 54 16 96
17 78 15 99 19 66 0 46 8 69 1 87 13 61 16 24 4 92 2 32 9 82 11 62 5 69 12 41 7 58 14 16 6 28 18 70 10 61 3 84
15 24 13 22 16 56 11 90 2 41 9 67 0 43 8 48 3 3 7 74 5 43 18 51 4 9 17 53 12 97 14 9 19 21 10 86 1 6 6 42
1 25 0 76 11 88 6 8 19 36 13 85 18 82 5 69 2 74 8 54 17 77 4 55 12 89 16 96 9 20 7 78 3 77 14 71 15 69 10 3
11 65 5 83 18 67 4 51 15 36 3 94 10 69 1 99 6 57 13 10 2 21 12 96 19 66 16 19 0 26 7 2 9 59 8 50 17 10 14 38
17 73 16 65 15 66 19 31 10 22 2 5 14 18 18 37 0 60 4 17 8 24 3 14 13 41 7 8 12 60 1 54 11 52 6 64 5 70 9 81
8 25 18 48 3 29 12 54 13 96 5 71 0 33 6 64 16 5 14 94 2 98 15 60 1 98 17 9 7 95 19 71 10 88 4 6 9 30 11 11
8 24 5 94 6 18 19 60 2 54 11 86 14 74 4 21 18 40 10 89 3 62 15 35 9 26 0 88 17 84 12 60 16 38 13 81 1 15 7 78
0 9 6 6 5 34 3 61 7 95 11 89 13 81 19 43 10 98 9 67 18 66 2 93 1 29 4 56 15 20 16 11 8 86 17 52 12 99 14 15
3 45 9 46 13 62 8 60 19 83 0 38 6 81 5 85 16 27 17 92 15 88 12 99 10 37 4 61 18 50 1 26 7 47 2 30 14 29 11 3
11 78 14 98 18 96 12 6 15 50 16 73 0 49 2 76 10 64 19 17 5 94 3 70 7 73 17 10 13 54 8 59 4 90 1 95 9 68 6 7
6 22 1 25 16 90 4 66 3 80 0 19 18 48 13 61 12 82 15 27 11 6 8 58 2 11 14 73 5 92 19 64 7 81 10 71 17 40 9 96
8 50 2 90 18 68 10 9 11 75 17 99 5 64 4 88 14 66 19 73 12 83 6 88 0 59 3 69 16 79 7 24 9 41 15 67 13 75 1 68
4 37 1 28 18 71 7 43 2 68 16 40 11 31 15 32 6 95 9 48 8 26 5 30 12 77 13 6 0 33 3 45 14 60 10 69 17 24 19 41
12 89 5 79 16 81 17 23 13 76 2 70 15 23 14 52 4 36 19 26 3 26 8 65 1 93 10 89 6 84 7 6 18 63 0 34 11 5 9 7
19 76 5 37 1 85 15 72 8 3 4 35 18 50 2 70 10 22 13 80 0 13 11 47 12 61 14 60 3 13 9 75 16 16 6 59 17 73 7 42
16 38 15 21 6 14 14 11 0 83 19 29 7 35 5 15 18 54 1 55 13 62 2 59 3 24 17 38 12 1 10 27 8 96 9 1 4 29 11 90
8 27 4 89 16 23 0 38 13 85 7 33 1 28 9 64 3 31 11 14 12 83 18 43 19 59 10 17 17 6 5 18 14 11 15 42 2 95 6 3
16 41 7 69 5 49 13 11 15 68 12 54 3 60 4 59 18 37 19 70 11 43 17 31 9 69 2 84 14 38 6 62 1 35 8 76 0 47 10 11
1 62 18 37 3 61 13 28 2 79 16 41 4 94 11 52 14 45 7 72 0 52 8 25 9 2 6 28 15 10 10 96 5 75 12 65 19 97 17 44
9 13 6 70 4 87 10 1 7 98 1 73 16 36 14 66 8 46 15 96 13 62 19 81 17 91 0 3 12 67 3 89 5 59 18 35 11 17 2 92
15 9 16 92 10 50 2 76 11 69 17 21 8 31 9 15 1 19 4 69 12 89 18 71 14 61 13 99 0 88 6 39 7 82 3 82 19 21 5 31
16 5 12 48 1 11 15 13 7 22 18 36 10 98 3 28 0 94 6 4 17 21 8 68 19 4 9 47 13 76 14 88 5 88 2 52 4 92 11 64
5 62 10 1 3 55 2 81 6 64 16 98 9 44 14 32 18 94 4 28 15 45 17 43 7 94 11 52 13 77 12 34 0 38 19 14 1 96 8 50
9 30 6 79 7 40 14 10 16 8 11 50 4 5 13 98 10 98 17 3 0 56 19 56 5 20 15 2 3 74 18 54 1 76 2 80 12 78 8 88
14 10 15 69 0 71 7 25 8 85 17 47 4 52 9 42 18 19 5 87 13 46 1 11 19 52 3 59 6 74 11 88 16 88 10 26 2 76 12 92
15 71 6 75 13 55 4 31 19 34 2 46 5 24 11 81 3 54 18 4 16 61 1 89 7 70 17 33 10 61 0 22 9 83 8 44 14 65 12 41
16 24 5 6 9 16 1 37 0 12 13 2 19 31 4 48 10 88 3 40 6 72 12 23 18 96 17 15 2 50 15 93 14 19 7 69 8 91 11 88
3 4 2 63 18 88 12 34 17 23 15 67 7 79 10 16 16 2 6 93 13 84 19 33 14 52 4 20 0 41 8 53 5 80 11 38 9 1 1 88
14 71 2 45 13 25 3 8 10 9 17 66 11 11 16 39 18 32 19 99 1 59 7 18 8 30 15 43 6 62 5 4 0 22 9 49 4 80 12 84
14 83 17 39 13 75 8 23 4 81 16 25 18 92 1 78 9 6 3 88 15 1 6 82 12 24 10 51 7 80 11 67 2 79 19 43 5 15 0 31
9 47 12 96 5 55 13 29 7 36 6 23 11 49 14 57 15 7 10 63 1 1 19 84 16 66 2 20 17 96 4 43 3 63 18 40 0 44 8 80
12 22 10 81 3 53 15 7 19 59 6 50 18 10 11 53 7 16 2 68 16 25 17 74 1 95 14 49 13 30 5 96 4 20 9 63 8 74 0 23
3 35 19 2 14 68 9 7 12 84 8 81 15 42 4 54 17 41 5 54 6 21 0 34 16 51 7 90 11 5 13 52 18 79 2 36 10 88 1 96
14 58 1 89 9 72 19 31 0 35 17 93 6 20 13 52 10 93 15 27 8 38 18 59 16 78 3 93 2 45 5 4 12 81 7 95 11 90 4 48
7 23 10 75 16 71 9 61 11 14 8 27 18 90 5 20 2 92 4 87 6 36 3 97 19 43 0 63 13 78 1 10 17 82 14 56 15 62 12 92
15 32 8 44 16 28 2 67 18 13 9 77 7 79 4 90 0 23 1 63 12 88 6 14 11 2 5 89 13 98 17 45 14 97 3 81 10 51 19 84
2 85 9 16 8 62 11 20 3 14 12 16 7 76 0 94 14 22 5 83 19 82 13 35 15 34 1 70 6 31 10 82 17 59 4 48 16 36 18 71
18 63 3 51 11 87 17 27 0 95 19 99 6 98 10 40 14 60 16 13 9 53 5 68 2 1 8 97 12 48 13 63 4 64 1 64 7 70 15 16
10 50 6 52 1 26 17 59 18 18 13 28 16 51 2 34 4 87 8 30 15 54 19 81 9 86 0 63 7 82 14 14 3 99 11 41 5 43 12 37
18 75 13 82 6 6 8 20 16 24 9 70 10 8 0 33 15 84 11 2 12 51 2 44 7 64 17 96 3 95 4 28 19 76 5 69 1 48 14 37
6 3 0 37 7 97 12 61 2 58 1 15 18 53 10 29 8 42 16 7 5 82 4 75 9 13 11 32 13 58 3 10 14 63 19 76 15 16 17 54
0 31 8 95 7 6 18 33 3 64 2 39 5 46 17 99 10 4 1 76 11 47 16 91 13 27 4 31 15 80 6 8 14 20 12 68 19 81 9 58
7 41 10 40 0 37 1 84 9 45 6 88 12 74 18 23 13 6 8 36 14 93 4 8 19 34 16 78 2 80 17 59 11 51 3 91 5 72 15 42
1 1 7 22 6 74 3 71 10 29 15 8 18 25 17 34 14 20 4 12 16 52 2 39 19 93 5 15 12 99 9 33 0 69 11 42 8 76 13 97
0 23 3 38 16 73 6 36 4 9 2 86 19 88 18 45 14 42 1 29 5 60 10 73 12 24 17 36 11 52 7 84 8 83 15 24 9 20 13 56
1 69 6 83 18 31 12 58 11 66 14 68 7 7 10 44 19 33 4 83 2 59 9 27 16 27 3 62 15 10 5 17 17 64 0 61 13 79 8 83
6 75 5 5 11 62 4 31 16 23 12 74 8 39 13 71 14 66 19 31 10 83 0 84 3 93 2 58 7 53 15 79 1 15 17 50 9 30 18 83
17 1 14 97 16 85 9 60 12 22 6 95 10 89 3 1 4 77 1 75 7 31 15 27 5 52 11 29 13 87 19 63 8 88 0 52 18 14 2 64
5 56 3 22 18 60 9 81 14 11 11 21 10 38 7 41 1 45 12 50 8 65 15 42 13 49 6 54 16 98 4 54 17 23 0 84 2 32 19 95
7 94 17 54 1 61 2 65 8 69 6 54 12 56 3 55 10 83 14 20 0 39 13 70 19 40 5 41 4 28 15 28 11 43 9 5 16 9 18 45
19 85 9 51 14 78 17 87 13 23 5 30 15 54 12 74 4 65 8 15 16 51 6 73 2 60 7 88 10 46 3 17 11 26 0 77 18 4 1 54
2 72 15 12 17 70 10 78 11 42 4 48 7 19 19 17 1 17 9 96 16 92 18 18 3 23 0 94 14 20 13 75 5 45 12 47 6 6 8 79
0 64 9 55 7 31 3 80 10 42 5 57 16 65 18 13 4 98 1 46 19 63 14 4 6 92 12 13 8 59 11 94 15 57 13 62 17 95 2 82
16 46 15 71 14 40 7 62 2 99 17 22 19 15 4 11 18 44 6 29 9 23 0 91 12 93 10 82 8 73 1 11 11 59 5 21 13 40 3 14
12 67 15 26 6 24 17 25 1 13 11 6 10 63 14 54 2 95 16 55 4 78 13 67 5 34 19 69 18 53 8 29 9 64 3 20 0 77 7 34
8 34 15 51 6 31 7 45 12 80 13 20 18 5 16 6 0 16 4 15 17 41 10 5 2 53 11 17 5 85 14 41 1 25 3 59 19 94 9 1
15 61 0 88 6 69 11 73 10 53 2 80 16 78 1 3 12 63 19 40 13 46 5 65 7 96 9 67 3 57 14 51 18 51 17 28 8 39 4 41
19 13 17 97 16 49 6 65 18 85 12 67 2 27 15 63 1 22 13 63 5 85 7 59 9 98 10 40 3 8 11 46 4 18 14 32 0 54 8 60
1 39 13 25 15 55 9 89 5 3 12 86 3 28 2 67 0 75 7 27 4 19 11 52 19 59 17 86 16 1 6 99 10 77 14 37 8 62 18 2
7 39 8 11 0 92 4 97 19 27 13 23 11 2 6 72 12 42 17 70 1 28 18 86 9 87 14 7 5 55 16 85 2 28 3 29 10 71 15 45
18 53 3 23 4 75 0 19 5 11 9 78 6 68 11 59 19 31 16 58 17 24 8 23 7 30 1 96 10 89 14 77 2 73 15 33 13 32 12 8
2 40 11 79 12 58 17 27 1 73 0 21 4 85 16 62 9 4 3 5 15 66 13 28 14 51 6 35 10 86 7 11 8 69 5 78 18 82 19 4
1 25 15 94 2 46 7 78 11 30 10 69 9 85 18 41 3 90 14 82 8 75 16 23 6 20 19 97 17 62 12 74 0 75 5 48 4 47 13 30
6 83 14 38 12 81 5 53 2 44 9 30 19 24 1 43 15 73 0 99 8 95 11 57 16 72 13 71 7 19 3 52 10 78 17 80 18 79 4 10
9 8 19 83 2 86 10 76 13 3 11 37 0 98 4 80 6 79 1 66 8 29 16 30 12 83 18 87 15 82 17 39 14 9 7 89 3 54 5 17
9 29 17 37 0 93 18 24 10 3 12 53 2 28 16 24 5 93 6 9 19 91 7 84 15 98 14 83 1 81 8 1 13 42 3 44 4 37 11 71
18 80 6 57 19 91 0 96 10 3 5 3 2 54 3 91 15 94 13 96 12 46 11 49 7 64 9 97 8 34 14 54 17 30 4 29 16 2 1 28
1 37 14 29 5 68 4 52 0 33 6 41 11 7 13 32 12 78 7 39 16 3 10 55 2 1 9 8 8 88 15 58 3 24 19 31 18 31 17 56
1 87 0 35 14 91 19 48 12 1 18 10 2 44 13 13 11 56 6 6 8 86 5 66 15 94 16 89 17 39 4 19 7 34 9 27 10 82 3 81
8 96 14 59 1 23 16 66 15 63 0 8 18 36 9 95 10 29 7 44 6 35 11 20 12 45 2 69 19 89 5 27 4 36 13 26 17 19 3 81
0 93 15 66 9 35 10 92 8 22 2 49 3 60 17 88 11 3 16 3 5 85 13 12 4 27 6 82 1 28 19 16 18 34 14 57 12 80 7 86
3 42 1 19 11 40 14 77 5 33 0 32 4 74 9 38 12 5 13 56 8 74 16 44 15 99 18 31 17 63 2 95 19 90 7 94 6 20 10 18
