100 20
18 5 10 27 4 93 6 77 8 75 15 84 19 10 11 97 5 77 13 51 7 60 17 61 2 68 16 59 0 57 12 69 1 15 3 87 14 39 9 45
18 13 17 9 3 69 13 28 7 13 4 99 15 23 10 2 9 84 6 92 5 18 16 7 12 44 11 40 14 67 8 72 2 8 0 21 1 51 19 76
19 25 11 44 0 12 12 2 1 47 17 14 18 95 13 74 14 91 16 85 2 52 5 87 9 92 10 75 7 23 4 48 6 10 3 74 8 52 15 14
6 64 16 85 9 26 12 94 1 83 10 41 4 66 11 42 8 55 0 51 19 43 18 81 17 36 2 85 13 44 7 59 14 42 3 8 5 49 15 31
2 3 11 38 7 37 19 40 4 72 17 17 18 62 9 76 3 65 14 41 10 5 16 53 6 1 15 94 0 80 1 94 5 5 12 99 13 7 8 13
13 61 19 54 3 85 7 51 12 6 4 47 15 23 16 6 8 70 1 97 9 9 10 92 14 23 6 23 5 40 2 5 18 36 17 26 11 4 0 71
16 27 3 28 18 96 10 20 6 60 8 22 13 77 17 36 0 60 2 65 14 47 19 54 11 81 9 24 12 20 7 83 15 52 5 17 1 57 4 74
9 69 13 34 14 94 12 14 8 11 17 25 15 23 4 47 3 70 16 83 19 58 10 87 0 69 11 36 6 12 18 74 7 50 1 32 5 44 2 63
19 10 17 77 13 46 9 53 16 80 15 13 7 92 1 41 18 16 8 1 10 89 3 56 2 15 12 68 0 66 14 42 11 7 6 98 4 14 5 90
9 49 3 84 4 90 16 92 7 52 11 93 13 33 17 84 2 17 5 91 19 86 8 40 10 3 12 92 14 63 0 9 6 55 15 27 1 23 18 79
0 59 2 82 5 43 12 45 11 95 18 83 7 14 14 8 4 11 10 38 8 77 1 98 13 26 17 31 6 71 3 90 15 3 19 90 16 48 9 10
6 14 19 69 3 62 4 59 18 39 11 16 7 87 9 69 1 46 17 22 2 8 12 84 14 50 15 83 5 73 13 19 16 50 10 87 8 13 0 64
7 65 18 83 2 75 12 22 4 10 14 74 13 93 17 22 6 70 11 61 1 71 0 26 3 38 16 64 9 32 8 22 10 20 19 1 5 54 15 18
3 36 9 30 15 10 4 54 17 72 6 77 12 11 11 88 18 24 5 37 14 78 0 88 10 90 19 23 16 19 7 47 13 41 8 74 2 16 1 85
12 83 10 21 2 85 11 31 17 76 16 17 6 24 9 76 3 77 14 25 15 45 1 54 5 26 19 36 4 98 7 69 0 94 18 21 8 74 13 90
12 42 1 95 19 45 13 46 18 12 11 50 8 51 10 66 17 6 9 53 16 33 6 66 15 23 4 34 7 14 0 14 3 64 2 72 14 2 5 27
14 74 4 78 10 25 0 10 9 3 1 50 17 7 3 73 11 37 6 31 19 36 16 98 13 55 7 26 5 44 2 46 8 47 12 70 18 33 15 36
17 80 16 44 7 43 15 75 4 89 5 55 19 76 13 94 8 29 11 8 0 32 14 20 12 75 10 82 18 42 1 53 3 51 6 57 2 65 9 15
18 76 12 16 3 69 11 99 4 17 19 16 8 18 15 16 6 59 9 87 7 34 5 75 2 20 10 70 14 45 17 69 16 89 13 91 1 99 0 91
1 62 19 29 8 19 6 96 16 71 0 54 17 22 15 36 5 55 10 20 7 73 2 21 9 23 12 45 18 9 14 91 3 27 4 61 11 59 13 10
15 33 16 77 14 77 2 73 1 62 19 22 7 97 8 39 9 87 3 57 13 13 12 96 4 81 10 4 5 72 18 41 0 18 17 80 11 2 6 9
8 26 4 73 12 46 13 74 5 69 0 1 14 28 11 97 9 70 1 83 2 87 16 85 7 54 6 9 15 10 17 76 10 58 18 18 3 31 19 4
13 87 8 72 14 18 12 66 15 49 5 95 10 75 2 69 0 29 17 54 9 90 7 96 18 25 6 22 19 77 16 12 1 91 4 24 11 33 3 85
3 92 6 30 18 92 14 52 1 61 16 37 10 70 13 63 9 32 12 91 8 9 17 24 15 91 4 2 5 23 7 19 11 94 2 80 19 53 0 48
9 27 19 34 8 89 7 49 0 81 1 18 14 77 16 10 12 41 18 45 10 7 15 17 13 25 2 53 4 49 17 53 6 12 3 1 11 28 5 44
19 38 18 72 5 83 10 47 1 65 13 45 2 60 0 22 16 73 8 57 14 33 9 13 6 1 11 2 15 32 17 91 3 88 7 64 4 54 12 94
19 76 10 35 12 83 8 1 13 27 2 28 7 72 16 94 17 70 4 73 15 96 1 30 5 85 6 55 14 60 11 60 0 2 3 76 18 91 9 6
2 20 10 93 7 53 8 10 17 40 4 21 19 96 6 50 5 10 12 35 1 85 0 74 14 74 16 91 3 59 11 35 18 37 13 2 9 79 15 73
18 66 2 93 4 20 6 59 17 19 14 22 8 98 19 7 1 82 7 53 5 35 15 3 0 37 13 40 9 4 12 37 11 54 3 54 16 70 10 73
12 95 14 29 10 71 4 37 6 28 15 90 17 22 0 87 7 35 13 36 5 95 1 31 11 49 8 21 9 58 16 34 18 1 19 37 2 65 3 96
14 34 12 1 5 26 6 88 4 22 11 95 0 28 13 99 1 97 3 48 16 17 9 92 7 1 17 55 19 49 10 8 2 85 15 35 8 23 18 53
7 14 2 54 8 42 11 94 16 20 15 81 13 86 4 92 14 62 19 20 3 66 0 70 12 42 1 50 10 58 5 59 17 99 6 21 9 89 18 16
14 33 11 71 7 55 2 75 6 24 5 23 4 6 18 30 15 75 9 18 16 14 1 80 12 80 8 54 10 77 3 30 19 10 17 83 13 63 0 1
5 38 0 27 11 93 16 89 3 18 12 89 7 68 19 93 4 24 18 75 2 38 14 97 9 57 13 38 15 71 10 82 1 70 6 94 17 32 8 15
2 77 9 18 10 16 7 65 5 94 19 21 15 92 6 50 18 62 16 63 8 8 14 91 13 4 1 91 17 84 11 69 12 41 4 38 3 70 0 62
16 42 6 69 19 15 0 18 13 67 4 66 1 99 14 72 9 19 3 4 8 25 17 89 15 3 5 80 7 89 18 85 10 13 2 77 11 51 12 76
10 18 1 46 8 19 6 79 3 29 13 6 12 97 15 2 14 4 16 53 2 67 4 74 17 27 7 91 19 26 18 66 0 9 11 16 5 50 9 19
14 90 9 33 5 50 8 54 11 97 18 3 13 16 0 9 10 72 19 94 12 63 6 58 3 67 17 98 2 86 1 52 7 83 16 85 15 95 4 58
7 44 5 3 16 27 14 23 8 87 0 14 9 37 18 50 3 54 19 47 15 58 4 17 6 89 2 18 11 74 1 39 13 31 10 35 17 47 12 46
16 71 8 9 0 29 18 71 12 98 9 61 5 60 19 53 2 6 17 60 13 7 14 90 7 32 1 11 15 88 11 82 10 22 6 2 3 20 4 82
2 44 14 64 7 82 10 10 5 80 12 87 18 27 6 67 1 10 0 42 15 33 17 53 8 52 19 50 11 87 4 75 9 28 16 57 3 42 13 72
19 94 1 57 13 59 12 24 10 41 0 3 15 56 6 11 5 44 7 20 14 42 4 2 2 86 11 49 16 80 17 53 9 21 8 34 18 76 3 82
1 70 16 65 3 5 9 34 18 52 12 4 13 96 11 97 8 69 14 87 17 5 15 4 2 1 7 24 5 59 19 76 6 2 10 75 0 71 4 12
14 46 15 13 9 38 18 97 13 20 17 23 16 64 5 39 7 44 0 61 6 35 10 77 11 86 3 98 1 17 8 70 12 67 4 1 2 32 19 22
1 21 2 92 12 86 11 87 10 13 16 73 3 25 18 65 9 12 0 50 6 55 19 54 7 17 14 42 4 16 8 99 15 5 13 10 5 59 17 51
10 80 1 59 4 34 19 78 13 95 17 75 18 2 8 64 5 22 11 25 2 15 6 56 7 75 16 78 12 77 0 60 9 55 3 16 15 79 14 91
14 39 3 19 16 54 11 13 19 48 5 19 1 47 13 23 8 85 0 63 9 59 12 27 2 69 7 39 15 15 10 89 18 37 17 50 4 71 6 39
17 80 9 11 0 26 15 83 19 70 16 22 2 92 3 38 12 96 6 25 10 55 1 76 11 27 4 78 14 61 7 81 13 20 5 41 8 10 18 10
15 86 7 39 3 28 0 81 16 89 13 99 4 74 9 93 5 2 17 28 10 32 12 95 6 42 19 84 11 82 18 74 1 77 2 69 14 44 8 9
7 95 11 81 5 27 0 18 18 66 19 8 13 67 9 50 1 4 12 39 8 97 6 93 2 66 14 27 3 52 15 1 10 60 17 91 4 43 16 52
4 88 12 60 0 12 13 72 1 99 9 71 5 41 11 61 7 71 10 94 2 42 17 25 6 28 14 20 18 4 16 13 15 18 19 89 3 77 8 24
1 29 16 71 12 41 17 86 19 16 8 25 7 66 11 17 5 59 10 41 14 27 6 16 0 31 4 95 18 47 9 44 15 63 13 8 2 43 3 49
13 78 14 65 6 67 4 2 2 26 12 73 5 63 17 74 10 15 0 70 16 63 11 76 18 7 3 63 7 18 9 52 1 43 19 36 8 87 15 66
4 14 15 4 7 48 14 26 19 71 16 11 18 20 17 59 11 24 3 34 6 29 1 68 5 81 10 28 9 69 0 99 2 32 12 45 13 77 8 4
18 49 0 77 17 97 12 91 9 86 15 38 4 66 13 87 1 62 19 82 10 29 2 13 5 27 7 43 11 58 6 12 3 63 8 93 14 41 16 27
16 16 18 61 17 58 13 99 4 32 9 59 6 71 12 76 5 20 2 30 0 9 8 42 11 81 14 1 15 13 19 61 10 3 7 99 3 55 1 6
19 47 18 82 0 1 12 17 10 16 17 24 6 50 7 42 1 14 8 75 15 21 13 39 2 70 4 35 9 5 11 44 16 26 14 4 5 95 3 20
16 1 10 57 6 17 5 75 15 46 4 37 1 55 18 49 7 76 0 84 3 41 19 72 14 69 12 73 2 34 8 19 11 3 9 24 17 43 13 37
19 43 0 83 13 39 7 4 18 4 14 35 3 99 5 88 17 61 2 85 11 85 4 99 15 53 1 5 10 58 8 37 6 44 9 81 12 68 16 73
6 82 2 49 15 89 5 74 0 11 12 71 4 31 19 45 18 23 10 64 13 42 16 58 14 33 11 66 7 89 9 26 8 72 3 55 1 48 17 16
0 40 16 41 17 85 14 25 18 71 12 54 10 39 19 49 2 83 3 10 6 65 7 80 4 3 8 61 13 10 15 24 9 36 1 28 5 42 11 54
2 17 13 52 17 60 14 66 3 66 11 41 9 93 5 58 15 75 19 48 7 11 16 13 4 55 18 54 10 97 12 33 1 51 8 94 6 2 0 96
11 66 13 52 3 47 6 99 18 71 14 47 15 1 5 70 7 61 17 60 1 95 9 46 16 1 0 69 2 84 19 73 4 78 10 50 12 86 8 58
17 11 5 72 6 56 8 22 9 45 4 64 7 46 10 71 12 83 0 80 1 46 16 99 19 55 14 90 2 17 15 46 18 68 3 25 13 62 11 23
16 59 3 27 8 25 13 5 9 41 5 47 19 86 18 52 2 18 0 37 6 67 10 21 14 71 4 63 12 3 7 78 17 55 11 14 1 69 15 80
18 59 13 48 12 6 19 55 6 58 7 6 2 33 14 69 0 45 17 20 5 36 8 33 3 87 9 68 11 98 16 62 1 30 10 5 4 79 15 16
8 18 9 41 11 20 13 9 14 76 1 98 18 59 6 21 10 37 0 87 19 26 17 23 5 49 16 89 2 53 4 42 7 25 12 46 15 53 3 2
19 67 15 39 10 76 11 94 2 71 7 39 14 97 6 71 16 85 12 60 8 89 9 95 18 10 0 88 1 63 13 12 4 18 17 43 3 56 5 79
2 50 15 58 17 23 6 94 19 89 4 87 5 59 7 73 12 1 9 17 8 30 10 76 16 16 18 44 3 33 14 7 11 11 1 29 13 23 0 4
12 10 4 82 11 48 17 26 3 32 18 50 19 92 13 21 2 7 15 23 1 77 5 34 10 20 7 18 8 60 6 13 0 42 14 92 9 56 16 51
1 97 2 65 3 48 12 32 11 15 9 14 17 57 8 12 5 96 6 51 19 53 18 28 14 72 15 78 4 82 7 37 10 72 13 43 0 40 16 95
3 8 15 89 12 24 16 56 18 77 19 57 8 59 13 94 2 73 7 63 4 87 11 62 1 78 6 70 5 50 10 83 17 19 9 58 0 62 14 56
18 27 10 14 11 98 12 47 3 86 17 25 7 14 4 89 15 25 5 62 14 24 2 79 9 88 6 45 1 47 0 43 13 48 8 12 16 59 19 82
13 81 0 3 17 2 5 99 15 92 8 73 19 31 7 16 1 61 11 93 4 14 2 24 3 89 18 18 12 88 6 99 9 88 16 92 14 83 10 62
13 64 0 50 7 23 4 14 11 89 1 85 19 54 12 58 10 23 18 19 16 93 5 54 6 70 9 61 2 10 3 5 17 32 8 31 14 10 15 4
7 42 4 41 13 84 8 27 1 16 12 85 15 74 18 23 9 51 2 91 17 83 3 19 19 50 16 33 6 56 0 69 10 16 14 70 11 38 5 2
12 88 2 21 3 44 4 20 11 28 14 96 15 37 17 75 7 93 6 8 18 56 1 78 19 53 0 60 8 63 16 74 5 11 13 56 9 16 10 23
2 72 19 75 7 89 14 78 13 61 1 48 18 16 15 7 16 59 4 52 12 14 10 89 11 55 9 76 3 74 0 73 8 11 6 33 17 34 5 71
11 21 19 55 7 92 10 86 4 43 6 75 18 94 14 37 9 40 13 61 8 88 12 76 17 15 0 30 15 65 1 71 5 28 2 2 16 57 3 90
18 96 14 52 7 13 1 16 16 73 19 61 5 80 3 55 12 37 11 69 6 80 0 71 15 75 9 63 8 2 2 17 10 1 13 6 17 54 4 19
11 66 16 37 10 51 8 81 7 24 2 86 12 46 4 90 6 7 13 3 0 4 14 27 5 8 15 57 3 54 1 36 19 12 18 35 17 80 9 11
5 92 7 29 18 13 1 22 19 1 14 20 2 64 8 49 16 47 4 88 9 52 3 71 15 20 11 10 10 28 17 10 6 75 12 34 13 1 0 24
5 59 1 27 17 50 4 61 16 3 2 69 8 66 10 18 14 67 0 70 13 14 12 54 18 11 6 65 9 2 19 36 7 62 11 79 3 79 15 34
19 64 8 38 3 26 12 10 18 95 13 89 7 79 9 47 16 60 15 1 10 83 4 18 1 82 17 19 0 8 2 90 6 95 5 37 14 32 11 25
18 58 10 99 6 26 12 1 5 35 15 16 17 4 4 87 9 62 1 90 11 1 14 1 2 20 19 5 3 14 16 1 0 62 8 35 13 25 7 85
1 10 13 4 15 59 0 21 16 93 3 4 17 96 12 24 4 16 18 67 6 90 2 75 14 53 5 92 8 53 11 54 9 20 10 76 7 83 19 3
6 40 2 13 7 42 14 86 13 62 5 52 1 9 11 57 19 60 12 50 18 69 0 66 16 74 17 34 8 70 9 71 10 26 4 32 15 48 3 43
6 74 1 81 19 96 0 35 7 6 11 51 9 19 16 17 2 69 3 23 18 64 15 46 13 74 5 64 4 10 10 62 14 42 17 98 12 59 8 1
19 75 6 88 3 54 14 65 16 77 0 99 1 61 10 71 18 35 8 77 12 51 5 98 4 5 9 19 2 29 15 43 7 37 17 19 13 56 11 95
9 92 5 26 19 24 13 7 1 9 4 76 8 61 11 82 18 83 10 63 0 67 6 21 15 23 7 66 14 76 17 86 2 86 3 58 12 10 16 9
13 64 14 56 7 82 16 42 9 6 6 92 12 52 17 67 8 4 15 54 4 42 5 15 10 38 11 12 2 99 19 82 0 87 1 93 18 31 3 49
1 92 8 5 7 64 6 62 17 1 3 25 0 28 10 54 13 83 9 10 15 81 5 64 18 63 19 57 12 79 11 42 2 78 14 29 16 37 4 93
6 10 7 7 18 93 15 66 13 87 3 14 11 48 4 84 17 26 19 52 16 95 2 90 9 3 0 53 12 46 1 99 10 35 8 87 14 95 5 6
5 82 7 1 10 10 3 15 11 65 15 79 8 89 18 63 9 72 6 73 17 13 2 33 0 83 14 14 4 96 12 39 13 72 16 33 1 47 19 79
16 23 17 61 18 72 2 55 3 42 8 9 13 29 5 42 12 47 6 45 1 66 4 3 9 69 14 18 11 15 19 2 0 63 15 34 10 92 7 17
3 97 0 10 15 33 17 69 5 65 9 85 12 34 2 80 18 71 6 5 19 56 16 59 10 4 4 39 7 20 8 59 1 17 14 57 11 10 13 92
16 4 9 56 18 65 3 78 0 6 4 91 12 2 6 94 17 6 19 92 10 61 5 12 8 64 11 9 14 27 2 65 7 31 15 87 13 11 1 32
16 73 9 22 6 68 2 89 7 93 13 11 12 95 18 4 1 99 15 90 8 48 0 90 10 39 19 62 5 15 4 35 14 60 11 42 3 60 17 5
3 60 7 80 4 46 14 3 5 29 16 44 0 70 10 46 6 50 18 75 2 72 11 55 1 46 15 2 8 63 12 28 13 26 19 90 9 18 17 41
18 41 2 26 0 62 5 43 10 19 14 52 8 74 17 57 3 34 19 62 15 59 7 85 13 79 1 62 16 71 9 54 6 70 4 45 12 87 11 10
