100 20
11 78 16 68 14 67 13 14 2 94 8 59 4 42 19 32 5 82 15 42 10 60 7 59 9 72 12 19 18 26 1 5 17 61 6 55 3 3 0 78
1 31 8 20 11 98 5 93 9 38 6 33 16 98 12 27 19 18 4 53 15 4 18 81 13 29 7 48 14 95 17 82 3 1 2 99 0 76 10 75
0 33 2 77 14 47 16 16 9 80 6 58 18 2 17 12 7 8 5 16 11 79 1 71 4 23 10 28 13 55 12 52 3 1 15 83 19 33 8 55
12 48 14 97 18 11 19 6 13 3 3 54 10 66 8 21 16 36 2 11 9 13 5 9 11 2 1 26 6 3 17 20 15 94 7 28 0 81 4 74
1 72 10 92 12 55 16 61 18 38 6 90 3 48 13 45 14 47 4 10 2 95 17 50 9 90 15 1 8 25 11 84 0 20 19 89 5 73 7 30
6 65 7 73 11 7 15 77 16 8 5 68 9 83 14 22 1 25 12 70 10 5 2 15 18 69 4 93 0 36 19 88 17 1 3 87 13 28 8 81
6 15 18 51 9 5 16 4 3 22 5 59 4 32 0 85 10 19 17 25 12 85 7 16 14 96 13 35 19 13 15 91 11 66 2 50 8 9 1 24
8 25 5 95 7 31 14 42 17 63 18 40 10 85 9 28 12 69 2 35 0 80 15 33 1 34 13 80 16 34 3 23 19 18 4 67 6 33 11 1
15 43 7 97 5 82 11 31 1 45 19 23 18 15 12 61 6 73 10 64 16 27 2 89 8 84 17 48 3 97 14 41 13 21 0 96 9 14 4 44
12 97 11 89 10 33 18 2 5 46 14 23 16 87 13 13 2 29 4 68 8 6 1 79 0 70 9 54 19 98 6 6 7 45 3 25 17 1 15 7
14 14 3 87 1 72 12 97 19 18 16 56 8 65 4 90 2 81 5 87 6 79 17 22 15 6 10 52 11 19 7 78 13 40 9 30 0 81 18 77
14 67 16 75 6 81 8 92 1 71 17 64 3 71 11 52 7 17 15 68 18 10 13 11 4 14 5 46 0 88 19 50 9 1 12 89 2 76 10 89
3 15 8 65 9 98 1 71 17 95 6 66 16 32 7 82 18 99 2 59 0 96 5 20 13 68 12 58 4 43 11 80 14 49 19 23 10 27 15 71
8 5 9 30 15 37 11 13 14 51 13 28 12 86 7 2 0 55 4 48 6 20 17 49 18 77 1 84 5 44 2 20 19 5 10 11 16 79 3 54
13 48 19 43 16 66 2 48 1 77 4 50 6 30 5 67 18 63 8 5 14 74 12 54 9 61 3 13 0 55 7 33 11 10 17 7 15 29 10 20
11 90 14 26 17 42 13 71 1 42 7 64 12 17 15 14 18 35 5 59 19 35 4 69 16 23 0 62 3 67 8 39 6 72 9 16 10 47 2 45
12 80 11 52 7 75 0 46 1 68 6 86 8 38 5 46 13 61 17 31 15 35 16 76 4 95 19 27 10 32 9 54 14 58 2 6 18 19 3 60
4 49 9 68 14 83 16 76 10 21 2 96 11 40 5 12 15 50 18 46 1 5 8 96 13 78 3 22 12 99 0 90 19 81 17 13 7 71 6 36
1 98 10 39 2 11 4 36 18 55 19 22 9 53 7 43 11 10 8 89 16 38 3 50 14 52 17 9 13 63 6 96 5 73 15 99 12 20 0 33
2 49 7 31 6 97 1 34 11 45 17 75 4 73 10 56 9 27 15 58 0 59 12 84 16 94 13 92 5 34 18 3 8 7 19 29 14 7 3 99
7 78 11 82 0 50 6 83 10 14 4 53 19 7 1 47 3 73 14 70 15 44 8 26 17 80 9 42 16 23 18 60 5 70 13 18 12 30 2 16
9 18 0 75 4 25 18 36 7 95 14 13 6 41 17 87 10 88 11 7 5 70 2 95 19 23 3 55 16 47 1 34 12 3 15 25 13 89 8 61
3 23 5 8 19 54 16 82 4 8 7 2 2 17 6 63 18 86 0 90 9 57 1 6 11 19 15 85 13 97 14 36 12 77 8 18 17 83 10 22
14 52 18 50 11 23 10 30 17 76 5 79 9 1 2 24 12 38 3 85 7 24 16 72 6 31 15 95 8 82 4 72 1 51 13 89 0 93 19 52
18 17 14 94 9 7 8 4 4 96 5 57 13 16 16 38 19 54 10 16 2 3 1 77 7 51 3 35 12 43 0 88 15 93 6 24 11 28 17 37
0 9 10 7 19 59 18 18 15 80 3 10 14 70 7 62 13 36 4 92 1 31 17 4 6 69 9 48 2 57 5 4 12 30 11 15 8 84 16 61
8 45 9 24 11 64 10 28 2 99 16 78 15 73 4 88 14 20 1 3 3 15 17 11 19 29 5 63 13 85 0 14 6 34 12 95 18 24 7 46
1 41 0 83 7 40 2 80 8 56 16 85 9 70 17 95 3 91 14 75 13 95 12 48 10 96 4 75 18 1 11 63 19 32 5 1 6 92 15 76
5 60 8 73 7 90 4 51 6 76 11 69 17 46 13 77 14 90 2 37 18 14 19 5 10 61 12 58 15 81 1 65 0 66 9 21 3 60 16 83
14 90 15 41 5 88 17 58 10 26 1 13 4 65 3 86 19 60 16 85 7 17 13 32 12 64 6 32 11 79 2 47 18 19 9 24 0 75 8 11
3 70 4 47 15 71 11 61 0 89 1 11 13 54 18 50 16 22 14 97 2 97 5 12 12 70 7 98 17 20 9 15 6 59 8 77 19 21 10 20
10 2 5 94 2 90 4 33 9 77 14 83 0 6 12 12 16 18 19 77 11 78 15 12 6 41 7 10 8 45 18 14 3 6 17 32 1 55 13 62
13 70 14 6 19 69 6 62 9 37 2 87 5 18 15 80 0 71 3 55 16 47 18 53 10 49 12 27 7 49 17 85 11 41 8 54 1 32 4 17
6 56 15 7 2 28 19 63 14 26 10 48 5 6 7 16 12 76 17 63 1 70 0 28 18 29 13 57 3 13 11 41 8 74 9 65 4 50 16 14
12 23 6 61 15 95 3 59 4 46 0 81 11 95 19 74 10 27 9 33 16 56 1 19 14 8 18 47 2 88 7 19 8 59 17 26 13 91 5 39
8 7 0 86 18 60 1 77 14 26 19 76 2 45 11 66 17 44 13 56 3 3 12 46 10 53 5 80 7 11 4 37 6 82 9 98 15 40 16 67
14 30 1 55 3 93 10 11 7 19 15 23 16 79 0 17 5 96 13 91 4 4 18 61 11 9 17 30 2 85 9 90 12 18 8 39 19 47 6 49
5 12 9 6 3 61 10 82 2 53 19 54 12 57 11 52 1 1 0 10 6 48 8 75 18 86 4 4 14 71 15 70 7 91 17 71 16 9 13 25
19 6 5 32 16 67 18 5 17 37 3 72 13 3 8 41 2 78 10 12 9 54 1 51 0 85 7 25 15 2 14 73 4 81 6 98 11 6 12 35
15 68 6 92 18 96 12 7 10 75 3 57 2 38 17 32 8 49 11 64 0 94 16 40 19 10 9 56 14 76 7 4 4 16 13 22 1 19 5 92
9 40 6 95 8 15 7 51 15 90 16 87 19 45 10 61 14 25 5 63 12 73 1 47 17 77 18 16 11 34 0 78 3 16 4 97 13 20 2 65
10 51 14 79 12 3 6 95 5 49 9 90 17 8 13 33 15 58 18 6 16 42 2 67 0 57 11 25 1 43 7 70 3 60 4 47 19 49 8 86
11 59 0 6 14 82 18 73 9 30 5 94 8 59 6 80 19 49 3 63 17 96 10 70 12 60 2 39 15 2 4 81 13 69 1 68 16 3 7 24
11 74 6 4 0 71 12 83 1 53 14 45 18 82 9 49 2 62 8 93 17 91 4 65 15 17 16 55 7 50 10 39 19 30 13 97 3 58 5 22
3 42 19 16 8 29 7 89 17 50 2 3 12 59 9 61 16 60 4 81 18 58 6 46 15 32 0 69 10 30 11 59 14 28 5 24 13 76 1 24
14 58 6 32 7 77 12 47 5 43 0 32 1 97 11 11 10 40 13 32 2 15 3 55 16 31 8 16 17 31 19 54 9 98 4 33 15 63 18 97
19 26 17 43 11 19 14 49 3 82 0 78 2 52 10 91 7 3 4 35 9 7 1 73 8 14 16 44 13 83 5 90 18 64 15 14 12 36 6 73
3 56 1 27 4 10 14 45 18 35 13 20 5 44 15 16 9 50 6 99 2 94 11 13 7 33 17 53 16 69 8 57 10 52 19 8 12 89 0 3
19 46 2 41 0 78 5 62 11 82 10 32 13 17 18 60 7 69 3 10 1 65 6 5 9 87 16 16 14 12 17 67 4 88 12 76 8 35 15 48
10 59 16 44 11 39 5 47 2 2 6 17 12 76 13 10 14 26 15 12 8 17 18 96 4 11 17 21 1 40 3 11 9 24 0 23 7 19 19 27
2 49 4 12 16 86 12 36 9 14 8 33 3 88 11 45 7 45 13 81 5 14 15 3 17 25 0 81 18 80 1 38 10 98 6 97 19 64 14 6
15 80 18 41 10 35 7 8 2 54 13 43 4 51 0 67 1 46 19 96 6 14 3 97 5 73 17 53 9 22 8 53 14 89 11 8 16 17 12 95
10 59 1 2 5 45 6 60 15 52 14 47 17 45 13 51 3 24 2 81 16 9 0 20 19 47 9 74 8 78 11 10 18 52 4 41 7 78 12 76
6 22 8 39 13 65 16 84 12 35 10 9 2 3 7 92 19 62 0 12 5 93 15 83 9 58 1 84 14 72 4 1 17 74 3 23 18 7 11 40
5 66 11 18 12 38 6 20 9 30 14 50 16 41 3 27 2 44 17 24 7 2 1 34 0 87 15 75 10 38 4 31 18 19 13 89 19 24 8 79
16 96 7 89 9 61 5 51 2 45 19 3 8 4 18 56 10 41 13 62 12 98 11 28 1 23 0 29 15 58 17 82 14 51 4 78 6 23 3 72
14 87 19 34 2 84 1 29 7 6 6 55 16 63 4 4 10 68 0 85 3 1 5 93 18 60 9 36 12 95 8 73 17 35 13 93 11 69 15 97
19 68 18 85 16 2 12 62 15 75 17 92 7 87 8 9 3 44 5 43 11 62 1 56 2 3 13 93 0 34 14 46 6 22 10 21 4 88 9 80
6 88 0 36 13 83 3 62 15 98 10 47 9 2 2 91 8 74 7 79 4 19 16 45 19 28 11 16 5 55 18 82 17 25 12 32 14 6 1 6
15 66 4 61 6 8 14 65 9 23 17 60 18 63 12 75 16 58 13 70 0 80 1 54 11 57 5 38 3 21 10 61 2 50 7 99 8 94 19 75
1 3 3 42 18 8 7 24 5 76 14 48 10 73 16 97 8 88 9 99 13 44 15 65 2 34 0 84 4 30 12 10 19 45 17 73 6 80 11 69
14 28 8 5 15 3 5 20 18 59 13 18 6 9 4 10 1 57 17 62 11 95 12 3 0 21 10 78 19 55 2 54 9 68 3 73 7 66 16 48
18 55 14 93 6 37 1 19 17 4 7 34 2 56 3 79 11 73 13 31 5 3 16 62 19 13 9 66 0 72 10 74 8 21 4 15 12 44 15 18
5 97 1 48 3 27 2 47 15 49 8 47 0 4 18 15 6 40 17 52 19 57 10 19 7 64 16 18 11 33 14 25 13 8 9 67 12 9 4 92
8 91 10 36 4 38 17 87 11 20 13 93 6 43 3 1 0 90 14 22 9 82 12 40 7 49 15 1 2 19 5 35 16 39 18 58 1 78 19 4
9 98 19 88 14 49 15 20 13 45 18 85 16 95 6 13 8 85 2 40 4 27 1 75 10 92 17 65 3 75 0 39 12 49 5 96 7 91 11 58
11 71 17 66 15 5 3 38 16 15 9 72 1 49 6 13 12 69 2 54 0 31 13 14 14 24 8 18 5 9 18 91 19 59 4 3 10 9 7 61
5 90 9 65 17 91 18 4 2 6 4 95 19 9 3 38 8 28 6 21 15 40 10 32 0 88 7 31 14 20 11 10 16 55 13 94 1 44 12 94
9 98 8 63 15 89 4 46 14 83 0 52 3 49 16 37 7 1 2 8 6 58 19 21 18 36 13 90 11 52 12 42 17 63 10 4 1 77 5 16
3 10 0 2 19 80 2 18 17 85 9 9 7 97 11 49 6 62 8 62 10 2 14 18 13 69 12 65 18 76 4 50 15 32 16 22 5 1 1 25
12 99 4 33 6 81 1 45 5 84 15 31 8 46 2 11 17 53 7 70 9 96 10 51 13 61 0 57 11 18 16 50 14 84 3 9 18 19 19 67
18 35 0 24 4 10 7 79 14 89 15 76 6 37 11 78 2 10 12 24 3 86 9 9 5 69 17 68 10 59 1 66 8 74 13 13 16 59 19 82
19 79 6 2 11 43 14 28 17 5 16 5 18 94 2 21 15 26 9 5 3 83 12 48 10 26 4 79 7 12 8 8 0 32 1 16 13 81 5 2
17 75 6 20 0 50 1 17 18 2 2 28 15 68 13 32 11 58 4 90 19 35 5 3 9 55 10 82 14 1 16 46 3 93 12 27 7 37 8 51
19 94 9 42 11 97 5 58 12 97 7 85 13 78 1 31 17 78 18 51 3 6 14 12 2 97 10 16 16 39 4 71 8 78 0 24 6 12 15 67
15 82 6 44 12 86 13 5 5 17 17 67 19 75 0 92 3 7 4 82 8 43 1 53 10 41 11 88 14 69 18 23 9 78 2 8 7 88 16 77
3 12 6 50 7 56 0 79 13 67 10 86 11 81 19 6 18 9 16 91 8 25 1 6 15 75 2 47 14 46 9 7 12 80 4 69 5 94 17 45
10 35 4 80 8 46 6 45 14 49 15 40 17 90 9 1 12 16 13 75 0 9 3 66 1 90 16 67 5 17 18 80 19 65 7 18 2 10 11 44
4 15 19 19 1 95 9 89 12 56 15 72 17 67 18 7 2 93 13 71 11 88 8 81 3 93 6 87 10 9 0 82 7 88 16 80 5 85 14 4
7 83 9 63 1 83 10 89 12 71 8 3 15 76 5 34 0 27 11 16 19 92 4 30 17 77 2 85 14 33 6 11 13 71 3 7 16 7 18 1
13 96 2 6 10 89 14 92 16 19 1 22 3 55 0 90 11 68 7 59 18 50 12 40 4 14 5 75 15 2 8 73 6 9 19 68 9 91 17 47
17 17 1 82 19 92 8 17 7 54 18 5 0 37 16 80 2 20 13 7 14 37 15 54 6 36 10 7 5 14 4 68 3 54 11 63 12 91 9 61
3 18 4 52 15 3 2 57 12 53 9 38 5 58 18 34 8 4 17 57 10 62 13 83 1 10 7 74 0 75 19 87 11 30 14 21 6 33 16 30
14 70 19 69 3 53 13 20 17 20 9 67 7 56 12 93 16 32 8 89 18 46 5 97 1 50 0 5 11 7 6 64 2 86 4 96 15 10 10 68
19 82 4 73 2 61 6 64 18 18 3 29 0 82 8 51 7 31 10 18 9 99 13 78 1 60 5 14 16 26 15 58 17 20 12 16 11 51 14 75
6 11 15 71 18 53 17 7 1 92 10 36 13 75 14 16 3 36 16 60 19 46 8 43 11 73 0 81 4 98 12 2 7 74 2 3 9 53 5 6
0 67 6 74 3 28 1 85 13 56 7 8 12 26 11 13 9 79 5 28 15 83 18 30 8 88 16 58 4 92 19 34 2 71 17 98 14 20 10 94
7 97 18 24 9 18 6 82 4 12 8 2 15 45 17 45 3 32 5 83 14 99 16 68 19 55 13 21 0 75 1 98 12 18 11 74 10 64 2 96
19 19 18 77 10 80 13 47 4 86 15 7 9 33 7 71 16 80 12 52 6 83 2 16 14 18 8 62 5 50 3 26 0 66 11 16 1 86 17 56
18 91 9 45 17 71 4 31 15 18 10 40 12 24 6 9 3 30 0 36 11 84 14 19 2 83 19 75 7 63 13 47 1 81 8 75 16 94 5 39
9 61 13 94 10 21 6 95 15 25 5 42 7 75 1 21 12 37 4 27 16 66 11 9 0 70 2 98 14 15 19 58 3 95 8 34 18 76 17 37
1 4 7 4 9 33 6 82 13 87 0 14 16 26 19 74 15 41 10 44 3 19 14 59 2 37 12 49 5 6 11 58 4 65 18 97 8 52 17 93
9 49 10 9 11 33 17 45 3 44 7 56 18 27 12 52 16 14 14 26 1 35 13 21 6 72 4 43 2 12 8 68 5 39 0 57 19 16 15 63
6 44 16 13 4 37 5 95 15 75 17 3 2 43 10 80 9 61 19 56 1 73 14 72 11 19 7 72 0 30 12 61 13 68 18 69 8 74 3 22
8 74 6 30 12 50 13 31 7 6 1 62 11 74 17 36 18 67 16 67 14 60 10 82 5 93 4 1 3 16 0 80 19 71 15 33 2 75 9 72
3 60 2 78 15 60 17 41 1 7 12 6 6 66 16 39 5 71 14 77 9 49 13 49 0 5 10 18 18 26 19 42 11 72 4 89 8 20 7 58
10 57 19 95 5 92 6 1 11 57 15 72 1 8 17 22 8 43 12 5 16 24 18 69 4 90 14 89 3 11 13 3 0 38 7 33 9 35 2 13
16 66 4 91 8 73 14 80 1 26 17 45 13 89 12 20 0 63 6 57 15 83 19 31 9 12 10 15 2 47 11 58 3 29 18 41 5 65 7 30
0 33 5 90 3 52 19 3 10 91 7 77 6 4 8 54 11 44 9 24 4 44 14 59 17 50 12 5 16 19 18 15 1 76 13 3 15 52 2 2
19 97 7 4 13 29 6 39 4 45 10 61 9 16 5 66 14 39 0 55 15 29 12 38 18 87 1 64 3 88 11 55 17 86 16 56 2 39 8 61
