100 20
6 77 12 44 2 90 10 34 18 56 5 60 8 57 9 77 13 55 14 19 7 26 15 85 4 11 0 39 19 60 3 32 11 91 17 9 16 97 1 69
1 23 13 24 9 59 8 16 3 37 12 66 2 49 17 99 14 55 7 61 5 65 4 57 18 64 19 17 10 40 11 24 6 53 0 31 15 88 16 39
2 48 12 59 4 38 14 86 9 26 17 73 11 33 8 39 0 50 18 1 10 22 7 64 15 96 5 52 1 34 19 7 16 52 13 16 3 15 6 58
19 9 0 26 15 84 4 98 7 98 10 4 3 78 11 78 12 29 2 59 5 71 1 80 8 62 18 97 13 63 9 17 14 50 6 97 16 89 17 12
14 45 6 89 11 81 7 66 8 96 15 75 10 60 0 26 16 53 5 23 4 22 19 54 3 72 12 31 2 14 18 39 9 25 17 36 1 22 13 19
7 22 18 51 1 69 17 32 10 93 15 15 13 39 5 59 19 35 12 75 3 70 2 85 4 85 14 19 6 15 0 87 8 28 11 41 9 49 16 26
12 67 10 37 1 65 11 17 13 86 9 70 15 39 7 75 19 73 2 49 17 15 14 36 3 61 8 19 16 18 0 74 5 70 18 23 4 15 6 53
2 58 15 73 6 10 0 78 17 36 4 83 14 11 3 12 5 75 8 91 9 42 18 38 19 24 12 93 1 2 10 25 7 78 13 85 16 87 11 20
14 66 4 27 8 89 9 67 10 93 19 88 16 44 18 88 17 87 6 21 12 71 2 73 3 5 7 92 1 56 15 45 11 81 0 8 13 25 5 18
5 67 4 33 15 46 13 46 19 73 2 20 3 56 8 27 10 66 6 44 18 33 9 63 16 95 17 98 0 6 1 19 11 65 12 60 7 90 14 44
2 21 7 91 1 34 11 42 9 67 3 1 16 44 18 10 15 38 17 46 10 81 4 67 8 28 14 79 19 99 12 63 5 33 0 17 13 33 6 56
18 54 17 94 14 32 3 42 4 17 8 37 9 4 7 58 12 20 5 40 11 87 15 97 0 6 10 46 16 57 6 15 1 82 19 41 2 28 13 97
2 40 13 67 16 93 19 24 4 35 0 89 6 40 17 74 10 71 11 73 15 38 1 12 12 28 7 74 5 25 9 86 3 79 14 72 8 83 18 56
19 62 3 35 14 37 1 95 11 13 15 89 6 1 0 36 5 66 7 6 9 72 13 49 18 52 12 73 2 68 10 49 4 78 16 8 8 74 17 55
17 12 13 74 16 53 1 34 10 18 3 68 2 49 5 70 18 44 14 72 19 50 0 19 7 80 6 96 8 66 15 96 11 45 12 38 9 65 4 56
7 3 11 77 1 44 19 92 12 20 16 29 9 42 0 38 15 49 8 45 4 65 17 9 13 71 18 98 5 18 14 12 6 69 3 82 10 81 2 99
17 45 11 11 3 40 14 58 8 4 6 3 5 48 18 74 13 25 0 33 9 87 15 66 12 58 19 48 4 10 16 83 1 15 7 1 10 3 2 82
16 14 14 30 8 67 15 94 11 31 6 91 17 39 1 43 7 71 3 22 18 71 2 87 19 10 0 13 9 96 4 38 13 34 10 85 12 1 5 47
2 82 18 59 10 22 14 57 11 92 0 56 7 96 16 37 8 31 13 30 17 22 9 22 19 8 15 66 6 21 3 8 12 11 1 27 4 39 5 67
11 2 17 66 9 92 18 49 16 65 12 49 6 80 3 96 19 25 13 49 10 40 8 81 4 6 2 63 0 10 14 71 15 7 5 85 7 62 1 74
17 72 1 45 14 81 4 70 5 57 2 86 13 88 0 54 7 34 3 34 11 60 6 75 16 51 19 83 8 85 10 32 12 97 9 68 15 94 18 54
16 47 9 60 0 69 6 54 12 51 3 35 18 72 5 94 10 45 13 85 11 13 4 25 19 75 17 81 15 63 7 83 2 64 8 51 1 59 14 8
6 19 19 19 14 99 10 28 0 94 13 53 18 76 16 13 11 5 5 65 9 56 1 27 17 20 2 25 15 90 12 36 4 51 3 35 8 89 7 33
10 37 13 67 19 76 16 88 3 50 8 78 14 88 7 27 11 35 5 43 15 33 12 98 1 4 6 4 18 12 17 3 2 12 0 80 4 57 9 22
11 12 18 52 4 44 3 61 14 34 15 87 17 31 5 11 10 85 7 76 6 53 13 39 9 80 12 36 2 15 19 61 16 32 8 24 1 59 0 64
9 70 0 73 13 2 16 51 18 77 3 92 14 79 6 48 12 28 2 78 8 51 10 57 4 54 19 32 5 98 17 59 15 49 11 45 7 45 1 90
15 14 8 61 7 98 16 26 13 60 9 76 11 62 5 48 19 69 12 44 10 34 2 57 14 1 17 88 18 82 3 31 4 73 6 39 0 9 1 3
11 4 7 50 5 81 6 23 8 44 15 39 0 6 19 48 9 93 16 36 4 67 12 85 14 73 10 59 13 96 2 90 18 32 17 56 1 75 3 26
4 30 8 48 12 40 15 6 0 64 6 43 2 48 11 86 7 75 5 40 3 86 13 11 10 49 1 74 19 19 17 18 9 6 18 8 16 41 14 50
5 28 0 81 3 1 4 98 9 52 12 43 14 32 17 91 7 74 6 17 15 47 8 47 11 61 2 13 10 70 18 2 1 17 13 96 16 75 19 90
10 11 17 19 11 11 2 99 15 35 1 31 3 73 14 32 0 74 18 55 6 40 19 19 13 82 5 51 7 96 16 26 9 19 12 13 4 28 8 58
19 67 1 97 15 79 13 23 6 56 7 13 14 94 10 63 5 61 2 76 8 24 16 44 12 47 17 41 3 69 18 31 11 87 9 95 0 15 4 13
10 49 12 10 1 6 3 46 9 16 11 49 2 91 17 14 18 61 14 6 19 43 6 48 0 87 13 24 16 85 8 27 5 69 4 5 7 27 15 98
12 56 6 16 13 19 14 33 3 77 4 36 5 60 18 2 7 82 17 77 0 51 10 49 1 76 2 44 19 2 11 37 15 6 8 67 16 1 9 93
9 34 5 63 0 80 11 6 14 65 18 34 1 44 13 22 7 28 17 44 2 36 15 40 10 82 8 58 4 66 3 66 16 66 19 55 6 27 12 52
19 32 11 50 7 66 15 87 9 5 18 21 2 91 10 80 6 68 14 78 1 94 5 57 0 85 13 14 17 20 4 71 8 76 3 10 12 67 16 4
9 80 16 94 1 3 5 17 4 38 12 61 6 18 13 70 7 50 17 12 0 79 18 37 14 66 15 16 19 17 3 4 11 6 10 35 2 17 8 71
4 53 10 96 17 91 15 35 6 87 13 94 11 93 19 20 7 45 1 13 9 22 2 56 0 64 18 35 12 37 3 60 14 32 8 9 16 79 5 87
0 75 15 62 11 75 8 88 5 27 2 7 14 9 18 95 19 98 13 50 10 8 12 85 9 5 3 74 7 4 1 11 4 14 6 77 16 67 17 5
10 12 18 39 16 93 12 48 17 8 4 24 15 43 13 24 14 82 2 53 3 84 7 57 9 11 1 27 11 62 0 46 8 22 5 68 6 84 19 36
0 40 17 58 10 22 11 75 9 64 12 70 5 3 18 3 16 79 1 88 6 79 4 74 13 31 3 69 2 52 8 47 7 57 19 27 15 66 14 87
10 77 15 94 1 38 0 59 7 75 14 58 11 87 18 44 12 69 3 75 9 35 6 5 2 79 16 82 13 74 17 81 4 81 19 68 8 53 5 12
18 58 1 37 8 59 11 72 15 72 17 8 4 5 16 81 2 8 0 4 19 2 13 4 6 71 5 37 14 53 12 73 7 62 9 93 10 73 3 38
6 41 3 33 11 10 4 40 19 33 14 38 5 27 15 95 16 54 18 33 17 15 8 18 9 33 13 29 12 54 10 99 1 79 0 82 2 78 7 59
6 45 7 82 15 21 13 66 1 77 3 72 12 38 8 99 11 22 10 46 17 95 2 60 0 65 9 77 16 21 19 66 4 90 5 37 14 76 18 12
9 56 5 33 16 53 6 59 17 74 11 92 2 39 18 57 13 95 4 8 0 98 19 12 15 62 12 30 7 50 1 9 14 18 10 71 8 8 3 52
15 58 6 76 14 97 17 95 7 22 19 94 5 15 3 49 12 23 16 10 10 22 8 52 4 47 11 47 0 17 2 33 18 1 9 6 1 21 13 66
10 22 6 21 18 83 9 74 12 97 13 94 15 37 1 23 0 71 4 67 5 26 14 17 7 85 16 5 3 46 2 28 11 47 17 9 19 78 8 24
4 32 15 9 8 70 18 5 9 9 3 68 0 93 14 11 19 68 16 76 5 61 7 10 1 84 11 6 12 92 2 12 10 46 13 89 17 49 6 65
7 3 18 60 12 16 3 83 15 35 1 62 19 36 13 19 10 23 6 48 14 11 16 21 8 97 0 86 5 72 9 93 17 16 11 89 2 37 4 36
6 19 13 36 3 88 10 16 17 1 5 12 1 3 15 64 19 83 11 64 16 18 12 29 18 62 0 25 7 96 14 76 9 54 8 14 2 36 4 66
3 88 14 59 8 43 6 57 18 70 0 1 15 10 2 54 7 54 4 30 5 7 17 5 10 52 13 37 1 86 16 59 19 53 11 86 9 97 12 91
11 22 15 92 13 48 4 49 9 51 3 86 5 55 1 60 12 10 7 30 18 72 14 14 6 25 0 92 17 10 2 49 10 55 19 37 16 27 8 90
13 29 4 26 16 25 5 69 3 43 11 31 6 4 14 37 0 16 17 33 8 83 10 34 9 81 12 24 2 48 19 31 1 10 18 33 7 57 15 78
9 46 16 9 0 22 12 5 7 51 4 5 8 86 17 80 5 34 18 91 10 36 11 76 13 3 1 24 19 9 3 46 15 34 2 52 14 18 6 16
4 73 2 77 5 66 6 90 17 8 16 18 11 30 0 2 12 98 19 22 15 16 10 99 1 80 3 4 18 44 13 19 14 55 9 15 7 3 8 96
11 14 18 87 4 11 15 30 10 70 5 72 12 94 0 97 6 63 7 54 2 78 17 62 8 34 1 48 13 30 19 4 14 20 3 19 9 78 16 54
4 15 5 37 12 9 11 21 14 5 17 80 6 85 8 33 15 11 2 67 7 86 10 16 3 82 18 12 13 90 16 62 0 4 1 94 19 16 9 96
10 56 11 13 6 11 0 69 18 67 4 4 9 18 14 12 15 18 12 37 1 38 5 70 17 3 16 16 13 88 2 47 3 91 8 82 7 69 19 3
1 30 4 68 2 37 17 40 11 67 15 73 13 46 8 76 14 87 9 44 12 47 10 18 16 87 0 82 18 10 7 58 19 14 5 90 6 91 3 99
12 17 6 3 7 65 2 16 8 2 15 51 16 52 13 17 4 63 9 63 3 15 1 60 17 99 18 14 5 67 10 54 0 20 14 12 19 92 11 56
7 19 19 34 8 31 9 57 3 30 14 10 13 36 10 24 0 32 6 27 1 50 5 39 2 85 17 81 16 90 4 85 15 80 11 32 18 28 12 21
10 8 13 75 0 97 16 38 8 6 5 30 15 5 18 36 6 78 14 47 12 1 3 70 11 79 2 80 1 39 9 75 4 36 17 5 7 13 19 31
11 63 7 28 18 78 1 94 3 82 8 35 12 4 10 16 0 39 4 64 9 60 13 12 14 67 15 67 6 45 5 27 17 68 2 14 19 73 16 64
7 44 11 97 16 46 4 64 14 5 0 48 2 80 17 11 6 52 19 35 5 4 10 24 18 41 12 98 1 83 13 72 3 94 15 97 9 69 8 11
3 99 19 51 14 4 12 71 8 8 7 88 17 10 15 8 4 67 9 35 11 21 10 91 2 50 13 23 18 17 5 28 6 45 0 83 1 88 16 98
16 23 12 29 7 58 0 37 6 71 17 36 18 24 15 72 2 17 13 91 14 86 3 32 9 34 4 24 10 36 1 89 19 37 11 99 5 69 8 25
18 40 8 75 15 93 3 43 12 63 14 21 1 55 5 28 11 99 6 99 7 80 13 27 0 92 19 87 4 48 17 39 2 62 10 7 9 18 16 74
3 94 14 9 6 71 11 88 0 95 5 85 4 33 7 64 2 66 1 32 16 62 10 77 18 55 17 13 13 56 8 83 15 48 12 72 19 99 9 84
10 54 4 50 14 55 7 52 2 13 13 7 18 10 3 27 12 45 0 17 15 61 9 10 19 13 16 27 8 71 5 71 17 98 11 77 1 44 6 93
8 85 6 54 11 29 14 4 13 21 0 24 19 24 12 88 10 22 5 41 16 76 3 38 7 33 4 47 1 16 18 30 9 93 2 68 15 77 17 75
18 47 16 10 8 58 3 46 7 66 6 46 5 97 17 33 15 25 19 7 2 8 12 39 10 74 1 40 4 34 9 34 0 41 14 28 11 99 13 14
5 97 15 80 14 12 19 19 16 75 10 99 8 42 11 53 9 90 1 48 7 73 18 66 2 37 13 37 0 33 17 22 12 29 6 7 3 57 4 45
10 18 19 70 12 43 0 46 18 32 17 6 16 49 11 41 8 72 6 53 2 26 1 52 5 60 9 99 15 12 7 13 13 79 3 11 14 14 4 50
0 25 5 1 12 74 13 37 3 32 15 35 2 65 4 90 8 28 7 29 17 75 11 42 10 79 14 48 18 9 1 65 6 30 16 23 19 28 9 46
2 2 12 42 10 6 11 23 6 71 16 92 8 30 4 68 9 15 0 61 18 34 7 28 1 35 3 98 17 8 14 78 19 68 15 25 13 7 5 90
7 27 8 79 17 85 4 17 11 79 16 48 1 51 2 69 15 70 6 65 19 8 3 14 5 90 13 38 9 52 10 77 14 4 18 19 12 51 0 93
18 22 14 22 8 74 5 4 11 53 2 40 15 43 9 35 4 81 13 45 17 38 16 90 1 53 0 6 7 8 6 56 3 62 10 77 19 82 12 66
0 92 7 29 3 94 8 32 11 72 14 32 18 64 4 31 10 39 16 71 13 56 12 69 19 54 2 74 15 10 6 63 17 71 9 66 5 48 1 58
1 33 18 67 2 89 11 61 8 47 0 39 4 66 5 61 14 65 12 86 10 73 13 45 6 37 15 33 7 46 17 32 16 52 9 27 3 47 19 32
1 11 14 65 18 64 0 21 15 23 16 48 2 99 4 94 6 27 5 48 17 37 9 86 10 54 12 27 19 40 11 2 8 14 13 80 3 11 7 89
4 61 19 46 11 79 10 52 8 32 18 42 17 16 16 49 5 31 12 91 13 41 7 28 2 11 14 74 9 57 15 56 1 14 0 15 3 35 6 98
8 71 5 86 7 57 14 41 10 16 1 93 0 77 13 95 3 14 17 55 19 60 15 4 12 87 16 42 18 85 9 37 4 23 2 48 11 50 6 75
7 74 10 46 8 3 18 37 14 19 4 42 17 7 15 76 9 50 11 85 0 77 13 47 1 49 16 20 5 47 12 20 6 39 3 34 2 49 19 18
12 24 2 40 9 87 15 94 1 31 3 39 13 57 14 32 7 13 0 73 8 48 17 89 11 56 5 83 10 50 6 21 4 35 18 70 19 88 16 4
14 51 15 99 12 20 18 62 17 76 4 11 11 73 0 45 3 42 19 44 6 57 2 82 10 68 5 9 13 87 1 10 9 99 8 80 7 41 16 44
8 24 16 77 4 9 11 42 15 32 10 54 5 55 17 78 1 60 12 9 9 23 7 42 3 82 6 10 18 63 0 88 14 30 19 94 2 43 13 37
2 23 11 38 5 28 6 17 8 55 17 70 14 8 3 33 10 16 9 78 12 33 16 9 1 39 4 83 7 5 13 35 19 6 18 73 0 90 15 16
10 86 14 9 11 79 12 19 17 41 8 55 13 50 1 53 2 37 16 53 18 99 6 38 5 45 4 94 15 15 0 76 3 95 7 69 19 97 9 37
5 64 17 12 15 49 7 13 4 98 14 10 19 15 12 7 18 93 0 49 1 19 6 9 11 52 9 24 3 33 13 22 16 99 8 59 10 5 2 36
16 97 10 11 11 2 8 23 3 1 1 98 17 93 15 52 13 68 9 69 0 51 12 52 14 17 5 21 19 26 18 71 2 46 6 28 4 81 7 53
2 82 11 42 10 83 8 48 17 92 14 65 6 62 16 63 18 39 15 66 0 14 3 91 19 23 7 25 12 12 9 86 4 9 13 4 5 38 1 59
1 27 15 89 9 52 2 39 6 8 8 12 4 25 0 82 5 46 12 36 17 69 3 63 13 94 11 70 16 58 14 25 18 96 7 78 19 45 10 91
13 6 2 14 5 64 0 45 3 7 16 74 10 56 7 82 6 80 11 35 8 15 14 10 9 73 15 7 18 74 1 52 19 18 4 80 12 14 17 78
4 18 6 60 9 48 13 73 8 17 3 19 14 95 7 17 5 13 10 9 0 91 15 30 12 38 18 1 19 55 17 23 2 23 1 49 11 9 16 70
9 64 18 19 19 1 2 95 10 33 4 77 11 59 16 49 5 46 3 85 15 27 0 36 8 18 1 58 13 17 6 16 17 80 14 91 12 3 7 39
19 48 14 29 10 42 6 76 17 90 16 97 9 83 0 89 8 70 1 10 3 64 13 6 5 85 11 16 15 59 18 57 2 10 7 44 4 17 12 55
13 98 9 82 6 24 14 26 0 59 12 9 2 31 10 44 5 92 18 76 8 71 16 87 1 73 17 44 4 1 3 13 7 57 11 43 19 22 15 19
13 18 9 80 2 74 16 28 12 12 1 79 7 20 5 76 10 39 17 38 0 67 18 29 14 90 19 44 11 2 3 67 4 69 6 17 15 73 8 30
18 42 0 87 11 30 13 30 12 41 2 87 10 33 14 2 9 76 19 23 17 58 3 75 16 49 4 53 15 69 5 78 1 94 8 76 7 83 6 58
