100 20
5 97 19 22 10 90 7 77 0 63 6 66 16 66 17 79 1 91 2 14 15 25 8 60 11 80 3 54 4 24 14 56 12 76 9 93 18 18 13 68
1 50 0 2 5 57 10 45 16 94 2 53 19 18 3 55 12 53 14 4 15 56 18 81 13 69 6 21 9 11 4 61 8 35 11 49 17 72 7 20
11 10 5 3 1 97 6 81 7 84 10 31 15 65 2 79 17 91 18 80 12 90 4 65 8 36 9 56 3 3 16 18 13 54 14 6 19 52 0 15
6 33 4 93 5 63 8 98 2 20 0 67 16 82 1 31 7 69 17 79 12 11 14 79 3 63 10 17 13 61 9 51 19 89 11 61 18 72 15 62
1 90 0 62 10 52 11 75 4 84 13 74 18 31 19 14 16 41 14 84 7 53 9 95 5 82 8 52 12 96 3 11 15 70 6 83 2 86 17 20
11 35 19 26 12 9 0 42 10 93 3 29 15 73 2 23 1 13 6 94 5 39 8 62 18 72 13 65 16 41 4 81 17 80 7 25 9 37 14 15
13 11 14 50 5 12 9 1 0 41 18 89 16 7 17 64 4 94 19 42 3 70 11 62 6 67 15 74 2 66 10 52 8 25 12 54 1 67 7 70
12 26 3 54 2 65 16 78 13 81 5 73 19 96 17 81 18 96 8 9 14 75 6 60 7 59 0 2 10 32 9 98 15 32 4 86 1 25 11 71
3 98 7 93 1 65 13 5 4 12 17 25 14 7 16 13 8 7 19 51 2 48 5 77 12 49 18 66 0 97 9 66 15 32 6 59 11 88 10 58
1 19 16 31 14 61 9 82 18 41 0 52 10 20 12 67 8 7 7 50 3 66 4 74 2 81 17 73 5 49 13 18 11 45 19 94 6 49 15 68
11 65 2 30 3 31 12 92 9 13 10 70 13 51 5 24 8 65 7 61 15 91 1 66 4 29 6 73 17 59 0 16 18 11 19 22 14 27 16 83
7 13 18 43 16 52 17 86 14 42 6 59 13 1 2 74 15 92 8 47 9 53 0 19 1 92 5 49 4 51 10 40 11 74 19 28 12 48 3 48
12 61 3 24 10 40 6 65 16 54 11 51 1 51 19 32 2 77 4 57 17 65 18 47 14 2 8 99 0 82 9 46 5 41 7 76 15 73 13 29
5 17 14 63 3 6 0 73 2 58 15 22 11 42 6 9 4 76 1 22 8 11 19 97 16 94 10 16 9 15 12 45 17 12 13 22 18 1 7 44
0 43 11 42 17 40 9 91 14 57 10 65 12 30 19 37 15 71 2 66 18 86 6 37 3 42 4 82 13 40 16 62 1 96 5 51 7 53 8 23
14 9 4 37 15 64 19 16 2 28 1 71 17 31 3 18 5 3 0 24 16 70 10 72 12 87 13 66 6 56 8 29 7 68 11 83 18 1 9 93
11 78 1 17 0 80 3 45 7 34 13 29 8 42 15 20 16 37 14 91 10 67 6 12 4 76 17 27 2 61 9 5 5 81 18 96 12 41 19 87
11 97 3 13 5 7 14 45 7 37 2 48 13 55 9 43 4 96 17 3 18 76 1 78 8 30 19 26 15 26 10 25 16 36 0 16 12 56 6 27
3 75 6 57 0 10 11 35 5 45 14 16 9 89 1 38 17 62 16 68 19 92 12 37 7 36 15 51 4 55 18 96 10 83 2 97 8 77 13 57
18 99 2 17 7 12 17 21 16 42 1 73 13 69 8 23 12 24 19 82 6 35 15 37 11 55 9 56 4 44 10 30 5 95 0 74 3 70 14 27
17 96 13 53 8 73 4 32 0 76 12 79 14 59 10 1 1 19 16 48 18 44 5 40 3 97 19 94 11 50 6 5 9 31 2 4 7 47 15 95
0 38 4 30 2 77 8 53 6 47 10 94 1 95 16 4 18 18 19 1 3 86 12 55 5 37 9 44 17 44 15 64 13 77 7 27 14 7 11 63
7 30 14 10 6 6 1 36 9 16 15 8 3 94 11 13 17 39 2 80 0 34 19 41 4 52 12 46 8 95 16 62 5 97 18 43 10 30 13 81
16 88 13 9 12 76 10 14 2 73 1 14 8 40 14 71 11 3 9 29 15 96 3 82 18 85 5 42 17 46 4 42 7 65 6 34 0 85 19 5
0 93 5 31 9 8 18 94 7 34 14 81 8 75 6 44 1 35 19 28 13 62 2 97 12 37 16 72 4 71 17 19 3 40 11 86 10 30 15 34
7 84 15 10 13 15 5 55 6 55 16 49 4 67 0 26 19 15 9 68 10 72 8 69 17 49 18 70 3 1 14 30 11 87 1 55 2 34 12 13
2 38 9 36 1 46 17 85 19 12 6 24 18 13 8 30 4 2 13 91 11 54 7 72 0 83 3 38 10 88 5 55 15 19 12 39 14 80 16 69
9 38 8 22 6 67 18 49 0 11 12 53 15 23 16 77 2 24 10 82 13 45 4 37 1 37 11 76 5 92 3 65 17 90 14 49 19 65 7 46
2 47 13 90 10 94 1 72 4 91 15 71 0 77 3 6 14 14 19 84 9 94 6 87 16 8 11 66 8 76 18 90 17 72 7 5 5 66 12 66
15 49 8 3 14 33 5 71 19 15 13 92 1 15 16 63 0 76 10 27 9 4 6 92 7 73 11 44 2 76 12 53 17 54 18 50 4 32 3 71
14 86 3 93 10 95 1 97 8 26 18 90 0 33 6 19 5 9 9 23 19 3 4 29 16 21 17 31 15 95 2 23 7 31 12 12 13 82 11 80
2 9 4 88 19 3 0 72 8 74 5 19 16 51 10 24 9 71 12 78 13 26 15 58 17 56 7 31 1 79 14 25 3 14 18 80 6 11 11 6
3 17 13 5 11 88 16 91 15 99 10 77 14 70 6 35 0 48 18 43 17 82 19 96 12 30 1 58 8 22 9 8 5 30 2 24 4 58 7 89
12 70 19 74 11 84 16 52 15 68 8 59 18 88 6 6 1 69 14 46 10 24 5 98 4 91 3 85 17 34 0 74 13 15 9 61 7 73 2 7
1 80 2 36 13 34 8 46 9 57 7 75 11 28 0 65 10 67 12 33 19 98 15 66 6 58 3 16 18 7 16 90 5 85 4 90 17 88 14 69
11 32 1 7 0 77 19 66 5 55 9 68 14 53 8 28 12 62 7 62 6 66 4 79 13 90 18 29 10 9 2 81 15 8 17 43 3 32 16 89
5 65 15 30 3 3 19 64 12 30 6 45 18 46 16 62 10 49 0 36 2 73 8 33 1 44 11 34 14 74 7 67 13 87 4 45 17 15 9 59
0 50 4 76 12 38 14 78 17 43 19 44 11 7 18 23 15 97 9 27 2 53 8 45 16 12 10 92 7 25 3 13 5 33 6 33 1 37 13 43
14 18 13 64 11 48 19 64 3 21 0 24 16 1 18 12 1 28 15 9 4 66 8 56 5 95 6 99 2 62 7 6 17 85 10 75 12 14 9 25
10 42 18 16 17 27 1 38 12 45 0 75 13 82 11 73 7 74 4 55 3 18 15 43 2 53 5 35 6 29 16 90 9 61 8 79 14 26 19 98
17 23 4 94 15 45 8 18 6 33 18 87 16 51 2 17 9 38 1 25 14 96 3 86 0 91 5 1 11 76 12 79 13 22 10 56 19 60 7 65
12 66 19 57 2 77 0 22 11 83 1 65 15 3 4 90 14 80 18 31 5 9 13 56 8 82 10 93 16 31 3 88 9 55 6 67 17 51 7 54
5 72 8 73 1 83 4 99 18 9 10 58 3 21 2 13 17 48 7 90 15 74 14 78 19 98 12 80 13 49 11 63 0 66 16 46 6 37 9 41
19 90 12 63 3 65 8 25 16 11 17 59 6 19 7 54 9 34 0 73 18 88 15 48 11 63 5 36 2 60 14 73 4 5 10 63 1 41 13 84
2 75 13 41 6 76 19 39 1 35 0 72 18 61 3 92 9 53 17 40 16 19 15 79 5 2 12 46 8 3 7 84 4 46 10 87 11 60 14 97
8 21 17 76 5 52 6 72 19 21 0 78 13 43 2 26 11 91 7 37 14 14 16 52 9 99 3 60 15 65 10 39 18 16 12 6 4 64 1 90
6 27 12 60 11 50 7 4 16 28 0 70 4 98 15 67 3 73 13 60 9 9 14 29 8 4 2 60 1 6 10 26 17 71 18 44 5 4 19 76
18 87 7 91 1 56 11 93 4 5 12 90 19 69 6 73 5 78 3 88 8 64 15 64 16 34 13 38 9 34 17 45 0 87 10 32 2 93 14 61
18 81 1 2 4 79 14 91 8 68 2 59 17 87 12 39 19 37 6 65 11 8 13 98 9 65 16 13 7 64 5 81 10 67 3 23 15 76 0 44
11 84 10 65 18 51 4 58 0 93 16 98 5 12 14 66 13 4 15 43 1 75 12 85 7 23 6 17 8 25 17 34 2 23 3 62 9 45 19 55
15 27 19 52 12 51 10 49 11 51 2 97 7 52 16 79 0 84 9 94 14 27 5 42 3 55 8 66 17 58 1 34 4 32 18 26 13 81 6 20
8 25 10 93 2 30 4 4 6 51 0 9 17 14 13 64 16 11 3 69 11 15 14 31 1 61 12 67 15 31 5 5 19 78 18 49 9 69 7 30
9 45 1 71 15 38 13 35 12 75 3 85 14 13 10 51 8 38 7 32 2 95 4 44 5 45 11 27 6 81 18 67 0 88 17 25 19 10 16 7
8 87 17 98 15 17 12 53 14 55 13 30 16 78 1 54 19 62 11 92 4 49 5 48 9 65 3 28 18 35 7 89 6 42 10 95 0 16 2 77
2 1 18 99 6 48 7 15 0 68 10 48 5 95 4 80 13 13 12 37 17 33 8 85 19 15 14 74 11 79 9 40 3 51 15 2 16 7 1 72
2 81 11 37 18 7 19 11 17 72 5 23 4 83 14 68 7 24 9 61 0 76 10 9 6 50 8 4 15 51 12 12 3 17 13 53 1 23 16 30
9 7 10 71 4 6 0 39 6 7 18 98 1 26 2 11 13 69 11 30 3 17 17 74 16 26 15 30 19 24 12 64 8 78 14 19 7 89 5 6
5 97 11 74 6 11 14 48 7 22 12 39 2 80 10 96 16 39 19 57 18 83 4 44 3 18 17 28 1 65 0 64 8 52 9 8 15 83 13 55
8 19 0 35 10 86 3 21 6 18 17 37 4 73 1 90 19 73 16 95 11 82 9 15 5 87 7 57 14 14 15 19 12 73 13 90 2 51 18 21
14 50 13 41 12 23 4 65 1 33 17 97 3 47 8 21 0 95 2 96 19 91 6 29 16 15 9 51 11 77 5 71 18 1 10 31 15 30 7 42
14 89 19 99 17 89 15 70 6 57 5 8 1 47 0 76 12 56 16 85 13 79 11 13 7 99 18 9 8 38 10 14 4 36 3 77 9 69 2 56
3 4 12 39 0 93 5 61 8 27 16 32 15 69 11 3 9 9 13 86 6 34 1 48 19 24 7 25 4 16 18 36 10 50 2 94 17 73 14 61
8 46 10 11 17 35 5 22 15 83 1 79 9 51 4 25 6 36 7 22 13 12 12 79 2 96 3 73 14 14 0 68 11 14 19 59 18 71 16 96
11 45 1 44 0 76 13 61 18 89 19 29 2 29 17 17 14 84 9 2 10 78 5 65 15 56 16 57 3 9 7 13 12 10 4 55 8 80 6 42
16 79 1 99 2 41 4 97 5 22 12 65 10 16 17 96 11 26 8 63 18 97 6 21 13 4 9 29 14 43 3 58 0 24 7 27 19 31 15 10
0 51 12 22 1 24 5 58 7 52 16 10 18 62 15 98 3 71 13 52 9 41 19 83 11 51 14 38 10 71 6 67 2 91 8 53 4 82 17 49
11 60 6 96 9 49 17 22 1 63 0 60 5 74 8 13 14 39 15 51 3 1 2 74 18 87 4 87 12 26 19 39 7 44 16 17 13 7 10 41
16 24 7 32 8 92 9 83 10 41 15 36 1 27 14 11 12 29 18 36 6 1 11 86 13 20 17 73 5 24 0 4 2 8 4 12 3 18 19 1
12 61 4 76 10 95 6 91 1 83 9 99 7 29 0 60 14 82 18 92 15 61 19 21 13 56 11 2 17 45 5 7 8 92 2 93 3 84 16 75
6 70 4 5 18 34 9 46 13 41 15 5 3 11 10 4 12 25 1 14 2 48 17 45 16 92 5 19 7 64 19 18 11 38 8 62 0 45 14 78
8 31 15 71 11 77 3 93 13 41 6 61 0 4 10 68 5 18 17 48 19 32 18 72 16 6 1 16 12 23 7 41 2 89 14 41 4 53 9 90
7 37 5 74 4 12 11 37 3 2 8 60 0 82 10 9 16 48 1 73 13 73 17 93 19 21 2 10 12 76 15 89 18 30 14 88 9 93 6 46
10 69 8 30 0 92 9 1 16 29 4 82 12 12 5 41 15 54 18 86 14 80 17 86 2 62 1 85 6 78 13 9 3 78 19 45 7 52 11 30
17 61 0 7 15 30 7 7 8 87 3 75 1 90 6 23 2 7 11 13 9 17 12 44 13 99 14 74 10 41 4 71 19 60 18 47 16 64 5 66
18 24 16 22 17 38 8 5 9 77 7 5 10 32 14 70 19 24 0 76 11 83 6 46 12 26 3 80 2 9 13 73 4 88 5 80 1 19 15 88
16 44 18 60 19 17 17 57 15 93 8 47 7 59 12 80 2 45 3 9 4 27 10 50 1 38 13 71 6 86 11 21 0 8 14 53 9 88 5 75
4 80 9 81 7 20 8 21 0 74 2 36 18 77 3 39 15 5 10 17 17 91 19 11 14 5 16 34 11 20 6 22 12 33 5 72 1 65 13 8
3 65 9 22 6 50 1 28 8 1 5 37 4 37 12 42 18 47 19 39 10 67 16 40 14 25 2 59 17 9 13 9 0 48 7 31 11 77 15 81
17 86 18 44 6 26 2 85 14 10 12 97 0 81 8 34 3 68 10 7 11 32 19 36 5 90 4 90 1 63 13 70 9 38 15 67 16 58 7 50
7 14 2 92 15 26 4 28 11 78 17 40 19 29 16 58 13 6 3 91 9 95 8 14 0 60 14 31 10 3 12 87 5 66 1 29 6 35 18 10
7 79 0 73 1 23 3 86 13 25 2 39 15 23 19 15 18 65 11 82 6 44 14 49 16 33 9 13 10 9 8 49 12 57 17 5 4 65 5 33
0 31 3 60 8 23 17 95 9 92 14 74 4 97 13 82 1 56 15 38 6 26 5 4 11 21 10 77 16 66 2 6 7 65 18 92 12 35 19 6
5 93 16 59 2 44 18 87 19 71 17 76 7 86 8 96 11 17 3 43 13 61 14 14 0 94 6 84 1 60 4 5 10 31 12 27 15 60 9 80
6 63 4 87 17 31 11 25 9 24 0 8 19 42 5 76 13 17 16 5 8 2 10 68 18 39 12 77 14 6 7 77 1 40 3 72 15 23 2 88
18 33 1 65 5 65 2 63 6 59 4 31 7 15 13 31 10 68 0 95 15 94 11 89 3 80 16 44 8 58 19 47 9 95 14 23 12 22 17 97
0 49 14 89 5 86 18 74 19 58 10 30 2 38 15 30 9 64 4 16 11 19 17 96 12 11 16 34 7 14 8 46 3 77 6 97 13 72 1 8
5 79 14 2 0 64 16 41 6 90 2 63 15 37 3 7 4 11 19 50 7 39 9 58 1 59 18 71 8 7 11 50 17 46 13 36 12 18 10 8
11 30 6 99 9 74 14 63 15 90 4 8 19 64 5 18 18 30 12 49 2 47 3 88 0 57 1 64 16 36 17 16 8 82 10 30 7 74 13 15
0 13 17 46 3 78 19 97 7 32 15 45 1 39 2 46 4 6 8 70 5 39 11 33 10 34 13 44 14 85 18 41 12 46 16 88 6 97 9 10
6 15 11 97 19 94 17 77 2 26 15 95 7 73 13 49 0 98 9 76 10 94 14 12 12 4 5 66 1 51 8 62 3 11 16 57 18 26 4 98
13 36 4 30 17 25 11 64 0 31 18 53 14 60 7 89 12 6 1 66 19 47 5 32 6 82 15 62 8 27 2 16 3 28 9 58 10 10 16 18
15 15 0 68 8 46 17 42 12 28 4 48 9 21 7 46 13 69 2 44 11 46 1 48 19 25 16 18 10 39 18 33 3 5 6 24 14 71 5 44
6 59 11 57 9 27 4 71 3 78 8 44 13 99 2 26 19 89 12 75 7 63 10 73 16 81 5 5 18 71 1 48 14 28 15 71 0 15 17 35
17 71 6 64 12 16 10 10 5 5 8 70 14 54 9 75 3 95 16 21 7 27 0 51 11 39 2 60 13 92 4 92 18 16 15 89 19 29 1 76
3 18 18 79 0 63 4 81 14 54 5 83 9 38 19 77 13 67 1 76 17 37 8 59 2 34 12 20 10 23 7 84 16 43 15 60 11 6 6 43
8 51 3 90 2 36 18 81 9 91 19 47 0 87 10 7 14 69 12 28 17 65 5 16 13 91 7 98 4 42 6 6 11 89 1 10 15 76 16 48
1 57 7 93 13 82 17 12 6 79 14 45 10 8 9 5 12 91 0 80 18 38 8 51 15 64 3 3 5 75 2 18 11 87 16 66 4 57 19 14
13 49 9 59 16 58 8 40 17 85 2 88 6 77 19 16 18 11 11 66 15 5 4 47 14 77 0 18 12 5 3 19 1 19 10 66 7 56 5 18
5 65 13 28 12 4 18 74 2 68 3 31 10 42 15 5 14 68 1 55 6 43 17 99 16 2 0 25 7 46 8 27 11 38 9 83 4 68 19 29
12 46 10 82 18 64 16 10 8 14 17 86 13 88 3 88 4 85 15 99 19 16 11 33 6 46 1 29 0 89 14 6 7 80 2 48 9 1 5 77
