100 20
15 19 8 40 18 20 10 89 13 81 0 80 16 42 11 4 7 26 3 45 9 59 4 45 19 60 14 38 17 65 12 3 1 91 6 54 5 15 2 81
13 37 0 96 14 46 3 70 1 72 8 61 12 86 17 33 5 6 4 15 11 95 7 11 16 72 19 45 2 98 15 95 10 12 6 2 9 38 18 42
18 63 16 21 17 9 10 72 1 61 6 50 2 46 5 39 15 14 4 38 14 26 19 91 9 7 8 98 3 37 13 30 0 40 12 46 7 49 11 70
2 53 17 34 11 49 15 17 12 37 9 48 10 78 18 96 13 82 3 74 6 92 7 31 19 95 0 31 14 6 16 78 4 25 5 97 8 79 1 61
11 48 0 30 17 34 18 10 1 16 8 83 5 72 3 47 4 45 2 92 15 70 14 19 19 77 16 2 10 84 7 51 6 75 13 71 9 26 12 98
12 37 5 48 4 17 0 57 14 3 10 45 11 8 17 42 9 44 6 64 13 2 19 26 15 68 18 96 3 72 7 50 2 93 16 91 8 74 1 61
9 71 0 37 14 51 12 82 15 67 7 52 19 22 8 94 13 37 10 81 1 26 16 98 2 58 11 33 3 51 4 28 17 93 5 65 18 54 6 70
5 29 3 22 17 84 11 90 9 20 14 27 0 29 19 68 13 5 16 69 7 16 2 10 10 17 12 8 18 6 15 77 8 91 1 14 6 80 4 20
5 51 6 27 7 51 1 2 19 88 18 72 9 58 17 95 8 83 12 50 3 50 11 3 13 97 2 15 14 70 15 49 16 45 10 18 4 17 0 99
19 47 3 47 11 55 4 87 6 39 7 28 2 61 5 72 0 74 14 4 16 22 9 27 8 2 10 64 12 79 15 75 13 42 17 44 1 91 18 47
18 84 1 28 14 41 16 99 12 2 3 22 11 21 2 57 9 23 0 5 15 7 17 89 8 96 10 25 13 43 6 12 19 56 7 30 4 59 5 58
15 20 19 8 12 90 4 79 11 7 7 48 9 78 3 80 10 79 1 26 14 84 8 72 13 46 0 87 2 23 5 52 17 3 6 51 18 47 16 4
5 41 11 48 1 84 3 66 12 76 15 13 0 70 17 63 16 39 6 22 4 52 10 57 19 61 13 32 2 12 7 12 9 82 8 26 14 28 18 35
4 17 17 90 12 26 7 53 6 68 2 47 10 60 13 41 19 33 5 11 8 37 16 31 3 35 1 57 18 78 11 40 0 7 15 1 14 21 9 43
5 81 15 74 0 97 1 76 9 2 13 70 6 43 7 62 3 39 14 43 12 91 2 22 19 90 4 74 8 45 11 79 18 97 17 17 16 69 10 26
18 95 16 79 6 10 2 16 13 89 14 29 9 79 1 47 17 52 0 81 15 82 8 72 3 46 10 46 5 32 4 73 19 86 7 27 12 22 11 80
14 5 8 16 3 52 15 91 5 68 6 84 18 81 11 82 10 71 17 97 1 77 13 70 0 61 12 51 16 70 7 39 19 41 9 96 2 47 4 28
14 59 17 11 0 79 19 83 6 51 13 32 8 19 12 99 18 73 7 72 16 14 11 3 1 50 2 23 15 99 4 22 9 88 3 37 5 89 10 40
12 2 6 20 10 19 19 87 2 15 3 82 5 49 13 27 15 93 17 18 0 61 7 99 8 55 1 86 4 32 14 8 16 10 11 37 9 46 18 11
17 83 0 43 5 2 7 54 6 7 1 6 4 77 16 51 9 6 10 31 2 72 3 80 19 46 11 9 18 42 13 22 15 85 14 77 12 37 8 6
17 91 18 83 9 95 1 57 16 51 2 10 0 15 19 24 14 7 10 59 5 30 11 24 13 48 6 34 15 50 3 61 7 87 8 5 4 49 12 94
1 13 2 42 12 48 9 15 0 14 15 28 5 49 14 48 11 70 17 67 13 53 6 57 8 16 18 3 19 94 10 3 7 90 16 79 3 95 4 79
11 93 12 1 5 17 15 16 16 32 13 35 0 89 8 45 4 62 18 30 17 57 1 95 14 50 2 19 10 29 9 63 19 67 3 40 6 56 7 60
18 66 2 84 10 35 1 45 4 20 6 9 5 34 3 4 0 65 9 51 14 37 11 35 17 30 19 10 7 3 15 33 8 77 12 78 13 91 16 98
2 43 4 8 19 23 12 13 11 68 5 55 0 55 8 68 15 65 1 23 3 44 18 27 13 31 6 49 9 48 10 90 14 77 17 52 7 94 16 93
14 55 2 93 5 79 17 82 3 41 11 79 6 59 7 22 16 92 10 8 4 18 8 67 13 40 15 51 18 56 12 24 0 83 19 87 1 40 9 4
10 18 4 91 18 7 17 75 16 45 11 44 13 16 12 42 14 29 0 49 19 37 8 32 9 25 1 42 6 50 7 95 5 64 3 60 2 14 15 29
5 46 11 51 12 26 8 11 9 81 4 91 1 56 14 44 6 70 15 21 19 28 16 33 10 47 13 20 7 44 2 87 3 20 17 20 18 48 0 46
16 51 17 94 19 86 4 91 0 93 13 44 11 11 9 23 5 6 1 91 10 81 3 5 14 3 18 38 7 83 8 85 6 40 15 77 2 66 12 58
9 99 10 5 14 36 1 5 15 89 6 99 4 42 12 7 2 83 5 5 0 19 17 69 18 8 3 2 19 27 8 25 11 83 7 61 16 85 13 69
16 15 12 1 4 12 8 57 9 3 5 16 7 40 0 44 10 44 11 50 6 32 1 79 17 84 19 74 3 81 2 81 15 9 14 48 18 58 13 28
6 19 13 2 12 6 14 87 9 48 4 1 1 34 8 58 11 14 7 53 19 62 16 6 18 17 17 1 5 3 2 23 0 74 15 41 10 81 3 71
5 48 18 13 3 53 19 51 14 34 4 8 6 27 13 15 17 67 2 98 7 17 9 35 15 93 10 89 11 7 1 84 16 49 8 57 0 75 12 94
5 99 3 67 15 30 4 77 6 61 8 36 12 53 18 83 19 33 7 36 13 3 17 84 0 97 1 72 16 46 9 54 11 23 14 15 10 77 2 67
19 17 0 52 9 6 18 99 8 8 14 36 3 8 2 2 6 62 15 60 1 55 7 31 13 48 12 93 11 76 17 22 5 23 4 67 10 22 16 1
19 66 7 67 2 46 6 41 1 62 16 97 5 73 13 37 9 94 14 83 3 50 0 62 15 9 17 41 8 33 4 8 11 8 12 4 10 23 18 25
15 97 9 5 5 80 12 68 1 85 10 5 6 87 0 85 18 58 19 16 17 20 11 16 7 3 13 59 16 89 3 23 14 11 8 69 2 97 4 47
1 15 6 79 16 41 11 82 13 51 7 71 12 32 10 73 8 59 9 64 15 66 0 36 17 79 19 29 5 67 18 39 3 90 2 75 4 68 14 30
12 91 11 63 10 74 17 73 18 55 19 78 2 43 4 54 7 47 14 89 16 15 3 69 5 96 8 41 6 11 13 41 0 3 9 38 1 8 15 39
7 48 8 59 9 26 18 60 11 18 4 16 15 49 3 29 14 32 12 9 16 26 2 34 6 21 1 16 5 56 10 16 17 1 13 27 19 20 0 18
2 51 4 50 19 79 8 36 12 79 5 80 13 78 0 12 11 41 17 67 6 85 14 25 10 46 7 74 15 61 9 32 1 50 16 9 18 43 3 48
17 23 6 10 4 80 2 52 8 24 12 6 1 26 9 41 10 5 13 79 3 62 7 55 0 70 18 59 11 51 5 45 15 95 19 45 16 37 14 8
9 85 5 76 18 48 12 87 15 78 3 79 8 86 1 64 7 13 13 56 4 1 17 45 19 14 6 2 11 48 2 32 0 28 14 45 10 60 16 38
15 98 10 95 14 86 16 37 11 13 9 32 18 20 19 22 5 49 4 79 17 59 13 50 1 59 8 35 6 38 2 55 7 36 12 30 3 81 0 56
17 63 16 76 18 50 12 71 19 8 0 73 15 15 11 67 7 41 1 9 4 35 2 48 5 1 3 45 13 4 14 53 6 64 8 17 10 15 9 36
8 50 5 69 15 24 9 48 10 94 12 93 11 74 3 10 19 65 7 62 18 47 2 61 4 31 1 15 13 77 16 25 6 33 0 16 14 5 17 40
7 2 12 25 18 28 1 2 8 69 14 60 11 8 16 67 17 35 2 69 3 83 0 29 6 12 9 3 10 24 5 62 13 20 4 71 19 26 15 7
10 68 6 44 12 42 19 91 18 60 8 50 17 23 2 44 14 11 13 28 0 65 3 50 7 63 11 57 16 99 4 53 15 51 5 67 1 94 9 50
13 72 12 4 11 44 17 3 8 82 3 26 6 98 1 7 10 82 2 20 18 40 19 29 15 12 7 62 14 83 16 99 9 48 0 69 5 55 4 37
19 77 0 2 16 3 2 82 10 40 14 30 8 61 4 72 17 38 6 37 3 41 11 97 13 3 12 7 15 46 5 13 9 25 1 65 7 21 18 77
12 33 8 40 5 63 14 73 10 77 16 41 4 18 17 64 13 37 19 74 7 70 15 52 2 8 0 57 3 22 9 49 1 5 18 30 6 90 11 44
14 84 5 22 4 46 0 49 9 5 7 63 1 32 8 59 18 40 6 43 15 66 16 45 2 28 19 3 13 38 12 53 3 38 17 74 11 87 10 32
2 97 12 85 0 97 1 73 11 25 4 11 15 39 5 95 6 24 17 56 9 46 3 19 16 46 18 47 13 74 10 42 14 53 8 98 7 50 19 97
7 30 4 91 13 35 12 38 5 42 10 97 18 55 0 70 8 92 14 3 17 96 1 81 3 75 2 78 9 74 6 23 16 33 11 24 15 75 19 12
11 11 3 52 12 98 19 6 17 97 2 9 0 16 9 48 6 96 16 19 10 25 14 15 1 56 8 18 5 64 15 57 18 6 13 8 4 24 7 14
8 94 9 73 19 26 12 26 0 88 7 54 3 41 11 12 1 95 5 2 15 93 6 41 10 63 17 35 16 76 13 58 14 82 2 29 18 41 4 65
2 96 15 9 18 35 8 81 16 46 6 18 5 33 9 68 17 74 14 79 19 65 13 20 0 79 3 84 7 67 11 96 1 29 10 14 12 66 4 86
14 67 19 74 13 53 0 12 17 60 16 96 11 19 6 85 15 24 8 45 7 52 4 78 9 33 12 55 10 38 3 71 18 81 2 10 1 46 5 43
18 8 8 67 11 94 19 84 9 74 13 55 10 40 3 25 16 97 17 2 14 25 0 84 4 83 7 99 6 44 1 72 12 2 5 40 2 6 15 89
11 80 10 76 14 65 13 2 6 74 15 87 3 29 18 4 2 92 19 89 7 86 5 37 12 57 17 53 1 40 16 76 9 56 8 74 4 39 0 59
15 58 1 57 19 57 7 91 10 82 4 6 9 46 0 38 3 99 8 26 11 3 16 53 2 13 18 23 17 56 14 3 5 25 12 92 6 16 13 98
18 61 10 44 7 68 16 49 9 43 6 12 15 31 19 14 0 1 14 51 1 85 3 18 12 42 13 47 5 24 8 46 4 80 2 96 11 23 17 22
4 79 5 16 7 37 17 88 13 86 16 39 14 47 6 19 0 40 11 42 2 31 15 56 19 40 18 85 3 28 12 60 10 95 8 7 1 81 9 71
12 61 2 50 3 25 14 30 6 77 4 60 1 96 16 70 18 36 10 84 5 48 19 92 7 45 9 29 15 41 0 22 17 79 11 47 8 99 13 4
19 7 16 84 2 41 11 40 6 68 0 33 10 31 5 67 8 88 13 97 4 33 12 97 1 93 9 73 18 88 17 94 3 30 14 78 15 95 7 10
5 67 0 32 2 52 8 47 6 90 10 38 9 95 7 15 11 90 19 81 4 85 14 18 18 95 17 58 1 39 13 24 12 16 3 18 16 91 15 47
1 21 19 77 4 29 0 38 17 28 8 19 13 35 12 14 5 68 9 98 10 1 14 48 3 97 16 5 2 31 11 45 7 15 18 42 15 70 6 62
5 56 8 62 4 68 9 83 15 78 2 44 19 94 3 57 7 91 11 63 14 22 18 40 13 33 6 48 16 46 0 74 12 50 1 35 10 58 17 11
9 81 6 82 2 55 15 61 8 57 17 19 18 53 16 74 0 97 13 59 3 15 1 19 7 38 10 54 5 57 11 40 19 58 14 71 12 37 4 59
7 39 17 30 14 7 1 73 13 43 18 36 19 39 12 59 6 31 11 77 15 65 8 24 10 22 16 41 9 45 0 15 3 65 2 46 5 37 4 51
13 30 12 48 3 70 10 50 5 37 17 86 11 23 18 64 1 55 8 23 19 33 0 39 9 51 7 70 4 17 2 50 6 28 16 40 14 78 15 94
18 22 9 9 16 12 0 13 17 60 6 67 12 7 15 32 8 53 1 42 7 54 19 37 5 63 14 86 3 78 2 55 10 58 11 61 13 6 4 16
16 54 10 26 3 89 2 57 19 32 17 33 6 34 15 25 7 68 12 75 0 50 4 78 5 17 8 78 1 11 11 77 18 65 9 73 14 82 13 12
5 31 4 60 18 64 6 87 11 32 12 41 16 5 17 98 10 3 13 13 0 84 7 13 3 30 8 30 19 85 14 76 9 7 1 33 15 72 2 3
2 77 14 81 4 41 6 90 18 89 7 52 3 21 13 93 16 30 12 71 19 50 9 95 5 8 15 66 8 51 0 51 17 49 11 16 10 89 1 28
2 31 14 43 10 55 9 94 16 66 12 54 5 26 3 10 18 71 11 53 13 65 19 72 7 66 0 46 15 40 6 47 1 90 8 7 4 67 17 71
3 43 14 74 1 12 9 73 16 12 7 15 10 14 19 68 5 98 17 54 2 58 12 91 11 91 13 51 6 58 18 45 15 22 0 5 4 46 8 18
18 47 6 9 10 24 0 19 7 66 11 95 1 11 15 45 5 46 17 47 8 75 2 38 19 88 12 53 14 44 13 79 4 56 3 37 9 66 16 6
4 94 11 60 14 6 17 97 19 58 7 17 3 57 13 20 1 95 8 27 18 46 9 81 16 36 12 18 6 37 2 85 0 60 5 61 10 76 15 76
14 13 16 36 0 64 18 73 10 98 11 43 7 29 13 3 4 79 3 35 17 91 5 81 15 39 12 13 9 35 19 90 8 67 2 75 6 99 1 44
18 40 6 37 15 73 13 47 9 40 0 31 11 2 1 73 4 65 19 93 2 81 7 44 16 47 3 51 17 25 8 31 5 39 10 53 12 44 14 74
6 62 19 15 10 54 14 70 13 40 15 8 5 62 0 76 2 68 3 54 17 71 4 34 18 72 16 77 7 80 11 10 1 39 8 61 9 78 12 47
7 90 9 75 3 91 11 6 15 56 1 71 16 32 6 58 19 12 0 21 5 86 18 42 8 31 17 95 14 82 10 33 12 34 2 61 4 20 13 2
10 11 16 70 3 76 14 31 7 89 8 47 9 50 2 52 11 52 5 1 13 95 0 50 19 5 12 32 15 90 6 32 18 97 1 1 4 84 17 70
5 43 17 26 11 53 15 22 12 27 10 79 1 74 14 64 7 58 18 59 13 72 8 54 0 64 3 29 4 10 16 39 9 36 2 57 19 56 6 64
13 5 5 30 1 78 2 11 8 84 7 17 3 33 11 29 15 41 0 41 18 41 16 92 9 82 6 62 17 67 19 48 12 30 4 56 14 83 10 33
6 36 0 80 1 65 4 64 15 95 8 75 12 43 11 72 17 68 9 81 18 7 19 97 14 82 16 65 10 77 2 34 3 19 7 88 13 22 5 95
1 18 13 92 7 9 8 97 19 28 10 38 5 8 6 96 18 44 17 27 15 77 0 63 2 95 9 65 14 51 12 90 16 89 11 27 4 8 3 72
16 78 0 73 3 37 4 73 18 83 12 97 19 35 11 13 10 85 14 28 9 53 8 46 13 49 1 68 7 34 17 7 2 76 6 92 15 86 5 26
11 52 2 67 15 22 5 21 3 8 9 9 19 52 4 68 1 72 16 79 12 58 8 81 18 92 10 80 17 78 7 37 13 75 0 84 14 40 6 36
13 76 0 82 4 56 9 67 10 46 3 79 8 89 7 94 12 27 2 3 14 74 6 83 5 24 19 93 11 64 1 38 17 18 15 48 18 26 16 76
11 22 4 56 10 69 13 67 9 13 17 53 15 22 6 30 1 35 14 80 18 75 19 61 12 32 7 47 16 46 5 8 2 59 8 49 0 16 3 29
8 84 17 9 15 58 0 10 14 70 2 98 7 45 6 94 13 12 16 52 1 61 3 37 4 84 11 60 12 39 19 26 18 49 10 27 9 78 5 62
4 54 16 17 0 77 8 60 2 99 7 47 15 96 18 54 1 35 17 38 6 23 13 54 11 48 14 44 9 58 10 10 19 25 12 17 5 28 3 58
16 72 13 16 19 43 12 88 14 55 4 40 3 55 7 22 10 5 0 22 2 66 1 55 9 79 5 11 15 69 18 11 6 25 17 5 11 77 8 27
18 17 6 7 10 90 4 65 7 49 1 20 0 4 14 55 3 52 2 55 15 87 9 57 8 74 11 56 16 47 5 60 17 44 13 18 12 91 19 90
17 13 15 46 16 52 13 56 1 90 4 36 9 42 19 22 10 92 2 23 0 88 14 74 3 7 11 25 18 97 8 37 6 85 5 81 7 73 12 9
4 50 9 55 0 20 8 18 2 30 11 86 15 54 19 46 12 65 5 83 10 96 6 75 18 76 16 15 13 37 7 55 14 80 17 14 1 54 3 10
19 50 2 80 17 54 8 30 15 25 0 76 4 52 10 45 5 74 3 74 1 65 13 54 12 59 9 99 11 23 6 66 14 96 7 54 16 52 18 22
19 51 16 92 0 21 7 44 18 16 9 1 5 32 15 64 4 75 6 22 14 65 1 34 3 5 12 69 11 16 8 1 13 29 17 75 2 42 10 43
