100 20
13 23 0 96 14 78 18 78 5 37 7 5 11 11 12 10 10 84 2 14 1 37 16 33 6 56 4 27 15 8 19 57 17 57 9 56 3 85 8 42
7 31 9 61 1 10 8 19 5 21 12 8 15 58 3 87 4 90 19 86 0 48 14 7 18 15 17 42 6 78 16 9 11 31 10 14 13 82 2 15
2 94 12 86 7 46 6 35 18 81 4 17 11 66 13 56 1 6 0 39 17 92 19 91 5 99 16 48 15 92 3 84 14 67 8 80 9 52 10 3
4 7 7 17 10 80 12 4 17 75 19 55 1 99 5 60 6 85 11 57 2 83 8 9 18 56 15 66 14 77 16 93 9 61 13 87 3 72 0 55
11 42 0 36 18 2 8 85 13 71 3 43 5 20 10 69 4 79 9 76 2 62 12 59 7 50 15 39 6 5 16 59 17 80 19 49 14 94 1 7
10 96 9 52 13 77 4 26 16 37 0 63 3 17 14 64 19 50 11 77 18 80 12 59 8 70 15 31 17 10 5 23 1 40 7 36 6 27 2 98
15 85 7 38 12 43 19 13 3 78 16 7 14 54 4 30 1 51 11 85 2 55 17 87 6 70 10 50 0 42 5 47 9 15 8 11 13 47 18 82
13 94 4 28 10 32 6 99 8 79 12 63 7 70 16 84 1 84 0 99 19 62 14 69 2 40 11 55 15 91 3 51 5 90 18 91 17 39 9 41
1 29 19 18 17 90 15 6 14 96 4 25 6 13 16 67 3 88 13 84 11 32 0 61 18 72 8 80 5 19 10 42 12 89 2 92 9 87 7 23
2 14 3 59 4 74 19 36 0 73 16 95 5 48 11 85 1 28 10 93 6 96 15 72 14 96 9 19 17 55 7 22 13 68 8 43 18 30 12 41
3 51 14 27 13 81 19 75 11 60 17 42 7 63 0 29 6 83 2 60 9 32 18 85 12 20 16 93 15 9 8 26 4 98 1 96 10 8 5 9
19 22 8 86 12 78 13 17 4 44 3 89 7 29 15 75 16 93 17 10 2 38 0 64 6 61 10 54 18 91 11 40 5 38 1 38 14 57 9 22
11 61 12 12 14 56 19 52 17 28 2 22 8 75 1 8 15 35 0 47 7 57 18 66 13 37 9 30 4 81 3 24 16 16 5 46 10 53 6 96
7 10 19 13 0 41 15 99 6 37 11 52 4 2 9 71 13 87 8 77 10 16 5 76 3 66 14 93 16 39 1 5 12 71 2 95 18 55 17 53
1 35 11 37 8 95 4 6 16 10 15 14 5 82 12 67 9 74 2 46 19 85 7 91 0 4 18 97 17 89 3 19 14 98 13 92 10 41 6 98
4 22 17 83 2 90 7 37 6 62 15 5 1 61 16 34 18 94 11 13 14 66 10 11 3 71 19 24 9 45 0 89 8 88 5 8 12 40 13 3
4 13 11 93 5 82 13 73 3 24 15 2 2 43 14 15 10 79 12 24 6 73 17 9 7 95 19 67 18 23 1 45 16 23 0 63 8 4 9 53
6 56 3 68 14 55 1 34 4 61 17 27 15 98 7 18 0 44 10 15 18 65 19 81 12 25 2 47 11 98 9 52 8 26 13 44 5 10 16 60
18 27 8 12 16 37 6 75 12 52 2 99 7 68 17 70 3 99 10 22 19 4 15 35 5 12 4 11 14 4 9 85 1 85 11 97 0 75 13 13
19 74 2 84 17 65 10 75 13 57 0 76 18 12 5 91 8 64 11 27 1 57 12 1 4 53 3 22 14 64 15 71 6 31 9 69 7 33 16 17
0 60 13 27 16 80 14 78 8 94 15 33 11 88 17 2 4 23 9 10 5 16 18 28 12 5 10 98 3 6 2 78 6 75 19 47 7 30 1 32
2 25 17 34 12 86 10 4 6 3 11 70 5 96 15 96 1 38 9 54 8 7 16 20 4 61 3 54 19 11 0 44 18 93 14 51 7 28 13 87
19 37 6 52 0 83 12 16 14 39 5 42 17 64 11 9 3 28 15 69 1 78 10 80 18 22 4 64 2 21 13 94 9 23 7 88 16 61 8 83
5 45 3 72 15 96 19 12 12 87 10 82 6 23 4 71 2 48 7 28 16 99 0 48 18 60 13 76 9 22 11 87 17 38 1 81 14 44 8 69
2 87 17 78 15 57 10 93 13 79 1 59 5 7 6 69 12 26 14 70 0 23 8 64 3 41 9 76 18 35 4 9 7 39 11 90 19 83 16 18
1 6 2 56 0 2 19 9 13 61 7 94 11 34 16 6 17 38 3 7 5 45 4 72 6 39 8 95 18 84 10 65 9 16 15 46 14 83 12 71
4 95 1 37 5 25 11 95 16 14 15 22 0 82 7 68 10 22 17 69 14 40 9 12 8 95 12 42 19 22 6 46 2 51 13 34 18 80 3 9
3 38 12 74 14 24 5 95 8 5 13 87 4 4 17 60 9 64 2 32 19 30 6 92 11 39 15 74 18 56 1 49 7 17 16 55 0 42 10 7
5 27 3 37 6 86 1 89 4 13 19 27 16 31 13 33 10 29 14 18 9 47 11 13 12 56 17 10 7 62 2 68 0 7 8 41 18 1 15 88
5 78 7 27 13 53 2 70 9 79 10 37 4 87 19 54 3 55 12 49 1 1 14 20 15 6 18 57 11 58 16 32 8 85 0 51 17 66 6 38
7 6 1 99 6 65 9 94 10 80 12 8 15 13 2 17 0 28 14 36 18 91 19 29 5 4 4 84 16 85 13 26 17 25 11 93 8 6 3 52
14 20 10 16 17 28 19 89 11 7 5 71 6 58 18 43 9 14 13 72 4 24 16 21 8 92 12 97 2 56 15 79 3 24 1 17 0 1 7 84
17 38 3 55 10 18 14 1 18 2 15 64 5 73 4 44 11 30 7 96 9 9 19 18 1 81 0 13 12 89 13 6 2 62 8 74 6 88 16 73
17 21 15 57 7 47 3 88 14 19 16 11 2 79 8 73 13 34 19 30 10 60 18 55 9 17 11 88 6 45 1 75 4 68 12 1 5 60 0 25
18 96 1 53 19 32 11 28 7 62 6 71 0 86 17 7 10 87 9 61 3 86 5 93 4 12 8 49 2 55 12 28 13 59 14 29 15 23 16 51
6 34 0 49 18 32 9 58 10 45 16 46 15 69 17 97 12 18 8 73 11 27 1 98 4 77 2 87 14 90 13 35 5 30 19 60 3 38 7 88
14 73 6 9 12 94 1 22 7 65 3 71 19 2 17 58 2 91 16 71 18 63 13 79 8 45 10 77 4 44 9 92 0 43 11 50 15 45 5 92
18 20 3 72 12 59 1 44 8 14 17 87 15 48 0 33 5 33 4 81 6 70 9 73 13 23 11 36 14 15 16 32 19 32 10 86 7 28 2 69
3 72 10 24 15 97 0 1 1 34 17 54 8 67 9 17 16 41 12 96 2 38 19 31 7 54 14 66 13 12 4 65 11 61 18 19 6 34 5 37
16 18 3 81 14 52 11 48 12 56 2 16 0 17 4 12 15 26 1 14 10 84 19 54 13 14 8 23 17 74 6 67 5 67 9 14 7 70 18 55
6 9 19 34 9 47 13 9 5 91 0 60 18 24 16 32 17 5 10 59 15 59 12 31 11 92 2 34 8 82 14 21 1 86 3 5 7 10 4 27
16 67 2 44 6 19 13 26 17 12 3 6 11 60 5 25 12 3 10 44 8 38 7 70 15 40 4 18 9 90 0 88 18 87 14 22 19 45 1 24
9 1 7 32 16 49 4 92 13 85 11 49 8 7 10 57 1 48 5 18 0 52 18 29 3 33 15 97 17 60 14 22 12 63 19 14 6 77 2 7
19 33 18 65 13 5 15 99 16 30 0 51 6 38 11 96 9 48 1 40 2 23 7 97 3 96 4 32 14 29 17 21 8 4 12 92 10 17 5 38
4 24 9 94 2 89 19 21 14 16 18 32 7 88 8 21 16 56 6 67 3 37 5 52 0 20 12 90 10 50 15 66 13 29 1 81 11 16 17 88
19 89 7 79 13 84 14 81 0 60 2 98 6 57 17 86 12 85 10 59 9 63 4 87 16 1 5 21 8 50 3 46 15 56 1 50 18 35 11 30
3 16 12 15 19 68 8 32 16 90 10 89 14 31 0 58 7 61 6 41 13 29 4 43 18 84 17 16 11 28 9 14 15 41 2 97 5 89 1 15
11 71 8 44 15 19 19 78 17 85 9 48 14 6 5 93 0 48 1 25 12 12 2 34 3 32 16 78 7 96 13 13 18 82 10 87 6 79 4 88
14 82 6 1 2 53 5 71 10 45 12 57 9 81 11 28 16 40 17 70 15 61 8 91 4 24 18 87 1 92 3 41 13 47 7 55 19 94 0 55
11 55 4 44 13 22 15 39 10 6 1 87 14 92 12 86 9 30 7 71 17 91 19 66 6 48 5 67 2 36 16 84 18 27 8 12 3 82 0 28
18 44 17 10 0 21 5 56 9 22 3 18 4 66 15 85 6 47 2 60 10 7 12 8 11 80 1 12 14 18 8 92 16 55 13 30 7 19 19 60
6 1 16 41 13 8 18 82 14 56 12 20 15 45 3 37 2 32 19 86 9 83 8 89 5 26 7 85 1 34 11 51 10 32 0 66 4 68 17 11
4 27 2 81 6 98 7 92 14 40 11 23 12 30 1 29 15 10 19 26 10 44 8 35 13 70 17 80 3 71 9 93 18 87 16 49 0 61 5 79
11 11 10 69 5 4 2 84 12 62 9 38 17 75 15 47 4 13 3 26 16 11 18 81 1 44 7 76 14 29 6 40 8 23 19 18 13 52 0 83
17 99 0 77 4 26 7 2 5 34 9 87 12 62 14 36 19 97 18 2 1 14 10 71 2 87 11 20 16 24 13 26 15 78 6 6 8 8 3 70
6 7 12 28 15 50 16 53 19 41 10 67 13 8 5 38 7 71 14 63 4 4 3 93 11 2 2 97 17 11 18 20 1 44 9 95 0 69 8 38
16 59 18 25 3 79 7 58 0 87 11 70 8 8 9 43 10 87 13 99 15 13 6 6 19 95 4 99 5 57 12 65 2 92 1 21 14 44 17 47
0 33 19 82 5 59 3 10 9 28 2 70 6 7 13 43 4 3 16 40 7 27 15 31 11 33 18 96 1 52 14 38 8 98 12 95 17 50 10 63
1 79 17 69 8 22 6 44 15 27 19 93 14 80 16 86 0 20 4 24 13 36 18 64 9 22 12 8 5 78 3 48 10 83 2 87 11 85 7 20
0 37 11 56 5 83 8 62 9 37 2 52 7 16 17 99 3 76 13 5 14 97 19 93 16 28 1 70 6 66 12 81 15 47 10 47 18 98 4 55
10 54 14 87 8 84 3 94 5 21 11 30 1 18 13 37 7 26 12 38 2 35 9 5 15 75 16 61 18 71 17 85 0 1 6 96 19 20 4 21
17 81 11 84 1 55 4 82 10 38 9 13 14 66 6 63 19 19 12 89 5 81 18 89 8 95 3 58 13 21 7 4 0 76 15 14 2 14 16 79
15 67 6 42 9 45 19 5 13 24 12 89 5 24 3 11 1 94 10 86 17 77 11 81 8 78 0 43 18 73 4 48 2 39 14 51 7 38 16 8
2 54 0 69 4 65 7 96 10 23 11 98 15 66 6 17 16 93 8 88 5 66 9 41 13 73 18 53 1 30 19 56 17 98 14 66 3 43 12 21
6 93 16 5 7 84 9 48 11 5 19 6 17 99 2 94 12 99 0 12 15 20 3 48 18 65 13 10 4 32 10 63 8 51 14 91 5 59 1 83
2 71 9 56 8 17 11 57 12 6 14 56 16 98 17 36 5 24 1 24 13 59 19 80 6 81 10 11 15 23 3 14 4 41 0 29 7 90 18 40
19 49 12 8 11 98 9 53 13 98 17 62 10 9 5 23 14 74 3 77 16 55 4 83 8 86 15 82 18 19 0 79 1 48 6 17 7 60 2 59
1 9 16 74 2 49 10 56 11 91 14 39 17 33 18 78 4 54 5 15 19 53 6 18 8 44 13 55 15 40 9 80 12 73 7 58 3 97 0 82
11 28 12 17 7 83 2 88 15 90 19 32 3 30 17 3 10 23 16 68 18 52 8 11 14 87 0 16 5 5 6 64 9 86 13 85 1 47 4 80
3 67 18 47 1 5 19 3 15 59 12 65 10 19 9 6 13 85 11 61 17 11 16 8 0 20 4 25 7 20 14 93 5 79 6 76 2 44 8 13
7 37 8 30 4 72 18 74 2 76 15 23 11 95 10 74 19 94 17 39 14 33 16 96 9 12 1 68 0 59 5 7 6 73 3 8 12 64 13 56
18 18 16 65 11 12 14 29 7 81 4 61 6 89 19 28 15 88 12 37 13 64 17 93 8 23 5 48 10 36 9 18 1 86 3 87 2 51 0 84
17 45 6 51 13 15 16 93 8 51 18 57 2 55 3 45 7 53 11 14 14 86 0 95 5 30 15 47 9 37 10 99 1 94 19 70 4 32 12 8
15 77 14 97 2 59 10 12 7 47 8 70 11 68 0 31 16 15 17 69 4 83 13 27 6 16 12 75 5 23 3 28 9 99 18 61 1 13 19 41
14 99 10 34 4 9 12 38 15 51 17 52 2 32 19 67 8 54 9 43 16 65 5 73 7 79 0 80 1 91 11 21 3 79 6 26 18 49 13 84
4 97 11 33 1 32 19 95 13 54 2 57 16 75 9 86 6 45 15 30 7 15 14 7 12 44 10 97 8 19 18 39 3 86 5 17 0 90 17 44
4 8 0 27 3 93 19 59 7 95 11 85 18 59 13 65 15 40 9 50 5 55 1 37 14 61 6 91 10 80 12 39 2 96 17 61 16 96 8 48
9 76 5 10 14 18 11 92 17 64 0 44 19 61 3 32 4 91 6 15 10 87 12 13 15 7 8 2 13 39 7 76 16 37 1 47 18 8 2 78
8 12 6 39 2 84 3 17 12 42 17 17 1 14 15 71 18 79 4 39 7 37 13 32 19 94 11 75 14 76 0 64 16 95 5 71 10 19 9 63
1 26 19 3 5 16 10 11 9 57 8 82 6 23 17 19 4 72 13 13 14 61 0 63 12 33 2 13 7 39 11 87 15 95 16 13 18 87 3 9
5 22 10 85 14 73 15 51 0 45 6 87 4 81 11 69 12 77 17 38 1 36 7 70 9 89 16 13 2 4 19 46 3 38 8 56 18 79 13 62
14 97 13 27 10 28 6 65 0 87 7 75 5 81 15 44 2 64 1 29 17 73 19 16 12 53 16 63 9 6 11 91 18 55 8 29 4 47 3 6
10 89 6 48 12 62 19 79 9 54 17 83 13 69 0 4 8 21 18 14 5 43 3 87 14 80 11 62 15 10 4 52 2 47 1 10 7 65 16 9
8 47 12 9 14 96 18 55 3 78 0 18 10 43 15 99 6 79 13 61 1 97 7 58 11 61 16 8 4 76 5 19 2 86 17 75 19 2 9 17
0 21 17 86 6 93 10 51 16 83 2 58 11 81 4 18 12 89 7 76 1 47 13 69 15 42 8 41 18 37 14 34 5 45 19 7 3 9 9 69
15 74 14 76 10 13 2 44 1 84 3 63 0 57 9 16 8 90 17 86 11 72 16 66 18 40 12 98 4 10 7 70 13 91 5 64 6 82 19 74
13 82 19 43 8 26 7 17 4 4 5 83 15 50 12 88 1 8 9 89 3 66 10 32 0 22 18 36 2 11 14 34 17 3 6 20 11 79 16 99
16 9 10 47 3 19 4 70 2 69 15 23 8 5 5 7 19 49 0 32 17 14 9 73 13 71 12 5 1 7 7 78 6 10 18 62 11 72 14 19
4 38 19 39 2 49 9 15 13 64 17 29 7 41 8 15 16 25 15 80 11 20 6 62 10 95 5 76 12 90 0 82 1 59 14 92 3 39 18 32
2 65 9 40 12 15 19 59 13 75 11 54 18 67 0 91 8 43 7 77 1 55 14 34 3 77 10 59 17 52 15 2 5 32 4 98 6 59 16 91
4 53 13 23 0 89 7 69 11 65 8 16 15 90 9 83 18 35 14 16 19 88 16 55 17 94 1 18 3 77 2 60 5 48 10 8 6 1 12 83
17 93 15 73 14 26 3 80 19 14 18 30 16 41 0 95 12 83 2 15 6 16 1 37 4 48 11 84 7 56 9 17 5 71 13 26 8 74 10 49
6 71 11 22 12 28 1 27 8 47 13 81 19 69 2 75 15 92 16 70 14 18 18 74 9 83 3 93 10 11 5 75 0 3 17 89 7 70 4 89
0 81 1 21 8 15 10 29 19 24 13 77 16 54 17 21 12 72 7 89 9 31 11 80 6 99 14 39 4 13 18 29 3 37 5 63 15 4 2 80
1 41 8 81 0 5 19 97 9 84 3 45 10 19 14 77 15 68 11 49 4 48 13 52 7 47 12 53 18 35 16 28 17 44 6 50 5 93 2 97
2 92 12 33 4 36 0 33 8 55 7 69 15 64 9 92 14 57 11 25 3 72 19 96 18 96 13 3 5 47 6 97 16 53 10 36 17 88 1 85
8 7 5 80 16 98 3 99 4 23 1 72 9 51 6 66 11 59 14 72 12 67 19 84 18 92 17 97 0 51 7 69 15 59 13 55 10 14 2 13
16 78 18 11 3 88 2 48 8 11 13 58 14 52 0 43 15 37 4 22 11 17 1 79 19 75 10 80 5 30 12 95 9 55 17 1 6 72 7 11
14 23 12 78 2 20 13 82 1 77 4 44 18 52 3 65 9 65 11 82 15 14 7 8 17 94 19 91 8 19 6 48 10 84 0 71 5 24 16 80
2 49 4 86 16 78 10 21 13 86 3 98 14 35 9 70 19 57 8 67 6 92 18 57 17 31 5 84 15 36 7 84 0 14 11 1 12 63 1 60
