100 20
17 68 2 11 12 47 3 55 1 4 9 76 7 89 0 70 11 57 13 97 16 39 8 42 5 36 4 46 19 65 10 49 14 35 15 61 6 51 18 6
2 52 13 76 15 90 4 9 18 71 3 78 0 40 19 23 7 46 11 18 16 10 12 26 9 49 14 64 1 23 5 28 17 10 10 49 6 10 8 32
9 12 17 67 15 8 5 3 18 33 10 7 4 21 3 14 8 88 6 90 14 18 13 78 7 9 12 66 19 92 0 65 16 23 11 30 1 90 2 53
17 61 12 10 4 64 6 88 3 44 2 60 1 29 5 11 15 41 8 74 16 32 13 12 10 29 18 38 9 47 14 67 19 12 0 47 11 76 7 7
7 61 18 88 5 41 14 81 12 40 17 6 19 9 13 85 8 42 6 22 9 6 4 22 11 90 16 15 3 38 0 30 15 71 2 40 1 59 10 7
18 93 8 99 9 88 5 64 16 24 7 48 13 84 0 29 19 70 10 3 6 71 4 91 3 8 15 92 12 9 17 97 14 48 11 48 2 9 1 59
1 35 14 76 19 10 3 36 9 33 11 65 5 83 10 15 2 82 17 65 13 24 4 48 8 16 7 24 18 50 6 65 15 32 12 71 16 85 0 13
15 23 9 83 3 85 8 23 19 28 0 78 18 61 16 9 11 50 1 84 17 92 2 71 7 18 10 9 6 89 12 5 14 23 13 25 5 49 4 18
2 45 16 40 12 36 8 2 3 18 14 96 4 68 10 11 13 88 1 78 17 48 5 27 0 91 11 72 19 25 6 21 7 27 18 22 15 95 9 41
14 81 5 59 6 49 9 98 16 23 17 31 12 87 3 47 15 79 19 27 13 48 4 74 11 74 2 7 1 94 0 73 7 31 8 83 10 29 18 25
3 67 11 78 8 98 13 79 4 68 7 22 16 34 5 39 19 93 0 68 12 8 17 65 6 68 2 92 18 11 14 8 15 18 1 67 10 39 9 58
4 11 14 33 17 10 8 88 10 24 5 3 11 33 16 11 12 79 13 2 3 72 9 4 19 92 7 1 1 74 6 61 0 21 18 72 2 28 15 36
19 75 6 8 11 30 7 72 2 67 12 76 0 94 5 32 18 18 15 38 8 88 16 69 10 2 4 14 3 31 1 61 14 35 9 34 13 62 17 70
7 75 14 47 9 55 15 47 1 2 6 24 0 9 4 24 3 39 16 10 13 84 18 37 17 43 10 47 8 62 12 48 19 56 2 82 5 9 11 97
17 93 12 26 7 52 15 34 3 78 19 11 18 51 4 26 10 21 13 29 14 99 2 54 11 63 16 82 1 45 6 60 5 94 9 23 0 56 8 51
7 92 9 85 13 4 0 96 8 30 3 18 12 69 4 44 19 37 2 62 16 98 5 10 1 15 15 49 6 14 10 78 11 73 18 61 14 69 17 86
10 50 15 1 8 18 17 93 19 23 11 1 13 5 7 72 18 84 5 34 14 60 4 91 6 73 16 76 9 54 1 65 0 6 12 10 3 71 2 35
14 63 10 4 3 62 5 4 12 17 1 29 0 94 7 10 13 18 18 85 9 17 2 77 15 84 19 56 17 18 16 73 8 61 11 1 4 44 6 24
9 20 11 7 4 74 16 93 0 39 8 42 14 72 19 7 13 29 12 69 1 19 5 34 2 73 15 60 7 2 10 66 3 28 18 97 6 53 17 57
2 83 6 7 19 90 3 49 4 60 15 48 5 90 17 84 0 55 14 42 10 33 18 37 9 52 1 41 16 16 7 74 12 97 8 59 13 16 11 17
16 23 1 38 9 58 19 36 6 48 15 67 3 93 2 38 18 33 10 39 14 7 11 75 4 29 12 70 17 18 13 4 0 43 8 66 7 11 5 7
11 5 16 96 2 6 19 35 4 70 1 33 5 83 18 1 9 62 10 40 7 90 15 2 3 51 6 1 17 65 14 45 8 43 0 61 13 79 12 28
14 86 6 89 10 4 17 49 18 27 0 11 4 39 13 8 11 24 19 53 2 65 9 91 1 21 5 98 3 20 15 75 12 86 8 7 7 65 16 18
15 44 11 90 5 84 9 48 2 19 3 4 17 87 18 27 19 34 1 66 7 41 13 13 14 62 12 35 8 74 6 98 10 67 16 13 0 74 4 44
4 84 19 69 2 25 11 51 5 94 16 81 6 99 3 39 13 57 15 93 1 12 8 35 12 34 0 47 7 70 17 14 10 37 18 39 9 65 14 63
3 45 0 80 9 71 5 62 13 54 8 96 7 39 16 71 6 91 18 89 10 90 15 35 17 35 1 70 19 1 11 69 2 21 14 21 12 75 4 76
13 56 19 11 1 82 5 26 8 15 18 74 7 30 4 45 0 92 3 79 10 65 2 48 17 61 16 20 11 54 9 29 6 18 15 56 12 92 14 88
11 68 1 55 8 45 16 11 17 8 18 54 2 56 19 49 10 40 15 22 13 82 6 2 9 50 5 78 3 92 14 46 7 14 4 49 0 2 12 37
0 93 3 63 15 58 1 84 4 54 19 35 18 61 7 42 9 12 10 91 14 60 17 92 8 22 6 82 2 72 5 46 13 22 16 35 11 16 12 6
10 62 9 72 0 9 1 25 15 38 13 42 14 45 16 96 3 69 8 52 19 82 2 6 18 47 11 82 7 81 6 64 4 46 5 88 12 25 17 71
11 40 6 65 18 12 1 32 17 81 2 80 3 93 16 32 0 6 19 83 15 58 4 66 8 50 13 10 10 5 5 46 12 66 7 20 9 8 14 48
15 17 14 59 5 20 7 81 10 91 19 2 16 6 11 40 13 42 12 77 4 83 17 13 18 22 0 55 9 13 8 38 6 25 1 33 3 71 2 82
9 3 3 21 13 73 14 49 4 1 15 97 12 57 18 61 7 80 11 15 10 58 19 39 17 9 2 19 0 64 1 82 6 11 8 16 16 4 5 44
19 70 0 39 15 89 11 93 5 6 4 36 10 81 16 17 12 98 1 32 14 50 8 39 7 8 6 19 3 10 9 35 13 90 18 31 2 18 17 93
17 44 11 56 14 74 3 71 0 4 12 76 1 18 16 84 15 4 13 63 10 26 6 24 2 47 19 1 5 19 18 46 8 4 4 16 9 8 7 32
5 12 4 67 2 27 10 25 0 39 19 88 17 98 6 13 16 51 15 60 13 5 12 24 9 17 7 32 3 44 11 38 1 39 18 19 14 70 8 52
7 25 12 95 17 26 6 81 4 54 11 70 13 10 8 76 15 94 9 93 1 68 16 72 18 25 3 67 14 12 19 46 10 57 0 95 2 31 5 28
5 13 4 86 9 67 0 54 15 22 19 7 1 64 8 49 7 91 10 90 2 83 12 78 11 61 14 47 6 49 16 89 17 43 3 96 13 70 18 14
10 64 8 7 16 26 0 32 19 21 1 42 14 4 9 25 6 10 11 81 2 66 7 27 18 31 12 49 17 69 5 96 3 47 15 49 13 1 4 24
11 85 7 9 3 39 16 56 15 11 17 70 12 74 9 91 1 55 8 96 18 89 4 43 2 26 10 85 19 4 0 98 14 45 13 99 5 36 6 84
3 38 9 91 6 6 17 1 1 70 15 53 7 3 0 34 5 30 2 65 4 82 8 76 10 46 18 19 14 29 11 23 13 85 16 99 19 23 12 83
9 34 13 19 2 63 1 16 4 24 12 41 16 11 5 87 15 73 8 45 6 2 0 27 3 86 18 69 7 2 17 85 10 24 14 17 11 44 19 9
4 10 12 68 16 26 5 15 0 50 3 55 15 12 6 95 7 64 11 24 9 69 17 44 1 62 14 37 8 55 2 24 13 26 18 36 19 37 10 13
2 36 16 76 1 87 18 79 10 10 4 62 12 81 3 77 8 83 14 84 15 97 5 38 17 73 0 41 9 19 6 42 13 69 19 47 7 31 11 75
11 99 17 84 8 28 5 79 15 73 7 5 12 17 1 54 9 7 4 46 14 61 16 35 13 40 10 52 2 59 0 4 18 35 19 95 6 1 3 28
0 50 4 77 16 45 17 35 9 88 7 53 8 55 12 31 11 1 10 69 5 44 18 33 3 77 14 87 13 17 15 22 6 84 1 37 19 33 2 75
15 60 6 43 3 89 1 86 11 10 19 50 18 13 9 54 2 19 7 50 5 82 12 55 17 41 8 50 10 85 14 3 13 50 4 95 16 17 0 88
15 62 16 59 11 19 19 56 9 72 1 30 7 86 4 10 14 39 12 34 13 34 2 31 0 13 5 88 8 80 18 21 10 38 17 37 6 96 3 52
13 95 12 68 2 35 18 1 8 50 4 66 6 15 11 62 0 59 15 61 10 3 9 38 7 84 16 39 17 11 14 43 3 92 19 93 1 23 5 46
11 73 14 64 3 74 6 78 8 42 1 20 16 22 19 7 12 15 17 44 10 81 18 84 2 94 5 26 7 21 15 5 0 54 9 55 13 63 4 21
1 9 6 90 15 10 10 99 11 14 14 56 19 96 7 32 3 22 18 21 0 97 9 58 16 34 2 91 4 50 12 4 5 53 13 51 8 23 17 98
12 74 0 15 13 52 19 18 5 19 18 28 6 8 16 13 2 49 15 45 9 90 14 50 7 70 10 15 11 91 3 97 8 27 17 80 4 39 1 88
4 34 5 35 1 40 0 28 16 23 9 33 14 9 11 31 15 12 12 21 2 42 18 97 17 71 13 43 7 36 8 62 3 24 19 63 10 63 6 74
15 99 1 29 10 50 14 75 8 83 13 31 19 98 7 22 2 58 5 98 6 85 16 17 3 8 11 48 12 85 0 40 9 14 17 16 18 4 4 9
11 38 3 78 10 17 19 66 13 67 15 99 2 70 1 11 12 83 7 88 0 89 18 33 8 71 14 8 17 45 4 29 16 73 5 9 9 51 6 78
18 70 11 79 4 55 10 58 0 92 17 47 13 54 12 37 6 31 8 88 3 89 15 27 5 3 2 23 14 20 1 53 7 77 9 62 19 31 16 49
13 55 19 17 6 10 12 69 9 12 16 51 11 44 15 86 17 3 18 83 2 35 3 72 5 48 4 53 14 98 10 72 1 58 7 65 8 17 0 13
4 64 9 1 6 34 15 23 0 24 18 54 8 9 19 99 3 34 1 62 17 54 7 22 10 7 16 89 2 82 11 57 14 39 12 28 13 8 5 39
19 50 6 71 1 79 3 38 11 81 8 81 10 68 0 36 2 49 5 41 4 9 16 61 12 89 9 25 7 51 14 1 15 96 17 70 18 9 13 73
13 78 18 88 16 80 2 43 7 97 17 7 11 33 1 76 14 35 3 29 0 7 6 49 12 90 15 28 9 80 19 16 8 4 4 16 10 32 5 66
3 37 9 35 1 81 19 28 7 35 17 7 12 51 11 43 14 88 15 73 0 50 13 58 10 16 2 95 4 42 8 12 18 96 16 50 5 24 6 8
14 49 18 37 0 57 3 41 12 79 5 68 8 20 11 29 2 28 17 74 19 20 15 94 16 96 6 53 10 34 9 58 1 64 7 25 4 57 13 22
6 4 13 4 7 29 3 10 5 89 18 21 10 9 16 48 15 79 1 37 11 49 2 49 9 24 12 38 17 31 8 12 14 90 4 26 0 82 19 51
6 20 9 42 18 64 16 31 7 59 1 48 15 99 0 32 3 76 10 13 2 72 8 72 5 34 4 62 13 93 19 27 11 4 14 85 12 42 17 81
17 59 5 39 10 67 8 86 2 20 6 61 15 3 4 68 3 99 0 15 19 32 9 39 16 9 12 31 18 76 7 74 14 72 11 13 13 33 1 32
15 49 6 46 19 90 2 54 9 64 3 89 5 98 1 92 14 66 7 46 12 6 11 18 17 72 18 80 4 45 8 9 10 83 13 23 16 87 0 43
0 77 12 65 1 20 13 5 5 51 15 62 18 67 19 28 2 78 14 83 4 46 17 99 3 12 10 46 6 12 16 66 11 48 8 38 7 88 9 56
11 10 17 42 19 36 4 97 16 89 0 64 7 65 8 27 6 4 18 15 3 18 13 26 15 71 9 58 10 84 12 92 5 58 2 4 14 15 1 65
3 52 7 86 1 67 16 56 6 1 10 15 0 63 5 89 19 39 4 71 8 47 17 65 14 57 18 35 2 61 13 10 12 80 15 10 11 82 9 36
3 25 17 12 16 37 8 17 12 45 9 97 18 1 2 51 11 99 6 57 13 60 7 68 19 87 1 3 15 3 4 75 10 7 14 85 5 2 0 39
3 31 13 74 16 66 18 95 11 78 9 4 17 93 8 88 1 41 15 55 0 71 6 85 2 67 4 15 5 87 14 82 12 75 7 86 19 41 10 29
4 9 10 77 11 71 0 29 13 50 12 30 17 12 3 53 16 77 15 83 2 81 8 49 1 79 18 15 9 72 14 90 6 40 7 27 5 26 19 80
8 16 10 60 4 56 6 36 12 29 5 52 17 99 3 59 16 17 14 40 15 3 19 14 9 36 13 8 0 99 18 11 1 34 7 68 11 50 2 74
1 9 11 67 0 51 7 90 13 81 12 13 19 86 17 41 14 42 4 7 3 53 8 15 6 93 9 19 16 64 18 16 2 98 10 26 5 49 15 89
13 1 3 92 0 64 12 77 17 33 15 64 4 74 18 41 16 63 7 4 1 17 11 62 2 8 10 38 9 1 8 21 6 18 19 84 5 21 14 16
13 29 1 4 14 31 8 41 3 5 15 11 2 74 11 58 18 25 10 26 0 8 6 81 9 21 12 29 19 3 4 74 5 87 17 69 7 18 16 14
4 5 14 75 12 6 17 59 15 63 8 41 7 17 2 90 1 96 13 20 10 41 16 26 0 91 19 65 18 34 3 10 5 28 11 31 6 84 9 13
16 30 3 36 11 15 7 33 5 12 2 55 8 11 4 11 19 84 10 54 17 64 6 61 18 52 15 8 9 61 1 2 12 96 0 33 14 84 13 25
15 27 16 97 8 72 17 30 3 98 2 51 6 84 11 80 19 93 5 6 0 90 18 73 13 8 10 25 1 3 9 14 7 18 4 61 14 32 12 24
18 79 13 29 2 24 4 76 9 65 5 91 11 9 10 29 8 82 7 7 1 28 12 68 6 7 0 82 15 3 17 3 19 94 3 65 14 34 16 7
17 10 18 84 12 30 2 65 4 76 16 22 15 57 14 16 8 30 6 4 3 65 5 85 11 23 1 93 13 70 7 77 0 28 9 38 10 30 19 67
4 24 8 45 10 12 5 20 17 28 9 13 7 23 12 66 0 87 19 35 16 26 6 37 2 90 18 59 13 95 11 17 3 39 15 62 1 6 14 33
2 57 4 46 13 29 17 81 8 30 14 62 7 91 11 10 12 34 9 35 5 24 6 58 1 55 0 46 10 85 15 21 3 64 18 1 19 41 16 25
9 61 11 75 16 67 6 84 2 10 8 29 4 56 7 94 13 33 17 87 10 53 5 53 14 52 15 22 1 55 12 9 0 60 3 92 18 48 19 25
10 34 15 27 18 64 3 6 6 48 12 27 7 16 4 54 9 52 16 22 2 21 19 19 11 7 5 70 17 69 0 4 13 92 1 24 14 87 8 5
12 5 3 21 13 91 16 60 10 75 15 6 19 45 1 80 0 67 2 65 17 39 18 50 7 86 9 43 14 17 4 5 6 38 11 17 8 60 5 68
5 43 19 35 18 95 17 65 8 53 6 29 7 41 16 87 10 4 14 46 13 73 0 42 4 50 12 6 9 35 15 77 3 28 2 30 1 12 11 97
18 61 3 79 12 15 7 17 11 50 17 58 2 73 5 69 16 34 19 23 4 30 1 24 13 4 9 62 14 40 15 49 6 73 0 1 10 63 8 80
12 45 2 70 14 83 4 49 15 39 9 20 13 3 8 17 5 20 1 33 18 96 10 4 3 85 16 58 0 85 6 70 19 69 7 90 17 29 11 45
7 8 17 47 9 3 3 96 12 93 10 59 2 51 18 30 11 26 8 81 5 4 6 31 15 54 13 84 14 38 0 67 16 41 19 34 4 94 1 56
17 79 15 27 14 67 9 70 16 5 19 63 12 13 10 34 11 10 13 25 1 43 2 86 6 44 0 82 3 63 5 94 8 49 18 67 4 20 7 88
10 90 2 55 5 43 0 59 18 76 9 33 16 13 11 71 8 63 15 64 7 84 6 26 13 86 3 82 1 34 12 20 19 46 4 77 17 47 14 17
1 53 0 14 3 6 7 25 12 81 16 95 13 64 4 44 6 72 15 66 10 85 14 74 17 57 2 47 11 3 8 97 9 82 5 75 19 98 18 77
12 54 5 97 0 57 14 12 13 73 2 85 11 60 4 4 10 50 16 97 3 75 15 59 6 29 1 45 7 77 19 25 17 96 9 29 8 10 18 95
10 9 1 7 18 60 3 78 2 46 19 61 0 88 12 79 13 33 9 47 5 70 14 71 17 48 4 15 7 24 16 59 15 38 8 79 6 59 11 50
10 20 3 49 13 18 18 45 16 1 0 11 7 22 9 96 14 40 1 64 11 64 12 34 2 77 15 90 5 55 8 50 4 52 19 22 17 22 6 90
9 27 1 21 16 95 0 9 4 28 13 51 10 92 18 77 3 14 15 10 14 16 7 53 8 20 19 28 5 71 17 86 6 43 11 5 12 20 2 18
12 90 16 42 10 32 19 40 5 38 1 45 0 56 3 41 18 52 7 60 2 58 15 1 17 22 6 3 4 80 11 90 13 15 9 15 8 88 14 75
5 29 3 92 13 92 10 81 6 68 16 9 4 93 17 71 7 94 18 82 12 39 0 71 1 93 2 62 9 77 15 4 19 30 11 99 8 60 14 48
2 88 17 26 7 10 18 67 8 52 16 53 10 86 5 89 6 93 14 88 3 98 15 19 19 73 1 81 0 33 4 34 13 69 11 10 12 78 9 74
