100 20
3 56 16 51 10 80 14 66 9 81 7 70 5 63 8 6 18 55 2 6 1 66 0 94 11 87 17 25 6 95 13 41 4 46 19 28 12 67 15 30
6 18 15 96 17 51 10 17 2 4 8 70 12 81 19 83 1 84 9 64 16 64 14 87 13 18 5 77 4 82 0 18 18 22 3 65 7 51 11 22
8 76 18 62 9 53 16 58 4 29 19 86 15 80 2 89 0 26 17 42 11 62 14 8 3 48 5 95 10 69 6 26 13 55 1 16 7 65 12 7
9 59 13 90 5 76 10 28 2 80 19 31 17 70 8 50 0 80 3 22 12 47 14 13 4 92 1 47 7 35 15 35 16 85 18 42 6 35 11 37
0 72 19 79 5 73 8 6 14 19 9 53 6 27 11 73 4 19 10 2 3 85 2 54 17 52 18 7 13 20 15 32 1 98 7 48 16 18 12 86
17 75 0 22 2 3 5 81 11 28 19 31 13 79 18 5 1 92 10 54 7 39 12 62 4 1 8 94 14 43 6 44 9 87 16 35 15 62 3 21
2 46 0 14 19 33 8 85 5 46 6 52 3 44 14 72 12 1 16 52 18 90 17 63 9 94 10 28 13 56 1 92 15 14 7 51 11 41 4 95
14 80 19 31 3 48 17 78 15 81 12 3 7 60 13 68 18 11 10 10 11 75 5 48 0 4 8 79 16 18 6 29 4 91 9 97 1 10 2 85
14 31 18 45 17 11 1 44 10 28 6 77 0 50 5 20 2 66 3 4 9 87 16 34 13 99 19 72 11 16 8 84 4 59 12 6 15 27 7 86
19 6 7 78 9 45 1 24 10 92 0 26 3 84 16 22 11 20 17 87 12 15 6 80 18 19 4 87 15 98 14 66 2 6 8 55 5 61 13 2
8 45 18 79 14 65 1 77 10 50 17 66 0 88 6 3 7 32 4 87 15 79 3 57 5 32 13 76 16 75 9 88 11 58 12 42 19 21 2 93
9 86 1 15 3 5 15 6 13 55 7 96 10 59 5 18 17 96 18 14 2 61 4 8 19 86 8 8 16 90 14 72 0 38 12 64 11 69 6 11
9 54 12 4 3 47 7 16 5 46 4 78 13 45 10 74 19 89 8 31 2 22 18 43 1 38 0 31 6 25 14 11 17 16 11 5 16 61 15 74
7 8 1 74 6 13 13 56 19 74 16 9 0 90 10 47 2 32 17 37 5 44 12 98 14 45 15 66 8 43 4 57 9 32 11 91 18 18 3 24
16 3 10 86 15 20 3 8 13 58 9 61 4 93 5 56 11 42 14 27 2 15 0 43 7 81 18 86 6 23 12 87 1 35 8 3 17 20 19 32
15 15 6 79 1 64 4 95 18 48 11 92 19 14 13 78 0 14 9 6 5 67 3 9 7 75 8 52 10 13 2 24 14 15 16 74 17 57 12 40
4 19 11 8 7 74 5 24 3 72 10 70 1 19 16 65 2 63 0 30 13 28 15 58 17 14 18 41 6 82 12 76 8 43 19 89 14 68 9 67
18 95 6 30 1 13 0 76 3 59 16 80 4 26 19 4 9 47 7 25 13 1 8 74 10 82 12 1 5 16 15 12 14 38 17 96 11 72 2 49
15 12 1 40 13 58 16 24 6 89 2 30 17 6 8 61 18 19 10 62 0 58 19 44 3 74 14 80 5 95 9 34 12 62 4 53 11 61 7 89
18 10 3 53 1 6 12 19 17 67 15 25 14 67 7 59 11 64 10 55 19 39 16 17 6 86 13 53 4 48 2 59 8 52 5 68 0 19 9 63
9 62 0 31 19 61 17 88 5 45 1 37 10 40 16 23 8 38 3 45 15 9 12 48 7 58 14 27 11 99 18 3 6 20 2 41 13 34 4 2
13 18 1 38 9 94 3 67 6 42 19 51 16 33 2 5 18 76 0 21 4 71 10 20 14 99 8 20 17 86 5 21 7 30 12 67 15 66 11 31
4 45 13 44 6 48 17 43 7 48 16 18 12 25 15 59 18 93 9 82 2 72 5 90 3 62 10 92 8 52 14 76 19 83 11 49 1 85 0 90
2 30 3 99 1 80 0 69 18 62 6 16 9 12 12 58 7 22 13 7 5 52 8 15 14 81 16 42 15 15 10 53 17 36 19 86 11 60 4 83
9 21 3 96 6 27 16 85 17 26 13 56 1 29 19 89 4 33 2 5 11 54 18 1 15 79 7 22 8 62 5 14 10 43 12 65 14 12 0 83
13 80 11 19 7 31 5 88 15 42 10 54 1 38 6 49 8 24 2 7 19 70 3 5 17 91 9 77 4 58 18 6 14 61 0 66 16 53 12 72
1 58 4 80 8 22 13 10 11 64 9 93 18 24 15 80 16 55 2 40 17 75 0 34 6 95 19 64 5 50 10 72 14 42 3 16 7 75 12 20
7 21 19 3 16 21 17 13 6 28 2 52 14 23 15 6 9 48 5 5 1 6 10 9 4 7 18 71 8 46 3 88 13 59 11 2 12 21 0 20
11 76 16 18 18 94 6 13 3 11 7 31 1 77 2 40 9 71 13 69 8 44 12 3 14 39 17 28 0 38 10 17 15 11 19 45 4 47 5 48
6 67 5 74 13 26 9 61 17 54 8 38 15 3 2 27 10 21 19 7 1 66 11 91 0 37 12 51 18 74 4 74 7 87 3 29 14 39 16 72
2 55 4 45 0 71 9 66 18 37 3 2 19 60 12 85 8 2 7 88 13 83 6 99 16 25 14 85 11 14 1 50 15 60 5 97 17 55 10 37
17 20 13 62 6 79 2 91 1 32 10 42 3 68 12 17 11 62 15 34 7 63 4 74 14 88 5 95 8 97 18 33 19 44 9 30 16 21 0 2
13 71 2 69 15 9 12 51 14 21 1 34 18 2 11 94 3 80 4 78 9 7 5 61 19 72 0 4 6 42 8 12 16 83 17 61 7 21 10 89
15 40 4 69 1 10 14 95 0 45 11 34 6 13 19 12 7 97 5 30 18 5 16 66 2 84 8 39 13 52 12 20 9 21 10 98 17 6 3 54
9 14 12 57 18 73 7 73 1 79 13 39 14 46 6 47 8 73 16 43 15 62 17 60 5 57 4 51 0 32 3 96 19 96 10 42 11 69 2 93
18 72 11 93 19 1 0 83 5 92 13 18 9 95 7 68 6 48 1 4 3 9 2 50 16 14 8 45 15 6 4 1 10 85 14 44 17 43 12 27
5 59 8 25 6 34 2 55 4 1 13 59 15 16 18 93 1 17 0 25 14 11 7 43 9 51 16 64 12 57 19 27 10 70 11 19 17 73 3 52
7 91 14 36 17 32 16 44 1 90 9 96 18 18 6 18 15 27 8 78 0 99 3 53 19 14 2 40 10 26 11 32 5 28 13 30 12 54 4 54
1 60 18 80 11 4 13 4 17 65 12 61 19 27 0 70 4 20 5 29 15 79 2 86 8 38 14 87 6 52 9 86 3 5 16 12 7 63 10 39
14 17 10 20 17 11 16 48 7 87 0 7 5 12 12 89 15 46 19 4 11 61 3 73 1 42 4 37 2 38 8 33 9 91 18 76 6 20 13 53
5 14 17 43 1 90 7 13 4 87 14 46 16 7 2 41 6 30 13 59 19 21 9 53 18 8 8 87 11 59 15 61 12 82 3 30 10 37 0 43
8 59 7 68 15 41 11 84 0 76 14 47 12 44 2 16 19 8 18 74 13 26 4 28 16 93 17 69 9 45 10 37 3 61 1 35 6 32 5 24
3 85 11 81 17 67 19 44 4 76 1 99 6 87 8 74 18 15 9 72 14 67 16 20 5 42 0 91 13 24 10 89 7 87 12 28 15 23 2 7
9 36 18 64 10 83 0 35 7 54 3 3 6 52 19 66 13 15 15 2 17 83 2 74 1 76 5 33 4 72 14 58 8 9 11 9 16 38 12 72
2 79 1 75 6 13 10 23 12 6 4 31 0 51 13 24 18 16 15 99 19 3 3 3 5 86 11 30 16 46 8 61 7 39 17 6 14 21 9 59
1 48 10 98 14 21 3 30 4 43 15 33 0 73 11 36 8 7 5 51 6 8 2 16 9 49 17 3 7 26 16 14 18 47 12 25 13 54 19 37
3 80 5 26 6 78 11 43 16 17 14 87 19 10 1 28 12 66 15 60 13 83 9 2 0 42 18 42 7 58 2 60 10 93 17 52 4 59 8 12
7 25 12 3 6 13 4 24 13 32 10 46 15 18 16 53 18 39 0 67 19 85 5 96 1 13 17 86 2 32 11 6 9 19 3 51 14 71 8 48
17 89 6 74 13 7 5 90 3 98 2 83 18 83 1 1 8 82 14 78 19 52 7 93 10 48 0 24 11 51 4 98 15 56 12 98 9 64 16 95
3 34 17 55 2 47 18 12 19 17 4 73 13 60 8 79 7 43 9 66 14 11 11 40 5 54 1 39 10 78 6 28 12 85 0 44 16 40 15 66
3 95 2 41 9 18 11 78 6 82 1 12 13 59 17 33 14 45 0 81 15 92 7 90 10 49 18 13 8 60 5 86 19 36 12 82 4 82 16 57
4 43 5 9 15 47 0 99 1 41 3 15 2 10 19 16 16 48 9 81 17 15 18 83 11 20 7 45 12 52 6 91 10 8 8 85 13 53 14 96
14 38 3 10 2 61 6 21 18 14 13 20 1 19 7 30 4 63 16 40 0 30 5 13 10 69 9 12 19 33 12 18 15 80 8 52 11 93 17 1
12 28 0 55 3 18 14 95 2 45 7 60 13 89 6 60 18 82 11 72 5 41 17 23 9 4 8 86 10 11 1 70 15 30 4 21 16 39 19 26
7 13 4 95 14 16 10 13 16 16 18 63 6 26 0 46 3 19 15 5 8 77 5 97 19 41 9 64 11 53 12 13 2 39 13 56 17 27 1 51
11 48 2 47 12 34 0 63 8 45 16 96 17 47 3 98 5 35 19 41 7 49 14 91 9 57 1 76 18 34 10 19 15 10 6 98 13 59 4 87
10 66 19 92 9 39 1 37 15 38 17 40 5 97 14 43 0 61 11 95 7 46 16 1 12 23 6 45 13 3 4 4 3 80 8 57 18 58 2 54
1 44 16 89 4 88 6 87 17 37 8 42 0 17 15 78 18 14 2 38 5 16 11 9 9 71 10 56 7 99 12 16 14 91 13 64 3 76 19 40
6 70 3 19 2 44 9 62 10 14 12 60 16 42 15 57 1 5 19 4 17 99 14 61 7 91 8 52 18 26 13 93 0 47 5 23 4 24 11 93
12 79 4 45 0 74 6 85 9 86 17 78 7 5 14 35 19 24 1 50 5 51 11 10 10 31 2 70 16 92 15 44 8 48 13 89 18 76 3 88
3 65 13 12 8 86 2 67 9 41 18 78 0 73 7 25 1 31 4 63 5 66 19 36 16 48 14 69 11 28 10 18 6 9 17 80 15 82 12 20
11 91 0 88 12 75 19 50 4 39 5 49 1 11 16 42 2 76 6 59 18 47 9 48 17 21 14 49 3 52 13 90 8 87 7 47 15 88 10 11
13 23 11 94 17 6 16 39 9 65 1 8 5 53 18 5 6 49 7 39 3 92 4 65 8 14 10 63 12 51 15 77 19 53 2 33 0 15 14 60
5 65 2 98 19 75 17 8 3 78 0 79 16 64 9 92 10 14 11 52 8 66 15 79 6 56 14 40 4 50 13 16 18 64 7 65 1 93 12 70
10 92 7 6 13 81 6 30 11 89 8 78 9 10 16 72 18 59 2 1 3 97 5 55 12 7 15 97 19 45 14 60 1 64 0 48 17 17 4 63
15 5 18 65 8 2 10 84 16 23 14 48 2 4 19 5 4 41 3 26 13 86 12 80 17 29 11 75 7 89 1 3 6 37 5 56 9 41 0 49
18 6 13 11 6 65 19 61 10 87 11 66 0 14 9 41 5 43 4 88 17 24 7 15 2 55 8 51 16 37 3 8 14 74 12 78 1 13 15 75
17 12 19 38 1 2 8 63 2 77 13 77 9 69 11 99 15 44 10 4 6 62 18 91 16 40 5 9 4 11 14 15 7 17 0 52 3 23 12 86
10 71 1 44 12 20 2 62 3 15 13 99 5 68 6 13 0 77 7 12 17 88 9 72 19 17 18 28 8 61 15 70 4 54 16 95 11 97 14 81
19 34 15 12 4 12 14 39 1 21 17 33 12 71 9 41 8 8 3 79 18 76 2 50 0 95 16 20 6 92 11 80 5 38 13 29 10 16 7 19
15 29 9 39 3 99 5 65 0 65 13 76 17 61 10 79 4 32 19 99 12 40 7 66 8 69 11 98 18 24 6 9 16 99 2 12 14 46 1 31
17 82 14 4 13 72 9 37 16 90 4 77 8 87 0 42 2 14 19 57 15 25 10 47 18 65 12 2 7 51 6 55 5 5 3 45 1 47 11 34
10 47 13 54 0 91 11 73 9 15 17 62 8 99 3 22 16 41 18 50 2 47 6 84 15 56 1 47 12 64 14 15 7 89 5 2 4 78 19 53
9 85 16 59 4 52 2 75 7 18 10 21 3 91 17 70 11 18 15 20 19 24 13 76 0 29 1 9 5 6 12 14 6 61 18 61 14 94 8 92
9 59 18 53 17 88 0 47 16 15 6 8 4 95 10 77 3 45 8 43 19 24 15 61 5 67 14 62 13 60 11 32 12 84 1 27 2 60 7 70
7 49 17 79 11 46 14 12 15 87 16 33 9 24 19 61 12 5 5 93 13 65 2 95 1 74 8 20 4 31 3 20 6 21 10 71 18 64 0 3
1 7 11 94 0 87 4 67 14 14 17 20 10 50 2 15 9 46 12 92 15 45 8 35 7 10 19 20 5 67 16 12 13 60 18 29 3 72 6 2
12 36 5 62 16 70 10 70 19 43 6 10 13 46 8 49 14 94 0 85 15 15 3 31 4 21 11 97 9 45 1 39 17 49 2 43 7 70 18 26
8 98 18 3 11 93 12 61 7 75 6 94 1 21 4 25 13 2 3 58 19 93 9 25 0 71 14 61 17 5 2 74 5 35 16 70 10 93 15 67
17 68 2 84 9 49 18 60 7 86 14 86 12 82 15 35 6 73 0 62 13 23 3 23 16 61 8 66 11 24 4 8 1 65 19 88 5 84 10 72
15 67 1 49 8 72 11 19 3 13 9 11 2 93 6 84 14 64 16 75 4 23 13 54 7 82 5 36 12 92 18 77 0 11 10 69 19 36 17 52
10 73 2 69 18 90 12 71 4 19 5 61 11 47 8 22 14 58 9 25 0 15 3 40 19 54 6 87 13 1 17 5 1 29 7 4 15 77 16 62
1 14 3 52 15 65 13 79 6 23 5 78 16 30 10 89 11 26 9 5 0 58 12 89 7 86 17 46 19 22 8 20 2 80 18 70 4 64 14 72
11 38 9 55 0 80 17 73 2 4 1 79 7 35 3 40 14 68 6 81 4 19 18 15 10 40 13 68 5 74 15 99 19 22 16 73 12 8 8 47
3 16 15 29 6 99 10 58 19 62 16 46 5 40 14 85 13 89 0 37 2 12 1 36 7 56 9 58 18 60 17 9 12 80 8 51 4 60 11 49
14 71 15 28 13 32 12 32 1 23 18 67 2 88 19 91 17 10 16 5 4 85 6 13 8 6 10 59 7 53 9 79 0 58 11 36 5 58 3 88
9 22 11 29 13 67 0 23 3 85 6 27 8 84 1 92 5 37 4 1 10 22 15 73 2 96 19 32 7 87 18 28 12 15 17 95 16 78 14 43
10 48 0 43 17 36 9 3 11 43 5 87 19 42 18 30 8 50 3 13 6 9 14 65 4 34 13 9 7 73 12 69 2 84 16 81 15 95 1 78
18 2 11 44 12 48 4 34 6 56 17 8 2 21 10 71 7 13 3 34 19 48 13 21 8 53 15 89 14 96 9 35 16 44 0 72 5 25 1 74
7 4 0 77 18 67 12 57 9 93 10 89 19 1 6 24 4 17 17 7 2 76 11 92 14 39 16 49 5 22 8 65 3 55 1 94 13 97 15 33
15 12 19 34 18 31 10 10 17 93 2 37 6 81 4 46 16 24 0 86 14 26 8 29 5 61 9 89 7 72 3 52 12 60 11 46 13 41 1 81
1 4 5 22 11 63 17 1 18 23 0 43 12 13 19 71 9 20 8 40 6 59 4 39 15 70 14 37 2 1 16 74 7 78 3 58 13 90 10 14
2 14 11 60 9 68 18 96 8 30 3 17 19 70 4 96 13 58 7 66 10 30 5 8 14 37 17 12 1 48 0 31 15 12 12 15 6 55 16 13
8 91 6 43 12 12 5 74 7 6 13 77 11 9 19 98 9 43 16 92 4 35 14 62 2 34 0 84 3 66 18 90 17 36 1 10 10 97 15 27
9 9 1 40 14 13 0 61 7 29 19 55 18 97 2 77 13 13 8 88 6 60 3 66 15 82 4 54 5 77 16 82 11 45 12 79 17 9 10 30
1 41 8 19 3 27 9 37 6 46 5 83 18 26 16 57 13 66 0 78 14 55 4 1 11 85 17 45 15 8 10 99 7 44 19 24 2 96 12 30
7 97 1 9 0 51 4 78 13 1 5 38 3 41 12 77 16 23 14 92 10 54 11 62 18 5 2 7 19 21 6 52 9 34 8 45 17 83 15 41
15 7 9 3 7 84 4 66 12 93 1 79 5 80 18 48 19 97 16 96 3 98 13 74 2 96 17 68 14 89 11 80 10 23 8 27 6 39 0 70
7 52 13 55 4 5 9 77 15 31 17 66 16 84 18 19 8 18 14 52 5 6 19 61 2 11 6 55 0 3 11 15 12 30 3 33 1 3 10 15
1 15 16 44 10 8 3 92 14 70 6 23 7 67 15 76 12 97 17 55 2 61 9 49 5 46 8 2 18 79 0 36 19 47 4 41 13 89 11 1
