100 20
5 32 1 87 13 52 17 9 8 41 16 70 10 30 11 24 9 76 14 60 12 90 15 90 19 97 2 58 6 10 0 23 7 36 18 55 4 89 3 34
16 16 13 2 4 81 6 73 14 76 18 63 3 89 8 52 11 5 15 33 9 38 2 86 17 38 1 71 0 42 10 3 7 53 19 18 12 66 5 91
4 67 2 73 12 98 7 35 10 93 9 24 0 43 11 93 8 12 3 29 5 98 6 64 18 58 14 38 17 71 15 95 16 79 19 26 13 56 1 60
8 87 16 61 3 55 19 62 0 91 1 34 12 65 14 98 4 61 13 9 6 99 2 26 15 5 9 18 5 16 7 49 11 64 17 67 10 98 18 84
2 62 1 74 11 79 15 90 0 1 7 15 16 11 19 42 8 98 13 88 12 48 3 21 10 74 17 93 14 33 18 22 9 12 5 36 6 75 4 24
2 28 8 34 6 12 3 65 5 49 4 71 17 92 16 8 9 49 7 9 0 31 15 10 19 94 18 48 11 4 14 81 12 76 10 18 13 62 1 22
5 49 6 18 4 92 7 33 9 39 3 55 8 66 14 20 0 25 11 16 2 48 10 54 13 51 12 16 19 64 17 82 16 74 18 9 15 78 1 78
15 40 3 68 8 97 7 60 5 34 17 12 11 11 10 53 13 53 18 8 14 62 6 74 0 14 9 57 16 54 19 95 2 13 4 39 1 86 12 98
12 5 5 34 16 74 11 50 2 19 3 43 18 86 15 95 1 1 13 56 4 72 9 63 6 21 7 54 8 19 17 30 14 95 10 96 19 65 0 32
1 52 14 50 5 2 19 30 6 19 13 15 3 22 17 66 12 84 7 94 9 64 2 99 10 98 4 60 18 45 16 73 8 7 0 71 15 51 11 19
5 57 4 43 3 47 17 18 10 99 0 71 16 44 14 5 7 25 2 61 8 41 15 74 19 46 13 32 9 13 18 55 11 32 12 48 1 33 6 7
14 38 15 86 10 64 13 45 1 90 5 81 17 58 16 65 18 41 11 81 12 90 7 52 3 50 9 65 4 92 2 91 6 13 0 15 19 90 8 9
10 56 0 32 4 25 14 47 17 21 15 6 19 41 9 9 13 93 8 88 1 25 16 39 6 54 12 26 2 8 18 20 11 39 5 48 7 32 3 30
1 4 15 21 8 97 2 33 14 84 7 22 3 21 17 67 19 10 10 37 16 5 18 22 4 64 11 41 0 56 13 10 9 45 5 5 12 36 6 28
12 40 19 59 7 78 4 54 17 66 18 62 11 51 2 43 0 13 5 10 14 47 9 43 1 84 15 90 16 95 3 2 13 26 10 32 6 22 8 45
10 61 6 27 18 95 13 53 2 13 8 16 12 53 19 14 1 37 3 61 11 79 17 14 15 71 9 31 14 67 4 67 5 64 16 59 7 88 0 34
12 67 15 33 1 67 13 22 10 77 3 77 17 87 8 93 11 20 6 4 5 88 4 11 0 31 7 91 14 77 18 19 16 72 9 33 19 91 2 99
17 82 2 85 4 26 10 99 3 97 11 43 7 45 14 30 12 16 15 54 6 11 13 45 18 53 8 60 5 71 19 74 16 68 1 97 9 51 0 95
12 43 5 32 17 6 7 73 3 16 4 57 9 29 15 97 19 12 16 41 6 69 0 37 2 51 11 78 8 16 10 84 13 61 18 24 14 40 1 45
11 23 15 19 19 41 13 89 3 10 1 74 9 42 17 74 12 40 14 15 5 36 0 43 18 23 8 37 6 7 4 77 7 40 16 3 10 11 2 98
12 2 7 70 16 98 18 30 19 83 9 39 1 42 10 53 8 75 3 2 11 77 14 11 5 96 13 55 4 75 17 73 15 96 6 18 0 60 2 48
8 4 7 85 5 63 15 77 6 40 13 81 17 18 0 12 2 35 12 34 11 89 4 1 10 48 1 97 19 88 16 12 18 58 14 84 9 47 3 89
8 33 19 64 7 21 3 48 12 53 1 35 11 17 6 71 13 18 17 43 18 24 4 76 2 66 14 52 16 61 10 54 0 62 5 7 9 86 15 87
15 78 18 55 2 89 5 99 6 51 7 43 0 21 9 34 8 45 11 61 13 24 4 63 3 32 1 52 17 79 19 35 14 10 16 85 12 6 10 16
4 94 5 63 16 57 8 11 0 97 14 29 18 67 1 7 7 32 9 40 11 64 10 75 12 73 15 17 3 94 2 25 13 96 6 22 19 42 17 63
12 17 10 4 15 33 18 97 19 95 0 19 7 57 4 95 5 54 2 83 8 6 3 57 17 98 9 14 6 51 16 60 13 50 1 30 14 75 11 79
16 57 19 61 14 98 11 21 1 46 4 15 13 57 6 57 18 22 12 46 2 97 7 15 15 87 3 22 17 89 5 74 10 73 0 10 8 79 9 24
6 97 8 35 4 60 9 16 12 80 13 57 19 91 17 21 7 77 10 63 14 7 16 62 15 17 0 25 18 20 5 92 3 59 11 82 2 80 1 80
14 30 7 20 2 72 6 97 5 70 17 99 15 51 11 26 19 75 18 9 4 20 9 19 13 98 12 40 16 63 1 17 10 27 3 90 0 87 8 78
19 10 14 55 6 85 9 4 13 91 3 72 0 7 16 79 11 17 1 26 15 38 5 38 10 60 2 18 12 27 17 1 7 89 8 21 18 72 4 29
4 55 19 10 1 79 5 8 11 17 17 95 7 54 8 99 6 17 14 87 15 56 12 1 2 85 13 51 18 5 3 93 16 33 10 9 9 93 0 87
11 62 1 89 0 78 7 91 12 34 17 20 5 84 19 31 10 92 14 20 6 34 15 57 16 29 9 63 13 74 3 74 8 42 18 56 2 45 4 9
5 77 1 79 3 48 7 2 14 98 11 42 2 65 16 52 6 26 19 35 17 21 18 70 4 65 15 75 8 51 9 48 10 56 12 98 13 70 0 81
13 73 8 97 1 66 4 98 18 69 7 52 19 13 11 19 9 43 10 83 14 82 16 97 5 20 12 23 17 44 6 30 0 38 3 30 15 9 2 57
10 40 9 59 0 30 6 69 11 75 3 25 13 52 14 25 1 48 7 12 16 92 2 43 8 45 17 92 4 8 19 53 15 86 12 65 18 96 5 84
12 24 16 14 3 50 9 97 18 89 7 19 15 97 0 95 17 35 2 40 13 86 1 83 11 22 4 36 14 37 8 35 10 13 6 57 19 9 5 88
6 85 16 20 3 76 1 48 2 37 15 67 9 12 18 36 17 90 10 44 8 10 12 57 11 67 0 81 4 73 14 86 7 85 13 22 19 29 5 20
7 90 12 99 3 27 4 41 16 64 15 26 9 83 5 13 13 35 19 63 14 30 11 34 1 59 0 73 2 9 8 32 10 77 18 99 6 7 17 88
13 57 18 48 15 20 10 94 11 51 4 60 17 50 6 84 8 7 0 31 19 86 14 45 1 6 12 50 9 83 3 3 7 59 2 42 5 84 16 44
18 84 8 67 4 50 12 9 16 65 3 62 10 51 11 80 15 78 19 83 7 45 1 49 5 58 6 49 0 2 13 70 2 92 17 92 9 65 14 41
5 82 2 48 17 80 0 73 13 18 6 59 11 81 14 66 4 55 9 68 10 59 19 52 12 99 18 79 8 90 1 27 16 12 3 38 15 20 7 25
11 35 0 77 19 53 6 16 10 38 12 76 7 88 18 3 2 12 5 8 1 46 4 13 14 8 8 80 15 50 9 1 17 5 3 8 13 91 16 21
16 30 10 90 12 98 2 98 15 84 7 63 5 11 14 21 18 60 4 96 1 99 19 52 8 1 0 3 6 11 9 54 3 80 13 36 11 73 17 13
6 53 12 86 4 12 7 84 9 57 0 97 1 42 15 31 14 31 10 12 8 59 16 81 3 27 18 82 2 96 5 91 13 19 19 99 17 90 11 7
11 46 5 34 12 3 1 7 9 86 16 74 8 90 17 75 19 80 13 97 18 62 2 34 6 99 15 70 10 69 7 48 14 62 3 25 4 18 0 6
10 69 16 5 0 82 6 14 11 6 1 14 17 10 14 57 19 62 12 41 18 80 5 95 15 13 4 51 7 65 3 4 8 34 2 81 13 46 9 4
19 87 12 4 17 32 7 19 6 29 13 24 3 48 0 76 9 85 10 39 5 52 8 95 14 26 16 54 11 58 4 38 15 6 18 80 1 27 2 55
12 84 10 73 14 88 9 51 1 49 6 76 18 51 19 71 13 99 15 52 3 66 16 51 0 98 4 80 11 15 8 19 5 91 7 61 17 63 2 67
18 60 7 15 16 13 4 27 10 57 6 47 12 23 15 2 3 85 9 56 0 97 1 43 13 24 8 16 19 82 11 14 2 59 17 94 14 27 5 72
6 45 12 93 10 31 13 82 5 73 9 86 19 28 7 73 14 84 8 85 17 36 11 78 15 52 1 56 18 61 2 89 3 8 16 14 0 33 4 79
18 89 12 86 11 53 13 71 5 49 16 27 0 31 8 99 1 82 2 20 17 84 14 75 15 34 3 29 9 48 10 47 7 28 6 27 19 22 4 62
6 65 4 75 12 64 10 33 2 22 8 98 17 59 11 91 1 91 9 14 14 24 19 37 15 4 13 82 18 63 0 12 5 86 16 95 3 67 7 42
2 93 16 83 1 2 14 63 0 92 15 16 17 83 4 94 19 96 13 52 11 30 18 14 12 98 9 48 6 72 7 42 10 99 3 81 5 99 8 72
8 98 6 34 9 42 0 38 2 31 15 34 5 62 1 27 13 58 18 13 11 89 3 88 4 59 14 48 19 43 16 92 17 96 10 49 12 70 7 50
17 45 4 95 3 45 19 59 15 62 13 34 11 24 9 55 12 7 1 26 0 62 18 90 2 92 10 86 16 86 5 98 6 90 14 73 7 97 8 90
4 72 7 30 17 10 9 30 0 36 2 79 10 27 3 11 14 75 5 31 1 17 8 95 16 77 11 96 18 69 6 95 12 21 15 55 19 36 13 42
10 91 16 4 0 94 19 7 13 43 15 79 2 3 18 10 1 91 9 29 11 23 17 44 5 6 4 32 14 28 6 32 7 66 3 61 8 33 12 48
19 26 16 77 0 47 8 12 18 91 1 75 12 65 14 49 5 35 9 38 10 13 13 50 15 43 2 37 3 87 7 58 6 18 4 87 17 88 11 90
10 54 17 85 6 27 4 18 7 73 16 93 0 67 19 36 9 30 2 7 5 49 15 59 8 2 1 19 11 36 14 97 3 32 13 65 18 92 12 76
3 67 12 84 10 85 11 65 18 87 6 26 0 16 16 96 15 17 17 62 14 47 1 84 5 72 2 10 19 82 8 39 4 1 7 59 9 23 13 46
3 85 7 75 4 56 12 3 10 6 2 86 13 25 19 51 18 15 5 30 15 29 6 58 9 66 0 59 11 92 1 11 14 74 8 70 17 40 16 46
8 41 7 12 13 41 16 75 19 82 14 83 18 44 9 70 12 72 15 1 4 1 17 30 11 93 3 84 5 39 2 37 0 86 10 22 6 83 1 4
5 38 18 77 15 41 14 90 3 67 9 86 16 56 7 25 1 42 19 18 10 94 13 85 12 42 8 39 0 43 17 35 4 9 2 82 6 53 11 17
4 10 1 74 17 8 0 14 8 16 13 24 18 73 10 49 6 11 5 70 19 23 2 58 3 29 9 60 14 89 12 12 7 76 11 54 15 48 16 8
0 92 17 77 19 40 2 36 4 5 14 2 5 19 6 46 11 16 1 69 3 58 8 34 15 88 16 41 9 59 12 26 7 10 18 72 13 99 10 59
4 5 10 32 9 17 16 98 15 58 3 25 0 91 7 44 1 97 11 33 8 95 6 5 17 49 19 55 2 20 5 98 14 88 13 69 12 73 18 50
1 61 12 69 14 95 15 76 4 66 2 44 6 15 19 86 8 27 5 50 18 21 10 70 7 92 13 68 11 97 0 90 3 85 17 88 9 9 16 59
1 51 15 35 11 7 5 39 7 79 18 12 10 51 12 93 6 97 4 60 2 61 8 87 9 35 16 20 13 83 17 97 19 93 3 56 0 11 14 54
19 86 2 9 12 60 5 65 13 50 3 88 14 48 0 16 15 50 4 64 7 55 11 79 10 37 17 61 6 21 16 82 8 78 18 73 9 56 1 9
12 28 3 58 7 72 16 31 11 20 13 49 8 76 9 92 1 91 5 59 14 48 17 48 15 70 4 39 10 20 6 4 2 31 19 31 0 49 18 68
14 20 18 38 8 85 2 34 6 84 10 86 12 21 15 34 3 97 13 50 16 65 0 8 9 93 5 56 1 66 17 59 11 90 19 46 7 63 4 2
1 57 8 31 9 7 2 66 0 29 18 83 13 14 4 44 5 16 6 62 3 32 11 36 12 65 15 57 16 69 19 38 7 20 10 82 14 40 17 10
14 50 12 96 17 65 3 39 8 18 19 37 18 98 4 86 10 3 2 99 16 68 13 90 9 64 11 99 5 77 6 15 0 42 1 4 15 67 7 60
12 24 2 14 3 16 10 68 14 41 5 14 18 92 4 27 11 40 7 62 17 11 1 78 13 85 19 11 16 10 0 41 6 76 8 75 15 70 9 95
12 5 6 49 14 26 5 39 17 47 3 43 7 17 13 24 11 64 1 38 8 80 18 70 10 71 9 95 0 74 4 81 2 56 15 69 19 34 16 61
10 97 19 39 9 20 15 20 0 54 3 1 5 12 18 44 16 81 13 33 17 45 6 65 14 52 4 5 12 28 2 8 1 85 11 3 8 86 7 9
3 77 1 99 15 2 12 1 10 24 2 38 13 67 5 6 6 93 0 65 14 51 16 29 11 52 4 53 8 76 18 85 9 29 19 9 7 5 17 90
3 34 7 5 11 68 10 33 2 32 13 55 19 95 14 39 17 33 5 64 4 17 0 32 12 77 16 19 6 43 9 60 8 60 18 20 1 11 15 39
15 88 11 49 19 49 16 35 1 47 5 77 6 6 3 25 13 55 14 83 9 67 2 47 10 57 4 33 12 18 0 18 7 46 8 44 17 7 18 8
12 34 4 66 15 25 10 28 8 92 2 24 6 73 13 70 0 94 9 88 11 61 16 31 19 26 3 54 18 81 17 34 14 14 7 18 5 46 1 92
4 52 1 30 5 86 19 1 0 40 10 16 13 45 2 62 11 5 16 68 7 18 17 72 14 31 6 31 18 13 9 58 3 59 8 55 12 99 15 80
8 58 14 34 16 67 6 70 0 53 18 98 19 52 3 86 9 91 15 29 4 4 10 28 13 19 2 7 5 58 7 80 17 37 11 22 1 29 12 26
8 39 7 34 13 1 6 27 10 95 16 8 9 74 12 82 5 43 2 69 3 2 4 40 1 83 14 32 15 20 19 71 18 68 0 36 11 16 17 80
15 16 6 12 7 84 18 87 1 3 11 68 13 3 9 67 0 3 2 57 5 44 3 57 8 78 14 47 16 92 17 91 4 45 10 26 19 96 12 48
3 61 12 94 13 11 17 71 10 63 18 5 4 68 15 33 5 98 0 80 1 65 16 40 11 77 7 37 6 83 19 83 14 44 2 73 9 71 8 99
13 96 7 76 16 23 15 3 18 38 5 28 11 31 1 28 19 12 3 66 8 93 10 31 4 62 17 32 2 31 6 52 12 74 9 6 0 22 14 24
5 50 17 6 10 58 2 56 6 94 8 21 4 16 13 76 15 15 0 77 12 76 3 23 11 50 18 29 9 72 1 6 19 92 7 29 16 79 14 44
1 17 8 57 12 66 15 30 3 83 6 85 11 2 7 24 2 42 14 9 17 75 13 87 19 75 0 57 4 71 10 35 16 95 18 78 5 45 9 43
9 16 10 80 3 73 18 54 11 1 16 47 7 17 8 11 5 81 1 35 15 32 2 48 4 13 19 99 17 38 14 45 12 20 0 26 13 40 6 88
1 29 11 72 16 36 7 31 14 89 12 17 2 96 9 39 13 63 5 17 0 53 8 73 18 67 19 81 10 28 15 95 4 18 6 49 3 7 17 18
7 49 1 13 11 29 9 46 0 14 18 85 16 49 10 40 15 20 4 91 5 9 13 21 6 88 3 83 2 45 14 31 19 48 8 86 12 80 17 23
8 10 1 10 4 16 17 14 13 1 7 58 6 51 16 71 15 82 5 94 0 31 3 61 14 28 19 51 18 8 9 86 10 88 11 54 2 18 12 40
17 40 10 49 15 70 18 16 2 26 6 40 12 24 13 56 4 80 19 79 5 47 9 2 11 15 3 25 8 73 14 4 1 73 16 99 7 57 0 77
11 6 15 57 7 4 16 15 0 50 2 82 3 26 18 24 4 46 12 14 10 5 8 71 19 11 1 12 14 14 9 83 17 47 6 46 13 70 5 54
9 31 14 94 18 1 1 94 12 53 6 1 2 44 15 34 11 48 13 19 4 7 0 39 10 39 16 88 3 10 19 98 5 47 17 46 8 95 7 72
4 77 10 24 12 95 2 40 11 92 14 20 17 51 1 29 3 27 5 9 7 48 15 72 13 62 8 67 0 92 16 19 9 42 18 83 19 31 6 19
5 40 10 17 16 89 11 35 13 60 1 32 8 45 9 55 0 47 14 70 4 53 2 58 18 37 7 74 6 38 12 82 15 45 19 28 17 61 3 3
9 77 10 49 2 84 14 43 19 26 15 5 6 83 0 2 4 70 11 69 8 33 1 94 17 25 12 9 5 29 7 41 3 22 18 40 13 18 16 94
19 46 11 15 8 81 13 94 9 22 7 30 5 28 2 8 4 40 14 77 18 3 16 4 3 73 17 70 0 85 1 31 10 6 15 98 6 16 12 99
19 13 6 73 2 79 12 7 4 17 9 16 18 67 17 16 3 40 10 28 14 63 11 68 16 3 7 74 13 81 8 45 5 76 0 53 1 3 15 57
