100 20
16 96 7 74 14 99 19 11 4 19 1 22 15 92 10 80 0 20 5 88 17 9 11 59 6 58 3 1 18 36 12 73 13 33 8 35 2 85 9 21
2 20 16 64 6 76 9 24 7 32 0 97 12 77 8 92 1 10 14 94 17 25 10 54 3 36 18 49 19 78 4 77 5 7 15 96 13 46 11 70
4 60 0 25 12 93 14 32 7 33 5 61 8 95 6 5 1 86 19 40 17 14 11 7 10 22 18 69 9 29 13 76 16 65 2 10 3 36 15 88
11 9 15 70 17 14 16 99 7 86 4 5 10 17 13 46 9 34 3 56 12 29 6 32 2 6 19 56 8 27 1 59 5 91 0 45 18 16 14 35
13 50 7 87 16 38 8 45 2 68 12 26 11 98 4 92 15 3 9 63 10 40 3 46 1 70 14 51 0 97 5 13 19 9 17 21 6 74 18 14
19 26 11 10 10 87 14 90 1 8 9 38 8 78 6 47 5 56 17 27 15 41 16 20 13 87 7 14 18 12 4 73 12 34 0 36 3 19 2 44
14 88 6 21 19 27 18 68 3 76 12 65 1 45 11 61 4 47 2 31 9 24 15 32 13 88 5 10 0 19 10 79 17 64 16 37 8 3 7 74
18 71 14 7 7 8 17 40 13 16 8 18 12 99 4 70 9 46 11 96 0 96 5 91 15 54 3 87 16 59 6 12 1 24 10 47 19 70 2 70
4 24 7 53 10 68 17 18 14 31 2 85 11 57 9 43 3 45 0 30 19 87 15 33 6 37 18 82 12 30 1 79 5 52 8 64 16 99 13 63
6 50 9 68 0 12 19 45 1 52 16 8 15 36 18 3 7 92 12 87 17 44 3 68 8 30 4 6 2 78 5 35 11 2 14 65 10 70 13 87
18 18 16 52 9 70 8 37 15 57 4 30 19 17 17 97 6 12 14 80 0 58 1 45 7 67 13 10 12 92 3 50 10 26 5 27 2 82 11 98
13 79 3 93 4 93 2 53 0 56 11 42 1 85 9 30 19 15 14 89 15 7 6 31 7 3 18 1 16 83 5 19 10 77 8 54 12 35 17 98
18 76 6 46 5 12 12 41 10 80 2 65 16 68 4 57 3 66 17 18 19 99 1 94 9 78 7 92 14 37 0 82 11 9 13 5 8 12 15 74
7 84 12 37 8 18 14 54 2 27 13 55 6 82 16 93 10 66 19 31 4 17 5 27 15 24 18 97 1 14 17 2 11 57 0 3 3 13 9 91
11 25 3 3 19 98 6 74 17 89 8 51 13 32 1 1 10 34 15 46 9 36 14 89 5 16 0 28 18 5 7 37 16 29 12 91 4 98 2 35
3 29 7 29 5 89 6 10 13 99 1 94 18 83 2 6 9 6 15 69 10 9 17 71 16 73 12 50 4 76 11 72 14 83 19 42 0 75 8 27
19 8 18 15 7 44 8 30 17 19 12 35 16 4 1 22 13 12 2 58 10 99 14 80 11 39 3 32 5 68 4 69 9 58 0 24 6 12 15 39
7 27 6 17 15 74 19 90 17 31 8 88 3 80 10 4 14 78 0 24 16 38 1 42 12 82 13 66 9 68 11 27 4 25 2 31 18 7 5 97
6 27 9 88 15 41 4 97 14 95 2 90 10 56 1 92 7 44 19 32 18 66 13 63 16 25 0 31 5 14 12 58 3 54 17 8 11 7 8 93
4 72 3 77 11 2 7 3 14 94 19 9 12 10 6 40 10 16 17 28 0 79 1 81 16 66 5 28 9 16 18 75 13 70 15 61 8 77 2 55
17 9 10 61 8 24 7 71 2 56 9 72 1 40 5 13 11 24 0 42 18 45 4 13 3 91 14 10 12 60 15 45 13 99 16 21 19 11 6 5
19 28 7 32 8 95 16 64 0 1 6 85 11 48 13 86 9 6 3 83 18 58 12 44 10 31 2 5 4 40 15 82 1 42 14 35 5 26 17 69
14 84 16 80 1 29 2 76 19 80 17 76 13 18 9 76 4 64 6 10 15 5 12 9 18 29 11 73 10 49 5 3 7 37 8 12 0 97 3 34
15 4 2 78 12 82 18 36 5 73 16 89 4 93 7 27 11 92 3 78 1 23 0 18 17 95 8 41 14 96 9 34 10 13 19 50 13 34 6 80
9 50 3 1 14 11 4 21 7 86 16 11 10 73 8 94 1 24 0 28 11 67 19 85 12 67 6 93 13 64 2 82 5 67 18 12 15 52 17 32
13 85 19 95 16 79 8 74 2 41 6 29 7 8 11 40 14 3 12 97 10 98 17 11 0 76 15 95 5 35 9 34 4 16 3 18 18 5 1 24
16 93 11 14 15 14 19 5 5 47 14 24 12 63 1 79 10 63 4 33 8 73 17 20 7 57 0 8 9 86 6 37 13 75 18 10 2 81 3 77
19 84 14 14 9 28 2 79 1 73 4 33 12 91 5 60 11 28 13 94 6 74 3 59 16 6 10 28 8 82 17 83 15 20 7 16 18 39 0 9
6 98 17 44 0 12 9 27 3 83 8 36 13 12 14 32 5 24 12 11 18 6 2 38 16 32 19 51 10 86 1 26 11 85 15 46 4 52 7 27
17 94 7 7 5 90 3 94 11 44 19 80 13 64 18 51 12 24 4 19 6 38 1 1 16 47 0 52 2 37 15 72 8 66 9 29 14 73 10 59
17 57 1 62 6 26 4 1 0 90 19 15 8 84 10 25 14 73 3 93 15 14 9 55 11 72 5 29 18 41 7 92 12 30 2 91 13 17 16 43
11 63 1 14 3 68 12 50 7 41 8 49 15 66 6 72 16 26 17 59 18 77 5 36 2 54 10 34 4 77 19 84 13 6 14 11 0 8 9 31
1 82 7 49 18 45 12 27 4 88 8 30 6 73 17 24 15 7 5 58 11 32 19 55 13 93 9 83 10 16 2 9 3 9 0 31 14 86 16 26
15 66 18 29 1 13 5 60 14 30 19 2 0 74 3 74 12 11 6 71 13 14 10 55 17 10 9 97 11 44 16 27 4 46 2 99 7 2 8 86
8 88 7 64 18 66 4 14 9 33 10 19 12 9 0 37 5 26 6 4 17 5 3 43 15 37 19 12 13 17 14 75 16 57 11 56 2 33 1 8
15 96 6 40 12 60 3 98 16 10 17 92 13 95 8 90 10 87 9 98 14 27 5 84 7 83 11 1 2 7 0 96 18 70 4 37 1 1 19 50
3 57 5 57 4 16 15 3 13 83 9 4 1 98 14 43 11 28 6 11 7 86 18 53 2 78 17 53 16 57 0 3 10 32 8 94 19 90 12 61
17 72 8 45 13 81 18 4 3 2 0 60 1 38 5 34 7 96 4 11 10 63 19 78 12 79 15 78 16 85 2 29 9 55 14 96 11 92 6 40
16 76 11 67 10 95 5 59 4 83 12 58 14 99 8 94 2 21 9 20 15 34 1 67 19 37 7 5 13 78 18 85 6 74 3 78 0 38 17 93
9 84 19 80 18 75 7 6 17 14 6 3 8 53 15 49 10 79 1 17 13 99 3 31 16 36 2 71 5 4 11 67 14 79 0 78 12 76 4 29
4 18 15 19 8 12 13 97 7 41 9 91 6 84 16 52 10 36 19 28 11 76 17 79 2 14 18 64 12 11 3 89 14 74 5 82 1 58 0 5
11 78 3 18 1 54 12 75 14 42 5 48 10 54 16 72 9 99 18 37 17 65 13 88 4 48 7 65 15 42 0 24 6 18 2 90 19 14 8 17
2 84 11 52 12 7 18 71 13 91 3 75 16 99 8 77 19 56 7 68 4 24 5 62 1 53 17 70 0 51 10 42 6 21 15 89 9 14 14 24
18 75 4 43 2 12 0 3 15 98 11 94 12 72 3 26 6 41 16 43 8 77 19 7 10 75 7 64 5 23 9 55 14 90 1 16 17 17 13 67
0 54 9 37 15 21 12 55 2 25 10 76 17 91 16 73 3 77 19 52 11 82 8 2 5 1 18 36 4 40 1 48 14 78 6 61 13 65 7 46
19 49 9 12 8 73 1 63 10 33 3 5 2 97 15 4 0 87 6 12 7 76 4 3 13 63 11 98 5 67 18 80 17 26 16 36 14 50 12 37
9 74 18 48 14 49 5 7 4 17 10 4 7 35 8 77 3 21 11 12 19 5 12 57 15 22 16 77 6 40 0 23 1 12 2 38 17 80 13 48
13 20 17 47 5 41 9 81 18 29 7 9 11 57 16 60 15 27 6 13 8 35 2 55 14 68 3 67 0 55 1 45 12 70 19 57 10 91 4 40
5 67 14 31 13 41 3 75 1 87 9 52 16 9 19 6 15 70 8 25 6 36 7 14 0 99 17 36 11 94 10 23 18 75 4 61 12 88 2 37
18 81 2 16 16 6 4 85 14 91 17 38 7 84 19 19 12 96 11 57 15 40 6 53 13 97 9 8 0 54 3 18 1 47 8 34 5 25 10 38
12 71 9 60 4 84 17 57 16 74 6 93 18 21 8 74 11 53 0 35 3 21 5 81 19 22 14 12 13 64 2 98 7 76 10 50 1 17 15 39
9 17 8 45 11 42 17 19 18 12 10 22 7 44 2 17 16 40 0 32 3 51 13 68 5 12 19 46 4 49 12 96 1 48 15 17 14 3 6 2
5 7 8 51 16 38 4 71 6 83 18 84 17 87 9 31 2 20 14 42 13 87 19 80 12 6 15 86 7 69 11 87 3 49 10 16 1 68 0 14
13 11 4 51 8 88 2 22 10 24 16 77 7 49 14 36 0 27 9 70 6 61 3 58 15 7 11 69 17 78 18 63 1 8 12 11 19 87 5 13
11 24 12 54 7 78 0 35 9 17 17 99 8 23 10 32 1 95 6 36 4 85 15 17 16 49 13 60 14 32 5 42 3 66 2 89 19 9 18 86
1 83 2 62 16 57 19 61 5 11 15 5 4 8 17 36 3 98 9 30 12 25 8 78 6 29 0 63 10 85 18 41 7 38 14 47 13 22 11 34
19 72 0 87 9 17 10 4 16 39 6 84 2 86 1 99 3 8 17 33 4 85 15 50 8 34 11 34 12 2 13 89 7 20 14 20 5 72 18 98
15 92 9 28 19 84 13 90 4 99 7 70 5 44 6 12 0 42 10 88 18 74 17 20 1 41 16 95 3 31 14 88 11 85 8 50 2 35 12 88
15 55 6 43 18 34 19 49 10 85 11 8 17 90 5 62 0 73 2 52 4 16 8 77 13 10 16 97 9 34 3 19 14 54 12 79 7 54 1 83
14 44 17 8 9 92 4 97 0 50 3 3 12 71 7 56 18 50 11 1 5 11 16 1 8 45 2 63 1 29 15 40 6 10 13 20 19 46 10 70
11 21 14 48 18 41 9 75 5 38 17 75 1 84 4 45 13 57 7 25 0 37 6 29 19 17 16 50 10 64 8 40 12 54 15 16 2 6 3 10
6 47 2 94 9 23 10 23 3 23 16 10 14 60 15 54 8 75 13 15 5 84 12 65 11 24 0 31 17 60 1 25 18 80 19 54 4 37 7 5
13 43 0 69 15 52 4 18 5 41 14 85 19 19 10 65 12 30 3 54 7 18 8 7 17 98 18 12 1 67 6 56 9 32 2 91 16 81 11 29
15 68 2 90 19 20 9 61 6 11 5 74 14 77 17 56 10 23 18 75 16 34 8 85 3 75 0 64 4 61 13 35 12 58 11 94 7 74 1 87
0 60 6 11 18 7 19 70 13 86 11 45 8 72 14 22 9 14 10 70 3 24 1 24 12 26 7 42 4 39 2 60 5 96 16 43 17 41 15 76
18 39 5 14 7 81 11 55 16 58 2 13 8 69 9 80 12 19 13 53 1 35 3 11 6 59 17 27 14 39 10 56 15 80 4 18 0 9 19 37
4 10 9 66 8 87 11 2 2 77 19 50 15 44 12 24 10 84 5 84 6 63 16 83 1 55 0 43 13 46 17 7 14 83 18 76 7 44 3 69
5 99 4 36 9 54 11 37 7 13 18 19 0 26 17 59 3 18 13 25 14 17 8 1 12 35 1 54 10 19 19 33 6 36 15 30 16 91 2 7
19 64 3 77 0 52 9 91 16 65 5 45 11 60 14 49 2 14 17 52 4 44 13 7 8 85 6 35 15 23 12 28 10 57 1 55 18 94 7 68
4 47 5 48 14 66 7 61 2 23 19 15 6 9 12 17 10 61 3 71 11 14 18 61 8 35 13 76 9 58 16 8 15 64 0 13 1 83 17 96
5 94 9 1 12 9 17 26 14 52 13 75 10 69 15 58 0 60 18 12 3 16 16 13 6 2 8 3 11 65 1 72 19 80 4 15 2 94 7 72
4 18 0 1 18 43 5 29 8 99 10 78 6 36 19 81 9 52 3 89 13 9 11 61 7 95 12 37 17 58 1 28 2 39 15 45 16 85 14 30
5 93 11 60 9 71 7 79 4 53 3 44 16 65 2 56 19 94 18 80 0 81 6 14 1 85 8 30 13 1 17 5 14 57 10 65 12 6 15 22
7 19 1 86 13 65 15 55 11 29 5 83 16 37 2 53 0 97 3 30 8 47 17 92 6 55 18 1 4 61 9 20 14 94 10 62 19 50 12 20
2 13 0 40 3 44 18 57 4 9 7 62 6 91 5 54 12 9 15 69 19 81 17 48 10 16 8 88 16 6 9 56 1 98 11 41 14 65 13 81
17 95 0 14 8 99 12 31 5 59 6 45 10 71 13 63 16 28 19 90 9 41 2 42 7 22 11 14 15 80 3 67 4 85 18 50 1 3 14 15
5 74 10 5 1 4 11 50 17 54 6 25 14 82 9 74 4 45 15 72 2 25 18 57 8 64 3 49 7 63 12 72 19 82 13 90 0 49 16 71
2 19 9 51 14 52 4 69 15 64 1 76 10 67 3 69 0 98 19 79 7 21 18 22 16 53 17 57 8 39 6 55 11 70 13 5 5 69 12 34
0 86 5 45 12 72 7 88 10 93 4 81 8 47 15 86 9 83 11 49 13 91 2 32 18 13 1 21 14 90 3 84 17 20 19 23 6 48 16 61
17 24 18 6 13 54 19 92 8 83 15 10 4 21 7 15 0 38 1 84 9 80 12 90 10 11 14 26 5 12 6 22 16 1 3 33 11 78 2 16
11 9 19 92 10 88 6 53 9 84 8 33 15 88 4 21 0 95 17 27 16 88 2 38 5 50 12 86 7 40 18 4 14 42 3 41 13 62 1 10
14 41 9 22 4 97 10 70 17 99 13 17 5 25 0 23 12 43 1 38 3 1 6 79 18 56 8 59 19 27 15 23 16 4 7 76 11 39 2 41
2 31 18 6 5 30 15 63 3 63 16 47 0 41 9 7 13 13 19 10 12 37 6 73 10 88 14 11 11 39 7 33 1 98 8 73 4 40 17 16
11 91 3 41 0 30 10 82 4 9 2 65 6 94 7 65 8 96 14 96 12 92 18 20 13 45 17 41 15 6 1 41 5 43 19 77 16 75 9 19
5 65 3 70 14 1 0 53 7 79 6 66 16 12 18 37 19 56 2 56 8 26 15 19 13 22 9 40 17 32 11 64 1 4 4 61 12 14 10 39
4 5 18 13 0 77 11 95 1 49 12 73 17 66 2 86 9 90 5 1 10 72 15 57 19 30 3 26 7 82 13 86 14 27 8 80 6 57 16 67
8 35 17 53 18 53 11 99 5 86 2 96 12 95 4 73 0 35 6 67 13 36 14 47 10 50 9 31 19 50 15 13 1 31 16 19 3 66 7 7
8 51 3 56 17 36 1 78 2 7 15 15 19 42 11 83 12 97 9 45 0 28 13 59 16 70 6 15 18 57 7 95 10 2 5 72 14 28 4 32
13 38 14 80 10 46 6 75 2 27 15 61 8 83 1 77 11 15 18 23 17 64 16 91 3 76 7 72 4 98 0 16 12 24 5 88 19 77 9 97
7 54 1 8 13 57 5 77 15 51 9 18 0 25 10 26 19 23 16 48 12 75 3 20 14 10 4 44 17 10 11 31 2 36 6 87 18 68 8 7
19 35 18 45 2 55 3 54 14 18 17 31 5 89 11 82 9 97 16 1 8 71 0 31 4 3 12 93 1 97 13 73 10 97 15 30 7 64 6 4
10 29 14 30 15 24 8 39 1 91 9 25 13 8 7 14 12 13 2 15 3 64 6 51 5 89 17 72 19 58 11 40 18 96 0 38 4 88 16 2
10 56 15 73 14 11 9 11 2 71 13 20 7 41 18 51 11 7 0 31 8 78 3 32 1 5 5 43 4 24 19 46 6 8 16 20 17 58 12 80
4 67 1 15 3 26 11 7 8 88 5 88 18 38 9 3 15 3 2 86 19 70 7 28 16 94 12 28 14 13 13 62 10 80 17 46 6 25 0 22
7 19 0 22 18 84 14 64 3 57 10 85 16 56 8 36 4 13 15 51 9 51 19 69 5 22 13 17 11 39 12 35 17 32 1 74 2 51 6 98
8 58 15 2 11 78 14 30 6 56 13 53 4 79 17 3 0 15 3 27 10 34 12 88 19 73 16 79 7 3 1 93 2 72 9 33 5 68 18 64
13 47 14 14 17 23 7 63 11 78 19 61 8 64 3 89 9 17 6 42 15 28 2 83 4 30 5 78 16 21 18 70 12 73 0 24 10 66 1 88
12 99 19 65 16 75 15 34 17 30 4 62 14 31 13 14 18 73 6 93 2 9 7 26 9 80 3 11 5 36 10 79 8 41 11 28 1 95 0 71
5 22 3 2 4 5 13 47 11 91 6 7 9 3 15 59 2 79 10 56 16 82 0 5 7 58 14 52 12 57 17 67 19 27 18 64 1 13 8 44
3 62 0 45 8 27 4 13 13 64 10 53 7 71 2 21 18 35 5 3 11 98 14 21 15 57 9 39 19 36 6 57 17 88 12 3 1 41 16 40
