100 20
7 86 12 69 4 31 16 5 10 34 1 96 0 24 6 56 2 67 18 50 5 66 11 78 9 4 13 69 3 68 19 56 8 99 17 57 15 28 14 78
3 46 16 22 7 75 15 69 10 84 14 61 6 39 5 15 9 98 4 63 0 8 11 42 1 80 8 31 19 14 18 68 12 3 2 71 17 92 13 20
10 11 17 51 1 68 9 49 0 56 4 75 18 18 6 3 7 12 12 66 14 93 19 86 2 11 15 86 11 1 8 28 13 39 5 50 3 38 16 74
3 84 12 96 2 16 1 51 15 91 6 77 13 34 18 20 17 82 7 89 8 52 9 60 5 3 4 56 10 2 16 51 11 52 19 81 14 97 0 54
0 29 13 62 19 78 5 29 9 79 10 88 17 68 8 60 1 87 2 65 16 28 11 11 15 48 14 50 6 58 4 65 18 50 3 19 12 24 7 32
17 39 2 11 9 89 10 13 4 2 0 67 18 17 13 83 11 76 5 73 8 65 14 6 19 54 16 69 15 63 12 33 7 20 3 24 1 29 6 66
15 80 16 51 1 33 10 11 19 6 5 98 13 9 2 91 3 67 4 23 18 72 0 43 6 36 8 15 14 95 11 25 12 62 9 8 7 40 17 31
0 29 10 44 14 15 3 13 11 25 4 62 13 73 16 54 2 46 17 35 7 60 9 97 15 2 18 40 6 21 5 49 12 8 19 49 1 80 8 94
15 29 3 82 13 61 9 73 7 85 6 95 10 57 11 85 0 39 2 2 4 10 5 55 16 18 17 10 1 3 19 70 18 58 8 96 12 42 14 66
7 30 17 63 15 61 2 18 13 31 3 22 8 81 18 7 14 79 12 65 11 26 4 23 0 54 6 18 10 40 9 63 16 23 5 58 1 86 19 45
0 24 13 48 4 31 12 21 6 65 16 45 18 42 14 54 10 8 7 66 3 63 5 76 15 53 17 5 1 26 11 79 9 68 8 1 2 73 19 30
13 67 17 95 0 78 5 9 18 75 8 84 3 81 2 63 4 18 11 37 6 44 7 70 15 41 16 6 19 31 14 59 12 90 10 23 9 66 1 58
15 78 5 66 12 76 4 42 10 85 11 20 13 55 1 30 7 48 14 88 3 43 16 85 18 60 8 1 17 18 0 95 9 36 2 38 19 8 6 75
15 87 11 13 1 68 14 88 3 10 0 10 7 85 16 45 9 17 19 9 6 41 5 32 10 28 18 35 12 11 17 56 8 12 13 35 4 50 2 25
17 22 2 1 6 45 9 44 1 53 7 50 16 60 4 90 3 4 18 98 8 15 13 41 15 77 5 28 12 57 19 29 10 22 11 78 0 95 14 83
7 50 1 13 6 32 8 46 9 68 15 51 4 42 19 18 12 66 5 78 0 93 17 82 14 20 16 50 13 7 2 26 10 23 11 25 3 92 18 24
16 77 17 95 6 3 18 67 11 67 15 5 1 19 10 27 8 23 7 86 19 55 3 9 14 37 12 15 2 43 5 69 0 96 4 75 13 93 9 93
13 5 3 38 14 47 5 64 8 25 17 10 15 67 9 93 19 66 18 88 1 43 12 44 10 54 0 86 4 99 16 5 7 89 11 59 2 12 6 33
12 54 1 90 13 80 10 36 0 50 15 59 9 64 2 18 3 24 16 27 5 4 17 19 7 71 6 60 11 36 4 29 14 38 8 38 18 9 19 78
13 30 15 78 0 38 12 70 18 26 19 60 5 18 4 50 17 21 1 9 2 7 3 43 6 92 10 48 16 78 7 42 9 58 8 50 14 37 11 17
16 47 2 46 3 49 8 10 13 3 15 91 14 50 18 63 11 51 10 57 0 88 9 3 6 51 5 23 12 21 17 15 4 96 7 47 1 80 19 9
1 91 18 13 0 71 11 18 7 14 9 97 8 16 6 81 14 9 13 93 16 51 2 95 10 78 4 66 17 83 5 87 3 46 19 38 15 97 12 22
16 23 6 25 18 74 1 28 10 35 19 56 5 77 15 13 8 48 11 18 13 36 3 6 9 87 17 5 7 79 14 37 12 76 2 63 4 5 0 26
2 91 4 60 6 65 14 75 16 64 5 83 18 73 11 72 7 66 19 12 3 64 13 83 9 1 0 30 8 22 1 32 12 34 17 96 10 76 15 83
18 80 1 40 8 46 3 29 19 71 12 16 7 60 15 83 11 44 16 94 2 64 5 50 14 14 6 95 4 97 10 4 13 41 9 87 0 80 17 58
6 17 7 12 8 23 9 37 11 59 16 43 3 84 1 76 10 39 19 10 0 92 18 53 4 33 12 64 15 38 13 79 2 84 5 48 14 43 17 36
15 53 17 66 7 41 6 89 18 5 19 88 8 92 11 26 16 71 4 35 10 50 5 58 0 36 1 25 9 49 2 5 14 46 12 28 13 50 3 44
13 66 10 13 14 41 17 57 3 84 19 7 9 14 18 29 16 63 1 65 12 41 4 22 2 35 7 55 15 42 11 24 8 39 0 40 5 3 6 40
1 47 11 2 17 99 0 49 19 89 12 89 13 5 14 4 16 48 7 64 3 12 10 61 18 19 15 9 5 55 2 8 9 27 8 46 6 84 4 59
7 91 19 61 2 88 8 55 12 27 14 54 1 11 10 25 9 77 6 20 5 77 13 70 17 98 16 21 4 84 15 97 18 13 11 19 3 2 0 39
10 65 16 51 6 86 18 22 11 41 1 86 3 24 12 1 19 32 7 49 13 90 4 45 0 33 14 47 2 24 8 1 9 36 5 82 15 60 17 56
11 54 13 80 14 26 18 1 6 26 0 97 17 22 16 82 7 3 19 85 10 70 8 45 3 75 1 77 5 76 15 2 2 91 4 18 12 92 9 19
4 2 9 57 19 96 16 25 11 48 5 27 14 69 7 20 15 30 18 46 12 91 17 85 3 32 1 2 2 28 13 96 8 76 6 83 0 18 10 67
1 94 8 6 12 66 5 33 18 69 14 76 16 93 10 66 19 82 4 52 2 73 3 28 11 86 13 52 0 44 7 90 17 78 15 37 9 74 6 4
6 45 16 93 17 63 4 71 11 38 3 22 1 84 14 78 8 87 15 33 10 32 7 31 13 84 5 9 0 74 12 40 19 70 18 75 2 61 9 23
11 2 6 5 1 66 8 29 17 38 3 94 15 63 12 28 2 30 4 24 10 89 16 66 0 82 13 98 9 54 5 85 19 7 18 90 7 64 14 82
19 92 10 87 12 81 2 6 8 84 15 10 16 27 14 55 9 96 3 73 18 97 7 82 11 34 13 24 6 33 0 11 17 91 1 15 4 33 5 5
5 74 13 5 8 47 11 14 3 42 0 57 17 29 18 21 1 36 4 96 9 82 10 42 15 12 16 88 6 92 14 47 7 52 2 11 12 71 19 97
2 60 4 70 19 67 12 83 1 43 0 6 18 36 16 8 6 85 14 98 3 49 9 92 7 37 13 86 5 32 10 80 15 57 11 16 17 41 8 64
12 40 13 5 19 78 11 33 14 83 10 1 4 70 6 89 9 24 8 91 7 65 1 93 3 29 0 95 18 39 16 95 5 3 2 58 15 85 17 35
13 89 14 76 19 99 12 87 2 20 3 97 0 63 5 11 17 7 16 90 15 60 18 96 11 2 7 38 10 64 6 32 9 11 8 95 1 65 4 13
1 82 8 24 15 40 9 94 3 42 19 3 11 85 18 8 16 83 6 34 14 11 12 12 13 36 4 5 5 59 17 56 10 46 2 27 7 72 0 11
1 77 19 48 12 34 5 79 7 73 17 28 0 99 3 47 4 8 16 40 15 25 13 37 8 64 2 45 10 70 9 20 14 90 6 74 18 17 11 90
9 89 19 88 18 80 11 78 5 12 3 4 10 67 4 86 16 8 2 65 12 8 7 94 6 13 0 73 15 75 8 2 17 8 1 51 13 32 14 5
2 28 16 22 18 44 5 98 3 86 1 1 12 65 8 12 0 18 4 89 17 7 6 70 14 11 13 17 7 79 10 46 19 43 11 75 9 80 15 28
14 73 9 67 0 38 13 45 5 8 19 33 8 32 7 34 15 74 4 47 6 35 3 94 12 40 16 54 17 23 10 10 11 37 18 42 2 49 1 63
4 61 11 67 19 78 13 58 3 10 0 28 8 94 6 75 2 67 7 76 18 11 10 80 5 56 15 28 17 43 16 43 14 52 12 26 9 69 1 33
5 49 12 21 16 60 15 28 0 82 9 98 11 91 19 42 18 19 10 41 1 49 4 24 7 80 13 58 6 3 17 88 14 8 2 92 8 80 3 60
18 89 17 70 3 73 9 36 6 1 12 95 1 38 11 66 4 95 5 29 2 22 13 69 8 22 7 91 19 47 15 58 0 81 16 85 10 50 14 31
16 28 0 81 17 47 6 37 8 64 5 66 1 55 15 78 9 86 10 48 14 51 4 17 18 17 12 58 2 3 3 56 11 70 19 61 13 56 7 49
17 88 4 32 2 61 15 59 3 1 13 64 19 99 9 67 6 50 12 78 14 20 7 42 5 90 1 38 11 72 8 98 18 6 10 36 0 68 16 14
13 16 11 58 5 63 19 45 8 89 18 29 6 96 17 15 15 31 1 45 10 21 4 27 16 72 2 33 12 39 9 16 0 66 7 40 14 67 3 75
6 65 2 53 10 80 15 54 16 95 19 13 13 82 3 53 14 77 7 54 8 48 1 12 4 18 12 59 17 33 18 13 0 28 9 49 11 42 5 86
16 75 8 86 17 69 14 42 5 59 4 66 0 14 7 51 1 75 13 14 15 60 19 53 10 77 12 91 2 95 6 54 9 32 11 54 3 57 18 93
17 70 1 48 19 95 0 39 9 81 2 47 15 3 14 21 8 27 10 12 18 84 16 7 13 42 5 2 4 36 3 2 11 43 6 55 12 24 7 37
6 32 0 21 2 67 19 55 8 13 16 12 1 4 18 58 10 7 5 3 12 87 9 52 11 70 15 95 17 97 13 76 3 38 7 80 14 57 4 26
15 83 10 80 1 65 4 39 17 66 5 44 9 95 6 46 0 69 3 12 2 89 18 33 16 82 7 17 12 60 14 82 19 19 13 57 11 43 8 36
0 99 7 4 8 3 10 68 2 54 1 95 12 5 13 57 3 16 5 44 11 51 14 60 19 91 18 42 16 68 15 96 4 91 9 60 6 98 17 22
1 7 16 9 6 61 10 88 5 56 18 78 8 41 0 71 14 45 11 24 13 56 2 83 9 1 4 50 7 81 3 4 17 12 12 56 19 97 15 77
17 55 1 69 15 38 3 36 2 19 12 62 5 27 7 86 19 26 9 82 0 13 14 41 11 25 18 15 10 88 6 41 13 89 16 31 8 33 4 38
11 94 3 34 9 16 13 79 16 27 10 40 5 17 8 87 18 51 2 50 19 98 6 94 17 92 15 89 1 89 12 64 4 48 14 32 0 91 7 66
8 99 9 65 6 6 16 95 3 10 19 39 5 18 14 53 10 67 0 85 7 14 15 36 1 60 11 80 12 5 2 6 13 67 4 8 18 93 17 2
12 63 7 30 13 56 15 87 10 16 6 46 3 20 17 16 16 75 5 31 9 53 4 27 19 91 11 69 2 64 8 23 0 18 14 80 18 46 1 29
9 92 4 43 7 31 0 13 5 50 12 85 14 76 1 83 10 72 15 96 8 73 13 60 11 6 16 6 3 58 18 60 19 87 17 30 6 75 2 35
0 13 10 5 3 68 4 20 5 14 1 89 19 23 15 84 7 5 6 11 14 92 8 14 17 62 16 1 2 15 13 70 12 73 9 43 11 14 18 81
16 34 15 56 8 83 12 24 19 74 9 11 13 62 5 33 6 75 2 54 3 50 10 39 1 32 7 98 14 52 17 38 0 85 11 40 18 86 4 96
14 24 8 59 19 26 17 92 13 64 16 6 4 72 9 67 5 23 1 10 0 6 6 64 12 69 15 95 2 57 10 81 3 12 7 83 18 92 11 55
4 10 7 12 12 44 0 10 10 13 19 5 13 95 11 80 15 43 2 47 3 44 1 25 18 73 17 98 5 24 8 22 9 14 6 44 14 53 16 61
13 94 15 63 0 77 18 14 8 19 11 30 5 99 10 6 17 59 16 25 4 21 7 84 1 48 3 79 14 94 12 87 6 97 9 31 2 11 19 92
5 24 7 6 13 62 14 83 10 37 18 77 0 85 9 1 8 97 3 76 2 68 17 96 12 65 11 29 16 42 19 70 15 29 4 69 6 26 1 94
1 39 3 2 9 76 15 52 19 5 0 42 5 3 14 20 2 99 11 2 10 91 4 19 17 75 6 41 8 18 7 74 13 47 16 69 18 51 12 41
12 56 6 13 15 69 13 29 2 13 11 79 1 51 0 14 3 75 7 40 16 48 19 22 4 71 5 83 10 78 8 68 14 14 9 12 18 57 17 35
7 52 10 34 9 29 18 74 19 97 15 19 17 14 11 64 13 1 1 74 3 82 16 33 4 47 12 11 8 72 14 77 5 58 2 28 0 99 6 63
7 93 1 21 0 54 12 68 16 11 3 3 19 96 2 60 6 54 9 46 5 41 4 61 11 98 17 25 14 36 15 25 13 60 8 60 18 29 10 54
10 63 12 84 3 25 2 45 7 59 4 70 0 29 16 14 6 31 9 8 17 82 8 44 18 58 11 19 14 42 1 79 5 64 19 53 13 93 15 31
10 27 13 5 4 66 1 88 14 30 19 23 9 58 18 59 15 67 0 94 11 94 6 97 5 92 16 39 3 95 8 77 12 90 7 25 2 53 17 1
4 17 9 54 5 55 18 29 13 82 0 3 14 85 1 92 16 8 7 51 17 17 6 27 3 75 2 5 15 40 12 9 11 40 19 31 10 13 8 99
14 32 8 24 0 66 9 79 11 63 5 54 10 63 7 76 15 56 3 33 17 97 12 77 2 45 1 96 4 78 6 63 19 54 18 95 16 60 13 79
0 67 15 73 9 38 17 66 1 12 8 3 13 1 6 24 19 97 2 59 18 22 12 27 7 18 14 24 3 39 11 56 4 84 5 39 16 16 10 3
17 65 15 73 8 25 3 21 18 21 11 20 0 45 14 74 6 28 9 84 13 22 7 2 5 71 2 20 4 85 10 1 1 95 12 49 16 31 19 80
16 21 0 14 10 51 3 14 8 73 1 65 9 19 19 66 17 55 7 27 5 22 14 74 6 23 13 95 15 78 11 22 2 75 12 85 4 89 18 74
11 84 10 85 12 42 1 41 14 80 19 81 9 14 7 53 15 9 4 53 18 41 3 89 17 18 16 95 2 40 8 17 13 22 5 32 6 43 0 98
12 95 3 22 11 24 1 9 6 11 9 39 18 82 8 38 5 89 14 63 4 41 7 71 19 71 16 9 15 48 0 80 2 92 17 23 13 1 10 92
6 47 5 65 10 6 3 3 19 28 15 65 9 50 4 27 11 31 1 41 14 80 16 47 18 61 13 92 8 42 0 89 12 37 17 82 2 28 7 39
15 67 4 52 3 90 0 77 5 99 6 67 14 50 18 88 12 82 1 18 17 14 9 31 19 68 16 12 10 79 7 35 11 52 8 20 2 68 13 49
12 4 3 87 7 32 0 92 16 50 19 22 18 68 13 51 15 30 11 46 6 27 14 86 17 94 1 95 10 37 4 94 9 24 5 6 2 7 8 6
4 51 13 44 3 99 16 28 7 17 8 77 2 75 0 31 19 67 12 39 1 82 11 96 17 33 9 86 15 20 10 55 14 94 18 71 5 64 6 47
10 79 13 44 2 36 5 61 17 71 14 23 9 53 19 87 11 39 0 98 4 56 12 44 3 43 15 27 8 7 16 55 1 21 7 4 18 3 6 14
15 6 8 12 6 71 7 29 11 19 3 96 5 38 10 42 2 23 13 18 14 90 9 70 4 61 19 79 16 88 12 28 0 18 1 42 18 2 17 11
9 76 0 30 2 28 15 65 5 71 12 81 18 47 16 85 7 7 1 58 8 87 14 17 4 8 10 62 13 37 6 37 17 14 11 71 3 28 19 6
2 65 15 45 11 93 9 60 1 83 12 74 10 20 4 30 13 44 6 47 8 62 18 35 5 93 17 67 3 1 19 45 0 94 16 23 7 11 14 6
3 78 7 53 19 89 8 42 10 49 18 49 11 10 15 45 12 89 13 32 9 82 14 81 0 52 17 71 4 74 6 11 16 40 5 62 2 89 1 21
4 59 16 67 2 71 11 19 0 51 14 26 1 30 3 88 12 80 19 52 8 1 6 37 13 50 18 73 7 18 15 37 5 61 9 64 10 58 17 37
10 23 11 63 3 76 16 67 9 80 13 43 14 24 17 34 6 80 7 47 0 43 18 32 1 38 15 20 8 14 19 9 4 19 2 95 12 7 5 74
14 91 5 82 1 74 18 30 15 12 3 68 13 66 4 15 11 14 12 50 2 23 16 39 7 74 19 50 10 15 8 11 9 15 6 83 0 62 17 71
9 26 0 14 18 7 12 33 17 23 11 82 4 71 14 64 2 91 13 73 1 9 6 88 3 5 10 37 5 47 19 40 8 40 16 20 15 11 7 24
12 99 3 86 0 52 8 68 2 70 5 67 1 30 16 18 9 52 17 7 11 3 14 33 6 97 13 24 15 25 19 40 18 91 10 78 7 87 4 42
1 89 4 33 17 13 14 75 18 4 7 80 11 1 16 19 12 9 0 80 15 97 3 64 5 86 10 48 9 35 8 5 6 3 19 98 2 6 13 87
13 10 3 17 19 36 16 53 0 39 14 41 1 92 5 96 8 24 11 14 6 93 10 15 12 48 17 41 4 60 7 45 2 74 9 29 15 65 18 20
19 59 3 60 4 26 11 55 0 91 6 16 18 10 5 31 14 5 12 4 8 25 15 60 10 52 13 58 16 58 1 7 7 8 2 60 9 23 17 41
