100 20
13 52 3 85 0 12 1 91 15 81 6 53 17 50 10 32 4 25 5 28 16 77 18 39 2 97 14 38 8 54 12 40 7 73 11 36 19 99 9 64
6 95 5 16 1 66 2 61 10 46 17 48 12 73 9 81 4 48 18 66 7 13 13 94 16 60 8 68 0 74 11 26 19 74 15 96 14 55 3 32
0 9 1 40 7 5 18 96 5 22 16 6 19 73 14 92 15 28 4 90 17 22 13 60 6 68 2 19 10 17 3 79 11 50 9 16 12 82 8 32
6 32 13 98 2 10 1 81 17 48 16 51 8 1 14 51 18 85 4 91 11 42 3 38 12 86 9 78 19 95 5 73 0 97 7 73 10 13 15 46
6 58 13 81 16 98 2 74 10 65 17 12 3 52 5 4 1 29 7 41 12 71 8 62 9 96 14 48 18 71 15 50 19 77 0 74 4 32 11 36
4 46 3 97 1 94 11 5 13 43 9 74 8 84 19 27 17 41 10 7 5 8 0 18 14 15 16 75 15 40 7 90 2 17 12 77 18 35 6 29
2 21 19 12 6 90 8 75 10 74 4 93 9 63 7 10 18 14 15 64 13 34 0 65 1 33 14 53 12 85 3 1 11 56 5 69 17 29 16 43
0 20 8 36 17 59 6 49 2 61 19 97 5 48 18 89 1 36 12 63 7 94 10 79 16 81 13 24 4 16 11 47 3 1 15 73 9 26 14 33
16 58 3 48 1 81 13 96 15 94 0 6 8 89 2 33 9 27 14 84 18 12 4 62 17 29 10 66 19 80 7 68 6 32 11 21 12 74 5 54
0 85 2 16 14 39 9 44 5 87 19 9 15 60 4 50 16 33 7 54 6 29 3 39 10 1 12 49 13 19 18 57 11 47 1 52 8 69 17 18
8 56 3 73 1 86 17 90 19 3 11 92 6 69 0 19 4 13 13 51 15 52 7 82 16 39 5 10 18 45 9 32 10 77 12 38 14 9 2 58
5 71 11 57 9 80 0 36 15 96 18 90 12 17 6 40 16 27 19 45 4 39 1 89 17 82 8 54 2 44 14 1 7 44 10 92 13 84 3 28
16 64 8 29 17 46 19 99 12 62 3 12 18 15 13 88 9 36 6 63 1 76 10 26 11 76 7 59 0 18 2 55 4 10 5 1 14 47 15 47
19 10 4 92 16 19 6 42 17 21 7 66 10 46 8 11 14 1 2 88 1 43 3 69 15 22 9 26 11 53 13 90 0 40 12 87 5 4 18 46
17 18 18 14 7 34 14 8 19 95 11 12 15 78 0 36 9 70 13 96 2 24 10 78 6 73 12 29 4 4 1 48 8 27 5 70 3 25 16 34
1 91 13 3 19 63 7 73 17 3 18 94 11 43 5 18 15 89 0 98 10 26 12 43 6 12 8 9 2 28 14 8 16 48 9 32 4 39 3 82
13 64 2 81 16 75 3 70 14 77 12 40 0 22 6 26 8 20 7 34 4 19 18 71 11 23 5 52 19 22 17 97 9 52 1 45 10 32 15 9
6 58 12 96 18 88 2 43 19 24 8 54 15 27 3 32 7 1 16 90 4 8 1 85 0 75 10 48 11 35 13 1 17 56 9 66 14 72 5 34
0 19 2 1 5 75 10 63 16 35 11 64 9 13 8 86 3 36 15 39 19 91 4 7 13 59 7 73 14 49 6 37 1 73 18 33 12 36 17 67
1 12 8 75 4 22 10 6 2 37 17 25 14 48 5 43 3 60 12 38 19 86 0 21 16 78 15 77 7 3 6 8 11 13 9 61 18 34 13 56
2 29 10 26 14 84 4 44 18 34 9 26 12 10 6 52 0 62 7 26 11 85 19 62 16 12 1 12 5 3 3 95 8 32 15 95 13 27 17 29
15 73 14 94 1 83 8 69 10 56 13 35 11 62 19 44 17 69 6 99 0 28 12 71 2 26 16 65 7 76 3 65 5 32 18 74 4 3 9 54
9 9 13 22 15 72 14 8 12 75 7 77 3 90 1 73 0 36 16 33 2 54 11 51 17 64 8 88 10 87 19 26 5 94 18 69 4 34 6 64
18 69 1 4 0 6 8 49 15 85 6 70 9 53 4 68 2 84 10 26 19 15 12 4 5 20 14 6 7 83 13 22 16 9 17 79 11 32 3 67
5 89 8 39 3 63 17 20 13 18 18 64 7 62 0 37 6 79 19 42 16 82 12 50 14 65 15 44 2 14 10 17 1 85 4 5 11 67 9 78
10 70 13 49 19 61 0 92 4 17 2 22 17 65 1 20 18 75 5 76 11 45 7 18 14 4 15 77 9 79 16 38 3 72 12 2 8 7 6 50
14 11 5 10 17 5 3 78 4 26 19 71 6 15 12 2 0 8 7 85 16 9 15 48 18 12 9 58 8 52 13 68 10 51 11 88 1 91 2 50
15 41 19 74 7 68 8 82 18 66 4 24 11 48 14 40 1 92 16 32 13 11 2 25 6 41 5 83 12 81 17 73 9 68 0 94 3 54 10 91
1 51 9 76 8 52 17 76 11 26 10 96 19 51 18 58 4 72 0 88 2 50 16 93 5 33 3 56 12 40 13 11 15 10 7 45 6 1 14 75
3 77 5 7 2 71 0 53 10 63 15 94 18 81 11 74 16 51 6 27 17 59 7 51 1 20 9 11 13 34 12 67 8 69 14 38 4 27 19 59
16 9 0 43 10 71 19 17 6 26 12 53 4 33 13 89 15 17 5 52 14 25 2 99 18 15 9 44 1 99 3 25 17 81 8 88 11 75 7 21
1 87 9 3 3 94 12 53 14 49 10 88 11 84 13 13 0 91 19 1 5 51 16 72 15 2 4 19 6 48 18 56 17 99 2 1 7 23 8 49
19 52 18 91 7 3 14 69 0 25 6 43 10 98 2 75 16 16 13 33 12 43 5 3 17 10 11 67 15 91 4 39 9 55 1 85 3 14 8 3
10 65 5 9 6 5 9 35 18 7 16 95 19 50 15 33 8 61 11 67 12 10 0 49 1 64 2 46 17 74 14 3 7 92 13 64 3 45 4 89
4 17 11 5 5 30 18 48 2 44 14 97 8 39 19 5 6 45 16 4 1 80 7 13 12 43 15 18 0 52 3 92 13 48 10 44 17 26 9 28
2 66 0 52 17 42 16 93 4 83 8 75 5 85 6 41 19 21 9 64 11 93 12 55 3 25 13 83 10 91 7 19 15 60 1 91 18 94 14 27
4 79 8 65 6 72 2 3 18 88 5 2 7 88 15 68 3 1 11 6 13 61 1 44 16 98 9 6 19 3 10 46 17 76 14 41 0 28 12 29
8 69 13 81 10 2 15 6 0 20 18 6 4 6 14 35 12 98 9 84 1 64 7 12 17 81 11 55 16 73 3 67 2 93 19 6 6 35 5 84
2 80 18 6 3 33 9 85 10 1 11 45 14 30 1 55 8 53 19 35 0 21 16 61 4 14 7 67 15 77 12 96 6 57 17 80 5 4 13 27
13 91 6 61 11 56 16 23 0 88 4 6 19 41 2 51 15 18 1 25 10 1 3 65 7 13 17 29 14 89 12 89 5 35 9 57 18 30 8 50
9 36 7 95 5 70 19 29 6 20 10 70 15 4 2 47 0 22 16 6 4 75 11 8 17 12 1 66 13 65 14 91 18 56 3 40 12 58 8 54
0 5 19 84 11 13 7 99 15 58 8 82 18 1 3 69 2 77 5 76 17 59 14 57 9 55 4 93 6 89 1 92 13 13 16 85 10 60 12 65
10 78 2 1 4 96 16 68 15 73 7 67 11 32 8 85 19 74 3 40 14 61 1 51 9 21 13 27 17 56 0 83 5 95 18 66 12 95 6 48
9 72 8 27 4 81 15 34 7 2 1 12 17 87 3 78 12 31 19 50 0 51 16 36 13 2 14 3 10 91 18 80 2 9 11 6 6 93 5 91
1 72 5 41 15 79 12 99 18 35 2 80 14 47 11 76 9 88 16 29 8 21 13 33 4 4 10 55 19 78 6 72 17 90 7 11 3 39 0 91
8 33 9 39 13 6 1 59 3 26 10 87 14 72 15 16 6 77 18 22 12 23 17 12 7 35 19 69 11 11 16 7 5 43 4 91 0 39 2 48
1 43 3 10 14 83 19 4 13 48 0 8 15 16 9 6 18 48 11 66 2 66 4 51 17 79 6 9 16 61 5 36 7 45 12 8 8 16 10 54
4 26 5 21 14 37 11 75 0 75 18 55 3 94 12 71 17 97 15 15 16 69 19 84 6 3 13 38 10 72 8 84 9 90 7 99 2 23 1 4
16 47 7 77 5 76 18 44 19 8 10 90 0 65 2 50 14 92 3 13 1 13 4 86 15 98 13 19 8 81 12 49 6 91 9 8 17 11 11 31
7 15 1 90 15 47 14 61 6 50 12 65 16 19 2 7 11 74 5 29 3 94 18 99 8 99 19 67 17 32 0 94 9 82 4 80 10 17 13 67
5 31 3 96 14 51 13 38 8 76 1 52 0 41 2 15 7 36 12 31 4 69 18 61 19 72 9 14 6 59 10 31 11 77 17 35 15 44 16 5
16 85 19 25 8 33 12 66 14 36 9 62 11 56 18 12 13 74 4 71 15 63 2 99 17 97 5 77 7 52 3 12 6 43 1 3 0 68 10 28
3 34 9 12 7 83 14 66 18 56 13 48 6 91 1 57 4 57 16 9 0 33 19 98 10 87 5 17 15 77 8 71 11 83 17 31 12 57 2 67
10 19 6 51 9 12 8 70 14 36 0 41 11 13 19 25 12 21 3 17 17 92 1 51 15 60 7 81 2 70 16 90 18 83 4 68 13 16 5 4
1 30 11 19 0 58 16 81 15 68 7 17 14 4 10 52 9 92 19 41 3 22 12 9 13 16 5 51 8 74 2 2 17 41 6 3 18 10 4 28
19 19 15 88 16 55 5 46 1 39 18 70 8 5 6 59 11 41 10 12 2 4 7 74 12 71 17 59 14 66 13 51 9 74 3 62 0 90 4 34
0 67 13 18 7 3 5 95 3 20 2 62 9 69 12 38 10 27 15 56 19 10 17 38 1 42 4 10 14 71 6 97 16 47 11 71 18 6 8 35
15 43 11 93 7 42 12 62 14 4 17 16 4 5 8 4 19 57 3 6 9 48 10 24 18 20 16 75 1 78 13 77 2 75 5 57 0 24 6 34
19 57 8 35 5 83 9 12 10 44 12 61 13 93 18 88 0 15 17 30 1 6 7 73 2 79 11 88 6 37 14 51 4 55 3 79 15 4 16 50
10 41 4 14 15 79 0 8 11 19 7 16 12 82 1 12 19 42 3 72 9 25 2 43 5 48 8 33 16 64 13 20 6 13 14 70 18 91 17 35
15 85 4 9 8 1 7 3 17 78 16 12 19 83 5 92 9 83 2 67 3 68 14 68 11 2 0 81 13 15 18 97 12 32 10 44 1 64 6 11
2 92 19 15 9 90 1 61 7 99 10 88 17 84 4 48 11 3 16 61 15 3 13 94 6 62 0 86 18 78 8 2 14 46 12 59 3 13 5 34
8 10 2 91 7 45 16 18 12 21 5 88 15 64 18 24 3 68 10 82 11 50 9 43 0 20 14 86 19 98 17 20 4 78 1 15 13 92 6 87
10 30 18 10 5 20 3 81 1 45 19 81 11 6 4 68 15 60 0 73 8 25 9 12 13 56 6 76 17 53 2 99 12 79 7 99 16 30 14 10
10 80 12 5 19 8 17 26 18 11 0 54 6 89 7 32 14 48 2 26 3 42 5 41 11 44 1 23 16 42 13 97 15 40 8 84 9 49 4 54
5 35 19 58 10 87 18 2 16 30 4 27 0 78 15 77 17 3 6 13 8 26 7 96 11 10 3 50 14 18 1 12 9 56 2 4 13 87 12 62
17 22 0 72 7 66 12 60 13 3 19 54 4 46 2 72 18 60 14 83 5 41 11 73 8 68 16 44 9 23 3 36 15 66 6 60 10 29 1 39
14 21 7 99 9 90 18 10 1 41 16 55 15 11 4 79 3 70 13 81 0 12 8 71 11 21 10 62 2 98 12 12 19 45 6 92 17 78 5 31
3 75 4 90 15 70 12 72 17 84 6 21 11 96 8 70 7 39 10 25 13 3 5 67 18 58 1 9 0 36 9 84 14 85 2 63 19 68 16 67
3 87 12 37 16 51 6 64 18 74 9 69 5 14 19 27 0 88 14 54 2 13 13 35 1 1 11 79 15 41 4 70 8 19 17 2 10 1 7 37
14 41 10 66 8 96 7 77 5 44 6 67 15 36 0 99 18 59 19 55 4 43 9 4 1 5 3 76 13 89 17 60 12 13 2 19 11 14 16 49
6 12 4 43 13 34 7 70 17 13 8 30 9 2 5 85 15 8 10 98 11 38 18 16 3 81 16 25 2 18 1 16 14 9 0 29 19 52 12 38
6 70 11 5 18 85 14 89 17 7 13 38 9 94 15 32 0 21 5 9 1 55 3 56 4 43 2 66 16 86 12 87 10 79 19 69 8 37 7 41
14 18 5 63 16 84 9 29 0 15 4 5 7 58 1 14 10 89 17 85 13 85 19 12 3 44 18 83 12 42 2 88 15 27 8 2 11 82 6 22
0 62 11 62 12 74 13 20 7 49 17 37 18 42 3 47 6 6 5 4 4 46 8 12 16 76 15 15 14 34 19 18 9 94 2 42 10 9 1 14
7 48 2 3 11 84 16 90 3 15 0 6 1 94 8 42 13 78 12 34 6 15 4 93 5 28 18 18 19 37 9 36 15 13 17 85 10 31 14 35
8 28 1 47 2 9 9 19 19 26 17 83 11 29 7 33 3 17 14 12 10 84 18 50 16 66 0 19 12 15 13 39 6 77 4 99 5 13 15 2
3 12 11 34 7 18 9 43 12 27 18 88 10 58 8 94 19 86 5 61 2 1 17 50 13 21 1 71 6 68 15 70 0 55 16 36 14 15 4 93
9 39 16 86 10 96 4 75 14 25 15 48 7 17 13 8 3 38 17 93 12 53 0 46 6 85 19 99 11 98 18 89 8 25 5 28 1 13 2 45
5 92 1 55 10 11 7 17 9 93 12 74 4 3 16 84 18 19 17 79 6 54 3 26 14 88 15 85 2 40 0 23 8 93 19 49 13 41 11 59
14 97 13 40 6 39 18 86 3 90 9 64 19 90 17 65 12 29 15 8 10 38 1 42 11 54 0 30 2 82 8 20 4 45 7 56 16 74 5 17
6 96 4 9 13 59 5 29 8 48 17 6 0 32 2 71 15 4 9 22 12 62 18 80 19 26 1 53 16 10 14 53 7 93 11 23 10 97 3 53
5 65 19 24 15 60 6 50 11 88 10 33 16 22 2 47 13 25 4 97 12 69 8 86 14 6 18 67 7 46 3 45 17 27 0 39 1 50 9 97
7 37 5 79 9 59 14 84 19 63 10 7 6 48 18 20 1 94 13 86 2 17 15 29 4 21 12 68 8 32 3 18 17 16 11 24 0 28 16 29
13 80 19 80 5 65 10 43 1 19 18 80 16 38 2 89 9 27 3 17 8 59 6 16 12 2 4 23 17 53 7 12 0 86 11 88 14 60 15 39
3 11 1 70 11 31 18 14 5 20 8 80 19 4 9 79 13 17 14 96 17 94 4 9 16 53 7 78 0 67 6 48 10 5 2 77 12 36 15 69
7 49 16 66 10 89 5 13 9 47 14 60 13 47 0 58 19 95 6 13 2 85 15 30 3 39 11 60 17 50 4 47 1 74 12 1 8 28 18 72
6 19 1 40 11 63 15 93 19 39 13 53 12 98 10 23 3 94 2 2 4 99 18 84 5 82 9 62 16 75 0 89 14 46 17 79 7 47 8 62
4 86 18 1 10 97 15 92 9 37 1 6 14 41 19 51 12 77 11 89 8 14 5 7 2 14 3 29 13 96 0 56 16 95 17 17 7 36 6 67
8 46 4 94 10 97 0 27 6 80 7 64 13 79 18 94 11 34 12 42 2 92 19 98 14 63 3 43 17 85 15 81 1 92 5 97 16 51 9 64
3 24 17 8 14 94 11 90 0 25 19 62 10 29 9 99 6 83 1 72 2 8 5 17 15 61 18 86 16 67 13 5 8 60 7 18 12 58 4 48
17 10 5 56 11 55 12 8 18 78 3 88 19 12 10 80 16 87 1 48 6 9 15 54 0 7 13 6 2 88 8 59 9 34 14 59 7 76 4 31
19 80 3 16 16 13 18 25 11 60 0 51 4 47 9 88 13 30 5 6 17 78 15 48 6 35 14 38 8 87 1 84 2 56 12 77 7 96 10 40
4 43 13 3 14 91 9 35 18 59 6 33 15 27 8 84 1 23 7 69 2 53 17 81 10 78 11 76 5 90 0 32 16 28 19 37 3 74 12 74
0 76 18 53 2 21 6 25 5 43 4 9 12 69 14 33 16 1 17 92 8 19 7 29 19 39 1 24 10 71 9 77 11 13 15 24 13 48 3 32
18 20 11 15 2 67 12 94 3 39 15 20 7 21 10 53 16 59 9 63 6 54 17 74 4 88 14 12 19 8 13 46 5 82 0 99 8 85 1 69
5 51 7 7 10 63 11 95 19 87 8 56 15 84 3 42 4 72 6 14 13 58 16 9 12 16 14 47 0 51 17 78 9 55 1 93 2 57 18 35
14 18 12 13 9 59 11 76 15 95 16 92 10 86 3 91 4 10 19 80 0 13 13 54 8 32 5 30 7 45 2 11 1 98 17 53 18 95 6 43
3 68 17 9 5 93 7 4 15 82 0 9 13 37 12 68 2 74 6 54 10 57 11 54 16 54 1 47 8 88 18 86 14 89 4 86 9 75 19 2
9 13 11 31 0 13 8 27 5 84 15 97 7 17 4 60 3 32 13 21 16 55 1 10 18 22 6 50 12 7 2 92 14 94 10 41 19 16 17 6
