100 20
16 48 7 6 10 76 2 94 3 93 5 1 15 47 11 27 14 13 12 65 4 93 6 38 17 91 13 8 9 8 1 54 0 88 8 11 19 3 18 5
9 65 6 44 19 36 12 78 3 85 2 94 1 61 14 7 0 78 4 12 18 8 8 98 7 62 16 92 11 62 5 96 10 75 13 27 17 33 15 49
5 38 9 30 8 97 16 45 10 54 0 80 13 60 11 21 19 22 1 46 4 8 3 57 14 93 2 76 18 68 6 77 17 12 15 78 7 94 12 28
2 11 7 87 19 76 3 72 12 40 15 10 16 31 14 35 13 72 8 31 1 64 18 7 5 40 9 99 10 42 11 78 17 86 6 80 4 44 0 92
3 67 11 93 1 77 5 24 2 74 14 31 16 70 8 77 12 27 18 94 0 54 15 2 10 76 9 54 19 42 6 94 13 46 17 87 4 7 7 36
9 63 10 40 4 39 19 25 2 60 12 29 3 87 16 2 13 60 5 41 7 53 8 36 0 71 14 4 1 99 18 48 15 95 6 10 11 38 17 53
7 26 9 21 18 12 14 89 3 79 5 98 2 98 15 21 13 59 19 47 12 85 0 60 6 13 8 38 1 79 16 41 17 26 11 62 4 71 10 19
16 37 17 86 7 27 1 87 11 57 9 89 5 29 6 82 3 25 18 10 0 23 8 14 19 27 4 83 10 2 13 35 12 14 2 12 15 9 14 33
13 57 9 33 17 98 0 67 5 62 6 14 3 89 14 49 16 78 7 79 11 73 2 62 8 87 10 18 12 4 18 31 1 63 15 17 19 20 4 30
3 93 1 28 4 40 2 90 16 37 7 47 17 63 5 83 0 38 18 25 10 84 14 16 8 51 19 67 13 74 9 53 15 90 11 56 6 56 12 25
3 52 15 59 4 92 14 18 9 29 8 2 11 46 19 16 10 41 0 83 18 75 5 7 6 38 7 36 13 21 17 35 2 36 1 74 12 16 16 28
18 91 4 7 11 37 6 99 16 80 2 13 0 45 19 40 3 43 12 40 9 45 10 30 8 62 17 34 15 47 1 50 14 34 5 92 7 86 13 58
8 71 9 27 7 74 4 78 10 83 13 8 6 30 3 94 15 78 14 14 18 55 17 41 12 51 16 92 19 85 11 21 5 35 2 88 1 45 0 59
7 81 18 83 10 91 5 12 2 19 8 10 16 8 15 73 12 88 13 11 11 44 0 43 3 58 17 49 1 98 14 40 4 93 19 1 9 14 6 86
11 19 17 10 18 89 13 36 2 63 0 44 9 7 4 31 19 17 3 97 10 33 12 60 1 37 15 24 14 77 7 65 6 5 8 18 16 42 5 17
4 60 2 77 1 4 15 25 3 99 5 47 16 57 18 34 12 43 19 3 7 95 10 86 6 42 17 79 8 74 14 70 11 55 9 96 0 79 13 93
9 90 12 55 15 73 4 77 1 15 17 44 19 60 10 79 2 66 7 47 13 96 16 91 3 96 6 55 11 52 18 76 8 34 0 49 5 12 14 54
16 53 9 49 0 82 11 28 6 98 5 56 19 24 10 42 12 46 15 99 2 47 4 49 13 66 3 98 1 50 8 55 7 25 18 11 14 44 17 47
15 82 8 30 12 55 7 13 5 33 10 40 2 92 13 96 18 85 14 11 0 78 17 35 9 88 4 49 16 51 19 93 1 74 6 39 3 36 11 32
15 93 13 1 1 6 7 6 18 26 17 76 16 69 14 96 4 11 2 63 19 60 12 68 5 44 8 7 6 56 11 91 10 51 9 50 3 1 0 88
18 40 17 46 19 60 5 70 11 48 4 12 14 14 2 36 9 99 15 19 13 62 1 5 7 8 0 31 10 84 12 27 8 55 16 96 3 24 6 45
11 89 14 99 4 40 12 62 3 18 18 78 17 52 19 76 8 85 2 30 10 84 16 83 0 73 7 14 6 44 1 27 13 16 5 75 15 12 9 69
7 91 18 35 2 17 6 52 16 97 3 56 10 31 1 56 0 66 15 57 19 63 13 35 12 63 8 30 11 74 4 57 5 48 17 75 9 5 14 49
5 82 6 36 1 37 13 45 8 71 0 90 4 33 2 96 17 2 9 46 19 19 15 2 12 33 3 29 10 80 18 14 7 90 14 3 11 19 16 31
0 3 11 80 17 18 19 55 1 40 8 61 18 78 5 77 2 43 3 10 4 91 7 44 14 40 10 79 16 38 13 83 9 37 6 68 15 72 12 7
17 60 15 10 0 49 2 41 18 77 10 86 14 73 6 45 1 66 12 65 8 49 3 22 16 67 5 19 13 27 11 15 9 84 4 73 19 19 7 59
19 72 0 64 4 1 11 85 16 55 15 42 3 76 9 49 7 31 6 88 5 70 18 74 1 50 14 96 12 61 8 50 17 85 2 8 10 59 13 55
19 29 16 34 13 93 14 42 7 63 8 79 3 48 2 68 6 51 11 35 5 90 15 2 0 54 4 23 10 87 12 24 17 89 1 32 9 90 18 18
9 90 12 93 3 65 10 65 4 82 7 32 18 97 16 55 5 61 8 45 11 49 13 90 14 84 19 84 1 74 2 55 6 36 15 13 17 29 0 46
12 48 15 13 1 16 10 86 19 5 8 89 13 36 16 92 5 42 14 3 6 44 18 29 4 82 17 73 7 60 11 59 0 34 2 11 3 12 9 87
13 94 17 62 4 77 14 4 9 86 8 1 1 76 0 88 18 25 19 65 2 33 7 90 10 6 15 97 16 63 5 68 3 94 6 91 12 43 11 87
13 61 16 62 0 36 3 59 11 94 6 38 8 86 17 27 1 8 4 66 7 76 12 71 19 7 14 46 9 72 2 8 15 17 10 73 5 4 18 4
3 56 16 55 4 17 2 23 19 21 17 93 14 46 6 2 1 85 7 65 0 5 8 29 18 40 9 48 12 46 11 47 13 73 10 1 5 45 15 97
9 67 7 39 10 25 12 84 1 37 8 61 5 46 2 25 16 29 0 88 11 24 14 65 3 24 17 2 4 67 19 49 18 7 13 3 15 84 6 88
18 4 12 33 9 10 0 82 7 11 10 93 13 14 3 62 15 99 1 38 8 49 19 86 6 91 11 37 4 78 16 72 2 9 14 34 17 5 5 92
10 89 7 87 0 75 11 97 8 23 5 93 6 11 3 62 9 5 12 1 1 29 15 12 19 55 16 63 4 70 14 36 13 62 2 37 17 95 18 80
10 73 12 59 6 83 16 79 3 24 7 39 8 97 19 34 5 44 0 64 1 50 15 24 11 18 4 68 9 39 14 5 2 54 18 23 17 87 13 8
6 32 0 60 19 12 3 30 11 11 2 5 17 59 1 76 15 17 8 92 4 62 12 56 5 34 9 49 18 50 13 25 16 34 7 40 10 89 14 86
11 8 1 54 14 1 3 95 19 46 15 26 5 35 16 40 9 2 8 78 13 35 10 7 4 1 0 15 12 47 18 95 17 59 7 1 6 24 2 78
15 48 2 65 11 23 19 10 1 17 12 92 4 96 9 7 10 69 0 45 6 56 16 33 3 78 18 24 7 23 17 26 14 89 13 18 5 74 8 79
16 30 15 7 8 97 17 60 18 63 9 33 6 70 10 62 2 8 14 58 7 2 13 93 19 96 0 42 3 21 12 54 5 57 1 9 11 88 4 28
11 45 14 73 5 70 7 2 1 60 10 11 0 96 9 2 2 86 4 69 17 37 6 17 19 15 18 87 16 74 13 5 12 21 15 72 3 77 8 11
4 9 17 91 3 16 11 89 6 69 13 31 19 88 7 60 5 25 18 43 1 40 8 23 2 55 14 52 9 46 0 9 16 33 10 63 12 61 15 63
5 59 9 93 11 2 17 74 12 35 15 95 3 20 13 70 18 15 16 16 19 45 0 28 7 99 6 91 14 67 4 26 2 17 8 81 10 80 1 96
6 88 5 49 15 99 17 52 7 73 10 21 0 38 19 2 2 41 12 11 9 46 11 2 4 95 3 82 1 38 18 66 14 82 16 13 13 25 8 42
5 13 18 32 2 95 13 45 17 48 11 22 7 45 8 8 14 94 10 5 12 14 4 89 6 84 16 76 1 63 15 16 3 36 19 72 0 24 9 99
13 22 4 23 16 32 17 88 5 87 0 33 14 64 1 98 2 97 7 94 6 26 3 9 8 61 15 17 18 36 10 48 9 57 12 49 11 81 19 84
3 54 13 85 10 50 16 56 11 41 18 44 2 48 0 14 1 56 8 12 15 78 6 92 4 18 5 16 17 73 14 97 9 83 7 88 19 92 12 96
11 89 18 18 2 73 10 14 13 81 12 46 19 21 7 72 16 5 4 90 1 13 17 39 0 71 14 57 3 62 6 2 8 14 5 56 9 7 15 22
5 22 16 74 15 64 19 93 8 81 7 6 12 63 9 53 2 22 13 42 17 36 1 16 18 87 4 27 11 98 14 57 3 92 6 26 10 7 0 60
16 55 18 96 1 2 8 81 17 58 4 71 19 60 9 49 14 24 2 80 11 17 12 75 3 23 13 67 15 74 0 69 10 42 7 83 6 77 5 56
14 6 2 93 6 71 4 99 5 54 13 62 1 49 9 95 16 13 18 74 17 50 0 41 19 43 12 23 8 66 7 44 15 1 11 68 10 49 3 66
17 18 8 91 7 7 18 16 10 4 6 84 13 64 14 18 9 78 11 96 15 97 19 32 12 54 5 54 3 68 1 11 0 72 4 71 2 66 16 6
15 28 7 35 5 6 2 7 12 12 13 86 19 89 17 57 10 77 1 17 11 16 6 62 9 3 16 85 4 33 8 80 14 61 18 8 3 26 0 12
8 59 4 99 2 24 15 46 3 62 17 38 12 25 9 39 18 69 14 5 7 93 19 42 6 98 11 91 0 54 13 62 5 87 16 22 10 17 1 6
18 43 6 91 10 64 11 19 8 66 19 2 14 9 15 61 7 76 4 95 9 69 16 21 3 12 1 41 2 11 0 36 17 87 5 41 13 62 12 79
9 46 5 94 8 3 17 65 14 27 11 10 10 21 15 35 19 13 7 18 12 58 4 46 2 48 6 44 1 39 16 91 18 34 13 72 3 15 0 63
6 98 8 17 7 43 17 25 4 64 10 49 0 13 18 34 19 55 9 16 13 56 3 98 11 51 5 22 14 95 1 43 15 44 12 83 16 77 2 66
7 2 3 55 0 86 10 91 14 3 13 54 17 82 8 82 6 88 5 45 12 98 15 51 9 55 1 95 18 41 19 40 16 27 2 16 11 80 4 55
9 97 7 79 1 61 16 16 2 13 6 79 12 16 4 95 17 58 13 9 11 18 15 87 18 1 19 57 14 67 10 85 3 33 0 68 8 37 5 49
17 5 4 8 3 99 8 99 15 67 19 34 10 48 7 3 5 82 1 75 0 70 2 31 14 57 13 54 12 70 9 74 18 84 6 22 11 59 16 89
9 69 10 61 2 11 3 12 12 67 14 76 19 77 7 18 18 35 13 45 4 6 15 77 6 21 8 82 5 70 17 21 0 28 16 33 11 14 1 24
2 70 10 55 5 85 7 93 1 76 15 36 11 76 3 28 8 20 6 79 9 76 16 3 0 33 17 87 4 82 14 31 13 20 18 7 19 80 12 27
13 52 16 54 19 85 10 86 5 5 8 69 9 54 2 37 11 76 3 47 17 65 12 50 6 14 4 87 18 55 0 93 7 92 14 22 15 75 1 83
4 44 6 46 12 39 2 74 3 40 13 41 9 13 10 57 18 17 0 48 19 77 16 96 11 78 8 96 7 40 17 40 14 51 5 69 15 79 1 60
8 77 5 21 17 14 18 29 1 76 13 4 7 68 12 90 16 68 4 7 6 6 10 34 11 50 0 73 15 38 9 30 3 58 19 23 14 4 2 87
4 36 14 4 19 47 16 4 8 65 7 17 15 55 6 55 18 30 0 67 10 77 11 84 3 32 2 78 1 86 17 76 13 14 9 12 5 80 12 98
12 52 1 61 11 18 5 30 2 69 19 54 4 47 14 27 6 20 17 5 8 41 18 8 0 11 7 71 10 53 9 74 13 88 16 31 3 50 15 73
10 15 16 86 2 48 1 37 11 39 14 10 12 19 0 83 15 19 9 17 8 26 5 79 18 71 19 80 7 58 17 55 3 53 6 12 4 51 13 29
14 7 7 55 6 83 11 74 0 28 12 25 10 27 18 31 9 55 1 27 5 60 17 4 19 36 13 67 15 79 2 22 4 91 8 68 16 35 3 53
15 40 17 91 6 45 16 21 12 15 8 39 13 44 0 44 1 11 10 41 5 98 9 55 11 41 2 32 14 62 19 64 3 33 18 75 7 23 4 70
5 57 1 39 13 98 3 12 2 18 14 54 8 43 9 59 17 97 0 67 12 11 7 32 16 41 18 21 6 64 19 87 11 98 10 17 4 24 15 45
13 22 16 73 18 55 2 4 3 24 12 38 11 58 1 58 19 45 4 26 5 8 10 10 14 8 0 80 8 56 7 2 9 85 15 86 6 46 17 90
11 73 7 23 5 73 18 8 16 63 6 49 13 19 4 78 19 51 2 36 12 71 0 57 14 14 9 30 8 86 1 43 15 37 10 7 17 72 3 14
4 16 16 80 18 73 0 56 19 53 14 40 6 52 10 20 3 81 2 84 17 81 11 64 15 98 7 6 8 66 1 50 9 26 5 53 13 31 12 51
9 37 16 93 11 39 4 61 1 52 5 76 17 58 7 77 18 48 10 58 14 95 13 54 15 93 6 9 8 61 0 39 19 76 2 49 12 73 3 47
4 55 9 37 2 83 10 65 8 87 12 45 14 46 11 25 1 61 3 36 7 78 19 57 0 57 16 84 18 48 6 85 5 28 15 43 13 21 17 54
15 30 3 55 16 74 1 38 17 72 12 23 9 28 10 37 5 38 18 89 13 14 4 32 8 29 2 9 19 70 6 69 7 5 11 38 0 17 14 81
15 64 14 14 7 15 0 7 6 23 3 11 12 18 10 82 13 12 16 20 4 2 19 13 8 35 11 37 5 37 2 65 9 13 1 63 18 43 17 46
18 14 8 89 19 19 14 72 17 38 2 55 1 97 0 33 16 11 4 33 10 81 6 81 7 65 3 6 12 83 5 28 13 35 11 34 15 37 9 98
6 70 7 75 2 28 4 62 5 81 13 7 9 33 1 1 8 24 11 45 17 95 16 78 19 95 15 78 12 13 10 26 18 83 14 36 3 19 0 81
4 71 2 80 6 77 18 51 3 93 15 85 11 11 16 50 9 33 0 59 17 13 1 31 10 21 19 94 7 48 8 91 13 98 12 12 14 86 5 66
1 46 8 45 3 56 16 53 7 34 14 68 18 81 2 85 12 98 19 50 13 42 11 96 17 83 10 76 15 67 9 71 5 60 6 30 0 94 4 92
10 35 0 42 3 50 5 40 15 63 7 39 8 65 18 60 17 62 9 75 19 17 6 11 1 73 16 81 12 29 13 84 14 28 2 90 4 90 11 32
14 37 13 44 15 38 9 40 17 94 1 12 16 78 10 15 6 3 12 4 18 83 7 31 3 75 8 5 19 83 0 21 4 69 2 59 5 5 11 79
5 40 2 67 1 42 17 43 10 52 15 50 12 80 18 5 14 33 6 89 4 58 8 93 9 54 11 97 0 34 19 37 7 7 16 14 3 2 13 56
14 15 2 59 8 71 4 85 1 33 17 13 0 10 12 55 11 3 19 15 15 25 16 50 3 33 9 69 5 83 18 12 6 9 10 64 13 32 7 21
9 17 14 90 12 13 17 12 0 91 11 43 4 6 10 59 2 78 13 81 5 70 19 3 7 57 3 94 18 27 15 96 1 84 16 58 6 97 8 85
15 65 17 57 7 15 0 62 2 50 3 73 8 66 11 88 9 54 12 4 14 35 5 16 1 52 4 49 10 43 16 82 19 31 6 73 13 83 18 25
9 36 1 44 18 12 16 33 0 92 12 61 4 7 3 62 8 84 7 49 10 49 14 41 15 82 19 11 11 20 6 17 17 62 13 50 2 16 5 66
10 47 19 14 13 83 3 60 16 56 14 16 8 44 5 46 4 47 2 75 18 37 15 36 12 94 7 19 1 5 17 38 9 5 6 21 11 37 0 52
13 26 14 14 4 12 9 98 3 12 2 66 18 31 11 90 8 50 10 93 16 88 1 30 6 15 12 70 17 70 5 73 19 65 7 3 15 38 0 40
15 82 5 77 18 84 12 51 2 1 0 19 19 63 1 10 17 8 8 88 11 75 9 50 7 10 14 20 13 34 4 17 6 57 10 42 3 58 16 39
5 63 0 54 10 98 8 67 12 71 19 34 15 88 16 12 14 46 17 13 9 67 18 65 13 79 11 43 7 70 2 59 4 93 6 15 1 6 3 47
7 51 0 33 12 23 8 50 14 21 19 65 9 52 4 94 2 51 13 47 16 22 15 54 5 35 17 72 18 4 1 8 3 67 6 6 11 71 10 63
6 91 17 26 7 15 9 33 3 76 5 26 8 84 1 70 14 25 10 69 11 66 12 9 18 23 13 63 4 5 19 46 16 77 0 63 2 83 15 3
9 78 6 37 4 27 1 13 14 13 15 60 16 11 12 36 0 71 11 97 13 78 5 52 17 83 19 79 18 31 3 37 7 78 8 35 2 62 10 74
7 26 14 86 6 52 10 62 11 2 13 50 17 69 19 41 12 91 3 55 16 18 4 58 1 2 5 22 18 29 8 25 9 3 15 44 2 69 0 90
8 52 0 18 12 68 5 73 10 28 19 67 4 80 16 34 7 51 13 13 11 14 6 9 18 81 17 60 1 31 3 89 15 59 9 53 2 84 14 90
0 10 18 42 14 68 11 37 1 60 8 33 5 32 10 17 17 82 13 22 12 81 15 85 3 94 7 38 16 76 9 32 4 92 19 64 6 96 2 75
