100 20
19 78 18 73 17 6 0 95 5 4 6 65 4 96 3 47 8 31 12 41 16 42 2 28 13 61 15 57 10 28 1 47 11 42 9 74 7 18 14 32
2 54 17 58 7 26 14 38 9 12 10 83 1 25 13 74 5 50 6 83 12 33 18 42 4 19 11 5 16 31 0 1 8 10 19 63 3 26 15 74
15 87 16 94 7 80 5 63 17 45 6 80 11 88 13 84 2 15 10 3 9 50 18 86 8 13 14 44 19 82 12 42 4 64 1 7 0 78 3 36
9 15 4 29 15 57 14 58 5 37 11 15 12 11 13 87 17 17 3 28 1 7 2 48 6 86 18 24 19 46 10 2 7 45 0 37 16 2 8 93
17 73 15 14 18 79 1 34 0 47 8 58 9 64 16 43 11 89 5 18 7 24 14 99 6 86 12 3 4 24 19 20 3 46 2 9 13 25 10 78
3 32 17 23 14 64 16 92 8 19 19 71 9 86 7 3 10 42 2 12 6 57 15 36 13 51 4 59 5 14 11 53 18 55 12 11 0 72 1 36
12 1 1 45 13 68 14 11 10 32 16 66 7 78 3 9 4 3 17 1 6 31 0 70 2 74 9 19 15 13 18 28 8 66 11 50 19 93 5 75
13 3 17 60 8 24 14 49 6 1 12 35 9 85 18 73 11 13 1 6 0 2 10 67 15 33 19 64 3 75 16 89 7 28 4 77 2 54 5 82
5 79 12 88 10 22 17 57 15 95 1 23 11 61 19 49 14 46 4 60 7 96 3 71 18 40 8 52 9 72 2 70 0 80 16 33 13 57 6 27
12 31 13 19 4 19 6 49 10 18 2 95 0 27 1 85 18 8 16 15 7 79 19 22 15 27 3 28 11 60 9 22 5 68 8 23 17 95 14 52
15 62 2 26 16 90 19 80 18 10 17 32 12 32 9 16 5 23 1 53 3 80 4 49 11 85 7 39 14 6 8 13 6 94 10 93 13 97 0 6
1 94 3 85 15 36 12 18 13 71 9 72 16 27 11 71 10 9 18 81 17 33 6 43 8 82 14 83 5 4 4 54 7 12 0 21 2 24 19 53
16 26 3 32 17 59 14 69 18 73 4 83 19 50 6 5 2 14 1 56 13 64 9 31 15 78 10 79 0 81 11 11 8 14 7 51 12 12 5 13
14 99 3 31 12 63 13 49 7 42 6 23 9 91 10 70 15 9 8 24 17 97 16 37 2 65 19 28 0 41 4 54 18 76 11 94 1 32 5 90
14 72 13 42 11 13 12 72 16 97 1 22 10 6 8 40 0 19 6 8 4 49 15 71 19 80 3 86 17 1 2 5 18 52 7 45 9 20 5 98
5 20 17 46 16 82 15 6 14 1 3 93 12 97 2 49 6 42 8 89 10 88 11 94 4 22 9 36 1 1 0 76 19 38 7 44 13 98 18 21
6 76 5 89 19 30 16 69 13 44 8 82 0 76 18 16 4 5 2 63 9 13 12 24 17 8 15 91 11 88 14 27 1 63 10 90 7 39 3 51
17 22 9 25 8 60 12 55 6 17 7 90 3 67 19 81 2 23 16 10 10 5 14 72 18 20 13 23 5 44 4 38 11 25 1 93 0 10 15 12
6 41 3 48 14 45 10 28 13 2 17 80 7 77 12 19 2 45 19 76 11 69 8 24 1 67 9 93 4 35 18 21 5 11 15 67 0 8 16 77
7 98 18 91 2 86 4 83 10 87 17 63 0 18 9 66 5 60 1 32 3 81 14 16 12 56 11 81 19 34 8 47 13 46 15 82 6 8 16 39
16 39 2 45 6 12 12 9 15 54 5 3 7 31 8 73 0 70 1 53 9 82 11 68 19 47 3 89 4 56 18 13 17 52 13 86 14 60 10 31
17 22 5 90 0 18 16 88 11 35 3 57 14 40 15 38 4 63 18 51 10 33 9 35 7 50 8 4 2 60 19 28 1 68 13 73 12 13 6 66
14 75 17 40 2 97 15 71 0 73 5 18 6 73 11 7 9 32 13 41 8 33 19 14 10 33 12 29 3 70 1 35 16 18 4 68 18 99 7 42
1 72 18 91 15 64 6 15 4 71 5 76 12 62 7 77 0 92 8 57 10 86 19 95 14 30 3 97 2 80 17 6 11 71 13 48 9 63 16 60
8 5 18 48 14 19 7 22 1 33 15 27 2 47 19 42 0 63 3 92 5 11 9 2 13 31 6 39 12 39 10 37 4 5 11 56 16 42 17 6
19 77 9 83 17 31 15 92 5 22 16 67 3 87 14 81 1 64 11 26 4 26 18 78 13 61 10 74 0 5 8 63 7 79 2 98 6 77 12 57
2 74 10 87 14 16 15 39 3 71 0 88 5 93 9 51 1 13 11 46 4 28 18 91 17 8 8 17 16 58 19 49 7 38 13 79 12 33 6 89
5 23 17 70 7 51 10 74 14 81 3 51 12 73 13 41 2 42 1 46 9 68 16 37 19 41 8 14 6 17 18 5 4 2 11 19 15 76 0 23
3 14 17 56 13 76 15 24 2 8 11 28 9 92 12 13 18 66 10 64 16 83 0 96 1 88 5 67 4 55 19 44 14 19 7 20 6 48 8 26
3 50 18 91 2 40 7 55 11 93 6 9 17 22 9 20 12 42 5 90 8 41 0 52 14 64 1 14 15 59 16 26 10 10 13 79 19 38 4 43
5 67 14 84 17 9 19 84 16 13 13 97 7 47 10 21 4 97 15 19 18 23 9 44 3 74 6 46 0 41 11 2 2 17 1 73 12 59 8 41
16 53 19 34 1 65 8 33 9 40 7 99 11 15 17 9 0 23 6 62 18 70 2 17 3 13 15 64 12 59 4 3 13 54 5 34 10 95 14 26
6 51 17 73 18 55 10 35 9 10 19 76 7 97 11 57 8 75 12 3 5 53 1 38 13 95 4 35 3 77 15 53 16 84 14 70 0 61 2 9
17 74 11 68 10 8 6 71 0 84 9 72 7 42 19 99 2 92 3 45 16 3 4 91 12 37 8 11 5 2 15 59 1 78 13 61 14 59 18 15
17 21 13 91 15 3 14 77 12 90 3 51 1 42 4 60 2 82 7 50 8 58 16 56 10 38 0 81 11 45 6 33 9 97 18 79 5 66 19 71
13 95 14 66 5 56 4 11 7 30 18 57 19 8 15 11 9 99 8 90 6 16 10 97 3 51 0 26 12 6 16 89 2 71 17 83 11 2 1 21
1 16 2 34 7 73 6 84 13 51 16 4 8 47 11 42 17 36 3 12 14 4 18 4 10 98 4 57 0 56 19 63 5 34 12 31 9 91 15 85
9 38 1 54 16 30 15 41 13 62 12 95 18 66 5 8 14 99 17 28 0 14 4 4 11 16 6 46 10 32 3 21 19 61 8 7 2 24 7 36
1 90 12 53 2 4 13 40 16 38 14 52 11 47 5 42 6 95 4 66 15 18 8 21 10 8 18 89 7 40 19 28 0 93 9 84 3 96 17 26
19 9 6 20 9 57 0 5 4 98 11 57 13 74 8 9 7 25 5 51 12 62 17 72 18 71 16 86 15 25 10 8 14 22 2 61 1 19 3 4
0 32 6 4 9 42 1 17 3 42 7 17 8 54 14 8 2 17 12 3 5 25 15 82 10 76 4 60 17 13 19 38 18 12 16 58 13 10 11 40
14 53 13 66 0 30 5 41 11 26 8 68 15 62 3 15 2 3 7 75 1 13 4 51 17 62 18 21 10 78 16 1 19 70 6 49 12 28 9 20
14 45 17 63 0 62 8 35 7 72 18 93 3 34 2 25 15 95 11 46 10 18 19 37 12 30 1 59 6 35 13 92 5 25 16 89 4 96 9 11
14 71 7 57 19 28 15 80 13 39 16 9 8 16 3 68 11 15 9 81 12 36 4 73 5 64 1 83 18 32 2 7 0 15 6 86 17 59 10 93
5 45 6 12 0 61 8 3 17 45 7 76 19 54 14 56 3 50 15 92 16 85 10 77 9 93 12 95 11 97 13 31 4 92 1 96 18 30 2 60
17 48 0 51 4 82 2 29 5 36 10 34 11 33 3 22 16 74 12 18 19 90 14 4 8 27 13 31 9 5 1 54 18 30 7 1 6 68 15 32
4 71 17 90 11 21 7 89 2 34 13 61 18 62 0 50 8 59 3 68 10 36 16 55 5 88 12 21 6 31 14 53 9 31 15 89 19 92 1 63
9 40 16 5 7 51 4 69 15 78 13 85 3 51 5 30 1 94 10 74 11 49 0 17 2 10 6 10 18 68 19 59 14 80 17 32 12 2 8 6
17 59 0 37 18 85 4 79 10 86 19 48 11 6 7 22 6 3 1 9 13 18 2 29 3 83 15 68 9 80 8 49 14 6 12 61 16 42 5 78
13 53 16 94 17 86 7 93 0 63 14 78 3 1 6 45 4 71 12 2 11 98 10 67 2 41 15 3 19 45 8 50 5 85 1 99 18 97 9 93
6 54 19 91 18 26 1 97 9 97 4 68 15 61 10 75 12 25 3 1 0 2 17 3 2 47 13 30 7 16 11 13 16 85 5 14 14 97 8 21
16 59 8 34 3 52 14 15 13 34 9 18 18 5 15 80 10 7 11 41 17 48 5 32 19 83 2 39 0 71 1 98 6 62 12 18 4 93 7 52
1 69 5 56 12 68 9 29 14 99 10 69 13 58 3 54 4 89 2 24 17 62 11 54 18 60 15 71 6 12 16 85 7 34 0 61 8 42 19 64
17 54 16 16 15 18 7 52 8 60 19 73 3 90 10 19 11 30 0 61 12 97 18 37 13 84 9 17 1 18 4 42 2 2 14 69 6 69 5 32
3 20 10 74 6 50 1 96 17 45 13 6 16 85 5 15 9 15 14 24 4 42 19 51 15 77 7 57 2 61 11 12 8 41 18 38 12 96 0 28
15 13 11 64 9 43 8 20 5 42 4 29 6 72 0 44 14 10 12 80 19 40 7 24 1 3 16 53 3 30 13 56 10 49 2 1 17 64 18 32
11 31 16 88 13 35 17 87 5 23 3 16 7 57 18 96 15 3 4 18 8 90 1 25 10 24 19 18 2 14 6 59 0 51 12 99 9 24 14 86
6 54 0 58 13 61 2 76 12 75 9 6 18 37 8 45 5 84 3 18 1 55 4 19 19 68 14 42 10 11 16 55 17 11 15 10 11 46 7 47
19 33 8 28 9 47 13 80 15 5 12 43 16 89 7 59 6 66 4 76 10 50 2 99 5 12 17 59 11 30 14 61 18 84 1 82 3 2 0 79
17 44 10 67 5 70 15 46 3 24 1 39 14 76 7 93 0 99 19 77 8 63 6 38 2 90 18 5 4 87 16 14 11 4 9 62 12 32 13 47
17 32 10 99 19 62 11 2 12 70 3 6 14 34 1 59 15 75 2 64 9 91 16 88 13 64 7 99 8 58 5 76 6 3 0 51 18 65 4 97
19 4 8 9 5 5 1 70 17 52 12 24 4 80 2 1 6 62 7 77 10 99 9 79 14 14 11 26 16 37 13 39 18 69 15 72 3 27 0 32
6 22 8 28 17 54 19 11 3 10 11 1 4 30 1 1 5 11 14 9 12 52 0 15 15 97 16 64 9 47 18 35 13 52 10 88 2 28 7 44
16 13 5 77 17 60 13 19 15 88 2 1 18 69 11 9 4 7 19 87 7 3 10 89 9 57 8 11 14 88 1 95 0 84 12 92 6 44 3 96
13 99 9 90 18 40 15 46 16 74 10 61 14 94 6 81 19 80 2 54 7 40 12 30 11 1 8 82 0 68 4 86 1 66 3 11 5 6 17 36
12 23 7 15 4 33 14 1 10 57 3 37 16 20 11 3 5 6 6 8 15 30 0 41 17 39 2 91 1 77 18 84 13 45 9 4 19 19 8 15
7 78 6 34 5 64 17 12 4 42 3 14 1 1 15 31 11 98 13 34 9 94 16 70 19 34 2 40 18 45 10 54 0 87 14 32 12 59 8 67
0 7 17 3 6 45 1 94 9 53 2 53 8 95 4 16 10 93 16 37 14 87 3 11 19 67 18 87 5 9 13 12 15 20 7 78 12 58 11 50
17 49 2 71 11 4 6 56 3 78 19 82 0 90 5 38 18 33 1 56 7 13 16 64 13 98 14 36 12 75 8 1 15 43 10 19 9 60 4 47
15 92 6 67 13 5 3 33 1 70 7 57 10 62 14 26 17 54 4 47 11 79 16 40 19 80 2 21 9 45 18 27 0 21 12 66 8 16 5 39
15 8 18 18 19 1 12 59 10 14 7 38 11 48 17 12 4 95 8 67 2 55 0 61 5 11 14 85 6 55 9 56 16 37 1 14 13 55 3 79
1 46 15 13 10 78 8 36 5 2 4 27 13 98 17 86 7 17 12 37 9 63 0 15 19 25 14 84 3 35 2 8 16 16 6 27 11 50 18 18
12 57 15 64 17 39 19 57 10 95 6 88 2 19 1 4 4 40 14 90 8 62 3 40 7 47 11 65 5 10 9 72 18 97 16 56 0 74 13 95
13 98 8 16 14 76 5 27 10 84 3 46 16 34 1 44 7 61 2 77 4 90 11 19 0 7 9 56 18 20 6 76 17 90 12 45 19 27 15 85
1 25 9 78 5 42 3 52 18 70 11 50 7 96 0 40 15 61 17 52 12 77 14 49 2 51 10 63 16 20 13 5 8 33 19 74 6 88 4 76
19 80 15 99 3 2 2 25 0 43 11 70 5 92 6 68 12 29 13 9 4 52 16 94 1 8 17 37 10 41 8 5 18 6 14 58 7 59 9 49
0 72 5 71 15 88 11 45 17 35 8 39 18 88 13 10 4 99 3 21 7 3 14 44 9 22 12 52 10 94 19 14 2 91 1 73 16 80 6 99
11 2 19 81 15 63 2 65 7 94 16 80 4 53 6 59 0 35 8 95 14 89 17 86 12 34 1 62 5 24 13 1 3 4 18 84 10 49 9 27
14 15 4 87 13 22 10 25 17 24 0 75 9 44 8 9 19 27 11 7 15 79 12 41 18 14 3 65 6 47 5 22 16 20 7 42 2 67 1 4
5 97 7 50 8 47 3 45 15 51 17 91 11 58 16 75 19 39 2 94 6 43 4 7 0 43 10 6 9 12 14 11 12 5 1 33 18 69 13 13
15 51 10 42 1 70 17 63 16 20 8 42 9 53 18 50 12 85 3 72 13 39 2 56 4 1 19 64 6 72 0 98 14 52 7 86 5 99 11 7
19 1 17 16 18 12 10 39 12 1 3 80 8 64 0 67 9 77 7 45 14 25 4 9 16 47 6 27 5 91 2 75 13 88 11 88 1 41 15 24
15 28 3 97 10 75 18 11 4 52 7 55 16 63 14 52 8 42 9 73 5 53 17 84 11 16 19 76 1 13 13 41 6 92 2 89 0 81 12 31
3 33 8 17 17 80 6 43 1 28 14 33 18 48 16 11 13 31 9 37 5 65 2 85 15 16 7 63 10 16 11 93 0 41 19 87 4 93 12 18
14 21 6 30 19 72 11 7 8 24 5 5 17 93 0 18 2 66 10 36 4 9 18 58 16 23 15 27 1 87 7 95 3 92 13 10 9 59 12 97
13 83 17 53 14 94 12 85 8 49 6 28 0 62 5 91 3 2 4 75 16 72 7 14 19 63 15 64 10 69 11 8 1 72 9 51 18 99 2 60
6 28 0 21 14 68 18 97 2 31 5 46 9 49 12 60 8 83 4 85 15 72 3 34 17 30 7 13 1 60 16 94 13 94 10 7 19 91 11 31
12 76 2 80 8 46 0 22 19 85 4 11 5 71 14 32 18 49 3 53 7 69 10 18 6 53 1 70 9 27 16 24 13 93 11 75 15 24 17 11
0 55 16 99 14 49 15 59 5 64 6 67 12 99 7 12 4 24 3 53 10 98 11 56 2 59 9 95 18 18 8 37 1 21 17 12 13 16 19 67
9 34 10 83 12 52 11 61 7 18 15 76 2 52 8 73 1 10 18 51 13 60 4 96 17 44 19 20 6 46 5 51 0 85 14 70 16 77 3 3
18 77 0 81 17 69 6 57 5 45 10 16 19 45 3 54 7 35 11 21 9 83 15 76 12 21 1 58 8 14 4 37 2 18 16 82 13 38 14 82
4 24 10 78 13 41 18 53 17 71 1 62 12 15 6 60 8 17 7 85 3 16 14 88 15 60 16 37 9 6 0 93 2 3 5 57 19 3 11 77
1 99 9 25 2 76 4 61 11 34 7 50 13 19 8 24 15 36 17 88 10 20 12 29 19 14 16 66 0 28 5 15 6 96 18 97 3 6 14 64
6 27 4 54 0 1 2 76 17 11 18 17 3 77 14 27 7 68 11 47 8 48 15 15 1 23 12 17 13 53 19 92 9 51 16 91 5 75 10 9
17 63 14 62 1 10 19 93 11 66 4 40 2 7 6 96 3 94 16 7 5 45 10 17 15 43 0 8 12 36 7 28 18 29 8 31 9 46 13 20
17 86 19 61 7 90 11 11 10 13 2 52 5 95 6 39 13 28 15 93 8 86 9 70 3 52 12 41 0 1 1 20 14 76 18 56 4 72 16 77
5 73 14 93 18 80 1 78 13 44 0 21 10 98 6 6 4 25 7 72 17 46 8 99 19 35 12 69 3 61 11 60 16 88 9 1 15 99 2 76
11 78 19 97 0 83 13 52 4 23 18 2 5 56 10 87 17 83 6 86 12 99 3 11 2 24 15 75 8 83 1 86 7 33 16 57 14 99 9 77
2 19 13 26 4 57 18 44 1 67 8 67 0 54 9 41 19 70 6 18 11 97 15 88 16 31 5 67 7 63 17 13 10 51 3 84 14 80 12 93
3 99 0 73 12 20 5 84 17 93 10 76 8 67 18 44 15 18 2 35 11 3 1 78 7 23 14 73 19 45 6 18 9 93 4 11 16 3 13 45
