100 20
18 68 2 5 12 99 16 63 11 82 14 93 3 40 9 75 1 68 13 78 15 73 17 35 19 18 5 20 0 1 7 69 6 11 4 37 8 54 10 57
5 82 10 98 0 43 16 97 14 70 12 10 1 53 9 14 3 91 6 91 7 8 13 29 11 78 18 58 4 73 19 55 8 75 15 22 2 91 17 48
8 51 13 31 3 40 4 63 9 29 11 90 7 52 1 17 15 46 18 35 19 79 10 18 14 77 16 16 17 55 2 5 12 45 0 95 5 40 6 27
11 48 2 96 10 33 16 8 18 79 9 54 6 69 15 52 13 65 1 12 12 13 0 74 3 87 14 98 7 3 19 62 8 91 4 53 17 85 5 19
11 68 3 78 10 52 4 33 9 5 0 75 15 8 1 28 2 47 19 14 17 33 8 41 13 97 7 67 14 1 12 79 5 2 18 4 6 76 16 45
10 99 7 44 15 7 3 29 1 90 0 4 19 23 4 3 16 3 2 83 5 72 13 13 14 22 11 18 6 69 8 48 18 89 12 33 17 7 9 50
5 6 10 87 12 12 3 33 0 72 18 31 6 14 1 85 9 15 15 24 8 35 2 85 13 37 17 43 11 2 4 8 7 22 14 28 16 52 19 16
6 75 3 32 4 59 2 9 13 68 5 96 7 41 16 79 9 25 1 20 8 97 0 5 19 44 15 32 12 44 11 35 17 86 18 58 14 65 10 45
5 70 11 79 2 18 15 29 7 34 14 37 8 35 4 92 0 86 13 26 19 29 10 52 1 52 3 2 17 35 12 20 16 66 9 81 6 82 18 7
0 42 16 46 9 89 8 2 3 96 1 44 10 38 6 95 7 9 13 78 11 33 19 24 5 63 18 28 4 21 12 27 17 3 14 94 2 20 15 71
11 72 9 90 8 13 3 59 0 70 19 41 15 77 17 54 7 20 1 10 16 52 6 26 12 72 14 18 13 43 10 19 18 77 4 83 5 8 2 17
7 36 6 77 10 67 16 16 15 60 1 66 3 34 0 83 2 44 9 54 8 93 17 35 13 55 5 56 14 79 12 26 19 38 4 91 11 94 18 90
0 78 10 68 12 61 11 96 6 95 19 41 4 16 8 15 14 46 5 47 13 7 15 64 1 59 2 39 18 87 3 52 7 42 17 77 9 97 16 29
14 22 19 88 15 45 13 45 16 6 4 66 0 80 3 65 9 47 10 18 6 17 17 69 5 52 1 68 18 84 8 47 2 40 7 22 12 39 11 11
6 34 15 39 7 27 0 56 13 62 2 38 11 46 8 46 4 15 14 62 5 1 16 45 17 60 19 49 10 78 1 97 3 60 18 4 12 12 9 40
13 87 8 57 9 71 10 51 1 39 0 79 4 20 14 40 12 54 3 62 15 17 11 25 7 85 5 25 19 39 17 11 16 41 6 83 2 16 18 74
6 88 3 60 17 26 5 94 19 13 2 8 1 38 9 39 10 87 14 30 4 27 11 64 13 36 15 18 8 67 0 99 16 91 18 33 7 41 12 45
17 59 9 91 2 29 8 33 0 34 5 95 4 18 11 96 15 70 12 92 10 69 3 73 13 5 1 78 18 58 16 75 6 94 19 33 7 21 14 78
14 93 3 73 12 43 9 23 10 83 17 19 7 43 1 59 11 32 16 84 2 65 6 55 18 25 15 79 8 41 5 16 4 79 13 73 19 84 0 14
11 2 17 42 10 13 16 82 12 42 5 77 19 60 9 26 3 40 14 17 15 77 4 49 7 14 13 84 6 31 18 29 2 86 8 2 0 4 1 43
8 48 5 27 9 9 13 21 11 67 18 44 15 65 19 79 3 58 17 28 2 80 10 95 14 72 6 13 12 53 0 37 16 90 7 36 4 45 1 31
14 14 5 98 10 32 19 12 6 43 12 87 11 51 1 22 4 38 16 42 7 63 9 99 13 81 3 88 0 66 17 19 15 19 18 22 8 9 2 62
13 15 0 95 3 86 6 20 4 29 15 21 8 86 5 42 12 46 16 74 7 13 19 76 17 33 14 10 2 61 18 11 11 67 9 74 1 59 10 33
17 9 2 36 14 14 13 19 10 70 6 2 18 55 4 33 1 28 9 99 8 32 19 21 15 29 11 32 5 41 12 12 16 18 7 30 0 23 3 28
9 28 12 11 6 48 5 66 3 23 1 71 13 65 18 70 0 23 19 41 10 69 4 3 17 76 11 45 8 47 14 94 2 77 16 77 7 43 15 42
19 68 8 60 15 68 12 97 4 73 18 67 10 32 16 46 9 18 11 40 1 61 5 52 7 33 17 98 2 41 3 39 0 23 14 3 13 93 6 33
9 74 2 98 5 58 19 42 16 10 10 31 18 98 3 62 4 18 14 8 11 19 0 58 13 34 7 21 6 71 8 68 17 49 1 55 15 1 12 35
6 53 13 54 15 15 2 40 3 8 14 6 7 20 5 75 1 13 9 39 16 54 11 72 8 85 10 29 0 50 19 78 4 49 12 39 17 35 18 19
0 90 6 70 17 71 5 21 10 11 11 64 19 86 12 99 4 54 18 75 7 81 9 62 3 41 8 77 16 97 15 77 14 39 13 93 1 44 2 81
16 61 7 96 17 27 8 69 1 99 15 38 19 31 2 98 11 69 3 66 14 84 5 93 12 2 18 34 10 67 9 44 0 22 6 44 13 80 4 75
6 47 8 30 12 40 17 68 2 34 10 19 5 83 18 32 0 44 3 38 15 12 1 28 9 6 4 24 7 21 19 14 16 12 13 49 11 53 14 20
9 94 2 95 3 35 4 86 17 55 14 45 16 17 13 52 1 33 19 41 5 63 8 90 0 47 15 68 6 52 18 10 7 82 11 9 12 91 10 88
14 57 10 28 4 43 0 87 17 31 6 63 18 32 5 66 11 14 13 30 3 66 1 63 19 30 15 77 9 39 8 43 16 48 2 71 7 31 12 10
15 69 6 14 5 6 8 36 18 35 7 96 2 81 1 90 0 7 11 3 12 50 10 85 14 54 13 99 16 93 17 60 9 17 4 35 19 18 3 61
7 76 1 37 3 75 8 41 11 72 9 95 13 74 16 59 15 31 14 14 2 17 17 75 4 24 12 84 0 35 18 79 6 25 19 46 5 35 10 82
2 17 18 4 1 70 5 8 14 66 12 53 13 30 11 95 4 52 3 96 16 10 6 83 19 16 8 24 17 71 10 16 0 33 15 19 9 59 7 26
2 26 5 44 8 6 18 42 6 89 11 71 1 77 0 87 14 64 15 54 17 43 7 83 12 37 16 38 19 54 10 97 13 15 9 13 3 28 4 74
6 24 0 12 18 28 13 65 17 55 19 4 3 47 11 30 14 87 10 67 4 17 8 21 16 30 1 15 2 37 9 26 7 54 12 53 5 39 15 96
9 1 3 14 17 33 6 72 0 36 2 72 10 26 18 61 1 48 15 30 16 43 7 91 19 67 5 70 8 74 11 30 13 74 14 73 4 26 12 93
15 98 9 38 0 99 1 74 17 81 10 11 19 44 8 65 16 14 4 72 6 76 3 93 12 79 13 96 11 48 2 83 18 44 14 38 5 9 7 8
1 22 8 42 11 46 12 71 0 35 5 33 6 18 14 60 7 78 18 85 16 59 10 87 13 84 4 49 17 32 15 2 9 62 2 25 19 60 3 25
10 76 3 9 13 61 4 98 16 25 19 91 1 23 17 57 12 94 18 99 6 97 15 36 0 69 9 61 11 10 8 73 5 98 7 53 2 32 14 11
8 89 16 92 0 63 18 1 17 76 4 7 12 57 19 44 11 53 13 66 7 80 9 53 1 69 5 5 10 43 14 90 15 62 6 87 3 46 2 89
9 39 17 20 12 90 0 3 5 52 14 68 2 49 13 55 16 92 18 68 19 95 1 79 7 75 8 77 4 49 3 92 6 81 11 17 10 91 15 67
2 3 8 40 0 94 13 26 7 17 3 53 1 40 11 12 5 94 18 96 9 3 16 63 10 12 12 92 14 81 17 39 4 54 6 90 15 28 19 62
7 9 1 79 4 51 0 49 14 96 11 99 2 82 17 1 18 85 12 62 10 15 5 19 15 34 13 1 9 15 19 11 16 90 6 59 3 18 8 81
15 37 7 11 12 16 0 54 2 49 8 74 5 57 1 53 10 50 19 26 3 29 18 81 4 44 11 94 6 13 9 81 17 81 16 25 14 66 13 13
19 40 1 45 7 8 4 62 11 42 6 93 18 90 8 12 14 61 2 94 5 73 13 30 17 96 10 46 3 35 16 8 0 85 12 59 9 85 15 72
4 19 2 62 17 91 1 9 5 5 15 79 0 91 8 14 9 57 6 9 10 58 12 93 14 50 11 50 16 21 7 86 3 47 18 13 13 42 19 82
1 75 15 44 2 2 12 68 10 89 19 51 0 81 9 15 6 91 13 65 5 22 11 51 18 77 8 86 16 26 3 81 14 42 7 27 17 40 4 33
5 91 15 30 16 60 14 18 3 97 8 17 2 14 1 78 0 69 19 90 11 11 10 61 7 69 18 11 6 91 12 22 4 43 9 39 13 72 17 45
5 62 9 54 4 53 3 29 15 90 14 68 18 69 7 69 1 70 11 18 17 79 0 90 16 51 10 66 6 29 13 49 8 87 19 3 12 66 2 35
15 53 1 91 3 54 2 23 13 72 0 87 8 58 7 9 14 26 12 1 18 7 4 84 19 44 6 54 17 27 16 99 11 42 9 42 10 84 5 36
10 3 6 55 8 10 4 48 15 86 5 14 2 3 3 48 7 21 9 39 11 4 12 34 1 3 17 59 13 96 19 42 0 77 16 62 18 93 14 54
16 56 6 42 18 76 13 37 17 92 9 76 12 73 1 99 5 42 15 73 0 66 14 47 4 20 7 30 8 54 3 69 10 1 19 8 11 83 2 17
16 44 10 33 9 1 1 38 8 51 15 20 13 91 6 57 12 84 11 27 0 23 18 51 2 34 4 44 5 33 19 69 7 32 3 76 14 46 17 28
19 23 10 14 13 35 8 34 12 62 5 89 16 98 7 10 2 13 14 36 1 46 11 99 4 47 9 36 18 76 3 31 6 61 15 66 0 87 17 41
11 15 2 47 6 35 12 55 0 82 1 62 18 5 10 81 17 83 9 97 13 92 15 54 16 98 7 81 19 20 14 32 5 95 8 14 3 58 4 11
19 26 5 38 4 69 12 74 1 45 3 17 11 66 6 68 13 29 2 33 7 77 0 14 17 70 18 79 8 44 9 30 16 40 14 57 15 50 10 63
15 62 5 1 19 58 3 38 1 65 18 51 4 27 0 85 13 88 8 29 16 21 14 24 9 61 6 77 10 82 7 66 2 61 12 8 17 78 11 55
15 50 6 19 10 13 17 23 12 77 8 58 18 68 13 30 1 61 14 24 19 31 4 67 9 21 7 83 0 3 5 57 2 46 11 84 16 6 3 76
1 67 0 83 3 31 2 51 13 12 7 18 17 75 5 29 19 1 18 4 10 33 11 50 8 52 15 54 4 25 9 98 6 94 12 32 14 72 16 27
0 74 15 57 17 33 19 34 10 7 14 52 8 98 13 33 18 65 16 26 5 60 2 45 7 79 3 89 11 69 12 60 6 93 1 49 4 56 9 24
18 62 5 67 7 29 16 27 4 84 3 91 1 70 0 12 9 77 8 8 17 93 14 49 10 84 12 39 6 21 19 98 15 21 2 17 13 45 11 65
6 12 9 12 19 80 18 88 8 21 10 17 1 77 13 94 14 45 12 23 11 14 3 70 15 89 2 16 7 91 0 19 5 25 16 62 17 27 4 34
4 89 7 62 1 28 8 65 17 72 6 83 19 96 18 93 13 79 14 50 0 16 12 29 16 87 3 91 10 39 2 58 5 24 15 95 11 73 9 91
8 39 11 80 18 27 17 12 16 47 7 7 14 91 5 47 10 29 1 65 4 96 12 17 6 94 13 55 15 3 2 14 19 23 3 36 0 61 9 25
0 18 1 24 6 11 17 3 19 40 12 18 15 66 5 45 10 84 13 45 14 32 3 32 16 5 9 12 8 89 2 82 7 51 4 46 18 45 11 50
12 56 11 81 0 94 3 12 10 99 19 65 16 40 15 39 18 89 13 45 14 56 4 1 2 17 7 71 1 61 6 59 17 33 9 24 5 53 8 61
4 44 5 61 19 50 6 80 0 81 3 92 1 54 2 72 9 9 7 78 10 92 13 81 16 43 12 23 11 85 15 18 17 88 14 79 18 35 8 7
16 83 11 5 14 30 9 62 2 82 3 24 1 3 6 98 15 22 12 9 7 2 4 48 18 70 17 4 19 39 13 98 10 51 8 82 5 92 0 20
18 17 2 88 10 91 1 3 5 30 14 60 11 48 0 17 9 86 4 86 6 82 19 70 8 5 13 38 12 2 16 78 17 76 3 39 15 56 7 36
10 30 15 37 7 59 12 1 3 35 2 28 17 90 19 90 6 40 16 39 14 58 0 78 18 67 5 37 4 87 1 8 8 18 11 32 13 69 9 78
10 40 17 86 5 5 12 81 4 98 0 30 1 5 2 14 14 18 19 61 13 49 18 62 8 88 9 67 7 5 15 26 3 6 16 69 11 81 6 90
9 21 15 45 10 18 18 45 0 36 3 29 13 79 16 43 1 33 19 9 4 94 8 69 5 27 7 68 2 13 12 20 14 65 6 15 11 28 17 6
18 78 13 80 4 52 10 75 9 94 5 17 14 50 17 74 15 85 2 65 8 95 16 65 3 19 7 72 0 78 12 72 6 70 19 87 11 51 1 83
9 12 18 38 2 21 13 57 16 92 14 32 0 54 19 88 11 49 15 22 5 29 3 51 8 89 4 27 17 91 10 36 7 77 1 72 12 12 6 79
3 31 13 2 10 60 14 60 19 5 16 66 18 92 17 44 8 13 11 10 15 43 7 24 0 62 6 81 1 83 2 56 5 84 4 47 12 44 9 53
7 15 12 11 18 37 19 21 15 9 6 34 17 84 11 51 4 63 13 82 16 47 0 3 2 25 8 77 5 80 14 33 9 35 3 33 10 33 1 29
0 85 9 43 10 1 15 90 1 84 5 80 2 28 14 74 7 33 4 77 18 3 19 84 11 52 16 9 8 90 6 77 3 71 12 38 13 89 17 98
3 80 17 89 15 26 13 74 12 21 8 79 5 86 14 5 19 69 2 74 0 75 6 27 9 60 18 18 10 65 1 54 7 78 11 8 16 80 4 52
1 84 0 33 17 22 15 78 13 23 2 30 11 28 8 4 19 12 4 10 10 29 5 91 9 8 6 70 18 11 7 1 12 33 16 12 14 98 3 27
5 40 16 24 11 2 18 29 2 1 14 91 17 55 1 16 9 85 3 71 19 1 7 46 12 91 6 73 10 56 13 39 8 38 4 7 0 68 15 32
10 44 6 17 17 42 3 10 1 95 16 71 2 59 13 87 19 29 0 31 7 68 12 84 14 64 15 73 11 9 8 6 18 61 5 10 4 35 9 93
6 14 13 43 4 5 11 81 17 35 10 43 5 83 16 29 3 29 15 29 8 66 0 56 18 78 2 49 12 35 19 11 9 25 14 97 7 53 1 39
18 10 8 93 4 34 0 41 19 84 11 26 9 71 1 73 17 54 3 43 16 4 14 35 10 95 7 24 6 32 5 45 2 61 12 72 13 22 15 53
3 29 10 81 17 87 19 98 0 75 11 2 8 95 12 17 18 34 16 44 14 6 13 80 4 22 6 62 1 67 9 20 15 4 7 78 5 49 2 49
0 92 19 37 16 35 4 33 7 38 17 28 11 22 6 42 3 39 12 63 2 21 10 77 15 79 14 23 9 75 13 87 8 1 18 63 5 24 1 59
14 69 10 63 9 50 17 6 1 36 13 57 15 74 18 1 11 56 19 21 16 6 4 45 7 20 0 88 12 7 2 1 6 24 5 96 3 39 8 27
1 24 15 77 12 19 9 28 19 5 6 50 11 12 17 62 8 96 14 74 13 2 16 56 2 45 4 12 3 8 10 81 18 46 5 9 7 11 0 54
4 72 8 33 0 34 10 38 2 78 13 57 12 31 14 54 16 20 6 39 3 83 19 27 18 2 11 99 9 83 7 70 1 13 5 96 17 87 15 46
16 78 17 84 10 99 6 87 15 16 5 99 12 19 7 14 11 64 13 81 8 28 18 91 1 56 9 97 3 16 14 90 19 7 2 90 4 23 0 21
6 65 9 86 18 57 2 4 7 19 11 91 14 98 13 94 4 88 3 88 5 32 8 6 10 22 19 42 16 14 1 73 17 24 12 20 0 70 15 17
7 43 0 42 16 53 17 70 4 19 12 37 9 98 1 94 11 49 10 78 6 33 8 44 3 64 14 42 18 58 5 14 19 25 2 63 13 69 15 93
2 7 17 82 16 41 12 63 15 50 5 94 11 62 14 76 9 60 6 51 4 22 8 9 10 89 19 74 0 12 13 23 3 62 18 67 1 20 7 81
7 37 13 36 17 37 12 3 14 72 5 88 1 21 19 5 6 60 18 74 9 73 4 65 10 64 11 11 16 94 2 85 3 72 8 25 15 39 0 17
3 47 7 18 17 66 2 5 14 12 11 34 8 29 9 21 18 58 13 13 16 71 10 65 12 17 4 67 19 11 15 92 6 36 0 8 1 98 5 92
18 4 0 61 17 79 14 97 6 73 11 49 2 75 7 37 9 57 3 96 13 35 5 33 8 23 4 39 10 85 1 51 12 15 19 55 15 81 16 14
15 60 18 91 4 33 5 53 19 59 13 38 10 90 2 2 3 55 6 2 11 40 7 97 17 98 12 58 1 39 0 26 16 84 8 34 14 35 9 73
1 49 2 64 12 69 16 78 8 68 15 80 9 97 13 24 4 22 18 46 14 91 7 94 10 91 6 91 5 43 11 88 0 59 19 69 3 13 17 56
