100 20
13 89 1 6 10 62 15 4 11 37 5 76 6 72 7 24 17 93 3 30 4 57 18 83 8 2 2 34 19 14 14 65 0 79 12 69 9 4 16 21
5 29 19 57 4 46 10 7 15 20 6 18 11 83 9 76 7 11 18 52 0 45 13 88 14 20 1 54 8 18 16 62 3 46 2 43 12 38 17 68
19 88 17 92 8 42 14 8 13 17 2 88 1 55 11 83 4 99 5 61 15 62 12 43 18 92 6 43 3 86 9 9 10 60 0 60 16 17 7 6
8 93 4 85 9 96 0 82 12 76 2 29 6 82 3 62 5 70 19 36 13 66 11 91 7 75 10 29 16 16 15 90 17 52 14 48 1 27 18 64
14 50 17 57 7 72 18 46 2 44 15 6 4 33 1 31 10 46 12 45 3 34 19 18 5 22 8 92 16 7 6 58 0 77 11 79 9 94 13 20
18 93 19 46 0 22 5 52 15 37 8 43 4 1 10 55 11 43 7 78 17 74 3 29 9 28 14 82 2 78 1 3 12 23 13 32 6 63 16 29
15 9 5 81 12 74 19 6 2 93 17 2 7 34 0 49 16 96 1 56 6 68 14 4 4 76 18 12 10 80 11 61 8 93 9 34 13 88 3 46
3 3 11 42 5 74 12 54 7 3 10 73 16 70 6 91 2 72 13 11 14 93 8 72 4 71 18 81 15 42 0 38 1 8 19 25 17 15 9 82
0 88 8 39 2 62 5 37 12 10 3 81 17 61 6 35 7 18 16 2 4 33 19 66 13 81 10 2 15 95 1 47 14 82 9 17 18 46 11 51
17 57 18 92 4 42 6 61 1 9 2 49 3 98 5 66 14 5 11 94 19 94 15 61 8 70 16 40 0 29 13 80 12 17 10 49 7 99 9 29
2 69 9 63 6 79 15 40 11 77 14 39 13 9 16 98 19 49 5 62 0 36 8 72 7 4 10 36 17 86 12 3 4 16 3 88 18 36 1 19
1 93 15 69 5 86 18 98 17 27 7 21 9 90 6 16 8 89 10 89 4 14 14 33 0 34 13 91 19 10 11 75 16 80 2 74 3 72 12 87
6 23 8 27 18 76 1 17 7 98 3 54 4 70 15 98 2 26 13 40 14 96 0 26 11 84 12 71 10 17 16 91 5 31 19 41 17 30 9 87
19 97 13 84 3 52 9 73 1 13 5 55 8 99 18 9 17 4 0 56 2 69 11 49 12 53 14 92 16 94 6 66 10 34 7 79 15 87 4 37
9 40 18 60 6 8 10 12 5 4 7 74 13 35 8 52 19 4 1 7 4 77 11 31 2 82 0 32 15 30 16 31 12 15 3 21 14 89 17 69
5 31 16 31 10 27 9 38 1 49 3 18 13 73 7 81 19 75 6 85 0 81 2 7 4 59 15 19 12 71 18 60 14 53 11 26 17 19 8 12
9 6 1 97 10 53 12 6 18 35 16 43 2 5 8 39 13 9 5 18 3 38 11 72 6 18 19 56 14 60 17 54 0 98 4 7 15 68 7 19
13 16 5 30 9 26 19 76 18 77 0 7 8 73 14 88 11 75 10 91 3 84 4 83 12 89 17 8 6 41 16 92 1 54 15 63 7 63 2 11
5 14 11 71 9 48 7 11 16 10 2 6 3 50 19 21 17 78 1 27 18 28 0 73 13 45 15 39 6 51 8 5 10 89 14 96 4 91 12 9
15 49 1 33 7 3 11 96 8 16 9 56 17 55 14 65 16 42 0 6 4 62 2 10 13 36 19 67 3 69 5 7 12 2 18 72 6 68 10 35
11 37 13 85 14 28 2 38 7 27 6 84 4 11 1 45 3 43 0 43 18 21 5 44 16 14 12 94 10 61 17 43 19 88 15 24 9 31 8 17
19 87 5 3 11 46 15 46 4 75 7 49 8 8 0 22 2 19 14 12 18 60 10 14 6 29 12 78 1 42 3 34 16 59 17 41 13 4 9 39
5 3 13 78 7 60 16 34 18 19 17 86 12 25 4 10 9 30 8 80 15 8 1 64 11 14 0 65 2 56 6 63 3 36 10 47 14 51 19 86
3 83 9 36 15 66 5 4 16 95 7 16 17 56 19 34 0 35 13 63 8 84 14 92 11 40 1 55 10 85 12 52 2 33 4 99 6 81 18 24
0 8 11 14 15 2 19 19 10 95 5 79 9 39 3 73 2 27 7 42 4 31 17 2 12 32 13 69 16 22 18 17 6 19 14 19 1 68 8 54
4 9 9 32 5 10 14 65 6 79 3 63 1 24 7 77 17 50 16 82 11 80 18 22 12 23 8 40 2 72 10 63 13 82 19 53 0 81 15 7
2 47 4 94 14 62 0 92 3 47 15 52 11 79 16 12 8 13 12 1 9 96 1 64 7 17 10 43 6 85 5 83 13 99 19 92 17 40 18 61
0 53 17 78 7 2 1 12 9 89 14 8 15 18 4 29 13 34 12 10 8 76 18 8 16 83 19 7 6 70 5 13 10 39 2 91 11 60 3 87
18 17 10 49 16 57 9 97 15 2 11 15 14 32 0 42 7 78 19 31 6 98 5 68 1 81 12 3 4 72 13 46 2 56 3 61 17 86 8 88
15 84 2 16 12 96 7 12 11 52 4 56 16 84 3 15 0 44 19 69 14 7 10 30 18 6 9 64 8 81 17 25 5 42 13 26 1 93 6 7
5 46 10 94 2 58 13 39 17 77 9 48 19 14 6 62 7 5 12 46 18 48 15 22 11 3 0 30 16 36 14 95 4 10 8 42 1 93 3 3
1 89 15 2 19 56 18 23 13 63 8 67 5 93 7 24 14 24 10 75 9 90 11 89 3 88 16 40 6 35 2 33 0 51 17 26 12 10 4 6
10 91 19 48 0 33 3 37 6 85 11 86 17 54 9 6 12 49 13 74 4 22 8 51 7 41 15 19 16 10 5 41 18 46 14 90 1 13 2 29
9 32 1 85 11 43 2 74 6 33 18 69 10 25 4 17 8 77 15 9 7 53 5 55 12 25 16 90 19 40 17 91 0 5 14 59 3 49 13 12
2 85 0 72 12 32 7 18 1 4 11 37 10 91 13 74 19 54 4 82 17 17 8 68 18 35 16 46 14 15 9 78 5 86 6 64 15 15 3 60
16 60 10 82 5 74 0 4 3 95 12 71 1 82 7 48 9 23 8 14 15 62 19 12 2 38 14 22 17 43 13 59 4 87 18 3 11 80 6 45
7 73 5 2 14 86 6 94 13 47 16 35 10 40 8 92 12 83 15 75 0 69 3 96 9 59 4 2 11 78 17 28 2 13 19 94 1 14 18 65
0 6 1 75 14 74 4 90 19 52 18 39 6 79 10 6 12 5 16 86 3 56 5 50 17 42 7 2 15 92 13 96 8 86 2 82 9 63 11 9
11 67 4 53 2 51 10 16 18 85 6 59 19 43 17 7 3 43 1 9 12 46 5 13 14 8 16 12 0 9 8 21 13 61 7 43 9 7 15 99
11 75 15 93 6 74 10 80 18 55 9 99 8 36 12 64 7 44 14 42 17 76 0 9 19 78 13 65 16 30 2 42 1 1 4 71 3 98 5 75
6 99 18 29 1 32 0 27 14 80 13 39 9 12 7 18 17 91 15 88 4 65 10 82 5 9 19 60 11 84 16 5 12 88 3 51 8 78 2 4
6 73 17 51 3 40 10 10 18 5 15 97 1 33 13 17 16 10 0 80 7 7 4 35 5 3 11 29 12 19 8 53 14 51 9 37 2 22 19 98
13 54 5 77 6 97 0 32 10 76 9 45 19 51 7 74 2 50 15 48 8 91 4 84 18 61 1 79 12 65 3 70 14 99 17 25 11 7 16 40
14 87 10 83 8 89 16 48 7 27 6 69 18 82 19 66 4 25 0 22 5 15 9 50 1 71 13 9 17 51 11 11 3 74 12 96 2 55 15 60
0 67 19 77 17 55 16 75 13 58 6 29 5 71 8 19 1 86 7 41 14 84 9 53 18 39 3 39 10 23 11 45 4 89 15 18 12 22 2 90
4 46 10 75 11 74 16 78 5 45 12 10 14 6 3 94 0 13 17 95 9 30 7 61 8 4 13 68 15 64 6 67 1 78 18 17 19 31 2 70
7 4 3 69 10 92 14 80 5 31 9 70 11 89 13 2 0 90 16 67 2 26 4 71 18 29 1 26 19 58 6 33 15 60 8 32 17 77 12 31
5 61 0 63 18 27 12 57 2 51 1 79 19 81 9 8 10 11 11 98 6 81 17 18 14 37 15 41 16 5 13 32 7 23 3 92 4 4 8 69
18 30 16 36 5 61 19 74 10 4 14 89 8 56 1 3 17 21 0 36 9 58 2 32 7 79 3 7 12 65 11 28 4 66 13 47 15 92 6 80
17 29 5 74 8 29 19 16 4 93 12 47 1 22 13 43 14 39 18 96 16 54 6 65 3 17 7 28 9 82 10 56 0 88 11 76 15 4 2 53
8 68 9 44 6 79 7 74 4 10 11 69 14 26 5 4 2 47 16 34 18 11 13 45 10 29 17 45 19 68 15 11 0 40 12 96 1 80 3 63
10 3 19 2 18 66 2 24 1 25 14 5 13 34 17 26 4 61 5 3 12 84 7 48 9 28 16 65 3 39 0 36 15 35 8 92 6 13 11 58
19 73 16 33 7 35 5 61 10 72 15 28 0 25 3 69 13 1 1 62 12 43 14 17 9 74 8 99 18 29 2 66 17 37 4 62 11 67 6 65
3 23 12 32 2 84 11 79 18 22 4 76 19 24 17 68 1 31 8 3 9 71 10 95 13 6 0 63 5 95 14 57 7 93 15 60 16 50 6 77
1 53 2 70 14 31 6 7 11 74 15 87 10 80 8 15 16 65 5 8 12 90 3 13 7 72 9 35 18 54 0 64 4 85 13 38 19 20 17 3
0 35 11 18 12 9 1 54 10 41 4 29 6 13 3 32 2 2 19 49 16 11 7 28 13 47 18 86 5 97 14 33 9 1 8 54 17 48 15 48
9 96 5 80 0 46 19 16 1 7 8 37 15 96 16 63 10 10 2 20 4 10 13 98 6 96 18 30 17 73 14 41 11 67 3 9 7 33 12 43
17 68 8 37 10 91 15 63 11 45 19 55 14 17 7 41 12 81 16 62 0 37 13 78 3 46 5 45 9 27 6 95 4 80 2 99 18 41 1 2
4 52 8 26 9 32 12 80 5 88 17 75 14 38 10 90 16 97 13 79 18 9 15 93 0 59 7 5 1 37 3 9 2 61 19 11 11 87 6 57
11 61 12 19 6 41 5 4 3 31 17 7 4 25 14 25 2 23 9 86 0 55 8 85 15 94 13 70 18 41 19 98 10 52 1 80 7 62 16 48
19 50 12 76 13 11 8 26 3 50 18 87 17 34 6 18 5 2 0 55 2 3 16 4 15 59 14 75 1 62 11 14 10 1 4 83 9 52 7 82
18 57 2 48 15 68 8 29 3 43 14 73 4 35 7 88 13 88 17 57 9 94 11 19 0 44 19 5 12 6 10 68 1 89 5 84 16 15 6 99
17 23 12 40 9 71 18 72 3 7 7 1 8 46 5 25 16 29 14 92 0 29 10 36 6 37 19 97 2 27 11 73 15 38 4 17 13 18 1 8
2 90 11 51 4 60 8 12 3 20 13 43 12 58 19 64 6 93 14 62 18 38 17 67 16 64 5 32 0 61 9 92 7 59 1 1 15 6 10 29
12 98 5 16 2 2 0 81 11 14 19 60 7 85 4 3 1 89 16 23 18 19 9 27 13 74 6 87 14 34 15 60 10 86 17 94 3 9 8 73
15 20 0 3 1 68 19 72 13 17 17 16 3 94 7 50 8 1 12 32 5 71 16 23 2 98 10 66 11 16 9 50 18 16 6 59 4 16 14 5
7 32 5 22 12 30 18 9 16 35 14 56 8 44 2 69 11 17 15 78 0 60 4 63 19 45 9 15 6 41 17 66 13 45 10 43 1 34 3 54
16 30 13 66 7 41 4 71 6 74 2 85 9 76 1 65 0 30 14 67 19 6 5 45 10 61 12 19 18 13 11 96 3 1 15 19 17 94 8 68
14 58 1 89 7 21 17 79 10 13 6 65 5 3 12 98 18 5 15 87 16 97 11 56 0 80 13 6 3 15 2 73 19 8 4 59 9 68 8 11
16 37 17 91 15 3 12 26 7 74 2 71 18 65 11 94 0 40 13 26 6 89 4 20 3 47 8 47 9 3 5 83 10 99 14 77 1 12 19 51
6 97 11 7 1 12 13 30 12 87 14 65 15 93 19 84 9 6 8 25 2 86 0 75 4 75 17 74 16 3 7 31 10 67 18 45 5 63 3 30
18 25 13 90 7 57 10 24 4 58 15 36 17 98 6 80 19 32 14 71 2 38 11 84 3 48 0 34 9 9 5 93 16 33 1 29 12 12 8 52
11 65 6 62 2 94 12 25 8 83 4 28 0 86 16 11 13 27 17 1 5 93 3 62 7 76 9 9 14 2 10 18 18 49 1 43 15 17 19 43
11 55 6 5 9 80 4 11 12 91 18 64 2 16 1 39 10 54 0 24 14 37 8 65 13 58 15 19 5 47 3 26 19 63 16 1 17 57 7 11
18 27 19 81 17 18 12 26 7 12 13 7 2 15 9 43 14 92 5 70 16 36 15 43 1 36 8 24 10 98 11 94 3 85 4 65 0 34 6 54
5 18 9 62 19 85 4 9 1 53 17 76 10 41 12 89 13 3 16 21 15 24 7 74 6 54 11 80 0 20 8 92 3 53 18 21 14 28 2 95
2 35 7 78 10 78 0 5 16 62 18 58 17 76 19 94 12 59 15 71 9 44 1 25 13 84 14 60 6 5 8 7 3 17 11 77 5 77 4 61
7 11 17 89 2 56 9 63 1 88 19 8 15 14 18 58 0 80 6 42 11 95 16 58 5 50 13 80 8 42 12 18 10 25 14 32 4 71 3 56
0 31 18 95 7 20 9 84 10 67 14 48 16 16 17 3 1 65 12 13 6 84 3 71 15 63 5 15 11 89 2 76 13 15 8 47 4 57 19 42
4 76 16 98 8 9 6 50 13 55 2 64 7 10 14 9 17 8 1 38 10 92 0 64 11 48 19 67 9 24 18 22 5 48 15 73 12 64 3 19
0 78 18 35 17 83 16 68 14 47 10 57 4 90 6 52 12 39 1 12 3 56 7 81 5 24 11 35 13 53 9 39 2 88 15 92 8 82 19 13
13 50 15 32 18 16 10 86 2 48 6 1 17 94 4 23 7 49 1 93 3 14 16 32 9 78 11 75 14 83 8 52 5 12 12 33 19 88 0 80
4 23 0 9 12 50 1 9 15 53 14 17 7 16 13 45 10 74 19 86 8 81 6 41 11 11 5 45 3 64 2 81 18 38 9 47 16 22 17 52
10 73 2 89 4 48 1 35 11 42 13 56 14 15 15 56 3 61 19 1 17 70 6 11 18 64 9 87 12 63 7 19 0 88 8 6 16 80 5 30
1 98 2 69 5 40 0 85 17 54 15 67 6 21 10 93 4 70 13 82 16 46 8 57 19 78 7 5 12 82 9 88 18 8 11 24 3 1 14 4
2 52 16 79 8 15 3 28 19 27 9 76 4 1 11 97 15 2 18 41 5 75 12 52 13 58 6 74 14 3 17 2 1 34 10 41 7 93 0 26
11 76 1 65 0 1 19 3 6 88 16 3 7 94 4 28 8 8 15 75 12 14 2 71 14 59 9 9 3 44 5 82 10 9 17 46 13 86 18 15
19 49 1 54 9 47 16 60 18 47 15 42 3 2 6 89 13 26 10 99 11 24 7 70 5 40 17 48 4 22 0 70 14 94 2 93 12 79 8 28
2 84 14 14 5 11 3 14 15 28 11 67 16 64 10 53 1 67 17 68 7 80 12 31 9 4 19 4 0 1 18 19 6 29 8 12 13 44 4 11
16 25 12 53 7 72 5 12 9 39 14 34 11 68 10 58 3 22 4 94 18 17 6 61 17 93 15 93 8 36 2 30 19 48 13 24 1 67 0 19
17 85 13 90 9 77 3 49 6 15 18 24 1 62 15 22 0 84 14 43 2 36 10 1 5 18 4 52 8 10 7 96 11 70 19 45 16 89 12 13
15 86 2 34 1 36 4 72 16 51 19 2 9 31 14 30 10 57 6 75 3 97 11 30 8 1 18 63 5 29 12 53 13 48 17 58 7 76 0 62
19 84 15 24 9 3 17 57 13 98 16 78 6 15 10 38 4 19 12 19 18 94 3 85 2 37 11 11 14 94 0 70 8 81 7 95 5 22 1 56
12 19 17 9 8 71 3 72 13 94 0 45 4 29 11 53 9 31 15 37 19 32 7 94 1 25 5 49 14 70 18 34 6 29 16 36 10 2 2 67
6 48 10 63 0 88 1 8 4 72 17 68 19 81 15 51 16 38 3 90 18 11 12 22 8 49 14 10 13 58 2 12 11 79 9 47 5 21 7 35
2 91 11 8 4 10 15 40 10 66 0 48 17 65 19 95 8 46 16 66 1 1 13 98 6 73 18 49 3 80 7 54 9 4 5 31 14 85 12 2
9 37 3 50 8 89 18 4 17 15 12 8 13 17 16 77 1 22 14 28 10 75 15 33 2 11 0 11 19 2 4 24 5 75 6 84 11 98 7 41
4 27 0 4 16 6 9 45 10 13 19 19 14 81 2 1 18 78 17 22 12 9 6 98 15 18 5 18 11 64 3 46 8 74 7 86 13 37 1 3
2 8 17 52 13 33 10 70 16 69 5 32 8 31 1 92 15 9 6 16 14 79 19 80 18 90 4 20 12 33 9 40 0 99 3 57 7 52 11 66
13 41 10 80 15 19 2 45 1 20 8 42 0 35 9 50 5 26 18 75 19 5 4 56 14 46 17 23 16 67 7 29 3 37 12 47 11 31 6 45
