100 20
8 55 16 67 9 35 6 40 11 11 3 52 7 10 1 40 0 38 5 41 10 90 12 22 15 33 17 83 13 75 2 52 18 35 19 62 4 26 14 63
14 40 5 10 1 74 3 54 12 7 7 91 18 34 8 81 19 90 17 47 2 56 15 96 4 70 0 54 10 92 16 36 9 94 11 51 6 1 13 88
17 28 19 94 13 7 11 47 18 46 15 80 12 3 14 13 3 81 2 57 5 96 1 76 9 36 16 5 4 58 8 2 0 28 10 86 6 76 7 88
15 13 7 95 5 11 13 39 9 4 14 68 1 12 2 53 0 86 4 88 3 2 8 3 6 73 10 47 18 87 17 31 16 52 12 6 19 6 11 6
16 95 13 62 0 95 9 5 4 81 19 6 7 30 8 3 2 11 12 53 14 72 5 76 10 52 15 98 17 31 6 90 1 92 11 6 18 84 3 63
10 69 3 40 5 62 13 46 15 73 4 8 0 88 8 2 17 28 16 16 7 81 2 31 18 2 19 28 6 25 1 4 9 26 11 20 14 60 12 26
7 74 17 38 0 57 13 66 6 5 5 49 11 76 9 67 1 64 14 10 3 33 19 6 10 22 4 77 18 16 2 18 8 1 12 99 15 94 16 17
2 70 4 95 3 59 15 17 11 14 12 89 10 42 13 70 5 91 0 47 6 92 1 89 18 23 14 89 16 67 17 32 8 10 7 61 19 99 9 11
7 79 10 44 12 2 5 34 8 95 11 19 19 19 6 4 13 23 9 27 3 34 18 39 15 33 17 35 0 28 2 56 14 12 16 76 1 22 4 69
16 63 19 57 11 26 18 99 10 4 9 1 6 97 0 31 15 33 1 72 12 2 3 13 8 16 4 23 17 14 13 49 14 83 2 3 5 92 7 75
6 5 12 63 8 36 14 87 0 80 1 33 11 76 3 22 16 63 18 21 13 92 4 21 19 76 5 34 10 80 2 24 9 72 17 9 7 71 15 66
17 78 0 56 19 73 1 39 13 1 5 31 9 51 10 2 4 97 11 6 14 44 12 78 8 16 3 82 15 59 2 5 18 14 6 90 7 67 16 30
17 40 10 18 11 76 8 99 7 29 9 33 14 45 2 56 3 36 18 64 6 95 1 40 16 6 0 71 5 99 19 74 15 23 12 13 4 52 13 97
11 62 10 28 19 98 6 84 15 67 2 38 18 86 9 83 16 32 0 50 14 41 7 61 17 9 5 71 12 66 3 74 8 21 4 50 1 8 13 32
6 58 8 29 16 15 12 17 9 39 7 63 5 26 1 38 14 95 18 78 4 82 17 90 15 4 13 95 3 43 2 29 10 14 19 72 0 26 11 82
6 23 18 80 15 64 3 50 11 1 12 33 14 67 13 67 4 94 16 47 8 22 10 69 0 77 19 87 17 28 1 83 2 66 9 3 7 30 5 81
4 46 14 8 6 33 3 21 2 68 10 72 15 39 5 46 17 26 9 17 1 67 7 25 19 27 8 94 12 73 16 63 11 42 18 59 0 4 13 1
10 21 8 12 1 33 16 94 4 18 15 87 13 42 3 10 7 59 0 15 12 10 6 1 9 3 14 41 11 86 19 31 17 64 18 30 2 83 5 17
5 47 13 90 17 13 6 99 19 48 3 10 18 90 16 10 7 56 10 16 4 92 2 33 9 66 11 40 14 35 8 64 1 81 0 21 15 11 12 29
4 26 13 21 3 80 7 82 11 97 14 20 18 6 10 46 15 13 1 22 2 26 12 67 0 21 16 55 5 35 6 95 8 77 19 93 9 96 17 50
6 72 2 29 13 34 8 99 11 71 16 17 5 67 14 58 12 6 10 12 3 85 0 14 15 55 4 28 1 30 9 27 19 22 7 30 17 79 18 75
11 12 16 56 9 38 2 48 6 71 7 8 12 43 4 22 14 89 15 98 1 11 8 82 18 29 5 14 13 64 3 21 19 96 0 32 10 84 17 62
15 70 11 25 9 57 3 95 2 50 13 76 12 51 16 14 17 35 1 36 7 11 4 74 8 5 19 46 18 53 10 48 5 94 6 66 14 71 0 5
9 61 6 37 7 43 4 89 0 87 18 15 13 24 2 94 19 8 10 58 1 65 16 97 3 22 11 73 5 67 8 58 17 22 12 56 15 46 14 3
3 51 15 3 17 40 10 20 4 10 19 69 18 97 7 4 0 79 16 92 8 34 2 63 12 40 5 47 11 26 13 25 6 8 14 29 1 78 9 55
2 64 18 59 4 78 7 54 19 56 16 12 6 2 13 67 17 78 3 39 12 43 1 88 15 77 5 57 14 20 0 60 10 61 9 79 11 97 8 41
0 15 9 65 5 19 15 9 3 79 2 14 14 11 19 59 12 34 6 70 17 16 11 81 18 55 16 67 8 93 1 81 10 69 4 62 7 91 13 64
11 91 12 3 6 61 14 30 8 25 16 7 17 54 18 88 4 59 9 10 1 63 13 45 15 51 2 41 7 76 10 42 19 5 0 8 3 6 5 36
0 62 6 43 13 94 7 5 15 81 3 44 17 54 2 69 18 8 8 6 11 56 4 6 10 20 1 52 5 66 16 39 19 18 9 18 12 76 14 56
15 97 11 50 14 49 6 92 12 76 7 39 8 84 9 10 19 9 17 17 5 46 3 10 18 60 10 33 2 78 4 66 13 15 16 89 0 39 1 35
12 42 16 22 9 98 19 10 13 40 7 10 1 2 2 71 10 19 17 46 5 76 6 65 11 22 15 26 18 87 3 42 8 82 14 78 0 55 4 47
19 47 7 78 16 35 0 35 6 86 1 89 13 20 15 9 12 6 2 19 17 81 11 13 10 99 3 75 18 81 8 50 5 72 4 53 9 10 14 76
4 44 8 9 14 79 19 72 17 87 13 48 5 3 10 68 7 47 12 18 15 63 3 22 1 58 18 79 16 1 0 32 2 4 9 6 6 47 11 67
3 38 14 64 0 76 4 19 15 5 7 74 9 1 12 28 13 24 8 21 19 62 18 18 10 91 2 80 11 15 6 64 5 61 17 35 16 10 1 73
13 95 16 11 5 32 3 54 19 58 7 30 17 86 6 32 11 14 9 97 2 79 0 36 15 30 4 27 10 50 1 99 12 51 14 90 18 88 8 67
13 60 6 59 10 13 8 57 7 24 4 95 14 8 17 20 2 97 16 89 1 91 11 58 15 66 3 6 19 18 18 72 0 11 5 40 9 49 12 39
6 80 3 87 17 78 8 90 12 35 18 43 11 4 5 90 13 4 16 14 9 78 14 86 10 90 15 59 19 29 4 17 0 4 1 80 2 23 7 91
10 62 12 34 9 13 15 94 4 80 0 5 19 89 5 36 7 86 2 27 13 49 18 6 11 72 17 66 6 36 1 85 14 97 16 82 8 17 3 50
8 38 16 55 17 66 3 76 4 58 2 45 1 98 6 34 9 68 14 37 10 66 13 25 7 25 0 77 11 79 18 64 12 75 5 83 15 9 19 55
14 25 13 23 5 2 19 85 8 20 7 37 4 83 2 26 6 87 17 29 1 74 9 46 12 10 11 33 0 88 16 90 15 23 3 71 18 11 10 90
17 69 5 75 6 72 3 8 15 32 13 19 14 22 19 3 12 19 1 74 7 5 18 95 0 54 8 47 16 52 9 62 2 18 4 9 10 72 11 57
7 67 6 23 15 10 3 87 17 42 5 85 8 22 10 72 14 52 18 96 4 76 1 45 2 87 16 79 13 22 19 30 9 23 12 22 11 6 0 81
9 1 11 93 4 50 3 96 15 41 2 68 19 10 14 59 1 37 18 84 17 6 5 99 16 95 12 91 0 10 7 69 10 21 8 76 13 53 6 28
11 79 0 98 4 84 13 64 16 64 17 23 6 5 15 91 19 38 8 60 1 29 9 55 10 30 2 64 18 40 3 54 12 24 5 91 7 9 14 23
2 80 4 25 3 68 7 33 0 68 14 94 1 73 9 85 17 57 10 57 13 86 5 19 6 75 18 98 15 9 16 16 12 21 19 8 8 65 11 16
13 11 6 71 11 48 9 94 16 61 4 97 19 64 18 75 10 22 1 85 12 86 5 65 3 28 8 54 7 47 15 67 0 17 14 4 17 70 2 66
18 78 14 35 8 15 10 37 5 31 1 85 11 31 2 37 3 29 7 63 12 11 4 33 9 15 17 76 15 58 19 7 13 52 6 70 0 67 16 97
16 76 15 55 1 56 12 3 17 63 5 84 6 64 13 13 18 13 2 34 4 51 14 54 0 47 11 88 8 26 9 35 19 73 3 49 7 19 10 55
0 23 13 27 11 8 10 91 14 21 5 53 4 33 6 33 2 19 1 22 16 75 12 2 8 56 15 41 19 50 18 69 7 21 3 68 9 18 17 32
10 43 1 94 9 42 11 7 18 82 2 90 3 74 6 96 0 64 12 65 19 75 5 27 13 93 15 6 8 71 7 95 17 62 14 51 16 38 4 86
16 39 13 2 3 64 10 47 17 7 4 73 5 26 8 8 7 16 6 36 18 99 0 45 15 37 1 13 19 40 2 4 12 25 9 26 14 86 11 62
3 95 17 24 12 73 2 53 16 52 10 78 18 18 9 92 0 27 15 18 13 53 14 10 5 69 1 13 7 22 19 55 8 79 4 99 6 84 11 68
7 69 14 74 9 61 16 21 10 56 15 56 2 58 4 97 13 23 6 29 12 93 11 74 19 73 3 16 1 55 8 6 17 95 5 83 18 94 0 41
14 43 5 23 17 99 0 84 19 67 7 74 16 84 18 49 4 86 10 11 11 22 1 55 6 98 13 52 12 72 2 6 9 34 3 39 15 16 8 35
17 36 14 46 9 69 15 35 10 38 7 9 6 31 5 47 12 85 2 86 8 32 18 62 0 61 11 25 16 84 4 90 13 28 19 3 1 41 3 41
0 98 1 79 12 79 6 64 17 26 7 12 15 54 16 55 2 12 9 75 3 42 13 76 5 64 18 69 14 33 8 26 19 61 10 12 4 24 11 57
1 60 3 42 19 76 12 34 15 70 13 2 14 19 2 94 5 23 4 65 6 79 8 95 7 24 16 3 0 15 18 76 9 23 11 27 17 9 10 25
8 97 15 91 5 89 6 72 19 87 12 78 7 96 2 33 17 45 9 17 4 49 18 10 14 67 11 6 1 21 0 53 10 89 16 82 13 49 3 94
11 77 19 43 9 80 2 2 17 30 1 77 8 92 16 51 13 94 6 49 15 70 12 82 4 91 14 77 0 86 5 63 10 30 18 55 3 93 7 51
17 47 10 56 9 62 13 82 0 74 8 4 15 22 1 2 11 35 5 78 19 47 7 72 14 92 4 73 2 82 16 10 18 21 6 82 3 40 12 34
14 16 19 85 16 5 2 44 12 31 8 18 9 6 6 33 7 98 17 93 5 60 15 33 0 52 1 78 3 80 13 18 4 76 10 64 18 29 11 80
1 28 12 55 4 5 14 82 10 63 11 7 19 54 6 77 13 24 16 34 17 57 5 72 3 49 9 59 0 38 15 49 2 29 8 65 18 82 7 74
10 31 13 60 15 65 16 56 2 84 4 88 19 32 7 33 18 48 1 55 3 98 0 97 14 82 8 64 9 63 12 78 17 82 11 64 5 72 6 85
15 47 18 41 16 35 9 38 7 55 3 6 13 17 17 44 12 24 8 37 0 21 1 4 6 7 11 17 14 58 19 64 2 56 10 28 4 39 5 4
2 19 18 37 17 6 7 22 5 63 14 1 0 35 4 84 12 60 11 14 19 75 1 82 3 22 15 81 13 38 16 55 10 71 6 53 8 3 9 47
0 29 3 71 2 89 6 27 11 67 7 95 9 22 16 19 14 32 19 80 8 11 10 53 15 65 12 34 1 49 17 36 18 21 4 19 13 14 5 97
7 83 8 76 1 15 17 49 16 40 5 73 4 77 12 77 3 4 11 88 18 49 0 28 14 14 15 13 13 81 6 77 9 71 10 87 19 70 2 20
18 73 1 49 15 80 14 93 0 82 19 77 7 3 10 58 5 1 4 64 8 90 9 57 16 91 17 4 3 44 2 78 11 87 12 17 13 12 6 88
10 48 12 36 2 73 6 64 16 84 5 52 15 30 8 21 1 93 18 19 7 24 9 47 13 42 17 28 0 4 11 74 14 66 3 92 19 1 4 78
11 46 12 92 9 84 1 11 7 62 2 43 14 29 10 54 19 61 0 6 17 57 4 44 16 99 15 95 3 21 5 42 6 4 18 48 8 91 13 29
17 17 11 5 1 82 10 48 6 1 4 11 16 90 0 64 19 88 9 22 18 66 13 35 14 57 3 36 7 64 8 33 12 76 15 54 5 93 2 10
9 51 13 14 6 15 18 98 1 30 7 87 0 61 2 69 19 55 8 27 15 80 12 15 16 88 5 2 10 83 17 37 3 34 14 77 4 36 11 24
4 28 1 91 12 59 6 84 14 90 16 44 2 73 5 88 18 71 9 27 13 23 3 3 17 76 8 46 7 56 15 51 11 17 19 74 0 27 10 31
19 57 2 34 3 75 15 74 7 14 18 36 16 25 1 30 9 38 11 43 12 61 14 90 8 97 0 58 13 18 10 33 6 48 4 41 17 16 5 50
15 52 2 90 5 57 9 43 11 99 4 99 1 82 16 45 0 22 19 26 14 68 7 86 13 10 10 19 12 97 8 76 6 77 17 26 3 11 18 20
11 41 10 56 17 51 3 49 0 13 5 1 8 58 19 85 18 22 16 37 7 70 6 64 14 77 2 51 12 9 15 73 9 94 13 15 4 2 1 59
10 88 11 43 17 35 5 26 6 92 8 66 7 78 14 4 0 53 18 22 16 83 3 50 1 97 2 29 4 87 13 66 15 96 19 83 9 21 12 67
10 81 2 28 7 14 4 46 14 95 13 10 1 8 3 78 17 32 6 74 18 38 16 83 11 71 15 7 19 59 12 57 8 39 5 52 0 33 9 26
19 50 3 51 6 86 15 88 10 19 5 92 12 1 4 14 16 30 9 58 0 21 8 78 1 87 18 93 14 19 17 73 13 16 7 93 2 98 11 35
1 24 18 52 14 64 8 38 11 17 3 62 16 65 15 96 0 22 10 74 12 81 4 47 5 46 13 67 17 97 2 80 6 72 9 42 7 14 19 3
1 98 16 14 9 26 2 28 6 2 8 78 0 47 13 13 17 39 14 13 19 5 7 94 10 67 18 84 3 37 5 52 11 91 4 60 15 9 12 5
16 54 6 62 14 92 9 52 4 2 1 53 15 30 17 92 19 96 11 43 2 6 18 47 13 88 12 1 7 70 8 98 10 85 5 46 3 12 0 38
9 76 6 52 2 47 18 22 10 59 12 6 16 56 3 97 11 26 1 99 13 12 7 56 0 86 17 18 4 58 14 60 5 41 19 17 15 94 8 44
3 24 18 19 17 91 10 5 14 96 16 66 8 23 1 96 2 34 6 41 4 58 0 86 13 9 11 70 7 78 5 99 9 76 12 89 15 76 19 82
9 42 10 7 7 84 15 4 14 65 19 30 13 71 3 42 17 64 8 59 12 46 0 63 1 59 16 51 4 36 2 68 11 58 18 61 6 84 5 94
9 37 10 54 0 81 6 85 7 86 18 21 4 80 1 35 11 3 3 82 2 77 12 38 15 95 16 65 19 43 8 45 17 5 5 48 13 1 14 6
3 16 2 45 18 64 12 15 1 45 19 41 15 19 11 85 13 54 9 49 6 52 0 92 7 42 8 65 10 35 5 39 17 2 16 2 4 83 14 39
11 6 4 83 7 20 16 88 15 91 1 31 3 66 2 30 10 78 17 57 13 48 8 18 19 64 5 55 12 58 6 48 14 7 0 6 18 24 9 51
6 31 16 38 11 38 9 25 13 7 2 62 17 72 18 84 15 4 14 15 12 28 3 25 1 50 19 14 0 81 4 98 7 38 10 93 8 13 5 12
5 39 16 88 9 77 12 40 13 28 7 21 0 59 3 23 1 58 11 28 10 84 17 41 4 65 18 2 8 13 2 91 19 6 15 71 6 78 14 84
7 54 14 59 3 82 6 13 16 27 2 59 12 5 0 42 9 34 8 57 11 98 10 43 5 25 18 97 1 36 15 13 19 50 17 81 13 74 4 12
14 37 1 60 11 60 10 11 7 25 0 87 4 51 6 39 5 1 2 27 15 7 3 7 8 90 12 47 16 70 19 12 13 26 9 35 18 2 17 70
15 68 9 74 6 37 17 57 0 27 12 26 8 66 2 36 11 3 13 95 4 71 5 24 14 36 7 28 10 41 18 25 1 63 3 76 19 28 16 73
14 52 11 31 2 59 15 24 17 46 16 48 5 93 10 72 0 2 19 12 1 37 12 42 8 41 18 40 4 40 3 86 9 20 7 50 13 76 6 19
14 27 11 9 17 86 7 14 12 57 3 15 16 19 9 30 2 37 4 30 5 32 10 51 0 33 19 81 18 29 1 77 15 73 6 73 8 87 13 93
13 3 4 63 0 30 19 35 15 83 5 48 10 4 9 52 12 67 18 87 17 39 7 5 6 28 11 34 3 73 16 6 1 28 14 10 8 74 2 46
0 63 2 17 14 95 7 98 16 66 3 58 9 1 15 82 12 61 18 16 6 75 1 96 17 12 10 61 4 17 11 39 5 19 19 30 8 30 13 10
4 36 10 52 9 20 15 24 12 43 16 42 6 7 14 71 18 47 17 76 7 27 3 25 2 58 1 87 5 59 13 5 19 27 0 57 8 46 11 30
0 55 13 82 18 82 19 36 4 62 17 74 9 37 16 96 1 5 11 9 8 59 14 54 2 27 7 75 3 74 12 62 10 82 15 85 6 10 5 44
16 69 9 95 17 67 1 73 13 52 10 13 7 84 14 52 19 72 4 26 8 86 0 54 2 71 18 21 3 81 5 4 15 93 12 19 6 23 11 6
