100 20
17 82 11 79 2 22 7 41 15 74 4 15 16 63 10 44 8 92 19 74 0 23 18 83 9 80 12 22 6 52 1 79 5 23 14 25 3 17 13 1
17 30 13 53 5 53 19 54 2 8 7 37 9 58 11 91 16 24 6 64 18 76 0 92 3 18 1 67 15 31 14 44 4 2 8 72 10 4 12 38
14 50 19 58 17 76 9 40 4 57 5 84 3 44 1 93 12 40 18 43 13 3 10 53 6 47 8 42 2 62 16 55 7 94 0 41 11 44 15 81
2 88 12 75 9 95 5 8 19 18 13 49 8 85 17 31 4 30 15 84 18 1 10 95 16 19 1 32 11 33 3 89 0 82 14 34 6 34 7 81
12 88 0 36 10 46 8 64 7 56 13 93 9 93 1 26 15 76 11 69 6 25 14 15 16 81 18 74 4 38 5 30 19 69 17 25 2 46 3 23
4 3 0 46 15 70 16 52 5 87 10 27 7 45 9 18 2 26 12 50 18 60 1 66 17 27 3 23 13 41 6 22 19 23 11 95 14 34 8 72
7 28 18 2 5 26 16 35 19 5 12 66 13 15 1 27 9 48 6 65 11 19 2 92 17 52 0 47 14 74 8 21 15 28 4 92 3 70 10 94
16 65 14 41 9 46 3 18 5 39 10 61 15 80 6 60 19 46 17 72 1 69 12 94 2 78 8 8 18 61 13 71 7 96 0 76 11 55 4 5
3 98 4 86 5 21 14 47 15 45 19 22 1 22 9 7 18 69 2 8 7 13 0 14 16 52 6 27 17 46 8 77 10 36 13 23 11 8 12 42
4 23 16 15 12 33 18 71 15 84 14 44 17 8 0 91 2 82 11 41 9 62 1 3 3 41 5 72 13 74 7 98 10 50 19 47 8 54 6 95
7 3 1 72 0 11 2 60 4 16 11 22 3 58 6 58 14 43 5 29 13 7 12 34 19 28 16 99 9 39 17 54 15 51 10 92 18 75 8 55
11 46 8 4 0 55 17 35 13 67 1 75 4 16 5 89 6 79 16 24 19 44 14 94 12 88 15 8 2 89 18 8 9 33 7 70 3 82 10 7
3 53 18 61 0 19 12 68 2 11 8 71 5 99 4 44 15 52 7 30 1 75 19 88 9 17 16 37 10 37 17 44 11 2 13 28 14 49 6 55
8 33 11 2 12 90 0 99 19 5 14 57 1 97 5 82 4 92 9 80 15 66 6 51 10 57 13 2 7 52 16 4 17 9 2 83 3 9 18 57
2 51 9 73 4 59 19 98 14 52 3 93 6 94 1 18 17 79 8 62 10 90 16 25 11 29 13 41 12 97 0 99 7 82 18 6 5 10 15 68
18 78 13 73 12 6 4 42 9 1 11 35 6 10 15 8 10 47 2 29 1 97 7 71 3 36 16 8 5 65 0 38 19 38 8 59 17 41 14 74
5 17 6 62 1 60 15 94 13 67 12 10 18 27 16 7 17 28 11 34 0 94 4 11 3 51 19 91 9 31 2 78 7 33 14 16 8 58 10 37
5 30 0 76 11 46 3 95 17 80 6 87 2 96 15 78 14 94 7 90 18 15 12 69 1 56 4 94 16 75 8 51 10 64 9 10 19 36 13 73
17 78 6 41 13 14 7 88 16 81 0 33 18 34 11 30 3 15 15 41 2 47 1 69 19 18 5 42 8 2 14 52 10 42 9 71 12 57 4 3
13 75 16 78 19 21 3 34 7 6 15 84 10 5 0 60 12 62 8 98 2 45 6 76 1 27 11 10 18 83 17 83 5 92 4 66 9 12 14 22
9 97 1 74 6 17 5 47 15 58 13 83 8 51 11 24 18 95 17 52 4 56 19 63 7 94 0 38 16 86 10 56 14 88 2 30 3 87 12 98
18 88 9 83 6 6 4 12 19 80 14 73 0 87 7 18 17 25 12 98 16 97 3 66 11 37 15 76 13 16 8 64 5 42 10 85 1 97 2 43
12 51 18 42 13 14 17 34 15 79 14 93 1 8 3 35 19 12 5 42 8 6 10 63 16 47 11 73 0 11 2 43 6 76 4 23 9 28 7 62
15 96 1 76 18 52 8 64 3 74 17 54 19 81 6 14 5 69 16 49 10 71 2 22 7 4 11 81 4 5 14 74 0 32 9 18 13 48 12 9
12 66 6 35 9 68 16 23 13 73 2 23 5 58 10 43 7 36 11 86 14 40 18 63 15 3 8 71 0 4 19 56 3 47 17 80 1 80 4 52
4 10 5 10 6 22 0 11 3 34 16 60 18 12 2 56 17 71 13 17 1 35 11 88 19 17 14 1 7 22 8 53 12 3 9 71 15 96 10 44
17 70 14 53 0 55 9 3 12 18 6 41 1 36 16 61 2 2 15 76 18 10 5 99 19 22 11 44 4 40 10 94 7 91 8 91 3 78 13 14
0 33 8 38 17 39 13 24 5 23 11 19 15 31 19 21 4 38 9 48 6 26 14 90 12 45 18 61 10 83 3 22 2 84 1 97 16 61 7 65
13 10 8 70 0 13 2 93 16 12 7 66 1 2 15 71 4 7 14 36 19 85 6 58 9 34 11 62 5 62 17 12 3 47 18 20 10 48 12 24
14 47 0 16 16 6 13 57 18 12 3 47 8 84 7 48 4 60 10 75 9 41 6 42 15 8 5 69 19 2 1 28 17 28 12 13 11 75 2 79
14 86 19 55 4 28 8 88 13 22 1 3 3 13 15 53 2 76 11 23 0 56 18 29 7 10 10 64 9 46 16 37 12 98 6 96 17 92 5 20
3 63 5 36 15 51 9 79 4 25 6 72 14 42 1 32 12 6 8 3 2 20 19 1 18 54 0 85 7 4 17 15 13 87 16 60 10 77 11 59
2 35 6 71 9 49 18 71 5 70 10 87 19 63 8 74 16 74 15 80 13 43 17 26 3 54 1 45 12 27 14 24 7 77 4 59 11 86 0 54
4 98 16 84 18 77 7 38 1 34 11 3 10 79 14 51 8 87 3 49 0 1 15 1 13 80 17 86 9 36 5 15 19 6 12 63 2 83 6 26
16 88 19 81 5 11 12 76 17 55 13 75 3 72 6 97 10 60 0 91 8 77 4 64 1 38 7 51 11 91 18 81 9 49 2 55 15 62 14 76
1 28 10 62 5 18 7 39 16 48 18 85 19 41 6 39 11 97 15 36 4 67 14 94 3 58 17 73 9 58 12 73 13 29 8 57 2 88 0 19
1 52 13 70 14 50 18 32 7 64 9 67 3 53 6 28 4 27 5 92 12 89 0 77 19 32 17 47 15 2 2 57 10 19 11 99 16 41 8 5
12 30 16 79 11 29 19 85 13 98 7 53 17 50 6 16 5 18 3 21 15 84 9 87 18 38 1 83 2 39 14 16 0 34 10 41 4 15 8 67
17 50 5 3 14 37 13 96 15 94 4 35 10 99 12 56 6 52 18 48 7 78 2 65 11 58 8 94 19 30 1 56 0 8 16 32 9 70 3 5
18 57 4 87 14 16 2 37 12 35 0 58 8 51 16 60 11 30 3 89 7 31 19 87 9 10 13 26 1 70 15 96 10 24 6 37 5 93 17 61
8 72 14 7 6 39 11 8 18 30 9 96 7 79 2 82 13 98 10 59 3 98 5 90 16 51 15 87 1 26 19 36 17 98 4 81 0 63 12 20
4 91 2 14 14 3 1 43 0 12 19 1 12 38 17 42 5 63 9 85 7 95 8 78 18 95 15 34 3 81 16 71 10 99 13 71 11 4 6 49
4 97 5 8 10 59 8 89 9 57 3 7 17 56 0 59 6 70 18 2 15 22 7 90 11 46 14 53 1 17 13 54 12 30 2 39 19 49 16 70
16 49 18 56 6 47 13 50 2 19 12 40 19 59 10 45 11 21 9 99 7 31 0 10 5 45 17 96 4 64 3 26 8 92 1 80 15 95 14 23
13 97 5 66 9 90 11 75 2 56 15 2 0 31 7 42 19 39 14 74 16 29 8 86 12 32 4 55 3 76 17 23 1 94 6 53 10 57 18 31
5 31 0 79 6 85 1 28 18 66 17 11 7 62 10 30 19 42 9 13 13 22 14 37 15 24 4 49 2 87 8 92 11 92 16 87 12 72 3 75
3 10 18 51 19 85 9 16 13 86 1 25 17 14 8 24 4 95 2 34 6 87 5 47 0 45 15 44 14 31 16 91 12 66 10 17 11 94 7 43
2 3 10 41 9 32 6 98 19 72 3 67 18 99 15 7 14 21 0 55 5 81 12 31 16 60 7 45 8 47 1 93 11 91 13 65 17 55 4 53
3 25 16 55 11 69 15 18 9 67 6 80 19 40 7 18 1 33 14 42 8 6 12 86 5 57 2 21 10 94 18 31 17 99 0 95 13 84 4 50
14 83 18 44 19 54 17 10 16 35 2 72 6 40 8 96 9 96 7 56 13 74 3 57 12 72 10 20 15 72 5 20 11 44 4 2 1 3 0 71
8 93 19 63 12 27 1 21 10 3 11 11 9 19 6 85 4 44 13 50 7 88 17 9 16 2 0 87 5 27 18 54 3 64 15 93 14 15 2 4
9 26 13 68 1 29 2 44 6 14 16 54 0 91 15 51 18 38 10 66 4 56 14 28 5 41 17 76 11 9 19 44 7 96 8 85 3 85 12 36
15 19 17 98 16 16 0 29 10 98 4 13 5 19 1 22 13 36 12 23 8 4 6 75 9 70 11 88 2 49 19 5 3 13 14 55 18 27 7 22
11 29 7 49 2 79 0 60 18 66 8 60 4 86 17 88 1 50 19 50 15 85 13 95 10 56 14 80 12 62 5 89 3 67 6 59 9 59 16 30
1 61 3 36 11 26 10 82 5 5 6 78 12 90 9 32 15 79 18 66 14 70 7 67 19 55 0 20 4 79 2 93 13 95 17 7 8 24 16 7
3 52 15 78 7 97 2 50 10 87 6 92 12 40 17 43 0 9 16 60 9 37 8 7 19 57 1 54 13 88 14 23 11 75 5 13 18 70 4 36
6 32 8 83 18 36 4 22 17 6 11 14 3 25 16 10 9 65 13 67 14 32 7 75 1 59 0 92 5 36 15 87 2 59 10 93 12 65 19 99
4 58 16 80 3 59 18 39 5 37 2 55 14 55 19 2 8 65 15 68 9 52 12 3 17 72 0 74 13 12 11 99 7 36 10 95 1 87 6 63
8 92 13 9 14 37 0 46 19 71 3 18 4 34 10 33 2 51 6 26 1 15 18 3 12 76 11 88 5 26 15 81 7 47 9 37 17 97 16 61
14 23 13 81 1 95 2 95 8 27 4 47 9 11 12 32 18 68 10 54 16 10 11 11 5 91 15 23 7 63 19 65 17 69 3 55 6 55 0 28
3 74 8 75 2 66 18 59 4 56 10 49 1 22 15 79 17 24 13 60 7 1 11 36 0 45 5 61 16 27 6 61 19 24 14 74 12 64 9 81
15 34 13 2 12 19 3 24 10 25 8 20 14 66 0 79 9 63 19 18 18 76 6 37 11 45 16 92 1 31 5 38 17 45 7 16 4 53 2 88
4 25 13 88 17 62 18 52 1 97 2 17 9 6 12 20 16 9 8 55 11 46 14 53 5 82 15 56 6 17 19 4 0 57 7 9 10 34 3 57
11 37 18 92 19 5 17 22 14 90 8 55 9 67 16 45 3 24 0 23 13 39 15 67 12 43 4 85 5 45 2 69 6 83 10 24 1 38 7 86
10 73 18 86 4 61 11 61 16 70 2 74 7 58 8 68 9 30 3 50 17 83 19 58 6 93 14 54 12 69 1 50 0 47 15 37 5 42 13 70
17 38 3 95 6 36 4 40 15 36 18 24 13 17 16 86 8 50 2 92 19 16 9 92 11 27 14 68 5 75 0 26 7 15 10 7 1 5 12 66
2 90 5 63 14 53 19 25 11 19 9 76 4 2 10 28 8 13 12 12 15 85 0 16 7 74 18 13 6 26 1 91 17 50 16 81 13 15 3 8
17 21 7 22 0 64 2 64 8 47 10 35 13 67 16 27 3 52 12 90 4 2 11 78 9 99 14 85 18 66 1 75 6 3 15 24 5 33 19 11
1 21 17 22 9 12 10 24 18 17 13 90 11 82 0 26 12 26 19 43 8 78 7 51 6 20 16 77 15 9 14 96 2 40 5 90 3 66 4 52
9 34 7 99 6 39 1 19 13 81 4 14 10 55 15 74 5 68 17 51 12 53 2 22 11 92 16 46 3 47 8 22 14 77 19 41 0 66 18 79
19 34 18 11 16 20 8 44 11 1 7 55 15 2 1 26 10 82 3 81 14 4 17 3 9 13 0 85 6 96 12 83 13 10 5 21 2 12 4 32
14 66 12 73 0 48 9 32 5 64 16 39 7 77 2 32 19 11 1 70 10 23 4 99 15 58 13 81 11 56 3 3 17 96 18 35 8 9 6 68
15 26 9 93 14 86 1 1 2 25 3 21 13 82 12 57 11 57 0 22 6 52 4 75 17 85 8 61 18 57 5 84 16 77 19 39 7 84 10 16
13 12 3 70 16 6 5 80 17 93 11 67 15 18 19 4 0 16 12 47 4 33 18 60 2 62 10 13 8 96 1 48 9 98 7 57 6 74 14 50
17 48 6 22 12 2 10 47 9 49 18 39 3 91 8 66 19 45 0 71 11 12 2 91 5 52 16 26 1 33 7 84 14 22 4 44 15 92 13 18
18 45 14 77 15 90 13 47 2 85 12 24 6 97 3 64 5 71 4 77 1 81 16 14 0 95 11 85 10 27 8 25 17 12 19 77 9 39 7 5
16 68 5 21 19 72 17 95 11 98 7 6 10 5 8 45 3 6 14 85 13 4 15 95 2 73 4 56 18 95 1 44 9 2 0 73 12 39 6 36
7 48 2 75 16 79 17 81 11 35 0 46 19 68 10 30 12 57 15 85 6 56 1 54 14 10 4 96 8 1 3 21 5 16 18 40 9 64 13 89
11 1 2 52 5 1 10 47 15 92 16 31 3 31 0 34 4 15 7 39 6 61 9 29 18 85 13 26 19 21 1 58 17 95 14 53 12 63 8 93
1 19 7 7 9 51 14 62 13 91 17 11 3 23 4 7 6 18 19 61 18 50 0 84 2 75 12 14 11 52 16 75 8 51 15 31 10 81 5 16
9 91 13 75 18 85 2 83 14 60 17 62 15 38 4 30 19 7 3 18 0 68 10 31 1 79 11 1 5 98 12 26 7 67 8 48 6 37 16 83
5 50 15 91 6 7 19 13 12 45 3 26 1 11 14 69 7 31 0 1 13 86 9 69 16 77 17 46 11 9 4 45 2 27 10 74 8 70 18 36
12 91 1 4 7 76 9 10 8 16 19 7 14 84 0 53 13 22 2 72 18 81 6 25 17 92 15 91 10 46 11 18 5 70 4 72 16 48 3 74
9 78 5 1 15 9 2 32 13 81 18 48 16 10 0 16 3 8 12 18 11 88 1 15 8 39 10 85 4 25 6 19 14 42 17 51 7 41 19 36
19 69 13 25 7 45 0 70 3 28 8 66 6 53 9 28 17 41 18 38 12 4 15 53 14 95 5 58 4 98 1 82 10 17 11 48 16 91 2 37
6 5 9 12 2 31 8 52 19 24 4 55 3 15 17 27 13 36 18 46 0 18 5 12 16 16 14 79 12 92 15 94 7 34 10 1 11 15 1 33
19 60 14 89 17 11 4 37 15 5 11 54 16 35 18 62 3 94 1 87 9 95 8 45 2 23 5 53 13 49 7 62 6 75 0 97 12 93 10 31
12 41 11 60 1 73 19 15 3 31 7 35 17 74 15 94 13 80 6 5 14 32 2 78 0 34 8 84 18 99 5 54 10 26 9 78 4 19 16 65
8 13 4 69 15 8 17 61 14 84 16 66 7 20 1 76 2 64 11 24 9 8 19 83 6 28 13 33 5 14 12 34 0 57 10 80 3 72 18 70
11 15 1 49 7 99 3 69 9 76 8 89 19 58 6 65 4 61 10 77 12 31 16 54 17 59 15 10 13 88 2 26 18 23 5 76 14 17 0 89
8 77 17 34 13 28 19 44 9 16 1 41 14 23 3 33 5 74 15 42 2 78 11 9 6 15 7 22 18 35 12 99 16 95 0 63 10 76 4 47
13 86 0 99 17 58 2 12 4 67 11 35 1 55 8 92 14 63 6 10 15 8 5 69 9 41 16 53 18 26 19 51 12 73 3 34 10 8 7 21
17 28 0 83 4 99 7 28 6 99 8 9 11 74 5 92 19 85 10 88 15 68 9 85 12 64 13 36 3 45 1 74 18 95 2 12 16 30 14 97
14 7 7 93 1 75 9 6 18 43 2 63 12 34 17 80 3 28 16 14 6 51 4 65 19 88 13 25 0 86 11 44 8 36 15 54 5 12 10 35
12 76 19 75 6 52 16 16 4 57 17 3 1 3 13 73 18 62 7 71 8 14 3 57 2 67 0 53 5 22 9 95 14 5 10 6 11 17 15 89
15 91 19 32 10 59 6 90 17 42 14 29 2 93 16 47 13 7 8 13 1 47 0 4 11 22 4 47 5 3 12 79 18 5 3 36 7 63 9 16
4 74 2 72 5 65 12 18 3 14 17 63 13 23 15 72 10 5 18 27 6 32 0 9 19 5 11 1 8 47 9 74 16 89 14 81 7 47 1 72
11 92 9 20 17 78 12 48 2 47 6 4 18 84 4 54 10 53 0 91 19 62 8 22 3 87 16 45 15 36 13 33 7 95 14 83 5 98 1 69
6 3 18 8 7 26 9 23 4 29 12 34 3 30 11 38 13 46 2 99 10 55 5 27 16 54 1 26 17 9 19 82 14 8 15 70 0 72 8 50
8 2 7 60 0 9 3 46 9 70 5 16 15 37 19 28 12 94 4 43 1 67 10 9 11 56 2 10 18 22 13 39 14 14 16 77 6 63 17 88
