100 20
12 69 15 38 16 95 14 34 1 17 17 32 11 62 7 51 0 36 8 8 3 16 19 78 13 34 10 38 18 69 6 38 2 93 9 87 4 52 5 15
4 79 19 20 10 28 7 92 6 36 2 53 0 66 18 73 14 6 3 48 5 81 15 41 11 82 1 39 17 54 8 98 13 37 9 94 12 20 16 6
17 90 6 68 8 98 0 13 13 98 14 57 4 79 7 2 1 7 12 54 15 78 16 97 19 44 2 43 5 54 11 53 9 14 18 29 3 70 10 56
0 5 2 19 19 3 13 81 12 60 8 58 18 41 15 50 14 98 3 48 4 56 5 72 11 76 16 31 1 83 6 93 7 52 9 2 17 85 10 44
0 67 15 98 13 3 2 98 3 62 5 75 17 94 18 28 7 13 14 31 4 86 12 87 11 59 8 19 9 65 1 16 10 1 16 99 19 49 6 32
7 30 14 37 9 83 1 84 16 30 3 60 17 36 11 16 6 39 4 38 0 32 8 18 13 47 19 13 12 32 18 84 5 23 15 80 10 3 2 4
6 50 4 61 12 74 3 85 10 16 16 39 14 92 7 91 17 84 5 1 9 8 0 69 8 73 1 87 19 72 2 56 18 25 11 3 13 61 15 31
16 16 7 44 15 26 13 14 11 93 0 93 18 43 17 6 6 54 3 57 4 27 14 14 5 71 9 38 10 94 12 25 2 43 19 31 1 69 8 28
6 11 1 58 10 47 8 42 0 59 3 6 7 49 9 29 5 76 14 57 11 63 17 72 4 85 15 31 16 59 18 89 19 4 2 39 12 31 13 18
9 83 18 42 0 72 1 91 4 56 3 16 15 84 5 74 12 29 8 77 14 35 19 33 6 13 11 33 10 54 7 12 16 84 17 3 2 41 13 51
9 71 10 34 7 40 11 20 5 77 8 83 18 66 19 20 2 83 12 24 14 47 16 60 3 21 6 56 15 36 0 95 4 72 17 65 13 5 1 36
16 14 6 53 5 10 4 87 2 58 12 17 17 5 9 7 7 93 18 73 8 84 1 54 0 3 19 75 14 44 10 77 13 23 11 23 15 71 3 6
1 80 11 55 15 46 10 33 16 11 6 99 14 25 19 97 5 48 7 41 17 21 8 4 9 3 2 56 4 44 3 61 18 87 0 82 12 52 13 19
9 72 17 36 16 42 4 97 3 46 11 80 14 97 0 37 10 43 8 82 13 71 12 53 6 57 15 81 7 33 5 40 1 98 2 46 19 93 18 63
10 10 15 63 9 11 19 42 6 43 3 53 0 74 17 5 11 66 1 69 12 95 5 9 13 30 18 52 7 34 4 56 14 54 2 6 16 98 8 38
10 70 8 37 16 40 7 91 18 54 2 6 3 73 4 42 15 62 11 61 12 41 0 33 19 1 1 91 6 94 14 6 9 2 5 70 13 90 17 19
8 30 3 12 15 33 11 51 16 73 6 1 17 54 5 51 4 47 10 95 19 35 0 7 2 32 13 87 18 83 1 79 12 37 9 14 7 56 14 45
3 97 17 14 9 46 13 66 6 5 18 51 10 76 8 56 15 14 7 94 16 88 11 95 14 42 1 70 19 13 4 33 5 66 2 42 0 82 12 65
5 37 3 97 16 85 9 98 13 77 11 34 1 63 2 95 18 66 17 20 10 24 6 83 8 61 12 97 14 84 7 37 4 95 19 28 0 45 15 49
14 61 18 34 7 2 19 69 5 26 4 74 2 24 0 11 13 69 15 62 9 44 3 88 16 24 10 75 11 80 8 70 12 88 6 94 17 23 1 70
19 96 2 24 6 77 11 40 13 79 18 95 5 78 12 32 1 35 14 12 9 63 10 6 0 38 8 5 17 79 4 98 15 93 16 60 7 20 3 73
4 41 17 60 6 13 19 28 18 21 8 82 14 26 1 61 3 23 10 30 11 57 7 67 15 93 5 73 12 58 13 81 0 57 2 52 16 64 9 13
14 38 9 27 11 50 0 57 2 69 4 81 5 79 8 34 1 26 15 36 17 29 19 94 12 10 3 76 18 61 7 20 13 59 6 14 16 88 10 54
17 22 4 35 0 30 12 36 14 67 18 99 9 82 16 94 15 67 7 28 10 68 6 1 8 86 11 9 19 41 5 46 2 50 1 75 13 76 3 30
1 75 15 14 4 58 3 23 0 92 12 50 2 43 7 23 5 39 19 55 17 1 18 89 11 20 10 86 8 67 6 67 9 61 14 38 16 41 13 41
11 3 4 16 13 59 5 37 7 87 12 2 2 54 9 38 19 26 16 94 3 97 0 93 15 89 18 7 10 15 1 89 17 72 14 15 8 35 6 4
2 83 6 62 11 78 13 82 19 48 7 68 9 91 14 67 10 86 15 34 8 10 3 66 5 9 18 34 0 71 16 53 17 56 4 12 1 1 12 33
15 42 1 86 14 86 5 74 4 74 10 61 7 55 19 16 16 76 18 7 3 83 2 13 12 74 11 17 8 93 9 20 6 73 13 34 17 39 0 29
2 12 5 45 10 1 3 9 16 67 17 73 13 86 9 63 19 88 0 1 7 15 11 22 12 98 4 59 1 62 18 55 14 47 8 47 6 40 15 42
16 15 3 40 15 46 10 12 13 28 9 67 4 15 8 58 2 88 14 48 12 93 6 54 5 14 18 94 11 84 19 14 1 99 17 83 0 12 7 16
4 72 2 96 5 36 16 61 7 21 10 32 13 49 0 65 6 30 14 30 11 74 19 65 17 89 8 46 18 56 3 7 12 39 9 13 1 39 15 43
10 51 17 16 19 64 5 27 16 34 14 96 3 24 18 66 8 97 7 35 15 1 12 67 1 69 2 49 0 95 11 78 13 10 4 15 6 41 9 94
13 83 12 99 7 66 3 24 18 14 0 74 11 28 10 30 19 59 4 2 5 26 8 33 14 40 16 64 9 76 1 30 6 55 17 40 2 75 15 43
4 99 14 97 15 4 6 85 18 66 7 32 12 44 1 74 10 20 9 78 13 30 5 44 3 34 2 61 17 5 19 94 0 53 16 58 8 29 11 63
4 79 13 27 17 97 9 13 5 80 3 95 15 96 8 61 10 53 16 18 12 18 0 19 18 92 6 11 11 47 19 2 1 76 14 87 2 20 7 82
5 30 9 43 8 48 18 3 3 68 0 80 11 30 16 99 1 39 2 15 17 86 6 10 19 66 15 11 7 14 13 53 14 81 12 62 4 53 10 33
9 93 10 45 15 66 2 93 8 96 0 79 18 53 3 62 1 34 19 81 14 91 5 79 16 7 11 46 6 63 17 41 13 5 7 33 4 76 12 19
14 54 4 8 5 64 19 97 1 99 12 14 3 94 10 47 17 10 16 65 6 12 11 34 8 40 15 83 13 95 0 59 18 78 9 48 7 56 2 12
14 13 1 70 7 94 17 88 3 75 18 6 2 14 0 73 9 35 10 88 6 13 8 31 13 85 16 26 11 60 5 63 15 56 12 67 4 61 19 88
17 63 4 49 6 24 12 71 3 16 8 29 13 1 9 10 16 27 1 81 14 25 5 14 7 91 11 57 15 77 2 12 10 39 18 34 0 69 19 55
16 45 3 73 1 54 18 62 8 45 15 97 13 52 6 17 0 53 19 7 4 95 12 49 7 38 11 13 9 94 5 97 2 76 14 53 10 85 17 51
9 50 12 41 17 76 13 90 6 15 7 71 10 46 14 89 4 20 3 89 0 5 5 41 8 43 2 34 15 92 18 70 19 43 16 73 11 61 1 10
10 6 2 83 5 95 15 11 14 86 3 62 19 33 7 39 17 37 6 50 12 17 18 40 16 95 11 79 9 46 0 63 4 70 13 31 1 5 8 33
6 67 2 3 5 94 7 24 12 26 9 99 14 67 11 1 16 22 19 16 17 75 0 86 1 33 3 70 10 86 13 97 4 9 15 64 18 9 8 16
2 76 0 40 8 75 17 10 13 39 15 77 9 91 7 55 10 49 6 61 1 41 3 85 4 45 18 95 11 34 12 25 14 35 5 88 16 98 19 5
17 83 13 84 11 67 8 4 7 77 2 25 6 57 12 63 15 90 18 39 3 89 9 53 0 2 19 76 1 3 14 86 10 57 16 69 5 70 4 19
5 2 9 17 18 88 4 39 3 9 16 69 6 38 13 73 12 49 15 18 19 1 8 83 11 77 14 38 1 58 7 55 2 61 0 38 17 45 10 20
7 4 18 63 19 50 5 95 2 73 4 84 10 13 8 28 1 2 12 21 13 18 17 58 14 51 3 63 11 11 15 82 9 46 0 65 6 18 16 80
9 23 14 41 3 78 4 27 11 3 2 66 6 98 17 87 12 94 5 93 1 95 15 5 16 37 19 77 8 87 18 62 0 70 7 74 13 72 10 50
15 6 11 8 2 62 7 69 8 55 12 21 10 91 5 24 18 39 16 31 17 59 1 98 0 76 13 31 3 35 19 11 6 81 14 99 9 87 4 90
6 35 14 94 4 6 15 54 3 54 13 89 5 86 19 93 8 43 18 93 0 27 1 28 11 23 7 82 9 75 12 35 2 78 10 99 16 64 17 88
15 47 17 6 5 30 18 12 10 94 8 97 1 61 7 57 14 93 16 71 9 88 12 88 11 24 13 26 2 32 19 49 3 5 6 63 0 63 4 20
2 53 3 4 7 6 4 92 9 42 12 54 13 21 10 43 19 94 11 36 5 53 6 15 8 78 15 54 17 51 18 15 1 4 16 7 0 50 14 1
10 96 4 67 5 16 1 11 11 36 6 12 7 37 15 76 0 16 19 21 17 48 12 48 13 71 18 29 3 20 9 52 16 99 8 53 2 69 14 7
10 69 14 2 19 11 17 51 13 29 16 1 0 41 15 90 4 68 2 7 12 82 5 8 1 51 7 80 18 63 8 15 3 60 9 44 6 3 11 93
17 22 16 10 7 33 15 31 13 27 6 78 8 45 1 11 3 85 5 99 11 1 2 60 12 65 0 73 19 94 18 6 9 38 10 76 14 76 4 9
0 17 16 4 14 17 18 30 13 1 17 99 9 38 2 14 7 33 11 44 12 98 4 19 8 53 15 93 10 40 1 70 3 43 5 38 19 59 6 17
7 53 9 40 12 81 14 49 19 51 4 55 8 32 6 62 1 58 5 72 15 34 16 20 0 33 13 70 3 20 18 68 11 40 10 5 2 90 17 76
4 27 9 93 1 57 18 52 5 54 10 31 7 41 13 36 17 5 0 90 12 54 16 49 11 73 19 12 6 18 2 65 3 95 14 19 8 34 15 15
3 31 2 28 0 55 15 33 14 99 7 56 10 92 8 19 13 1 19 59 11 42 5 70 4 52 9 85 18 24 17 57 6 59 16 35 1 1 12 77
3 87 5 25 16 53 7 74 17 66 2 18 8 89 6 46 9 72 19 24 1 17 0 63 12 53 13 57 15 4 11 84 10 94 18 66 14 61 4 52
18 82 2 86 10 87 1 89 3 73 5 57 0 58 17 75 16 76 7 4 12 26 13 48 8 98 11 77 4 77 6 3 15 36 14 99 19 67 9 35
13 53 19 66 8 22 11 26 15 71 0 11 5 6 14 93 7 20 3 12 1 38 4 23 6 36 12 78 18 16 17 12 9 55 10 28 2 46 16 79
9 57 7 5 4 15 16 13 11 96 18 59 12 33 13 74 15 97 0 47 6 37 10 69 5 95 1 85 19 58 3 14 14 29 2 8 17 33 8 56
12 39 2 70 7 23 17 25 6 58 10 4 16 15 1 59 8 5 15 20 14 7 0 47 9 34 3 11 13 86 18 5 4 82 11 1 19 90 5 66
12 34 19 12 3 65 0 26 15 55 16 33 11 97 2 97 6 15 4 20 7 7 17 85 9 85 18 18 1 35 13 53 10 36 5 30 8 90 14 5
14 86 17 71 11 63 0 30 18 11 10 31 5 73 6 25 19 52 1 27 13 22 7 37 3 57 4 79 8 50 12 20 16 84 2 54 9 24 15 87
6 15 9 60 12 64 15 30 19 9 10 37 5 25 16 20 0 18 11 85 7 17 8 77 3 35 2 79 18 66 17 88 4 19 14 30 13 78 1 29
15 40 5 72 19 92 3 34 16 80 10 66 7 55 1 78 2 89 14 88 17 80 18 43 9 81 13 5 0 9 12 53 4 29 8 85 11 10 6 78
4 13 11 39 14 32 1 7 6 64 8 30 19 73 12 36 9 32 2 80 3 80 10 74 0 58 7 22 15 12 18 66 17 99 16 26 5 98 13 42
10 23 11 94 9 5 3 17 6 62 12 75 14 14 8 84 5 67 16 33 13 29 15 47 4 40 2 4 1 42 17 67 18 79 7 12 0 82 19 37
2 75 6 74 4 19 1 95 16 61 7 37 11 85 15 63 10 53 3 61 12 98 13 63 17 96 18 33 9 89 19 13 5 73 0 98 8 11 14 23
3 88 12 54 16 13 10 77 19 34 8 79 0 2 4 94 14 18 18 71 2 6 11 54 5 38 17 67 9 53 15 25 7 79 6 47 13 78 1 20
3 5 6 51 14 72 13 98 2 53 8 86 17 2 19 55 11 66 12 6 10 88 0 29 5 6 16 10 4 95 1 98 15 56 9 49 18 52 7 62
19 27 18 60 6 60 4 23 8 56 1 44 13 8 2 71 7 39 3 22 16 84 10 84 17 80 14 2 15 13 9 46 0 57 12 72 5 38 11 14
11 7 15 41 9 70 8 53 12 43 5 28 7 39 3 9 13 89 4 33 2 12 14 29 16 2 1 41 6 21 18 28 17 10 0 15 10 23 19 75
6 22 11 37 2 63 12 5 7 93 13 15 4 61 1 95 19 64 8 22 14 10 0 26 3 7 17 2 15 70 18 74 9 52 5 21 10 21 16 53
15 59 19 2 2 94 1 58 17 38 8 66 18 66 9 47 3 84 4 94 14 65 12 34 11 90 7 61 6 12 5 68 16 16 0 65 13 19 10 32
3 37 5 26 18 64 2 40 16 29 19 32 12 62 6 71 13 76 17 19 8 77 9 50 4 18 10 70 1 63 14 4 11 12 7 20 15 72 0 23
7 67 13 37 6 96 16 78 11 13 2 57 17 70 14 69 10 41 0 38 8 15 4 75 9 36 18 17 19 14 1 24 15 7 12 34 3 51 5 5
8 20 9 81 12 32 2 20 5 92 17 27 10 95 13 51 15 5 16 29 0 91 14 43 3 29 19 12 4 39 1 38 6 23 18 71 7 64 11 92
11 61 18 44 4 46 13 14 17 62 7 65 12 5 0 72 19 86 16 67 1 3 9 31 8 67 14 76 15 71 10 94 5 96 6 70 2 62 3 46
15 22 8 73 18 42 0 59 6 85 3 81 14 46 17 6 2 87 7 70 12 34 19 59 10 38 11 85 16 40 9 40 5 19 1 99 4 57 13 59
17 14 11 62 3 8 12 70 1 96 13 22 2 4 7 54 0 84 6 94 18 83 4 80 15 31 19 24 10 41 8 33 16 3 9 61 5 32 14 3
14 2 10 81 6 58 8 67 17 25 15 12 0 3 2 28 18 6 5 16 11 40 3 8 1 52 4 31 9 71 13 12 19 18 7 9 12 31 16 42
16 6 2 31 19 63 7 87 13 19 10 14 14 63 11 31 0 23 15 51 6 49 17 8 8 25 1 47 12 78 4 19 3 74 5 18 9 42 18 73
3 60 5 19 10 97 8 26 4 49 2 43 13 52 12 89 16 58 7 13 15 23 11 6 9 97 6 23 14 92 1 64 0 90 19 20 17 55 18 55
19 22 4 8 11 74 0 36 2 33 1 6 6 49 18 3 7 79 3 42 14 54 5 17 17 93 12 25 13 27 9 95 15 7 8 34 10 88 16 60
6 2 9 28 4 88 7 95 13 28 3 45 5 60 8 25 14 91 19 72 11 48 0 74 17 82 10 54 2 5 12 59 18 8 16 48 15 23 1 88
16 59 7 44 12 1 18 86 3 10 10 91 1 18 9 56 14 37 4 68 15 2 17 93 13 63 19 42 2 58 0 65 6 74 8 97 11 34 5 88
3 51 9 94 5 79 19 60 10 88 6 86 18 19 0 81 4 98 15 27 16 28 12 8 8 65 2 57 7 43 11 77 1 94 17 52 13 65 14 50
3 34 19 73 12 86 4 48 15 94 18 49 10 14 2 79 1 24 8 45 5 13 13 71 9 81 7 30 6 38 14 4 11 95 0 93 16 31 17 91
4 26 9 59 15 3 10 72 11 79 0 2 7 66 12 23 14 39 3 49 1 76 19 47 13 75 6 62 8 11 2 17 18 54 16 15 5 17 17 13
3 21 10 88 9 93 14 74 18 65 6 71 17 23 0 30 13 54 8 99 11 85 5 65 1 6 19 24 15 49 2 42 12 7 7 33 4 45 16 32
9 88 1 19 6 99 14 29 8 74 0 29 10 23 5 4 16 34 2 82 7 50 3 58 19 83 4 53 18 37 15 78 12 49 11 51 13 86 17 36
3 76 10 62 11 63 4 59 5 50 7 49 15 14 16 35 17 51 8 39 2 95 18 97 6 59 1 55 14 67 19 18 13 5 9 36 12 89 0 89
5 65 19 65 4 57 0 82 16 93 10 92 13 7 7 61 12 92 3 93 9 66 14 45 18 23 17 91 8 12 2 87 6 51 15 22 1 46 11 43
4 10 14 34 6 35 12 72 11 89 15 80 7 69 5 74 10 68 0 48 13 58 19 79 16 75 17 72 1 57 8 40 9 9 18 55 2 66 3 35
11 64 12 26 7 8 4 16 18 5 9 24 19 30 10 37 6 28 8 31 13 65 0 71 17 54 15 30 3 92 5 35 1 34 2 89 16 35 14 50
18 51 9 50 10 91 2 49 5 62 7 24 15 15 4 26 1 42 17 5 13 63 6 94 12 82 16 24 8 44 14 18 0 36 3 65 19 78 11 33
