100 20
16 77 6 93 2 27 8 87 11 90 19 18 1 16 5 71 12 39 15 51 13 20 7 66 3 95 14 71 17 89 9 77 18 60 10 46 0 96 4 27
14 97 8 59 17 43 16 31 12 65 18 13 9 96 15 36 7 21 6 3 5 87 11 59 3 74 1 10 0 53 13 77 19 53 4 82 2 5 10 9
3 55 12 77 14 45 15 99 0 83 9 58 6 66 1 47 11 47 2 21 19 80 18 53 5 96 16 51 8 56 7 64 10 83 13 24 4 91 17 31
12 22 10 36 14 18 17 98 8 89 6 85 2 19 7 38 5 30 18 73 4 82 0 77 15 17 13 49 16 45 1 46 11 66 3 41 9 5 19 94
1 41 5 2 4 85 8 2 15 65 18 61 6 79 13 50 7 23 11 42 17 54 2 73 9 10 19 51 14 81 16 16 12 55 3 26 0 6 10 71
4 28 12 43 18 36 14 55 0 22 17 8 2 61 6 35 15 73 13 67 5 94 1 16 10 75 19 22 8 1 7 30 16 65 9 53 11 90 3 32
13 71 10 83 3 79 16 9 6 9 8 29 0 4 11 40 4 73 18 59 7 76 1 92 2 35 9 88 5 21 19 1 12 98 15 22 14 31 17 86
0 24 12 19 17 89 18 61 7 43 4 83 1 45 3 41 5 89 10 17 8 62 19 40 14 38 13 54 2 76 15 30 6 33 9 10 16 65 11 53
3 24 9 50 15 16 1 62 7 67 18 15 16 59 12 90 8 34 0 77 2 51 11 53 4 19 17 44 14 21 13 12 10 19 5 54 6 44 19 57
11 57 18 55 19 48 9 77 16 46 1 49 2 68 4 5 12 3 8 38 15 1 14 46 5 70 13 73 17 12 6 69 10 32 3 58 0 45 7 25
13 71 14 53 0 50 7 4 19 6 9 75 5 38 18 97 10 21 8 97 2 76 15 7 3 16 16 73 11 53 1 8 17 85 12 15 4 93 6 90
9 45 10 13 13 84 14 99 15 1 4 64 5 20 6 65 16 43 1 59 11 38 2 74 7 7 0 33 3 97 17 40 18 34 8 12 12 3 19 49
11 82 17 12 16 96 13 23 12 42 19 13 18 94 10 46 3 84 14 88 7 62 6 70 1 76 2 24 0 38 4 11 8 68 15 19 5 90 9 70
10 65 9 87 16 25 1 80 5 98 17 63 12 24 19 67 0 74 18 39 14 73 15 57 13 13 4 82 7 74 11 38 2 27 3 98 8 84 6 22
7 84 14 46 1 9 18 99 5 36 3 53 10 27 9 86 4 72 12 85 11 9 13 19 15 95 2 71 16 38 6 67 19 76 0 64 17 54 8 94
18 47 15 75 0 4 10 77 7 5 14 35 5 73 12 4 8 42 1 69 19 98 2 39 16 6 6 25 11 52 17 15 4 68 3 42 9 41 13 35
5 97 12 32 3 90 7 66 15 1 19 43 9 88 11 80 0 69 18 47 2 52 6 98 16 97 10 10 14 63 4 42 13 76 8 53 1 77 17 14
19 36 4 37 9 55 15 46 11 6 13 11 6 84 5 22 8 34 2 59 7 37 1 65 12 19 3 22 0 81 17 81 10 69 18 54 14 39 16 86
10 42 17 33 16 63 0 88 8 56 15 21 2 86 1 28 13 41 11 90 5 90 12 41 6 40 14 75 19 57 7 81 3 97 18 65 4 24 9 14
16 7 7 17 11 45 2 41 15 68 13 52 6 85 3 46 17 28 14 14 10 55 18 11 8 94 1 11 5 64 0 49 9 41 12 61 19 35 4 48
18 89 14 43 2 39 4 7 0 3 8 4 19 69 9 90 3 57 7 97 15 37 5 81 1 38 17 21 13 16 6 13 16 31 11 87 12 24 10 4
11 38 9 69 5 95 17 93 0 53 3 27 1 28 8 27 7 89 2 27 13 69 10 23 15 27 19 95 14 13 16 58 6 82 12 62 18 94 4 20
7 84 13 29 4 84 18 55 0 96 11 41 19 30 3 89 16 80 6 73 12 88 5 47 8 3 17 43 1 63 9 89 14 79 10 48 2 8 15 71
8 5 10 40 3 84 16 78 4 42 15 17 19 64 1 82 9 88 12 37 2 85 11 36 17 59 0 47 6 79 13 80 7 42 5 38 14 18 18 96
17 10 15 18 4 65 3 75 7 1 18 97 8 26 11 42 5 15 9 22 10 41 6 68 14 21 2 68 19 46 13 76 12 90 16 29 1 8 0 36
7 42 19 16 11 83 1 4 0 82 15 33 9 85 12 32 10 50 13 87 6 5 17 5 4 58 2 20 14 76 5 77 3 11 16 11 18 88 8 91
18 96 16 52 0 55 2 2 8 90 3 57 4 14 7 22 9 6 14 95 1 90 17 88 5 37 12 9 6 51 15 70 10 99 13 28 11 22 19 8
2 26 8 1 5 63 14 77 10 82 7 76 12 10 16 48 11 29 3 83 0 70 6 41 17 45 1 10 18 29 9 15 13 65 15 88 4 76 19 17
9 68 13 77 14 64 17 3 12 92 4 13 3 99 11 14 10 38 2 15 16 92 7 96 1 98 6 43 18 42 8 56 0 35 19 9 15 18 5 46
0 34 14 96 4 89 1 26 13 10 6 95 19 41 8 54 12 91 5 47 11 40 16 68 10 15 9 40 18 4 2 69 15 16 3 38 17 22 7 10
6 72 4 5 3 92 8 98 0 24 12 97 14 20 10 72 1 27 11 64 2 77 16 93 17 67 15 72 19 20 5 28 9 44 13 94 18 83 7 50
7 92 4 61 10 84 17 3 5 27 0 57 11 61 3 71 15 72 19 94 16 26 12 1 1 35 8 51 13 6 2 29 14 68 9 38 18 76 6 71
3 75 14 44 12 8 8 43 9 53 5 61 18 72 2 45 15 71 7 86 4 86 0 33 10 44 19 34 11 65 17 71 13 27 6 1 1 61 16 89
2 57 3 33 19 73 9 78 6 59 7 64 11 37 17 65 12 99 8 79 1 1 14 44 18 74 4 5 0 19 5 89 13 43 15 3 16 10 10 93
11 81 15 18 5 71 6 88 18 80 13 47 19 72 16 51 2 6 10 57 8 64 17 85 9 93 3 41 14 3 4 8 1 31 0 80 7 21 12 3
11 40 15 23 4 16 2 58 10 42 3 93 0 32 19 29 8 35 9 69 5 65 1 61 16 33 18 90 13 43 12 39 14 30 7 10 6 83 17 57
11 57 19 51 15 3 0 96 7 91 10 16 3 4 17 8 16 28 6 52 2 35 4 57 8 9 9 49 12 2 18 41 5 6 13 74 1 17 14 71
6 16 1 90 5 22 11 88 19 76 14 24 18 91 3 31 15 38 0 26 17 91 8 13 13 33 9 92 4 42 12 97 16 57 7 54 10 11 2 36
4 19 1 8 0 15 19 32 15 5 13 53 18 70 7 25 16 44 11 48 12 20 2 75 17 42 9 69 5 55 8 63 3 80 10 49 6 29 14 18
2 53 18 39 1 47 19 96 9 14 11 9 16 16 13 8 15 30 5 84 3 57 12 57 6 18 0 15 10 55 8 3 14 82 4 38 17 74 7 30
15 60 8 10 16 74 5 86 12 6 17 48 7 85 3 47 11 2 1 45 2 66 19 19 13 29 0 49 10 72 18 41 4 37 14 58 9 80 6 61
5 10 1 58 0 98 19 96 13 26 12 23 4 76 14 88 11 51 6 20 8 30 18 84 10 90 16 65 7 48 3 69 15 51 2 99 17 35 9 57
12 3 10 46 0 82 8 48 18 18 5 28 9 58 3 11 15 73 1 60 13 98 17 76 6 18 2 49 19 30 16 17 4 53 11 97 7 2 14 16
17 69 2 69 10 64 6 10 1 78 18 15 4 90 3 6 8 62 7 90 16 54 9 79 11 80 19 3 5 61 0 87 15 74 14 22 13 77 12 12
2 73 7 82 9 19 10 7 12 23 13 26 19 14 4 48 11 62 0 44 5 65 18 65 3 70 1 55 8 34 15 3 6 28 14 68 17 13 16 73
4 8 16 50 5 69 10 58 1 74 14 85 0 39 9 40 18 48 3 60 17 36 8 28 19 23 11 65 15 21 6 26 2 30 12 2 13 34 7 87
18 36 14 98 5 90 9 20 12 24 19 91 3 74 15 21 10 19 0 16 1 52 11 46 16 96 17 97 4 29 13 37 7 64 8 53 2 77 6 71
0 97 15 83 14 60 8 8 2 14 1 38 13 16 7 39 9 88 19 80 12 94 16 93 5 57 18 49 3 83 4 32 6 77 10 44 17 59 11 87
11 93 13 26 19 1 10 44 3 66 7 83 9 21 0 7 8 95 17 45 14 61 5 3 4 59 1 37 15 92 18 1 16 82 2 46 6 64 12 84
7 72 4 3 15 71 3 45 6 49 16 52 9 47 10 99 1 22 13 25 14 58 5 66 11 81 2 21 12 87 8 21 19 21 18 36 0 10 17 8
5 81 7 25 0 35 12 98 19 86 4 31 1 69 8 70 17 13 15 73 3 39 13 11 10 30 18 85 2 60 6 44 14 83 16 97 9 37 11 84
4 1 9 39 15 12 8 54 5 27 7 89 14 57 0 73 13 78 6 82 2 36 11 71 18 75 12 6 3 34 1 59 10 88 17 75 16 10 19 13
10 11 13 89 6 26 8 2 2 11 9 50 14 31 11 13 4 81 7 38 3 46 12 31 18 50 5 29 19 5 16 62 1 2 15 12 0 84 17 29
13 83 19 90 12 45 9 84 10 36 3 81 7 25 5 50 14 64 4 26 6 76 11 10 17 78 15 81 1 55 2 74 0 65 8 19 18 18 16 67
3 48 14 54 6 98 0 97 2 49 19 90 15 57 4 5 7 97 17 38 18 30 11 65 5 66 9 17 16 29 13 45 8 61 10 63 12 51 1 34
11 33 5 22 7 6 13 91 18 49 1 94 0 64 10 69 12 91 9 28 17 5 14 61 15 14 6 23 2 90 4 8 16 90 19 12 8 70 3 64
8 72 7 33 13 29 1 6 16 71 5 92 17 88 9 29 6 77 12 28 2 69 11 53 0 85 14 76 15 23 3 25 10 85 4 11 19 37 18 73
15 99 2 85 4 92 6 75 18 35 7 88 12 56 13 9 1 85 5 89 11 16 8 93 19 96 16 79 17 71 10 65 9 96 3 28 0 71 14 51
16 54 19 36 3 3 5 36 2 88 9 46 12 75 13 2 7 18 1 65 14 29 6 41 17 86 18 75 10 1 4 25 0 75 8 26 15 74 11 67
16 54 8 79 7 28 18 55 17 33 3 76 1 61 5 64 10 54 2 3 9 93 15 47 19 12 14 53 6 33 11 39 0 85 12 80 13 97 4 4
5 44 13 21 18 79 15 95 7 96 17 79 6 48 1 88 4 4 10 27 9 44 8 83 11 11 3 90 0 94 12 72 2 96 16 87 14 70 19 63
0 83 11 20 8 24 3 82 9 78 13 96 17 62 10 93 1 25 6 36 18 17 15 94 5 86 12 15 7 47 16 53 14 97 19 96 4 93 2 8
0 35 16 93 1 93 12 31 8 84 7 21 3 96 19 98 9 49 14 78 13 95 5 86 10 74 15 58 18 45 17 4 2 89 6 33 4 73 11 35
6 51 12 39 5 72 7 65 3 73 0 30 11 77 14 46 19 31 16 74 4 68 18 95 1 11 2 29 13 44 10 51 9 83 17 86 15 58 8 27
1 81 0 11 14 45 4 50 15 98 5 40 17 26 6 43 18 55 8 4 11 34 12 67 2 37 9 36 16 53 19 53 3 31 7 58 13 97 10 47
19 11 3 83 17 42 11 14 16 78 18 48 0 6 10 30 13 84 7 29 9 21 12 65 6 61 1 40 4 25 8 21 2 3 5 35 15 59 14 19
2 68 18 3 0 73 7 89 17 77 3 98 12 13 13 22 1 54 4 29 19 7 16 38 10 69 8 59 5 90 6 97 11 2 9 9 15 97 14 85
17 38 0 55 7 38 8 54 11 1 3 70 12 63 10 27 6 88 1 18 14 62 2 37 13 5 19 29 5 25 16 74 15 79 4 80 18 1 9 85
15 12 2 43 8 81 10 64 5 71 14 2 13 84 6 40 9 39 3 34 17 33 4 40 7 92 1 85 16 91 12 28 19 77 11 58 18 6 0 14
10 10 6 36 16 92 8 29 11 45 15 97 13 77 4 22 3 95 12 45 18 58 2 65 19 4 1 64 14 8 9 99 0 30 7 89 17 44 5 61
0 77 18 33 12 58 14 75 2 13 11 48 10 83 4 66 3 51 7 94 8 2 1 40 17 56 15 59 19 35 6 33 5 60 13 43 16 23 9 78
0 43 11 85 19 75 9 80 15 9 12 88 3 24 17 30 2 75 13 37 14 74 8 28 6 65 18 23 10 58 5 51 7 47 4 68 1 7 16 99
10 28 3 74 9 34 16 34 0 53 6 87 2 96 7 55 18 39 8 36 17 72 13 87 4 60 1 81 15 88 5 88 11 63 12 11 14 19 19 28
18 10 16 58 11 25 15 36 6 42 19 91 2 69 9 23 10 60 13 85 3 22 7 56 4 80 5 88 1 20 8 18 14 30 0 63 17 30 12 93
0 71 9 54 11 94 5 64 10 31 2 46 6 8 7 93 1 29 18 57 8 69 17 85 15 5 3 40 16 9 4 39 12 16 13 22 19 77 14 6
18 63 6 42 16 32 19 63 13 18 0 50 1 12 9 25 2 53 10 56 3 53 17 65 15 99 5 15 7 35 4 57 14 7 8 59 11 12 12 44
1 68 9 60 12 38 7 57 13 64 3 2 4 63 6 10 16 88 15 13 18 15 17 45 8 62 2 78 11 44 0 24 19 31 14 66 5 30 10 74
0 31 13 77 1 17 16 37 3 6 5 3 17 34 4 51 6 35 10 97 15 30 14 95 19 79 18 89 11 30 9 47 7 26 2 6 8 23 12 36
15 78 2 70 1 8 18 8 10 86 12 59 19 72 4 97 5 76 9 61 17 19 8 17 0 92 13 92 6 79 3 75 7 2 11 73 16 38 14 13
15 9 12 33 9 69 16 3 17 67 10 38 4 29 7 31 19 1 13 98 3 76 8 2 5 71 11 18 6 71 0 20 1 42 18 77 2 21 14 95
15 57 13 36 19 34 11 37 5 92 2 66 6 73 1 80 12 68 9 92 4 21 10 1 0 18 3 77 8 10 16 33 17 25 7 37 18 51 14 29
6 88 1 83 2 93 16 48 13 31 0 37 14 83 4 15 10 3 8 65 5 25 19 8 9 45 3 94 12 92 15 65 17 40 11 25 18 34 7 67
15 70 13 4 9 23 19 92 12 67 8 94 10 68 1 8 3 63 11 93 0 80 14 10 17 76 18 52 7 25 4 33 16 5 5 6 2 45 6 21
2 24 11 51 13 79 0 68 10 91 1 31 3 58 8 66 6 88 19 29 17 66 7 39 5 35 4 54 18 28 12 61 14 1 16 15 15 47 9 94
15 73 13 71 4 68 19 5 11 9 5 56 17 39 9 83 8 55 3 68 1 47 14 92 18 19 6 62 7 44 16 85 10 3 2 59 12 94 0 24
10 18 12 23 5 76 0 17 17 79 8 36 1 43 3 50 18 78 4 2 19 36 6 77 7 26 16 18 2 79 13 63 11 80 9 19 14 83 15 73
10 75 6 44 13 78 2 90 1 36 5 16 7 88 19 88 0 25 9 92 4 57 11 75 15 55 3 54 18 72 14 59 12 63 8 39 17 77 16 84
14 82 0 99 1 64 16 26 19 87 5 21 17 30 11 3 13 80 10 23 12 51 6 25 4 48 9 29 18 71 8 66 7 20 15 51 2 23 3 24
8 32 15 20 13 96 10 3 17 73 14 86 5 41 16 23 4 90 7 13 19 62 12 9 6 3 3 36 0 88 1 97 18 19 11 61 2 13 9 62
16 67 9 44 10 17 6 8 19 23 2 90 5 55 17 47 18 83 0 60 15 76 3 49 4 26 11 28 12 18 7 6 14 57 1 6 8 57 13 24
0 58 2 27 12 2 1 1 6 75 9 34 18 31 11 86 15 32 16 37 19 74 13 33 10 50 3 47 4 43 17 66 14 69 8 95 7 71 5 4
15 33 0 11 8 15 11 92 19 42 17 10 6 16 14 48 5 97 12 4 10 41 1 5 2 95 13 49 3 77 7 11 16 31 18 38 4 38 9 67
12 91 7 13 15 93 8 6 17 17 3 63 6 51 0 80 1 3 16 96 19 63 13 48 9 29 18 25 14 38 11 96 5 88 4 35 10 86 2 64
10 17 15 51 19 48 13 96 16 51 12 16 14 6 9 69 0 75 2 85 6 85 18 34 5 18 17 44 1 48 4 74 3 78 7 79 8 35 11 21
17 3 4 57 13 51 3 46 0 70 10 59 16 32 15 14 5 90 6 62 18 23 9 56 14 3 7 26 12 68 19 27 11 19 1 53 2 58 8 49
17 28 8 92 2 42 13 88 0 8 14 41 7 72 10 2 1 1 15 58 11 77 12 86 18 28 3 59 16 63 19 69 9 10 5 19 6 58 4 23
5 81 6 39 7 98 13 90 15 22 8 10 9 8 17 94 16 90 14 90 12 89 4 83 10 55 19 97 1 61 3 6 2 57 18 29 0 12 11 8
12 4 4 4 7 49 16 42 15 45 8 49 2 8 6 31 17 67 18 44 1 48 13 82 10 18 19 31 14 68 9 61 0 97 11 97 3 45 5 85
11 26 19 70 8 36 14 71 18 23 13 94 0 55 4 18 16 65 2 62 1 95 9 5 5 6 7 27 12 15 6 41 17 65 10 31 3 4 15 85
4 70 19 41 10 31 3 73 1 72 5 9 12 94 2 81 7 73 0 27 8 2 9 93 16 37 17 26 13 36 15 25 14 21 6 15 18 50 11 6
