100 20
17 2 10 26 0 69 18 15 5 65 4 98 19 64 6 29 9 15 14 39 8 54 1 94 15 37 12 22 16 40 2 17 13 62 3 85 7 17 11 70
4 98 2 4 7 70 8 56 1 42 12 99 11 40 13 19 5 41 10 25 0 64 17 18 6 12 18 36 9 59 14 61 19 77 3 19 16 61 15 34
10 76 9 35 13 57 15 40 6 31 7 55 14 9 4 83 11 40 5 4 17 73 1 21 3 87 12 23 19 90 2 61 18 4 8 90 16 96 0 47
4 88 5 98 18 57 6 81 9 25 0 41 16 66 8 59 14 61 3 90 10 28 17 86 15 99 2 83 13 65 12 1 1 44 11 1 19 54 7 8
16 95 15 1 18 85 14 43 3 90 4 18 8 48 1 57 0 44 13 20 19 59 9 58 7 52 17 3 12 48 11 61 10 60 2 43 6 15 5 9
17 93 15 93 18 93 11 30 13 13 7 24 12 16 16 46 4 99 19 27 6 72 9 62 2 79 10 86 5 11 0 85 8 41 1 71 14 58 3 20
9 83 13 7 17 1 1 53 10 41 8 4 14 36 7 2 3 52 6 38 12 46 5 68 4 50 15 77 16 19 0 32 11 20 19 79 18 39 2 28
18 5 10 3 13 68 7 42 12 14 11 77 9 11 5 57 8 8 1 19 6 80 16 48 14 53 0 24 17 29 15 43 3 74 4 37 2 38 19 70
2 12 7 70 18 26 4 72 5 3 11 69 10 35 0 60 1 35 19 84 8 77 14 20 9 9 15 23 16 9 17 44 3 30 12 64 6 73 13 87
16 80 4 33 3 85 18 76 6 66 14 69 15 92 1 70 19 1 8 90 11 44 5 54 9 75 7 4 13 73 17 65 2 46 12 65 10 63 0 8
3 51 4 94 18 65 16 41 1 1 2 80 13 33 5 24 8 83 10 65 17 36 6 69 7 95 15 27 14 89 0 84 19 68 9 77 11 49 12 15
7 66 10 40 19 68 15 4 16 57 17 44 13 80 14 75 4 59 0 44 12 40 9 52 3 46 18 83 8 51 2 18 1 9 5 54 11 17 6 66
4 8 18 26 3 83 13 42 7 57 9 92 6 66 10 96 16 22 15 74 19 86 12 60 2 86 11 55 17 61 14 56 0 33 8 77 1 87 5 84
3 6 18 20 8 20 9 42 1 2 10 45 19 50 17 87 11 72 15 51 13 27 12 32 6 79 4 6 14 21 0 18 16 50 5 37 7 12 2 32
10 42 9 72 6 4 0 18 15 58 11 18 4 23 19 60 7 94 18 75 12 33 2 61 5 48 14 91 8 56 17 13 16 3 3 1 1 96 13 65
12 78 9 55 1 53 6 85 5 91 7 83 16 48 8 76 15 11 4 78 0 4 17 46 14 6 11 80 13 97 18 73 3 21 2 21 19 98 10 60
5 7 0 51 16 39 9 99 15 3 13 63 8 49 3 38 4 35 14 51 2 90 19 77 12 23 1 82 18 58 10 22 11 74 6 66 17 61 7 30
6 36 0 64 19 35 3 36 2 83 15 78 7 84 4 11 14 42 1 14 13 32 9 89 8 38 17 98 18 56 10 61 12 34 16 25 5 97 11 89
14 20 13 65 5 26 15 2 7 64 12 15 19 23 10 94 9 14 18 75 3 21 17 78 0 79 2 98 8 2 16 45 1 64 11 23 6 32 4 90
17 39 0 47 15 6 6 6 10 46 13 22 4 83 2 32 19 84 8 69 5 99 1 90 16 20 11 37 3 10 14 30 18 35 12 62 9 18 7 12
11 41 6 11 8 57 4 42 14 93 17 94 15 97 18 28 7 58 13 76 0 7 16 42 9 51 12 93 5 61 19 76 2 16 10 95 3 70 1 73
18 91 9 86 7 31 11 49 16 7 14 94 19 62 3 66 2 5 17 75 5 3 10 5 6 58 12 47 4 53 13 34 0 39 15 21 8 96 1 80
19 41 14 25 9 32 13 12 0 76 4 55 5 37 10 99 8 93 16 73 12 5 15 24 11 49 3 54 1 95 6 58 7 20 2 30 17 58 18 57
16 54 7 79 17 3 8 80 14 93 9 33 13 6 18 86 0 26 19 93 5 91 6 32 1 51 3 90 11 88 12 50 10 18 15 39 4 56 2 28
9 55 15 45 10 92 8 36 11 74 3 6 13 53 4 61 16 26 12 31 0 44 6 71 14 25 18 90 5 85 7 70 17 53 19 38 2 59 1 4
13 58 14 56 19 99 6 54 16 88 18 13 4 99 2 42 9 11 3 99 8 98 17 6 12 3 7 11 1 62 10 21 0 6 15 16 11 63 5 16
3 79 7 3 0 22 1 46 11 27 12 79 5 75 9 91 17 26 14 87 8 23 10 68 15 93 13 45 2 47 18 15 19 96 16 85 6 23 4 89
8 77 6 55 19 20 16 15 11 83 15 60 5 35 14 98 12 19 1 34 17 67 10 17 13 11 9 93 4 67 3 68 7 21 2 79 18 7 0 74
10 18 3 60 9 59 0 78 15 96 7 30 17 39 2 12 13 21 12 37 16 48 5 48 4 39 1 97 11 41 18 22 14 95 8 80 19 46 6 55
15 84 17 36 11 24 6 4 4 48 16 8 2 1 14 58 5 38 0 8 9 79 12 66 1 18 18 27 8 42 3 47 13 3 7 54 19 35 10 70
11 78 6 87 14 36 2 90 19 49 0 57 4 60 9 92 8 51 10 31 17 14 1 52 5 57 16 36 3 89 15 99 7 17 13 7 12 14 18 25
0 96 19 58 2 55 1 94 6 31 16 51 10 83 9 5 15 59 3 70 14 99 8 90 18 54 5 6 13 12 12 16 7 30 17 39 4 78 11 14
15 2 19 19 4 14 12 51 5 18 11 44 1 79 10 20 16 28 2 48 0 57 3 49 6 35 13 67 17 84 7 88 14 71 9 20 8 87 18 26
18 71 13 82 16 88 15 33 6 8 3 53 14 85 1 27 0 81 9 29 5 32 7 5 17 31 8 87 12 63 2 27 11 86 4 63 10 83 19 64
2 54 17 88 14 17 19 71 13 1 8 1 16 56 1 71 7 67 4 11 15 34 18 22 10 56 11 8 0 51 12 34 9 56 3 81 5 29 6 79
0 32 2 16 16 78 8 45 13 29 6 58 17 61 15 92 11 64 3 1 1 41 14 25 9 29 12 1 4 87 7 73 19 80 10 66 5 13 18 3
14 34 10 45 5 2 1 60 13 45 18 41 2 22 4 62 6 48 9 38 3 27 8 93 19 82 7 33 17 70 11 48 15 58 16 25 12 32 0 2
19 42 15 41 4 13 5 1 6 58 3 19 1 74 12 60 14 38 17 76 0 95 16 31 2 72 18 89 7 26 11 99 8 4 13 32 10 44 9 93
6 50 1 37 3 16 16 82 2 78 13 57 5 32 4 29 19 48 14 62 0 63 9 92 18 97 12 24 15 25 7 54 8 29 11 62 10 54 17 52
17 43 3 9 13 99 18 91 6 76 5 5 12 76 7 42 9 45 10 19 14 58 11 31 15 96 0 4 2 32 4 44 1 31 19 76 16 15 8 38
7 60 13 1 2 56 18 4 6 77 16 50 15 47 4 68 0 73 14 9 10 18 12 85 17 79 8 72 19 87 5 32 3 50 11 59 1 3 9 14
14 13 2 22 12 71 11 29 8 73 6 26 9 54 15 98 13 26 3 49 18 72 16 31 5 31 0 39 1 34 4 9 7 55 19 95 17 93 10 12
19 32 8 12 15 18 18 45 14 22 5 97 12 61 9 79 7 8 13 32 17 29 4 33 16 35 3 22 10 71 2 65 6 76 1 27 11 28 0 93
0 29 2 54 18 48 17 97 19 72 16 9 8 4 9 98 1 51 7 10 14 89 15 47 4 47 13 38 5 4 10 56 3 66 12 42 6 75 11 92
10 67 18 71 12 29 15 23 11 68 6 40 0 40 17 48 9 37 4 85 5 50 7 37 16 15 14 88 8 4 2 97 13 29 3 59 1 77 19 47
14 48 15 66 12 84 13 42 2 43 19 90 18 31 4 52 7 94 3 35 10 8 16 41 17 7 6 39 8 27 0 99 9 32 1 4 11 82 5 82
13 43 5 83 12 10 15 68 14 81 9 63 8 24 16 72 18 8 1 29 2 76 11 44 6 74 17 39 7 23 4 24 19 80 3 99 0 29 10 52
12 3 6 38 4 45 14 19 5 11 17 94 1 43 7 99 3 82 11 80 2 27 9 15 16 52 19 53 10 68 8 90 13 82 18 75 0 98 15 80
1 91 10 91 18 99 9 78 6 24 11 85 12 44 14 74 2 38 16 28 17 57 13 46 7 48 5 86 4 11 8 80 19 96 3 51 15 88 0 11
14 3 0 36 5 25 19 12 13 83 8 56 15 33 9 12 6 9 17 65 10 92 3 98 4 75 12 42 2 40 11 7 1 82 7 17 18 27 16 49
13 31 4 30 9 37 8 50 6 74 12 27 16 40 2 9 5 66 17 59 0 76 15 27 10 36 7 44 18 94 14 70 19 82 3 9 1 14 11 2
5 88 18 1 14 55 3 21 12 81 0 16 9 87 11 91 8 30 15 70 17 13 2 40 10 44 13 41 16 68 6 34 19 98 1 20 4 7 7 44
2 16 5 9 15 52 16 88 6 98 19 19 11 10 13 59 0 7 7 17 18 63 4 37 10 56 3 55 17 46 14 75 9 50 8 76 12 47 1 41
0 12 11 31 14 3 9 94 10 59 6 39 15 13 3 27 18 84 4 83 1 66 13 95 16 6 5 97 7 45 12 82 2 55 8 57 19 30 17 33
4 27 1 52 18 51 0 11 17 75 5 32 15 59 16 14 8 74 6 17 19 22 11 26 3 2 2 99 13 55 10 73 9 85 12 59 14 96 7 54
13 61 17 94 9 74 15 33 11 7 7 95 2 53 10 86 5 31 16 16 0 32 18 96 6 73 12 30 19 63 4 28 1 99 14 32 8 99 3 28
14 76 3 37 1 57 6 14 5 35 0 34 13 18 12 87 10 94 8 57 2 5 7 53 16 57 18 84 9 71 19 3 4 31 17 91 15 23 11 3
0 49 19 54 17 83 14 22 10 61 3 85 7 19 2 89 15 65 8 42 16 65 12 64 13 43 4 58 11 26 18 98 6 49 5 77 9 86 1 17
4 40 2 44 14 34 12 2 15 94 11 37 1 33 7 97 19 50 5 82 13 80 3 59 10 48 16 14 17 97 9 87 8 48 18 57 0 53 6 19
14 81 0 13 6 35 3 50 1 74 5 19 9 34 10 13 8 73 19 35 7 57 11 4 12 11 13 46 15 65 16 93 2 6 4 27 18 72 17 57
17 98 19 66 4 95 8 1 13 24 15 54 0 34 6 4 3 17 7 85 11 63 18 3 5 54 16 25 10 20 1 91 12 50 14 44 9 71 2 10
14 72 12 16 2 37 0 78 6 58 8 2 17 64 11 51 4 37 5 12 9 2 13 38 18 68 19 19 1 84 15 58 10 95 7 36 16 99 3 37
3 2 14 38 12 4 8 99 0 69 18 91 11 82 13 42 1 3 6 22 9 7 15 91 10 99 7 57 19 41 16 73 17 26 5 63 4 55 2 86
6 27 5 88 10 44 7 81 4 11 12 38 0 99 3 91 13 63 2 7 17 62 8 48 9 54 18 41 15 79 16 49 19 48 11 77 1 17 14 98
16 37 8 65 14 45 18 39 11 93 19 47 7 58 6 79 4 3 2 59 3 10 5 17 0 20 9 12 1 7 10 39 13 89 17 16 12 37 15 1
1 15 2 13 12 15 14 28 4 67 7 10 10 10 5 85 8 51 3 26 6 78 11 69 9 91 0 1 13 66 17 51 16 32 15 78 18 94 19 22
6 95 10 52 9 46 18 2 2 57 0 25 17 65 12 4 13 24 15 77 16 73 14 40 5 66 1 21 8 73 7 30 11 99 3 98 4 42 19 31
14 40 10 65 19 41 2 45 8 57 4 42 3 2 11 88 15 90 16 30 7 85 9 53 12 24 5 8 6 77 13 73 17 86 18 54 0 76 1 82
10 1 19 70 15 93 0 33 3 38 18 44 8 78 4 75 14 31 2 48 12 38 16 75 11 21 7 59 6 65 13 86 1 73 9 45 17 96 5 71
16 9 17 96 9 34 11 59 10 16 6 61 0 59 14 96 3 2 4 98 12 15 15 46 7 17 19 89 2 98 18 95 8 71 13 78 1 81 5 40
3 48 1 78 19 7 6 51 4 26 14 17 15 97 18 85 12 37 9 58 0 58 16 47 10 33 7 68 13 10 11 96 5 82 17 17 8 81 2 47
12 30 8 75 6 76 7 11 19 67 10 3 1 63 4 15 13 86 9 31 17 9 5 18 14 28 15 70 16 46 2 67 11 12 18 1 3 48 0 66
16 25 2 25 13 75 19 89 9 65 4 56 11 25 0 4 6 94 7 15 1 66 12 16 17 41 5 37 18 21 15 9 8 15 3 82 14 85 10 37
3 22 11 59 5 63 15 67 13 46 1 58 10 6 14 73 12 86 8 54 7 27 17 47 2 95 18 96 9 19 4 38 16 67 6 88 19 58 0 53
9 56 0 60 3 86 14 51 6 78 13 17 7 93 10 26 1 32 2 42 17 65 16 22 18 22 12 52 11 76 5 14 19 7 4 52 15 37 8 42
6 2 16 46 7 62 3 58 13 99 14 40 1 63 8 5 11 94 5 3 12 36 15 71 10 1 19 35 0 36 18 51 4 53 17 23 2 82 9 80
5 80 1 77 18 4 6 93 19 97 14 27 7 21 4 94 13 94 17 23 0 36 10 11 11 46 8 4 9 74 15 69 16 91 2 14 3 78 12 55
13 55 10 6 16 97 5 57 2 57 4 8 7 9 19 93 0 1 17 50 1 47 8 62 6 26 3 82 12 47 11 64 14 15 9 41 18 55 15 15
13 40 8 94 5 60 10 84 3 94 11 85 2 42 18 69 14 84 1 63 17 45 7 94 4 56 12 3 0 34 6 99 16 14 19 26 9 18 15 80
15 39 17 89 1 83 0 36 16 11 18 1 13 85 9 83 12 94 7 25 14 77 11 86 2 76 4 29 8 44 6 60 19 32 3 48 10 15 5 62
19 88 18 71 0 64 14 71 2 73 6 18 11 24 5 25 10 51 4 76 12 4 7 23 16 53 1 53 9 36 17 90 15 83 13 48 3 59 8 15
9 82 8 6 0 2 2 7 13 45 19 71 1 63 14 20 12 22 6 88 16 54 15 30 11 27 17 57 5 61 10 49 7 78 3 5 4 18 18 9
4 33 16 55 0 2 1 28 11 74 7 11 8 72 3 92 14 5 9 46 2 88 12 3 13 85 10 4 15 42 6 14 18 49 17 98 19 18 5 71
14 18 8 59 3 18 6 71 1 89 19 95 13 32 7 10 11 75 2 40 18 30 15 5 5 54 9 34 17 89 12 13 16 12 0 14 10 87 4 67
7 79 5 96 8 6 12 43 18 61 2 5 11 9 13 17 19 82 6 35 16 28 0 6 17 82 9 87 1 35 10 55 3 10 4 74 15 62 14 93
5 57 8 48 4 69 19 76 16 70 13 99 14 92 10 44 6 4 17 9 1 53 7 98 2 89 0 13 11 19 18 29 12 91 3 77 9 45 15 28
0 61 15 81 19 28 10 65 13 77 9 36 2 36 11 74 16 59 6 14 18 39 5 79 17 68 7 91 14 69 12 98 3 14 4 7 8 39 1 17
5 69 0 98 18 14 9 98 8 99 19 26 17 22 6 2 4 11 10 63 14 21 13 5 1 61 7 82 12 82 16 75 11 24 15 9 3 69 2 7
18 97 1 11 5 88 6 11 19 73 0 40 13 82 7 42 15 90 17 54 12 28 10 59 2 40 4 47 11 78 8 22 14 44 3 6 16 18 9 60
0 5 11 64 16 50 19 72 1 17 15 23 5 72 7 2 13 25 6 17 10 1 2 11 14 1 12 32 18 75 9 71 3 30 4 62 17 87 8 96
16 32 18 89 11 99 12 33 3 30 17 82 1 74 8 42 15 3 5 53 9 55 19 14 4 52 6 47 14 25 2 18 0 26 13 48 7 80 10 36
4 32 16 80 18 82 8 38 2 53 1 90 19 53 3 56 12 42 17 95 10 25 13 78 15 52 14 38 11 16 6 36 9 2 7 15 0 67 5 51
18 23 15 16 3 23 4 68 11 95 8 43 14 39 0 96 9 95 10 76 16 41 1 17 13 66 12 91 5 24 2 51 17 89 7 11 6 8 19 8
2 20 16 88 6 80 17 87 13 6 4 40 5 40 19 96 12 89 14 72 0 93 1 33 15 4 11 54 3 34 8 25 9 94 7 23 18 47 10 35
8 84 10 80 7 97 18 5 6 79 16 69 11 50 3 76 19 27 1 31 14 8 15 31 5 24 13 47 17 41 12 88 2 68 0 62 9 97 4 46
7 62 9 86 10 41 11 64 16 42 12 20 5 84 4 98 15 86 18 87 3 91 2 33 6 62 1 27 8 95 13 39 14 70 17 84 19 66 0 20
7 9 6 39 8 47 4 81 0 42 9 57 5 16 14 94 16 31 19 65 11 88 18 79 13 42 15 51 12 15 2 17 10 98 1 91 17 16 3 49
2 53 17 91 13 20 19 60 3 23 14 7 8 18 1 78 7 50 0 18 12 27 5 75 15 66 11 30 6 30 9 54 4 15 18 38 16 26 10 89
16 40 14 40 3 16 2 19 5 76 18 65 17 70 8 72 11 76 0 3 6 46 1 96 10 20 15 8 7 16 13 93 19 48 12 35 4 48 9 35
18 89 9 32 2 22 7 19 3 77 12 11 6 85 4 88 13 48 10 13 1 75 14 87 0 15 15 65 17 29 11 98 8 79 5 42 16 60 19 97
