100 20
3 57 14 44 17 78 13 38 9 60 11 10 8 57 4 33 0 52 10 73 6 21 7 98 16 43 2 83 15 12 5 79 12 30 19 8 18 50 1 37
0 72 19 49 14 84 3 98 12 55 4 37 7 22 18 90 16 81 15 48 6 10 17 91 5 80 8 99 11 51 13 61 9 2 1 53 10 56 2 12
5 3 11 42 1 72 9 75 18 97 16 94 7 30 10 20 3 52 15 69 13 34 0 19 14 92 12 85 8 78 17 30 19 41 2 53 6 59 4 29
19 97 7 56 17 54 9 7 14 35 5 35 13 10 6 79 3 12 16 9 2 97 12 78 8 58 15 3 10 8 11 98 0 78 4 56 18 14 1 73
15 17 1 6 12 88 16 4 10 54 14 76 2 80 4 58 3 4 6 61 9 82 8 47 17 41 7 8 0 95 13 71 5 82 11 16 18 64 19 33
15 40 6 73 5 33 14 53 2 62 13 30 19 98 9 94 1 12 7 80 3 91 10 51 8 98 16 58 17 91 12 43 18 49 0 95 11 53 4 88
6 43 17 63 1 82 13 80 4 12 12 81 3 59 8 3 11 64 16 12 15 65 5 40 18 90 7 98 10 43 2 14 14 52 9 74 0 96 19 89
10 82 13 82 19 38 4 79 3 13 2 2 6 92 8 36 12 72 17 97 1 31 0 82 5 10 18 43 14 56 11 42 15 26 7 12 9 90 16 67
19 57 0 45 6 58 13 25 10 19 14 86 1 97 16 78 4 38 8 22 17 95 15 16 11 80 2 35 5 63 7 36 3 60 18 30 9 75 12 59
6 12 4 35 18 59 15 43 9 66 10 77 1 10 14 72 0 54 7 83 2 85 19 92 11 66 17 32 3 98 13 35 12 81 16 52 5 21 8 28
16 9 3 61 6 83 4 93 18 15 1 23 15 52 14 81 9 16 17 98 12 1 5 90 0 3 7 13 2 34 8 91 11 11 10 41 13 23 19 29
14 7 4 17 19 38 9 32 5 37 3 24 2 30 10 26 8 30 18 29 17 52 15 33 6 29 13 66 1 54 12 32 11 90 16 54 7 66 0 3
10 79 15 16 17 96 18 27 13 38 0 49 5 12 14 24 12 57 9 65 1 58 8 36 19 38 6 26 3 7 2 44 4 86 11 52 7 34 16 88
17 67 6 33 15 83 12 33 10 91 18 57 0 82 3 60 11 19 5 84 1 42 2 73 9 76 13 17 16 57 14 60 4 34 19 44 7 37 8 15
13 91 1 49 7 16 2 26 12 61 0 35 18 87 19 30 9 78 6 29 5 26 8 33 11 14 4 55 14 17 16 22 10 65 3 75 17 43 15 67
13 77 12 94 16 14 2 77 3 26 19 55 5 11 18 29 8 51 1 47 0 63 17 33 9 10 6 34 4 40 15 54 14 27 10 23 11 72 7 32
11 26 8 9 13 51 1 10 18 79 14 47 0 22 3 99 5 95 10 95 6 81 12 54 15 92 19 97 2 46 16 88 9 64 4 8 17 41 7 17
15 42 2 75 9 66 8 52 6 11 19 28 4 15 18 84 7 58 0 72 17 63 5 14 1 2 10 44 14 33 11 75 16 47 3 38 12 41 13 79
4 2 19 45 15 51 7 35 18 36 10 85 13 51 17 23 12 2 14 31 0 31 9 45 16 90 5 64 8 6 6 75 2 17 3 88 11 55 1 25
9 67 16 37 1 87 19 76 12 95 4 3 15 6 17 22 0 16 13 81 3 9 8 19 18 33 5 66 2 4 14 72 11 97 7 91 10 65 6 8
9 25 4 15 12 55 7 76 11 95 10 37 19 55 8 75 18 97 5 58 17 24 15 29 6 13 1 72 3 66 0 97 14 79 13 79 16 50 2 92
15 80 14 15 10 29 9 84 13 80 5 4 17 89 8 19 12 28 0 32 11 88 19 52 1 70 18 76 7 31 6 5 3 22 16 48 2 17 4 81
14 31 11 98 16 61 3 83 13 94 8 61 5 82 7 31 9 73 12 26 4 3 2 35 19 92 6 1 1 33 18 12 17 98 15 69 0 93 10 46
3 62 18 55 17 29 9 39 2 65 0 97 16 86 1 57 13 10 8 97 5 21 7 69 11 66 19 65 6 42 15 71 4 51 12 64 14 82 10 47
10 39 11 14 17 18 18 5 4 37 15 16 6 89 0 77 12 27 1 53 13 31 16 53 5 6 14 55 9 84 2 22 3 30 7 94 19 58 8 32
3 70 18 11 13 36 10 17 4 23 7 88 2 43 15 86 16 34 14 85 1 93 0 61 5 15 9 39 11 14 19 38 12 23 17 19 8 85 6 42
1 89 8 22 18 26 16 29 5 96 17 99 13 41 9 52 7 37 6 20 14 46 0 50 19 16 12 33 4 60 3 97 2 30 15 15 10 14 11 15
10 24 11 53 15 36 8 93 9 92 1 4 2 11 7 93 13 75 0 23 19 83 16 6 17 5 14 98 12 76 4 97 5 37 6 60 3 79 18 47
12 7 19 83 1 66 15 45 17 22 0 6 8 53 11 63 14 58 9 46 10 63 7 74 5 57 13 98 4 86 16 91 3 69 2 18 18 99 6 81
7 25 12 75 17 99 6 96 11 25 19 18 9 65 3 49 1 78 5 83 15 43 16 37 13 55 14 20 4 63 0 53 2 9 10 57 8 55 18 86
9 33 14 8 16 14 7 46 3 97 17 72 19 96 12 60 6 76 11 50 2 85 18 21 10 87 5 95 4 99 8 52 15 7 0 5 1 28 13 38
7 20 13 18 14 73 16 82 8 50 19 42 9 38 3 50 12 24 1 80 0 11 10 51 4 78 5 17 17 52 15 94 18 99 2 97 11 4 6 77
15 6 5 55 11 64 7 14 16 3 19 29 3 76 14 86 6 50 17 71 10 46 1 7 12 8 13 14 9 11 8 32 2 30 4 56 18 76 0 27
7 54 16 55 0 81 13 69 9 26 6 66 5 95 12 8 4 45 14 73 10 43 1 46 11 2 17 45 2 42 15 17 19 88 3 46 8 72 18 57
7 26 2 99 0 84 1 34 6 67 16 31 4 4 18 1 10 80 14 1 13 93 15 12 5 4 17 72 3 39 11 12 9 44 19 42 8 11 12 98
2 17 1 89 10 57 16 48 11 80 8 28 5 71 0 17 12 91 4 66 18 15 19 23 9 47 14 86 6 63 13 75 7 51 15 88 3 53 17 1
1 56 12 90 14 77 17 95 11 46 2 84 15 46 0 61 3 16 9 61 8 41 13 17 4 59 19 60 5 99 7 68 6 48 18 60 16 37 10 71
16 35 10 85 13 11 14 68 8 82 12 84 7 50 17 7 15 80 4 58 1 63 9 11 2 87 6 69 18 76 11 3 5 74 3 51 0 95 19 37
6 79 14 79 19 94 7 60 3 37 5 1 15 53 16 41 11 81 9 35 0 85 18 66 17 61 1 6 8 17 10 68 12 85 13 81 2 40 4 65
18 97 7 10 13 39 15 33 0 40 4 36 17 94 5 27 3 38 9 34 16 85 6 26 14 47 2 84 19 22 1 39 10 65 8 44 11 82 12 21
4 94 19 9 17 44 1 7 15 32 5 94 18 68 16 17 12 56 3 64 14 95 2 4 7 28 11 20 13 52 6 53 0 28 8 81 10 52 9 12
9 24 11 68 10 93 18 64 4 63 15 23 7 73 8 69 1 4 3 82 14 26 12 94 16 51 13 47 17 41 19 45 6 78 5 67 0 77 2 85
15 79 11 27 19 74 5 47 18 85 7 52 17 80 4 66 14 93 8 83 2 39 10 71 16 16 1 62 6 25 3 49 9 69 0 97 12 40 13 65
12 94 7 44 6 79 15 46 5 68 0 30 14 46 4 91 16 12 8 30 18 41 3 3 2 6 13 8 17 7 1 69 10 67 11 87 9 56 19 48
18 39 8 56 15 68 16 21 7 52 5 34 3 28 4 29 9 48 10 85 17 8 0 76 19 84 11 9 13 31 14 29 1 13 6 71 2 23 12 80
4 50 16 46 12 85 9 23 18 32 14 82 11 15 1 1 3 63 17 88 19 8 13 52 6 78 7 55 10 68 0 94 8 98 15 40 5 51 2 57
12 44 2 73 6 28 18 84 19 75 16 58 17 91 13 21 3 27 4 43 9 32 7 62 10 89 0 92 14 56 5 54 11 31 15 91 1 56 8 69
9 1 15 20 16 97 13 24 6 89 1 99 8 3 2 5 18 99 3 64 4 62 19 90 10 74 0 45 14 66 17 20 7 23 5 39 12 22 11 41
14 1 18 20 8 51 1 98 13 11 11 25 10 9 12 77 17 56 4 81 9 20 0 10 2 1 19 65 7 47 6 37 15 94 5 43 3 80 16 45
6 15 19 3 10 47 9 78 3 69 14 55 8 40 4 31 13 91 12 52 5 53 2 42 7 47 17 77 15 13 11 49 16 11 0 62 18 31 1 18
13 10 9 48 7 41 15 32 18 30 2 87 19 80 0 97 4 77 1 77 12 12 6 88 10 30 17 67 8 88 11 68 3 96 14 6 16 81 5 84
15 24 12 7 16 11 19 83 5 44 14 27 9 70 4 2 1 79 0 42 8 64 11 23 3 40 10 23 7 18 2 67 17 89 13 48 18 4 6 33
5 68 17 62 15 41 4 88 12 68 2 22 14 85 1 23 18 71 19 11 0 66 13 45 9 41 11 69 16 27 10 42 3 85 7 83 8 88 6 91
3 66 6 25 0 96 2 33 8 45 9 54 16 76 1 77 4 37 13 19 19 17 18 2 14 65 12 60 17 59 7 36 5 33 10 79 11 4 15 69
10 82 9 59 14 98 17 68 12 93 15 26 7 57 13 40 4 67 16 27 0 45 5 90 8 19 1 19 11 32 19 9 3 18 6 50 2 22 18 99
3 44 4 2 6 62 1 66 18 77 13 75 9 22 2 47 7 81 19 37 8 12 5 80 17 14 14 58 16 94 10 23 11 6 0 16 12 8 15 19
6 50 7 75 8 34 0 35 4 17 13 95 10 85 18 40 11 59 15 41 2 20 12 14 14 39 19 78 5 47 3 49 17 60 9 67 16 28 1 23
7 1 4 40 11 13 16 81 0 53 15 88 14 45 19 93 1 36 5 28 12 40 18 67 2 93 17 86 9 61 10 2 8 39 13 93 6 85 3 70
11 1 18 10 2 17 19 48 1 17 7 55 12 93 14 64 3 72 4 67 0 89 5 39 6 5 10 78 13 70 16 32 17 88 8 12 9 8 15 64
6 83 15 85 16 75 4 62 9 90 0 74 3 27 17 30 14 78 11 18 1 32 8 8 10 87 13 47 18 53 5 85 7 71 2 25 12 40 19 79
18 66 5 32 19 2 15 70 4 95 10 8 7 78 6 47 12 7 2 6 13 28 16 61 11 6 14 87 0 61 17 84 3 75 8 5 9 32 1 77
10 33 5 25 11 14 3 59 14 66 13 14 17 91 0 30 12 16 9 47 15 23 7 10 6 61 1 39 8 97 4 10 18 93 16 46 19 46 2 82
1 54 18 91 14 81 0 18 10 59 6 10 12 96 13 61 16 7 17 81 4 66 2 7 11 64 19 83 15 45 8 26 7 69 9 45 5 50 3 1
1 97 13 99 14 18 15 79 8 14 5 83 17 33 18 29 9 8 6 51 12 80 2 55 19 65 10 76 4 64 0 51 3 81 7 99 16 48 11 68
12 77 13 93 3 18 5 68 0 52 16 94 14 6 6 82 15 10 2 75 8 3 10 60 4 45 7 9 19 39 11 27 18 94 1 2 17 29 9 52
8 27 5 21 15 92 12 94 9 63 6 91 16 7 13 17 2 66 19 80 0 29 18 13 7 97 1 24 3 25 14 4 10 8 11 70 4 82 17 51
12 93 10 53 2 35 3 38 11 30 19 36 7 36 16 83 15 44 5 39 0 22 1 6 13 7 4 77 9 48 8 71 14 53 6 84 17 58 18 89
6 66 0 88 11 50 16 15 18 94 7 20 12 68 3 36 19 21 17 51 9 72 4 41 14 92 1 90 8 83 15 97 2 22 10 87 13 40 5 10
18 37 9 68 12 26 3 5 6 20 14 51 0 96 15 90 16 9 7 75 13 36 8 42 5 87 1 27 2 88 19 32 17 4 11 57 4 47 10 75
16 58 7 7 5 70 15 95 13 97 14 20 19 35 4 94 18 44 3 49 11 70 9 88 0 69 1 87 8 20 6 78 2 24 17 50 12 81 10 61
13 13 12 71 11 72 0 78 4 72 7 20 10 61 16 28 18 98 17 27 8 60 1 92 5 76 19 5 9 86 2 83 6 11 3 50 14 68 15 64
7 8 10 83 15 73 8 33 1 20 9 26 0 86 16 58 12 53 19 23 5 60 14 17 3 12 4 67 2 17 11 78 6 43 18 7 17 54 13 29
13 83 1 13 16 2 7 37 12 89 19 16 9 42 2 38 14 10 17 2 4 77 11 74 5 82 15 78 0 65 3 97 6 4 8 82 18 80 10 3
18 57 17 26 19 11 12 58 13 89 14 21 6 63 2 79 8 74 15 15 1 62 7 9 16 87 4 55 0 71 5 80 10 31 9 34 11 15 3 54
7 16 8 40 18 37 3 59 17 8 14 22 12 22 19 23 9 96 0 50 11 23 13 87 5 67 4 66 16 40 10 69 2 35 15 74 6 3 1 57
18 78 2 22 11 96 15 5 8 23 14 81 5 36 0 15 3 76 19 3 12 8 9 69 13 10 1 72 6 38 16 54 17 81 4 83 10 44 7 23
15 53 5 16 6 65 10 91 4 76 2 33 1 26 14 85 8 53 3 69 11 99 19 71 17 62 16 43 13 23 7 37 12 79 0 10 18 71 9 99
10 32 17 2 14 36 2 67 5 47 16 59 1 8 4 12 11 63 0 91 19 37 15 69 18 47 12 79 7 29 13 54 6 71 8 39 3 1 9 84
2 77 16 5 6 41 18 2 4 79 8 81 1 49 9 69 11 10 12 1 19 21 3 22 13 43 5 99 7 81 14 34 17 27 10 33 0 2 15 75
17 88 13 80 19 17 4 84 16 22 18 30 6 56 3 19 8 15 15 26 1 19 10 74 12 75 0 16 7 36 2 47 11 73 9 19 14 32 5 49
3 57 12 45 10 18 0 87 2 60 8 5 4 24 7 49 18 13 15 23 9 24 13 60 6 38 16 69 17 12 1 13 14 38 11 27 19 6 5 16
7 66 12 13 3 46 16 33 4 74 0 95 5 1 1 4 10 71 17 52 11 82 14 64 19 78 6 6 18 87 8 74 9 36 15 9 13 1 2 12
4 98 15 81 8 52 19 67 12 56 9 97 17 24 16 33 2 19 11 44 1 15 7 91 13 47 10 1 18 60 3 73 5 46 0 92 6 57 14 53
12 19 19 17 16 1 8 34 13 27 2 24 18 59 7 66 10 43 6 45 3 8 0 59 15 78 11 68 9 35 1 78 5 91 14 3 17 67 4 92
13 76 17 27 6 31 5 66 7 93 12 4 14 77 9 10 19 88 8 11 0 15 16 22 18 43 15 90 3 16 1 37 2 88 4 45 11 33 10 65
4 12 14 71 12 75 8 97 7 60 1 67 11 68 2 79 3 2 6 33 13 90 10 55 5 86 9 73 15 75 16 13 17 83 19 85 18 15 0 44
19 65 7 18 16 65 13 57 15 45 9 22 10 38 0 32 4 28 1 51 6 38 5 76 8 35 12 91 18 55 2 89 11 44 14 77 3 76 17 67
15 50 7 48 3 59 2 42 16 59 12 27 5 34 13 44 10 83 4 70 17 64 1 91 11 79 6 67 18 39 0 29 19 95 9 64 14 46 8 81
9 34 7 28 3 48 5 80 19 75 12 9 14 45 13 37 11 96 16 36 15 23 0 5 2 79 10 12 1 93 4 72 8 38 17 80 6 85 18 94
2 25 5 47 14 39 9 97 16 45 17 98 3 33 15 88 19 96 10 89 7 15 1 38 6 74 0 34 12 5 18 82 4 12 13 53 8 81 11 19
0 73 5 55 14 50 1 71 18 12 10 79 17 24 9 55 3 73 2 7 19 73 16 8 4 3 11 25 13 79 15 32 6 76 12 81 7 41 8 40
17 48 19 23 3 34 12 62 11 62 15 20 9 74 2 43 0 89 8 61 14 57 5 30 13 98 16 48 6 21 1 73 4 63 18 77 10 42 7 16
13 78 7 98 2 38 6 71 14 91 11 39 5 65 4 70 8 17 16 60 0 63 1 93 3 2 18 59 15 76 19 62 9 42 12 55 10 53 17 50
12 50 1 26 0 60 7 71 5 97 6 28 3 31 16 59 14 23 8 67 19 17 9 49 10 67 2 85 18 48 17 1 4 35 11 36 15 16 13 89
0 80 15 75 17 29 5 24 19 23 18 92 6 47 7 5 4 52 16 78 9 7 12 72 13 59 2 42 1 51 10 54 11 39 14 12 3 86 8 40
1 29 6 66 15 37 16 22 8 14 0 60 14 53 3 86 5 74 4 42 2 45 19 34 18 49 12 57 10 75 13 5 9 59 7 22 17 86 11 11
16 54 1 51 0 42 19 15 11 30 8 26 2 46 7 62 17 52 15 79 6 98 12 14 5 81 13 48 9 34 18 73 14 36 3 85 4 25 10 72
7 92 5 84 4 99 12 57 2 27 3 42 11 99 8 35 9 3 16 94 18 7 19 72 6 47 1 39 14 57 10 23 0 44 13 2 15 70 17 70
13 49 7 18 10 61 11 41 15 98 14 66 12 31 2 17 6 90 19 16 3 57 16 84 0 22 18 91 4 74 1 82 17 98 8 21 9 11 5 42
16 7 6 91 14 4 12 86 18 87 13 45 1 5 7 47 9 86 17 79 2 72 10 51 0 15 19 12 15 72 5 33 8 35 3 12 11 50 4 46
