100 20
2 97 18 59 11 82 1 76 4 78 19 16 14 5 8 27 6 21 10 55 9 85 16 75 3 43 13 54 0 63 5 77 12 13 15 78 7 19 17 57
11 54 4 57 7 97 5 23 8 28 2 76 15 89 17 41 0 36 12 78 3 31 1 48 9 88 16 39 10 7 19 52 18 86 6 83 13 82 14 77
13 42 9 14 6 54 19 25 7 86 14 53 3 63 1 98 17 65 4 31 12 59 18 9 16 21 11 30 8 45 15 61 2 98 10 18 0 91 5 15
18 22 19 6 13 57 4 72 2 38 6 81 16 31 9 87 0 10 10 49 11 79 1 48 12 71 15 53 3 37 7 16 8 82 5 95 17 43 14 98
11 29 5 77 6 69 13 62 9 46 18 50 1 13 4 37 17 59 12 25 19 96 16 48 0 19 7 96 15 96 2 46 8 12 14 14 3 58 10 22
14 5 17 12 3 22 18 61 11 55 5 42 10 8 6 34 9 59 7 92 12 94 16 23 4 36 19 32 2 69 1 25 13 20 15 83 8 79 0 73
5 37 3 73 17 18 9 2 4 19 10 39 13 27 12 24 6 42 16 5 7 39 11 26 8 8 18 91 15 92 2 30 19 10 14 12 1 18 0 67
18 24 3 53 7 11 8 93 14 8 13 43 10 63 0 75 4 12 19 23 5 44 11 87 2 46 9 18 12 16 17 26 16 38 1 25 15 80 6 15
15 93 18 7 9 84 10 33 12 53 6 64 14 72 7 87 5 53 1 95 19 62 17 73 0 92 11 41 4 89 13 15 2 58 3 68 16 12 8 57
17 48 15 3 8 21 6 89 3 61 4 80 14 79 1 8 9 59 2 81 16 75 12 98 19 22 10 65 0 29 11 50 7 16 5 17 13 6 18 98
2 24 16 42 4 30 13 33 17 42 1 55 0 53 5 26 7 95 19 68 6 52 18 94 15 38 3 81 10 19 11 58 9 43 14 26 8 57 12 79
6 62 8 6 15 40 18 5 0 78 14 52 9 29 19 66 1 94 7 92 4 84 13 71 11 11 16 68 10 77 17 87 3 60 2 41 5 40 12 18
4 70 19 37 10 27 0 31 12 43 18 77 5 84 6 30 11 13 2 50 3 64 16 86 17 32 1 63 15 7 7 75 13 76 14 86 9 67 8 48
19 4 2 37 1 9 5 44 12 66 14 49 0 85 8 62 10 82 6 92 17 10 9 18 11 60 13 90 18 15 15 69 3 30 4 80 16 85 7 27
7 81 19 49 12 42 3 54 16 25 0 4 14 24 6 63 11 23 18 28 9 50 13 73 10 54 5 60 1 89 15 80 17 50 4 91 8 56 2 42
11 67 10 80 4 91 1 63 5 89 0 79 9 59 17 80 2 8 16 24 15 7 12 5 3 77 7 92 6 55 14 39 19 62 13 8 18 63 8 87
18 33 1 42 7 58 4 61 8 61 3 76 9 36 13 64 14 2 11 21 16 7 6 12 12 8 15 30 17 45 5 16 19 41 0 13 2 3 10 73
17 87 6 35 11 96 9 64 18 86 4 60 8 40 1 7 19 56 16 93 0 6 15 54 12 94 10 12 7 59 2 50 14 5 5 54 13 88 3 74
0 43 18 65 3 79 17 95 14 60 19 39 6 34 12 16 7 73 13 15 2 67 16 98 10 44 1 18 15 70 4 89 9 17 11 16 8 43 5 59
10 28 7 77 4 18 0 7 9 20 1 66 6 37 17 2 5 98 14 19 3 51 13 44 19 41 2 83 8 62 15 30 18 17 16 92 11 26 12 94
3 25 7 7 14 93 18 97 10 18 16 22 19 37 17 12 13 70 4 56 5 44 11 58 6 59 0 60 12 22 15 37 1 84 8 28 2 86 9 6
14 1 4 32 0 98 18 35 3 19 16 35 7 57 6 54 2 68 13 2 11 9 19 23 8 26 1 56 9 70 10 88 17 36 12 52 5 61 15 28
3 35 12 55 2 87 16 82 10 68 6 94 13 68 0 68 7 65 18 58 19 21 17 53 14 62 11 18 8 64 5 74 4 44 15 50 1 27 9 40
9 37 13 30 10 33 15 22 3 55 4 69 0 41 11 74 1 15 7 78 12 73 8 42 6 16 14 2 17 55 18 89 19 49 2 78 16 2 5 29
14 35 8 46 10 26 18 89 16 49 0 51 15 21 12 26 13 11 9 92 4 30 6 64 3 34 7 35 2 86 19 58 1 2 5 65 17 74 11 8
14 15 12 30 2 96 19 36 1 73 10 32 17 12 18 78 6 27 13 37 0 7 15 84 8 37 5 67 16 74 7 68 9 67 11 77 4 78 3 18
13 2 10 31 9 42 17 19 5 58 7 75 4 4 11 45 1 49 15 13 18 77 12 45 8 66 0 84 19 21 2 24 3 44 6 11 14 19 16 91
19 69 2 75 12 51 9 67 15 16 16 42 1 78 18 14 6 91 8 12 7 65 11 42 0 53 13 78 14 2 5 20 4 99 3 93 10 84 17 43
2 18 18 6 13 97 8 6 15 19 10 24 4 90 6 19 3 26 19 52 7 89 9 38 17 16 1 52 14 61 16 6 5 58 0 19 11 16 12 23
3 36 14 73 11 97 13 5 17 81 10 12 16 35 1 31 2 94 7 54 18 53 5 10 19 38 6 52 8 42 12 21 0 21 4 28 15 28 9 93
19 6 17 78 11 44 16 27 18 17 0 66 5 81 3 44 4 51 14 43 6 44 7 29 8 75 9 92 15 85 2 90 12 1 10 46 1 16 13 80
10 42 16 5 4 79 5 78 18 70 19 1 2 54 3 18 17 31 9 89 8 12 11 13 1 19 14 22 13 36 6 41 7 87 12 40 15 2 0 4
6 77 19 18 12 35 18 67 7 57 9 39 17 43 14 44 3 42 0 61 1 22 4 22 10 28 8 64 5 52 13 90 15 55 16 14 2 22 11 33
0 84 8 14 6 26 13 46 19 8 2 99 11 41 15 91 16 36 17 27 1 36 14 20 12 95 5 22 7 84 3 1 9 38 10 81 4 98 18 88
1 78 0 37 6 99 5 7 13 43 10 41 4 9 2 72 17 54 14 36 19 12 16 46 8 57 18 32 3 40 12 19 15 18 11 85 9 45 7 60
4 57 17 48 12 93 8 34 16 76 2 9 15 20 13 43 7 75 18 54 1 19 11 72 3 37 0 10 14 62 5 39 19 77 6 96 10 7 9 51
9 61 18 63 14 71 6 56 15 81 19 72 11 73 13 14 3 62 1 66 2 38 5 13 10 69 12 7 16 22 8 64 17 28 0 89 4 27 7 49
8 1 12 17 5 36 13 68 7 49 17 9 9 28 6 90 18 21 2 63 4 62 19 54 11 59 15 97 14 56 0 67 3 35 16 83 10 26 1 17
6 68 1 33 7 18 12 23 13 64 9 84 15 39 5 40 8 81 10 80 19 98 16 18 11 97 18 61 4 69 3 6 14 45 17 67 0 77 2 27
12 42 16 68 0 89 3 98 7 18 4 90 5 38 8 18 11 40 19 69 14 38 6 58 17 36 9 91 10 61 18 15 13 2 15 15 1 39 2 4
6 82 17 96 19 99 3 81 14 78 5 89 8 23 13 6 16 82 7 43 4 73 1 80 11 24 0 81 15 26 12 21 9 6 18 58 2 84 10 25
11 72 18 64 9 69 19 30 7 57 14 8 8 14 1 93 12 28 4 98 10 97 2 9 6 38 15 23 0 39 17 85 3 40 16 82 5 85 13 56
7 89 12 14 1 7 16 5 10 56 18 71 19 24 11 46 4 27 9 75 14 71 15 92 2 33 8 19 0 96 13 76 3 67 6 73 17 74 5 63
11 6 12 11 10 61 4 69 7 31 1 21 2 20 17 83 3 12 13 10 0 45 5 94 19 93 6 12 9 38 8 61 15 90 16 85 18 17 14 17
17 93 0 39 19 64 6 34 15 26 10 23 3 35 11 35 7 44 18 28 9 82 12 86 1 66 5 75 2 72 8 56 16 95 4 81 13 49 14 74
19 67 6 43 9 41 13 53 18 27 7 36 11 73 15 26 1 83 4 7 5 36 12 98 16 97 8 45 17 43 14 72 3 72 10 61 0 98 2 97
6 99 11 67 15 96 17 53 0 46 10 19 3 12 1 3 7 75 13 63 5 41 19 74 9 25 18 84 16 56 4 31 8 73 2 59 12 26 14 37
6 43 2 29 5 49 8 87 11 16 12 81 0 35 1 3 7 39 18 19 10 81 19 97 14 99 15 33 17 11 9 94 4 46 13 69 16 83 3 50
1 12 9 46 16 70 12 96 3 59 2 71 5 50 13 35 8 55 18 34 0 95 10 95 4 56 14 7 15 55 6 47 17 62 19 81 11 68 7 21
18 3 19 25 7 40 5 20 9 72 13 75 11 64 6 86 3 94 8 61 0 50 4 71 12 77 1 10 15 34 14 65 17 85 10 55 16 25 2 1
19 99 17 84 6 50 10 62 7 92 12 39 1 93 15 66 18 45 13 80 3 59 14 52 2 5 9 62 5 73 4 91 0 17 16 27 8 77 11 66
5 18 8 90 19 24 4 38 14 44 15 61 10 19 18 28 17 81 0 93 13 43 11 81 7 53 9 17 2 84 12 95 16 66 3 66 6 7 1 39
0 81 15 45 6 72 2 23 16 8 7 46 8 40 14 45 17 55 19 93 9 29 12 37 3 16 10 8 5 81 11 45 4 74 13 64 18 89 1 61
1 44 4 53 2 17 8 27 10 35 5 84 15 15 18 14 12 50 9 94 7 71 16 27 14 66 19 83 13 27 17 45 6 99 3 91 0 44 11 16
11 70 2 55 4 85 17 30 5 70 15 42 9 58 7 11 13 39 12 68 6 44 14 40 3 39 10 95 8 27 19 6 1 15 0 70 18 66 16 30
11 77 5 13 4 41 19 92 18 43 3 84 1 96 7 90 17 64 16 60 8 72 12 46 2 51 0 57 9 45 13 74 15 22 14 56 10 45 6 90
12 65 1 20 8 26 2 36 11 60 5 54 3 78 14 64 18 33 4 16 10 49 6 94 19 64 17 55 13 89 7 47 15 15 9 57 16 52 0 68
9 79 1 49 3 84 15 49 2 35 16 66 11 99 6 79 18 62 10 87 0 20 17 58 7 89 12 77 14 22 19 62 13 61 8 86 4 38 5 87
5 81 8 2 2 49 1 80 16 73 19 8 18 41 17 22 0 87 7 28 12 64 4 82 14 84 3 17 6 11 15 15 13 24 10 2 11 84 9 95
10 19 0 77 12 31 15 96 18 9 13 71 3 51 14 50 2 53 4 37 19 24 9 87 7 78 1 91 17 68 11 79 16 50 5 42 6 11 8 90
12 33 0 31 18 73 4 55 2 94 6 69 14 89 3 61 19 13 8 69 11 38 16 18 15 89 9 23 5 49 10 34 13 73 7 35 1 96 17 82
14 23 13 32 15 64 19 23 7 31 4 34 2 1 11 18 9 53 0 89 3 56 5 94 8 65 16 46 1 79 18 60 12 74 6 93 17 55 10 71
18 13 14 21 12 99 7 46 13 64 8 49 5 74 17 12 1 72 16 58 15 26 19 21 0 24 3 73 6 58 11 8 2 65 4 62 10 14 9 80
4 90 8 53 17 39 14 4 13 93 1 82 18 71 9 3 12 49 3 38 6 67 5 42 10 84 19 31 7 1 0 13 11 52 15 2 16 43 2 12
2 25 8 80 0 74 1 89 10 45 16 48 9 4 18 13 5 21 12 23 19 93 7 63 3 13 6 38 4 6 17 19 15 91 13 57 11 42 14 68
10 33 18 17 9 78 8 33 12 89 14 49 13 87 11 47 19 86 0 11 7 8 15 36 16 8 5 41 1 43 2 26 3 44 6 38 4 37 17 74
3 95 1 3 2 50 19 88 4 34 6 48 11 71 16 95 17 16 15 7 9 63 5 60 18 43 14 55 8 6 12 2 0 4 13 47 10 27 7 96
19 87 3 67 1 26 15 49 13 61 11 57 18 75 7 56 8 17 4 74 2 62 6 39 0 43 16 75 10 80 9 95 12 81 5 39 14 54 17 4
2 64 19 93 4 72 3 53 6 12 9 60 14 68 11 13 18 85 7 20 16 53 8 72 1 14 12 99 17 85 15 51 13 58 0 70 5 51 10 34
10 67 9 52 0 63 16 89 18 59 4 35 13 48 19 93 5 11 15 38 3 81 2 48 8 13 17 77 7 2 6 2 1 89 12 24 14 63 11 42
14 75 6 53 10 35 13 76 17 29 9 66 11 53 8 81 0 81 15 96 19 21 7 91 1 9 12 7 4 61 5 11 3 61 18 25 16 49 2 91
15 41 16 45 7 82 8 9 2 41 0 20 5 90 3 6 10 47 4 84 12 25 17 58 1 35 9 27 19 53 13 44 6 97 14 40 11 28 18 85
13 87 4 38 16 97 6 60 1 45 10 70 19 94 17 72 2 16 12 11 14 12 15 9 9 7 7 95 8 53 0 59 5 99 11 76 18 62 3 98
15 79 5 61 14 36 13 57 3 26 2 72 7 9 1 59 9 51 19 5 4 92 12 59 17 38 8 22 11 93 16 39 0 29 10 85 18 33 6 9
0 69 10 45 4 62 5 32 17 96 6 9 3 17 16 99 12 16 13 28 8 59 2 39 11 46 18 79 1 74 9 27 19 29 15 76 14 81 7 7
18 71 11 33 14 19 1 44 12 81 7 76 8 54 5 34 15 21 13 29 2 40 4 5 9 50 3 88 6 74 0 38 19 87 17 76 16 30 10 70
19 42 17 29 3 12 1 5 16 59 13 63 7 31 15 18 9 39 0 48 8 65 14 26 2 98 11 52 5 43 10 51 4 27 12 39 18 25 6 48
12 94 13 38 4 69 11 51 18 14 15 89 10 90 2 29 1 82 7 18 17 33 16 69 14 13 3 95 5 7 8 73 0 10 9 86 19 98 6 76
12 14 4 47 14 7 3 17 17 66 13 82 19 18 9 32 8 20 10 96 11 75 6 64 18 56 5 80 0 11 15 38 16 84 1 13 7 45 2 31
2 43 15 59 6 1 8 60 7 67 19 45 10 66 4 9 16 35 18 90 0 16 3 30 17 52 12 23 9 59 13 76 1 28 5 22 11 60 14 53
0 99 10 20 13 13 5 53 3 4 12 35 7 11 14 25 19 14 16 96 15 52 11 18 4 40 18 47 2 19 6 35 17 12 1 13 8 15 9 36
3 22 2 78 15 76 7 72 17 7 0 70 6 51 9 24 1 85 8 49 10 9 5 80 14 43 12 58 4 78 19 14 18 48 13 99 16 17 11 3
10 2 4 20 0 12 9 30 16 67 5 37 12 85 18 64 3 26 11 68 19 82 14 13 1 25 7 61 13 10 6 93 8 34 2 53 17 89 15 30
1 9 18 94 7 2 16 3 0 80 15 58 6 59 14 62 4 59 8 21 19 67 2 99 9 63 11 60 10 59 13 35 12 95 3 17 17 78 5 2
18 38 16 16 12 70 13 63 8 49 1 27 0 46 5 87 14 18 10 97 2 40 11 80 6 36 15 20 7 33 17 77 9 62 19 79 3 57 4 89
4 8 15 49 14 68 12 42 16 82 17 77 3 16 2 22 7 27 9 14 8 24 0 71 5 1 19 50 13 17 1 63 11 91 6 23 10 61 18 75
15 9 4 40 7 13 5 73 19 87 16 76 3 37 2 2 13 90 0 4 18 44 10 83 14 6 6 63 1 60 11 81 12 17 9 30 17 23 8 93
1 20 19 1 6 35 0 48 7 88 14 92 15 34 3 85 9 94 17 14 12 28 16 53 4 73 2 51 18 82 11 43 5 13 10 25 8 36 13 79
18 91 16 27 9 60 13 38 19 81 15 90 10 89 7 4 6 66 17 91 11 94 2 16 14 41 5 32 3 6 1 44 8 41 4 13 0 96 12 38
4 33 14 30 9 79 15 82 10 78 7 45 12 65 8 13 13 19 17 86 1 90 19 16 3 54 16 27 18 34 5 10 6 32 2 45 0 38 11 45
6 95 1 76 18 56 8 84 12 9 10 51 0 76 13 51 2 67 16 97 19 32 4 56 17 32 5 19 3 33 7 94 11 11 9 39 14 68 15 50
12 16 7 43 2 89 4 62 16 70 13 85 0 45 18 36 19 14 6 53 10 41 11 98 1 42 9 41 14 65 15 55 8 67 17 16 5 18 3 19
3 18 11 86 17 34 1 36 9 63 18 69 13 8 15 65 5 5 2 38 10 87 6 98 0 59 4 86 12 62 16 54 8 74 19 73 7 10 14 79
3 58 2 27 15 52 0 54 8 29 11 42 14 49 4 50 6 45 18 11 9 14 10 47 19 27 5 46 1 60 12 15 13 43 7 49 16 65 17 33
11 61 2 17 12 34 6 87 8 21 0 93 14 71 15 83 19 72 16 9 1 26 9 55 10 17 18 48 7 17 5 85 3 81 13 95 17 44 4 65
1 99 6 30 11 27 7 96 5 67 0 25 16 9 8 27 3 4 4 68 2 44 13 26 14 40 19 83 9 54 17 58 12 15 18 67 15 72 10 28
2 23 4 5 17 35 18 17 10 57 11 70 14 42 13 61 9 99 5 23 12 60 16 39 3 19 7 55 0 43 15 68 8 50 1 5 19 27 6 47
3 47 13 44 17 92 9 18 19 33 11 79 4 83 18 14 14 60 2 47 6 3 12 54 5 4 15 74 8 55 16 56 1 13 10 94 0 45 7 16
12 52 5 98 2 5 3 27 14 54 18 11 9 60 17 42 13 17 0 19 7 47 4 96 11 99 8 59 1 89 16 66 6 46 10 43 19 59 15 60
19 36 7 10 4 83 9 19 8 64 3 70 6 77 18 91 0 45 11 69 1 5 12 95 16 11 13 52 10 18 2 50 15 41 14 64 17 28 5 60
