100 20
6 93 11 32 1 54 17 39 15 91 19 86 10 75 18 30 4 54 3 6 12 32 7 72 0 17 9 63 13 60 16 16 5 81 2 70 14 46 8 23
10 88 7 34 19 87 11 91 6 62 12 73 0 88 5 44 13 76 17 78 2 91 16 18 8 46 9 16 4 1 1 27 15 67 14 91 18 25 3 27
19 86 10 42 3 3 0 42 6 2 14 49 4 76 9 69 18 27 7 88 11 12 13 31 17 23 8 87 12 41 5 91 2 36 1 71 16 2 15 53
1 46 13 85 4 4 11 6 10 73 18 78 0 25 17 49 9 65 6 51 15 10 19 45 14 80 2 25 7 43 12 31 16 94 5 45 8 97 3 65
8 75 4 68 17 17 18 58 5 62 3 34 12 66 2 50 13 66 19 29 14 38 11 74 10 77 1 2 6 66 0 35 16 93 15 63 7 42 9 30
16 69 9 28 18 10 15 78 0 92 17 5 1 45 10 82 12 24 2 24 14 6 19 11 13 95 11 65 8 46 6 14 7 77 3 96 4 60 5 40
8 54 5 27 18 47 16 31 2 63 9 54 19 76 7 37 13 61 1 9 10 71 3 35 6 51 17 44 14 51 15 51 4 40 12 41 11 36 0 86
4 95 9 50 16 86 8 85 14 7 13 22 1 64 11 46 10 53 7 72 18 9 2 52 5 59 15 16 3 90 6 56 12 77 17 1 19 79 0 3
15 56 2 86 6 10 1 39 3 76 17 56 4 96 0 6 5 75 12 24 14 72 13 63 16 44 11 88 18 67 10 44 7 9 19 20 8 50 9 29
18 58 16 50 14 39 11 26 0 72 19 75 17 35 8 15 5 65 4 42 10 13 13 90 9 68 12 94 15 41 3 39 1 85 7 84 6 57 2 18
18 12 11 23 17 73 9 37 8 92 12 36 1 72 6 73 14 40 5 23 15 4 2 32 0 47 13 66 3 45 16 90 7 63 4 41 10 44 19 18
4 73 16 23 13 39 12 25 5 60 3 73 1 43 11 29 2 8 7 83 0 71 19 68 8 48 6 19 10 21 14 31 9 90 18 62 15 86 17 74
8 71 2 96 0 25 18 31 19 12 13 83 4 60 3 55 17 83 1 9 11 30 14 53 12 72 9 4 7 21 15 73 16 28 10 9 6 25 5 10
19 69 13 70 7 16 6 40 3 23 11 78 14 37 0 74 9 75 5 36 4 78 2 10 1 66 8 29 18 6 10 31 16 25 12 41 17 84 15 27
19 67 10 84 1 83 13 7 7 92 12 40 16 55 3 82 11 17 4 25 15 59 9 40 8 70 2 50 5 76 17 52 14 6 0 25 18 92 6 54
0 86 3 37 7 18 15 3 19 89 11 34 9 34 12 61 18 48 4 97 1 21 5 23 6 9 16 73 13 34 8 25 14 55 2 4 10 18 17 50
6 31 3 75 17 53 2 33 9 43 4 7 14 24 13 90 19 91 1 92 18 15 16 43 15 85 10 70 5 91 8 25 7 20 12 4 0 30 11 22
17 64 15 11 2 77 3 84 4 86 12 7 9 13 0 90 11 76 18 57 5 42 8 13 10 69 7 38 6 96 19 93 14 5 1 8 13 3 16 58
19 49 4 71 11 94 3 70 8 89 12 39 0 36 16 72 7 15 18 74 10 14 6 22 2 97 9 86 15 17 5 79 17 93 1 43 14 82 13 88
17 88 15 19 16 61 14 16 18 32 3 4 8 44 9 6 1 66 7 76 12 90 13 6 2 21 19 62 4 20 11 23 0 34 10 39 5 69 6 33
10 38 4 73 15 16 14 6 1 38 17 46 11 60 12 33 3 39 16 36 8 14 7 72 5 37 2 64 18 14 0 6 19 65 13 89 9 64 6 2
17 19 4 74 7 97 0 2 9 45 16 27 2 23 3 2 18 66 15 29 5 11 12 65 8 43 14 29 19 88 10 71 1 96 13 2 11 3 6 23
4 37 14 74 2 84 11 65 12 33 3 60 6 59 17 83 7 10 13 71 15 85 9 80 19 26 5 10 18 3 16 57 10 68 0 89 1 96 8 11
8 52 9 99 6 38 3 4 14 46 19 95 2 48 13 35 18 81 0 19 16 25 17 67 5 38 11 33 4 56 1 51 15 38 10 83 7 54 12 36
5 82 1 67 11 93 17 83 14 68 10 23 16 32 3 39 12 40 8 69 4 62 6 19 15 30 2 49 9 73 13 17 19 80 18 38 7 58 0 72
16 60 4 66 0 6 2 28 3 78 18 11 9 61 1 85 15 49 19 3 5 99 11 92 8 72 7 75 12 45 6 23 14 41 17 44 10 85 13 70
12 5 10 56 0 49 11 60 18 79 3 28 4 7 8 67 5 3 19 56 1 48 17 97 16 1 9 85 14 52 7 2 13 64 6 8 15 19 2 18
9 3 0 45 3 60 13 49 8 26 17 98 4 4 18 32 12 78 15 96 16 50 6 30 5 80 10 64 19 36 14 22 2 18 7 10 1 63 11 19
14 17 17 41 19 87 8 43 15 97 16 66 7 89 11 69 5 35 18 45 10 47 3 20 0 16 12 28 1 75 13 22 2 6 9 23 4 96 6 46
11 43 1 45 16 97 4 31 18 94 3 39 15 20 14 42 2 61 0 4 13 78 9 40 19 69 8 93 7 35 12 60 6 69 5 65 17 10 10 71
11 58 6 22 12 28 14 57 1 94 15 42 3 76 16 31 13 92 8 3 0 8 9 44 19 75 18 82 7 4 10 7 2 62 17 33 4 25 5 8
19 32 0 72 3 51 13 30 14 18 15 45 17 75 16 84 10 50 2 14 11 46 9 83 8 95 5 36 7 34 18 49 4 41 6 27 12 62 1 94
12 75 16 58 19 22 18 72 8 10 6 53 13 58 17 77 14 90 5 22 7 41 4 42 2 80 1 84 9 89 10 1 15 96 3 34 11 6 0 47
16 14 3 30 7 45 6 8 9 83 14 40 2 64 8 66 0 77 10 87 12 26 13 85 11 59 18 57 5 56 1 56 17 48 15 24 4 6 19 26
0 86 3 93 8 77 5 89 1 70 10 74 14 74 12 54 6 7 11 59 19 45 9 88 15 45 4 52 17 5 16 6 7 80 13 46 18 87 2 56
19 63 10 53 15 32 14 96 13 87 18 8 17 42 0 32 11 11 8 44 12 29 4 57 5 42 6 48 1 63 3 26 16 83 9 82 7 27 2 35
5 49 1 96 15 56 19 93 2 67 8 40 10 32 4 42 3 91 0 35 18 98 11 15 9 89 14 52 17 27 16 44 12 53 13 85 7 31 6 87
3 90 14 19 19 50 9 28 17 97 13 69 7 32 6 92 2 96 11 33 10 87 5 92 12 88 18 86 1 92 8 72 16 80 0 19 4 55 15 44
5 14 17 20 4 5 13 95 9 19 8 9 16 25 12 83 14 12 3 55 18 31 7 24 0 25 1 5 2 57 15 63 10 73 11 97 19 54 6 47
8 21 19 94 9 8 0 15 17 90 12 31 6 31 7 63 15 44 13 84 4 48 18 42 2 88 3 61 1 16 16 33 14 53 5 28 10 78 11 20
11 35 5 35 1 26 13 39 10 37 15 19 2 35 4 38 3 5 9 31 19 6 14 44 17 81 7 68 16 50 12 75 0 57 8 60 6 39 18 68
10 2 17 57 12 68 13 14 6 65 4 92 7 19 8 9 1 45 16 37 18 90 9 88 0 32 2 8 11 32 5 93 15 34 19 9 14 98 3 64
8 91 12 44 14 96 1 41 3 6 5 63 17 41 15 96 4 25 9 55 10 46 6 13 11 43 2 20 13 52 7 80 18 67 0 8 16 2 19 12
16 73 13 63 8 53 6 11 9 39 17 34 12 38 0 31 10 33 3 89 18 3 7 3 19 78 2 59 1 11 14 52 4 47 5 60 15 53 11 55
15 73 16 85 10 99 11 59 14 63 5 89 18 75 1 25 4 93 3 22 13 1 17 89 0 57 7 97 8 15 12 3 9 54 6 18 2 65 19 96
16 85 17 22 12 99 2 49 10 91 9 68 0 34 8 21 4 58 5 86 19 83 3 22 13 88 15 2 7 64 1 30 11 49 14 47 18 2 6 68
17 47 16 97 11 11 5 53 6 99 15 22 13 33 10 78 12 79 9 69 4 14 2 23 14 34 1 55 8 87 3 37 0 51 18 37 19 90 7 14
11 70 13 36 8 54 5 14 0 1 19 30 18 10 2 83 10 42 17 29 1 91 3 35 16 55 12 43 15 20 4 5 9 11 6 5 14 9 7 44
18 8 11 94 17 43 4 21 2 20 3 82 1 94 16 66 14 75 13 5 5 47 0 67 12 57 6 95 7 11 15 13 8 72 10 8 9 22 19 79
4 18 9 27 13 92 6 25 12 30 10 21 19 5 16 29 15 61 1 23 2 73 3 66 11 49 5 72 18 50 8 41 14 27 7 36 17 89 0 41
5 4 7 77 13 99 9 46 14 14 17 6 10 24 8 29 1 13 4 81 3 63 6 26 15 28 16 60 18 10 0 55 19 19 2 60 11 88 12 98
13 11 11 20 14 49 0 72 12 97 9 18 6 42 2 19 19 80 18 95 5 48 10 27 17 50 7 33 15 38 8 65 1 12 16 95 4 1 3 82
1 45 6 29 14 4 12 10 19 89 18 47 10 19 16 7 13 1 8 77 3 8 11 25 9 39 4 92 7 66 17 39 5 66 0 73 2 69 15 72
8 48 13 41 9 15 19 54 3 53 11 78 17 3 5 22 4 78 7 26 15 98 6 64 2 70 10 42 14 59 1 35 16 29 12 78 0 7 18 91
12 2 5 89 7 98 8 19 14 66 19 29 2 23 0 77 3 88 13 73 1 7 15 1 18 9 9 57 11 70 17 35 4 90 10 20 6 49 16 38
14 39 13 51 2 1 19 49 4 96 10 54 7 38 5 12 9 44 3 56 18 89 17 15 6 54 16 56 15 89 1 82 8 81 11 55 0 95 12 70
11 91 16 98 2 91 18 12 8 12 9 74 7 39 0 74 14 42 19 95 4 60 13 77 5 43 12 17 17 31 6 49 15 9 1 42 10 94 3 80
17 3 10 38 15 38 1 39 0 2 11 55 5 14 7 88 3 57 9 20 13 65 16 38 8 90 2 34 19 32 14 93 12 28 18 71 4 79 6 39
10 72 5 29 9 41 2 61 19 24 8 78 18 11 16 42 12 27 15 59 3 20 17 32 6 27 11 69 14 67 4 50 7 48 1 46 0 88 13 86
4 47 16 87 13 19 12 3 1 48 3 46 5 83 15 10 14 13 10 50 9 53 19 34 18 82 8 75 6 97 7 76 17 65 0 84 11 30 2 2
5 58 16 47 18 67 7 27 13 14 14 68 4 71 3 39 11 1 8 60 9 63 12 79 1 47 15 10 19 1 10 11 2 25 6 87 17 88 0 40
14 78 16 99 6 3 13 31 10 26 3 31 17 97 4 35 0 85 12 73 7 70 15 95 19 97 9 79 2 40 5 56 8 29 11 84 18 72 1 77
12 73 4 86 17 83 15 30 16 45 6 19 10 46 14 86 1 31 2 87 18 66 7 73 11 45 13 14 0 45 5 18 8 73 9 2 19 36 3 11
13 81 19 69 7 78 15 33 2 39 16 16 9 17 18 27 17 17 12 23 11 41 10 3 1 66 4 95 5 94 14 37 0 12 3 41 8 33 6 42
6 9 5 21 14 61 8 59 10 57 7 82 13 14 17 71 19 2 0 32 12 72 18 19 16 70 15 36 4 54 9 98 11 3 3 87 2 85 1 49
1 79 18 81 13 94 4 72 16 62 14 59 15 53 19 7 17 65 2 70 10 44 7 33 6 49 5 6 3 91 9 32 12 79 11 40 8 70 0 63
3 45 11 47 9 15 7 90 5 72 17 50 15 13 19 50 16 80 18 98 2 84 8 87 4 32 13 18 1 67 0 7 14 70 12 26 10 59 6 31
3 73 12 90 1 74 5 61 8 60 16 19 14 82 4 52 11 30 18 31 2 63 0 10 19 80 6 16 7 19 17 37 10 47 15 68 13 65 9 56
9 26 19 80 7 24 0 43 5 90 13 97 4 18 6 3 15 57 12 21 14 27 11 51 16 49 1 12 17 64 2 18 10 36 3 46 8 28 18 96
1 25 14 92 9 62 2 34 0 48 8 48 11 42 18 70 16 95 6 24 17 27 19 57 7 21 15 46 4 60 12 24 3 81 10 87 13 49 5 98
13 50 14 13 10 75 2 77 19 29 6 9 12 40 18 22 17 49 9 78 11 85 8 16 0 44 16 77 15 32 5 75 3 15 4 26 7 29 1 21
2 70 9 66 6 82 13 18 18 34 12 73 0 83 16 15 15 61 14 44 8 91 7 70 11 18 1 23 10 76 17 20 3 20 5 82 4 48 19 29
10 43 2 94 14 57 6 66 5 47 12 87 15 49 16 11 7 91 4 74 13 84 8 26 0 94 18 77 19 67 17 17 11 32 1 63 9 67 3 23
19 98 10 12 14 71 8 46 5 81 18 71 1 33 0 66 15 29 4 10 3 71 6 85 17 2 11 23 13 30 7 68 9 76 12 15 2 36 16 43
11 8 10 33 3 25 1 86 13 65 14 32 19 19 2 4 12 85 5 78 18 31 17 90 16 35 9 23 8 85 6 79 0 21 15 34 4 9 7 38
2 82 10 68 17 73 1 64 5 83 18 84 16 88 6 22 19 63 11 78 14 98 15 4 9 43 8 18 3 89 13 63 12 73 0 91 7 23 4 26
0 67 6 71 7 73 8 94 15 24 5 59 2 26 19 56 1 13 4 27 11 35 9 38 16 27 10 28 18 34 12 59 3 58 13 5 14 4 17 23
13 78 1 4 4 11 8 85 11 35 5 80 7 92 18 63 2 15 6 77 17 15 10 33 0 77 16 70 14 31 3 76 12 53 19 30 15 58 9 99
5 61 4 69 13 12 17 79 7 99 12 91 14 96 2 96 10 73 1 63 6 51 9 10 0 22 3 89 8 14 19 63 11 90 16 28 18 46 15 80
5 72 11 15 15 88 1 85 16 61 0 61 14 90 18 75 17 11 3 91 19 7 13 7 8 84 10 49 12 44 7 44 9 69 2 97 4 87 6 81
8 26 16 4 19 35 1 25 10 57 7 46 2 35 3 59 5 31 4 30 9 24 11 6 17 87 15 89 14 65 0 94 12 30 6 93 13 44 18 69
12 87 11 16 16 77 5 17 4 53 9 84 3 6 7 42 8 82 17 93 10 28 6 79 0 82 13 98 18 54 2 47 15 88 1 8 14 31 19 84
14 16 15 80 18 70 6 82 16 64 10 61 0 98 5 35 1 21 9 33 3 73 13 6 19 78 7 22 12 66 11 4 4 52 17 42 2 80 8 25
18 15 9 10 4 90 17 63 6 74 5 81 3 55 0 56 10 1 2 74 7 47 12 49 16 74 19 70 15 66 1 15 13 12 14 72 11 88 8 9
9 57 15 24 7 31 13 28 10 27 3 49 19 1 16 39 18 53 8 38 11 31 17 37 0 68 12 44 1 81 6 77 14 40 4 2 5 92 2 66
11 88 16 90 12 23 15 13 8 44 10 17 17 1 6 99 14 14 0 99 19 49 13 16 9 76 7 13 18 94 3 74 1 50 2 52 4 36 5 9
13 63 18 5 16 56 1 46 7 15 15 43 19 44 14 51 4 42 6 29 11 47 12 81 9 24 17 39 10 38 3 82 0 28 8 15 2 8 5 26
0 6 10 3 12 85 2 11 4 33 1 37 7 41 19 33 9 92 3 71 5 25 15 53 14 69 16 16 6 85 18 66 13 88 11 24 17 26 8 98
15 58 9 83 6 24 5 4 16 50 18 59 8 39 4 95 17 96 1 16 10 56 12 36 7 31 19 52 14 55 0 29 3 53 13 88 11 16 2 7
3 19 6 39 0 12 10 82 7 51 5 41 13 22 17 76 4 63 8 23 19 24 1 39 15 9 18 44 14 87 2 30 12 45 9 52 11 90 16 35
12 15 14 71 13 25 2 21 15 42 19 32 4 18 9 33 0 25 5 18 16 64 1 91 17 17 8 37 18 18 10 35 7 65 11 1 3 97 6 59
1 47 14 68 9 10 2 12 6 68 17 15 8 47 15 55 12 3 5 1 4 42 10 43 18 77 11 9 19 98 7 86 3 58 16 46 0 86 13 52
6 7 17 40 4 74 13 13 1 41 0 28 10 96 7 36 5 28 3 99 12 9 8 10 2 73 19 89 11 90 9 27 16 59 15 33 14 66 18 60
6 19 1 54 9 90 8 61 14 40 10 7 18 76 15 16 5 50 19 1 16 93 11 25 17 66 3 88 13 35 4 6 2 50 7 95 12 17 0 60
0 27 6 85 9 35 1 35 11 31 8 72 10 9 18 39 12 87 19 2 13 56 14 2 4 22 15 91 17 84 16 19 7 3 2 26 3 5 5 40
4 59 14 37 6 60 8 22 12 54 18 47 11 78 13 8 16 23 19 97 1 16 17 69 2 54 15 26 10 26 5 43 9 87 3 63 7 57 0 32
17 44 1 62 19 39 0 78 11 32 2 24 10 93 14 60 9 62 3 7 4 27 16 75 13 74 8 99 5 22 7 10 12 67 6 46 15 11 18 37
16 61 6 38 13 59 0 81 8 9 1 35 15 48 4 51 9 50 7 89 18 29 11 28 19 73 14 68 10 12 12 77 3 47 5 90 2 11 17 93
15 73 0 84 2 16 7 55 14 28 13 34 1 92 6 10 19 71 5 29 10 22 9 16 4 82 18 63 16 81 12 97 8 45 3 71 17 47 11 81
19 47 5 24 7 80 4 2 3 30 8 73 10 13 14 37 2 53 1 51 17 3 0 13 6 38 15 86 18 63 16 25 9 41 11 27 12 36 13 22
