100 20
2 50 18 97 16 75 15 36 9 66 14 1 11 87 17 5 4 52 1 3 19 76 3 58 7 40 13 57 6 38 10 11 5 2 0 68 8 65 12 16
18 75 14 12 15 41 11 67 10 16 17 83 2 64 9 47 5 31 12 12 7 72 1 7 0 68 19 28 16 2 3 84 4 83 13 20 6 9 8 60
8 81 9 5 4 39 14 14 0 17 13 84 5 95 12 76 11 6 7 84 6 82 19 47 2 49 18 14 15 85 16 26 17 33 3 91 1 93 10 1
16 39 15 5 1 28 12 71 18 22 6 7 11 69 17 95 2 50 8 2 19 69 4 35 9 64 0 96 7 91 10 9 13 43 14 35 5 32 3 31
5 68 1 96 14 71 7 26 3 85 10 16 8 84 15 43 12 49 16 53 19 91 0 7 6 33 18 38 17 80 11 27 2 9 13 47 9 30 4 25
11 45 12 45 1 23 9 23 14 71 7 69 15 65 10 26 16 21 8 33 4 77 17 73 13 82 5 67 0 94 2 84 6 86 18 14 3 13 19 87
16 43 0 63 6 96 11 66 4 96 15 75 8 58 3 16 12 32 18 65 17 53 14 42 7 33 1 40 10 67 2 70 9 29 5 12 19 32 13 51
13 15 19 57 6 42 10 8 8 9 17 32 0 18 5 5 15 73 14 69 16 35 1 43 3 60 11 21 2 19 12 46 7 68 18 2 4 27 9 37
6 39 17 63 13 20 8 88 7 82 15 94 1 80 0 31 18 18 19 62 10 23 9 60 11 35 5 85 12 51 16 1 2 16 14 82 3 78 4 38
7 11 16 49 9 92 2 55 12 72 11 15 14 31 13 59 19 21 10 93 8 46 3 96 6 56 4 70 15 98 5 54 17 24 1 6 18 1 0 22
3 76 12 8 19 10 7 78 1 70 14 4 15 69 0 21 5 36 2 62 16 43 18 63 4 97 9 46 13 5 10 47 6 1 11 16 8 29 17 52
15 23 1 6 8 18 9 38 16 59 6 60 2 75 7 45 5 78 4 64 10 77 18 75 3 6 11 98 0 89 13 16 17 84 12 59 14 66 19 61
11 40 10 70 6 43 19 75 0 38 4 43 17 24 15 56 14 79 5 26 18 31 13 83 16 44 8 92 7 11 2 4 12 19 1 70 9 52 3 70
1 3 7 54 0 26 18 78 12 26 13 2 19 97 4 54 6 76 3 37 9 25 14 5 5 65 15 21 2 89 16 74 11 31 8 72 10 90 17 28
18 12 11 52 4 29 7 50 9 52 19 95 15 86 5 2 1 63 12 82 6 56 17 17 0 73 10 31 14 49 8 81 3 55 13 74 16 29 2 19
18 56 14 83 12 24 11 1 10 84 8 11 0 75 9 21 6 63 17 63 1 65 16 88 4 93 15 27 5 64 2 12 19 86 13 90 3 37 7 86
11 15 7 10 6 61 5 92 16 55 9 98 10 25 17 26 14 41 19 12 2 46 0 69 13 90 12 87 1 52 15 65 3 23 18 17 4 90 8 34
7 99 6 56 10 33 3 36 16 27 13 74 15 84 0 79 9 26 2 20 12 67 5 74 14 29 1 13 17 80 18 30 8 56 4 12 11 52 19 11
11 4 15 78 14 31 0 75 1 44 12 12 9 85 3 9 16 26 5 21 18 35 10 7 6 46 7 15 19 82 17 78 2 40 13 29 4 41 8 42
10 12 11 54 17 5 14 80 1 24 2 48 8 21 0 69 12 37 5 89 18 88 15 22 6 82 4 41 13 8 3 17 16 73 7 16 9 12 19 72
0 63 1 30 9 91 15 6 17 26 3 51 5 61 11 60 18 9 13 24 2 34 4 24 16 51 14 21 10 9 7 72 8 84 12 74 19 30 6 23
16 55 8 84 4 62 12 8 2 31 6 73 18 92 17 19 13 5 9 72 1 71 19 49 5 33 3 82 14 70 0 43 15 83 11 3 7 14 10 43
11 77 16 17 2 31 1 60 6 5 3 48 4 98 19 12 18 29 15 29 17 47 13 72 14 6 9 8 8 65 10 91 5 17 7 68 0 76 12 48
16 91 3 55 10 56 13 88 5 97 17 26 19 67 1 85 11 82 15 19 0 56 6 27 2 44 12 67 4 84 7 73 18 7 8 93 14 85 9 76
7 3 15 4 2 31 8 67 1 15 9 89 6 65 14 4 16 70 4 49 18 15 5 75 11 61 0 70 3 42 13 60 17 58 12 55 10 93 19 48
18 66 3 91 1 99 13 45 8 36 7 16 10 87 6 53 4 75 16 95 14 79 5 54 19 74 0 30 11 47 9 32 12 83 2 7 17 1 15 11
8 6 15 33 5 27 10 44 16 70 4 66 11 64 7 95 6 11 9 75 3 89 18 94 14 7 17 71 13 93 19 11 12 37 0 97 1 87 2 5
13 61 14 91 16 18 19 7 15 71 11 50 4 23 7 76 8 60 12 2 3 49 1 45 10 88 0 71 17 87 9 74 2 19 18 28 6 54 5 34
0 65 13 32 16 15 8 90 4 14 7 85 1 17 11 4 18 69 17 54 5 10 14 71 6 54 10 30 3 25 2 56 12 4 15 84 19 52 9 27
5 40 14 92 16 64 0 63 19 54 8 29 1 26 12 72 17 46 6 47 2 13 7 14 18 93 13 63 10 18 3 29 4 21 11 54 9 82 15 48
18 71 10 44 0 46 19 26 11 41 14 4 6 31 16 33 12 39 9 28 13 23 2 86 4 26 8 50 3 67 7 44 5 6 17 62 15 18 1 36
6 87 2 69 13 28 17 21 16 81 3 28 0 71 1 43 15 1 9 42 4 19 5 2 14 82 18 41 19 2 10 46 7 59 11 22 8 9 12 46
3 21 12 36 5 2 10 32 2 88 9 37 7 87 18 40 4 76 19 92 6 50 16 25 11 38 15 78 13 78 17 82 1 82 14 82 0 45 8 64
18 21 15 35 7 48 5 16 16 14 6 6 3 38 8 10 12 16 19 26 10 63 2 92 14 29 11 19 0 80 9 71 13 31 4 46 1 98 17 32
15 65 18 36 5 81 0 11 1 14 10 55 14 28 6 7 2 69 17 92 8 48 7 10 12 9 9 63 16 89 11 38 19 44 13 37 3 77 4 55
19 51 8 63 5 32 13 12 7 10 1 84 3 88 6 57 14 6 11 7 9 86 18 35 16 18 17 63 4 62 2 39 15 81 0 98 10 45 12 97
17 63 13 13 7 80 19 65 8 33 18 37 12 17 6 94 11 8 14 53 0 90 1 25 3 36 15 90 2 3 9 39 16 59 10 1 5 94 4 52
3 82 1 47 17 22 2 98 7 78 11 88 13 38 6 87 5 10 15 7 4 90 19 16 12 86 10 1 18 69 16 72 8 41 9 36 14 33 0 1
4 19 17 70 11 26 2 1 1 13 6 96 3 85 19 94 10 26 16 60 7 80 14 91 15 32 8 2 5 11 18 50 13 87 9 79 12 90 0 71
4 94 12 24 19 93 18 88 2 93 17 79 13 38 0 82 5 59 10 83 11 8 14 29 16 9 1 28 8 29 9 69 7 15 15 77 3 37 6 95
8 31 9 18 1 17 0 58 4 32 16 85 5 82 11 61 10 51 6 38 19 84 12 74 3 98 17 59 14 39 7 71 13 15 15 6 18 99 2 23
17 79 8 20 7 80 12 54 6 97 2 62 3 34 14 3 13 28 1 48 15 6 10 2 11 82 4 14 5 50 16 88 0 72 19 96 9 40 18 78
0 34 12 41 3 32 13 61 17 26 19 76 14 93 10 42 18 89 4 95 9 70 15 70 16 53 11 67 2 58 5 87 6 66 1 62 7 48 8 83
14 79 4 6 13 73 15 34 2 45 8 83 18 42 19 32 7 1 17 75 6 98 3 87 1 57 5 20 0 14 10 15 16 96 9 8 11 9 12 23
15 85 16 96 0 81 14 60 17 54 13 72 12 22 7 86 6 89 1 38 19 86 9 94 4 85 11 75 2 35 10 70 8 35 3 26 18 79 5 51
13 41 15 37 12 79 5 3 17 96 19 69 4 50 16 40 1 58 9 9 3 65 0 58 11 8 10 81 14 11 8 34 2 93 7 15 6 27 18 78
10 44 12 91 14 67 6 89 18 96 9 85 8 90 11 77 1 20 17 76 7 67 2 60 5 18 15 31 16 93 4 28 0 16 19 35 3 87 13 55
14 9 9 25 12 18 4 57 5 91 2 27 19 35 11 31 7 41 8 52 0 84 18 91 6 53 17 40 13 72 10 34 16 65 1 80 15 13 3 59
0 37 13 35 15 47 5 99 11 56 1 26 6 41 19 33 10 85 14 36 7 60 4 80 16 57 9 25 2 63 12 29 8 52 17 73 3 36 18 55
2 89 10 20 12 85 15 7 19 35 0 97 7 94 16 14 17 29 3 39 5 1 1 36 13 1 11 57 18 66 14 33 6 77 8 35 9 96 4 14
8 50 16 64 14 4 1 7 15 37 18 80 5 23 11 34 13 89 3 38 2 19 12 74 6 49 0 4 17 6 9 43 7 89 19 3 10 42 4 26
13 54 15 3 8 67 2 18 14 57 19 25 1 37 11 21 9 34 12 3 0 80 4 38 6 81 10 34 18 18 5 50 17 74 3 55 7 56 16 32
16 32 2 59 8 98 17 27 13 91 14 49 10 93 4 64 1 47 6 29 18 41 11 58 5 21 19 52 7 60 0 66 12 44 9 18 15 42 3 84
14 27 3 64 7 64 13 70 2 89 0 21 15 50 4 62 17 14 9 69 6 66 10 94 19 60 11 28 16 67 12 43 8 69 18 55 1 15 5 69
7 15 1 25 11 58 10 84 2 98 14 94 17 37 8 24 5 67 19 39 9 69 12 26 18 46 6 95 13 89 16 52 15 95 0 11 4 49 3 15
17 51 2 21 14 78 9 14 8 53 5 55 0 14 1 54 6 14 15 38 12 82 11 49 13 69 18 42 10 10 7 24 16 12 3 50 19 97 4 13
6 63 8 30 5 31 18 39 1 38 7 53 11 96 10 62 19 93 13 6 9 82 12 24 2 27 16 66 15 32 3 45 17 60 14 78 4 82 0 9
1 80 15 39 16 18 4 62 10 97 8 65 13 25 14 60 17 20 3 93 11 1 5 6 0 66 9 12 6 36 18 82 7 7 2 55 12 36 19 94
3 83 14 78 7 60 15 50 4 74 8 42 18 22 11 94 5 85 6 54 16 6 2 6 9 56 19 17 0 14 1 86 17 95 10 65 12 82 13 33
6 74 2 43 18 7 7 6 1 19 15 21 11 73 10 53 12 56 9 34 4 85 14 44 0 97 8 55 5 11 16 11 3 19 17 9 19 73 13 27
16 56 7 3 8 31 15 30 6 39 5 57 17 65 13 56 3 24 11 31 19 91 14 6 18 27 4 22 0 27 2 15 10 31 1 89 9 58 12 81
12 14 4 97 11 9 16 72 18 26 0 79 6 65 5 47 14 70 9 55 7 5 15 98 8 28 17 6 3 99 10 44 13 1 19 64 1 91 2 62
5 55 0 76 12 75 16 32 11 39 18 7 4 71 2 83 8 40 7 45 3 18 15 53 10 11 9 67 19 36 17 63 6 45 13 60 1 73 14 53
9 35 13 93 0 47 3 49 16 83 7 84 8 66 4 78 18 71 15 19 6 63 11 73 14 12 2 28 5 28 10 50 1 49 19 91 17 40 12 88
9 25 14 23 16 52 18 12 3 87 12 49 0 64 17 39 11 82 2 60 13 76 8 64 5 71 1 46 15 87 4 23 6 19 19 69 7 58 10 16
18 84 15 14 4 87 5 52 12 88 14 47 0 40 3 4 6 67 9 25 10 67 17 25 7 27 13 70 2 80 1 40 8 3 11 96 16 47 19 85
3 37 15 72 18 23 13 96 2 40 6 72 12 39 11 59 4 55 8 30 5 86 9 3 7 51 17 19 1 75 19 37 14 96 16 62 10 60 0 12
6 53 8 15 14 87 1 84 15 98 0 98 5 57 11 15 19 3 9 96 16 35 7 34 2 14 13 78 3 30 17 17 10 22 4 80 18 56 12 22
16 63 12 75 6 41 19 3 2 24 15 13 0 56 3 94 11 98 5 8 10 30 14 38 17 41 18 62 4 16 9 33 8 69 7 12 1 36 13 45
9 59 5 67 14 72 4 2 18 77 15 68 16 77 19 8 8 79 13 36 3 32 12 8 7 82 17 58 2 43 0 39 11 3 1 53 10 70 6 4
17 18 11 14 15 87 1 64 14 24 18 65 2 96 10 57 0 70 8 43 7 58 13 89 12 43 5 12 3 54 6 92 19 23 4 54 9 65 16 77
16 46 7 21 0 44 13 31 8 77 15 33 11 27 9 79 1 44 2 67 12 75 19 64 6 78 3 41 5 42 4 54 17 41 14 51 18 55 10 24
4 50 16 90 10 26 0 30 12 12 8 20 17 87 13 29 18 16 7 77 5 67 19 27 14 49 11 11 9 27 2 78 1 18 3 50 15 83 6 44
12 33 4 64 0 44 5 77 11 44 3 66 16 32 9 85 17 38 1 56 13 56 8 75 19 19 14 87 18 78 7 35 10 49 6 64 15 44 2 30
12 39 18 4 1 18 7 52 3 9 0 51 16 72 11 36 10 67 14 89 2 25 19 63 5 96 4 20 15 70 8 22 9 70 13 63 6 48 17 18
10 88 7 45 16 27 2 66 6 26 1 68 8 59 17 52 19 70 0 54 9 94 3 54 18 38 12 9 13 86 5 61 15 3 4 72 14 81 11 99
2 49 1 73 5 66 12 49 8 48 9 37 15 26 4 87 7 29 11 87 17 48 18 48 16 52 14 76 6 45 3 78 19 12 10 41 0 38 13 80
4 96 10 28 15 72 19 40 1 53 7 57 12 38 17 16 8 34 0 73 5 29 16 83 9 9 14 30 6 18 2 22 13 4 3 24 11 53 18 53
1 65 16 67 2 48 0 83 14 97 7 69 13 85 11 79 15 65 6 50 12 99 19 68 9 67 3 57 18 55 5 20 4 84 17 84 10 37 8 87
12 18 18 93 2 81 19 80 16 95 14 31 4 73 17 85 15 42 13 73 9 93 10 19 0 49 8 93 6 23 5 54 3 88 1 64 11 13 7 45
1 6 7 70 9 82 5 85 14 38 4 50 3 38 8 51 17 63 16 29 2 65 19 57 11 75 12 94 18 76 15 33 13 49 10 8 0 63 6 66
9 57 5 36 4 72 6 22 12 39 0 99 10 59 3 44 1 80 17 91 19 65 8 45 11 91 7 10 14 54 16 25 13 33 15 65 2 83 18 77
4 47 17 92 8 85 2 20 10 49 11 80 16 86 1 57 13 67 7 32 3 51 5 60 14 12 6 39 0 24 12 28 18 88 9 1 19 12 15 14
12 16 5 59 3 5 6 91 18 37 11 20 17 65 4 64 2 87 8 81 14 6 1 53 16 96 9 4 13 79 15 89 0 55 7 78 19 61 10 36
6 14 2 20 10 15 0 45 12 69 14 6 5 23 13 65 18 65 16 84 4 1 11 52 3 97 8 95 17 4 15 31 7 36 1 44 9 68 19 97
4 48 18 25 19 54 1 6 8 52 0 58 2 45 7 47 16 98 9 86 17 59 15 96 14 99 5 14 6 26 11 47 13 81 3 94 10 86 12 60
9 93 15 94 3 19 16 37 8 71 18 39 7 95 17 35 12 33 13 33 0 44 19 86 11 76 5 64 1 80 4 47 10 23 6 5 14 1 2 18
10 64 2 52 13 38 15 62 12 3 9 43 3 28 18 60 11 57 19 2 17 47 6 89 0 16 8 32 16 28 4 89 14 75 7 59 5 76 1 33
3 7 19 46 11 79 10 73 16 79 9 88 12 48 18 40 8 14 0 47 13 72 2 12 6 39 5 71 4 85 17 88 7 40 14 72 15 5 1 44
18 81 0 62 10 91 7 19 19 6 16 76 1 96 11 84 13 22 12 7 6 29 8 23 9 10 4 8 17 83 5 51 2 1 14 51 3 66 15 85
16 34 6 98 5 49 4 77 17 23 15 23 10 28 8 82 18 62 9 62 14 87 3 11 12 59 0 96 13 50 7 7 11 75 1 23 2 66 19 17
0 56 17 98 18 22 12 49 19 90 10 8 11 68 3 73 8 20 14 72 1 17 16 21 6 50 4 18 5 87 13 70 2 72 15 83 9 25 7 50
10 19 14 40 18 84 3 47 4 59 7 15 1 86 8 28 2 41 19 77 17 1 13 72 16 88 0 61 5 74 11 93 9 46 6 58 15 40 12 22
16 25 3 39 1 51 13 29 4 18 2 33 17 22 12 30 9 37 18 7 6 37 14 2 10 11 8 31 15 74 7 67 5 46 0 39 19 92 11 32
5 75 10 87 6 45 2 86 15 25 17 17 13 51 8 55 0 88 3 8 14 67 19 46 9 39 16 20 12 68 18 51 4 63 11 86 1 54 7 59
2 25 15 75 3 95 17 58 16 87 0 97 18 16 10 75 4 93 8 83 12 27 6 35 14 7 5 62 19 68 1 59 13 48 9 21 7 32 11 19
0 1 4 23 9 40 5 42 8 69 7 69 1 48 19 83 16 6 3 57 12 85 10 25 11 33 6 34 15 16 13 55 2 32 14 21 18 22 17 64
10 59 5 29 3 74 9 97 16 24 17 67 6 96 1 88 4 22 11 79 14 81 0 90 8 82 19 53 15 72 7 94 13 72 2 95 12 42 18 21
0 51 19 92 7 26 3 51 1 28 2 11 8 14 17 34 16 33 5 55 15 33 10 87 6 71 12 77 4 76 13 6 18 33 14 97 9 8 11 45
8 28 14 98 0 86 15 17 1 56 5 51 7 70 4 73 18 87 12 88 2 6 9 35 6 76 13 15 11 38 3 16 10 42 19 13 16 38 17 99
