100 20
14 90 3 7 13 67 12 1 6 15 9 83 17 29 2 98 7 35 10 78 15 96 18 32 16 97 5 70 19 96 8 30 11 51 4 74 0 96 1 28
0 44 10 13 18 41 5 96 17 15 16 14 8 70 9 23 4 1 3 38 12 18 6 62 15 55 2 78 14 60 1 8 7 6 11 93 13 74 19 76
11 1 10 61 3 18 8 58 5 78 4 27 18 54 6 64 2 62 7 26 1 59 14 23 9 63 13 29 17 32 12 95 16 72 19 14 15 2 0 10
10 88 13 56 18 41 4 57 5 4 1 34 15 85 14 67 19 28 8 41 11 7 12 65 9 79 7 48 2 63 16 75 3 79 17 69 6 70 0 4
8 57 1 52 9 89 16 2 11 85 0 20 3 85 2 22 6 77 7 58 14 50 17 56 15 78 12 52 4 1 5 34 10 64 19 39 18 11 13 50
18 85 14 3 15 61 16 46 7 82 2 16 9 37 6 65 1 55 8 88 4 65 12 54 3 24 0 71 10 76 11 64 13 16 17 57 19 14 5 87
15 76 16 37 13 27 17 45 19 28 7 90 12 50 2 40 1 26 14 14 11 91 18 42 10 65 6 37 8 78 4 57 9 17 0 13 5 76 3 42
17 72 8 32 11 36 3 64 16 99 1 79 6 91 2 12 12 77 15 90 9 88 0 36 18 74 7 15 19 78 5 27 4 36 13 80 10 70 14 26
1 68 19 56 8 86 12 77 14 60 15 70 6 40 3 42 9 13 7 93 17 6 16 98 4 15 13 85 0 55 11 45 18 1 10 82 2 82 5 27
2 41 3 68 17 17 14 72 8 80 19 69 15 8 13 3 5 75 1 31 7 31 9 57 12 6 0 45 11 15 6 80 4 53 18 61 10 32 16 19
19 12 13 83 8 53 5 76 15 63 9 45 18 61 7 83 10 13 12 24 17 68 3 35 2 42 1 67 11 2 4 13 14 61 16 92 0 8 6 3
14 98 2 24 8 28 4 93 6 35 1 13 3 20 12 9 18 46 16 66 0 84 11 19 17 87 9 1 15 57 7 64 19 75 5 11 13 58 10 24
17 49 8 66 16 22 12 11 3 54 4 46 10 32 15 52 2 43 9 48 11 46 19 20 13 62 6 31 14 47 0 75 18 69 7 59 5 47 1 41
11 31 2 80 6 30 3 52 16 32 7 87 19 6 14 88 1 80 4 98 5 15 18 6 0 74 17 39 9 64 10 20 15 17 12 70 8 22 13 62
0 42 3 73 18 49 17 86 1 6 7 20 8 62 12 42 11 10 9 71 15 95 13 11 5 89 16 3 4 68 10 89 2 9 14 36 6 66 19 85
7 16 17 95 16 15 3 6 8 75 10 91 18 33 13 27 14 8 0 66 12 83 19 45 1 95 9 67 5 59 4 18 6 7 11 94 2 24 15 24
3 61 15 1 6 26 11 54 2 22 19 28 1 15 8 57 5 97 7 12 14 27 9 76 16 63 4 11 12 30 10 28 17 22 0 23 13 80 18 88
15 17 5 45 6 42 2 43 9 23 18 44 11 39 10 85 16 51 12 74 14 32 3 92 13 64 4 9 7 32 1 29 17 70 8 42 19 4 0 32
4 29 8 69 14 75 6 65 11 24 2 22 9 5 16 90 18 30 3 38 17 41 0 14 10 7 7 38 15 44 1 95 5 53 13 87 12 69 19 92
3 98 1 27 7 57 2 86 13 49 17 8 4 7 8 29 19 35 5 95 14 45 16 19 18 73 11 23 10 92 0 73 6 79 12 27 9 70 15 73
17 49 0 37 15 95 14 83 19 90 11 22 2 86 10 44 18 78 8 79 12 46 7 38 4 69 1 67 13 5 3 69 6 99 16 78 5 97 9 8
10 55 5 18 1 81 13 5 3 47 2 45 9 78 11 22 15 12 12 64 16 37 14 32 7 87 18 62 6 21 19 71 0 85 17 89 4 68 8 77
11 74 18 84 17 59 2 17 12 77 7 12 19 99 5 89 15 32 16 69 14 79 4 67 0 29 6 62 1 83 8 66 10 6 9 27 3 30 13 73
9 82 3 40 18 63 19 73 13 52 10 1 4 23 6 24 8 70 11 49 0 76 2 76 14 59 17 84 15 26 1 33 12 84 16 11 5 65 7 80
10 27 19 98 9 82 13 78 18 1 12 73 11 68 3 79 15 24 5 81 2 31 0 63 6 76 17 56 7 45 14 82 16 93 8 50 1 76 4 80
12 68 11 22 1 19 15 37 8 23 17 7 6 78 5 1 7 88 16 47 4 99 3 8 13 38 14 1 2 9 19 24 18 93 0 17 9 60 10 65
1 77 14 93 5 65 18 92 4 4 17 25 12 21 2 5 16 94 13 37 6 12 3 14 19 56 7 87 9 64 0 61 10 94 15 39 8 25 11 71
17 51 18 70 2 34 0 81 5 19 12 63 3 33 10 65 13 23 11 40 6 29 15 71 9 6 16 30 19 61 8 43 1 34 14 62 7 93 4 81
5 35 10 8 6 82 4 45 8 19 14 44 17 14 16 65 3 40 13 62 19 51 15 64 9 82 7 37 11 50 18 56 0 89 12 17 2 12 1 48
2 62 9 76 19 49 5 50 6 56 18 79 1 87 8 14 16 74 11 1 0 95 13 32 4 54 7 57 15 32 10 41 17 54 12 7 14 61 3 20
11 22 4 78 17 32 9 87 16 23 19 28 8 66 3 56 0 67 7 97 1 34 13 61 5 47 12 86 15 46 14 72 6 59 10 85 18 43 2 24
4 27 2 93 14 17 9 61 7 70 3 73 18 36 5 94 13 39 17 82 10 86 12 4 16 39 6 30 11 50 0 44 19 44 8 35 15 78 1 52
3 46 19 6 4 60 10 28 0 66 11 65 18 14 14 19 7 19 12 41 15 10 8 66 17 94 5 53 9 49 16 30 13 91 2 77 6 91 1 77
12 97 11 87 9 40 2 19 8 31 19 67 18 46 15 67 7 93 0 38 1 20 6 79 4 44 5 38 17 44 3 20 13 54 10 41 16 68 14 49
14 26 3 65 8 19 13 17 16 73 4 40 15 68 10 25 0 51 11 87 18 14 6 91 2 42 17 89 9 38 1 32 7 72 19 91 5 14 12 11
1 50 19 42 5 31 4 15 17 62 14 25 3 53 11 2 13 71 7 93 15 95 10 10 0 87 2 5 16 93 12 16 6 64 18 5 9 8 8 85
0 16 10 39 12 14 19 8 5 94 6 8 3 76 15 49 17 43 9 47 13 73 4 39 8 18 7 77 18 96 2 19 1 53 16 2 14 37 11 75
1 77 6 52 11 45 0 50 9 88 12 50 8 98 7 88 14 94 5 52 13 88 17 79 15 19 3 48 2 52 10 17 18 67 4 62 19 49 16 76
3 36 4 13 16 13 0 94 7 80 18 68 17 30 10 22 8 56 19 95 2 61 13 57 12 69 5 25 9 94 15 22 1 55 6 92 14 14 11 20
1 99 10 16 11 88 2 61 3 77 14 62 19 5 7 86 15 45 12 22 13 39 17 45 0 54 18 19 8 66 5 33 4 3 9 5 6 45 16 80
10 64 18 42 8 59 13 33 0 23 19 66 16 24 17 53 9 54 11 19 14 45 2 12 12 92 15 27 1 24 4 91 3 13 7 13 5 30 6 70
16 66 17 86 10 47 4 71 0 5 19 95 7 19 15 27 5 41 12 76 6 60 2 4 18 89 9 73 14 20 13 65 3 12 11 82 8 2 1 39
7 37 12 27 17 13 14 93 13 67 1 81 18 27 16 97 6 3 5 86 2 62 3 94 8 96 0 66 19 74 4 47 9 94 15 94 10 56 11 84
7 96 8 87 18 65 17 39 1 72 13 34 15 44 4 83 3 87 9 79 19 78 10 30 6 91 11 62 14 64 16 51 12 54 5 22 0 68 2 13
18 75 14 23 4 72 19 49 11 21 3 62 13 9 8 65 5 19 1 70 12 37 15 64 10 15 6 22 2 27 16 3 7 46 0 12 9 66 17 72
10 77 5 93 14 32 8 72 15 48 2 20 3 77 12 41 11 41 0 81 9 89 7 99 1 42 19 10 18 35 6 83 16 2 4 40 13 42 17 11
11 39 10 59 1 29 14 69 13 83 4 27 9 30 18 11 0 33 15 72 17 71 2 15 12 85 5 81 7 58 8 24 19 24 3 65 16 20 6 80
9 70 13 68 17 74 1 14 16 9 2 17 19 10 3 77 14 79 4 83 10 93 5 63 11 99 15 55 8 20 7 78 0 23 12 98 18 31 6 34
10 6 5 87 0 75 19 2 2 29 12 95 11 25 3 19 7 38 8 60 4 8 17 73 13 37 6 34 15 28 18 74 1 53 9 64 14 39 16 48
16 41 19 63 5 43 6 77 10 94 2 11 15 73 8 20 12 69 13 82 1 11 17 79 18 80 3 39 7 87 11 44 14 19 9 71 0 86 4 23
10 23 7 45 19 36 3 53 5 82 11 70 14 5 12 94 17 44 16 50 18 56 6 99 2 58 13 87 8 90 1 2 4 90 15 59 0 12 9 61
5 92 0 88 16 12 3 58 7 88 9 71 11 64 8 2 4 20 2 97 19 90 12 5 18 27 14 81 15 71 13 7 17 9 10 47 6 31 1 46
5 41 9 20 16 71 13 10 1 19 4 96 0 56 15 41 18 29 2 56 11 90 3 81 7 23 17 49 8 73 19 23 6 90 10 60 14 29 12 26
14 70 19 72 0 83 1 82 18 37 5 68 3 60 2 8 8 95 10 61 6 39 16 37 7 22 13 72 15 69 12 85 11 3 9 54 17 78 4 98
14 13 6 30 5 74 19 98 15 45 1 18 4 50 13 4 0 84 3 57 2 42 7 45 11 31 12 20 16 91 17 99 9 58 18 43 8 89 10 15
11 43 17 82 15 84 12 59 3 51 0 58 19 20 9 65 18 30 16 81 5 44 4 32 10 58 8 88 13 15 14 37 7 33 6 20 2 61 1 93
2 33 18 30 9 7 15 4 5 41 6 86 3 10 16 80 14 44 4 74 7 32 12 81 1 62 17 85 19 50 0 1 10 57 11 52 8 21 13 24
16 73 2 61 12 97 10 53 11 15 6 79 13 27 0 29 4 62 1 45 17 61 14 26 15 77 7 7 3 76 19 64 18 22 9 40 5 70 8 89
4 67 3 36 18 34 13 51 12 73 10 48 2 88 11 8 16 34 6 1 7 21 14 64 5 27 17 38 8 30 19 51 0 42 15 88 1 55 9 4
19 35 18 1 3 54 10 50 12 21 8 6 1 80 11 16 14 55 13 46 6 85 16 85 4 27 15 15 5 27 7 84 9 94 2 74 0 35 17 94
0 73 3 43 5 98 17 22 10 8 6 74 13 44 11 71 16 17 8 7 15 96 14 89 7 31 9 83 12 32 4 81 1 28 18 5 19 18 2 50
5 46 6 19 14 46 7 14 1 32 19 64 9 4 8 25 16 97 15 82 17 65 2 48 3 33 12 51 10 69 13 92 11 78 0 22 18 71 4 13
10 41 6 19 4 81 3 10 11 14 14 93 0 39 7 91 8 23 18 20 15 87 16 8 5 75 19 10 9 26 17 14 1 36 12 29 13 77 2 1
18 66 2 49 15 30 14 39 3 63 11 53 17 34 5 5 9 58 8 40 16 7 19 25 4 5 12 58 7 5 13 6 0 45 6 12 10 49 1 29
2 64 13 90 9 91 17 27 1 74 16 17 5 64 4 23 11 50 18 41 8 99 14 46 7 90 6 33 15 63 19 97 12 16 0 21 3 57 10 72
5 41 17 75 15 61 12 32 2 62 4 26 0 17 8 36 13 65 3 77 18 9 16 49 9 30 1 75 14 23 11 76 10 44 7 4 19 74 6 16
18 49 3 49 4 36 15 44 11 8 1 10 9 41 7 21 10 57 5 30 14 44 8 97 12 42 6 74 16 69 17 66 19 53 0 45 2 53 13 29
18 54 6 41 8 15 0 55 16 68 1 74 19 75 9 1 10 39 17 50 15 68 12 28 3 96 13 36 7 82 2 30 14 23 11 58 4 72 5 70
11 31 9 63 6 94 15 28 18 43 0 66 3 31 12 81 7 15 19 52 8 66 1 58 17 67 14 18 13 67 4 98 5 31 2 25 10 97 16 66
0 18 1 26 11 72 4 11 14 72 17 79 12 88 19 74 10 95 18 6 8 51 9 58 13 75 7 67 3 87 5 77 16 20 2 7 15 36 6 3
13 45 4 45 2 77 5 75 10 54 12 16 6 90 17 72 18 85 7 44 19 25 11 63 1 43 16 28 9 96 0 82 3 21 8 26 15 80 14 23
16 63 5 84 4 65 19 72 8 1 6 88 13 45 17 18 12 75 15 16 2 36 9 63 14 59 7 48 18 15 1 31 0 27 10 5 3 41 11 76
3 57 17 60 2 62 9 91 0 88 13 15 7 56 16 82 11 11 6 69 4 20 8 61 12 61 5 96 15 94 19 68 14 7 18 13 10 79 1 73
7 28 14 57 2 24 12 8 13 32 10 26 8 29 18 14 0 97 9 61 11 80 15 65 5 79 3 74 4 97 1 64 19 68 6 78 17 69 16 69
9 86 14 95 11 82 12 24 19 69 15 21 7 69 1 75 4 92 17 64 6 19 3 79 0 36 8 21 18 56 5 28 13 79 16 11 10 80 2 21
6 60 1 68 12 70 3 16 18 16 10 10 2 31 8 51 14 24 16 91 7 69 19 17 5 95 4 44 0 87 11 3 9 65 13 99 17 16 15 78
12 38 11 4 18 47 5 75 14 46 15 64 2 31 10 83 16 14 4 28 13 31 6 31 3 74 9 83 7 16 8 22 17 18 19 78 1 4 0 23
11 59 19 65 9 11 3 68 0 15 6 41 13 70 14 68 4 37 8 86 7 34 15 57 12 21 17 10 1 85 10 85 2 84 18 45 16 10 5 57
14 5 19 43 7 82 1 88 2 56 15 24 4 42 6 53 16 79 0 31 10 16 11 22 9 73 18 31 12 44 3 23 8 80 5 90 17 97 13 86
16 87 11 11 4 17 19 61 10 43 8 9 18 83 6 67 13 86 12 42 7 78 1 97 15 75 0 32 3 67 14 29 5 52 2 77 17 78 9 5
15 75 4 86 10 82 9 71 16 74 11 5 17 7 8 4 5 65 6 89 12 41 2 72 1 96 7 59 13 71 18 86 14 20 3 60 19 24 0 64
10 77 6 93 1 46 7 90 2 46 13 63 8 87 15 9 0 44 17 73 11 84 4 10 9 29 16 57 19 81 12 92 3 50 14 84 5 23 18 17
14 28 3 23 18 54 2 19 13 93 6 77 9 63 4 6 8 58 11 62 15 74 1 37 10 61 19 60 16 39 0 65 7 88 17 28 12 76 5 94
12 98 9 43 0 65 3 65 6 45 11 41 14 76 1 3 17 16 10 12 2 69 4 45 15 88 16 24 8 53 19 30 5 85 7 31 18 76 13 35
8 94 17 52 13 40 11 11 9 78 1 21 16 61 15 50 10 5 6 36 18 36 5 52 4 47 12 55 2 96 0 14 14 53 19 83 3 64 7 95
14 96 3 72 0 14 10 39 13 57 15 59 7 49 16 23 11 30 8 83 5 77 1 82 12 4 17 83 4 67 9 96 18 84 19 51 2 53 6 42
12 60 16 87 11 38 18 39 4 16 9 81 14 61 6 94 3 10 17 46 10 95 5 51 1 17 19 24 2 91 13 16 7 20 8 99 15 55 0 7
14 90 7 95 15 92 1 27 12 56 6 17 17 59 0 62 10 44 8 27 4 51 11 65 13 13 2 98 3 51 16 9 19 62 18 33 5 15 9 13
16 36 1 18 4 83 19 55 2 28 13 76 0 27 6 48 7 31 9 4 15 64 18 65 14 97 3 4 17 98 11 23 12 42 5 40 8 38 10 72
1 87 8 89 13 73 19 67 2 95 0 61 15 78 3 84 4 68 10 44 16 33 17 93 6 37 14 98 11 46 7 13 9 77 5 8 18 23 12 37
4 53 7 65 3 86 12 39 14 11 11 66 1 60 19 51 2 30 15 90 0 92 9 60 16 93 8 40 17 28 18 29 5 56 10 61 13 85 6 51
13 31 16 94 2 45 7 57 5 83 10 29 3 43 11 19 14 63 1 82 4 67 9 49 6 64 15 17 12 62 8 92 18 87 0 82 19 4 17 57
12 87 15 85 18 83 13 18 16 52 0 47 14 98 1 70 6 1 3 96 11 17 9 69 10 63 19 9 8 13 7 34 5 92 4 11 2 64 17 88
9 46 2 79 5 27 1 51 0 13 16 27 3 47 17 95 11 52 10 90 14 92 12 68 19 68 8 89 15 66 7 45 4 1 18 39 13 29 6 52
10 56 18 5 17 92 14 57 16 80 5 80 4 79 7 58 3 1 8 57 13 39 6 15 0 78 19 12 11 3 12 53 2 36 9 75 15 24 1 45
16 25 17 30 19 35 3 29 15 91 4 35 0 94 1 73 5 26 2 39 13 86 11 83 9 56 6 5 12 16 18 36 8 15 7 80 10 84 14 76
7 27 12 89 2 21 6 15 17 88 19 42 1 8 15 52 11 85 14 49 18 87 0 5 9 73 10 43 16 69 4 44 13 45 5 6 3 19 8 15
3 33 12 43 15 19 8 8 10 31 9 42 16 7 1 55 14 89 2 77 18 4 7 59 13 22 19 84 6 75 5 3 11 40 17 13 4 7 0 35
17 46 2 48 8 99 13 64 18 54 4 10 16 46 14 58 15 52 9 34 11 87 5 90 19 74 6 49 10 64 7 63 3 3 0 84 12 61 1 94
15 43 17 24 3 78 9 88 4 75 16 34 5 56 1 92 14 71 18 32 11 30 12 47 13 50 6 21 8 9 0 28 10 30 2 66 7 15 19 28
