100 20
12 90 15 35 5 77 9 93 8 69 0 38 14 67 11 77 2 76 18 5 19 10 17 30 4 36 3 70 16 9 6 45 1 79 10 89 7 7 13 44
10 43 16 34 14 66 19 78 9 47 18 96 12 77 3 33 2 96 4 24 5 69 11 69 6 31 8 57 17 35 7 77 15 30 13 62 1 51 0 28
5 87 9 22 18 89 0 8 15 36 10 27 14 29 12 62 4 76 11 39 13 23 6 26 8 37 17 40 2 98 7 73 16 44 19 26 3 1 1 54
12 27 10 83 5 88 6 41 1 27 4 27 7 91 15 94 9 50 11 46 16 83 8 29 18 45 0 45 17 71 3 5 19 97 14 75 13 17 2 73
12 50 2 54 7 35 8 35 3 76 4 50 19 26 15 1 6 73 5 52 13 12 17 68 11 78 1 67 18 99 14 33 16 28 0 82 10 99 9 74
12 96 11 63 1 11 7 3 10 3 8 33 16 45 4 62 18 18 15 23 9 90 6 8 14 57 19 48 17 82 0 13 5 81 13 62 2 2 3 60
15 38 5 11 13 67 4 80 14 80 10 88 17 26 2 92 3 99 16 19 18 60 19 47 6 89 7 16 12 51 8 41 1 91 11 86 9 49 0 87
9 35 16 43 4 65 18 13 15 50 13 17 8 44 2 85 17 67 14 46 19 39 3 35 5 18 10 32 1 20 11 35 12 7 6 30 0 81 7 79
14 18 3 16 11 66 10 90 8 34 0 79 1 67 7 43 12 73 6 64 16 82 2 82 17 44 15 23 18 50 5 10 13 57 9 72 19 54 4 68
7 24 10 14 2 72 17 58 0 37 13 10 8 57 19 22 1 31 12 63 18 14 15 30 11 22 16 49 3 28 6 94 4 51 14 4 5 65 9 91
18 62 17 17 5 61 9 11 2 54 19 57 7 41 13 85 10 39 11 9 14 13 4 77 6 79 1 65 15 91 0 61 16 17 12 82 3 16 8 42
5 85 2 93 6 91 17 56 0 78 3 34 4 99 9 19 8 16 12 67 10 91 15 12 11 63 13 59 1 88 18 52 14 76 19 97 7 3 16 82
2 96 1 48 12 15 17 45 14 92 7 68 10 4 15 88 11 68 5 30 8 85 3 62 6 40 19 6 9 85 4 61 16 67 0 72 13 65 18 88
9 2 5 16 0 50 13 50 7 34 8 98 16 33 4 40 12 87 14 71 2 75 18 46 19 66 11 82 1 44 17 89 15 57 10 95 3 60 6 54
2 23 3 18 17 42 11 31 4 57 5 45 18 67 8 55 14 40 19 41 9 19 6 71 16 43 12 37 0 45 1 90 15 68 13 40 7 94 10 90
2 98 5 74 17 24 4 81 11 24 12 92 19 80 15 70 18 32 7 52 14 2 16 58 3 39 1 52 8 97 6 49 13 4 10 35 9 36 0 12
12 13 13 45 10 48 2 54 3 43 5 99 11 56 14 77 9 14 15 28 16 47 6 97 0 99 8 32 18 72 4 76 7 12 1 37 17 82 19 72
11 74 4 91 3 4 1 34 12 53 17 22 18 53 15 71 7 14 14 80 13 70 2 11 0 52 16 54 10 49 9 18 19 27 8 58 6 57 5 75
7 33 0 35 14 79 5 64 16 35 19 67 13 29 17 88 1 73 2 3 9 30 15 20 6 79 18 89 4 96 11 78 10 20 12 40 3 22 8 89
4 26 2 46 17 45 3 46 7 40 5 49 13 38 15 42 11 21 16 73 1 82 18 33 9 7 6 24 14 44 12 52 19 40 8 79 0 66 10 83
11 74 16 94 17 27 14 90 6 14 15 31 10 98 0 45 19 83 13 19 7 29 5 66 12 74 4 99 8 94 9 8 1 85 18 1 3 76 2 3
5 49 19 17 9 16 16 88 15 91 6 8 8 81 17 85 14 6 13 3 11 59 18 74 3 43 10 88 2 84 4 91 0 46 7 62 12 65 1 14
5 38 10 10 1 74 18 30 14 24 2 82 13 56 3 65 7 61 8 15 6 13 16 37 11 93 4 22 17 34 19 55 9 10 15 76 12 20 0 12
0 20 5 69 17 20 11 2 2 84 19 5 8 53 3 76 13 87 15 31 10 76 6 26 14 45 1 37 7 76 12 11 16 78 9 50 4 87 18 52
1 36 13 70 14 31 3 38 10 92 9 57 18 20 15 16 2 22 5 36 0 33 19 16 17 85 7 27 12 73 4 35 16 86 8 41 11 41 6 60
17 66 0 88 12 3 7 97 5 43 18 58 10 61 11 68 6 81 16 15 8 96 2 68 15 51 13 88 4 29 14 2 19 63 9 68 3 68 1 61
4 2 16 8 2 84 6 82 9 61 11 96 5 97 7 85 0 74 17 89 18 38 13 23 8 66 12 52 1 67 3 60 19 25 15 77 10 22 14 98
3 47 16 65 4 33 2 36 12 58 1 92 19 89 8 17 10 37 15 23 5 94 18 44 11 83 9 21 0 80 17 41 7 89 14 13 6 92 13 20
14 4 3 41 11 38 5 72 13 43 7 99 1 69 6 43 15 87 2 96 9 97 0 61 10 56 12 31 18 49 19 23 8 91 16 51 17 66 4 30
5 89 16 71 19 88 9 82 15 66 8 38 13 8 4 40 0 45 3 93 18 43 11 89 12 35 6 43 17 72 1 4 10 29 14 43 2 57 7 97
17 13 5 85 14 20 8 18 12 10 13 60 9 87 19 18 3 1 18 28 1 40 16 19 0 67 6 56 10 14 2 59 15 88 7 97 11 82 4 21
2 81 17 63 5 78 7 82 6 36 4 33 13 91 12 4 15 72 18 61 3 8 8 29 10 80 1 19 0 96 16 64 11 72 19 89 14 53 9 34
0 39 18 52 12 49 5 30 10 82 13 38 15 94 19 78 1 1 4 16 17 53 14 27 16 28 9 76 2 65 7 60 8 21 3 55 6 5 11 58
13 81 3 47 16 59 18 8 8 26 12 1 19 57 5 98 15 95 17 64 4 82 14 23 0 73 6 82 10 12 1 94 11 94 2 65 7 62 9 11
4 94 15 21 17 28 12 32 14 74 9 46 0 29 2 18 11 60 3 68 7 64 5 26 18 55 13 13 1 90 10 81 19 15 16 13 8 27 6 1
1 47 5 61 14 48 19 60 4 69 9 5 16 37 3 28 6 24 10 55 12 94 11 83 18 23 0 78 13 28 15 35 7 4 2 99 17 93 8 9
14 47 7 91 10 21 3 51 9 86 6 90 15 89 19 22 5 14 17 37 4 11 2 32 12 30 18 78 8 60 11 34 1 49 16 84 13 36 0 13
6 3 0 38 7 88 9 72 2 21 16 79 18 57 5 48 14 13 17 16 4 94 13 70 10 57 11 52 19 87 1 68 12 51 15 95 8 76 3 73
12 28 1 54 3 86 13 6 7 93 5 66 0 38 4 17 17 41 9 14 10 30 6 66 2 1 16 53 8 24 14 41 11 76 18 56 15 46 19 67
17 26 19 79 2 70 6 32 11 85 15 77 4 64 0 86 14 90 3 65 5 60 10 48 18 16 8 41 9 96 7 74 16 14 13 67 1 42 12 9
12 94 13 27 16 46 10 42 3 81 9 53 15 49 18 74 8 58 4 84 11 15 1 10 2 17 17 57 7 22 6 61 0 73 14 48 19 44 5 16
1 96 19 41 17 67 18 64 14 85 7 96 8 13 16 42 4 15 13 27 9 68 12 20 11 27 5 49 15 31 10 77 2 35 6 84 0 54 3 48
8 18 2 17 13 7 0 96 10 61 3 48 11 29 5 61 18 41 9 95 12 15 16 90 1 68 4 41 15 29 19 93 14 81 7 42 6 46 17 13
18 41 15 14 12 82 5 29 17 78 8 59 13 86 1 70 0 62 16 34 3 65 19 23 6 63 2 11 14 89 7 53 11 54 10 50 4 2 9 79
9 32 2 38 4 71 16 6 3 96 8 29 13 72 10 15 18 24 6 30 1 69 12 60 17 67 14 46 0 92 11 76 19 94 7 96 5 58 15 30
17 89 6 10 3 66 2 32 5 16 9 11 18 69 19 7 13 51 11 70 4 6 14 26 8 1 1 42 12 42 16 54 15 62 0 17 7 86 10 86
8 14 0 92 9 56 4 99 5 53 14 48 1 29 2 96 19 89 12 23 16 31 11 4 6 44 18 93 17 91 7 6 10 77 3 17 13 90 15 2
10 14 5 78 13 66 2 54 17 14 16 97 11 25 3 77 7 53 15 10 0 40 19 9 4 56 9 98 14 37 6 88 18 44 12 29 8 53 1 31
17 59 18 15 15 20 11 95 0 57 4 72 3 32 6 19 16 41 10 97 13 64 8 37 1 5 14 52 7 63 9 50 2 96 19 28 12 2 5 16
15 93 17 72 18 82 2 90 7 20 19 66 10 91 9 36 12 95 0 44 5 45 6 73 3 93 16 7 8 8 13 85 1 44 4 41 11 82 14 63
15 50 7 3 19 9 16 94 11 11 14 5 12 44 8 14 2 34 9 32 4 84 1 58 17 54 0 66 10 70 3 93 6 11 18 4 13 51 5 71
12 95 4 6 18 47 0 88 19 65 14 6 13 43 7 73 1 14 10 1 17 68 15 30 11 99 5 54 6 16 8 42 2 76 9 71 3 39 16 5
3 94 15 53 6 42 13 27 0 60 12 65 2 17 10 92 5 82 19 7 16 80 4 79 17 67 14 68 11 57 1 97 8 16 18 97 9 72 7 25
15 48 13 17 14 72 5 2 3 61 6 93 9 30 2 73 12 79 10 31 18 93 0 46 7 14 8 46 11 47 17 90 1 94 4 56 19 55 16 14
5 18 15 79 2 27 12 25 8 81 14 96 19 53 11 57 1 63 10 71 0 66 3 83 9 79 18 44 16 76 13 76 7 8 17 39 4 44 6 89
8 4 11 57 2 28 18 7 13 33 5 4 4 77 19 71 17 97 10 7 9 63 6 35 15 72 3 79 14 93 0 38 12 48 7 7 16 76 1 21
5 52 4 47 3 57 6 74 14 95 9 27 16 12 11 80 12 4 15 70 18 67 8 62 7 95 10 58 17 38 1 25 19 76 2 85 13 90 0 26
11 36 0 25 13 13 3 31 10 26 5 54 18 37 6 58 12 9 16 5 7 76 19 65 1 75 14 27 15 46 17 33 9 89 2 89 4 92 8 9
10 86 16 49 14 85 19 5 5 88 12 38 17 22 15 92 4 52 6 95 18 73 8 17 3 15 7 9 9 23 2 76 1 79 11 87 0 59 13 48
17 60 10 13 13 43 16 60 15 7 7 80 6 43 0 28 18 29 5 6 8 14 14 79 2 42 11 62 1 37 19 11 9 21 4 34 12 80 3 74
1 66 14 79 12 34 8 4 19 79 6 17 7 13 0 2 17 22 9 19 10 87 15 82 13 86 5 67 16 6 3 70 2 54 4 87 11 63 18 47
3 49 18 56 5 37 17 50 8 68 0 53 10 69 2 80 12 57 16 25 11 80 19 38 1 31 6 63 15 59 14 53 7 47 4 1 9 1 13 60
6 25 9 51 1 46 13 58 3 66 5 87 0 37 10 7 16 33 17 75 7 45 12 47 8 58 4 55 15 28 14 24 2 25 11 21 18 56 19 41
12 43 8 15 11 5 15 66 18 89 0 51 19 19 13 6 16 63 6 89 7 66 10 86 2 18 9 26 14 57 3 4 17 79 5 85 1 89 4 51
19 67 11 12 15 14 6 54 10 80 13 10 5 81 3 73 9 11 8 39 18 49 1 90 17 86 7 17 0 89 2 5 12 72 16 39 14 80 4 27
5 98 1 33 9 69 0 72 18 77 4 62 8 28 16 52 15 18 14 1 6 69 2 94 17 99 3 86 12 69 19 48 7 23 11 23 13 26 10 8
17 11 0 77 10 47 14 44 19 44 1 77 3 5 7 70 13 64 12 31 18 53 6 50 9 42 8 18 16 47 2 27 15 64 5 12 11 82 4 93
18 15 12 42 11 46 8 52 10 92 5 7 16 53 4 68 0 42 9 74 2 55 1 32 6 57 19 49 17 22 13 26 14 16 7 22 3 15 15 80
2 37 9 9 13 23 7 69 3 90 15 8 8 10 10 73 1 52 16 91 19 92 17 51 11 15 6 25 4 66 0 23 5 1 14 35 18 57 12 24
1 96 15 8 16 14 3 69 18 72 11 30 2 58 8 70 4 37 6 50 12 85 7 42 10 11 9 17 17 63 13 2 19 20 14 27 0 7 5 38
6 36 4 69 11 34 5 87 3 18 14 49 0 49 15 23 7 85 2 57 9 72 8 42 1 86 17 12 18 91 13 6 19 94 12 17 16 54 10 76
19 76 9 55 7 74 6 87 11 33 10 63 3 43 16 76 13 82 1 96 18 23 12 61 15 15 4 45 8 92 17 73 5 75 2 54 14 64 0 4
16 2 6 66 11 51 4 72 18 47 12 55 17 13 14 83 19 10 8 45 0 42 7 76 5 97 1 77 2 32 15 19 10 35 13 7 3 75 9 12
3 35 11 73 1 61 13 34 9 27 15 87 5 83 17 1 12 81 14 77 18 58 8 58 16 66 6 93 7 32 10 9 19 13 0 91 4 61 2 72
17 65 15 61 0 66 16 3 8 99 13 13 7 88 11 4 5 17 14 10 12 44 3 30 18 23 2 92 10 83 6 39 4 64 9 91 19 31 1 54
8 61 9 27 7 79 11 11 1 71 13 49 19 77 5 8 0 89 6 84 10 60 14 52 4 11 2 84 3 75 18 22 17 45 16 8 15 35 12 18
15 42 13 24 16 66 0 79 19 48 3 12 5 47 1 92 7 93 18 95 6 20 12 85 14 53 17 77 2 48 11 77 8 20 4 21 10 18 9 72
9 79 10 35 7 29 4 72 15 31 17 30 8 26 13 67 0 39 5 91 3 10 6 40 2 30 19 27 16 99 1 79 11 9 18 29 12 95 14 53
13 43 14 24 2 86 5 50 4 10 1 53 18 82 12 96 3 59 8 11 9 15 19 80 7 85 16 67 15 25 11 29 17 73 6 76 0 83 10 99
17 91 7 97 14 4 13 72 4 34 1 52 19 70 12 80 2 91 11 24 3 68 0 14 9 12 18 72 15 78 6 79 5 86 10 33 16 69 8 62
0 97 10 2 14 8 3 96 5 33 13 80 7 26 17 97 16 42 8 23 2 10 11 16 18 4 1 47 19 41 15 56 6 6 9 53 12 76 4 63
1 3 18 80 19 90 11 89 3 40 4 95 10 76 13 10 12 90 15 6 7 84 8 26 17 55 6 56 0 14 9 2 5 62 14 84 2 92 16 40
3 58 4 97 1 94 7 59 18 93 13 75 8 42 6 98 11 48 12 5 10 8 5 2 19 61 0 30 14 48 15 1 2 34 17 90 16 79 9 31
8 14 0 34 5 42 7 46 19 92 12 93 15 1 11 89 13 23 16 83 9 56 14 3 2 5 18 34 6 7 4 83 3 21 1 87 17 97 10 17
4 62 10 2 7 21 19 81 2 51 0 37 8 56 16 48 12 13 17 65 6 76 3 58 18 92 5 43 1 1 15 36 9 11 14 10 13 61 11 11
6 39 10 6 17 21 18 47 8 60 7 10 2 9 1 81 16 49 5 35 4 37 13 96 14 7 12 13 0 1 9 16 19 46 11 96 3 60 15 52
16 66 12 71 18 61 6 9 9 93 15 1 0 53 19 45 14 74 1 36 17 99 8 75 7 23 10 81 2 70 3 94 13 43 5 62 11 55 4 74
6 5 5 42 11 11 19 1 7 56 17 13 10 49 3 72 0 56 8 37 2 59 12 27 9 40 4 67 15 28 14 2 1 29 13 15 16 25 18 54
0 56 12 43 17 67 1 4 8 42 10 20 6 38 5 74 13 79 18 66 14 71 15 97 19 35 9 80 4 9 7 95 3 96 11 96 16 97 2 55
11 57 17 2 3 94 15 86 12 78 5 43 1 40 16 18 13 14 18 72 8 13 4 83 2 40 0 3 14 55 6 66 7 41 10 10 19 6 9 10
18 87 5 36 2 75 4 3 7 24 10 3 1 82 6 10 3 31 17 9 13 77 9 6 14 40 0 86 15 76 12 64 11 66 19 59 8 41 16 72
2 44 10 12 4 20 12 64 5 79 9 51 13 6 17 33 11 55 8 84 7 21 16 59 14 62 0 7 15 60 6 35 18 23 1 56 19 17 3 73
2 3 15 94 17 46 19 47 9 53 11 83 3 28 5 81 6 90 13 6 1 96 14 42 12 23 7 46 16 43 18 54 0 7 8 94 10 20 4 51
0 70 5 23 1 43 3 56 10 3 17 66 18 77 2 79 19 5 6 91 8 75 11 18 9 71 12 85 14 40 15 13 16 29 13 90 7 64 4 69
16 69 11 40 4 6 9 14 14 69 18 28 6 12 5 62 7 97 2 9 1 65 8 81 0 7 3 20 10 32 15 87 13 11 17 40 12 71 19 28
13 90 5 98 15 14 4 16 2 18 10 99 17 93 9 63 3 31 11 11 18 10 6 68 12 21 0 67 14 45 7 6 19 69 8 63 16 21 1 39
14 51 12 39 1 5 10 7 2 64 19 7 17 44 13 62 6 99 15 28 11 17 7 68 8 96 9 99 5 85 3 71 4 13 16 17 0 68 18 41
12 51 2 29 11 14 8 76 3 73 16 36 13 26 19 63 7 48 1 41 5 91 0 30 18 58 17 58 9 75 10 25 14 55 6 22 4 70 15 72
8 23 0 50 5 31 9 20 17 45 16 89 12 60 3 87 6 55 11 74 10 23 19 56 1 11 4 48 7 15 13 95 14 56 18 61 15 6 2 31
17 41 16 47 1 63 15 89 0 13 6 70 13 58 14 28 7 43 9 21 3 24 12 93 11 53 19 30 5 11 10 66 18 22 2 25 8 76 4 91
