100 20
17 52 16 16 4 22 8 69 1 26 6 95 5 44 0 98 7 33 12 66 11 19 10 17 15 89 18 40 13 75 3 28 9 1 14 95 19 95 2 30
4 86 7 11 8 90 6 20 11 96 10 72 17 62 15 68 3 37 16 47 9 6 5 98 18 70 19 88 13 63 2 62 0 65 12 10 1 1 14 7
7 32 14 83 8 67 10 31 16 15 15 47 12 20 9 24 4 20 11 24 2 46 6 82 0 61 3 78 1 50 5 50 13 77 18 86 19 95 17 76
14 17 5 57 1 11 16 9 13 15 18 68 17 31 2 30 3 56 9 99 12 85 6 35 8 89 7 71 4 14 11 63 15 20 0 59 10 26 19 6
0 44 14 8 11 31 17 25 18 33 3 6 1 66 13 85 9 47 4 17 19 28 15 38 16 62 5 24 2 40 7 19 6 48 10 86 12 69 8 69
7 71 14 27 8 94 13 92 1 3 3 54 10 84 9 74 0 98 12 44 2 36 16 94 6 72 5 38 17 95 19 33 11 51 4 59 18 33 15 18
17 28 19 63 16 64 11 3 15 91 10 50 2 8 14 32 4 27 1 42 6 88 0 56 9 68 8 48 13 15 5 72 7 60 12 42 18 72 3 38
9 8 18 12 7 18 6 26 1 73 8 30 4 10 12 95 15 88 17 33 14 38 5 44 16 16 19 13 3 28 0 67 11 18 13 65 2 45 10 70
0 92 9 65 2 18 8 34 16 34 17 46 7 27 14 6 3 56 4 55 13 48 1 14 11 84 19 41 5 90 15 11 10 27 6 60 12 10 18 10
9 43 18 73 19 46 11 57 0 5 4 42 8 50 1 35 16 1 17 49 15 24 2 96 5 13 3 68 14 26 10 4 12 89 13 94 6 4 7 91
3 21 10 43 19 5 0 19 5 3 14 54 13 10 2 7 6 43 15 9 4 51 16 92 1 88 17 31 9 76 7 66 18 16 12 31 8 54 11 13
3 57 18 16 0 68 2 37 7 93 1 55 10 64 8 21 9 40 6 37 19 52 12 62 11 34 17 57 14 81 16 73 4 61 13 80 5 97 15 97
18 89 4 10 19 56 6 40 13 45 8 21 14 86 3 45 11 76 17 43 10 55 9 50 7 82 2 62 5 61 16 13 1 48 15 83 0 81 12 24
15 76 7 9 18 79 0 34 5 73 19 9 14 92 17 93 16 13 2 50 13 66 1 72 3 68 6 20 4 70 10 12 11 89 8 43 9 3 12 89
14 53 2 80 7 70 10 26 3 15 13 86 0 26 9 55 12 46 19 84 16 73 4 29 5 47 6 12 18 57 1 97 15 94 11 55 8 28 17 83
13 36 4 26 16 48 3 81 17 75 6 47 5 46 1 73 18 24 11 37 10 53 12 51 14 81 9 57 15 14 19 76 2 20 0 59 8 4 7 34
1 80 2 87 11 96 14 9 19 93 15 99 18 2 6 78 4 30 5 93 9 83 7 41 17 12 12 49 13 12 10 6 0 14 16 90 8 60 3 97
11 11 8 79 17 25 6 63 12 6 2 17 9 9 3 90 19 28 14 89 0 53 10 91 13 58 4 89 18 32 16 45 15 80 5 40 7 9 1 77
14 96 10 81 11 67 9 83 5 5 0 72 18 29 6 8 4 48 1 83 15 77 13 44 19 4 16 10 3 69 17 60 7 81 12 77 2 85 8 68
12 77 15 95 3 40 13 76 2 12 1 13 11 50 14 24 8 10 16 69 19 8 0 15 10 8 5 1 18 92 17 40 6 36 7 98 9 61 4 11
10 92 14 44 18 74 17 19 9 11 1 18 12 56 11 61 19 56 8 5 0 1 5 75 3 66 2 31 7 65 13 24 16 50 6 26 4 40 15 94
12 24 10 59 8 79 1 29 6 5 17 62 14 53 19 58 3 14 4 93 9 27 2 2 18 52 0 59 7 84 13 2 15 19 16 51 5 26 11 85
3 74 19 48 13 41 1 84 10 65 4 80 0 52 5 9 2 66 17 45 9 96 18 60 15 32 8 33 12 80 16 48 6 85 14 41 7 42 11 97
0 83 8 51 10 26 14 86 12 69 17 29 7 67 4 2 3 93 15 27 5 87 16 27 6 23 9 42 13 8 19 69 18 47 1 45 2 6 11 45
11 51 12 93 5 48 8 41 15 25 3 98 19 98 9 32 4 60 1 16 18 33 2 9 17 19 13 95 6 31 7 18 10 73 16 22 0 42 14 35
6 95 9 73 14 29 15 6 3 84 19 3 10 94 16 1 4 2 17 32 13 46 12 57 2 94 0 53 1 37 18 5 5 88 11 15 7 33 8 40
2 16 1 42 12 56 3 10 14 14 18 1 0 31 15 92 9 39 17 32 5 36 8 65 10 81 4 33 7 3 13 10 16 22 19 3 11 96 6 34
15 15 3 70 6 82 18 17 0 68 2 58 14 6 4 18 16 34 9 54 11 29 8 92 19 54 5 42 7 86 10 40 12 38 17 13 13 93 1 53
8 64 15 68 4 98 2 82 12 73 6 3 13 78 5 22 7 99 1 84 14 68 0 91 10 49 17 95 9 93 11 25 18 28 19 14 3 43 16 32
9 47 19 99 17 73 18 66 4 24 14 70 1 42 10 27 11 10 13 7 7 37 2 50 16 46 6 80 12 63 15 68 0 27 3 29 8 68 5 80
17 9 14 52 8 37 4 85 19 75 18 36 12 18 16 69 6 19 0 75 9 37 1 15 11 19 13 45 10 78 15 94 2 55 3 80 7 3 5 10
0 21 5 17 14 83 9 62 7 75 4 51 12 80 3 46 18 25 2 82 13 54 17 33 1 18 11 99 10 29 19 7 6 40 16 81 15 92 8 61
4 24 6 76 13 36 0 12 3 50 18 59 9 35 11 50 12 88 16 8 19 36 8 73 10 66 15 88 1 66 14 13 7 58 17 83 5 45 2 68
15 87 17 82 10 78 8 12 4 24 13 77 7 17 2 63 14 84 12 30 0 6 18 17 19 44 1 24 3 90 9 93 11 23 6 7 16 69 5 71
9 37 14 67 3 20 17 63 4 65 19 34 6 35 0 82 7 40 16 28 1 51 12 32 2 91 15 38 18 45 5 31 8 18 11 33 13 27 10 79
5 57 18 72 17 45 14 10 7 74 4 67 6 94 11 61 12 33 3 62 1 89 16 55 10 73 19 87 2 41 13 10 8 59 0 18 15 17 9 28
10 12 14 93 0 31 19 17 6 76 3 43 18 49 12 75 9 56 16 48 4 60 1 25 15 75 7 90 8 16 17 86 13 69 5 37 2 15 11 39
6 10 2 8 18 89 13 36 1 49 11 46 10 69 7 96 12 44 3 76 0 31 16 59 14 70 4 73 17 4 5 71 15 3 19 60 8 31 9 31
12 45 0 9 8 95 2 28 7 9 11 42 14 17 16 56 10 71 3 38 15 95 18 97 9 16 5 28 19 11 6 60 4 18 13 5 1 12 17 80
18 62 12 95 15 75 7 57 0 80 16 27 1 70 8 50 4 49 9 95 6 93 19 11 11 82 3 61 5 58 14 99 2 86 13 75 17 95 10 70
2 79 12 56 15 77 5 34 0 64 13 82 18 16 3 7 7 66 9 29 10 6 4 9 1 42 8 64 19 40 11 15 17 39 16 68 14 58 6 32
5 56 9 83 11 50 19 3 14 97 16 75 0 89 10 16 12 59 13 56 18 55 6 97 1 52 3 71 8 22 17 58 4 61 2 72 7 41 15 21
5 90 13 21 11 92 12 91 2 54 8 5 10 72 14 82 4 52 16 44 6 53 15 89 9 64 18 31 1 10 7 6 0 68 3 42 17 10 19 27
14 92 1 71 12 14 16 16 7 82 2 92 17 24 19 89 6 63 11 88 8 75 13 85 15 53 9 63 10 70 3 33 4 33 0 59 18 4 5 53
3 34 9 97 13 92 1 55 12 5 15 73 7 77 4 79 11 42 19 65 0 85 16 92 17 91 2 86 6 19 5 64 10 40 8 90 14 8 18 39
15 62 10 54 5 97 19 41 18 23 1 80 9 97 7 86 2 55 14 36 16 22 13 25 3 4 12 62 8 17 6 10 4 32 11 48 0 26 17 6
10 76 8 59 12 48 17 85 13 14 4 73 16 65 5 62 1 58 9 74 2 93 18 21 3 86 0 4 19 49 11 28 7 41 14 93 15 40 6 3
19 59 0 66 7 91 12 91 10 26 8 36 17 28 18 1 2 27 13 57 16 25 6 83 9 65 3 23 4 38 14 36 11 53 1 85 15 9 5 2
14 11 13 58 9 86 2 64 5 90 12 1 18 8 1 52 15 50 8 11 17 67 7 17 6 20 11 53 19 65 0 12 10 41 16 84 3 80 4 14
1 68 17 49 6 86 19 69 12 21 3 62 18 13 9 32 15 43 10 99 5 40 8 88 11 89 13 10 7 15 14 45 2 70 16 51 4 96 0 50
14 58 8 36 19 97 9 39 11 36 0 11 1 45 3 66 17 10 10 25 7 26 6 84 15 23 4 18 13 57 5 90 12 32 2 9 18 28 16 23
18 29 1 71 8 11 11 47 2 62 13 61 12 62 14 81 16 87 19 19 15 3 7 17 0 55 3 95 5 86 9 9 4 99 17 85 10 8 6 48
12 19 1 39 9 98 4 67 14 38 6 94 11 95 19 62 16 78 18 46 7 56 2 13 8 39 5 6 10 33 17 51 0 12 3 7 13 3 15 98
14 71 19 54 11 65 5 52 13 2 1 43 6 19 7 86 9 7 10 58 0 62 17 93 2 57 4 79 3 87 12 85 18 96 15 15 16 5 8 94
10 37 15 29 3 55 7 65 1 55 4 84 5 97 6 8 18 7 8 58 17 28 16 94 9 91 13 54 2 48 19 18 12 89 11 65 14 66 0 7
19 34 8 33 15 55 13 85 5 18 1 38 17 50 6 39 3 93 10 28 18 35 2 84 0 74 16 93 11 31 4 76 7 41 14 16 9 16 12 1
16 73 10 8 3 54 6 60 2 7 12 22 9 31 19 2 13 13 4 71 1 18 11 7 17 39 15 19 14 22 7 48 18 74 0 68 8 81 5 55
19 21 2 95 4 66 17 19 14 49 5 18 0 23 7 82 11 70 12 30 15 97 16 9 3 90 10 81 1 66 6 35 9 14 18 44 13 48 8 87
15 74 1 31 18 64 6 1 8 28 0 21 14 20 4 83 11 61 10 8 3 29 12 78 2 62 16 85 9 88 13 30 17 65 7 99 19 48 5 55
3 81 6 50 14 8 13 94 15 88 12 82 7 43 4 11 16 52 17 52 0 88 5 82 2 51 1 83 8 33 10 71 19 13 9 3 11 69 18 36
2 67 6 53 11 13 13 93 3 97 15 40 19 26 10 16 17 6 4 41 18 14 14 6 9 95 16 89 12 10 1 28 7 67 5 87 0 64 8 89
4 43 12 77 7 68 9 30 2 59 13 73 17 66 1 28 18 1 14 56 11 97 16 72 5 13 3 61 19 18 6 15 8 42 10 62 15 15 0 66
1 5 3 80 4 64 16 51 11 52 19 37 13 5 8 93 17 13 7 70 6 32 5 37 2 55 9 91 15 48 10 11 12 28 14 85 18 13 0 43
8 49 1 29 11 89 7 82 0 74 17 39 13 51 19 89 2 68 10 71 9 33 15 17 5 79 14 27 6 91 12 46 3 63 16 39 4 91 18 32
11 97 17 74 9 88 5 40 18 94 2 48 13 99 16 33 12 49 6 61 14 47 1 93 19 14 15 59 4 4 3 93 8 69 10 87 7 77 0 36
5 41 7 83 8 38 4 20 11 81 14 81 16 82 15 9 2 66 0 62 3 54 9 18 6 8 17 14 10 53 12 83 19 93 1 10 18 46 13 39
6 85 14 56 0 72 15 85 17 60 3 25 13 29 8 92 16 26 18 43 2 67 11 74 4 55 1 75 19 86 7 71 12 19 9 67 5 33 10 55
19 3 10 45 8 74 11 80 13 64 6 42 5 1 18 10 12 35 1 77 3 24 4 9 17 41 9 27 2 1 14 16 0 69 7 33 16 77 15 35
15 86 11 52 4 6 7 73 17 56 10 8 16 80 19 10 8 77 2 17 1 78 13 85 6 14 18 87 5 26 14 79 3 7 9 58 0 33 12 10
8 44 10 62 1 62 14 71 12 10 16 11 2 8 18 85 15 6 11 97 17 77 5 73 4 17 3 32 9 10 6 89 7 3 19 58 0 26 13 30
5 38 16 33 3 45 12 90 10 37 15 23 13 26 11 36 4 99 7 81 14 42 1 73 6 51 2 51 18 21 8 88 19 71 9 18 0 15 17 83
10 25 0 45 2 27 7 63 3 74 16 53 13 32 15 61 8 72 18 95 14 49 17 27 5 98 19 72 6 92 11 23 1 74 12 70 9 83 4 48
0 14 7 17 18 26 4 93 12 49 9 67 5 33 1 44 2 37 10 66 11 65 3 89 17 23 19 35 13 71 15 15 16 45 8 39 14 85 6 53
10 70 5 85 13 46 12 70 18 35 4 54 15 86 3 13 1 10 17 28 11 32 9 62 16 24 7 26 6 33 14 14 8 8 0 79 2 97 19 58
14 27 4 65 5 72 11 96 10 2 18 57 8 14 1 10 2 14 13 44 17 45 6 61 0 81 15 79 9 89 19 57 16 50 7 25 12 1 3 53
1 44 16 93 17 48 15 71 12 31 4 3 7 56 8 64 10 33 13 77 14 84 19 57 6 93 3 92 0 23 9 83 18 78 2 81 5 67 11 23
1 29 19 58 18 52 6 63 9 1 11 78 14 79 13 8 4 78 3 96 2 51 17 85 16 24 5 83 8 34 7 30 0 78 12 63 15 89 10 26
5 29 2 40 12 88 16 82 7 32 15 56 19 62 11 18 3 48 18 29 17 34 6 41 1 29 14 86 10 43 9 80 13 42 4 53 0 14 8 13
18 61 15 31 12 66 0 7 10 17 7 89 8 18 14 25 2 48 5 6 11 55 17 81 6 87 1 68 4 12 13 24 19 72 9 25 3 5 16 6
9 75 8 94 7 13 16 39 15 50 1 44 10 18 0 59 17 21 6 23 12 65 13 54 11 91 3 39 2 55 18 34 19 3 4 7 5 28 14 56
17 5 13 49 15 8 9 87 10 9 2 75 16 30 1 9 12 42 11 56 18 40 14 20 4 41 6 13 5 56 7 65 19 20 0 32 3 77 8 61
8 54 0 9 3 16 19 10 11 28 7 89 17 81 14 52 9 24 2 92 10 98 13 54 5 63 6 83 4 34 16 28 12 18 1 69 18 37 15 70
13 26 12 18 18 7 4 31 1 35 0 28 8 85 10 30 15 97 5 4 3 18 17 16 16 26 11 69 14 22 9 26 6 94 7 25 19 32 2 59
13 40 7 36 0 56 4 59 19 65 5 96 11 78 2 36 17 94 18 71 8 95 10 2 15 83 14 15 1 6 3 37 16 58 9 37 12 9 6 98
7 14 17 66 5 55 16 57 6 64 12 46 8 63 10 58 19 38 18 50 15 35 4 81 1 88 11 18 14 59 2 27 0 10 9 72 3 86 13 57
8 14 9 36 7 1 0 7 13 74 14 95 16 15 5 4 18 65 1 61 17 34 10 31 19 71 15 20 11 45 12 94 4 67 2 65 3 36 6 93
13 51 3 45 11 76 2 99 12 24 15 70 6 73 7 13 18 80 0 42 10 30 19 11 8 78 9 46 14 25 4 59 1 7 16 50 17 60 5 83
5 69 17 90 16 58 8 1 18 42 4 4 10 74 14 92 7 80 11 47 19 86 15 92 13 87 1 16 9 70 0 76 2 17 12 77 6 28 3 90
15 50 13 18 12 90 6 43 2 15 18 79 19 45 3 34 9 15 5 38 14 3 8 39 0 83 16 53 10 32 4 51 17 2 7 44 11 71 1 38
8 42 12 50 18 92 1 1 11 84 15 54 3 44 10 25 7 99 4 32 2 97 0 6 19 22 17 9 5 98 6 66 13 93 16 66 9 2 14 42
11 65 12 79 14 18 19 25 16 31 3 60 4 68 0 87 8 2 10 36 17 33 13 60 1 83 6 72 7 28 18 55 2 99 9 95 15 34 5 68
11 54 16 2 10 36 1 59 15 83 12 39 4 88 6 49 8 68 2 25 17 67 9 53 13 98 14 77 5 22 0 44 3 59 19 9 18 79 7 65
3 66 11 85 6 35 2 50 14 71 17 74 19 35 10 31 12 50 13 3 16 27 8 20 9 54 15 91 4 81 1 85 18 18 7 43 5 69 0 94
11 5 17 33 1 33 13 9 0 63 6 88 12 86 19 27 14 91 3 82 2 30 10 14 5 52 15 16 16 61 7 96 8 12 18 29 4 99 9 57
14 38 9 82 4 43 13 27 3 5 11 84 12 75 16 92 0 32 17 79 8 6 18 11 5 52 6 31 7 89 2 84 1 59 15 55 19 12 10 48
3 80 16 78 13 84 10 25 8 93 19 54 14 39 12 62 17 32 15 18 7 34 4 98 1 31 18 83 2 87 0 77 11 94 5 39 9 69 6 13
14 31 18 98 9 13 12 63 4 88 11 12 16 81 3 85 19 32 0 22 6 99 7 26 17 86 10 53 8 16 1 27 13 19 2 53 5 5 15 81
16 32 6 72 15 47 2 30 0 17 3 54 4 34 5 87 7 70 10 48 8 88 1 58 19 32 12 15 13 32 17 49 14 83 9 98 18 68 11 87
14 67 4 83 5 1 12 9 11 83 2 27 9 92 7 95 1 99 10 54 13 22 3 67 19 61 15 12 0 99 8 73 6 46 17 56 16 54 18 68
0 36 17 26 11 76 15 60 2 37 14 85 9 21 13 46 4 19 10 66 7 48 16 94 8 88 5 81 1 12 12 5 19 50 3 17 6 38 18 9
