100 20
16 45 17 47 18 74 15 57 14 12 0 41 5 18 4 73 2 77 7 59 6 33 11 32 19 80 12 44 3 12 13 20 10 94 8 79 1 2 9 70
1 99 15 21 17 5 10 45 5 44 0 61 19 72 8 5 9 69 3 6 6 93 2 25 18 54 13 21 4 16 12 57 16 36 7 70 11 17 14 47
1 36 15 66 17 49 6 12 4 56 11 81 14 69 8 60 18 23 0 44 3 28 2 45 16 2 9 4 7 34 13 52 10 34 12 40 19 49 5 89
0 58 18 23 1 98 16 98 11 60 12 93 10 84 14 58 2 22 15 60 13 67 19 38 5 94 17 29 8 50 3 87 6 85 7 78 9 59 4 35
7 96 2 27 12 80 1 26 17 32 6 1 10 32 16 84 8 45 14 80 11 68 9 33 4 4 5 13 19 52 0 27 13 30 3 86 18 14 15 52
2 65 10 16 0 7 14 66 13 54 11 12 15 59 4 96 16 7 8 44 6 36 9 52 19 21 12 95 7 85 5 39 1 35 18 5 17 86 3 31
8 77 16 90 11 65 3 87 19 40 7 57 10 62 4 67 0 78 13 75 9 21 6 83 14 20 1 93 18 73 17 64 12 28 15 85 5 39 2 31
12 35 4 44 3 22 2 59 16 52 6 20 10 81 14 40 18 61 11 59 7 60 13 11 19 25 1 42 9 48 0 60 15 84 17 47 5 21 8 26
13 59 6 51 4 19 19 71 17 42 18 72 2 97 14 60 0 34 16 77 12 76 8 34 15 7 1 46 5 75 3 98 10 87 11 71 9 77 7 56
8 31 12 57 15 37 1 14 4 10 9 84 7 43 16 1 3 51 6 50 5 76 11 11 2 13 17 73 10 60 18 24 19 28 14 48 0 85 13 88
10 66 9 75 12 41 19 70 13 44 5 34 17 6 1 43 8 64 18 35 16 52 3 39 14 3 2 69 4 46 15 38 0 61 11 57 7 10 6 46
2 1 6 82 9 49 19 5 11 96 5 71 14 21 16 7 13 80 8 67 3 28 1 74 17 33 10 43 12 49 15 84 0 13 18 79 7 38 4 14
15 91 0 61 17 71 1 42 19 33 14 5 16 25 13 25 10 21 4 72 7 24 3 86 9 78 11 35 12 29 5 86 6 36 18 59 8 81 2 77
8 51 9 7 1 1 19 39 10 38 17 16 4 30 2 34 3 34 15 57 18 30 11 28 13 1 6 13 16 96 0 95 12 66 14 22 5 98 7 64
1 36 10 91 6 40 13 30 16 91 9 24 19 79 17 44 12 29 15 46 11 54 5 93 7 58 8 83 4 5 14 62 3 83 18 10 2 93 0 42
0 30 16 4 7 3 6 89 1 70 9 4 5 95 14 30 17 1 11 87 19 75 13 5 15 10 4 30 10 67 2 1 8 97 3 2 12 77 18 56
8 5 18 41 16 48 4 19 10 68 5 45 7 37 11 24 19 53 15 73 12 10 1 50 14 96 13 33 6 42 2 55 3 47 0 53 9 79 17 58
0 28 17 3 1 6 4 50 19 75 18 55 10 70 6 60 16 63 12 83 3 50 7 32 11 71 8 63 14 28 13 9 5 88 9 36 15 28 2 60
6 96 13 94 0 42 14 50 4 56 15 55 16 61 11 59 5 41 8 55 19 86 10 28 12 18 17 5 1 29 3 83 18 69 7 43 9 31 2 35
0 88 9 2 1 55 6 81 12 42 11 3 17 60 15 11 7 87 18 36 3 24 2 34 16 57 13 73 4 8 10 53 14 48 5 19 19 39 8 97
13 81 5 11 1 69 16 82 2 76 14 82 0 52 6 16 15 49 8 58 4 3 19 3 10 81 12 90 9 69 18 36 3 85 17 67 11 11 7 7
9 88 19 59 2 93 8 25 3 2 10 94 4 11 16 89 11 32 17 60 14 6 1 96 7 19 6 75 12 1 5 31 13 26 15 98 18 39 0 10
9 80 8 4 17 3 6 20 3 56 13 70 12 75 18 65 4 75 0 75 7 90 1 69 15 98 16 45 19 73 2 55 10 10 11 30 5 53 14 83
2 75 18 98 7 22 11 83 15 55 19 39 6 39 8 33 4 83 3 81 10 3 1 41 12 84 9 63 13 68 5 70 14 4 16 35 0 16 17 20
13 24 11 39 14 35 18 90 4 95 6 83 12 17 9 79 5 31 10 37 3 65 2 23 7 99 8 27 0 92 19 1 17 65 1 94 15 2 16 74
12 99 14 11 4 74 8 26 15 92 10 76 18 18 19 59 9 16 3 45 6 65 17 25 13 58 2 76 7 14 0 29 16 68 5 47 1 2 11 77
1 83 11 23 16 36 18 67 0 1 9 12 13 90 10 92 3 90 2 28 4 95 19 22 8 60 6 22 12 95 5 29 17 58 14 42 15 44 7 15
2 66 13 31 18 52 14 94 3 42 4 64 5 10 15 34 9 55 0 88 16 11 17 93 6 66 11 78 12 45 7 11 1 83 19 39 10 51 8 75
1 17 19 32 16 27 9 8 6 33 18 87 17 44 7 3 4 27 8 28 13 43 15 8 10 47 0 38 3 4 12 2 5 69 2 43 11 57 14 2
17 48 0 14 16 12 19 74 6 76 9 78 15 20 4 76 2 20 5 27 18 35 3 92 8 51 10 82 11 95 14 44 1 43 7 4 12 70 13 56
16 26 1 63 2 61 6 25 4 95 5 4 3 98 13 27 11 32 7 5 19 94 12 3 0 20 18 36 17 43 10 76 14 99 15 41 9 15 8 98
2 8 13 56 11 93 1 63 0 89 6 27 8 26 14 26 4 29 5 26 15 81 19 69 7 16 17 19 12 29 9 66 18 18 16 58 10 65 3 39
19 38 14 90 7 62 12 43 8 11 3 73 18 64 10 11 16 6 6 40 1 55 0 31 13 60 2 68 4 38 11 50 15 94 17 91 9 98 5 83
4 14 3 52 16 48 17 99 6 73 1 18 10 14 19 47 15 87 8 91 18 44 9 2 2 83 14 25 11 29 5 25 0 6 7 41 12 3 13 29
10 99 7 31 19 35 18 58 2 35 13 61 4 87 11 3 17 91 16 43 6 5 15 15 9 4 0 23 8 45 12 32 3 59 1 33 14 57 5 59
18 93 9 65 10 91 14 76 13 4 7 27 6 89 11 36 16 18 2 96 0 82 8 41 17 17 3 40 15 5 5 93 12 59 1 85 19 79 4 31
5 49 14 25 6 13 13 96 12 90 11 5 15 82 17 26 9 47 8 72 10 98 0 4 3 2 16 12 1 32 18 73 7 98 2 33 19 82 4 70
15 46 3 97 0 57 2 23 4 71 18 81 8 32 14 20 16 41 5 1 19 97 11 12 9 47 1 17 17 8 7 79 13 20 12 64 6 75 10 11
3 9 8 49 10 18 5 2 9 39 1 2 14 99 19 57 11 54 6 80 13 29 16 81 2 57 0 52 4 68 7 97 12 28 17 93 15 31 18 66
15 25 6 91 17 63 4 83 0 52 9 55 5 39 2 10 10 23 7 89 16 67 12 13 3 27 8 70 1 79 11 90 18 37 19 60 13 50 14 78
17 52 11 56 9 33 7 67 6 84 10 34 18 5 15 61 13 54 19 41 8 65 0 98 4 8 1 61 14 16 2 48 12 19 16 62 3 56 5 16
16 43 17 74 1 80 5 94 6 33 0 84 19 63 10 4 12 35 2 44 9 26 18 68 13 20 14 45 11 59 7 15 15 62 3 18 8 22 4 63
2 23 3 40 12 70 4 87 18 67 5 25 15 56 6 38 0 51 8 36 7 4 19 77 9 38 13 23 11 70 10 60 17 35 14 81 1 25 16 34
12 60 8 96 5 4 16 78 15 9 19 49 6 97 11 23 17 82 3 91 1 24 18 35 4 68 7 3 0 93 13 72 2 77 10 28 14 65 9 49
0 60 10 2 1 67 16 16 15 36 19 12 11 71 3 82 7 27 18 75 8 2 12 92 5 64 4 86 13 29 14 38 2 34 9 33 17 36 6 73
6 17 16 93 13 62 8 17 4 64 19 59 12 86 2 85 17 80 3 97 18 35 11 23 5 8 14 94 1 5 15 46 0 26 7 13 10 19 9 12
5 32 6 86 8 70 7 7 0 38 1 10 10 45 12 72 16 24 14 13 17 57 9 76 13 62 18 75 15 9 2 93 19 24 4 94 11 62 3 28
8 30 0 16 14 95 4 23 2 62 9 37 7 60 17 51 11 79 15 85 19 56 16 30 10 88 13 60 6 36 5 57 18 95 1 82 3 68 12 83
10 63 5 14 17 1 16 94 4 45 12 68 2 4 15 14 3 44 14 12 0 34 7 71 6 38 18 41 19 31 8 33 11 3 9 29 13 73 1 34
18 28 16 20 15 40 0 36 14 93 19 86 2 26 9 19 17 74 12 89 3 74 11 21 7 88 8 65 13 83 1 76 10 92 5 46 4 66 6 98
10 78 19 62 9 41 17 63 2 5 15 5 13 42 16 60 14 44 7 66 18 67 6 80 8 46 0 8 4 11 3 95 11 20 12 60 5 64 1 73
16 94 12 59 3 43 1 65 18 3 7 12 2 12 6 88 15 76 8 29 10 65 4 22 5 81 19 95 11 52 17 61 14 13 9 52 0 7 13 22
15 57 0 75 8 43 7 30 14 38 18 66 2 70 11 14 1 62 12 49 19 37 9 90 16 49 10 57 5 8 6 98 4 8 13 30 17 41 3 29
12 82 19 30 9 24 11 54 14 16 8 14 10 5 13 67 1 82 17 33 16 28 6 11 2 40 15 40 7 77 4 23 5 40 0 77 3 92 18 88
2 44 8 61 17 86 15 71 19 20 5 35 0 10 14 91 4 56 16 34 7 74 6 13 10 72 1 83 9 62 12 15 18 69 13 17 3 95 11 92
16 20 14 68 1 44 3 20 7 81 12 83 5 98 4 90 2 22 15 95 10 69 17 83 18 13 19 9 8 97 11 91 13 71 6 69 9 94 0 98
3 26 12 28 9 35 16 88 11 12 17 37 14 10 15 94 7 55 4 88 2 43 13 35 6 37 1 23 0 6 19 56 8 5 18 81 5 32 10 24
16 47 18 58 10 77 3 28 2 41 9 21 8 57 4 83 15 25 0 77 6 36 13 67 5 86 19 13 11 47 12 88 7 66 1 36 17 41 14 14
10 45 12 37 0 39 14 43 15 93 8 44 2 19 3 68 4 13 9 41 5 20 13 47 7 90 19 87 11 33 18 74 6 8 1 23 17 62 16 18
9 8 15 87 4 38 13 98 16 5 0 24 2 87 11 80 12 10 5 18 14 4 8 79 19 51 17 38 3 88 7 21 6 70 18 47 10 8 1 48
1 88 16 15 3 50 2 80 6 8 5 29 11 12 17 97 10 63 4 73 7 67 9 7 19 81 18 26 13 66 12 13 14 30 8 4 0 73 15 29
7 64 11 62 4 89 9 16 12 10 19 78 13 66 10 5 6 14 18 28 5 48 16 6 8 40 2 95 15 85 0 2 14 87 17 39 1 83 3 14
18 72 13 39 14 62 19 67 3 22 12 47 10 33 6 89 5 33 0 69 4 44 15 22 16 86 1 41 2 59 9 49 8 94 17 37 11 24 7 53
13 56 14 38 10 87 8 45 16 63 5 55 18 97 9 52 15 65 7 2 6 17 1 28 4 99 11 48 12 62 0 69 3 67 17 51 19 47 2 10
16 72 10 46 17 82 1 48 7 36 13 46 5 12 8 96 4 90 14 33 12 93 0 97 15 31 11 99 18 92 19 64 6 50 3 17 9 74 2 91
2 34 4 78 3 72 9 92 16 32 17 78 8 76 5 6 12 88 10 46 14 74 13 79 1 89 18 77 11 45 19 71 15 50 0 91 7 30 6 96
3 25 7 72 11 68 2 26 6 94 17 41 14 99 15 79 0 92 1 46 13 48 5 56 16 34 9 7 18 76 8 83 19 86 10 50 12 62 4 31
6 60 0 49 17 36 12 52 18 99 4 65 10 49 1 30 2 23 15 83 11 52 7 75 3 6 16 29 14 24 9 51 5 80 13 65 19 90 8 45
11 53 3 48 18 94 10 98 15 87 5 78 1 27 8 47 7 51 12 82 16 10 17 32 14 9 6 52 19 39 4 43 2 10 13 75 0 29 9 41
19 43 17 37 3 20 9 13 2 76 13 24 16 71 0 39 1 14 15 61 7 66 4 6 12 48 8 58 10 69 18 3 6 3 14 2 5 26 11 28
12 43 1 50 6 41 5 65 17 21 19 55 10 13 2 27 7 89 16 46 15 29 0 88 18 36 14 77 3 49 9 12 13 62 11 46 8 96 4 7
18 15 17 48 7 31 11 22 4 44 0 30 10 26 1 97 5 48 14 88 19 36 13 54 6 24 2 40 12 23 15 37 16 72 3 70 8 52 9 49
2 23 3 37 13 65 7 90 15 60 11 46 14 35 12 81 0 80 4 63 8 8 17 28 5 47 9 5 19 2 6 98 1 89 10 36 18 85 16 59
0 24 17 32 5 5 12 8 6 20 2 29 18 20 13 43 14 6 9 11 3 18 4 32 7 46 8 23 11 61 1 77 15 92 10 58 16 75 19 8
14 18 10 46 3 47 19 87 6 2 15 74 5 64 9 56 18 25 0 2 2 56 8 40 12 63 1 40 7 70 13 74 4 4 16 82 11 42 17 6
9 35 12 63 4 94 13 14 17 58 11 97 0 3 10 34 6 72 18 21 3 57 15 61 8 37 7 40 1 22 19 5 16 11 5 15 14 12 2 92
4 98 16 9 5 84 17 4 9 14 10 31 1 72 18 40 13 7 19 22 7 61 3 79 8 81 15 83 12 3 11 63 6 5 14 25 2 59 0 66
18 71 6 90 15 55 7 90 4 10 19 76 9 91 10 36 11 59 0 33 5 32 1 47 14 12 16 64 8 68 17 2 3 12 13 2 2 68 12 79
15 61 8 98 17 23 11 8 5 28 12 13 4 20 7 6 1 13 6 48 3 69 2 29 16 8 19 93 18 10 13 48 9 35 14 38 0 4 10 6
7 37 17 49 11 10 1 88 13 8 15 9 10 25 5 9 6 1 14 29 4 73 3 49 9 25 16 57 2 19 12 91 19 32 18 78 8 45 0 39
9 22 12 39 8 84 15 61 10 74 16 52 2 90 17 33 13 89 5 84 6 42 18 56 19 46 1 56 11 48 14 36 0 39 4 87 3 77 7 69
15 95 9 84 13 77 1 6 2 8 8 50 14 7 3 45 0 93 16 65 6 83 5 25 4 96 10 1 17 51 11 31 12 31 7 61 18 72 19 89
16 57 7 72 17 6 19 48 1 91 15 34 14 12 18 43 3 15 13 41 6 68 8 21 2 14 10 95 9 98 5 61 11 26 12 19 4 24 0 28
9 15 13 20 1 18 8 36 4 59 7 63 2 36 19 25 17 94 18 40 14 28 12 72 11 83 15 55 10 1 6 59 0 4 16 5 5 27 3 56
7 28 1 13 4 35 15 68 8 4 19 75 17 72 2 75 14 97 6 35 9 93 16 47 10 31 13 90 11 57 18 52 0 62 5 65 12 49 3 54
6 53 5 92 8 36 19 97 14 37 12 47 0 14 1 44 15 74 2 94 9 85 11 88 13 33 16 36 18 54 7 21 3 86 17 45 4 4 10 34
8 30 13 43 5 41 2 74 3 72 11 61 6 13 9 99 15 17 4 57 12 47 16 23 7 41 10 57 0 70 14 72 17 27 19 31 1 40 18 17
7 14 19 58 13 86 18 82 6 44 2 64 15 34 16 21 8 6 1 6 10 74 12 70 5 71 4 2 14 85 3 2 11 38 17 16 0 64 9 57
1 30 14 36 16 69 15 94 12 85 10 8 19 13 4 16 0 78 9 12 13 87 17 51 3 96 7 80 6 95 18 24 8 88 2 73 5 51 11 10
14 41 11 22 16 30 13 35 8 5 2 86 1 36 6 78 7 80 15 44 17 41 5 38 0 6 9 26 18 41 12 75 19 51 4 98 10 21 3 63
2 67 9 33 19 19 6 11 16 46 4 71 7 12 0 31 3 26 10 88 14 89 11 67 15 95 17 39 5 70 13 49 1 7 18 92 8 96 12 50
2 45 7 85 4 25 18 83 5 97 17 47 14 25 1 42 10 4 3 74 11 52 19 18 16 11 15 46 8 43 12 67 6 91 9 22 0 53 13 76
0 41 2 94 1 61 17 28 19 84 6 75 15 62 11 74 8 56 3 5 13 40 16 71 14 44 9 58 4 51 5 7 18 75 12 14 10 57 7 32
6 70 13 46 9 83 8 44 16 85 5 71 0 36 3 66 12 4 7 72 11 82 17 92 19 49 4 27 1 5 18 68 14 15 10 15 15 28 2 87
6 36 3 4 2 87 14 55 17 63 0 70 18 37 1 34 16 76 15 31 8 65 9 31 19 42 11 37 13 71 7 77 5 74 12 62 10 92 4 65
3 72 9 25 12 5 0 48 15 96 1 23 13 15 14 54 11 37 2 89 5 64 4 18 17 63 7 22 19 95 18 34 10 72 6 34 8 75 16 98
18 70 6 71 15 49 5 92 10 38 11 16 13 26 3 78 16 16 7 79 19 84 0 85 9 70 12 51 17 18 2 83 14 57 4 20 1 93 8 48
17 79 14 76 1 71 6 34 15 54 5 69 3 36 16 35 9 97 10 34 8 92 18 49 12 53 19 58 0 10 7 22 4 26 11 70 2 6 13 80
9 36 17 66 14 13 3 44 18 27 8 21 7 50 11 4 6 79 12 53 19 8 2 25 15 95 1 27 4 77 16 43 10 99 5 43 13 19 0 28
0 32 10 14 4 60 7 55 13 50 8 5 12 9 19 71 3 70 6 81 15 53 17 3 11 87 14 74 2 52 5 75 9 91 18 90 16 35 1 20
