100 20
7 98 11 7 17 70 15 12 19 21 16 27 4 43 6 65 2 11 0 55 12 29 1 1 3 30 9 48 10 2 5 71 13 84 18 95 8 89 14 85
8 82 13 63 3 98 12 73 0 75 5 67 4 20 18 60 15 49 6 60 17 47 10 24 16 34 14 39 11 65 7 42 19 34 1 5 9 29 2 95
5 86 11 60 2 67 3 79 9 89 18 37 4 84 10 29 16 50 14 53 0 42 19 49 13 70 6 1 1 68 7 30 12 32 15 53 8 62 17 58
12 52 8 60 3 86 9 17 4 66 16 48 1 6 10 80 18 63 11 66 15 94 0 61 7 42 14 80 19 87 17 32 13 90 5 60 6 23 2 12
13 94 6 4 4 59 15 96 7 24 2 63 5 9 14 20 8 56 19 60 11 39 10 40 18 17 16 19 1 29 3 26 9 75 17 79 0 4 12 72
11 60 3 58 12 24 15 36 16 97 1 14 6 89 2 57 19 27 14 66 4 90 13 63 5 80 8 32 18 33 7 64 0 84 9 65 17 65 10 16
9 47 11 82 14 38 5 53 7 78 8 75 13 49 4 98 17 54 6 72 18 96 0 90 12 61 2 34 16 39 10 34 3 41 1 42 19 63 15 80
6 7 2 6 15 96 13 76 19 84 8 17 10 92 3 80 1 12 18 28 17 36 9 75 4 48 16 9 7 47 0 67 14 84 12 93 5 62 11 47
14 98 17 98 10 91 2 21 6 5 15 42 11 72 3 75 1 17 8 1 16 27 12 29 0 53 7 32 18 84 5 81 19 88 4 81 13 38 9 51
8 72 3 10 9 26 12 53 2 48 6 53 7 92 17 70 19 67 4 59 0 27 18 83 10 71 1 78 16 36 15 3 13 80 11 66 5 36 14 25
7 79 5 66 6 79 4 40 1 88 3 43 10 53 13 26 14 92 8 93 12 78 19 84 15 28 9 76 2 63 16 26 18 53 11 4 0 62 17 55
7 14 11 78 18 29 0 37 16 72 8 73 6 5 10 56 12 8 19 18 1 93 5 95 13 48 2 27 14 9 4 52 3 90 15 94 17 13 9 67
8 36 17 21 5 14 19 83 6 14 11 34 4 54 0 11 2 44 9 14 14 53 18 90 13 17 16 37 1 17 15 81 10 70 7 30 12 99 3 29
4 97 6 18 14 2 19 88 12 71 17 94 18 50 0 26 8 88 9 60 13 24 15 72 3 3 11 42 16 2 5 42 7 43 10 48 1 17 2 47
2 71 7 7 16 1 10 70 5 23 1 28 15 30 6 59 17 73 4 67 13 31 14 55 3 43 11 86 18 27 12 2 9 35 0 30 8 92 19 60
9 33 17 18 7 70 3 67 14 56 0 98 2 23 13 31 1 92 5 30 18 70 10 1 4 72 8 10 12 71 19 77 16 80 15 74 6 28 11 78
0 21 16 52 5 88 8 13 12 58 17 90 6 82 9 8 10 72 14 31 18 34 11 7 4 29 7 44 1 90 19 87 15 37 2 2 3 36 13 72
8 86 13 74 15 92 3 66 4 75 9 73 5 35 7 14 11 95 1 69 10 10 0 25 17 40 6 68 16 35 2 45 19 56 14 93 12 53 18 76
13 95 1 47 3 57 0 58 7 88 16 19 5 61 18 15 11 58 19 11 9 18 4 12 12 66 6 74 14 1 17 50 8 14 2 50 15 5 10 9
9 59 12 33 13 72 1 97 15 30 6 68 8 46 18 32 0 89 17 62 19 60 2 68 10 83 7 72 11 22 3 20 14 84 4 35 16 33 5 86
11 91 10 85 12 18 18 19 9 14 4 93 7 56 5 32 14 81 0 29 19 83 15 69 6 75 16 61 1 85 13 24 8 53 17 98 3 63 2 81
13 70 1 11 14 51 9 37 11 1 6 18 16 35 10 69 7 11 17 82 12 52 3 18 0 11 18 84 5 19 19 73 8 53 4 60 2 82 15 83
0 41 10 38 13 87 12 2 9 8 17 5 18 35 8 46 1 19 19 89 4 50 5 51 14 45 3 89 16 94 7 24 6 37 2 41 15 61 11 41
4 53 16 17 18 1 11 71 14 89 3 80 7 85 2 46 12 35 8 35 0 98 1 99 9 85 17 67 5 36 6 65 19 10 15 34 13 18 10 86
17 42 13 41 8 3 12 88 4 78 9 82 18 10 10 74 1 65 11 29 16 54 19 2 0 36 2 11 3 29 7 22 15 78 14 68 6 10 5 37
13 35 3 56 15 20 19 50 1 41 10 21 12 39 4 67 14 48 5 61 9 64 11 36 8 80 2 63 6 87 7 25 16 39 17 89 0 29 18 72
18 74 12 36 6 13 5 74 2 15 4 29 19 31 8 11 9 28 15 89 11 49 0 34 7 18 1 53 17 91 10 5 3 58 14 90 16 24 13 30
13 99 14 38 0 83 9 14 18 60 7 60 17 51 19 21 2 43 5 27 15 35 6 30 1 7 11 70 10 13 16 24 12 80 4 99 3 61 8 73
7 3 9 6 16 13 2 56 5 97 14 41 0 46 19 88 15 69 8 26 4 49 1 80 18 38 10 17 13 30 11 9 12 36 3 55 6 56 17 38
6 89 2 1 14 98 10 10 0 7 8 51 7 16 17 23 5 9 4 38 9 59 13 53 18 95 19 25 16 50 1 75 12 92 11 44 3 81 15 40
14 13 15 1 7 15 0 23 5 86 1 64 4 54 18 67 11 68 16 16 19 41 8 16 10 28 17 58 6 53 3 86 13 52 12 59 2 12 9 44
13 64 12 77 6 38 9 8 17 18 16 3 1 50 4 5 0 59 7 17 15 94 18 65 11 88 8 59 10 35 3 37 19 46 14 89 5 64 2 2
14 98 10 13 2 82 16 14 1 53 6 4 4 56 19 97 7 96 12 42 17 43 13 37 5 37 8 30 18 53 15 7 11 21 0 70 9 63 3 87
9 20 18 16 5 77 6 49 13 46 15 19 1 33 10 12 14 83 2 30 19 84 4 63 17 15 7 21 16 33 0 72 8 12 12 67 3 43 11 19
0 33 6 86 17 51 16 15 1 88 9 90 4 41 14 56 5 13 8 42 10 37 7 67 2 29 3 99 12 98 15 69 11 4 13 75 18 30 19 68
1 45 14 78 2 74 9 55 5 98 18 63 10 40 19 50 7 15 0 49 13 71 4 85 12 55 15 8 8 55 17 61 16 83 3 18 6 17 11 8
1 59 10 83 19 76 12 91 9 82 15 62 16 93 18 95 14 2 17 98 6 94 13 34 4 30 0 58 11 24 5 70 3 15 8 20 2 57 7 98
6 89 9 23 8 17 2 64 4 43 5 54 18 33 11 95 12 18 19 88 13 51 17 25 16 77 10 84 3 71 1 42 14 67 15 40 7 4 0 16
15 47 14 65 10 82 5 99 3 86 17 74 4 61 0 92 12 15 8 8 7 70 13 2 9 15 6 43 1 1 2 66 18 76 11 55 19 30 16 73
13 43 5 46 2 86 6 82 4 71 18 36 0 60 8 99 7 84 9 93 16 17 10 89 14 45 19 64 12 95 11 8 15 91 17 77 3 6 1 5
1 79 17 27 14 24 8 17 7 55 18 71 10 96 15 6 19 35 11 33 6 57 0 19 16 65 9 44 13 80 2 77 3 9 4 44 12 97 5 71
7 96 15 2 18 66 1 75 10 89 16 94 6 55 19 11 14 9 9 27 8 93 17 92 5 88 0 41 13 38 3 30 2 13 12 63 11 55 4 28
17 68 11 41 16 82 9 89 6 73 3 69 15 62 13 98 1 57 10 7 19 21 8 35 18 10 4 98 0 15 14 69 5 31 12 24 7 90 2 76
8 74 13 48 4 38 3 57 10 18 5 82 18 6 16 89 7 54 14 34 12 86 2 10 1 23 19 46 15 50 6 51 11 62 17 47 0 19 9 78
12 26 14 49 19 18 17 32 0 17 1 62 2 72 9 43 8 57 6 73 3 87 5 49 18 95 10 79 4 85 7 95 11 49 13 75 15 67 16 97
16 51 15 22 4 93 1 28 13 40 14 29 8 24 5 66 12 88 6 47 19 53 11 43 7 56 17 67 18 50 9 63 10 78 2 93 0 30 3 26
5 96 13 15 6 26 17 16 0 17 7 82 16 19 8 84 2 24 18 50 12 69 9 34 15 75 19 80 4 11 14 77 10 14 3 38 11 97 1 1
0 64 11 20 5 71 13 40 17 17 1 38 3 48 14 12 2 69 15 3 19 80 6 97 18 33 12 58 16 15 9 74 7 28 10 28 4 4 8 80
18 61 5 34 15 34 1 86 12 6 13 74 14 34 17 39 2 83 8 29 11 88 7 39 16 58 9 6 6 59 3 84 19 61 4 35 0 24 10 94
14 45 9 19 6 41 17 70 3 5 19 78 10 99 0 76 11 64 16 28 1 90 8 78 15 76 18 38 13 73 2 31 7 83 4 98 12 59 5 81
14 65 3 82 5 78 4 25 15 66 6 53 2 56 17 6 1 35 0 31 12 50 9 95 16 68 18 89 13 56 8 26 10 20 11 28 19 87 7 22
6 73 16 32 17 24 2 61 12 50 4 9 10 84 13 42 11 18 14 74 9 97 3 8 1 57 19 15 18 47 0 95 8 17 15 39 7 88 5 76
3 54 13 91 15 11 7 42 14 81 2 78 8 61 19 4 11 27 12 8 17 14 0 13 18 40 16 24 9 42 10 51 1 91 6 92 5 93 4 16
12 25 18 34 6 91 5 32 13 20 16 51 8 74 1 73 3 80 17 85 10 19 9 92 19 96 11 31 14 87 0 57 15 56 7 4 2 90 4 35
6 1 9 56 7 74 0 6 15 8 18 91 8 53 3 84 13 77 16 96 2 37 12 81 4 42 19 78 10 85 17 44 11 63 14 72 1 52 5 75
7 1 8 88 4 84 19 79 16 42 1 70 12 92 2 34 18 81 5 35 13 54 6 50 3 17 9 25 10 71 11 32 15 20 0 87 14 5 17 79
4 36 9 49 17 15 18 3 12 63 19 67 10 97 0 38 3 88 11 37 14 43 6 17 8 43 16 20 2 54 13 42 1 52 7 41 5 20 15 86
19 40 6 83 11 84 13 65 15 5 7 36 10 76 4 92 14 83 9 89 17 4 3 20 2 35 0 43 1 55 16 82 8 76 12 80 5 2 18 59
8 88 17 94 14 7 18 77 7 85 9 24 12 30 4 66 11 7 16 26 15 48 5 2 13 65 0 48 2 48 3 35 6 36 19 44 1 86 10 67
5 13 14 71 2 72 11 77 17 26 19 94 4 49 13 48 1 28 15 55 12 19 3 98 18 75 6 41 10 77 9 39 16 56 8 52 7 49 0 32
19 30 18 45 8 42 3 23 10 31 2 52 16 12 0 33 17 79 15 68 7 88 4 71 1 81 9 85 12 92 13 6 11 57 5 9 14 48 6 69
11 15 19 17 4 27 16 76 1 14 9 18 0 86 5 41 18 56 7 7 8 56 14 13 6 79 3 79 15 81 2 74 13 57 10 93 17 64 12 12
9 89 1 15 14 88 13 40 19 58 12 58 17 88 5 24 6 98 2 24 4 75 10 5 18 74 7 46 15 19 8 20 3 80 11 54 0 52 16 54
2 92 19 37 9 90 17 60 8 66 1 61 5 1 7 73 12 7 4 56 16 30 14 47 0 22 13 70 6 2 18 83 3 67 15 57 10 12 11 45
1 85 17 82 10 86 2 2 9 99 0 63 12 62 6 63 11 47 5 46 4 61 7 14 13 51 18 43 8 85 14 47 15 47 16 31 3 58 19 33
7 23 18 42 19 56 6 34 3 52 0 67 10 35 9 99 15 78 5 85 16 16 17 54 1 62 8 62 11 93 4 33 12 60 14 72 2 77 13 10
11 37 12 76 0 29 10 72 6 16 4 86 15 71 3 13 19 30 16 38 2 42 5 41 8 76 14 34 9 85 7 67 13 70 18 66 1 90 17 76
5 16 10 6 4 50 8 95 7 24 2 75 11 11 16 60 1 95 17 37 6 34 0 49 19 58 14 46 3 91 13 26 18 23 9 29 15 43 12 52
12 70 10 42 18 58 1 75 15 38 0 80 5 37 13 54 3 60 6 72 16 87 19 99 7 36 2 53 4 36 11 84 14 2 9 48 17 87 8 82
13 66 19 7 6 52 11 5 12 55 5 29 8 36 3 24 10 5 18 2 1 62 2 50 0 46 4 5 9 77 17 39 15 29 7 25 16 84 14 56
14 24 0 7 15 19 18 42 4 50 5 27 9 24 8 46 2 73 16 85 13 28 11 38 17 65 10 1 19 96 6 2 12 54 3 38 7 2 1 78
8 95 4 6 13 81 5 49 16 8 3 54 14 24 7 91 6 47 2 45 12 31 10 91 15 83 0 76 1 95 9 92 18 51 19 53 11 91 17 48
17 34 11 97 12 43 18 18 1 14 4 83 15 93 5 26 3 21 14 86 6 31 2 89 7 77 8 16 10 27 9 69 13 7 19 83 16 59 0 48
14 49 2 93 4 20 18 24 3 45 15 84 10 83 1 68 17 54 13 1 5 83 19 64 6 88 9 45 12 5 11 68 8 5 0 82 16 78 7 17
18 46 8 19 12 90 1 4 4 19 10 1 6 27 11 75 17 77 9 45 3 76 2 6 19 53 15 56 14 78 16 25 5 16 7 46 13 17 0 97
17 51 16 83 4 8 5 22 13 20 6 8 15 47 8 28 19 65 0 68 10 15 3 87 14 37 18 81 2 59 9 32 11 61 12 74 1 94 7 40
3 83 15 58 10 42 5 19 17 39 7 33 16 90 14 35 13 65 8 48 2 69 6 27 4 59 12 67 9 45 19 42 11 37 0 87 1 95 18 2
19 37 13 85 7 84 3 92 10 97 4 60 5 3 17 48 9 77 14 49 15 19 11 94 0 93 18 39 16 72 8 49 12 91 1 65 2 88 6 27
2 23 12 83 9 38 3 99 18 95 13 57 7 94 4 33 16 65 0 66 19 43 6 83 14 4 17 2 5 36 1 68 11 46 15 48 8 1 10 9
1 27 5 78 12 89 11 35 15 48 8 62 17 83 18 47 6 57 0 18 2 46 9 89 16 79 7 39 19 74 4 18 13 73 10 32 14 74 3 72
3 44 16 67 10 74 1 52 2 26 11 98 5 87 9 72 0 21 4 70 12 52 15 50 17 47 14 17 19 28 8 91 18 9 7 13 13 91 6 56
17 12 11 93 0 95 6 5 8 60 13 14 14 78 2 52 15 18 16 10 19 33 9 80 7 58 10 86 3 6 12 62 5 86 4 44 18 68 1 47
9 51 7 70 0 38 6 66 16 13 2 3 18 60 12 16 8 22 11 10 14 18 17 7 15 52 19 31 1 78 10 5 5 56 4 50 13 5 3 28
2 18 0 84 1 64 16 7 3 35 12 67 19 17 17 2 8 87 6 88 5 85 11 36 14 5 13 4 10 42 9 22 4 60 7 18 18 28 15 81
0 49 10 24 6 35 2 99 7 84 8 29 16 99 17 65 11 57 13 25 5 28 15 14 9 97 4 75 19 59 3 34 12 86 1 26 18 45 14 62
6 4 18 69 10 29 17 7 11 56 15 91 19 55 14 21 12 40 13 44 2 34 3 99 16 20 9 92 5 15 4 29 7 80 0 95 1 13 8 6
9 64 14 88 12 86 3 80 6 23 13 3 11 44 4 70 10 45 5 18 19 64 0 7 2 88 15 55 17 5 1 85 8 60 16 79 7 62 18 5
17 42 1 45 6 1 3 47 13 55 12 56 14 82 9 75 4 16 10 86 18 39 16 42 7 89 8 52 2 50 5 27 11 91 15 82 19 61 0 56
4 84 0 38 19 26 2 94 7 7 14 70 15 89 1 50 18 44 13 41 3 16 16 5 12 91 5 39 10 81 8 39 11 63 9 70 6 22 17 20
10 3 2 52 9 19 14 55 0 77 3 45 17 71 1 7 4 61 12 61 16 41 7 80 19 88 5 94 8 15 15 55 18 22 6 36 11 59 13 32
18 5 3 22 19 59 1 71 8 48 9 63 5 6 17 20 7 74 4 45 13 13 16 43 10 94 14 47 2 59 15 73 6 63 12 20 0 23 11 68
9 39 17 28 0 52 16 23 11 47 2 15 15 63 19 71 13 89 4 17 5 62 1 57 7 53 12 54 3 39 6 14 8 66 14 78 18 6 10 35
4 14 1 83 3 54 12 61 18 17 2 91 19 22 6 54 10 1 0 48 9 43 16 72 17 4 8 18 15 87 14 32 5 93 13 25 7 32 11 86
6 40 13 33 14 6 1 73 10 15 17 51 3 11 0 52 15 2 19 31 12 92 9 29 4 83 16 90 18 10 8 48 2 44 7 61 5 34 11 88
15 95 7 5 5 84 16 17 19 67 17 11 3 81 8 22 0 4 1 84 2 20 13 73 9 7 14 89 12 45 6 1 10 42 11 49 4 97 18 30
7 74 0 98 8 78 15 43 13 96 1 56 18 50 14 8 19 37 10 24 6 69 3 84 12 13 4 14 5 48 9 18 2 66 16 55 17 61 11 67
12 58 14 89 5 89 11 99 3 79 7 13 1 53 19 65 17 25 15 41 6 91 8 73 9 73 4 2 10 32 0 78 13 82 16 84 2 8 18 69
18 44 8 76 9 59 4 12 5 35 6 9 12 71 7 94 10 46 3 85 17 93 2 97 14 51 1 85 15 49 0 24 19 61 13 26 11 30 16 10
7 12 5 48 15 6 16 34 11 70 3 72 0 68 10 54 1 96 18 4 9 3 4 88 8 24 6 84 14 18 19 38 2 15 12 34 13 13 17 53
4 38 1 80 5 17 6 99 2 38 8 34 16 25 7 54 3 94 18 21 0 83 15 36 11 1 9 98 14 59 19 83 17 99 12 53 10 39 13 39
