100 20
16 6 14 95 17 33 18 59 8 26 11 42 2 62 6 19 3 41 1 98 12 18 7 69 0 84 13 90 15 55 19 3 4 99 9 99 5 12 10 32
18 30 12 69 6 94 0 17 2 54 8 48 14 19 3 91 7 70 15 13 4 96 13 12 19 62 16 73 11 76 5 2 10 53 17 63 1 94 9 73
0 7 18 15 3 49 17 48 13 23 5 82 16 92 10 88 1 21 15 56 14 65 12 70 6 84 7 14 2 80 4 39 19 74 8 36 9 14 11 46
6 72 9 27 10 92 15 32 18 63 4 18 14 68 11 12 19 7 0 9 2 74 17 79 16 97 12 39 5 23 7 27 3 80 13 25 1 81 8 63
15 96 1 94 13 26 3 54 14 67 12 5 4 26 16 55 9 86 11 86 18 22 0 53 8 22 6 58 19 22 10 3 2 81 5 19 7 72 17 3
18 76 7 58 9 78 11 5 2 12 4 40 12 89 13 48 19 54 10 44 14 79 6 62 5 78 15 68 8 98 1 79 17 99 16 46 3 51 0 95
1 80 4 79 13 65 5 67 11 69 8 15 0 10 10 11 3 95 2 55 9 55 16 44 17 74 6 50 12 74 15 84 7 89 19 68 14 34 18 49
0 64 7 31 8 80 14 1 18 57 17 48 13 88 4 24 15 6 10 97 2 71 12 53 5 70 6 76 9 39 11 44 3 85 1 36 16 77 19 81
3 62 2 40 6 23 19 26 9 1 15 94 4 43 17 46 10 37 18 97 7 92 14 20 8 3 5 63 12 77 11 95 1 62 13 34 16 3 0 1
12 26 7 82 4 41 14 4 9 82 18 90 6 96 3 89 16 91 2 6 1 35 19 26 11 18 0 51 8 42 13 28 5 90 17 75 10 35 15 80
1 90 0 23 7 81 10 92 18 18 14 71 19 52 3 41 11 13 16 53 6 28 17 62 12 36 15 86 13 49 8 78 9 22 2 33 4 66 5 74
4 54 13 69 0 96 18 34 5 27 6 61 11 12 3 16 17 34 10 73 9 39 7 41 2 86 12 4 14 98 16 73 19 53 1 18 8 26 15 50
17 63 11 12 10 19 15 77 14 60 5 9 6 91 9 6 19 47 7 46 1 12 12 75 3 76 16 52 0 44 18 45 4 28 13 52 2 35 8 96
11 16 3 68 0 7 17 49 18 79 13 96 5 67 16 77 8 14 7 48 4 40 15 93 1 97 2 90 14 23 19 85 12 60 10 12 6 16 9 55
4 98 15 11 2 27 3 84 11 18 1 86 7 73 10 31 16 27 6 37 5 14 0 6 18 53 12 82 8 63 14 11 13 94 9 13 19 56 17 91
11 83 3 90 7 24 16 34 0 53 6 87 18 3 17 88 2 88 13 16 19 14 9 78 5 91 14 92 1 65 10 7 12 97 8 7 4 34 15 45
6 71 1 72 4 27 18 85 11 20 13 81 15 18 7 23 14 36 10 27 12 63 8 88 2 73 16 93 5 39 0 76 17 46 3 6 19 74 9 24
11 48 18 6 12 93 7 25 14 98 2 72 9 67 6 71 10 12 13 88 4 83 17 51 1 20 16 9 0 54 5 29 8 84 19 72 15 3 3 38
14 51 2 95 8 87 12 16 13 21 3 27 16 92 0 59 17 31 15 74 4 97 1 59 11 1 9 85 10 5 18 17 7 66 19 37 5 96 6 54
1 2 6 44 3 84 14 54 10 55 7 90 9 74 15 20 13 15 4 35 0 93 11 16 18 62 8 28 19 99 17 46 16 97 2 90 12 7 5 32
9 93 6 81 2 45 10 11 13 5 14 41 18 89 8 19 15 7 5 79 3 4 12 15 19 21 16 55 17 26 4 17 11 95 1 75 7 91 0 84
7 48 14 18 17 19 18 91 5 96 4 82 1 12 10 29 12 49 9 38 6 49 8 19 19 66 11 43 16 60 2 39 13 10 0 55 3 78 15 82
4 93 0 68 17 12 2 47 14 66 10 49 15 90 1 51 12 91 13 96 6 56 9 23 18 38 16 86 3 45 8 44 19 83 11 47 5 37 7 61
11 24 12 20 15 62 2 1 10 67 1 52 8 13 9 80 16 70 13 50 3 89 4 30 5 7 6 37 18 32 0 48 19 54 7 90 14 38 17 47
15 51 7 11 17 12 10 98 12 19 9 62 0 85 3 95 13 80 14 75 1 76 16 43 18 5 8 46 11 2 2 56 5 54 6 73 4 53 19 48
11 43 13 25 15 30 14 92 0 54 9 74 4 51 3 32 7 67 18 52 8 55 5 59 19 40 12 69 16 77 1 14 6 89 10 61 2 64 17 98
12 32 13 3 14 3 5 16 10 34 8 83 9 32 6 23 19 81 11 40 7 56 2 51 18 31 17 80 3 35 15 18 16 55 4 66 1 89 0 47
12 51 8 17 1 57 16 39 0 83 4 23 6 92 2 74 10 4 11 65 13 70 19 36 14 9 5 74 18 62 17 24 15 4 3 14 9 44 7 36
16 92 4 24 5 90 0 71 17 83 3 29 8 17 15 75 14 41 12 57 10 44 11 94 9 94 13 51 7 30 1 98 19 57 2 93 18 99 6 10
2 19 17 89 1 80 12 90 10 86 9 1 13 79 14 82 0 2 3 49 15 20 7 95 16 32 19 35 8 84 5 71 11 55 18 84 4 62 6 74
19 38 18 37 11 5 9 69 6 25 12 73 8 75 4 52 7 11 10 72 2 24 3 7 0 30 16 6 5 84 17 12 13 53 15 5 1 9 14 64
19 66 16 74 10 90 3 22 18 24 1 96 6 86 9 14 14 9 4 41 5 92 8 33 0 23 17 45 12 79 7 66 15 12 13 41 2 81 11 3
9 29 0 54 11 91 7 10 18 94 6 17 17 44 10 64 13 33 4 63 1 67 8 41 5 61 2 21 16 17 15 80 19 62 3 99 12 47 14 43
15 55 11 77 4 38 5 71 6 67 18 32 14 85 3 71 2 60 1 12 9 5 13 8 19 33 16 5 0 96 10 40 17 86 12 70 8 24 7 18
12 74 15 34 11 73 18 28 10 20 19 84 2 22 6 16 13 98 5 40 9 67 1 88 8 63 7 83 4 34 3 72 0 90 17 18 14 66 16 28
15 46 13 35 0 67 12 30 17 13 19 15 9 43 3 28 5 84 7 62 10 30 1 23 6 46 18 47 8 44 11 55 2 15 4 31 16 32 14 29
11 56 3 41 17 52 5 60 7 48 8 46 0 63 15 85 19 95 16 5 2 96 9 10 14 70 13 99 6 4 10 19 4 77 18 43 12 51 1 15
16 27 4 34 1 77 19 21 18 2 2 81 6 66 7 9 9 48 3 86 11 91 14 93 17 12 8 84 10 21 15 47 12 63 5 71 13 26 0 16
9 21 7 92 14 5 3 4 18 81 4 1 15 54 16 6 11 32 13 63 0 57 1 37 10 95 12 84 6 15 5 76 2 71 17 90 19 61 8 18
10 20 11 73 17 31 9 60 6 80 16 9 13 6 0 58 4 19 5 59 1 48 14 86 15 27 12 56 19 17 7 67 8 98 3 71 2 41 18 3
0 18 7 62 13 83 12 73 11 18 5 89 16 13 19 75 9 89 14 33 10 20 6 86 2 63 15 62 1 62 4 13 17 83 18 5 8 20 3 5
6 22 10 87 4 52 0 63 1 84 13 44 5 17 9 63 11 98 15 88 12 8 17 27 8 88 2 18 18 25 19 66 3 28 14 78 7 64 16 96
13 1 19 98 16 4 17 79 9 59 12 85 6 58 3 46 7 73 5 94 4 36 11 51 15 56 8 95 2 54 10 20 0 37 18 63 14 65 1 66
18 45 5 56 9 85 7 43 13 2 19 76 14 73 3 41 0 55 15 90 12 54 10 48 6 46 1 12 4 86 11 42 8 40 17 85 16 68 2 41
10 73 2 46 6 5 16 96 5 58 12 8 15 4 1 10 13 15 3 73 11 82 0 99 17 29 8 47 4 13 19 61 14 23 7 82 9 8 18 76
5 87 12 30 3 47 8 13 16 17 0 96 11 69 9 29 17 51 18 7 19 12 13 37 6 91 14 80 7 23 4 33 2 27 15 37 10 35 1 32
17 19 5 13 9 59 18 23 1 61 14 20 3 34 16 30 4 5 12 10 11 18 0 18 8 32 10 29 2 18 6 94 19 56 13 74 7 51 15 88
1 56 9 85 4 6 7 32 16 60 14 53 10 98 0 92 12 25 2 15 18 2 11 48 13 21 8 68 15 62 5 31 3 76 17 52 19 85 6 21
19 34 2 82 11 38 9 39 12 44 1 97 18 70 0 71 13 11 8 51 7 97 16 80 4 40 3 30 6 73 17 52 14 22 10 56 15 92 5 85
6 56 12 19 9 12 7 63 17 75 8 81 2 56 18 58 15 85 14 32 19 90 4 48 16 14 1 38 13 88 11 99 5 4 3 31 0 17 10 83
0 58 12 6 6 13 16 83 1 74 4 47 3 91 19 99 15 77 10 66 17 21 13 6 9 84 18 71 11 61 8 13 14 75 2 71 7 46 5 65
3 70 5 52 2 55 12 1 17 83 1 9 13 93 11 9 15 96 0 82 19 30 7 34 4 74 9 97 8 3 6 62 10 77 14 38 18 66 16 61
19 43 17 44 5 22 13 34 2 50 8 53 10 42 16 57 3 43 6 15 12 61 11 80 9 3 1 92 14 74 4 96 0 37 7 55 18 8 15 41
6 66 1 80 13 5 7 84 15 62 5 44 19 56 0 50 17 16 4 51 18 28 9 20 3 81 2 2 11 14 8 41 16 18 12 17 10 59 14 73
17 53 8 37 18 72 6 73 14 60 19 75 16 97 15 18 13 95 0 93 7 84 3 13 4 69 12 53 11 13 2 21 10 29 9 36 5 92 1 98
11 47 18 67 8 86 7 66 3 39 9 55 14 15 16 42 17 41 1 67 4 32 10 87 6 9 0 37 5 71 12 7 15 48 19 54 13 90 2 75
5 5 10 76 1 13 7 70 12 7 15 55 6 96 4 90 18 68 0 46 2 24 13 72 14 90 19 41 11 77 16 95 8 28 3 65 17 23 9 74
10 8 13 98 8 61 4 20 18 71 19 85 1 44 11 70 16 74 5 43 6 55 3 41 2 4 12 7 7 34 9 62 17 33 15 71 14 71 0 74
17 68 18 62 1 85 13 55 19 73 3 8 6 60 7 68 0 77 10 64 2 43 5 48 11 91 15 42 14 38 8 74 4 2 9 15 16 52 12 94
8 45 1 21 4 62 18 12 14 11 12 15 10 8 15 27 2 56 7 13 11 91 9 69 6 20 19 96 0 64 16 62 5 65 13 74 3 17 17 41
17 30 15 10 14 1 9 88 19 6 4 19 2 7 10 38 6 13 16 31 0 3 8 5 1 58 5 21 13 67 3 95 11 81 18 79 7 26 12 96
18 49 6 97 5 70 12 2 11 41 3 39 17 10 9 83 8 90 16 40 13 73 7 13 10 14 2 6 0 30 15 93 4 52 19 63 1 67 14 82
13 22 0 30 11 78 4 97 7 77 3 83 2 79 15 97 1 55 5 21 19 37 16 99 12 42 9 45 8 65 10 17 18 87 6 77 17 36 14 72
17 26 6 84 11 61 14 65 3 17 2 87 8 98 12 26 1 11 13 69 0 72 15 71 7 98 5 65 9 76 19 41 10 26 4 87 18 97 16 74
12 32 9 90 1 78 6 29 7 26 19 14 8 97 10 84 3 45 5 51 11 98 14 53 13 99 2 45 16 37 4 48 0 10 15 61 18 10 17 60
14 99 16 55 0 30 18 23 1 46 7 73 4 44 6 55 2 90 17 52 13 82 15 30 8 82 5 38 19 84 3 41 12 86 11 44 10 14 9 25
7 60 14 94 6 45 16 84 13 51 10 22 12 97 17 78 8 48 2 1 0 97 19 85 15 94 5 68 3 74 11 34 1 4 9 16 18 85 4 32
19 93 1 52 16 14 5 45 3 33 15 44 14 63 0 54 8 40 4 87 18 95 9 86 7 80 10 47 2 61 12 55 17 8 6 74 13 24 11 51
19 58 11 20 10 39 18 49 5 81 3 23 0 29 6 37 1 43 2 34 17 45 4 78 12 88 16 25 9 99 14 36 7 27 8 83 13 65 15 79
17 52 2 14 4 97 19 8 5 49 10 33 3 27 0 77 6 12 9 14 14 14 8 17 11 60 7 42 1 48 13 85 12 17 18 32 16 87 15 26
1 77 16 23 9 26 14 75 12 3 3 41 2 72 18 67 11 12 0 27 5 53 13 15 7 11 10 96 6 67 17 71 19 98 15 44 4 62 8 23
17 9 15 68 4 78 10 78 16 56 8 32 9 62 11 35 5 43 18 4 19 1 7 50 13 70 14 84 3 8 12 98 6 94 0 82 1 70 2 49
11 11 14 7 17 30 4 28 19 24 10 96 2 38 12 49 18 79 15 67 16 8 0 48 1 76 13 70 8 23 6 81 7 94 3 76 9 72 5 22
18 3 16 72 0 73 1 16 17 43 10 69 8 2 15 4 9 23 3 73 4 8 14 12 19 11 6 56 13 60 12 75 5 48 7 37 2 81 11 36
11 29 12 95 14 66 10 43 6 44 19 36 13 19 8 91 3 88 16 86 1 30 4 87 18 15 0 8 9 30 5 36 7 40 2 83 17 93 15 73
18 34 13 4 12 14 19 27 8 35 14 96 15 16 4 75 1 29 6 60 2 92 10 31 9 57 5 80 3 80 16 89 0 6 17 27 11 84 7 69
12 61 2 67 3 31 13 31 6 99 1 87 5 88 17 74 10 68 0 17 4 84 15 49 7 28 9 45 18 30 16 68 11 13 14 79 8 52 19 57
2 39 18 1 16 81 3 62 19 19 8 86 6 12 17 25 12 20 9 48 13 51 5 5 14 29 0 96 10 70 11 43 7 96 4 32 15 81 1 17
12 9 0 94 3 80 15 91 8 92 6 88 11 75 7 24 19 99 5 49 14 45 16 63 2 19 18 44 10 24 4 2 9 82 13 92 1 15 17 41
9 37 4 68 17 61 2 9 5 11 14 61 16 6 15 99 13 67 7 55 11 67 1 72 3 61 12 30 0 17 8 63 18 85 19 62 10 12 6 91
5 2 16 1 13 7 2 46 7 95 3 24 10 29 15 77 9 33 1 99 8 10 17 47 19 47 14 59 4 86 0 11 18 29 6 53 11 22 12 71
19 35 13 64 8 7 17 59 11 72 3 83 14 65 4 54 12 77 16 55 1 50 10 68 18 46 0 69 5 50 6 95 15 60 2 87 9 47 7 10
9 91 0 32 3 58 4 44 19 34 7 47 18 13 12 33 11 38 14 86 17 91 16 15 2 12 15 19 1 91 13 65 8 86 10 55 5 79 6 88
1 23 0 80 11 14 14 1 9 32 10 20 5 41 12 18 4 85 2 13 19 1 15 98 7 46 18 46 8 19 6 46 16 73 3 86 17 15 13 75
18 54 14 16 10 78 7 28 3 9 16 20 9 95 8 94 0 85 12 4 15 17 2 93 19 47 6 92 17 56 1 43 4 55 11 63 13 64 5 22
10 82 18 97 15 46 1 98 0 54 4 85 11 86 17 40 3 70 7 2 8 6 16 31 9 65 13 92 12 63 2 50 14 56 19 63 6 87 5 46
19 85 15 48 1 43 14 29 12 11 8 39 11 85 6 71 17 35 10 69 3 42 5 31 4 46 0 92 16 70 9 13 2 98 18 88 7 65 13 77
16 22 17 81 15 5 14 68 5 97 12 4 18 95 13 83 4 94 7 56 8 45 11 42 1 96 2 11 3 53 0 44 10 20 6 27 9 98 19 77
17 23 7 50 14 52 19 28 8 33 10 56 6 38 15 22 3 25 18 83 9 34 11 3 1 39 12 8 16 48 13 26 2 94 0 59 4 53 5 53
17 51 8 1 0 25 9 59 15 80 4 13 13 1 7 91 10 85 11 72 12 68 1 74 2 9 14 97 19 28 16 11 5 95 6 71 18 61 3 79
16 81 12 43 11 12 8 97 5 17 6 22 15 29 10 77 19 8 9 70 13 28 1 16 0 54 18 60 2 49 3 70 17 56 4 90 14 61 7 4
15 69 4 27 16 98 3 47 0 22 7 71 9 31 17 94 11 47 5 13 14 33 19 37 12 64 1 61 18 3 8 18 13 4 2 42 10 59 6 83
15 71 11 9 2 38 5 26 7 18 6 71 12 49 8 27 14 59 18 87 1 35 19 91 17 61 16 23 9 50 13 95 3 68 10 61 0 4 4 59
16 20 15 32 1 53 14 82 18 80 13 80 3 87 10 71 7 92 9 50 4 5 0 24 11 78 8 57 6 89 2 20 12 83 19 28 5 67 17 12
12 22 11 47 17 33 15 69 6 29 16 80 14 50 1 4 3 21 4 38 13 34 10 10 5 53 18 53 2 5 19 22 0 39 9 10 8 37 7 32
7 98 13 46 16 25 3 19 8 50 19 76 2 25 10 22 14 46 4 60 18 77 12 73 0 64 9 27 17 67 6 26 5 48 15 92 1 55 11 84
9 89 2 59 4 59 0 73 19 91 8 50 13 1 15 89 16 19 3 13 18 60 11 75 14 20 10 89 17 96 1 62 6 8 7 54 5 35 12 63
18 87 16 41 1 35 14 34 4 47 7 86 11 49 2 67 9 94 5 57 3 95 6 59 10 80 13 24 15 13 19 42 8 38 17 41 0 5 12 40
7 89 9 83 6 52 13 83 11 21 4 47 12 89 18 38 2 14 0 38 15 48 1 52 19 96 10 71 14 78 5 77 3 50 8 6 16 9 17 78
14 49 19 24 9 47 6 48 15 96 2 69 8 38 1 90 13 85 4 4 3 41 17 11 7 62 12 48 5 9 11 99 10 17 16 18 18 6 0 44
