100 20
5 70 6 99 4 68 3 83 17 42 14 4 16 65 9 57 12 75 8 61 18 49 7 1 1 70 0 18 13 48 15 17 2 58 10 46 11 41 19 57
3 82 4 28 6 56 10 63 19 22 18 48 13 74 11 65 8 67 7 54 14 92 2 12 5 50 16 90 0 42 15 2 12 98 17 31 1 6 9 17
2 1 6 66 9 30 19 86 7 38 5 1 16 65 11 17 0 84 8 85 14 42 15 46 17 63 18 25 1 52 12 98 10 23 13 56 4 20 3 80
0 55 17 30 15 9 10 58 19 25 3 5 7 90 1 52 18 44 8 20 9 26 11 53 13 86 14 4 5 46 12 4 4 62 6 92 16 90 2 53
3 97 16 14 14 32 1 42 0 44 12 67 10 12 13 81 5 42 19 16 6 19 9 70 8 81 17 52 11 38 2 8 4 63 7 52 15 3 18 45
5 41 6 39 19 25 12 11 11 11 13 5 0 66 9 87 18 3 15 39 2 81 8 86 1 42 16 83 10 61 7 57 4 34 3 86 17 23 14 95
0 5 7 7 6 22 18 62 15 23 16 89 10 10 5 59 8 95 14 17 9 98 4 54 19 62 1 26 2 62 13 38 12 32 11 1 17 37 3 95
15 59 14 22 18 49 13 5 19 54 11 41 6 12 0 5 10 86 9 90 2 9 17 62 7 65 5 34 8 41 1 27 12 56 16 73 3 98 4 89
14 42 0 87 2 96 4 91 7 7 13 39 12 61 18 41 15 57 16 89 1 76 6 27 5 8 17 35 8 16 19 51 10 79 9 6 3 94 11 90
16 86 14 18 5 90 6 40 12 25 17 58 18 44 13 4 7 63 11 38 9 59 1 18 15 4 0 27 2 33 3 17 4 52 8 39 10 17 19 4
13 31 7 85 18 27 16 26 9 43 11 60 5 86 8 21 4 92 10 43 12 39 2 25 19 56 14 18 17 93 3 50 0 67 1 78 6 5 15 44
2 26 19 59 8 85 5 44 18 46 17 63 6 23 12 13 10 85 15 70 13 48 3 15 11 36 14 82 4 8 9 6 0 3 16 67 1 6 7 75
5 60 13 81 19 75 8 86 11 90 1 29 14 92 10 63 6 52 7 2 18 8 4 28 0 50 9 52 17 36 12 33 15 54 16 98 3 95 2 66
19 53 15 18 6 96 8 79 5 20 0 31 3 34 14 32 17 17 13 37 7 98 12 42 1 10 18 88 16 36 10 60 9 90 2 33 11 16 4 26
1 32 12 1 10 22 11 59 16 99 3 72 6 52 7 74 2 73 14 8 15 11 4 13 19 72 17 13 9 54 5 36 18 50 8 29 13 67 0 31
10 1 0 80 16 24 11 41 18 47 5 34 8 56 17 45 6 63 7 27 2 68 12 76 4 29 1 68 13 43 9 93 19 34 15 29 3 9 14 62
19 96 4 36 5 13 12 56 13 96 9 14 16 1 0 70 11 19 8 83 3 59 6 30 10 89 15 96 1 95 2 95 14 40 17 32 18 11 7 18
8 1 14 90 10 16 17 25 18 95 19 56 16 14 0 94 9 46 4 12 11 30 2 94 3 86 15 14 6 1 1 7 5 46 13 38 7 75 12 84
10 64 13 87 12 96 16 65 19 46 15 92 7 9 3 52 18 72 5 62 8 92 14 51 11 93 9 7 2 32 4 56 6 51 0 50 1 12 17 45
12 49 3 82 11 86 8 6 10 89 15 81 0 56 7 12 17 16 6 49 19 39 4 85 18 22 2 91 5 44 1 17 16 27 13 77 9 10 14 13
9 17 16 5 17 53 13 98 6 37 1 71 10 14 11 94 2 21 5 42 3 8 19 69 15 7 4 41 7 1 8 13 12 83 0 95 14 9 18 98
7 14 5 37 3 57 0 76 11 57 16 15 12 51 4 96 15 78 9 26 1 64 2 43 19 48 14 41 17 23 18 86 6 6 8 48 13 31 10 3
14 71 1 92 13 28 4 31 15 41 18 57 12 59 9 35 19 76 6 61 10 91 16 27 11 52 3 86 0 41 2 46 7 42 17 99 8 69 5 29
14 79 2 25 0 40 15 91 17 91 5 11 10 68 7 95 6 78 4 72 8 94 13 9 12 40 18 34 19 12 9 13 1 15 3 58 11 92 16 52
19 17 11 38 17 29 7 82 12 73 1 10 15 81 10 6 5 10 14 53 18 55 2 36 8 53 9 42 0 98 4 38 16 83 13 80 6 3 3 29
16 35 10 32 8 36 11 5 18 99 13 57 5 72 14 98 12 87 0 17 7 34 19 69 4 90 17 63 6 44 3 86 2 80 9 14 1 42 15 59
9 31 15 40 18 25 10 35 14 80 3 31 1 84 4 62 17 80 16 91 19 51 2 71 7 37 6 94 0 65 5 39 13 33 8 73 12 31 11 7
4 79 0 61 2 53 9 4 15 66 17 2 1 32 12 1 13 36 16 46 11 10 3 63 18 34 6 17 5 65 10 71 19 26 8 32 14 81 7 49
7 69 3 78 6 17 0 54 9 41 10 85 4 15 1 3 12 44 18 80 2 99 14 23 16 52 13 18 8 74 5 35 19 9 15 76 17 26 11 38
4 4 15 78 2 33 5 45 6 34 8 6 7 67 18 45 13 13 19 33 0 78 14 13 16 5 17 36 9 11 11 27 12 71 10 39 3 44 1 40
11 12 17 63 2 46 10 81 3 57 5 33 16 44 6 92 14 31 4 91 19 89 18 51 13 58 0 71 1 66 15 36 12 33 9 6 7 96 8 81
16 34 3 36 15 61 9 48 1 16 18 99 0 39 14 21 4 68 13 51 7 12 5 77 11 79 2 74 19 59 8 4 10 82 12 98 17 83 6 2
14 76 18 11 6 77 2 13 0 20 11 98 7 64 4 28 10 1 17 11 8 83 9 68 15 87 3 69 13 83 16 57 12 7 19 8 1 29 5 99
15 90 16 66 0 52 14 2 13 15 5 80 7 20 9 40 8 28 4 55 12 82 6 4 1 70 2 31 19 77 17 7 3 81 18 52 10 89 11 29
1 53 3 29 16 52 9 72 0 73 2 38 14 80 18 2 8 87 15 17 12 8 17 17 5 45 4 87 11 5 13 98 6 91 7 49 19 51 10 47
14 14 6 55 5 19 13 45 19 76 4 34 0 93 18 83 1 34 10 90 16 49 7 32 3 73 17 25 8 23 12 68 9 39 15 98 2 69 11 15
12 52 15 33 2 65 11 64 4 40 5 88 16 63 7 1 6 64 17 33 8 83 9 21 19 9 3 70 13 40 18 21 10 10 0 80 14 32 1 61
13 1 4 96 19 72 3 42 0 75 1 41 2 73 8 25 9 73 12 48 10 27 6 94 14 17 7 94 17 84 5 50 16 79 11 30 18 56 15 89
10 77 11 25 0 15 2 32 5 70 18 70 17 93 16 6 6 17 3 93 1 94 7 69 8 53 12 65 13 4 9 73 4 13 15 41 19 60 14 79
19 70 7 4 3 81 9 99 15 4 11 17 12 95 8 13 17 70 4 35 16 81 5 20 6 72 18 34 1 56 2 4 14 4 0 64 10 30 13 36
4 5 11 20 15 97 3 62 6 46 5 74 0 66 13 81 17 94 14 64 7 74 10 62 1 29 19 1 16 38 8 62 9 99 2 66 18 69 12 43
10 98 16 64 19 67 1 51 17 84 11 73 0 53 14 39 7 27 5 68 12 75 8 26 6 17 9 70 18 51 4 80 13 63 15 44 3 95 2 12
12 8 8 87 2 5 13 73 17 94 0 69 19 18 6 3 15 42 14 19 5 55 7 9 18 41 11 12 10 26 3 26 1 91 9 45 16 95 4 97
2 39 3 38 5 74 6 64 8 42 4 50 7 82 11 24 17 37 13 60 14 12 12 68 9 28 19 46 16 78 1 29 15 51 18 47 0 89 10 24
16 82 3 63 2 96 11 52 19 35 7 46 5 85 6 4 9 44 13 79 12 82 17 87 8 62 15 77 1 27 14 30 10 77 0 69 4 71 18 89
11 77 16 81 17 68 6 18 19 88 14 8 12 79 8 87 10 31 3 72 4 21 9 42 18 55 13 97 5 49 0 79 1 73 15 42 7 30 2 49
8 21 10 34 18 18 0 86 6 53 7 24 16 56 9 16 13 48 15 75 12 98 5 79 14 37 4 54 11 97 2 34 17 84 1 49 3 88 19 55
4 70 7 48 8 30 17 38 5 69 0 20 13 19 6 45 9 71 2 85 14 79 18 95 1 22 10 16 16 58 12 49 19 81 3 74 11 67 15 32
16 86 11 55 8 94 14 27 18 59 9 46 15 54 13 77 0 93 1 47 5 45 19 76 17 99 7 94 2 43 4 43 6 11 10 71 3 76 12 61
16 35 12 95 14 90 5 27 11 54 9 90 15 38 13 74 17 61 7 97 8 46 19 39 18 81 4 68 3 47 10 99 6 38 0 69 2 63 1 7
17 8 16 12 0 54 14 9 9 5 12 93 8 34 2 84 7 68 6 15 3 47 4 73 11 52 5 62 10 73 18 73 1 1 19 57 15 47 13 66
3 6 5 52 16 45 7 9 1 97 19 14 2 99 18 90 15 82 13 23 0 14 4 30 12 24 11 41 8 78 6 62 14 82 17 84 10 7 9 15
7 86 13 55 10 83 5 90 19 95 15 26 11 7 12 11 6 10 2 16 14 78 1 12 4 69 9 58 3 98 16 53 18 78 8 64 0 52 17 97
2 66 5 25 10 9 19 43 14 80 13 51 4 7 16 19 1 74 11 24 0 84 12 23 8 64 15 78 17 66 7 84 3 56 9 75 18 59 6 94
18 24 4 91 11 77 12 76 8 33 0 11 14 99 6 24 15 58 3 57 10 97 17 38 16 91 1 24 13 83 5 76 2 53 19 10 7 58 9 79
14 97 12 89 19 24 18 88 13 50 11 25 9 97 6 7 0 46 4 48 5 83 16 10 10 45 1 91 7 19 15 41 17 91 2 88 8 12 3 76
7 75 12 54 14 80 2 21 15 82 19 47 5 86 1 12 4 66 11 50 6 25 10 28 8 28 16 17 9 84 13 2 17 61 18 38 0 5 3 46
10 56 7 82 0 19 18 67 3 77 2 35 9 5 13 39 8 18 17 9 1 66 6 21 19 51 11 4 4 7 14 30 12 84 5 25 15 31 16 70
14 62 3 12 1 73 4 54 9 97 10 73 17 5 13 26 2 31 15 29 8 27 19 47 12 97 7 89 6 1 11 77 18 47 0 96 5 11 16 65
1 5 14 38 4 31 3 95 7 5 17 33 6 84 15 63 5 49 10 20 12 86 16 36 11 98 13 8 19 88 18 81 0 30 2 53 8 54 9 40
18 35 11 76 3 69 14 18 0 86 7 7 2 39 1 45 17 41 16 73 19 37 9 34 6 3 10 27 4 22 15 21 12 15 8 55 5 54 13 82
4 87 9 62 12 67 19 67 13 55 16 68 7 80 11 52 1 69 5 72 3 72 8 41 0 64 6 48 17 86 14 49 2 91 15 48 10 84 18 74
3 48 8 78 9 97 15 3 6 25 11 62 0 9 10 13 5 74 7 70 19 42 2 28 4 93 13 59 18 90 16 49 1 43 12 97 17 35 14 21
13 26 10 29 12 11 18 88 1 85 9 57 5 97 7 50 15 65 8 58 2 84 16 10 0 32 3 6 4 4 6 13 17 14 19 87 14 22 11 28
14 5 16 46 12 17 7 92 18 45 5 88 19 66 0 70 17 50 1 77 9 61 3 7 13 3 15 84 8 87 4 57 11 14 2 27 6 95 10 61
12 31 10 90 3 91 18 36 19 58 4 48 14 39 15 82 13 66 16 19 2 48 17 71 5 40 9 9 0 94 1 99 8 11 11 58 7 76 6 65
17 54 14 31 0 74 13 81 19 46 8 8 11 82 18 5 9 76 3 73 12 91 1 11 15 67 4 87 2 38 5 30 10 70 16 46 6 1 7 74
14 56 2 74 7 72 8 37 17 36 11 33 15 42 10 37 4 71 0 78 19 73 16 14 9 16 3 27 12 71 1 27 18 35 13 69 6 38 5 25
4 14 9 81 7 20 0 9 15 56 16 44 5 58 13 29 14 56 18 77 3 22 11 78 12 89 17 6 19 78 10 72 6 46 8 16 1 49 2 7
14 97 16 97 9 65 2 38 12 34 5 25 0 72 3 37 17 66 18 74 19 74 10 75 7 7 15 13 8 85 11 75 1 24 13 7 6 17 4 62
2 37 6 77 11 88 13 89 1 47 19 80 17 17 16 15 4 64 5 26 12 86 9 35 18 89 0 15 3 55 7 34 15 25 10 23 14 34 8 55
16 79 15 27 5 89 2 45 14 9 12 48 0 16 6 14 9 6 3 42 7 59 11 75 4 48 18 59 8 95 10 57 17 43 1 26 13 37 19 44
0 44 13 38 19 69 2 30 15 25 16 45 4 95 3 98 12 7 7 32 6 61 11 25 17 87 10 17 9 92 8 5 5 97 1 60 18 78 14 67
17 23 14 6 19 34 8 44 16 44 10 18 7 75 2 58 13 5 15 35 9 20 12 64 6 27 3 55 5 73 1 7 18 24 0 50 4 61 11 38
17 14 10 46 13 67 4 42 15 17 12 93 7 3 2 92 5 66 18 80 1 4 9 31 0 76 3 42 16 25 19 97 8 95 14 50 11 99 6 52
10 4 2 43 15 89 14 26 19 17 3 23 9 31 4 45 12 13 11 10 1 15 6 72 5 18 7 91 0 55 18 8 17 4 16 55 8 73 13 99
11 33 17 50 2 88 3 83 10 57 0 61 5 95 18 24 13 5 8 71 15 43 16 36 7 52 19 61 1 40 4 81 14 59 9 6 12 89 6 26
11 51 9 5 3 81 5 37 12 70 4 11 7 77 10 39 13 53 0 50 16 67 14 35 1 87 15 61 19 18 6 2 2 61 8 25 18 64 17 30
1 35 9 93 6 85 7 82 2 38 0 64 12 46 18 50 14 73 10 20 5 43 15 71 19 89 4 87 11 89 13 86 16 22 8 62 3 80 17 98
6 48 4 5 18 81 19 20 13 92 3 63 1 95 8 67 10 22 9 80 0 31 5 78 17 80 16 51 11 50 12 78 14 95 2 8 7 22 15 94
9 50 15 73 1 15 6 66 5 61 12 65 2 82 4 74 11 33 18 27 8 42 16 14 14 83 7 3 10 6 13 82 17 26 3 46 19 73 0 58
9 69 3 67 10 71 13 80 7 90 4 70 12 9 0 26 1 51 15 50 17 69 14 70 19 28 2 92 18 81 8 26 16 17 6 59 11 63 5 53
3 67 2 54 1 2 12 52 14 32 9 42 7 95 13 12 10 99 15 87 5 72 17 88 19 8 18 98 0 10 16 59 11 81 8 29 6 82 4 14
13 88 17 92 18 97 8 62 6 51 15 2 0 50 1 69 3 21 4 86 5 63 16 84 19 37 10 6 11 11 9 68 2 64 12 2 14 38 7 54
18 60 13 94 1 13 7 65 8 45 6 89 3 87 16 80 17 97 14 99 2 72 15 45 10 5 12 53 19 37 5 11 9 29 11 77 0 29 4 22
14 37 2 86 16 80 19 17 5 64 18 9 10 83 11 23 6 33 17 35 9 16 7 68 8 98 12 98 4 15 1 4 15 34 0 36 13 57 3 33
4 12 13 47 10 97 14 60 15 24 9 27 8 73 12 36 17 76 2 90 19 87 18 68 6 90 5 88 0 15 1 71 16 18 3 60 11 50 7 54
4 48 6 18 15 16 13 75 9 49 3 73 16 53 11 60 5 6 14 57 19 89 18 92 17 1 10 88 8 68 0 50 12 64 7 79 2 90 1 1
11 68 9 5 2 92 6 92 3 68 14 87 18 74 4 86 1 9 5 12 13 55 16 88 7 4 12 20 17 76 8 12 10 33 15 59 0 82 19 86
12 58 5 67 3 58 8 26 2 25 17 47 18 31 6 87 13 85 11 3 14 51 4 2 19 6 10 19 0 41 15 43 16 40 9 84 1 7 7 8
18 16 17 50 10 48 3 97 6 54 0 71 5 81 15 60 13 60 19 74 4 71 12 44 1 69 8 10 11 16 7 9 2 14 16 76 9 55 14 84
7 83 9 73 10 17 12 52 0 90 18 5 16 40 1 99 8 23 4 26 13 34 2 2 11 15 6 69 5 59 19 71 15 8 14 87 3 50 17 24
3 22 4 86 7 90 11 11 8 94 12 94 0 67 14 29 19 32 17 46 6 52 1 39 13 59 10 8 16 82 18 9 2 57 5 51 15 62 9 38
14 68 5 53 3 37 8 81 13 88 12 75 2 16 7 92 9 55 17 76 0 34 11 56 1 45 15 68 16 54 18 2 6 37 4 37 19 61 10 48
4 6 16 76 1 66 18 57 9 22 2 41 7 95 5 93 11 71 8 47 6 85 10 88 0 78 3 16 12 11 13 3 14 19 17 69 19 3 15 73
2 43 11 46 1 57 7 31 3 26 14 69 10 84 15 83 12 1 6 74 16 99 8 98 13 10 18 20 17 33 19 76 5 65 0 76 4 67 9 51
6 72 2 89 15 22 4 35 8 97 9 61 17 52 3 72 0 52 11 10 18 32 19 62 7 53 1 42 16 63 10 29 14 79 12 91 5 87 13 1
6 99 4 74 15 41 13 6 18 12 10 33 7 84 12 80 16 51 3 45 9 51 8 44 2 90 1 57 17 43 5 23 0 27 14 90 19 35 11 73
16 29 7 98 10 26 17 59 18 53 3 62 9 99 6 92 5 50 11 28 19 37 0 60 14 90 15 82 13 26 12 64 1 9 4 39 2 54 8 57
1 7 17 69 11 70 16 26 0 57 6 71 18 33 15 45 19 95 13 64 3 14 7 38 14 48 2 90 9 7 4 23 12 25 8 68 5 63 10 34
