100 20
1 53 13 25 14 12 18 44 19 94 0 74 12 39 15 5 2 29 16 85 5 31 17 44 8 2 4 43 11 50 9 62 3 2 6 59 7 51 10 94
17 39 6 7 11 38 9 63 2 15 7 32 13 72 10 68 8 74 15 86 14 62 12 8 0 96 19 98 16 51 18 40 1 26 4 44 5 20 3 15
16 98 1 6 7 39 14 51 5 90 9 26 8 15 2 91 18 90 0 29 10 54 4 75 17 41 3 28 13 58 19 69 15 58 12 74 6 60 11 81
3 73 11 84 10 3 17 95 13 78 5 9 15 35 1 42 0 30 18 53 6 61 16 63 14 49 9 89 2 57 19 35 4 60 7 37 8 68 12 25
1 59 2 84 5 55 9 21 3 85 11 39 13 34 15 97 17 37 4 55 6 94 10 85 0 67 19 8 8 57 18 27 12 71 7 10 16 62 14 75
14 40 4 71 0 16 9 3 15 79 19 4 13 67 3 33 6 30 7 53 2 42 5 60 10 34 8 27 1 15 12 27 11 73 18 20 17 68 16 5
14 6 11 85 16 30 3 10 12 51 8 8 2 6 10 89 19 16 18 41 7 38 4 30 13 59 1 57 0 62 9 69 17 89 6 75 5 25 15 99
7 29 15 55 18 3 6 9 4 32 1 96 17 57 0 46 8 92 14 96 2 18 19 25 5 36 12 65 16 64 13 53 10 51 3 66 11 21 9 40
18 82 9 92 10 83 4 1 16 90 8 62 6 69 17 69 5 53 15 59 11 2 7 8 3 56 2 69 13 77 1 59 14 77 19 18 0 18 12 17
5 55 16 19 6 46 15 38 10 57 17 91 4 62 0 18 1 21 8 25 14 32 19 90 3 60 13 46 18 1 7 97 9 67 12 4 2 75 11 16
8 32 10 70 18 21 13 15 0 74 16 11 1 51 14 9 3 32 15 58 5 43 4 46 17 97 12 6 6 34 7 4 19 3 2 56 11 21 9 27
17 23 6 16 5 31 10 95 15 97 19 16 12 53 13 89 11 91 2 17 8 77 18 75 16 26 14 73 0 87 1 46 4 15 7 92 9 82 3 15
0 24 3 81 7 21 5 90 13 61 9 28 18 9 1 98 16 66 12 24 11 45 10 8 8 78 4 30 14 39 15 83 2 57 19 52 17 12 6 56
7 33 12 11 10 54 3 51 6 40 2 81 0 37 1 40 14 13 13 51 8 61 15 67 11 4 17 3 16 14 5 9 9 53 18 75 4 52 19 68
15 10 14 3 11 87 9 23 17 39 3 36 0 56 16 57 2 85 10 89 13 60 1 26 19 75 5 2 4 74 8 16 7 70 6 93 12 96 18 25
8 3 15 93 0 88 11 69 13 61 4 8 18 13 6 19 1 78 12 70 10 77 5 96 19 32 7 24 2 81 9 78 3 98 14 63 16 11 17 56
14 67 18 89 10 6 8 57 6 52 11 65 15 31 13 30 3 21 0 86 12 53 16 59 17 14 2 28 19 23 5 10 1 29 4 31 9 54 7 5
17 62 3 9 2 44 0 56 6 81 5 74 13 55 15 35 1 28 9 44 11 89 19 70 7 40 10 45 18 60 14 42 16 98 4 74 12 65 8 64
6 77 15 25 12 6 7 59 14 67 1 8 0 54 11 60 2 24 5 49 18 71 17 94 3 54 13 83 19 27 16 70 8 34 9 25 4 84 10 90
2 81 9 82 4 12 13 19 5 51 1 26 0 7 6 84 11 16 15 84 7 23 8 96 10 93 3 47 18 94 16 63 19 24 12 23 17 60 14 16
10 49 15 43 8 39 0 51 13 48 16 57 14 75 11 2 19 5 9 71 18 73 4 4 1 52 17 28 2 76 5 3 7 25 12 40 3 25 6 33
12 51 10 66 19 41 4 64 17 83 16 1 0 33 5 87 8 14 14 83 9 93 11 14 7 10 15 18 2 24 18 97 6 23 13 78 1 31 3 87
3 50 2 71 10 44 6 12 13 16 9 23 16 10 0 82 17 95 7 59 1 15 5 14 19 44 4 72 18 89 8 57 12 83 15 16 11 31 14 8
18 49 5 77 8 22 11 95 6 19 4 47 7 40 2 89 13 49 15 7 10 21 1 85 12 4 3 61 0 90 9 91 16 24 14 22 17 82 19 88
0 9 12 98 10 5 17 63 2 96 19 35 1 74 15 92 7 38 14 99 11 93 5 37 18 62 6 55 9 84 4 99 16 34 3 75 13 86 8 45
14 65 4 52 7 77 5 9 10 41 9 44 13 84 16 96 3 85 18 89 12 64 0 96 2 75 15 28 11 17 8 20 17 10 19 49 6 4 1 24
4 63 9 56 5 66 1 86 16 52 18 30 13 58 7 38 6 80 19 7 11 34 3 18 15 86 17 11 0 63 8 80 10 84 14 29 12 38 2 52
4 4 19 78 5 4 2 4 13 69 3 33 12 4 9 64 7 39 17 74 15 54 8 22 1 9 6 61 16 52 18 9 0 57 11 95 14 27 10 82
10 47 5 15 3 11 6 26 12 75 8 13 19 73 13 28 15 58 9 65 11 36 17 1 7 77 4 28 18 72 2 20 14 86 0 40 16 47 1 24
18 22 5 43 16 10 10 79 12 82 13 82 3 23 19 47 15 2 17 3 14 67 7 83 9 5 1 13 2 39 6 1 11 97 8 1 4 44 0 43
18 23 1 89 16 64 19 77 2 65 11 84 14 84 17 20 9 52 12 61 6 19 5 10 3 74 0 38 7 66 10 51 8 87 15 72 4 73 13 24
7 47 15 11 12 72 14 6 1 85 16 37 2 57 8 26 17 62 5 21 11 62 10 79 6 14 9 73 3 71 4 82 18 9 19 28 0 75 13 88
18 17 3 99 9 23 4 25 0 10 5 84 14 84 11 49 1 9 7 64 15 72 19 64 2 9 16 75 12 48 17 52 10 85 13 80 8 66 6 19
8 21 16 59 11 97 15 14 0 17 10 24 6 43 14 1 3 12 19 17 17 43 18 76 9 87 4 46 12 80 2 45 13 69 5 45 1 56 7 87
10 66 7 88 17 48 18 60 0 21 13 54 5 62 19 32 15 43 4 40 8 57 16 64 11 13 12 18 14 45 6 47 1 20 2 41 3 52 9 37
9 21 6 56 10 33 2 72 12 6 0 81 11 82 8 68 13 9 1 41 17 86 16 46 3 24 15 56 14 51 7 62 19 59 18 51 4 54 5 5
18 21 12 11 0 33 15 15 14 21 4 82 3 73 16 31 1 6 11 30 7 63 5 76 13 34 2 54 6 97 10 43 19 38 17 3 8 79 9 10
19 91 18 52 2 9 8 78 12 29 4 86 5 94 3 86 9 41 17 15 1 80 10 40 15 86 14 92 0 59 7 78 11 70 16 17 6 31 13 89
1 66 9 7 2 44 13 30 8 21 6 84 3 10 7 87 11 93 18 94 19 58 0 57 17 51 4 79 5 61 10 71 12 63 14 73 15 18 16 40
17 72 1 30 8 77 11 62 16 45 5 61 19 68 9 23 13 76 12 74 6 48 15 39 14 1 7 33 10 38 0 66 4 35 3 26 2 36 18 22
0 63 15 88 6 49 7 82 2 73 1 45 18 6 3 35 17 46 10 90 5 7 13 11 8 23 14 21 11 71 16 81 19 95 9 18 12 68 4 81
10 16 1 26 6 70 3 84 17 51 2 3 7 14 8 53 14 61 9 98 13 17 12 23 0 52 5 75 11 79 16 93 19 67 18 98 15 8 4 33
17 62 14 38 5 21 10 54 1 16 3 61 2 55 8 40 7 83 6 51 0 50 4 45 15 6 18 97 16 20 11 20 9 4 12 58 13 1 19 1
18 49 17 31 1 64 15 24 6 42 12 92 9 87 16 64 7 42 14 54 4 73 19 83 11 63 0 65 2 55 8 60 3 14 10 92 13 76 5 87
7 25 18 71 0 50 5 99 16 42 19 34 10 31 13 27 6 97 1 26 14 36 15 59 17 12 12 6 8 92 3 96 9 9 11 82 4 69 2 29
4 26 12 16 5 83 0 41 6 30 9 25 15 99 8 55 3 89 10 86 17 60 7 78 16 17 18 54 2 37 11 96 13 88 19 18 14 55 1 1
2 56 3 38 12 96 19 7 13 71 11 61 5 70 0 81 7 60 6 92 1 85 4 99 15 68 14 65 18 69 8 69 9 22 17 26 16 4 10 99
2 88 16 42 3 73 7 71 19 83 4 1 0 67 5 72 8 36 10 58 6 21 15 53 17 77 12 78 14 69 18 80 13 2 9 65 1 95 11 32
8 28 7 15 2 63 16 18 5 86 3 54 6 34 11 8 12 81 13 40 0 47 9 37 1 73 17 88 19 19 10 36 14 6 18 56 4 41 15 10
18 50 11 76 7 76 8 27 15 46 10 98 0 38 12 16 4 83 6 39 2 60 9 74 16 26 5 73 14 80 1 17 3 90 13 20 17 64 19 93
5 14 0 68 12 80 4 85 18 14 3 35 19 35 16 27 10 3 9 50 6 8 11 75 13 47 2 3 1 19 15 1 17 80 14 91 8 39 7 61
13 51 11 47 9 68 12 87 16 63 0 42 15 32 4 23 7 94 19 38 14 55 10 3 1 32 6 87 8 40 5 63 18 60 2 47 17 70 3 88
2 50 15 62 12 47 5 63 11 16 10 18 9 32 4 80 19 12 8 96 17 42 3 70 7 15 6 33 16 7 14 36 1 40 18 86 13 20 0 21
1 51 16 7 17 25 11 84 15 7 4 77 10 51 5 57 13 86 7 97 6 59 18 67 8 9 9 51 19 17 0 79 14 24 3 47 12 7 2 41
12 61 14 76 19 68 1 28 15 38 7 72 13 58 3 32 0 75 4 4 6 14 2 84 18 37 11 34 17 46 10 97 5 91 9 89 16 36 8 88
2 87 11 8 13 79 14 81 15 21 0 73 10 32 4 2 19 86 1 24 12 13 7 97 17 49 9 72 5 80 16 45 6 31 3 69 18 28 8 60
0 17 5 61 15 89 2 18 11 25 8 24 16 92 18 57 12 67 17 87 9 45 19 3 3 44 1 16 14 12 6 85 4 37 7 48 10 71 13 14
11 94 6 31 18 3 3 96 5 45 12 84 19 95 2 62 9 83 14 87 7 46 10 75 4 19 17 59 15 85 1 13 0 77 13 45 16 74 8 46
0 16 5 16 16 36 7 40 9 42 8 46 2 86 10 34 12 69 4 71 6 72 3 66 15 57 17 66 13 46 19 60 1 18 18 69 11 92 14 34
4 57 5 46 8 23 18 73 15 93 0 11 16 20 6 16 3 13 2 45 12 7 17 26 1 15 14 68 19 5 13 9 10 93 9 93 7 91 11 51
4 62 13 96 7 27 0 44 14 34 5 78 2 27 3 80 17 67 9 81 1 59 15 95 8 64 18 83 16 19 19 24 10 44 11 34 6 3 12 50
0 67 1 41 13 18 12 83 4 70 11 79 16 1 2 20 3 2 15 23 10 20 18 78 8 55 7 9 19 96 6 40 14 27 5 86 17 54 9 19
14 72 7 99 1 93 2 57 10 38 5 63 8 62 13 77 12 4 3 90 15 85 4 89 18 63 17 76 16 50 6 8 9 37 11 66 19 42 0 90
6 37 18 11 16 80 12 75 15 78 11 73 1 5 2 11 13 77 0 1 9 92 7 25 10 70 17 25 8 40 3 27 5 14 4 31 14 90 19 68
3 14 4 89 8 22 14 37 18 65 6 7 1 59 13 80 2 36 9 50 19 10 0 22 16 70 17 10 5 59 10 83 15 70 7 46 11 81 12 81
7 97 8 27 17 89 1 36 9 45 4 3 13 66 18 4 2 83 16 34 5 62 12 60 11 98 6 93 10 1 19 96 14 87 15 51 0 63 3 88
19 27 12 99 17 14 13 55 10 11 15 56 7 52 2 98 18 3 16 79 1 30 8 58 9 88 5 30 11 17 3 17 14 70 4 58 6 78 0 62
3 34 15 2 11 81 0 71 18 22 5 31 12 48 4 54 16 13 14 52 1 80 13 96 2 56 6 29 8 69 10 42 9 74 7 39 17 3 19 34
17 30 16 8 7 97 3 60 0 64 11 19 8 17 19 74 14 37 18 48 10 59 5 79 13 4 15 85 1 31 6 76 9 79 12 59 2 65 4 81
13 84 14 28 12 48 17 64 6 36 7 9 16 57 15 60 18 36 3 37 5 72 2 85 19 10 0 44 1 18 8 54 4 84 9 68 10 40 11 92
18 97 19 70 4 54 15 11 7 94 3 41 13 64 10 28 16 65 9 61 8 65 14 13 6 58 0 7 1 32 2 78 11 32 17 94 5 32 12 29
11 56 12 65 1 49 19 6 2 97 8 53 17 72 6 62 18 6 9 47 10 83 16 66 15 35 5 27 0 51 13 15 3 18 14 81 7 14 4 58
14 14 1 10 11 45 16 28 17 63 8 81 10 24 18 80 12 7 6 67 5 22 4 74 9 11 15 89 0 45 19 72 3 63 7 56 2 49 13 29
18 44 13 56 0 73 19 90 10 82 12 99 15 8 11 31 3 3 16 92 6 95 1 27 2 98 17 19 7 17 8 2 14 68 5 30 4 20 9 97
14 87 3 60 10 25 5 14 16 13 7 31 2 28 0 60 9 17 1 71 15 25 4 82 13 67 12 3 19 32 6 94 11 25 18 78 17 56 8 4
15 83 6 29 11 24 19 97 3 3 12 27 2 39 1 60 16 48 4 31 9 67 17 31 14 10 7 79 13 46 18 42 5 64 8 69 0 91 10 13
4 61 1 54 7 22 2 13 3 47 17 38 14 46 19 72 16 10 11 71 0 22 8 30 13 7 10 5 18 58 6 33 9 60 12 81 15 99 5 43
15 72 18 8 5 40 10 76 14 40 11 85 9 47 19 88 3 64 2 8 1 84 12 87 17 14 0 9 6 43 16 25 13 69 7 21 4 10 8 26
11 21 19 1 0 2 1 22 4 95 9 63 10 16 17 42 12 85 5 13 16 45 7 3 8 12 3 40 18 35 2 1 15 40 14 76 6 2 13 88
2 90 13 77 8 43 9 63 16 59 11 7 14 24 0 74 10 41 4 22 15 97 6 11 17 69 12 25 5 5 3 8 7 30 1 28 19 42 18 69
18 26 10 90 3 11 5 54 19 80 2 55 16 57 17 76 9 1 0 88 7 82 13 39 11 40 4 81 15 8 8 51 12 96 6 67 14 34 1 12
13 90 9 44 2 42 7 80 1 44 15 9 14 57 12 71 18 99 8 10 11 92 6 62 10 72 0 93 19 57 4 20 16 68 17 64 3 45 5 75
11 75 2 45 6 88 10 31 16 55 4 77 7 29 1 88 9 24 3 12 12 4 14 73 5 38 18 10 13 48 15 50 17 1 0 91 19 16 8 6
8 14 16 41 18 65 19 98 11 95 15 29 4 77 3 18 2 28 5 25 13 75 10 72 14 62 0 89 17 13 12 76 6 31 9 32 7 53 1 45
9 58 12 68 7 24 19 37 0 68 8 49 15 42 11 57 14 64 16 76 4 20 18 3 13 70 1 75 10 78 3 45 2 71 17 34 6 62 5 53
0 72 15 54 19 79 8 28 5 84 10 64 2 19 17 37 12 74 3 23 16 24 13 14 11 69 18 16 6 70 7 9 1 90 9 2 4 99 14 21
17 78 7 90 13 58 10 45 6 82 3 59 2 64 5 44 1 39 11 6 19 12 14 80 4 60 8 3 16 60 18 60 9 78 0 20 15 95 12 70
8 98 10 22 15 72 19 56 12 61 18 29 3 76 0 77 1 38 7 60 4 64 6 94 5 18 13 29 2 85 14 58 11 4 9 62 17 43 16 63
7 64 14 91 9 85 11 99 0 25 17 4 13 54 19 4 18 57 4 48 8 96 10 50 6 76 5 88 2 70 12 4 15 22 1 34 3 21 16 4
0 89 15 18 19 6 13 4 18 14 2 72 12 89 3 71 5 83 14 99 7 23 16 24 10 72 6 91 1 45 11 18 4 52 8 99 9 57 17 55
18 41 9 29 17 55 8 45 1 71 16 73 4 23 13 92 12 30 7 90 11 24 15 87 3 53 0 67 10 85 5 56 19 2 2 77 6 14 14 6
8 40 15 21 2 12 13 4 9 69 18 95 17 58 16 70 6 25 14 95 12 54 10 33 4 22 11 81 0 48 19 78 5 20 3 59 7 5 1 3
16 28 7 76 12 7 18 44 19 63 10 59 6 17 3 32 9 8 15 85 1 49 5 43 14 17 8 13 4 14 0 2 11 42 13 4 2 85 17 46
12 11 13 65 15 41 4 10 1 59 6 60 14 5 17 74 3 1 11 36 0 42 7 76 18 6 2 50 10 90 5 37 16 41 9 61 19 71 8 4
16 13 14 91 12 7 10 99 1 65 17 4 19 89 4 30 5 74 13 51 0 89 3 56 6 29 7 7 11 70 18 37 2 47 8 19 15 35 9 53
4 63 18 77 9 35 2 34 16 53 3 32 0 94 10 81 17 31 14 17 5 7 13 65 6 69 1 74 19 15 15 82 11 58 7 36 12 52 8 88
11 53 12 84 18 90 1 21 3 3 13 24 16 21 8 86 15 53 0 4 17 73 4 39 7 43 14 85 9 27 10 85 6 92 19 90 2 45 5 82
0 20 6 95 5 27 19 93 14 90 11 76 18 39 12 23 2 53 13 64 1 60 3 7 16 18 15 30 17 72 4 94 8 38 10 38 7 27 9 86
7 97 10 96 11 73 1 57 12 18 19 40 18 92 8 18 9 84 5 80 3 61 14 68 15 28 6 43 2 43 4 17 17 73 16 1 13 67 0 10
19 89 10 64 5 40 11 15 17 7 6 21 15 89 16 33 14 85 2 65 3 39 1 41 7 27 12 97 18 93 8 71 13 30 9 95 4 58 0 31
