100 20
13 38 9 41 8 40 4 94 11 98 0 92 19 59 10 71 15 41 17 2 3 59 18 79 2 11 16 90 12 54 5 52 1 85 14 20 6 96 7 18
4 19 3 21 0 44 8 98 9 55 5 64 2 84 14 52 18 57 6 12 12 30 11 91 17 74 7 33 1 60 19 79 16 6 15 90 10 28 13 21
15 66 5 44 13 64 10 69 4 18 19 99 3 16 0 24 7 38 17 76 9 16 12 48 14 92 2 42 18 88 11 60 16 81 1 12 8 40 6 32
7 70 1 60 11 55 9 16 13 96 17 85 10 23 12 81 2 8 15 20 6 83 19 76 18 42 4 35 5 47 8 79 16 71 14 56 3 19 0 9
4 70 1 38 8 33 9 91 15 19 19 13 6 10 16 97 11 10 2 33 5 46 18 80 12 12 17 36 0 60 13 64 10 82 3 6 14 42 7 88
14 90 0 30 17 82 1 76 15 84 19 66 8 92 9 2 2 19 13 9 7 58 6 7 11 38 3 32 12 20 18 72 16 14 4 51 5 86 10 99
6 66 1 3 14 74 5 54 3 4 8 80 10 83 4 27 13 68 17 4 11 45 2 54 15 1 7 60 18 18 16 7 0 46 19 19 12 81 9 99
5 18 12 81 10 24 9 22 7 69 8 28 19 89 11 50 17 17 2 66 13 45 14 79 18 63 0 86 16 84 3 35 15 87 4 81 6 47 1 61
15 20 17 9 12 91 16 96 18 87 6 60 7 56 1 58 4 34 10 32 13 29 19 80 11 13 5 21 14 70 9 62 8 5 2 77 0 60 3 67
6 79 17 74 13 45 3 60 2 28 15 91 8 69 4 92 19 36 0 20 9 69 12 50 11 14 16 42 7 35 1 71 10 84 18 3 5 26 14 46
17 3 13 24 0 34 5 23 1 89 8 72 14 2 10 56 3 14 9 43 15 14 19 13 16 46 11 10 7 85 18 37 2 18 12 11 6 45 4 1
2 74 15 48 19 82 14 40 18 28 9 33 12 29 11 56 6 82 3 28 1 2 5 21 7 4 13 89 16 84 8 11 0 38 4 34 17 38 10 36
17 70 1 65 2 93 13 17 0 98 15 11 14 8 19 36 11 41 9 32 6 77 4 60 8 58 12 52 3 86 16 80 18 69 10 32 5 6 7 7
3 89 11 88 0 70 8 59 7 39 1 55 5 95 4 97 6 6 10 63 17 6 19 42 13 37 2 48 16 6 18 97 15 29 12 45 14 37 9 25
8 4 13 23 14 13 10 82 18 77 1 32 4 44 6 88 2 27 5 38 7 27 19 23 9 68 16 6 15 67 17 14 12 70 0 92 11 65 3 21
10 83 14 51 2 83 0 63 15 45 17 34 12 60 9 23 3 22 6 3 16 25 13 56 11 52 1 1 8 87 4 88 18 40 5 1 19 31 7 91
7 37 13 99 3 44 10 58 2 93 0 97 9 3 17 2 11 99 15 57 5 88 6 48 4 16 16 3 14 47 8 92 12 82 19 18 1 34 18 24
16 96 4 14 11 8 1 28 18 50 8 37 13 26 10 82 14 6 15 91 5 26 19 77 12 4 6 28 3 16 2 86 7 16 0 45 17 68 9 7
7 76 12 58 19 59 13 94 5 30 2 90 0 75 4 93 6 40 16 29 9 63 14 69 8 59 1 31 15 53 18 97 10 78 3 36 17 14 11 47
2 78 16 49 17 60 4 37 15 36 9 8 7 71 13 87 11 98 12 73 14 47 8 36 19 6 10 19 3 81 5 12 1 65 0 85 6 65 18 90
3 35 8 13 17 88 9 5 6 81 0 41 10 34 12 93 1 71 15 56 2 24 18 31 16 95 14 59 7 96 13 35 19 45 5 99 11 2 4 4
10 81 17 17 6 88 9 72 7 98 8 99 13 66 11 95 2 4 14 94 19 24 15 14 5 15 12 64 1 58 18 38 0 48 16 35 4 93 3 31
5 23 7 97 13 54 2 28 18 76 14 54 11 19 16 42 6 11 10 7 8 92 17 50 4 96 3 89 1 83 0 16 12 73 15 22 9 17 19 55
19 18 18 36 16 31 12 22 11 30 1 92 6 95 2 52 15 90 4 50 10 14 7 75 8 88 3 46 14 18 0 70 5 43 13 19 9 85 17 31
18 98 17 56 8 17 4 9 10 13 0 3 3 26 5 22 2 70 9 48 16 99 1 66 19 25 12 78 11 39 6 34 14 47 15 41 13 77 7 61
9 81 10 42 12 42 4 55 13 35 16 88 8 73 1 47 7 57 18 68 19 74 11 80 3 32 6 32 5 14 17 72 15 66 2 69 0 81 14 10
16 10 5 74 2 8 0 39 10 72 14 24 13 80 1 19 19 78 17 58 11 13 3 38 12 43 8 2 9 4 15 15 6 32 7 83 4 42 18 39
5 87 12 13 7 18 16 7 6 44 9 27 15 39 19 24 0 19 1 84 3 44 18 88 13 64 11 43 10 68 17 83 8 1 2 8 4 32 14 54
19 54 18 41 15 92 16 38 0 63 14 73 6 55 8 55 1 55 2 93 4 99 7 8 3 56 13 2 11 67 17 19 5 45 12 71 10 8 9 45
14 61 9 46 5 12 13 97 15 75 12 83 17 84 19 73 7 59 18 58 8 24 0 74 10 12 4 14 3 73 1 66 11 10 2 35 16 70 6 74
11 27 3 30 10 32 14 98 18 45 19 30 12 68 8 45 1 86 9 86 13 11 6 32 0 70 2 89 15 96 7 98 5 73 16 1 4 31 17 56
0 58 1 78 9 72 19 91 3 60 5 15 4 35 17 13 18 22 8 46 12 95 10 90 6 8 15 85 11 36 16 64 2 4 7 82 14 33 13 78
12 73 6 9 9 71 1 45 13 55 18 27 11 3 5 8 4 84 16 14 14 21 17 80 10 73 0 87 19 46 2 37 8 92 15 76 7 5 3 87
12 72 10 75 6 21 2 50 0 79 14 83 9 34 17 67 8 74 18 8 5 19 15 62 7 71 13 23 4 51 1 13 11 19 19 88 3 55 16 44
6 27 3 2 9 33 10 40 2 9 11 51 15 86 12 33 5 86 0 26 18 22 1 15 19 77 14 77 17 9 7 74 8 49 13 85 16 15 4 23
0 93 12 97 6 95 5 18 10 44 2 97 1 13 7 67 19 16 9 29 18 36 17 91 15 48 3 69 4 18 11 10 13 88 8 97 14 83 16 89
17 5 1 77 4 77 18 2 9 40 15 97 3 83 13 17 8 8 7 13 5 95 14 68 6 32 11 50 0 72 16 38 12 2 19 59 2 72 10 3
13 18 3 49 17 27 8 17 12 24 18 14 7 72 11 41 6 6 4 17 1 5 19 52 16 30 5 88 15 57 10 44 14 39 0 62 9 3 2 94
11 79 18 87 4 13 7 59 19 44 8 94 2 32 10 73 14 26 9 72 5 10 13 50 3 61 16 99 12 45 1 22 15 38 6 9 17 95 0 14
14 21 15 9 11 57 10 35 12 26 2 54 0 92 7 3 17 22 16 72 13 35 3 31 6 71 4 62 9 25 8 51 19 87 18 13 5 28 1 74
6 33 19 85 10 93 18 64 12 92 1 17 3 15 16 21 17 64 8 40 0 65 2 48 14 46 7 46 13 47 11 80 4 70 15 39 5 40 9 79
10 19 14 44 13 46 17 58 7 87 2 69 1 59 18 43 6 83 11 32 19 2 12 55 8 76 4 81 5 2 9 95 3 52 0 34 16 14 15 50
7 3 1 63 6 83 18 92 16 51 11 9 17 31 15 5 12 82 19 24 10 38 2 21 14 79 13 26 9 3 3 94 8 89 5 76 4 35 0 18
11 36 18 2 12 18 10 21 4 47 6 72 1 25 0 21 14 72 16 25 9 69 8 11 19 60 13 40 7 14 17 68 5 35 2 80 15 74 3 64
18 82 15 82 6 35 2 2 16 75 9 40 8 29 14 39 3 90 17 77 10 19 0 45 5 20 7 94 19 14 12 86 1 74 13 6 4 99 11 18
17 59 9 95 14 55 10 81 11 61 0 31 2 31 4 90 5 59 15 54 13 82 6 8 3 31 18 40 19 28 12 37 1 18 8 67 7 80 16 89
3 67 19 4 17 86 15 70 5 53 4 27 2 53 18 18 6 98 9 34 1 21 13 90 8 15 10 20 12 53 0 40 14 27 7 30 11 22 16 19
17 57 6 38 16 7 15 56 18 6 0 99 11 77 3 56 12 92 7 65 13 74 8 86 10 15 9 9 14 63 4 47 2 86 19 27 5 88 1 36
12 40 7 35 18 3 16 62 8 32 3 78 14 69 11 41 17 94 9 46 5 64 2 59 1 28 19 25 10 70 0 61 15 47 6 26 4 50 13 66
17 22 11 20 1 30 13 78 9 68 5 29 3 43 19 99 14 64 2 46 12 35 16 7 6 93 10 35 18 93 15 55 8 21 0 94 7 59 4 54
15 31 8 21 17 40 18 77 1 45 16 26 9 23 11 69 12 70 19 46 5 63 4 33 3 91 0 10 2 12 6 63 14 6 13 45 7 94 10 1
3 42 4 16 16 29 15 20 10 67 9 59 11 99 5 64 1 55 0 45 2 9 12 14 18 72 17 43 13 85 19 75 7 64 14 75 8 48 6 25
10 19 19 55 8 31 4 41 12 32 3 22 16 28 9 74 2 88 7 52 5 49 14 99 13 33 6 50 15 45 18 8 11 88 17 50 1 28 0 83
9 96 1 72 15 90 13 44 8 22 4 15 18 63 10 50 6 28 2 39 17 5 0 81 19 87 12 11 7 42 3 48 16 64 5 87 11 59 14 42
15 84 7 95 2 87 16 63 13 4 19 90 10 69 18 61 1 77 5 56 4 85 14 50 17 27 8 90 11 62 6 81 3 53 12 96 0 53 9 2
2 41 18 61 14 50 10 66 6 53 8 30 0 35 4 30 9 96 16 9 15 75 11 85 17 23 3 61 5 32 12 93 1 96 7 67 13 96 19 26
7 55 18 17 10 84 12 13 11 81 4 52 13 59 14 71 5 15 6 26 2 29 16 77 1 34 15 61 19 10 3 80 17 34 8 49 9 14 0 29
4 89 9 8 8 79 1 61 15 37 16 16 17 3 0 83 18 68 7 54 19 50 2 32 6 69 5 37 14 56 11 8 13 92 10 5 12 3 3 14
17 5 7 39 11 15 9 98 5 45 2 24 12 26 1 19 4 1 8 89 15 18 13 88 6 9 0 36 14 29 19 96 3 61 10 71 16 27 18 61
19 76 11 77 1 67 18 76 4 56 14 72 13 88 0 9 9 5 16 84 8 5 2 22 15 35 17 44 6 2 12 56 3 18 10 96 7 54 5 1
6 84 2 90 1 30 18 48 13 89 17 39 3 62 0 59 12 53 4 93 19 59 5 98 10 97 9 89 16 51 11 48 7 2 15 28 14 47 8 7
3 52 19 9 11 48 2 49 16 31 0 76 18 44 1 63 13 79 14 63 8 88 9 85 15 60 17 6 5 25 10 11 12 34 6 72 4 56 7 34
3 15 12 60 2 49 8 12 9 88 11 52 1 91 13 85 4 7 14 95 5 90 15 1 17 82 0 38 10 61 19 73 6 40 7 23 18 79 16 74
7 27 6 53 10 21 8 8 15 76 5 88 4 39 19 15 2 65 18 77 16 69 0 84 9 61 3 61 14 41 17 99 11 48 13 66 12 81 1 91
16 41 19 50 14 13 5 72 6 54 10 64 18 93 2 44 9 65 15 49 8 10 0 97 11 42 12 46 13 30 17 30 7 15 1 1 3 93 4 53
9 90 6 94 4 11 7 17 8 46 15 11 19 13 12 37 10 56 14 23 17 73 16 13 2 29 11 8 5 89 0 30 3 49 18 98 1 71 13 18
12 73 3 16 10 63 19 15 6 7 16 44 0 74 17 85 1 81 11 94 13 86 2 92 7 52 4 63 8 64 5 64 18 76 15 76 14 99 9 15
18 99 16 43 14 52 19 90 8 45 7 15 10 88 4 12 0 69 12 30 2 45 15 72 5 38 6 18 9 84 1 35 17 25 13 71 11 88 3 80
12 13 3 39 14 14 2 97 11 2 15 32 0 15 17 28 13 25 19 13 10 53 18 9 7 92 4 82 5 6 6 23 1 59 8 25 16 67 9 2
0 4 8 40 3 1 19 43 15 61 10 11 6 99 2 47 13 90 18 60 11 68 16 84 14 16 4 86 12 98 5 99 1 88 17 90 7 76 9 23
15 83 11 71 16 80 10 60 6 64 5 72 4 83 8 30 14 23 19 92 12 73 7 36 3 8 18 49 9 84 13 41 2 30 1 36 17 12 0 95
9 8 0 42 19 7 15 11 6 16 7 21 18 67 10 2 4 60 17 73 14 73 12 76 16 59 5 93 11 68 13 19 1 41 2 16 3 69 8 33
1 50 8 88 9 10 14 78 19 60 5 59 7 40 17 60 6 7 12 49 15 69 10 77 13 74 18 95 0 16 2 74 4 71 11 31 16 41 3 8
0 62 5 18 15 75 11 38 4 72 18 14 10 68 1 3 13 72 6 29 19 47 3 23 17 26 2 29 7 29 9 32 12 87 14 69 8 66 16 65
8 2 10 31 16 26 9 85 14 61 7 4 15 3 17 63 12 38 2 95 19 95 3 89 1 28 4 89 18 83 5 31 6 26 11 47 13 60 0 71
17 42 9 77 12 53 19 9 16 1 10 41 1 83 13 80 0 58 11 44 4 43 14 79 5 31 15 17 2 49 7 73 8 53 3 51 6 79 18 93
3 50 5 33 11 14 18 26 12 14 7 5 14 59 6 38 19 77 9 63 8 5 16 32 1 10 4 59 15 60 0 87 2 11 10 60 17 5 13 24
6 97 15 67 3 8 1 1 2 30 10 6 12 66 0 52 9 11 17 84 5 13 11 37 4 6 13 23 7 46 8 35 14 27 16 29 18 78 19 22
15 82 9 79 1 41 5 43 10 81 2 44 19 75 7 82 13 66 16 33 3 89 0 70 4 55 8 21 12 76 6 90 11 78 17 36 18 94 14 77
17 82 4 57 7 55 9 50 13 46 1 58 16 58 10 64 6 93 5 43 12 73 14 74 18 87 0 12 11 49 19 95 3 21 8 10 15 23 2 27
16 5 17 94 1 9 5 15 9 85 4 75 8 81 19 66 10 65 13 36 2 92 3 95 11 20 18 62 0 83 15 55 7 35 12 79 14 58 6 56
18 95 4 35 5 70 12 39 2 21 13 83 11 68 0 33 14 58 19 87 17 74 6 14 3 33 1 15 16 41 9 82 7 96 8 36 15 33 10 10
5 38 1 45 0 88 3 88 2 54 19 12 16 58 13 11 11 12 14 77 7 65 6 73 17 55 15 42 12 54 4 12 10 58 8 83 9 24 18 56
11 14 18 28 8 98 17 48 5 63 10 26 9 37 15 98 12 88 6 16 4 30 7 90 3 50 14 56 16 22 0 74 1 82 13 16 19 34 2 98
15 81 9 85 5 50 8 33 17 31 0 32 19 73 7 58 18 56 12 89 16 82 1 32 6 45 3 3 2 85 14 80 13 36 11 71 10 93 4 30
17 28 7 37 19 18 18 70 12 70 5 4 15 43 0 76 4 80 13 49 10 90 3 7 14 8 6 42 16 59 2 6 1 96 9 97 8 8 11 61
1 26 10 39 19 35 13 32 2 14 14 60 12 32 9 98 4 83 16 45 8 18 15 52 17 96 11 92 18 53 7 13 3 34 5 66 0 15 6 60
4 89 0 63 16 13 9 28 17 73 7 75 2 17 13 40 3 95 12 40 11 72 14 64 5 88 8 66 10 2 6 90 19 75 15 19 18 24 1 57
5 35 3 1 18 39 13 37 11 60 15 37 17 51 2 27 6 17 16 70 14 67 4 76 19 73 9 8 0 8 7 60 10 47 1 71 8 74 12 37
17 17 5 62 12 71 10 91 9 89 11 90 3 86 14 76 1 47 2 9 15 94 16 5 8 54 0 95 19 91 6 86 7 31 13 66 4 92 18 31
16 14 10 33 8 43 9 41 4 11 6 27 0 45 1 6 19 41 5 92 13 29 2 29 11 22 7 9 3 7 18 92 12 61 14 28 17 87 15 56
10 5 19 43 5 58 6 39 4 21 2 14 14 8 3 81 11 98 7 38 18 65 15 31 8 7 16 25 1 39 13 39 17 99 0 45 12 85 9 85
18 56 7 51 13 45 0 6 19 80 3 99 10 72 5 22 6 92 12 93 15 12 1 20 17 32 8 23 2 59 11 73 16 88 4 99 9 25 14 57
17 62 15 14 1 92 0 24 10 6 8 94 12 51 9 73 14 7 16 2 19 15 3 24 7 74 5 24 13 46 18 82 4 59 11 9 6 61 2 54
16 84 10 92 8 60 6 97 2 18 17 35 11 23 0 18 9 17 18 9 13 92 1 92 3 96 12 76 5 79 7 96 15 26 4 57 14 69 19 86
13 11 11 17 10 81 19 11 6 51 9 76 15 82 7 74 8 81 5 19 4 64 14 43 3 12 18 65 2 2 1 35 12 20 0 86 16 7 17 16
5 45 7 96 19 67 12 62 6 74 17 94 13 53 8 4 1 69 11 81 15 79 14 56 9 76 18 98 10 24 0 3 2 49 3 52 4 49 16 85
7 48 11 74 15 4 9 42 4 68 10 98 2 47 0 24 14 89 3 40 16 31 18 10 6 41 5 73 1 70 12 90 8 16 19 49 17 16 13 36
2 1 12 28 9 42 7 79 0 43 16 60 8 23 14 11 11 43 13 10 19 6 5 83 17 90 18 22 3 83 10 23 15 86 4 8 6 65 1 92
18 94 4 97 1 45 9 27 2 71 3 55 15 84 10 6 5 41 13 16 11 73 19 25 7 36 8 7 12 91 14 32 0 39 6 69 17 79 16 82
