100 20
7 87 3 96 16 93 2 67 10 62 0 31 1 24 13 42 15 88 12 33 5 18 8 4 18 80 9 9 11 34 6 83 17 29 14 4 19 55 4 62
16 39 4 33 2 46 7 16 0 71 19 94 14 96 17 20 3 64 1 63 9 40 5 8 11 4 8 23 13 83 15 79 10 6 18 20 12 21 6 90
19 97 15 44 16 34 14 17 11 15 17 48 0 64 3 65 1 35 8 8 4 12 5 24 13 67 18 67 9 17 12 59 2 69 10 21 6 35 7 45
10 1 11 53 7 75 17 80 13 10 0 19 12 74 16 56 19 32 8 14 1 30 5 71 14 11 2 56 4 61 6 50 18 56 3 92 9 16 15 28
12 38 16 66 13 26 9 87 7 24 3 65 8 93 5 60 1 87 19 71 10 83 11 66 4 74 18 30 2 49 14 34 0 47 6 90 17 13 15 6
14 71 15 70 13 59 19 52 1 93 16 42 18 34 12 69 3 64 6 12 11 63 17 78 7 9 5 76 4 6 10 26 2 44 8 26 0 92 9 41
7 99 1 2 15 50 10 90 18 37 6 44 13 16 17 35 16 44 3 59 8 44 0 68 2 20 14 5 9 90 5 35 11 27 19 16 4 81 12 83
16 7 14 51 5 27 15 57 0 95 13 70 12 68 18 2 4 91 19 49 2 33 1 46 6 93 3 6 17 21 7 19 9 78 10 15 8 23 11 96
2 96 10 23 12 35 18 20 13 99 4 75 11 87 6 19 17 37 9 18 15 17 3 90 19 11 1 78 8 12 16 75 0 30 7 88 14 83 5 8
7 38 5 78 19 79 8 1 6 3 16 1 15 10 14 1 17 77 2 67 11 11 13 95 18 97 4 13 3 20 0 61 9 26 10 76 1 53 12 94
16 10 2 5 12 90 6 1 0 55 4 67 10 19 18 83 17 19 1 55 3 94 9 43 7 44 14 58 15 43 13 67 5 70 8 78 11 85 19 28
6 70 13 98 3 81 5 34 18 26 2 46 16 34 17 52 15 41 12 59 14 51 10 10 11 26 0 12 1 52 9 98 4 40 19 93 7 89 8 39
16 57 15 32 1 11 18 37 10 36 3 63 14 52 5 40 9 35 11 81 4 36 8 52 6 91 13 2 0 97 7 26 17 47 12 18 19 44 2 3
19 97 17 72 5 6 1 44 14 81 7 54 10 72 6 27 11 77 8 45 9 81 13 85 18 32 0 19 2 26 12 39 15 5 4 52 3 42 16 48
2 45 15 66 19 11 5 98 18 87 14 42 16 15 8 66 9 96 0 34 1 22 17 93 6 28 10 97 7 51 13 60 11 12 12 59 4 82 3 54
1 89 2 19 17 58 19 25 0 30 4 30 11 2 15 86 3 6 18 69 14 42 16 15 5 22 8 84 7 69 6 31 12 6 10 80 9 1 13 64
2 26 15 10 7 97 14 8 6 30 10 45 11 97 0 94 12 40 5 56 9 10 3 34 17 19 16 45 19 81 4 29 1 92 13 81 8 64 18 39
19 50 13 32 2 34 14 40 0 24 8 8 10 51 18 27 12 53 6 53 15 62 5 41 11 97 17 1 1 36 3 40 7 52 4 32 9 82 16 27
9 59 8 87 19 77 1 95 3 81 16 52 6 48 4 13 7 38 11 79 10 79 14 7 15 55 12 56 0 2 18 43 17 45 5 10 2 43 13 98
13 45 3 26 2 6 19 58 0 55 1 46 5 39 9 28 7 24 15 68 6 83 11 63 16 41 12 46 10 87 4 20 8 33 17 82 18 62 14 15
13 28 18 69 9 97 5 24 1 80 16 58 6 11 19 28 15 28 0 62 11 49 3 26 14 6 2 7 12 11 4 70 10 34 8 79 7 84 17 60
3 55 18 10 16 79 15 60 11 10 14 74 7 94 10 6 4 86 13 4 6 55 9 40 5 79 17 30 19 72 2 85 1 63 12 11 0 9 8 10
15 90 19 27 0 24 17 24 6 63 16 92 5 17 1 14 11 47 3 93 10 48 13 3 2 95 4 89 7 74 9 27 18 28 14 58 12 57 8 29
0 39 19 34 1 19 9 40 8 18 6 34 5 57 17 93 4 2 2 96 7 12 3 27 14 58 12 42 13 80 10 49 16 1 18 51 11 79 15 78
9 76 5 2 0 44 10 10 6 42 18 98 7 16 4 71 1 51 12 14 17 19 2 65 19 95 16 77 3 64 13 27 11 64 8 87 14 64 15 99
19 85 8 48 13 94 16 40 3 25 15 55 6 97 7 2 4 62 10 62 9 52 18 54 11 6 14 40 0 27 1 46 5 5 2 5 12 11 17 85
1 95 2 8 4 10 12 25 17 33 6 42 18 99 14 15 7 96 5 67 3 14 8 64 9 10 16 62 19 44 13 55 15 23 11 38 10 38 0 54
19 76 8 87 0 62 10 38 18 17 13 79 6 29 11 79 17 70 2 45 9 71 15 62 5 31 12 58 1 77 16 2 14 33 3 39 7 72 4 55
19 63 5 73 7 11 18 4 15 20 0 80 3 65 16 77 13 95 12 44 14 65 4 18 9 5 17 83 2 10 11 4 8 4 10 83 6 29 1 13
19 25 7 14 8 3 0 18 2 65 10 81 18 38 16 20 15 45 3 27 14 36 13 73 11 2 5 28 1 93 4 76 6 77 9 52 17 94 12 95
15 36 11 93 12 61 4 14 8 77 0 71 14 30 1 68 18 65 5 24 9 43 2 9 13 67 3 11 17 78 10 54 19 31 7 66 16 30 6 58
18 95 9 68 15 55 2 17 13 33 6 87 3 79 14 78 1 1 12 75 4 48 11 72 17 16 7 17 10 86 19 59 0 17 5 51 16 91 8 85
15 75 8 44 18 80 19 60 0 48 16 55 5 47 3 48 9 70 13 79 6 97 7 50 4 34 10 4 17 52 11 63 12 97 1 37 14 53 2 91
18 20 14 88 6 26 3 2 9 47 1 46 15 77 16 21 7 98 17 13 0 72 13 16 19 74 5 10 11 69 8 65 4 30 2 19 12 75 10 87
0 94 5 56 3 88 14 1 11 62 2 1 8 55 1 98 7 99 18 56 17 15 16 63 10 18 12 97 9 21 13 12 19 32 15 89 6 64 4 89
3 15 13 76 5 68 16 51 6 57 19 45 17 73 0 23 7 85 10 1 9 94 14 28 1 94 12 14 2 70 11 88 4 38 15 71 8 13 18 6
17 78 13 34 5 88 11 59 3 90 1 23 18 31 6 72 8 93 7 18 9 19 15 11 10 91 14 9 2 22 19 1 4 77 12 57 0 4 16 58
16 57 18 15 5 20 7 52 14 9 10 43 2 66 0 40 6 75 1 8 11 94 12 35 17 82 4 72 15 60 9 41 8 22 19 3 3 40 13 13
6 44 9 92 13 71 17 37 10 61 1 83 18 2 16 22 15 15 8 18 19 47 7 46 12 16 5 81 4 73 2 28 0 46 14 82 11 64 3 25
9 92 12 10 2 57 6 69 14 9 5 87 3 18 7 67 11 38 19 79 13 63 18 65 0 77 8 56 17 7 16 25 1 75 4 24 15 50 10 94
13 52 19 99 15 6 5 27 7 85 0 73 8 22 14 95 9 23 12 19 3 63 16 42 18 22 6 99 10 91 1 11 17 47 2 61 11 64 4 1
6 42 7 80 14 34 10 86 12 17 4 97 18 58 9 28 13 39 5 17 3 32 8 37 17 30 1 4 16 34 19 43 11 69 0 45 2 87 15 99
7 88 17 77 3 13 15 87 12 19 14 59 4 8 16 91 1 6 10 79 9 6 2 95 6 31 18 33 0 12 13 65 19 30 8 2 5 32 11 64
13 73 16 84 2 16 15 7 0 98 7 77 9 85 5 36 10 25 12 79 4 38 19 93 6 48 3 3 8 30 1 13 14 69 18 98 11 81 17 33
4 56 17 44 14 93 18 67 9 59 15 23 10 96 0 9 7 78 12 64 6 35 8 41 13 10 11 51 19 41 16 21 3 34 5 97 2 51 1 17
1 81 9 41 6 11 11 44 14 30 8 26 7 59 4 54 2 10 12 35 5 49 18 19 10 51 17 48 0 53 15 43 3 40 19 54 16 98 13 8
4 48 10 88 12 52 13 70 11 38 18 32 8 34 0 87 17 54 2 22 1 46 16 18 6 51 9 56 19 38 7 88 14 87 3 12 5 12 15 36
13 90 7 64 6 60 16 88 14 23 19 60 10 73 8 72 1 6 18 52 4 94 15 32 9 23 5 36 2 92 12 84 17 90 11 99 3 3 0 77
5 52 0 93 7 88 14 89 4 94 6 75 2 39 1 4 19 53 16 78 8 27 17 39 10 56 11 97 13 62 3 47 18 96 15 52 9 50 12 99
15 79 4 16 7 88 17 17 14 31 10 43 1 78 11 66 9 6 8 7 19 93 16 27 6 58 5 43 13 18 18 80 2 54 0 29 12 3 3 9
10 22 4 90 2 58 9 82 6 96 3 35 12 40 14 89 8 54 17 49 7 75 0 55 5 63 1 97 15 85 11 42 19 6 16 37 13 90 18 16
0 8 1 46 9 7 12 53 18 97 16 17 13 88 7 73 19 94 5 75 3 3 15 98 8 89 10 14 6 8 17 4 2 91 14 80 4 5 11 80
10 41 17 53 7 40 13 27 9 60 16 37 1 81 5 34 6 82 19 11 12 4 3 4 11 20 2 84 14 2 0 8 8 35 15 89 4 66 18 60
1 80 19 75 10 82 12 20 4 4 17 51 13 47 6 91 15 14 14 12 5 27 2 12 7 32 9 22 8 76 0 79 18 5 11 99 3 49 16 17
11 69 17 21 14 61 10 25 5 36 16 87 4 96 0 87 15 21 1 35 18 24 7 8 12 37 9 98 2 49 6 20 3 50 19 93 13 8 8 25
2 37 18 80 6 37 3 82 13 96 7 29 8 23 16 88 10 59 1 66 0 55 9 54 12 51 15 37 5 52 19 62 14 11 17 28 4 11 11 54
19 53 8 68 2 62 14 73 4 70 5 78 6 17 9 60 3 37 12 43 15 48 7 17 0 71 1 48 18 41 11 28 17 7 13 48 16 37 10 50
15 5 12 51 6 41 3 95 8 89 14 25 16 85 2 65 4 82 18 16 17 12 10 32 0 88 7 48 9 11 13 17 5 5 11 98 19 42 1 82
11 29 8 8 19 20 9 82 6 13 14 67 10 94 7 92 4 66 3 24 17 41 16 11 12 17 13 82 5 55 1 14 15 15 18 92 0 69 2 12
18 96 11 95 7 6 0 68 4 17 9 69 14 89 13 85 16 46 17 45 2 53 15 2 3 55 1 62 10 24 12 26 6 17 19 73 8 77 5 62
14 22 0 24 9 8 11 23 18 83 1 3 13 29 4 96 10 62 17 1 3 41 8 60 6 64 7 11 19 34 5 12 15 65 16 32 12 25 2 97
5 78 9 67 3 31 6 88 19 33 13 43 17 99 2 50 7 1 14 65 18 71 12 92 4 51 10 31 1 80 0 76 11 39 16 24 15 31 8 66
8 46 5 70 9 31 17 85 14 30 18 63 19 71 7 88 0 62 2 3 11 55 13 10 12 17 1 27 4 56 3 67 6 86 15 4 10 12 16 73
3 17 1 31 8 82 13 85 4 31 2 55 11 73 12 74 7 8 5 48 0 51 15 82 10 55 17 71 6 91 19 17 9 96 16 55 14 90 18 42
6 35 3 19 13 18 16 26 19 71 11 84 9 67 7 4 2 19 8 20 15 45 4 9 0 2 10 81 1 48 12 30 14 87 5 91 17 93 18 93
7 10 15 82 10 55 9 6 11 45 5 60 16 88 13 13 14 52 1 18 2 48 8 2 3 50 6 92 19 97 0 14 12 64 4 45 18 23 17 29
8 1 13 59 1 90 6 16 12 49 14 76 4 73 15 33 10 23 17 33 3 41 5 30 0 76 9 15 2 59 18 75 19 71 16 76 11 12 7 50
10 77 11 40 1 3 4 85 13 31 14 77 7 6 5 19 16 11 19 47 3 49 15 51 18 27 9 98 12 70 6 29 17 19 2 75 8 63 0 7
3 37 12 52 17 58 19 10 9 32 7 21 1 77 4 92 15 68 0 80 6 26 14 83 11 79 8 73 5 73 10 23 2 42 16 67 13 60 18 82
19 76 8 46 1 75 16 6 10 90 7 16 5 68 3 20 0 8 17 61 11 38 18 28 6 4 13 54 15 74 12 61 4 38 9 23 14 51 2 21
10 83 0 34 3 49 7 2 17 54 16 97 14 44 5 33 15 88 4 58 12 41 2 20 11 82 8 38 13 4 18 99 19 98 6 55 1 96 9 63
12 28 11 36 16 65 9 16 8 54 19 9 1 58 17 2 10 73 7 81 18 56 2 21 3 53 14 81 0 40 13 82 15 92 6 77 5 98 4 30
8 76 18 78 6 44 17 34 3 80 11 97 9 99 1 21 13 89 10 57 5 5 4 39 2 9 15 3 7 97 19 46 16 23 12 41 14 65 0 33
0 4 7 29 3 82 8 5 12 26 11 41 14 19 10 12 15 72 1 90 16 40 18 40 17 7 6 62 2 13 4 82 13 5 5 53 19 87 9 64
4 96 5 72 11 69 6 75 8 28 13 27 3 90 12 23 15 83 7 18 0 21 14 96 10 93 9 60 19 87 2 87 17 7 16 7 1 99 18 70
4 24 1 72 18 2 16 60 12 77 10 31 13 41 15 78 19 12 0 55 9 78 8 19 5 53 7 20 17 75 2 79 11 26 6 10 3 36 14 28
12 50 0 12 6 40 10 52 5 14 1 84 4 52 14 50 19 41 17 2 13 20 11 74 16 91 18 49 9 74 7 33 8 40 2 71 15 30 3 14
8 19 7 45 17 66 18 95 19 52 9 96 10 86 1 50 2 1 0 32 13 17 12 40 4 30 15 48 3 24 11 80 16 22 6 89 5 52 14 58
7 73 0 45 3 33 17 23 13 58 19 41 6 68 14 87 11 2 18 95 4 99 12 31 10 54 15 3 8 94 16 18 2 91 9 81 1 43 5 17
8 99 16 59 6 43 17 28 13 29 11 38 19 41 15 29 4 95 12 4 7 8 1 83 0 59 9 46 2 52 14 26 3 9 5 67 10 37 18 12
8 72 2 91 5 2 13 8 17 57 3 65 15 84 11 95 9 75 16 9 1 72 18 31 0 7 6 22 19 48 12 98 7 76 4 34 10 30 14 88
8 88 16 31 0 95 17 26 6 11 19 16 9 68 15 37 10 36 1 63 2 58 18 62 7 82 5 57 3 78 13 65 12 44 4 90 11 46 14 94
12 24 0 57 6 20 4 63 16 70 2 20 3 52 1 89 7 88 19 64 11 8 8 21 13 93 5 70 10 37 15 57 17 76 18 78 9 69 14 23
5 70 7 14 14 86 9 95 18 14 16 43 11 78 19 13 17 88 2 14 1 24 10 86 0 95 12 24 3 4 6 72 15 27 4 25 13 73 8 70
3 82 9 47 17 58 4 30 13 59 11 62 0 77 7 52 5 39 2 80 8 3 12 12 15 22 10 84 14 81 18 55 16 97 6 56 19 68 1 27
0 77 11 95 17 92 2 76 19 61 4 33 15 60 7 46 9 17 10 22 8 64 1 61 3 8 16 62 18 45 12 7 6 64 14 65 13 10 5 38
6 64 3 49 4 22 19 83 11 47 5 22 1 11 13 64 17 48 8 29 10 91 14 87 2 10 18 99 15 37 0 38 12 96 9 87 7 71 16 39
13 49 0 45 5 84 6 46 7 49 14 66 12 47 17 6 2 42 1 46 3 67 4 90 19 98 18 67 9 72 11 77 10 60 16 49 8 39 15 24
6 9 11 24 3 58 8 90 1 41 2 34 0 79 15 41 13 28 12 94 9 64 7 20 10 39 19 88 5 16 17 49 18 30 14 60 16 73 4 46
9 54 5 91 12 82 10 9 17 68 7 8 19 79 4 1 8 40 18 30 3 32 11 1 13 16 16 17 15 93 14 60 1 66 6 85 0 37 2 56
0 57 16 78 3 28 4 16 19 57 14 50 12 7 2 6 6 45 17 89 13 45 15 85 11 85 7 73 8 49 10 48 18 81 5 92 9 43 1 43
2 88 6 66 11 50 17 47 18 81 14 82 9 99 7 38 16 81 4 34 15 92 10 71 12 11 19 63 0 55 13 96 8 23 1 45 3 28 5 95
10 2 16 33 7 34 3 27 4 70 13 81 19 94 18 99 11 24 2 67 0 49 12 86 1 95 15 99 9 47 8 78 14 70 17 14 5 46 6 68
16 70 8 50 0 76 15 18 6 11 18 65 3 12 1 42 14 58 7 35 13 57 10 3 4 77 9 56 19 93 2 32 11 52 17 93 12 46 5 46
6 27 4 61 7 97 1 59 17 58 19 80 9 20 18 59 3 4 0 92 8 7 14 29 13 46 15 63 10 24 12 49 2 59 16 46 11 7 5 53
6 98 17 36 8 55 14 30 2 80 13 73 9 90 19 97 7 97 12 37 18 40 16 85 1 76 3 40 5 40 11 95 4 40 0 73 15 97 10 89
7 67 15 72 9 86 12 29 16 21 5 12 1 56 17 36 13 40 19 43 0 85 3 74 8 8 4 49 10 33 14 72 2 41 11 41 6 39 18 29
0 30 9 86 18 11 6 90 8 58 13 44 16 28 7 72 1 65 15 88 12 54 19 69 11 93 2 79 4 66 3 98 14 66 5 22 10 21 17 92
12 92 2 94 11 75 17 16 16 32 5 35 19 14 1 44 6 91 9 40 14 18 0 1 8 94 10 13 3 94 4 60 7 4 18 53 15 90 13 7
16 65 17 37 19 98 2 15 6 64 5 77 13 29 9 10 18 82 12 84 15 71 7 36 10 51 0 50 4 75 1 79 8 75 11 27 14 68 3 40
