100 20
6 72 4 43 1 10 8 80 18 11 3 32 19 45 15 58 7 85 5 42 0 93 2 37 10 98 13 87 14 28 17 9 11 41 12 60 9 11 16 81
12 38 5 82 16 57 13 23 3 8 19 69 0 26 8 47 6 75 17 97 9 27 7 45 10 66 14 87 2 37 4 54 11 43 15 58 1 4 18 21
7 58 19 52 10 37 16 4 1 21 0 48 11 74 8 62 18 91 17 41 4 39 6 34 9 89 3 83 5 84 12 21 14 1 2 36 13 9 15 22
10 89 5 29 19 6 14 71 4 48 3 9 16 44 0 83 1 98 8 66 17 93 6 30 13 62 2 51 15 50 9 82 7 26 18 78 12 80 11 43
3 21 7 77 2 44 6 86 14 63 12 76 0 70 17 81 8 24 11 45 4 34 19 69 10 52 5 42 9 28 15 40 13 28 1 63 16 73 18 44
16 54 1 2 5 94 15 67 9 37 0 15 6 65 8 36 4 84 7 55 2 27 10 47 17 54 18 67 12 58 13 1 19 2 3 60 14 81 11 75
2 63 1 83 7 15 17 30 6 10 5 24 8 43 19 87 16 73 10 50 12 27 14 17 13 66 0 60 3 25 11 7 4 67 15 90 9 20 18 38
12 38 7 63 9 60 2 97 10 49 15 96 0 3 1 66 11 36 16 84 19 90 13 49 18 97 8 98 5 7 14 71 4 60 6 6 3 10 17 36
2 88 10 71 9 71 5 93 0 80 19 30 13 58 6 1 8 88 15 6 4 30 18 52 16 61 3 77 17 14 12 2 1 90 7 13 14 15 11 1
2 24 16 59 18 79 14 94 0 13 12 45 17 51 4 2 1 90 13 15 15 49 11 83 9 78 6 44 19 19 10 87 5 65 8 17 7 87 3 72
14 14 3 88 1 82 10 2 19 18 12 79 11 98 4 38 8 31 7 17 2 25 5 42 13 36 9 28 18 42 0 85 16 50 15 47 17 38 6 41
12 57 7 98 5 61 4 2 11 53 18 40 2 80 3 87 6 41 9 55 16 68 19 67 10 81 1 39 15 7 8 55 14 35 17 12 0 6 13 12
6 9 9 38 13 87 19 14 0 22 14 25 15 15 4 6 16 13 11 90 7 87 2 95 18 8 17 47 10 61 1 28 12 73 8 18 3 2 5 68
6 1 2 62 17 85 14 26 0 26 13 27 4 80 1 23 19 90 8 54 15 76 16 40 3 31 12 25 10 87 7 8 11 62 18 53 9 95 5 91
11 15 10 92 7 51 6 21 17 32 12 45 15 77 14 95 5 71 19 73 16 26 18 13 4 33 9 92 3 85 2 53 13 55 8 64 1 89 0 28
5 78 12 93 3 38 17 20 7 11 11 18 4 82 14 69 10 63 6 69 1 85 2 1 19 48 18 92 0 76 13 3 8 59 15 62 9 67 16 34
11 10 17 92 9 47 10 4 7 62 1 51 18 10 4 36 12 81 0 24 5 70 16 75 8 17 15 44 3 89 13 47 19 75 14 81 6 65 2 22
11 55 19 32 17 97 13 67 15 57 18 67 6 85 10 13 1 43 14 67 2 91 4 42 12 73 8 56 0 76 3 25 5 22 9 19 16 83 7 29
4 77 19 59 11 79 12 49 17 19 5 29 0 9 10 19 16 11 6 88 2 93 8 90 13 55 18 54 9 36 14 17 1 76 7 23 15 51 3 55
0 19 15 48 11 45 5 31 19 54 3 32 17 7 18 81 1 26 6 24 2 71 13 51 12 74 4 87 7 31 16 56 9 27 14 72 8 19 10 44
4 70 10 56 16 67 9 73 15 16 18 73 8 28 7 75 1 52 5 26 6 95 2 43 11 67 3 13 17 75 19 94 14 41 0 37 12 54 13 5
6 98 14 16 15 92 10 33 3 8 7 92 11 73 5 5 19 40 0 5 9 66 12 82 2 37 8 42 13 5 1 96 18 75 17 91 4 62 16 16
6 18 19 35 0 27 15 1 9 68 11 50 18 19 17 95 3 40 8 3 12 64 7 58 14 3 1 40 16 95 13 21 5 47 2 34 10 70 4 86
15 38 10 29 3 51 11 57 13 61 2 28 7 88 9 95 12 69 4 37 1 57 19 87 5 49 17 30 6 68 0 94 14 61 8 22 16 9 18 41
14 60 12 34 16 25 13 75 19 48 1 74 9 93 10 3 4 72 8 2 3 11 15 6 2 10 11 86 7 46 17 57 6 17 0 50 5 87 18 62
9 74 16 58 15 60 10 98 13 29 7 39 12 45 11 23 14 62 19 45 2 20 4 43 6 12 17 47 1 82 3 5 18 84 5 91 8 44 0 40
2 56 10 36 7 65 18 24 12 14 14 84 0 87 19 23 6 28 1 25 15 27 3 74 4 7 8 29 16 23 17 31 5 48 13 29 11 73 9 28
6 19 18 55 16 58 11 34 15 17 12 12 10 28 8 38 17 18 1 37 5 49 0 87 4 73 9 24 2 28 13 41 7 40 3 4 19 20 14 28
11 3 16 41 15 31 2 8 14 60 5 6 13 28 9 88 19 25 12 58 7 23 0 40 8 44 6 65 3 56 10 20 4 15 17 40 18 29 1 84
3 93 10 23 7 65 17 55 4 43 8 20 16 70 1 63 14 2 12 86 2 99 11 73 18 71 6 67 19 7 5 41 9 16 0 77 15 32 13 15
10 83 4 83 1 67 12 95 2 38 19 90 3 12 13 35 17 87 5 31 7 46 8 33 9 49 0 93 6 91 15 81 14 74 11 29 18 41 16 58
18 39 3 30 1 90 4 84 2 55 12 18 6 38 0 37 17 7 9 7 15 52 16 9 13 94 8 36 19 23 14 47 10 18 11 43 7 31 5 43
4 89 1 29 19 2 3 41 9 61 12 51 14 93 10 73 2 60 17 69 16 80 13 9 18 56 7 62 11 31 8 72 15 61 0 67 5 33 6 81
9 30 13 38 18 25 15 3 17 49 12 68 16 59 8 68 2 87 11 88 19 3 5 33 14 99 3 20 6 16 1 16 10 49 4 11 7 63 0 75
10 5 6 27 7 61 17 35 13 36 3 1 2 14 11 60 12 44 15 66 14 14 4 57 5 44 18 68 9 29 0 97 16 95 8 45 19 94 1 68
2 22 0 83 8 78 1 70 11 86 3 40 9 40 14 28 19 41 15 60 4 43 16 83 6 31 5 49 12 1 18 81 10 66 7 17 13 97 17 54
7 56 2 80 13 82 14 1 8 37 10 48 1 90 9 5 16 60 4 38 11 10 0 63 17 51 3 33 6 30 5 1 18 41 12 83 15 79 19 25
1 10 2 74 4 57 14 75 6 7 5 86 18 52 9 37 0 39 8 52 7 37 11 22 15 97 3 64 19 48 13 78 17 81 16 40 12 16 10 65
14 23 11 38 12 98 8 47 2 80 19 60 5 65 1 50 6 85 15 75 7 92 0 27 9 69 13 72 16 17 17 37 10 90 18 26 4 6 3 77
16 75 17 35 14 44 4 74 9 10 6 62 5 86 3 78 11 86 10 93 2 11 15 42 1 37 12 55 0 60 19 47 18 45 8 44 7 88 13 80
12 20 4 19 19 2 7 92 14 32 16 68 15 69 6 31 13 5 2 73 1 13 18 1 8 73 3 83 17 51 11 37 9 89 10 77 5 6 0 27
16 3 15 59 5 40 11 30 14 32 13 81 7 26 1 76 9 24 17 63 8 82 4 81 19 33 3 1 10 95 0 91 2 4 18 4 6 66 12 1
18 50 6 72 10 20 17 83 7 30 14 62 12 79 16 41 1 43 19 57 11 51 15 23 8 56 4 59 0 73 2 97 5 16 13 54 3 11 9 55
6 52 19 32 1 89 9 91 5 64 8 83 15 97 12 62 7 51 4 81 16 31 17 44 13 63 0 33 18 93 10 53 3 94 14 39 11 31 2 58
0 38 6 65 3 82 1 8 7 52 8 46 2 3 16 69 19 70 4 74 13 23 15 1 14 28 9 8 12 41 18 16 5 70 17 24 11 19 10 60
9 47 11 70 18 35 19 23 5 91 1 28 7 70 13 7 14 35 3 71 12 62 8 41 4 82 6 17 16 56 15 70 0 68 10 31 17 52 2 85
13 61 10 7 14 13 11 94 16 68 12 70 18 6 2 94 15 99 17 58 4 69 19 68 7 3 1 8 9 38 6 38 8 44 5 16 0 86 3 30
5 13 17 63 2 86 7 79 15 25 11 46 14 97 16 54 1 9 6 8 8 49 10 40 19 3 4 98 9 75 12 13 18 50 13 11 0 8 3 16
12 61 15 13 18 51 7 55 13 86 2 60 0 42 5 68 19 24 3 89 4 59 6 57 16 66 14 21 11 61 17 83 9 99 10 58 1 34 8 15
5 40 8 88 9 97 11 20 0 69 14 45 16 20 3 58 10 73 1 94 15 41 18 40 2 20 6 55 17 58 4 8 7 51 13 23 19 45 12 93
10 98 3 48 19 64 16 39 8 27 13 23 6 10 17 5 11 63 18 64 5 33 1 96 12 44 15 90 7 21 9 73 4 22 14 71 0 37 2 43
5 37 14 81 15 34 16 1 8 59 2 9 19 91 4 87 6 41 0 54 18 47 3 49 7 99 9 83 12 46 17 94 1 2 10 28 11 38 13 22
9 46 11 18 15 94 10 25 2 86 7 94 14 37 12 70 18 82 8 80 13 43 19 12 3 18 16 26 17 67 5 86 1 80 4 24 6 8 0 43
18 88 1 4 10 51 8 86 4 97 17 27 6 92 0 54 15 51 12 99 9 54 14 71 5 30 7 90 11 13 19 20 2 35 16 44 13 44 3 69
11 78 8 16 3 7 16 71 2 52 12 81 14 10 13 91 6 72 7 63 19 89 15 84 0 24 5 27 10 87 4 33 17 45 1 10 18 28 9 15
12 68 6 33 9 21 5 95 11 18 17 5 19 43 0 31 2 68 16 98 15 41 13 72 18 65 14 15 10 91 8 27 3 67 4 38 1 45 7 79
10 79 18 39 19 50 3 83 9 39 16 38 5 86 4 98 11 67 13 16 8 52 15 38 1 49 7 59 2 72 6 10 17 24 0 28 14 90 12 8
14 1 2 29 5 84 0 73 16 9 19 4 8 89 3 90 15 73 6 29 10 94 13 89 17 71 9 85 4 14 7 77 12 19 11 88 1 34 18 26
1 28 4 70 13 39 8 17 17 66 5 50 6 72 12 82 3 35 10 55 14 5 18 45 11 77 0 61 2 32 19 71 7 51 16 99 15 82 9 13
2 31 9 51 16 64 12 55 19 36 14 55 1 82 6 7 0 98 5 36 17 14 3 75 15 17 4 86 10 22 7 57 11 29 13 48 8 82 18 37
14 75 2 64 13 3 19 43 6 33 18 2 4 54 15 3 9 47 11 12 0 47 12 71 16 8 10 7 17 64 1 52 8 9 3 38 7 31 5 83
17 43 16 69 18 75 8 37 13 20 12 37 1 7 3 32 19 88 7 89 2 78 15 44 11 22 5 31 14 60 0 32 4 95 9 30 6 83 10 44
5 93 9 32 17 40 14 66 1 72 0 35 7 42 13 35 12 95 10 75 2 97 4 80 6 87 18 99 16 74 15 42 19 57 3 55 11 94 8 64
8 11 13 85 10 44 16 42 9 17 5 52 3 4 11 65 17 51 18 55 12 76 6 86 7 13 15 48 14 23 1 90 19 64 2 50 4 53 0 47
8 26 1 83 17 15 6 11 9 24 2 8 14 23 5 29 7 24 3 83 18 88 16 33 11 4 0 58 10 45 13 51 12 43 15 61 4 52 19 56
0 86 13 54 12 84 1 87 11 25 3 73 5 89 18 35 2 94 10 4 7 26 16 71 6 46 15 83 9 8 4 15 14 81 8 86 17 20 19 57
7 97 11 74 17 22 19 15 4 81 3 58 6 27 16 54 8 73 14 55 13 7 15 80 0 95 12 7 5 56 1 56 10 12 9 87 2 92 18 7
15 63 10 42 16 97 13 48 4 59 2 49 12 78 9 59 7 48 6 94 0 1 5 4 11 15 17 98 18 81 1 79 3 39 14 6 19 12 8 59
0 55 17 46 2 52 1 95 15 31 19 67 13 45 12 86 6 35 8 23 14 30 7 88 16 31 3 50 5 52 10 16 11 52 9 19 4 38 18 10
8 93 12 74 1 3 7 3 16 20 10 10 18 73 3 90 15 36 4 49 9 20 5 76 2 98 14 77 13 42 17 52 0 63 6 85 11 49 19 6
7 50 16 77 5 98 1 90 8 34 13 59 6 42 4 75 2 36 10 20 11 32 15 86 3 16 18 83 19 37 0 12 9 46 14 95 12 5 17 42
8 17 14 57 4 22 13 45 1 28 18 42 15 11 2 29 10 96 3 26 11 93 17 27 6 57 16 20 9 81 0 41 5 98 19 23 7 63 12 4
11 9 4 45 18 40 3 41 15 7 5 75 8 87 0 94 17 83 16 24 7 5 9 83 10 95 14 90 1 72 12 45 2 2 6 14 13 83 19 17
11 65 19 63 12 87 9 43 2 45 13 85 4 89 8 88 7 73 5 38 3 97 0 57 10 69 6 43 15 42 16 9 1 74 17 99 14 22 18 85
11 26 5 96 12 43 6 26 15 65 19 58 1 95 8 90 7 62 18 79 2 84 14 61 13 24 3 2 9 50 17 57 0 37 4 96 16 75 10 10
0 4 11 25 15 70 5 92 12 2 17 9 13 26 19 90 4 96 6 99 3 42 10 34 14 37 18 59 16 7 7 65 1 77 9 29 8 19 2 64
6 6 15 14 2 98 8 98 11 70 7 99 10 28 3 42 17 98 5 38 0 81 14 5 16 35 18 2 4 57 1 30 12 37 9 66 19 78 13 17
17 47 1 24 7 19 0 86 14 96 6 87 5 19 4 39 12 9 13 49 19 66 3 87 2 35 16 42 18 73 11 94 10 53 8 33 9 12 15 39
16 27 19 6 12 5 5 43 3 87 13 81 0 51 2 61 10 16 8 65 18 57 6 62 14 83 4 10 15 52 17 57 11 95 7 57 1 27 9 62
7 85 17 79 2 86 14 1 3 45 11 71 9 10 5 77 10 33 16 29 12 40 0 30 8 62 1 63 18 28 19 42 6 9 4 69 15 13 13 39
3 51 12 49 8 82 11 36 2 78 0 13 16 16 7 45 13 1 19 49 9 61 14 23 4 44 15 63 5 12 18 82 17 47 1 71 6 24 10 44
14 92 7 74 13 15 8 41 4 68 5 83 6 83 1 37 9 67 16 17 19 50 15 21 11 27 10 50 17 21 0 64 2 60 18 69 12 63 3 19
16 29 3 89 8 9 4 60 7 58 2 30 11 5 5 70 17 27 1 3 0 49 12 74 19 63 13 30 18 2 6 42 9 12 10 56 15 48 14 35
2 13 12 46 9 75 5 46 7 60 17 71 8 27 3 12 11 32 19 89 16 80 4 15 14 81 10 51 0 87 13 64 1 4 15 34 6 71 18 20
16 97 5 84 4 59 13 85 9 81 6 35 7 53 19 33 17 72 12 52 18 89 0 40 10 67 14 58 8 76 2 15 1 89 15 27 3 19 11 12
19 29 3 71 15 22 1 7 11 36 8 29 0 30 4 2 12 95 14 5 2 45 6 16 9 14 17 44 13 10 7 87 10 37 5 60 16 60 18 98
0 52 7 16 2 60 8 88 3 17 1 65 16 90 6 44 13 50 17 7 14 68 10 94 9 24 12 18 5 24 18 19 15 47 19 58 11 56 4 97
11 19 19 88 7 4 2 68 1 10 9 69 5 94 16 24 6 64 8 54 17 86 3 56 18 48 12 67 10 50 14 76 13 95 4 89 15 54 0 9
0 83 7 89 18 67 12 10 11 59 8 14 4 93 2 35 19 9 16 19 13 54 5 18 9 68 6 28 17 78 14 14 1 81 3 64 10 19 15 22
4 71 11 1 0 50 6 27 1 79 16 31 7 77 12 37 17 42 3 50 15 45 18 37 8 13 19 85 9 19 14 74 13 49 2 59 10 92 5 8
17 24 18 89 11 42 19 32 7 29 12 64 16 33 13 20 3 51 4 73 6 45 1 74 0 16 5 33 14 52 10 13 2 95 9 23 8 2 15 31
18 69 7 14 0 85 2 49 12 10 1 50 4 33 8 38 6 63 13 16 16 46 9 3 11 75 17 17 14 84 10 13 3 28 19 73 5 16 15 32
0 35 1 41 2 7 5 23 16 99 12 18 19 69 3 83 8 51 13 63 11 84 7 71 10 20 9 93 15 72 17 12 4 13 6 71 14 18 18 55
6 92 18 52 5 47 1 80 7 10 14 86 17 13 13 90 16 62 8 32 3 91 2 97 15 6 12 46 0 7 9 80 11 51 4 62 19 47 10 14
0 75 12 86 11 94 4 59 14 8 17 70 18 13 2 14 9 96 8 4 5 44 6 4 7 65 13 63 16 26 1 48 10 7 15 58 3 84 19 62
16 8 12 29 13 25 0 21 17 45 9 54 2 53 11 8 10 21 3 73 6 12 19 8 8 2 15 65 1 55 7 68 5 91 18 3 4 75 14 28
18 60 12 1 4 75 17 8 15 99 0 8 7 93 16 41 3 63 14 88 8 72 19 27 6 4 13 99 10 37 9 4 5 30 2 98 11 6 1 67
12 29 6 31 16 29 11 58 10 76 0 63 2 19 18 85 14 84 7 21 9 6 5 67 8 33 17 59 15 1 4 61 13 65 3 27 1 61 19 67
8 93 4 66 11 45 1 86 12 63 19 94 9 60 17 20 15 55 14 17 16 28 18 59 10 68 2 78 6 79 5 96 7 9 13 42 3 30 0 95
7 65 5 81 1 29 11 21 19 38 13 90 3 84 0 72 14 51 18 6 6 79 17 38 12 95 16 79 10 75 4 79 15 74 8 65 9 58 2 65
