100 20
11 53 4 57 10 96 15 49 1 47 14 42 16 81 13 77 8 86 12 36 9 63 2 84 18 5 3 43 6 6 7 30 0 12 5 42 17 70 19 41
4 4 3 2 6 50 1 38 15 21 17 4 13 13 19 33 0 99 9 92 5 36 11 85 12 69 16 88 10 21 14 79 2 2 7 40 8 97 18 95
18 38 2 90 13 51 0 10 17 47 12 81 14 46 11 68 1 35 19 12 8 95 9 80 10 5 7 50 5 15 16 41 15 3 6 62 4 31 3 30
6 52 4 31 3 91 5 9 15 25 14 11 16 45 1 69 2 49 11 38 8 18 10 67 12 21 0 46 18 63 13 92 7 1 9 24 17 40 19 11
14 92 19 15 1 81 6 70 8 38 13 57 17 48 11 14 5 76 7 30 16 50 18 23 10 26 0 51 2 96 9 20 15 32 4 73 3 78 12 50
3 61 1 43 15 82 0 63 8 15 14 62 5 45 11 49 16 89 9 64 4 88 13 20 2 32 17 23 7 78 18 50 6 69 10 42 19 39 12 35
3 57 4 41 0 3 16 91 1 84 6 39 18 82 19 74 13 96 5 29 12 66 11 42 17 16 7 77 14 85 9 85 10 21 15 22 2 72 8 99
17 99 9 29 0 81 1 63 19 47 14 93 7 16 12 1 4 10 16 57 2 27 15 80 11 77 5 9 10 63 3 51 13 49 6 51 18 74 8 91
12 65 2 11 10 47 15 49 13 17 7 84 9 21 11 38 0 62 18 29 14 63 5 6 17 70 4 53 19 79 16 45 1 89 8 4 3 98 6 48
1 80 7 13 14 43 18 33 10 77 9 32 2 66 17 2 16 59 4 90 12 30 6 21 19 99 11 10 15 14 8 1 5 62 3 87 13 26 0 79
14 4 2 98 8 52 11 84 9 48 12 79 15 85 6 11 4 48 13 68 10 61 3 41 1 54 7 23 16 41 17 33 18 24 5 4 19 37 0 82
0 48 12 64 5 22 4 42 13 2 19 92 6 77 11 49 1 46 18 57 3 45 10 76 14 35 8 11 15 82 16 70 17 17 9 4 7 48 2 90
8 15 7 81 16 55 14 59 2 63 17 11 3 33 12 12 18 63 15 76 5 52 1 19 13 40 11 11 10 77 6 1 4 15 0 79 9 51 19 37
13 14 19 79 0 56 12 58 11 70 5 14 2 6 14 2 17 76 16 21 6 76 18 21 3 16 15 78 4 42 1 33 8 8 9 3 7 4 10 54
8 88 14 51 15 58 10 49 19 69 5 4 7 5 6 70 2 52 17 53 18 12 13 8 0 53 9 87 11 30 1 87 16 17 3 16 12 27 4 21
12 70 17 51 16 10 0 95 19 92 10 26 4 30 11 14 13 68 2 50 18 8 3 78 5 49 15 51 6 6 8 66 9 24 14 20 1 47 7 67
16 43 2 81 18 42 1 1 17 74 8 13 14 11 7 92 12 74 5 89 19 24 15 49 6 27 9 3 13 56 0 84 11 86 10 40 4 7 3 56
16 80 1 12 19 67 13 96 0 94 10 45 11 88 2 24 9 56 5 96 15 13 8 92 12 48 17 63 4 76 6 16 7 12 3 22 14 72 18 30
16 70 6 62 10 41 5 45 7 36 18 4 14 77 15 90 13 71 4 78 9 35 12 82 8 20 3 42 1 75 19 21 11 29 0 52 2 15 17 23
1 59 5 6 17 73 18 13 15 44 13 4 0 93 10 97 12 64 6 47 3 64 9 17 2 77 7 38 14 72 11 46 16 70 19 47 8 44 4 1
5 61 7 42 3 10 11 75 6 82 17 52 12 67 16 76 18 52 9 92 19 55 1 73 2 31 10 13 14 70 8 68 4 66 13 59 15 65 0 97
13 1 4 72 2 4 7 80 0 8 8 2 19 63 3 34 17 84 1 74 14 45 6 4 18 69 12 92 11 86 16 86 15 7 10 86 9 17 5 12
18 32 9 32 6 65 3 9 1 20 10 60 11 21 7 51 19 66 12 53 16 10 5 87 0 99 17 5 4 63 15 60 8 28 14 70 2 45 13 81
10 86 11 1 5 46 12 71 3 81 15 25 14 98 19 28 16 16 17 96 8 30 4 29 13 26 0 22 2 48 6 18 1 51 9 13 7 8 18 92
11 70 9 11 4 38 2 13 1 31 13 24 10 47 8 46 15 30 17 2 6 92 12 9 16 13 7 3 19 71 0 11 18 24 5 43 3 8 14 4
13 91 11 11 5 65 7 69 9 72 6 74 8 38 17 77 4 80 15 67 14 58 12 10 18 15 1 75 0 50 3 92 19 35 2 99 16 62 10 93
15 9 5 67 1 3 16 35 4 86 3 74 19 96 10 63 17 85 11 31 12 93 13 43 18 20 0 53 8 38 2 20 7 32 9 99 14 50 6 95
11 29 16 59 5 74 6 79 13 21 8 30 18 52 17 41 9 49 19 24 14 3 15 88 1 77 3 90 10 35 4 80 2 42 7 93 12 24 0 34
9 98 19 57 2 6 14 69 3 68 8 39 15 97 10 48 4 20 18 19 12 44 7 36 0 78 16 66 13 94 6 67 1 84 17 65 11 74 5 29
17 79 7 98 18 25 19 72 1 4 15 77 4 50 8 73 3 55 5 85 6 25 0 57 12 99 16 32 9 33 2 32 13 56 11 81 10 78 14 51
11 93 6 90 10 37 16 28 12 66 17 45 7 20 18 11 3 76 9 40 15 60 14 89 2 60 5 67 0 48 13 3 4 91 8 80 1 79 19 88
10 28 16 81 3 8 18 52 15 35 7 34 11 62 9 88 5 98 14 9 8 8 13 57 2 73 1 36 12 53 6 97 19 93 0 87 4 80 17 16
5 11 13 40 15 21 19 48 17 6 4 90 7 27 14 10 16 85 2 68 0 55 12 24 8 94 11 36 9 76 18 75 1 45 3 99 6 10 10 6
4 74 18 73 15 37 6 14 1 2 8 53 9 42 5 74 12 71 16 68 13 51 3 39 17 93 19 61 0 24 10 42 14 41 2 70 11 49 7 36
17 84 15 90 16 42 6 20 14 11 1 77 19 27 9 81 5 6 10 95 13 74 8 66 12 81 7 91 11 98 2 65 18 18 3 51 4 91 0 32
2 53 3 44 14 82 19 14 10 96 16 37 17 27 1 49 6 11 5 99 15 10 18 38 0 27 12 76 8 13 11 16 7 67 13 94 9 17 4 11
12 43 15 23 3 68 19 87 10 97 14 12 5 47 11 56 6 66 16 24 13 19 8 6 17 20 0 95 7 53 9 60 4 63 18 50 2 1 1 24
2 99 14 10 4 61 17 51 3 30 15 7 16 63 5 65 6 91 7 16 8 72 9 2 19 61 18 92 11 63 10 50 1 62 13 6 0 40 12 7
1 56 13 50 18 51 3 10 0 36 10 91 14 71 4 64 16 19 6 12 11 26 12 81 7 37 5 43 2 80 15 14 19 82 8 22 17 70 9 66
17 90 6 56 16 8 15 16 1 65 10 58 12 29 3 31 18 47 0 79 2 98 9 22 4 97 14 59 8 59 19 23 7 4 11 74 13 30 5 25
9 25 0 19 8 70 19 13 17 94 12 74 18 8 1 85 15 10 4 67 14 68 10 31 5 84 13 71 11 43 3 97 6 46 2 18 16 16 7 38
14 9 6 61 18 95 5 8 11 17 16 98 2 72 9 41 3 68 17 9 15 39 10 12 7 31 12 83 19 11 8 65 13 34 1 34 0 96 4 13
17 49 5 43 9 47 3 72 13 92 1 93 16 48 19 79 18 23 2 9 15 97 8 17 14 47 4 20 12 75 10 57 7 96 11 77 0 47 6 43
19 25 0 94 15 44 13 41 14 44 3 16 12 38 9 54 16 38 8 93 10 30 6 91 4 79 5 84 18 74 1 21 2 23 11 95 17 9 7 15
5 45 3 91 12 62 8 55 16 47 11 76 14 13 1 48 17 80 0 34 15 39 6 13 9 50 2 51 18 64 7 36 19 52 13 9 10 16 4 9
0 27 17 9 10 40 8 92 19 47 12 73 11 45 14 60 2 91 1 27 9 55 4 3 16 63 18 4 15 48 13 62 5 76 6 96 7 10 3 67
13 87 11 64 5 19 17 35 12 5 10 21 9 1 19 6 1 14 2 94 15 18 14 95 16 6 3 29 18 59 0 94 8 54 6 72 7 4 4 13
7 40 18 92 3 39 5 75 1 54 13 37 14 65 11 8 2 26 4 30 19 80 12 87 8 19 10 59 15 56 6 47 0 57 16 74 9 29 17 3
17 39 15 67 12 54 19 16 1 35 11 19 6 45 16 67 3 15 14 13 7 45 9 41 18 33 8 35 4 78 13 38 0 2 5 7 10 54 2 97
17 13 2 63 18 20 13 16 12 70 8 31 19 58 6 29 0 55 16 50 1 77 9 65 11 31 3 75 5 1 15 10 4 35 7 9 10 41 14 42
10 29 13 11 18 63 17 75 1 56 7 12 4 72 2 73 0 99 19 51 14 28 11 40 16 40 12 39 8 81 5 94 6 60 15 49 3 20 9 89
1 17 8 39 19 87 10 82 4 99 18 72 17 72 13 95 6 16 5 55 2 90 15 85 9 90 7 42 12 59 11 94 0 46 14 5 3 8 16 10
5 6 2 79 15 35 1 4 6 61 8 79 17 46 19 72 14 79 11 76 7 13 13 83 12 24 3 9 0 47 9 2 10 23 16 40 18 40 4 19
0 58 11 12 1 8 15 64 8 57 17 99 3 76 16 93 14 35 12 41 7 67 5 75 2 81 6 1 13 66 10 92 4 19 9 13 19 26 18 58
0 38 7 2 12 38 14 77 17 64 10 70 15 79 16 34 11 43 18 96 2 20 19 55 3 90 6 45 1 90 8 35 4 87 9 21 5 77 13 19
19 60 8 23 10 20 16 9 6 69 11 63 1 62 13 20 17 76 5 9 14 78 18 12 0 28 3 99 12 8 2 80 15 87 9 33 4 22 7 4
18 64 16 52 4 66 19 12 13 89 0 65 15 73 8 60 9 95 17 46 2 92 11 76 6 63 3 50 5 13 1 48 10 79 14 37 12 21 7 46
3 60 10 32 1 41 9 90 11 81 17 31 18 1 5 40 16 98 13 98 12 64 8 84 6 52 14 87 4 13 0 32 2 14 7 51 15 19 19 38
7 31 12 21 18 13 5 11 4 36 10 62 0 50 3 22 8 44 19 93 14 46 9 41 13 91 6 48 17 36 1 6 11 88 15 3 2 51 16 18
7 24 19 92 13 97 15 26 1 2 3 78 5 97 0 48 12 78 14 80 11 53 9 80 8 15 18 80 2 59 10 29 17 4 16 36 4 17 6 78
17 63 10 54 15 84 1 21 7 72 13 2 6 84 16 50 4 43 8 92 12 4 0 35 11 42 5 48 3 4 9 74 14 72 19 46 18 86 2 89
14 18 12 47 5 25 13 53 19 49 10 11 8 30 7 27 11 63 15 83 4 52 1 40 17 46 2 59 3 8 18 91 16 12 0 9 9 57 6 9
9 77 7 49 5 30 13 28 1 98 0 7 2 66 18 27 3 38 8 88 6 76 19 10 14 37 15 38 12 65 11 83 16 21 4 17 10 91 17 52
11 99 18 92 12 81 14 68 1 78 4 75 8 21 3 58 10 76 6 63 17 59 16 52 15 12 5 33 9 55 13 62 7 48 0 70 19 15 2 88
5 74 0 53 11 47 19 76 6 44 10 16 14 82 15 28 3 87 16 32 17 93 13 59 1 1 2 34 4 43 12 1 18 13 9 20 7 93 8 21
3 20 7 86 19 87 2 93 15 64 10 27 0 26 11 34 16 70 14 14 13 4 6 20 8 66 17 40 1 10 9 52 5 84 12 64 18 49 4 41
1 47 14 60 5 7 8 47 12 41 3 95 17 16 16 13 9 60 0 67 11 9 7 5 4 74 13 63 18 83 10 87 6 87 2 4 19 89 15 23
6 47 7 29 13 41 3 63 18 58 1 78 11 77 15 21 14 60 19 14 10 20 0 29 17 2 9 27 5 35 4 11 2 98 8 98 12 20 16 88
1 36 15 26 10 98 16 69 17 68 11 17 4 69 13 47 18 3 9 93 5 39 6 20 14 98 7 31 8 66 19 22 0 24 12 61 3 60 2 22
10 36 18 89 15 2 7 10 2 76 1 7 12 1 9 18 17 73 13 14 16 99 14 61 11 99 5 51 19 42 6 97 8 14 0 53 4 92 3 46
0 37 2 68 4 41 12 34 10 52 16 49 15 39 1 80 6 33 19 71 7 92 17 60 9 46 14 5 8 47 13 62 18 35 11 33 5 95 3 60
4 79 3 99 18 34 8 85 9 79 12 78 16 10 14 16 7 42 5 97 1 62 2 65 6 67 0 30 19 10 11 2 15 70 13 83 17 9 10 72
8 8 0 69 5 10 7 48 18 19 16 61 9 37 10 49 13 12 14 28 15 16 11 59 2 12 19 17 1 3 3 94 4 94 6 92 12 88 17 27
13 54 12 84 0 51 10 53 8 48 3 41 5 52 11 17 19 94 9 24 6 33 2 26 15 13 16 20 1 58 4 14 18 11 14 74 7 17 17 98
17 18 19 53 0 21 14 76 8 65 1 48 3 57 16 45 18 84 12 75 15 63 13 39 2 32 7 31 11 48 9 87 6 12 10 27 5 2 4 99
13 81 8 97 18 58 10 39 9 46 11 25 5 81 17 42 1 56 6 27 4 24 0 52 15 9 12 44 3 13 7 45 14 19 16 45 2 75 19 11
19 85 7 71 0 72 11 95 14 53 6 38 17 45 13 38 5 45 15 84 1 7 18 98 2 8 12 77 9 27 10 45 16 26 4 36 3 2 8 80
18 33 2 9 10 4 16 83 1 62 4 76 12 43 11 42 14 22 7 81 6 99 17 88 8 92 9 42 19 54 13 7 3 33 15 68 5 60 0 27
4 7 7 91 1 63 11 3 18 82 9 54 12 59 19 46 6 56 16 64 3 1 8 79 15 90 0 29 14 41 5 71 17 41 13 52 10 93 2 65
15 53 17 64 5 59 6 61 18 25 2 62 16 76 12 32 10 7 14 20 11 9 19 53 13 18 0 15 3 26 8 43 1 53 7 89 4 88 9 38
13 9 1 38 16 59 3 20 6 4 17 77 10 34 15 9 18 47 7 33 4 86 0 37 9 94 11 48 8 86 5 53 12 22 14 67 2 1 19 38
17 81 7 98 1 53 18 2 3 52 11 8 6 60 15 21 14 55 10 72 5 92 0 94 13 59 4 44 8 11 16 3 12 5 19 77 9 27 2 1
12 60 2 66 18 68 14 61 5 20 4 66 6 93 17 46 8 37 11 77 7 22 16 5 10 72 13 46 19 80 0 95 15 13 3 35 1 10 9 51
6 5 8 84 2 87 19 18 15 94 3 68 12 98 1 56 4 12 11 88 18 38 16 1 0 75 14 76 13 20 7 11 9 49 10 77 5 75 17 88
15 30 6 91 2 31 8 15 5 12 11 58 18 32 13 88 19 40 17 59 14 20 12 85 16 76 10 73 1 62 3 24 7 85 0 68 4 14 9 77
13 37 3 48 14 71 10 22 5 73 19 60 8 41 11 58 6 28 18 30 4 42 17 73 15 33 12 59 7 9 16 14 1 98 2 7 9 12 0 91
13 94 16 33 8 83 5 39 2 85 7 93 6 26 3 47 4 63 19 58 18 8 15 93 0 94 14 49 10 18 11 32 1 13 17 42 12 16 9 63
8 31 5 40 13 55 12 83 2 47 1 88 17 48 9 1 18 90 19 16 4 11 16 20 15 27 3 33 7 57 6 23 14 41 0 94 10 52 11 24
2 46 5 90 7 30 14 37 3 44 4 41 13 25 10 34 12 44 18 36 1 5 15 14 19 12 9 41 11 77 17 68 16 63 6 73 8 66 0 75
19 24 14 33 9 55 11 58 0 48 17 18 5 31 6 92 15 14 7 76 12 8 18 42 16 20 3 49 8 24 13 73 1 13 4 84 10 26 2 77
17 38 10 89 9 5 15 28 0 69 12 4 16 30 19 84 2 49 4 76 7 48 1 81 13 42 11 70 6 16 18 15 14 64 5 67 8 75 3 35
6 61 8 63 3 67 0 20 19 44 9 8 10 41 16 73 15 1 14 11 13 14 11 27 7 66 2 61 5 5 18 73 1 91 4 71 12 13 17 1
0 18 1 13 2 83 17 11 16 35 4 48 6 73 13 42 8 25 15 90 14 35 11 74 9 66 3 53 19 93 7 44 10 13 18 55 12 4 5 23
12 77 3 70 6 83 15 29 13 37 19 20 17 76 4 30 9 29 2 53 8 34 16 19 1 3 11 17 14 86 10 40 0 75 18 98 5 46 7 24
0 55 5 98 3 8 16 59 8 93 11 24 15 38 19 72 10 34 13 56 6 89 1 2 7 15 12 21 14 38 17 69 4 45 9 14 18 82 2 46
6 2 15 55 5 79 1 63 11 50 18 17 4 68 9 42 7 18 12 27 0 73 17 19 2 87 10 52 8 6 3 65 13 13 16 80 19 52 14 46
13 90 3 79 0 37 15 28 7 67 11 35 14 11 19 54 10 25 2 61 5 10 9 91 12 79 4 36 6 46 18 33 17 23 8 88 16 73 1 31
17 45 1 1 5 32 13 87 9 16 18 31 6 91 2 17 4 68 7 98 15 6 12 92 0 64 14 19 8 7 3 86 19 27 16 44 10 1 11 88
1 72 18 4 10 47 11 59 15 49 7 46 0 28 6 94 3 88 9 72 12 59 14 65 16 83 5 34 8 24 4 11 19 89 13 75 2 57 17 81
7 11 11 22 17 1 1 95 14 24 0 47 18 51 15 30 3 5 6 19 10 90 19 25 12 61 13 83 8 2 4 93 16 49 9 61 2 14 5 57
