100 20
4 8 9 22 6 96 0 69 13 35 8 52 2 18 15 84 12 52 17 94 14 62 3 95 5 2 11 98 7 15 19 68 1 35 10 52 18 22 16 10
1 31 5 94 13 44 12 67 4 69 17 14 6 57 9 96 7 64 3 65 2 32 11 56 0 82 18 20 14 25 19 86 8 93 15 86 16 75 10 81
13 32 2 89 1 62 18 20 0 69 4 16 5 42 9 76 10 27 7 38 6 27 17 88 16 69 15 5 11 50 14 23 19 52 8 75 3 79 12 94
6 54 16 39 14 16 2 59 18 80 17 76 12 40 8 57 11 46 5 76 9 52 13 39 4 98 7 89 1 16 10 58 0 88 19 17 15 82 3 46
0 44 9 52 11 18 12 12 18 73 17 25 10 28 2 34 4 42 7 48 15 42 5 76 19 30 8 31 16 84 14 86 3 60 6 46 1 74 13 71
11 79 10 66 0 68 15 3 12 39 18 84 8 71 1 33 4 81 13 41 7 98 2 42 17 24 16 14 5 85 14 4 6 94 19 36 9 31 3 67
4 56 17 83 10 84 7 43 15 30 5 11 9 72 0 23 11 7 18 90 12 78 6 61 13 34 16 49 2 71 19 50 8 21 1 88 14 41 3 89
8 88 19 16 10 11 12 64 2 73 0 56 17 37 15 28 3 15 5 59 7 53 13 12 16 92 9 76 1 76 11 24 4 83 14 38 6 71 18 88
7 6 5 14 3 61 19 77 10 43 6 71 14 87 1 88 4 3 8 89 13 38 11 88 2 7 12 88 17 15 18 1 0 54 15 60 9 63 16 92
2 70 8 47 12 25 11 22 17 47 10 43 14 80 7 76 0 60 4 46 6 46 9 31 1 23 19 1 13 96 5 60 16 80 18 8 15 19 3 1
12 92 13 94 11 97 17 83 8 79 10 64 19 43 7 83 4 92 2 44 9 78 6 49 3 43 1 30 18 21 16 20 15 96 0 69 5 72 14 67
15 89 18 26 2 32 12 36 7 46 11 55 1 67 10 5 5 90 3 84 14 38 8 74 13 91 16 56 6 91 9 8 0 78 17 4 19 12 4 63
8 99 9 76 4 44 6 43 7 31 11 92 13 25 15 8 18 46 12 54 14 79 19 62 1 70 0 38 17 1 16 45 3 18 5 13 2 6 10 87
18 57 17 18 5 13 7 95 9 44 12 94 8 25 1 15 3 78 2 83 16 14 14 83 15 86 11 56 19 96 0 67 10 11 4 91 6 25 13 12
9 55 1 3 13 4 18 64 5 95 4 22 6 20 11 16 15 86 3 71 10 80 8 8 19 42 12 24 2 76 14 7 17 43 16 17 0 85 7 6
8 73 6 69 9 60 0 22 1 35 5 95 14 29 17 48 16 7 11 77 12 72 7 82 3 67 2 4 18 43 13 2 19 89 10 78 4 15 15 94
17 71 12 4 6 6 14 89 7 74 16 83 15 98 11 26 10 91 0 82 19 33 18 14 3 33 4 98 5 86 13 87 9 88 8 37 1 55 2 48
6 25 7 85 19 29 3 84 10 7 1 67 16 4 4 86 15 85 11 20 12 84 17 34 13 98 5 75 8 48 14 47 0 17 2 15 18 3 9 91
13 22 3 58 8 51 17 84 2 66 15 28 14 15 11 59 7 21 18 48 5 78 9 13 10 37 4 78 1 55 12 77 16 52 19 2 6 90 0 79
12 8 11 99 4 46 7 15 0 93 15 94 16 92 14 93 18 4 8 30 5 70 9 14 19 70 6 32 3 42 17 27 10 85 2 94 13 85 1 69
15 27 9 29 4 75 12 52 3 61 10 30 14 13 7 28 5 59 17 13 2 91 19 90 8 39 0 18 6 15 16 2 11 32 1 31 13 40 18 5
3 26 18 44 10 5 13 18 15 58 12 21 11 27 14 11 17 5 6 35 0 52 19 65 9 30 5 55 1 97 2 27 16 38 4 31 8 41 7 48
13 57 14 95 1 85 6 18 12 12 0 26 9 84 4 71 18 85 7 5 15 43 10 3 2 67 19 92 5 87 8 51 3 19 16 22 17 26 11 74
9 13 18 55 8 71 16 43 7 62 6 54 15 67 14 50 17 12 5 73 11 13 13 31 1 85 3 51 0 83 19 18 2 6 10 52 12 61 4 84
5 69 16 67 6 99 18 2 15 95 13 53 12 17 8 88 3 34 17 40 11 67 0 71 9 57 2 43 14 91 4 76 1 64 19 16 10 16 7 77
2 60 3 50 13 8 15 85 10 11 9 11 1 42 12 59 14 65 17 6 18 11 16 24 6 20 5 55 19 34 0 42 11 51 8 64 4 74 7 24
1 65 11 95 19 59 2 19 17 89 6 42 8 84 5 84 7 81 0 37 18 79 9 11 3 64 10 93 15 65 4 49 14 90 13 23 12 61 16 37
5 94 14 83 9 11 1 43 12 71 13 29 11 87 8 1 18 65 3 31 16 20 17 61 19 56 2 87 0 36 7 20 15 67 6 93 10 37 4 28
9 55 2 90 1 47 12 52 14 77 19 3 17 19 16 64 10 48 15 64 13 51 11 37 0 78 4 75 6 61 18 19 8 97 5 47 3 88 7 28
0 50 9 39 16 42 19 73 14 70 8 74 7 12 1 49 11 37 6 70 13 54 18 95 2 55 17 35 12 26 10 30 5 31 15 13 4 63 3 52
18 96 4 60 6 5 2 14 0 44 15 60 16 69 17 9 5 48 7 87 13 43 3 89 10 18 1 70 11 59 19 72 12 89 9 96 8 40 14 73
18 59 6 46 7 44 9 24 13 15 10 36 3 25 8 18 17 42 5 3 12 38 0 33 11 68 15 9 16 62 1 36 4 95 2 18 19 93 14 34
5 16 1 55 17 21 19 77 12 98 9 32 18 32 3 23 11 89 13 32 0 23 4 20 10 54 2 42 15 39 8 34 7 17 6 89 16 22 14 2
13 83 12 66 16 44 10 8 0 75 19 56 7 3 9 85 8 1 15 4 1 66 5 33 4 87 6 10 18 47 2 3 3 75 17 93 14 35 11 46
10 97 4 70 13 72 8 73 3 76 12 61 5 39 17 64 16 2 7 86 9 44 6 32 18 23 0 89 19 21 14 33 11 68 15 87 1 71 2 75
6 39 19 48 7 3 2 73 0 40 9 93 10 6 12 59 17 10 18 90 5 52 8 85 11 15 13 94 15 51 3 47 1 67 4 53 14 40 16 13
8 49 4 97 15 10 14 74 6 67 19 72 10 75 13 30 2 53 7 61 5 31 18 1 1 57 3 38 9 30 12 81 17 17 16 32 0 90 11 90
18 12 2 3 8 64 15 66 3 61 4 91 12 43 14 87 9 19 7 71 10 38 6 95 13 75 16 90 1 92 11 1 19 53 0 55 5 46 17 12
16 17 12 2 18 46 7 40 3 11 17 4 5 33 0 60 4 77 11 40 15 48 14 32 9 19 1 9 8 30 10 99 2 84 6 19 19 69 13 89
15 24 6 83 8 26 13 10 11 92 4 17 7 45 18 92 10 3 17 46 9 73 5 2 19 35 12 61 3 29 2 96 16 6 1 15 14 39 0 97
6 10 3 27 17 94 14 35 1 16 13 25 2 70 15 23 12 41 0 16 9 84 4 5 8 33 19 54 10 3 7 77 18 63 5 21 11 97 16 12
14 84 11 46 19 8 10 38 3 81 12 99 15 38 18 31 7 97 6 50 4 87 5 40 17 50 8 19 16 33 1 95 2 29 0 59 13 62 9 88
1 13 10 29 18 57 14 33 2 87 16 62 4 69 15 40 3 49 13 31 12 97 6 55 0 19 19 7 9 44 11 70 5 37 8 40 17 47 7 76
12 63 15 72 7 67 19 4 13 80 4 79 11 96 14 60 2 34 17 11 10 28 6 99 18 77 1 88 8 47 9 9 5 36 3 72 0 76 16 22
14 83 17 11 16 49 3 29 15 29 1 93 8 87 0 9 11 75 5 37 7 34 18 27 4 59 13 39 6 57 2 80 12 59 19 15 10 54 9 42
1 77 16 25 15 93 7 10 3 77 2 29 4 37 11 91 13 92 17 22 9 76 10 11 8 11 5 71 18 2 12 8 19 72 0 7 14 92 6 27
11 42 1 8 4 11 6 65 12 36 15 54 0 79 10 99 16 22 17 55 7 12 5 88 13 65 18 51 14 7 2 20 8 52 3 1 19 19 9 41
17 68 19 30 16 7 15 94 10 79 1 69 14 60 5 93 0 67 9 40 7 70 11 97 8 43 13 19 18 52 2 93 4 13 12 44 6 19 3 38
10 19 14 19 9 1 3 46 1 35 4 17 18 92 11 26 5 9 6 61 7 87 13 46 19 83 2 56 17 10 8 96 12 35 16 98 0 99 15 17
1 7 15 88 0 31 9 39 13 25 12 10 4 26 18 42 19 24 17 30 14 18 6 19 3 63 11 53 5 78 16 80 2 46 8 27 10 20 7 5
5 90 10 13 12 37 19 33 3 20 4 98 1 79 16 83 14 37 17 15 2 68 7 96 13 37 9 24 11 79 18 90 0 22 15 95 8 79 6 10
14 61 2 33 0 43 10 88 3 91 9 64 19 70 4 74 6 90 18 55 7 97 17 29 12 38 5 18 11 85 16 29 13 63 15 68 8 56 1 30
17 52 10 95 0 15 8 30 2 73 9 18 4 69 11 44 19 23 7 96 5 62 3 31 14 5 16 77 12 21 1 68 15 57 18 8 6 51 13 92
7 6 13 10 5 17 16 31 15 28 4 54 14 37 17 18 18 83 3 89 12 92 1 68 11 47 0 63 9 30 19 57 8 23 2 62 10 43 6 61
19 68 14 45 2 52 18 67 15 34 1 26 11 30 8 67 6 79 17 49 0 80 10 54 3 52 5 41 4 1 7 76 16 52 9 55 12 27 13 94
10 82 2 28 16 56 15 50 3 94 17 79 4 80 11 21 8 50 5 92 18 4 6 31 7 38 14 42 1 76 9 79 12 11 13 1 0 59 19 87
3 35 17 76 10 65 12 38 6 49 11 35 0 29 7 12 4 68 8 18 5 55 19 30 13 97 18 15 15 87 2 66 9 79 1 48 16 25 14 57
17 25 14 39 2 18 8 17 1 33 16 10 3 56 4 69 10 64 15 92 9 58 6 4 0 31 13 4 12 58 11 98 5 23 7 55 19 61 18 71
1 62 13 31 9 45 14 7 3 42 5 9 19 62 4 84 10 11 8 33 18 6 2 96 0 18 11 10 16 85 6 31 7 84 17 78 12 17 15 21
4 67 12 4 19 1 6 83 1 23 3 32 16 15 15 26 17 67 5 34 14 28 2 6 11 73 0 19 18 68 9 84 10 59 7 38 8 62 13 83
1 28 10 35 6 32 13 83 0 77 5 9 12 37 8 37 16 17 17 35 7 98 18 37 3 68 15 14 9 92 2 8 11 38 19 16 14 9 4 3
3 7 15 78 19 93 17 81 0 76 12 20 10 9 2 49 1 58 9 11 18 56 8 55 5 51 13 38 16 11 4 30 14 11 6 19 11 51 7 67
19 1 17 35 9 86 12 20 2 38 14 57 0 99 8 48 13 98 15 41 4 64 5 24 11 18 7 35 3 2 6 72 18 65 10 89 16 46 1 66
16 51 4 13 11 27 1 72 2 83 13 47 12 32 6 11 3 77 5 45 7 33 15 5 14 50 18 52 17 76 0 35 8 73 19 94 9 22 10 50
2 70 12 27 18 4 13 34 4 35 1 7 15 96 14 57 6 12 7 89 19 96 8 6 5 57 16 42 9 13 3 71 17 89 0 6 11 30 10 5
10 23 1 80 9 97 14 25 11 76 4 65 16 64 18 65 3 72 0 51 12 6 19 88 13 91 2 69 15 99 8 88 6 17 7 2 17 49 5 48
18 20 6 49 2 22 12 41 15 41 16 9 9 81 10 34 8 3 0 29 14 25 13 37 1 88 17 4 7 31 11 78 3 17 4 29 5 89 19 31
0 30 19 1 18 81 11 29 2 19 15 85 4 22 7 80 3 86 10 40 14 10 12 88 8 50 17 66 5 65 16 94 1 14 6 48 9 59 13 78
10 36 6 30 11 89 5 22 8 34 15 40 9 96 1 78 19 40 3 1 14 44 13 94 7 70 18 91 4 9 17 25 2 25 12 55 16 94 0 2
17 85 12 95 16 67 4 24 1 24 11 97 9 84 7 34 19 76 8 70 14 59 15 31 18 91 6 40 13 72 0 79 2 49 3 2 5 52 10 82
4 41 11 12 5 8 9 31 3 40 0 22 12 76 2 61 10 67 6 76 16 64 8 44 18 16 13 4 19 38 14 76 15 13 1 89 7 30 17 95
0 78 7 22 12 19 11 57 18 29 19 49 8 36 10 99 13 11 15 64 16 16 3 30 5 93 2 37 6 76 1 49 17 46 9 94 4 74 14 76
10 52 11 78 18 56 13 28 17 3 0 49 12 96 9 2 2 55 7 72 19 64 5 39 15 47 6 41 4 43 8 34 14 63 1 48 16 7 3 30
10 34 3 37 6 60 1 54 0 11 11 75 14 72 19 72 5 10 13 24 7 17 17 22 9 69 16 94 15 14 8 65 4 57 12 45 2 98 18 53
4 67 2 40 3 80 7 94 6 26 5 58 9 96 1 38 18 14 19 60 12 55 13 4 11 38 17 83 15 9 14 73 10 79 0 19 16 37 8 62
15 93 12 3 19 8 4 45 17 51 7 28 3 63 14 97 8 24 11 98 16 13 9 42 18 18 10 10 6 77 2 21 13 90 5 17 1 70 0 83
13 44 16 22 8 15 19 45 15 8 11 31 3 54 6 86 7 84 17 78 12 81 18 56 1 35 4 23 14 33 9 73 10 34 2 89 0 25 5 33
10 20 16 31 14 23 17 92 13 4 3 36 7 21 6 62 2 54 12 36 8 82 1 56 5 59 18 2 15 32 4 99 11 42 0 99 19 26 9 11
19 62 0 82 2 22 5 19 10 77 16 22 7 53 13 67 4 71 15 39 3 45 14 10 12 66 11 14 18 93 9 18 6 83 17 33 1 16 8 71
18 37 4 46 14 79 17 75 0 93 2 91 1 36 6 62 7 7 12 8 3 10 16 40 11 8 13 60 19 85 10 46 9 25 8 2 15 3 5 46
18 53 7 31 4 37 0 81 9 12 19 10 17 84 10 31 3 6 5 21 16 55 13 67 6 27 15 33 11 27 14 69 2 26 12 3 1 42 8 90
1 34 2 92 12 65 19 78 0 85 14 67 7 44 5 68 9 66 10 47 18 73 15 20 16 51 3 20 4 86 17 14 8 18 11 41 6 10 13 87
8 22 7 93 16 79 5 8 0 30 3 9 15 96 17 84 4 48 11 39 14 92 6 47 13 80 1 74 2 30 10 44 9 65 12 98 19 85 18 6
15 9 9 99 13 7 4 76 2 83 14 35 10 54 12 77 11 18 16 39 18 71 19 78 7 37 8 22 17 77 0 19 5 32 6 34 1 86 3 81
18 49 7 61 16 82 9 48 8 70 4 74 13 35 11 21 15 80 3 92 12 99 0 82 17 27 2 22 14 87 10 60 1 64 6 34 19 42 5 54
0 44 9 28 19 32 10 32 13 50 11 81 16 10 17 57 7 33 3 90 15 19 12 1 5 9 18 54 4 55 8 6 14 59 6 38 2 12 1 11
17 48 0 45 1 2 14 49 18 32 12 35 11 87 3 14 10 54 9 84 16 82 15 69 2 5 7 93 4 74 19 26 6 57 13 19 5 36 8 95
13 55 9 63 11 9 19 16 18 38 7 67 12 24 0 97 1 88 16 13 4 70 8 28 3 14 6 46 14 27 5 75 15 40 10 15 17 53 2 70
1 75 12 30 17 73 14 47 0 21 11 68 8 93 15 35 13 63 3 42 18 58 16 9 7 78 2 58 19 28 10 68 9 12 4 81 6 26 5 52
10 49 13 62 7 45 18 34 16 31 14 74 6 30 4 13 8 80 17 2 15 75 3 96 1 16 5 94 12 96 2 32 19 20 0 18 9 76 11 57
3 47 6 78 10 2 16 93 14 18 1 21 19 85 4 56 11 8 9 32 15 34 18 72 2 71 0 62 17 32 7 80 12 42 8 97 5 23 13 94
3 92 13 46 7 9 8 35 11 82 10 60 9 69 15 69 2 92 14 47 5 1 1 62 18 24 0 32 12 75 4 58 16 63 19 61 17 61 6 35
19 89 9 35 11 33 13 82 10 41 5 81 16 28 7 36 0 16 4 52 14 43 8 89 12 72 18 56 15 18 3 11 17 50 6 80 2 90 1 37
7 33 5 64 11 45 0 19 4 53 3 24 6 29 8 55 15 62 9 94 1 75 18 77 19 89 14 79 17 69 2 57 10 1 16 72 12 28 13 52
19 4 13 64 7 26 1 37 17 42 9 52 4 35 10 91 14 66 3 91 8 36 15 49 12 39 5 72 2 21 16 69 0 8 18 54 11 62 6 70
13 97 19 75 1 77 15 64 5 29 17 29 12 16 0 30 4 17 18 13 6 47 3 2 9 39 10 20 11 89 14 80 8 27 2 41 16 70 7 20
12 99 0 22 19 44 5 44 8 8 4 43 9 2 15 75 2 20 7 8 18 97 17 79 13 97 6 47 3 21 11 36 14 29 10 80 1 17 16 50
12 28 7 69 0 2 6 69 2 93 10 12 1 25 9 47 19 67 14 78 3 83 17 49 13 14 16 3 15 10 8 29 5 19 11 69 18 89 4 67
19 84 2 86 12 46 0 1 9 19 5 13 1 67 13 26 6 53 3 10 16 95 4 30 10 93 7 70 18 52 8 65 14 91 15 40 11 32 17 39
17 72 12 82 2 52 19 65 4 70 10 67 11 53 8 3 14 69 0 93 9 87 6 47 1 9 5 39 15 13 16 61 13 18 7 72 3 25 18 29
