100 20
3 1 6 70 13 20 18 97 12 29 14 23 8 57 2 16 1 76 0 66 19 52 17 41 4 72 16 10 7 8 9 8 5 97 11 71 15 48 10 60
2 55 19 96 9 97 12 95 18 82 14 77 3 20 16 29 7 71 11 65 17 65 8 51 0 27 13 93 15 89 4 31 5 90 1 59 10 23 6 55
13 53 15 39 10 29 8 1 9 15 19 5 18 11 14 76 16 22 2 18 17 48 1 75 5 12 11 38 4 13 3 98 12 98 6 89 0 79 7 18
15 13 8 99 1 79 9 7 0 79 4 30 16 11 14 71 7 8 2 74 17 82 6 44 12 76 5 32 13 86 11 14 18 32 19 40 10 87 3 38
19 24 9 7 7 67 18 95 5 58 2 47 11 43 3 98 4 75 16 7 6 95 8 55 1 73 15 13 10 77 0 9 12 55 13 65 17 69 14 49
19 36 11 83 17 16 15 89 18 70 1 30 0 31 2 39 9 88 10 28 8 4 13 22 5 61 12 36 7 27 4 87 14 7 6 13 16 36 3 41
12 29 19 60 2 75 15 20 10 82 1 75 13 50 4 39 6 98 18 73 8 85 5 77 14 34 9 94 17 16 16 73 3 58 11 86 7 37 0 13
0 92 3 28 7 75 4 20 18 1 1 91 9 35 11 85 8 8 16 30 5 13 17 68 15 24 12 6 13 25 19 22 14 45 10 8 6 13 2 38
6 53 3 9 11 63 5 63 1 88 9 87 17 35 2 62 15 73 7 92 4 29 18 54 10 97 19 28 14 12 8 18 12 63 13 60 16 5 0 40
0 21 15 23 17 53 8 71 9 75 18 90 7 32 1 23 14 83 16 94 10 15 2 36 4 66 12 2 5 35 6 4 11 16 3 48 13 72 19 81
19 70 14 80 18 42 0 29 10 63 7 23 16 81 3 32 6 87 1 79 4 57 17 35 13 2 12 26 9 66 2 48 8 25 5 84 11 18 15 13
1 35 13 88 11 66 5 41 17 93 12 57 10 1 6 7 7 3 2 70 16 89 9 28 0 89 3 44 4 86 18 32 15 83 14 58 19 14 8 44
18 4 17 54 6 2 9 9 4 73 16 50 12 33 13 17 7 34 5 92 0 34 2 52 14 72 3 85 19 86 15 81 10 90 8 16 11 62 1 10
16 69 1 33 5 64 7 58 2 64 18 65 9 18 3 32 6 91 4 99 12 1 0 97 8 42 14 48 10 51 15 3 11 87 13 65 17 77 19 10
9 66 10 51 15 12 11 59 0 24 6 55 3 15 7 58 12 95 18 98 8 16 1 27 17 91 13 92 19 42 14 72 16 89 5 96 4 72 2 47
17 85 5 76 6 34 18 11 10 16 2 21 3 7 15 71 11 38 8 6 0 48 4 3 1 55 16 99 19 66 9 59 13 56 12 46 14 96 7 20
11 91 7 79 3 23 9 13 4 62 18 34 17 78 15 60 0 79 12 99 19 20 8 34 14 60 10 70 1 10 16 48 13 17 5 62 2 6 6 26
4 39 12 4 19 42 18 4 13 49 17 48 9 62 7 78 16 84 1 70 15 9 14 96 6 8 10 25 0 88 2 77 11 2 3 93 5 97 8 85
0 6 3 99 7 87 16 81 12 93 2 53 4 80 10 49 14 89 17 15 6 67 9 88 19 58 8 90 5 45 15 69 18 36 13 17 11 90 1 49
7 15 6 99 3 59 18 12 8 25 14 57 17 12 10 66 13 93 5 76 1 10 9 99 19 74 0 14 16 35 4 7 2 95 15 94 12 31 11 15
7 88 14 63 0 13 4 12 5 53 2 38 15 6 16 58 19 9 18 30 13 32 9 31 12 41 11 60 17 9 8 98 3 58 10 6 1 88 6 33
3 28 4 42 10 53 0 86 5 72 17 35 9 70 14 15 8 17 15 99 19 71 7 95 2 56 6 62 1 52 18 71 12 42 16 30 11 51 13 22
4 50 0 93 8 21 14 10 1 50 18 41 17 45 11 59 16 54 2 50 5 70 12 82 3 1 19 37 6 65 7 46 15 78 9 74 10 59 13 19
3 26 8 83 18 23 11 19 19 83 6 40 17 91 12 37 4 68 14 35 0 24 15 88 9 3 10 77 5 42 16 56 7 63 2 74 13 77 1 49
4 13 13 29 19 8 16 33 17 38 10 80 18 4 0 47 7 4 3 79 6 34 12 21 2 6 8 29 14 8 5 29 9 10 15 35 1 39 11 6
12 76 11 84 7 84 19 73 13 42 18 96 0 49 8 64 4 64 16 56 6 71 1 54 2 52 17 62 14 76 3 96 10 36 9 4 15 67 5 82
7 75 19 54 14 47 16 13 13 33 11 43 5 59 6 94 8 45 18 48 3 84 0 38 15 9 1 14 17 36 10 99 12 65 2 32 9 21 4 81
12 81 4 42 15 5 1 29 5 36 11 15 7 66 3 75 18 66 2 22 0 78 14 82 8 34 19 46 16 78 13 39 6 84 9 27 10 74 17 11
4 64 8 38 0 22 3 95 11 44 15 28 1 2 10 53 16 80 14 41 19 48 18 51 17 92 5 68 9 70 13 36 7 63 12 51 6 95 2 61
15 35 2 74 6 70 10 39 4 45 0 9 11 18 17 32 5 80 19 75 13 73 16 28 3 68 1 20 8 6 12 30 7 81 14 56 9 26 18 14
2 28 6 11 17 66 9 7 16 13 3 30 1 38 7 51 13 39 15 77 11 44 18 97 10 7 19 56 4 37 14 15 0 74 12 37 8 43 5 88
13 49 14 4 15 72 16 4 3 49 19 36 12 93 7 36 6 63 4 76 1 75 10 30 0 7 5 34 11 12 2 29 8 24 18 44 17 44 9 76
8 48 12 2 15 12 14 58 13 68 9 40 4 39 2 8 17 54 0 53 11 30 18 47 10 28 6 32 5 53 1 34 19 42 7 57 16 80 3 39
4 54 8 72 6 85 18 58 1 93 11 60 15 13 7 22 17 78 2 92 19 77 10 26 5 68 16 41 14 67 13 40 3 16 9 32 12 76 0 7
4 13 5 93 14 23 10 73 13 94 17 43 9 13 15 62 18 91 3 26 19 3 0 3 7 4 16 83 8 30 12 47 11 13 1 70 2 1 6 28
16 52 4 9 6 15 17 18 9 89 12 3 2 72 14 42 7 7 19 1 15 23 0 70 10 96 1 83 5 75 11 43 3 8 18 50 13 31 8 76
18 83 2 49 8 66 17 19 1 49 11 4 16 19 14 13 10 22 0 72 13 2 6 86 9 7 3 57 19 63 5 67 7 93 12 36 4 5 15 3
14 98 7 14 2 95 12 76 8 52 15 27 1 76 10 98 9 66 19 63 16 92 13 90 11 46 0 54 3 57 4 23 18 45 5 13 17 52 6 86
15 27 8 42 2 37 1 26 6 95 19 25 11 58 9 40 0 39 5 92 13 9 3 21 12 12 17 7 14 35 4 67 10 81 16 98 18 20 7 48
0 28 1 61 11 97 9 63 19 35 4 34 8 54 5 11 7 30 18 59 3 52 17 74 14 34 16 79 2 23 12 65 15 34 13 35 10 61 6 75
1 59 0 31 12 32 15 23 11 25 2 82 16 22 18 45 7 94 3 54 8 22 4 24 13 9 5 39 19 57 6 65 14 7 10 69 9 47 17 21
6 22 0 57 17 90 11 8 14 89 15 20 9 8 3 83 4 5 1 60 19 91 5 87 8 53 13 59 10 62 7 95 2 14 16 63 12 28 18 33
0 33 9 90 13 41 17 83 3 41 10 19 2 51 16 24 11 8 1 5 15 87 4 38 8 18 5 55 7 61 19 74 14 96 6 65 18 64 12 18
8 28 18 4 14 2 19 79 4 4 0 93 5 91 9 96 10 28 11 60 1 71 17 25 7 18 16 34 12 43 2 22 3 61 15 68 6 11 13 6
4 57 7 92 19 93 0 2 8 41 11 19 15 17 9 46 12 97 1 36 18 60 14 1 5 71 13 72 17 93 2 82 16 75 6 83 10 6 3 21
5 27 3 78 4 99 0 44 6 33 12 56 7 41 10 79 17 67 2 99 15 29 18 61 8 65 1 50 19 89 9 51 13 42 14 38 16 1 11 63
15 3 17 77 9 36 13 39 7 30 5 90 1 61 0 62 4 44 11 41 19 55 12 95 8 16 14 21 18 72 6 93 16 54 3 68 10 36 2 70
1 44 3 85 19 16 2 84 4 84 0 51 18 14 7 75 15 67 16 56 11 82 12 40 10 7 13 52 9 42 17 69 8 60 6 67 5 36 14 63
17 86 7 65 12 29 11 82 14 41 5 28 6 14 8 10 9 60 13 15 1 33 2 63 16 58 18 12 15 22 0 62 19 12 3 34 10 19 4 47
17 65 15 95 14 53 1 52 9 66 10 27 19 33 2 52 6 48 12 94 11 77 16 82 13 68 0 88 4 85 5 41 8 86 18 92 7 68 3 22
12 66 18 58 7 17 11 82 9 9 3 71 17 82 16 88 6 93 2 41 5 29 10 5 13 41 14 85 8 71 15 21 19 72 4 44 1 26 0 8
3 98 16 16 18 31 12 76 4 15 10 56 9 54 0 2 7 59 13 90 15 41 19 45 5 49 11 51 8 8 2 74 17 33 14 14 1 54 6 57
8 59 7 46 1 17 18 52 10 28 5 81 14 90 17 18 3 9 0 78 9 8 11 75 12 43 16 75 2 47 19 7 6 16 15 97 13 90 4 15
12 6 2 78 1 65 10 83 3 55 14 65 15 26 5 54 19 74 18 94 7 39 16 86 0 36 17 60 13 47 8 81 6 79 9 93 11 13 4 85
4 80 3 59 2 58 0 67 19 88 14 43 18 10 5 13 9 85 17 79 12 9 6 94 10 87 7 34 8 79 15 85 11 54 1 34 13 10 16 65
2 95 1 21 3 81 17 50 10 28 16 46 13 69 5 70 7 28 8 21 19 16 4 93 14 62 15 25 18 26 0 87 6 76 12 43 11 26 9 69
0 49 2 82 7 41 15 93 10 54 8 41 12 27 9 7 14 31 5 76 4 63 6 54 1 33 17 42 3 2 16 9 11 73 19 62 18 85 13 82
6 63 11 71 17 51 2 44 0 83 13 92 5 70 4 82 3 77 16 69 15 55 18 31 9 53 14 95 7 41 8 14 10 56 12 5 1 85 19 93
10 56 9 6 14 57 19 34 2 20 0 94 11 56 13 68 17 43 18 74 12 51 15 14 7 86 4 60 3 69 16 25 8 54 6 95 1 11 5 30
19 81 10 70 17 27 2 50 15 55 9 20 11 56 12 26 18 18 7 44 6 10 1 71 13 30 16 23 8 47 5 64 14 35 3 10 4 26 0 74
12 71 8 82 0 59 3 30 13 64 15 36 11 31 4 42 17 76 1 5 14 74 9 89 2 60 7 19 6 27 18 66 19 28 5 60 10 39 16 73
2 31 19 66 0 3 9 89 1 15 6 41 7 36 12 41 18 44 10 79 4 24 11 52 8 3 17 13 3 26 13 20 14 80 16 37 15 38 5 73
14 94 17 6 16 23 2 7 3 35 7 53 19 13 0 79 18 7 13 15 5 68 6 67 10 8 9 47 15 56 12 54 4 52 8 29 11 46 1 77
6 15 9 80 2 9 14 72 15 74 3 27 5 87 18 16 16 31 1 44 8 29 4 56 13 39 19 30 0 69 7 35 11 11 12 80 10 87 17 49
13 9 19 11 11 27 8 15 2 44 16 71 10 82 15 3 9 26 18 28 12 94 4 89 14 62 17 91 7 62 6 28 1 52 5 85 3 63 0 80
4 27 6 40 5 25 16 2 14 81 7 94 15 59 19 73 8 94 0 85 9 14 10 76 1 31 3 50 17 38 2 44 12 83 18 31 11 46 13 6
1 37 16 13 7 42 6 48 18 84 11 27 9 1 19 87 10 71 15 70 17 64 3 70 8 16 13 33 2 97 5 59 0 74 14 27 12 26 4 54
9 4 4 14 18 50 11 92 5 46 3 24 7 71 6 40 8 48 1 53 14 18 2 4 19 83 12 88 16 6 17 90 15 20 10 23 13 46 0 66
9 61 11 86 17 3 13 38 16 16 14 72 0 13 12 60 18 96 7 1 2 5 6 66 19 32 4 16 5 76 10 16 3 88 8 16 15 68 1 69
7 36 19 99 14 1 4 22 0 16 18 83 9 2 6 1 13 74 11 70 17 83 12 47 1 80 8 9 16 94 15 39 10 76 5 94 3 67 2 29
4 31 18 81 9 43 12 34 11 9 1 67 15 91 17 83 5 28 13 69 19 53 14 25 10 36 8 75 6 19 3 97 7 2 2 79 0 36 16 51
17 78 13 77 14 50 18 83 4 99 1 2 8 73 2 57 19 71 9 35 15 34 5 67 10 8 7 6 3 67 0 95 6 80 12 33 16 95 11 23
12 31 6 34 3 72 9 11 11 8 15 70 7 23 16 24 10 24 17 55 19 72 5 96 2 70 1 16 4 83 18 82 13 31 8 29 0 26 14 36
17 39 12 17 6 16 1 5 18 15 2 47 9 81 19 94 10 11 16 18 7 40 14 20 11 51 8 20 3 96 5 82 15 79 0 70 4 16 13 22
5 93 2 97 15 27 8 63 10 63 16 48 19 88 12 20 7 80 4 14 6 78 13 48 17 1 0 46 9 93 11 71 18 66 3 51 14 9 1 37
3 19 17 63 14 82 12 81 13 46 7 79 16 58 9 58 2 38 1 1 4 21 8 83 15 37 10 27 6 70 19 60 0 65 5 61 11 16 18 67
3 16 16 68 0 74 18 47 6 90 19 78 17 61 12 55 8 74 5 8 9 79 7 13 11 20 13 15 14 83 4 93 2 54 1 81 15 35 10 18
10 39 17 4 1 42 2 30 7 10 18 93 3 43 13 30 12 23 4 70 19 33 11 95 16 78 0 37 9 1 5 13 15 89 8 46 6 92 14 14
2 31 7 59 5 84 14 78 6 60 12 88 18 90 9 74 10 28 0 80 19 10 15 47 11 12 4 59 16 68 8 93 1 4 17 2 3 59 13 22
10 24 12 48 13 13 1 43 14 71 4 7 16 16 6 34 15 57 11 37 18 60 19 43 3 96 5 40 0 28 2 2 17 13 7 23 8 49 9 63
9 21 4 20 12 34 15 24 17 94 14 60 16 49 2 35 0 39 13 75 11 84 18 60 7 28 3 86 8 46 10 68 1 59 6 45 19 29 5 3
8 35 15 12 1 61 9 87 19 19 18 24 2 62 16 63 3 77 14 98 12 71 11 69 17 93 5 63 10 62 4 4 6 9 7 7 13 26 0 74
16 67 17 30 12 25 6 75 2 73 18 94 1 79 7 10 5 56 8 88 10 1 9 35 0 97 3 81 13 27 4 38 11 71 19 38 14 17 15 90
5 74 19 20 6 54 14 24 1 28 13 69 17 91 8 78 10 53 18 18 9 30 12 38 11 83 15 77 2 93 16 60 7 26 3 10 0 61 4 60
16 18 3 2 15 9 10 20 2 24 17 48 0 78 12 43 1 99 13 29 19 19 8 60 7 55 6 91 9 59 4 71 14 7 11 35 5 87 18 25
4 43 0 64 18 14 11 12 6 28 17 71 1 88 14 97 16 36 12 83 10 32 13 54 15 16 8 68 5 13 2 52 19 52 3 86 9 96 7 68
12 60 4 27 1 23 9 18 7 73 18 94 11 29 15 40 17 53 16 87 5 70 2 30 10 2 0 25 13 33 8 16 6 89 3 30 19 19 14 11
9 52 7 76 0 49 17 99 2 7 6 7 16 26 5 35 4 24 12 47 19 26 15 34 18 31 14 86 1 44 3 94 11 12 10 63 13 28 8 53
8 69 7 98 15 98 3 63 12 11 17 24 14 89 18 83 13 44 2 78 0 86 9 46 1 43 10 14 19 41 11 56 5 92 6 18 16 42 4 81
11 99 13 97 7 34 15 15 18 71 8 21 19 10 14 95 1 25 2 19 9 91 12 78 0 69 3 89 10 29 6 17 5 13 4 52 17 53 16 23
2 13 10 66 16 99 19 29 18 12 0 91 12 92 4 44 7 5 8 33 9 48 5 25 6 92 11 97 13 62 15 27 3 40 17 10 14 1 1 34
11 20 9 25 16 83 6 55 18 63 1 43 8 77 17 31 4 18 2 84 14 8 3 89 5 3 13 53 10 99 12 51 15 71 19 94 0 70 7 28
6 41 7 50 13 32 10 81 4 21 1 89 18 95 15 52 17 99 8 65 16 93 12 14 14 5 2 57 3 82 19 5 0 59 5 81 11 90 9 16
5 10 19 83 18 59 7 48 2 25 15 86 6 63 9 87 8 79 1 88 14 66 16 1 3 92 0 61 13 56 17 53 12 25 11 89 10 16 4 54
13 18 3 84 19 75 10 93 0 18 17 2 6 6 1 8 2 62 11 38 16 38 14 83 4 55 7 19 15 89 12 9 5 22 9 83 18 15 8 8
13 84 12 65 11 56 16 14 1 78 19 72 8 87 2 94 18 59 4 33 5 97 10 94 9 91 3 38 17 86 14 48 6 58 0 56 15 82 7 55
17 14 10 93 12 57 7 41 5 67 11 12 3 69 13 14 14 41 2 35 4 49 6 72 19 52 8 14 15 7 16 56 1 95 9 84 18 52 0 31
13 26 1 25 14 53 8 50 2 28 4 22 12 23 0 71 7 30 19 44 17 27 6 86 11 47 18 84 5 33 3 24 16 48 15 50 10 43 9 80
4 16 7 14 2 58 5 71 14 59 12 3 19 54 13 67 17 20 15 45 11 60 8 3 9 30 6 95 0 37 16 25 1 5 10 5 18 41 3 25
6 14 16 7 0 37 8 63 9 57 3 36 5 15 2 34 14 12 19 43 4 27 18 96 11 13 1 41 13 62 15 66 12 35 10 18 7 63 17 31
