100 20
15 46 2 4 6 13 12 33 1 43 5 86 7 67 14 17 9 63 17 73 16 85 19 12 4 88 11 44 8 65 10 2 13 23 0 35 3 41 18 48
8 76 12 28 17 67 4 36 18 80 15 40 3 37 1 68 0 51 14 18 2 86 11 55 9 94 5 13 10 34 6 31 13 2 16 70 19 66 7 41
1 55 15 25 4 71 9 43 0 77 3 27 16 34 8 41 10 4 19 76 14 21 11 43 5 40 13 13 18 41 2 63 7 51 12 35 6 92 17 29
2 90 19 30 0 10 12 33 10 65 15 6 7 12 18 36 4 88 3 66 5 9 1 35 8 41 6 47 17 98 16 26 9 4 13 69 14 69 11 72
0 63 10 94 11 82 14 8 18 30 8 75 17 35 16 26 15 87 3 44 1 25 13 18 6 18 9 55 19 38 12 94 2 52 5 97 4 7 7 96
1 36 15 64 12 40 4 45 9 17 14 39 0 45 11 21 6 95 8 31 10 79 5 47 13 51 17 14 3 34 7 62 2 28 19 68 18 40 16 49
18 20 2 41 3 29 12 76 7 33 8 9 16 96 0 89 6 89 9 31 10 46 15 13 4 49 11 23 17 66 19 5 14 63 1 29 5 85 13 4
13 5 8 52 12 5 10 98 14 33 18 28 16 90 19 57 15 12 4 74 6 32 2 3 3 3 7 74 9 42 11 82 0 58 1 21 17 24 5 31
7 66 18 44 17 68 13 68 19 50 9 5 8 93 16 36 10 84 1 44 14 7 0 34 3 28 11 4 2 67 5 16 6 31 15 85 4 97 12 5
1 70 5 46 11 55 12 88 17 80 8 68 16 10 6 44 18 45 13 41 3 6 2 17 15 26 7 3 10 35 9 35 0 18 19 50 4 44 14 77
8 40 4 47 10 90 1 97 2 29 3 20 11 55 17 2 9 50 19 30 13 34 5 54 6 36 14 1 16 2 15 56 7 69 0 12 18 12 12 28
11 49 10 63 0 89 1 54 3 13 2 11 7 74 12 3 5 23 16 77 8 83 4 79 13 54 6 71 9 40 19 83 17 27 14 96 15 39 18 70
1 49 19 39 6 54 7 79 5 89 3 93 10 19 9 74 15 58 14 74 4 32 11 96 8 65 17 8 2 45 16 82 0 83 13 19 18 95 12 9
12 6 14 16 7 76 11 27 10 33 2 36 3 81 0 55 16 71 13 69 5 32 15 91 19 71 6 88 4 89 18 93 1 53 8 81 17 25 9 80
12 89 7 79 16 6 3 17 2 11 19 68 15 66 11 82 14 52 0 54 1 5 13 79 6 82 4 24 5 34 9 20 8 31 10 63 17 79 18 68
4 38 8 14 6 42 14 32 17 56 13 10 18 91 2 41 11 24 5 44 3 15 1 43 15 33 12 46 9 2 16 77 10 12 19 74 0 41 7 73
19 12 14 37 16 68 9 38 4 77 1 89 11 51 18 7 8 20 0 7 15 43 3 96 5 55 13 75 7 41 10 46 6 94 17 77 12 1 2 60
11 28 2 28 9 50 15 68 7 34 10 75 0 55 8 2 18 82 3 78 13 36 19 46 14 24 6 61 16 34 4 22 5 1 12 81 17 39 1 48
5 38 0 8 4 66 16 88 18 20 14 29 8 23 1 32 13 79 17 91 3 56 10 12 11 54 2 1 9 52 12 10 19 59 6 47 15 61 7 13
13 19 16 67 18 99 9 7 8 85 3 36 7 85 4 1 2 71 17 26 11 43 10 23 6 11 1 98 15 96 19 40 0 81 12 62 5 55 14 73
0 67 17 31 7 62 12 7 5 45 11 57 15 37 1 38 16 40 19 79 2 60 6 10 8 20 14 83 18 27 4 37 9 55 10 82 13 10 3 49
15 2 7 15 3 15 16 20 11 36 8 40 13 43 18 32 5 68 17 83 19 93 9 54 2 9 10 25 1 56 14 88 6 54 4 1 0 51 12 90
8 46 13 21 0 93 10 18 7 49 19 34 15 8 5 12 4 71 17 38 16 44 14 78 18 23 6 96 9 59 3 61 11 56 1 89 2 5 12 60
17 77 14 95 7 49 19 6 8 93 3 45 1 7 4 9 13 58 9 20 15 70 16 88 12 13 0 56 18 14 11 74 6 97 5 73 10 90 2 83
15 51 4 17 0 74 1 43 2 8 8 53 3 66 14 15 19 40 10 20 12 55 9 84 17 80 13 87 7 8 11 68 6 26 18 26 5 6 16 45
17 19 5 9 4 75 15 91 2 22 18 62 12 6 1 94 0 29 11 19 10 7 19 36 8 28 14 22 3 40 16 3 7 91 9 21 13 3 6 83
19 86 12 70 13 27 4 39 3 84 15 10 7 70 18 93 17 65 6 40 9 14 16 35 1 44 11 43 5 43 2 59 14 92 0 26 8 18 10 94
9 90 14 29 5 48 18 39 16 84 2 82 3 39 0 57 4 53 11 95 12 98 6 79 17 19 10 59 7 14 8 79 1 57 13 72 19 73 15 21
15 82 19 69 13 10 8 82 10 40 14 58 12 95 3 12 7 7 18 82 6 73 5 41 11 84 4 95 0 20 17 48 2 89 9 56 1 79 16 40
14 35 8 48 13 25 3 70 6 34 1 51 11 8 4 31 17 71 16 88 15 36 0 54 10 16 7 54 5 77 2 58 9 95 19 67 12 87 18 73
17 71 1 50 4 93 2 41 5 34 19 94 18 11 10 27 14 83 12 70 16 63 0 26 8 83 15 15 7 85 6 48 3 22 9 74 11 66 13 88
7 55 2 89 8 61 15 80 18 92 11 72 6 67 17 5 0 28 10 25 9 47 19 89 13 70 12 93 3 55 5 80 1 6 14 29 4 1 16 2
6 77 17 48 16 60 0 5 7 55 12 62 10 2 11 19 1 8 8 28 13 80 14 63 15 50 19 83 4 72 5 98 3 18 2 55 9 95 18 98
5 59 14 10 0 48 1 43 7 97 13 17 12 61 6 64 18 54 9 6 4 89 2 33 16 41 10 51 19 41 8 28 15 7 3 81 11 3 17 89
15 46 16 25 2 34 9 65 1 79 0 59 14 64 4 73 10 81 6 71 11 66 12 90 17 81 3 11 18 23 19 4 13 72 8 97 7 68 5 47
2 76 15 44 7 60 12 21 10 63 18 30 11 60 9 54 17 99 14 31 6 58 1 70 4 38 0 96 8 24 3 41 16 82 5 45 13 55 19 42
17 6 12 71 10 22 19 10 15 76 9 67 3 18 13 30 18 25 6 39 16 3 4 31 14 54 5 79 1 24 7 14 0 36 2 58 11 59 8 12
6 71 5 84 10 75 18 92 16 66 9 21 19 71 17 43 15 60 3 23 12 20 13 77 14 33 8 70 11 17 4 20 2 90 1 94 7 45 0 85
18 51 4 58 17 69 14 74 19 23 12 18 0 28 9 91 2 58 8 55 16 64 1 32 5 25 6 67 7 68 13 71 10 60 11 86 15 44 3 68
0 29 16 3 9 82 8 75 15 98 6 48 17 9 3 76 4 21 5 63 14 79 11 17 19 5 13 70 1 62 10 64 7 88 12 79 2 2 18 66
4 38 19 49 1 27 16 71 17 34 9 20 10 61 14 98 2 23 15 87 8 23 0 24 18 55 13 20 7 24 5 19 6 79 12 22 3 13 11 73
8 35 1 70 10 67 16 45 15 85 0 56 2 5 5 69 9 88 13 93 17 84 14 66 11 80 7 52 18 66 12 81 19 2 6 93 4 30 3 87
13 53 2 39 19 47 3 25 1 22 9 89 5 17 18 6 14 42 16 91 7 94 10 35 8 64 12 59 11 78 17 28 6 55 4 50 15 51 0 46
5 49 12 14 0 26 17 18 9 4 15 96 14 50 19 96 6 3 13 62 10 8 7 98 8 62 3 3 18 99 2 12 1 48 4 93 16 8 11 60
4 16 2 45 3 17 11 50 1 58 6 58 9 22 12 98 19 77 17 18 8 37 16 84 15 56 7 65 10 85 18 78 0 31 14 27 5 67 13 56
13 80 1 23 6 95 2 75 7 83 15 35 3 94 14 6 5 94 4 93 12 90 17 79 10 77 8 86 16 26 9 10 11 6 19 69 18 60 0 22
13 14 7 99 16 26 2 54 15 17 3 72 1 15 9 17 19 39 8 85 4 11 10 9 6 77 17 93 12 18 14 44 11 76 5 5 18 53 0 21
7 54 19 24 9 89 14 52 6 63 13 84 5 94 18 16 11 22 10 21 3 71 8 13 2 7 12 80 4 35 15 94 0 23 16 54 1 56 17 4
2 19 18 91 13 91 8 85 5 97 3 34 6 59 1 77 15 42 9 69 11 80 10 12 14 3 17 27 16 77 7 52 19 4 12 32 4 41 0 62
9 81 1 81 19 72 15 46 14 64 10 68 5 47 16 6 18 91 12 68 2 3 4 68 0 1 7 95 6 7 17 96 8 38 3 24 13 86 11 52
2 62 5 31 14 95 11 7 15 35 10 12 19 53 12 16 8 58 4 40 13 80 18 53 17 62 0 54 6 42 1 14 9 43 7 15 16 71 3 15
4 23 16 32 14 69 10 22 2 59 12 26 6 89 18 42 1 4 19 18 17 55 5 80 8 70 3 92 7 5 13 26 11 73 15 60 0 74 9 16
18 69 15 61 10 36 4 52 17 54 9 40 12 21 8 26 14 63 2 7 19 45 3 26 0 88 16 84 11 53 6 19 13 15 7 24 1 62 5 96
1 50 17 84 16 20 5 26 3 77 11 48 0 15 2 48 12 77 4 23 9 51 10 82 8 83 6 36 14 17 13 92 19 28 18 83 15 84 7 91
2 83 3 85 4 67 8 41 10 41 0 40 14 60 18 21 9 77 1 52 19 66 12 45 11 58 5 7 6 94 7 57 17 5 15 98 16 26 13 40
0 48 16 78 8 46 13 31 18 13 9 52 1 34 7 85 5 41 12 51 10 85 6 87 15 57 17 86 11 67 14 49 4 20 3 84 19 72 2 44
7 36 12 72 17 3 16 40 1 40 13 91 19 92 18 91 15 21 9 21 2 48 8 71 14 19 11 48 0 7 5 48 4 54 3 38 6 19 10 63
0 61 15 82 16 56 19 11 1 27 7 9 4 3 13 95 9 59 12 89 6 1 3 96 2 38 17 43 18 16 5 83 10 99 14 87 11 26 8 30
16 94 3 65 14 62 11 63 19 24 17 75 4 77 8 64 2 90 18 41 15 51 9 83 1 11 13 73 5 78 6 20 0 31 12 73 10 76 7 81
14 37 8 55 11 47 13 48 10 13 7 84 4 1 2 57 9 46 18 83 19 65 15 7 16 9 1 61 17 32 3 95 5 84 0 27 6 13 12 34
16 34 19 97 4 40 14 92 11 64 1 40 6 58 5 17 12 3 15 29 0 13 17 63 7 77 10 94 3 27 9 60 18 46 8 94 13 37 2 65
0 67 9 32 2 81 13 80 5 61 6 51 1 47 12 23 17 78 10 50 3 78 14 39 19 21 18 44 7 40 11 44 4 55 16 92 8 88 15 51
14 99 10 40 4 38 13 21 15 3 16 98 8 95 3 7 2 2 1 89 0 88 17 43 18 31 9 87 12 76 6 84 7 55 11 92 19 38 5 72
7 74 9 1 5 75 2 84 14 12 11 81 19 3 17 47 3 51 10 79 16 61 12 27 1 90 8 91 13 44 15 5 18 59 0 90 6 60 4 87
18 22 5 4 7 69 2 77 6 39 16 91 15 22 14 23 19 42 11 28 12 96 1 4 3 63 8 66 4 46 13 78 17 89 0 51 9 84 10 51
16 91 15 43 10 73 2 93 19 57 3 22 4 86 6 7 18 10 0 82 13 87 14 9 1 78 8 63 5 94 12 62 9 16 17 56 11 55 7 74
12 94 3 12 17 97 4 88 10 66 14 63 7 15 8 16 19 44 2 1 9 48 18 23 0 45 6 20 15 93 16 46 5 80 1 42 13 4 11 40
18 34 17 18 9 62 3 48 2 32 10 52 0 37 7 23 13 8 8 91 14 99 5 69 15 81 16 38 19 8 6 3 4 66 11 44 1 66 12 50
11 19 4 40 18 11 7 62 5 98 1 16 6 87 9 71 15 9 14 89 12 74 19 5 17 96 2 43 8 73 0 63 16 87 3 79 10 58 13 53
4 32 14 59 2 36 18 66 10 23 15 97 11 10 13 45 7 44 8 73 3 14 1 34 5 82 19 27 9 18 12 53 16 14 6 6 0 17 17 2
9 57 17 24 18 83 8 70 15 76 7 99 4 28 11 17 3 60 19 67 5 20 0 24 10 84 16 45 6 39 13 62 1 4 14 37 12 24 2 10
6 70 17 61 10 45 2 39 5 67 15 56 13 45 11 47 12 67 16 98 3 37 4 79 14 60 19 82 9 73 0 25 18 64 8 15 1 47 7 10
4 50 0 14 9 86 6 85 14 48 3 16 8 80 15 54 7 84 5 86 12 52 2 22 11 73 17 99 18 67 19 25 13 92 16 5 1 14 10 51
15 71 12 31 19 48 7 52 13 91 9 28 14 2 1 88 3 76 6 7 16 44 18 25 17 90 11 6 5 32 10 24 4 87 2 70 0 99 8 93
14 50 12 95 7 86 19 91 2 68 17 61 8 70 0 66 6 42 13 25 11 38 4 5 3 88 5 98 9 43 1 96 16 2 10 44 15 44 18 97
6 61 7 93 12 63 16 36 14 96 5 64 0 66 19 34 8 75 18 48 11 71 13 70 3 1 4 84 2 76 10 10 15 92 9 41 17 98 1 84
14 74 11 50 16 56 10 73 0 20 19 41 7 40 15 55 13 88 5 61 1 42 4 46 18 1 6 23 8 12 3 53 12 88 2 51 17 21 9 15
2 47 14 79 4 60 11 54 12 7 10 4 13 29 18 80 15 53 16 19 3 58 6 69 0 65 7 65 5 30 17 19 19 31 1 47 8 30 9 89
7 48 11 77 14 68 6 21 8 84 2 36 3 12 19 86 9 75 0 78 17 99 12 47 4 48 10 57 1 17 5 87 18 27 13 9 16 10 15 48
4 57 3 4 18 7 13 60 10 14 17 31 2 92 9 89 0 99 11 87 7 36 8 36 6 90 1 92 5 38 19 99 14 73 15 32 12 3 16 31
16 35 1 46 10 14 6 98 18 28 8 84 14 57 9 90 13 62 15 49 0 69 4 7 11 97 17 31 5 17 3 38 7 53 2 85 19 72 12 58
5 3 12 86 19 48 18 72 0 64 16 60 9 80 2 10 7 95 3 62 14 10 13 97 1 52 17 48 4 97 11 14 8 59 15 71 10 42 6 30
19 83 6 82 2 35 12 83 15 9 8 90 3 74 9 47 16 83 13 81 11 55 18 42 14 51 5 12 1 45 7 88 4 30 0 17 10 82 17 76
2 51 15 73 10 21 9 45 17 52 0 81 4 30 16 13 18 3 3 57 6 26 14 46 11 33 1 60 8 86 19 1 5 84 7 64 13 19 12 55
17 54 14 51 18 34 8 98 15 61 10 79 11 86 0 73 6 24 1 82 13 93 19 69 9 67 2 45 7 64 4 11 5 14 12 20 16 48 3 49
3 49 5 92 15 69 17 95 16 11 6 26 8 81 19 4 9 78 0 30 2 60 18 33 1 30 14 65 13 79 11 5 7 15 10 18 12 96 4 37
18 67 15 51 16 11 17 72 11 79 10 73 8 42 6 71 3 50 1 25 9 81 2 2 13 83 19 13 0 22 14 49 4 60 7 98 5 52 12 60
18 71 3 76 8 55 19 26 16 70 12 52 13 67 15 20 1 53 7 35 17 1 10 99 9 8 2 75 14 78 4 52 11 36 6 15 0 21 5 15
6 44 0 53 13 48 19 12 15 89 11 5 1 12 10 15 14 72 17 68 12 63 7 32 8 30 16 49 18 36 3 47 2 40 4 22 9 57 5 79
3 6 5 62 11 51 17 74 7 12 9 42 2 62 0 36 10 47 19 67 1 2 8 78 16 87 12 44 15 60 4 70 14 13 13 6 18 43 6 44
3 81 0 25 19 91 6 24 18 66 13 9 10 75 14 15 12 42 8 44 9 57 16 52 1 72 11 65 5 65 2 5 15 10 7 85 4 14 17 4
9 35 8 39 5 43 0 53 14 29 3 90 13 34 4 24 7 73 10 97 15 28 16 87 18 59 19 82 17 52 6 65 11 87 12 78 2 78 1 2
8 45 13 25 5 96 0 72 10 92 14 14 17 62 9 78 11 72 2 96 16 67 7 8 15 37 19 85 3 31 4 22 6 74 12 20 1 61 18 24
4 50 0 57 13 35 6 19 15 60 17 32 10 8 11 48 9 51 19 5 2 70 1 92 16 18 14 55 3 89 12 4 8 11 7 12 5 10 18 32
10 8 15 58 8 33 7 17 14 82 5 36 0 68 4 86 18 81 1 70 6 99 12 94 2 28 11 58 16 91 19 14 3 33 13 86 9 16 17 93
19 68 8 12 11 45 10 39 16 79 15 57 9 69 1 83 17 12 12 51 7 37 0 41 18 25 14 43 13 92 2 67 6 24 3 85 4 19 5 52
17 57 5 93 2 27 18 24 15 48 3 95 7 68 19 67 12 23 8 4 0 41 4 34 13 33 9 61 11 68 14 1 6 68 1 66 16 12 10 39
12 17 6 70 7 86 16 51 14 14 18 31 15 78 17 6 4 57 19 22 9 23 8 53 5 1 3 67 2 41 11 2 13 80 10 92 1 92 0 58
2 4 17 40 0 68 5 37 10 31 14 13 11 31 13 61 3 99 12 61 15 85 9 61 1 60 16 41 7 12 8 14 4 91 6 93 18 92 19 60
10 43 1 21 18 69 7 56 19 6 5 12 3 44 6 25 14 75 9 96 2 62 8 82 11 34 17 70 12 77 4 96 0 57 13 25 16 47 15 40
