100 20
13 27 12 54 4 59 15 20 16 95 5 40 17 5 10 6 11 77 6 1 9 50 7 14 14 55 0 2 19 93 3 1 18 45 8 31 1 94 2 68
7 18 10 82 12 52 4 72 11 54 14 22 15 78 5 85 6 17 0 15 3 33 16 55 19 21 2 58 18 8 13 5 9 94 8 67 17 81 1 50
16 64 10 61 19 60 7 17 0 42 18 61 9 96 13 49 6 74 5 64 15 15 12 82 11 46 1 58 2 9 4 8 14 71 8 29 3 34 17 23
18 61 7 85 13 1 4 48 6 14 3 65 19 47 11 40 16 37 10 43 2 10 9 12 12 68 0 26 8 27 17 49 15 4 14 53 5 24 1 14
1 54 4 19 17 20 12 28 7 98 2 68 19 4 11 17 10 60 9 85 6 29 5 50 13 51 15 55 16 76 8 22 0 51 3 87 18 94 14 87
8 4 4 28 13 61 0 54 16 30 15 79 3 31 17 81 12 53 9 19 5 94 18 86 11 94 1 76 10 40 19 58 6 67 14 29 7 1 2 77
19 60 17 78 8 92 16 92 11 92 18 32 15 72 7 53 12 77 14 66 9 32 0 23 3 72 2 20 4 24 6 69 1 3 10 79 5 41 13 69
1 17 3 4 16 76 15 45 9 49 11 38 0 96 17 67 6 39 4 59 8 58 2 57 18 15 13 51 10 7 14 51 19 41 5 69 12 63 7 34
12 30 18 93 19 32 13 24 10 43 7 39 2 92 17 61 1 72 0 22 6 50 14 98 11 77 4 43 16 69 8 48 9 49 15 96 5 54 3 29
10 74 16 96 2 42 8 70 15 61 7 10 3 70 1 37 11 47 14 59 5 28 13 8 17 85 12 72 9 5 6 14 18 77 0 23 19 45 4 71
2 69 12 21 10 78 1 57 7 97 17 70 5 60 8 44 9 94 14 7 16 38 13 71 19 30 4 6 15 98 6 11 18 42 0 5 11 61 3 4
3 3 19 42 6 78 8 85 10 81 7 96 9 16 12 64 5 4 11 56 15 74 14 23 0 27 4 79 16 26 17 53 1 75 13 15 18 35 2 88
3 31 14 43 5 15 4 52 10 90 18 61 12 66 8 41 9 33 13 76 19 67 6 56 15 98 7 55 2 10 16 75 11 32 0 64 1 41 17 21
17 17 15 91 0 67 13 23 16 89 9 88 10 1 5 31 18 52 7 29 6 58 12 60 1 73 11 37 2 12 19 62 3 47 8 36 4 72 14 94
0 30 5 38 14 12 19 3 11 71 13 36 1 72 15 28 9 69 2 12 18 45 4 99 8 56 12 92 7 49 16 93 10 60 3 8 17 39 6 56
16 73 9 95 5 70 17 82 4 17 7 42 10 63 1 21 6 81 0 76 18 66 15 78 14 59 3 6 2 41 13 48 11 11 8 66 19 86 12 31
19 52 14 96 7 34 11 57 8 19 1 7 6 61 10 96 0 71 9 32 13 47 5 57 15 25 16 26 2 46 17 56 18 7 4 43 12 46 3 29
0 74 5 81 18 24 9 83 12 58 11 3 2 27 6 48 7 96 4 42 16 33 8 56 19 1 17 98 14 76 13 40 1 52 3 44 10 63 15 62
17 34 19 18 1 35 9 50 7 48 2 8 15 39 18 57 8 30 16 76 10 71 3 9 6 18 0 43 5 78 4 26 11 33 12 15 13 16 14 44
4 59 7 71 14 67 5 39 6 95 9 23 19 21 8 72 16 48 10 32 11 28 18 91 15 87 1 25 13 87 12 65 17 45 2 63 3 18 0 7
14 66 9 27 6 57 4 90 5 41 13 24 15 33 12 99 3 15 0 51 17 62 18 95 2 60 16 16 1 61 8 32 7 36 19 15 10 41 11 96
13 46 6 79 7 77 9 93 10 12 14 22 2 78 0 34 18 60 17 19 11 23 12 74 3 80 4 75 16 21 15 93 5 43 1 6 8 7 19 57
13 15 3 50 0 7 8 17 6 75 2 27 1 23 19 34 14 97 15 52 11 69 9 62 10 36 17 97 4 75 12 67 7 73 16 31 18 32 5 3
10 18 18 21 19 39 6 81 7 86 16 64 0 56 11 84 2 54 17 72 9 15 4 24 15 27 13 51 5 37 12 90 14 27 8 16 1 85 3 27
16 20 11 44 1 96 6 62 13 15 4 19 2 3 3 51 10 9 7 96 14 80 19 62 9 23 12 7 17 20 15 3 8 82 0 72 5 32 18 95
0 2 9 36 5 34 7 52 3 12 19 43 17 10 13 72 2 83 8 42 10 45 4 29 1 47 6 70 12 98 15 87 11 95 16 94 14 35 18 51
5 49 12 62 11 99 3 29 19 51 6 44 2 20 8 47 17 54 10 72 18 18 9 42 13 51 0 53 1 71 7 44 15 96 16 77 4 77 14 59
13 33 2 37 16 27 4 92 18 47 10 36 3 34 17 23 11 94 8 88 19 50 7 98 0 6 15 29 14 11 6 98 1 39 5 5 12 78 9 74
19 48 18 94 4 56 16 6 13 65 15 58 17 55 8 49 3 48 1 35 7 31 2 91 10 93 6 91 11 91 9 66 12 24 14 66 0 57 5 54
15 40 13 78 4 69 11 16 6 70 12 71 10 66 1 34 14 30 5 62 9 1 8 99 18 37 19 64 0 19 17 62 7 98 3 8 16 27 2 25
6 53 4 26 17 36 1 65 16 9 15 34 7 96 2 97 10 55 14 65 3 96 18 71 8 82 13 52 11 67 9 20 12 65 19 39 0 30 5 80
13 46 1 36 12 74 7 44 14 98 6 47 18 36 16 5 4 63 9 83 10 78 11 96 19 46 3 78 17 33 2 75 15 43 0 41 8 18 5 13
17 79 19 95 6 8 2 75 14 36 18 58 10 43 5 68 1 32 15 30 0 16 9 90 4 62 3 82 11 72 13 2 12 14 8 4 16 47 7 40
5 52 4 72 11 50 15 37 10 34 3 57 6 37 14 99 19 60 7 33 9 21 18 74 0 70 13 82 12 78 1 13 16 89 2 4 8 93 17 93
12 59 0 87 17 58 3 90 10 77 4 15 13 70 16 66 9 90 8 6 1 78 6 25 7 86 18 63 15 87 11 52 2 64 5 91 19 22 14 91
5 90 2 20 13 93 12 87 4 21 6 52 1 69 7 76 11 88 19 75 10 68 16 71 15 44 17 9 18 25 9 71 8 28 14 30 0 93 3 86
3 1 11 10 10 7 9 8 4 92 13 59 14 42 15 83 16 99 19 91 17 37 7 96 8 40 6 18 2 38 18 1 12 84 5 29 0 43 1 78
5 55 12 34 14 30 1 27 4 42 18 79 13 45 8 58 7 3 0 74 11 41 16 58 9 63 17 98 10 1 19 27 2 89 15 72 6 8 3 8
9 16 14 23 3 5 4 54 11 17 19 39 13 85 17 97 18 29 15 52 10 15 5 17 0 75 1 36 12 95 8 32 6 59 7 2 2 24 16 25
9 20 10 76 12 80 3 25 0 51 15 6 2 77 16 67 17 1 1 61 14 57 4 6 19 79 5 98 6 15 7 25 8 92 11 81 13 46 18 70
8 9 0 56 10 22 6 66 15 63 14 63 18 6 3 42 12 62 7 90 11 19 5 93 4 86 17 46 1 44 19 32 13 92 16 93 2 66 9 25
18 36 19 51 8 74 3 61 4 65 17 65 2 25 13 65 11 32 12 27 0 17 6 44 7 47 1 1 5 37 14 87 16 18 10 7 9 79 15 64
19 53 6 91 14 12 12 79 15 2 1 50 10 42 5 40 8 81 2 3 9 55 4 26 13 46 0 82 17 67 3 52 11 61 16 19 7 58 18 36
11 98 7 9 19 6 15 19 17 12 9 28 6 18 14 20 3 13 2 20 10 89 0 85 12 8 4 98 5 32 18 15 13 34 16 85 8 19 1 65
10 45 8 15 12 70 9 80 18 56 7 65 11 95 13 56 5 72 15 96 1 50 6 26 0 23 3 35 14 54 2 39 17 69 19 1 4 15 16 68
1 97 18 19 2 72 5 91 8 46 6 23 15 68 7 73 16 70 12 85 11 72 0 7 10 14 13 75 3 64 14 41 9 36 19 82 17 20 4 55
11 3 12 63 13 82 14 48 17 78 4 64 3 96 10 35 7 60 15 23 19 99 1 28 6 40 8 39 18 23 5 7 2 4 0 75 16 87 9 30
7 88 8 8 12 15 15 1 16 65 4 71 18 36 10 94 17 80 1 6 11 18 13 51 5 78 6 48 9 42 3 74 0 55 14 92 19 94 2 93
19 14 0 76 17 49 12 85 16 9 2 47 18 27 10 49 3 86 11 60 9 77 7 81 13 34 1 63 4 83 5 49 6 9 14 36 15 73 8 69
0 59 4 28 1 40 2 85 12 3 5 77 15 75 11 64 14 55 10 23 6 5 3 18 9 87 13 44 8 76 17 23 18 79 19 64 16 8 7 89
2 40 5 43 9 97 19 26 14 43 3 72 13 76 12 49 18 24 7 34 16 16 1 3 8 56 11 66 10 67 4 98 0 52 15 77 17 51 6 54
0 82 6 33 2 51 10 94 15 7 7 83 4 40 9 92 16 6 1 29 19 73 18 93 11 99 14 84 13 69 5 81 8 28 12 87 3 86 17 50
9 16 12 82 16 10 8 74 4 98 17 91 11 46 19 2 10 53 0 98 18 84 13 17 5 82 7 25 1 26 15 70 3 57 14 88 2 79 6 32
14 8 1 30 13 43 17 69 8 79 12 79 18 2 15 68 0 75 11 69 19 74 7 62 6 67 10 23 4 73 9 46 2 1 3 5 5 52 16 96
12 98 2 35 15 57 4 68 9 24 3 2 13 66 8 66 6 49 10 86 19 59 11 64 0 24 18 88 14 53 5 35 1 13 7 68 16 66 17 57
3 33 11 29 15 63 14 65 16 12 17 34 7 9 1 27 6 7 9 36 13 29 4 30 18 39 8 77 0 48 12 52 10 15 19 57 5 77 2 80
6 27 17 29 7 63 12 10 19 81 14 32 13 94 3 1 9 21 15 55 18 32 5 76 4 17 10 24 0 38 8 65 16 86 1 91 2 68 11 55
8 53 1 5 6 68 2 28 11 24 7 41 15 8 10 70 18 49 9 70 12 20 13 92 14 26 3 74 5 38 0 5 17 93 16 72 4 59 19 36
12 25 14 88 0 48 16 73 13 37 2 51 15 85 8 89 1 44 3 74 6 86 18 77 4 37 11 39 10 93 7 65 5 87 9 79 17 52 19 40
10 95 16 67 18 46 6 21 15 33 14 29 9 6 2 43 5 93 7 90 12 76 0 79 13 35 1 98 19 48 3 56 17 34 8 33 11 78 4 12
9 20 10 85 0 84 2 55 4 67 8 60 13 74 5 87 16 56 14 64 6 56 18 77 11 17 12 34 1 27 19 16 17 70 15 4 3 76 7 42
9 82 10 90 15 67 4 82 1 88 12 2 5 43 11 93 17 82 6 69 0 56 16 94 3 52 2 19 14 74 19 75 8 28 7 7 18 24 13 84
8 95 15 54 16 84 2 72 19 15 6 59 11 93 14 67 3 2 0 84 18 7 10 66 9 72 12 2 4 51 17 25 1 31 7 29 5 34 13 22
2 6 8 90 14 61 0 84 15 21 4 32 10 19 9 39 12 63 18 84 5 63 16 71 19 44 11 76 7 33 13 17 1 25 6 37 17 16 3 53
4 50 10 24 12 25 11 70 14 64 17 84 18 86 15 49 9 86 1 49 6 15 3 20 16 77 19 25 8 73 7 20 13 59 2 15 0 89 5 86
17 75 2 70 14 85 6 13 7 97 16 59 5 61 19 23 11 80 12 54 4 26 10 20 15 68 8 23 9 45 13 54 0 88 18 45 1 45 3 41
1 24 15 90 0 43 8 55 2 6 7 71 10 50 18 71 11 41 12 76 13 62 3 81 19 47 17 5 16 18 6 55 9 50 5 51 4 7 14 55
16 7 7 98 15 91 17 98 8 23 13 89 1 84 14 83 3 8 18 92 10 63 4 56 11 36 2 46 9 14 0 47 5 31 19 16 12 81 6 62
18 42 15 37 11 21 10 5 5 72 9 42 16 65 17 55 12 57 0 80 3 97 8 74 6 90 19 16 7 41 2 8 1 25 14 42 4 57 13 53
12 19 17 16 14 84 3 85 6 20 1 74 10 80 16 94 13 55 5 90 15 26 19 83 9 56 0 11 18 61 2 88 11 68 7 74 4 30 8 52
15 49 19 21 12 15 2 60 6 7 16 64 5 43 4 77 9 25 11 94 1 42 13 96 8 17 7 56 10 94 17 28 0 89 3 25 14 98 18 15
11 97 9 57 8 90 14 76 2 4 17 13 3 6 18 39 0 86 15 68 16 66 7 11 13 8 4 63 19 25 1 7 6 29 5 4 12 97 10 75
5 5 0 22 4 15 17 16 2 92 1 92 14 47 9 49 10 63 18 24 6 5 3 14 12 13 19 79 11 98 16 24 8 97 7 55 13 31 15 45
4 27 9 33 1 18 12 66 5 10 18 26 14 59 11 58 3 69 8 8 15 11 16 49 13 37 17 92 0 98 7 31 19 66 10 13 6 44 2 57
17 72 4 35 5 60 18 19 14 46 10 47 16 36 1 59 9 55 7 48 19 68 6 49 8 36 13 37 15 69 2 2 11 91 12 79 3 90 0 77
19 96 13 26 1 94 16 65 12 54 7 56 6 64 8 53 5 1 3 43 10 78 9 63 18 50 4 20 15 77 0 16 11 54 17 49 2 62 14 21
7 49 6 65 14 2 9 18 12 89 11 65 8 27 4 43 16 77 19 20 15 71 17 23 13 35 10 37 1 17 18 47 0 57 3 50 5 68 2 96
14 87 7 77 16 50 19 11 15 75 4 45 13 4 18 88 11 55 6 53 2 80 10 36 3 41 1 65 8 20 9 58 17 15 5 59 12 66 0 59
6 61 7 18 16 45 17 82 13 70 3 12 8 83 15 6 4 76 18 42 11 73 19 97 10 12 14 66 2 84 9 20 1 62 0 16 12 63 5 98
0 21 19 2 6 1 10 72 16 59 4 80 5 36 15 71 8 36 18 11 14 21 7 61 1 95 12 94 9 34 11 12 2 84 3 75 13 13 17 38
18 96 13 76 17 72 2 37 1 9 16 30 11 2 5 21 4 74 15 11 19 94 0 20 10 55 14 73 8 1 9 88 6 70 12 97 3 10 7 25
17 43 14 99 2 40 16 96 0 25 10 67 19 71 11 30 12 41 5 74 4 94 13 41 9 95 8 67 6 13 15 19 1 16 18 79 3 48 7 6
6 46 2 25 0 40 15 13 4 41 19 46 1 51 12 25 17 69 11 73 10 22 14 98 5 72 18 40 16 73 8 94 7 47 3 40 13 35 9 77
0 46 13 85 15 65 12 40 10 10 16 42 2 19 19 15 8 13 11 79 3 94 1 10 6 1 9 38 7 8 5 60 17 39 18 16 4 76 14 68
12 88 15 72 17 31 19 5 7 25 18 13 3 34 5 44 2 15 0 7 13 58 14 56 6 16 9 37 1 36 10 65 8 64 11 31 4 39 16 2
4 66 14 70 18 70 17 20 9 1 8 67 11 70 3 9 2 22 13 58 1 82 12 89 10 34 19 52 6 74 5 36 7 34 16 60 0 53 15 84
12 34 18 93 15 81 2 93 13 9 10 3 1 90 16 29 0 95 7 95 14 87 8 74 4 48 5 67 9 75 6 71 19 84 17 39 11 11 3 86
8 88 14 56 4 96 1 12 12 68 15 61 7 86 18 82 10 99 17 54 9 21 3 25 19 70 13 12 5 48 16 39 0 8 11 43 6 44 2 69
11 24 4 25 1 38 10 45 19 31 5 39 3 34 2 82 0 43 14 72 9 39 18 48 7 41 6 40 8 49 13 27 15 24 12 75 16 68 17 1
12 93 2 18 3 39 17 1 16 65 5 73 4 67 1 2 7 57 15 67 19 25 0 85 13 76 11 26 18 71 10 93 14 81 6 24 9 12 8 44
9 7 4 12 19 67 13 42 17 60 18 12 16 1 12 24 1 32 6 19 11 25 3 14 0 32 10 12 14 45 7 46 15 25 2 30 8 52 5 90
0 18 15 6 7 86 18 43 17 44 10 20 9 50 13 45 6 88 3 61 11 49 4 99 2 50 16 98 5 27 14 17 8 23 12 31 1 47 19 19
10 36 9 18 2 11 4 75 5 59 16 3 1 40 15 3 17 44 7 85 19 57 13 2 3 3 0 34 18 32 14 61 12 48 8 99 11 29 6 16
1 10 3 59 10 77 16 85 0 8 5 95 11 17 14 98 7 41 15 76 4 69 18 61 17 35 9 12 13 6 12 6 2 50 6 73 19 61 8 38
1 96 8 7 14 96 13 93 3 5 5 26 11 12 4 99 18 12 10 73 16 74 0 7 7 59 2 8 15 62 6 28 9 18 12 64 17 19 19 24
2 58 18 54 8 83 10 53 15 1 19 66 17 39 12 69 9 86 16 93 11 54 7 65 13 97 1 16 5 40 4 46 14 50 3 25 0 36 6 97
10 71 19 2 11 73 1 96 9 55 16 3 3 85 14 79 7 75 2 58 0 93 6 84 12 82 13 63 15 74 5 56 4 53 8 1 17 15 18 88
15 80 11 69 19 31 10 70 1 79 2 24 6 51 0 40 18 45 12 53 8 39 14 79 5 99 13 80 9 39 3 86 4 3 16 14 17 95 7 60
3 44 7 10 14 7 19 81 0 78 6 89 17 80 10 70 8 78 16 99 5 16 11 93 15 83 13 48 1 78 2 37 18 58 9 6 4 79 12 74
12 7 8 61 11 5 17 36 16 39 1 2 19 63 14 58 13 18 2 78 18 87 0 72 10 47 6 54 15 79 7 80 4 53 3 27 9 87 5 65
