100 20
11 27 5 98 9 7 15 85 4 64 6 46 8 49 0 94 17 64 10 46 14 44 19 26 16 71 13 28 3 70 18 6 1 39 7 86 2 83 12 56
2 79 15 83 4 4 14 33 13 52 5 42 6 35 8 34 17 20 19 55 7 58 18 87 3 50 10 29 11 14 9 72 16 53 12 94 0 34 1 91
1 96 5 73 13 38 18 58 15 72 10 93 11 15 8 52 16 95 0 96 2 58 9 61 14 95 19 64 7 46 3 44 17 52 12 70 6 56 4 77
10 3 0 28 19 52 7 9 8 92 3 50 6 13 2 90 17 96 9 3 5 24 4 27 11 84 13 35 1 38 16 75 14 25 12 78 15 6 18 4
17 71 12 13 13 90 9 9 6 33 14 22 0 60 18 8 7 62 19 19 4 83 11 87 5 49 2 34 1 73 3 94 15 10 8 37 16 45 10 8
12 2 13 70 16 83 11 29 0 44 4 58 1 94 10 87 5 79 9 63 7 81 3 42 8 33 6 40 15 53 17 51 18 98 14 46 2 58 19 62
14 59 11 9 7 46 12 2 0 13 4 55 9 99 8 25 19 81 13 7 10 56 5 74 17 18 3 73 16 9 18 37 15 29 6 76 1 89 2 30
10 87 7 96 15 83 13 11 0 46 19 85 16 23 8 89 4 64 11 9 3 8 2 87 18 56 12 98 6 96 1 69 17 49 5 73 14 80 9 48
14 25 9 5 15 4 18 95 5 48 6 24 10 43 3 55 8 85 11 55 16 79 1 6 7 77 19 17 17 4 4 60 12 20 0 1 2 36 13 70
0 84 10 54 7 23 5 82 17 82 2 70 9 80 4 77 18 53 12 94 3 96 11 29 15 35 14 53 6 66 8 92 16 46 1 5 13 32 19 53
9 34 2 77 5 93 4 25 17 67 7 54 18 60 13 93 19 77 6 8 8 18 1 36 14 91 10 70 11 27 12 88 16 72 15 30 0 55 3 35
16 33 10 52 12 21 4 57 9 39 7 29 3 71 19 27 11 48 15 75 18 83 13 42 2 94 5 36 14 40 1 63 17 37 8 81 6 19 0 87
10 76 9 10 6 48 4 43 0 12 15 58 8 56 7 48 1 25 19 69 18 10 11 6 5 60 14 13 12 2 16 88 13 77 3 15 17 72 2 7
4 9 7 60 0 86 8 68 6 51 2 21 14 83 16 99 11 17 13 42 5 19 3 84 15 75 18 77 19 57 12 92 9 80 1 63 17 42 10 55
3 10 11 39 10 40 19 78 5 68 6 49 2 61 4 1 7 28 17 4 0 72 8 77 15 69 12 16 9 58 1 88 16 64 14 99 13 8 18 68
13 35 11 21 6 19 16 82 17 24 19 16 5 47 15 96 2 13 9 70 12 40 0 8 3 85 18 54 10 71 4 10 14 35 1 42 7 37 8 25
4 70 7 96 14 6 8 66 3 1 2 65 17 1 0 21 16 82 12 38 19 16 13 6 15 40 6 51 11 46 5 18 18 30 10 31 1 58 9 49
19 17 6 23 15 1 12 54 10 82 9 47 16 43 1 31 17 45 2 73 5 80 14 3 18 99 3 79 13 44 8 83 4 50 11 9 0 31 7 95
13 44 3 80 15 22 1 62 6 15 7 90 9 21 10 49 11 46 2 8 16 15 19 65 17 65 18 11 0 73 14 73 5 27 12 65 8 93 4 62
0 55 9 90 14 50 5 60 18 55 4 76 1 33 6 57 16 44 3 71 7 40 12 96 15 3 10 34 8 90 13 68 2 90 19 18 11 39 17 36
13 79 10 55 0 48 2 19 11 91 18 14 14 40 17 17 19 21 1 76 7 92 4 75 9 15 16 29 5 3 3 81 6 68 15 97 12 47 8 67
0 57 15 86 16 41 19 76 12 15 8 10 9 14 13 5 2 73 1 52 11 80 10 59 14 37 4 16 6 52 7 14 17 68 18 98 5 62 3 93
17 81 18 90 15 43 4 92 6 81 11 28 1 51 19 19 3 48 12 81 14 47 0 26 5 87 9 41 13 29 8 38 16 3 10 92 7 98 2 52
14 10 16 18 2 74 18 20 12 28 7 73 6 61 4 3 9 73 5 8 11 68 15 86 10 45 8 16 17 58 3 16 13 33 1 57 0 86 19 75
5 41 0 36 9 32 7 28 17 61 19 28 4 43 16 23 3 50 8 77 6 99 1 31 14 1 2 77 12 21 11 42 10 23 13 15 18 48 15 18
0 87 5 72 15 3 7 39 1 64 14 70 19 14 13 25 10 48 3 92 17 84 8 45 9 67 18 4 2 42 12 28 6 24 4 59 16 22 11 43
4 13 9 7 2 16 8 29 3 3 14 21 11 58 0 6 12 89 15 36 16 68 1 34 17 96 10 2 7 26 13 35 6 96 19 1 18 58 5 86
0 38 19 56 10 40 14 56 2 87 9 21 5 47 17 72 7 31 4 70 18 80 12 91 15 70 3 38 1 5 13 12 11 27 8 67 16 35 6 22
4 26 16 78 17 46 2 50 11 39 5 16 0 20 7 89 1 85 9 99 14 52 3 75 15 65 6 24 10 56 13 16 12 75 19 94 18 71 8 12
7 72 19 44 10 23 13 58 5 11 9 49 17 47 12 51 15 39 11 92 2 95 8 86 18 37 16 17 0 75 3 24 14 46 4 89 1 96 6 6
0 97 4 53 9 44 5 92 12 92 16 74 19 81 18 21 8 94 17 5 10 76 7 36 2 66 6 29 11 81 3 72 14 80 1 3 13 25 15 95
0 75 18 26 12 97 6 88 2 78 15 73 7 96 1 68 8 72 5 33 3 17 10 21 11 26 4 17 13 99 9 15 14 73 19 96 16 78 17 34
14 61 10 96 9 55 19 89 6 92 15 13 0 82 16 46 1 65 2 85 5 44 3 6 11 41 18 2 4 89 13 81 17 24 7 76 8 50 12 7
19 19 17 26 6 98 12 4 14 36 8 20 2 67 18 91 4 52 13 38 15 10 0 62 1 22 7 18 5 79 16 3 3 8 11 94 10 45 9 21
1 15 5 27 6 77 3 22 9 73 16 37 10 31 19 40 0 98 11 35 2 49 8 82 15 67 14 80 18 35 17 7 4 56 12 61 7 66 13 25
10 77 16 13 5 19 13 62 4 18 3 68 14 20 9 55 15 31 2 97 7 47 1 4 0 47 19 99 11 94 8 27 18 43 6 83 12 47 17 66
7 27 15 34 9 40 14 32 10 70 8 60 17 33 2 14 16 80 18 24 6 76 12 13 3 41 11 24 19 68 13 4 0 53 4 11 1 80 5 33
2 46 10 31 14 86 19 70 7 60 4 42 8 76 1 6 3 4 16 4 0 39 13 8 17 95 15 35 11 82 18 47 9 92 5 51 6 74 12 97
16 70 5 5 7 37 0 40 17 65 18 92 19 26 10 61 14 7 11 11 4 54 9 30 8 39 13 28 1 31 3 60 15 29 2 69 12 42 6 38
14 59 3 5 6 49 10 63 0 89 13 94 5 77 15 90 2 74 18 66 12 34 7 57 9 33 16 83 19 77 17 42 1 17 4 14 11 40 8 85
15 14 12 92 10 9 6 4 1 98 4 97 7 3 3 94 14 94 16 80 9 43 11 77 18 21 19 39 8 12 2 85 17 53 0 17 13 57 5 44
16 4 11 57 12 91 18 19 4 93 3 82 0 33 14 54 19 69 5 3 9 22 17 64 2 89 8 88 1 80 6 75 13 17 7 83 10 21 15 74
6 30 15 22 7 20 17 14 13 86 12 22 2 83 9 88 0 25 10 98 4 10 16 26 14 56 8 27 5 46 18 7 11 65 3 62 1 81 19 59
6 63 19 68 18 56 8 16 5 75 0 52 3 73 1 23 11 76 9 59 15 43 12 50 4 7 7 94 16 40 10 17 17 77 13 40 2 96 14 56
15 39 7 66 16 16 19 11 10 26 14 11 0 34 5 49 2 65 9 13 6 62 1 1 3 73 18 61 8 94 13 45 17 17 12 36 4 89 11 17
11 51 16 83 9 67 5 80 8 16 12 90 17 3 1 57 10 13 0 79 14 16 6 12 7 54 19 58 4 90 18 70 15 86 13 7 2 39 3 89
14 14 5 59 10 59 11 61 4 91 17 40 9 62 3 91 1 77 8 31 18 97 15 13 13 67 12 80 0 92 19 64 2 78 7 54 6 89 16 15
0 57 7 10 13 82 4 97 15 17 6 92 9 64 14 48 10 79 8 94 3 97 16 50 1 12 11 38 17 10 18 46 12 29 2 8 19 84 5 36
1 24 4 96 2 2 14 81 7 75 9 39 15 55 13 20 10 38 8 8 18 93 17 99 11 44 19 9 16 31 12 4 5 60 3 85 0 44 6 15
6 76 14 11 11 71 5 5 17 12 16 27 1 41 2 88 4 91 12 26 19 43 9 90 0 53 8 55 13 23 3 59 7 96 10 70 15 24 18 83
11 32 2 96 3 57 7 43 17 83 6 90 0 95 13 25 18 9 12 29 5 29 14 36 16 19 19 36 10 19 9 26 4 17 1 55 8 76 15 20
17 58 4 67 16 59 19 92 10 55 5 46 12 96 1 56 18 88 7 2 9 64 6 20 0 85 2 75 8 86 15 84 14 65 11 91 13 24 3 13
8 30 2 9 5 31 10 15 6 38 7 20 3 17 4 87 14 73 12 51 1 31 17 34 13 94 19 7 18 69 16 69 9 18 15 31 11 3 0 63
0 95 4 7 16 26 6 44 18 73 12 96 19 99 9 61 10 12 2 67 8 12 14 56 5 96 7 21 15 3 3 73 11 28 17 79 13 47 1 55
14 56 1 26 3 28 8 25 10 39 6 32 11 74 16 61 7 35 5 96 0 47 4 9 15 74 17 96 12 7 9 58 2 16 13 36 18 95 19 50
9 24 6 51 3 49 18 39 5 8 2 66 13 79 11 24 1 57 7 79 0 63 14 63 15 80 4 99 12 18 10 74 17 43 8 64 19 13 16 30
18 94 8 76 15 90 19 65 10 81 1 94 4 64 6 72 3 73 5 40 2 92 16 75 11 91 13 18 17 20 0 31 14 43 7 12 9 36 12 15
7 28 2 82 6 70 5 15 13 44 9 29 16 45 1 38 4 27 17 50 10 95 0 62 18 9 19 47 15 57 14 81 11 45 3 82 12 60 8 94
15 11 9 43 19 7 17 37 18 45 0 22 16 29 11 60 13 1 8 2 1 3 12 86 5 48 14 10 10 56 4 6 2 82 3 44 7 91 6 28
5 51 12 12 6 16 15 58 10 24 19 38 7 79 4 14 2 65 16 55 8 37 18 10 3 48 9 30 13 92 14 95 17 51 1 45 11 52 0 64
4 34 1 96 7 98 14 73 0 34 10 16 3 1 9 46 2 95 17 66 13 21 5 30 15 52 19 7 16 52 6 44 8 19 11 38 12 11 18 68
14 42 0 78 18 21 8 6 4 49 13 89 12 98 2 2 15 43 6 43 16 73 17 18 19 31 9 50 7 94 10 81 5 48 3 77 11 67 1 18
19 99 7 70 10 67 16 18 14 80 12 93 17 91 1 37 5 36 15 82 6 46 3 70 8 6 11 2 2 35 9 23 4 75 0 86 18 47 13 92
6 91 3 99 2 93 10 81 7 38 16 56 9 91 18 93 8 53 4 7 0 4 11 63 14 82 5 37 19 66 13 28 15 11 17 36 12 41 1 19
6 98 12 81 2 91 17 13 5 22 0 33 14 18 7 81 16 38 11 47 10 49 8 18 1 22 15 24 19 76 13 3 18 55 4 5 3 28 9 26
9 73 19 27 7 59 13 47 10 54 18 80 1 94 14 99 5 31 6 74 12 26 2 43 17 5 15 37 16 27 8 80 3 40 4 54 0 16 11 41
7 11 0 93 5 4 11 56 9 42 16 60 19 65 15 32 1 63 6 98 8 66 14 37 13 86 18 32 3 39 17 25 4 71 10 88 12 69 2 52
3 94 0 29 12 91 18 89 15 63 5 42 14 29 7 56 8 46 1 90 6 72 19 35 16 62 13 9 17 14 9 54 2 42 4 13 11 24 10 24
8 22 1 52 18 66 11 35 4 44 14 18 6 32 19 4 2 5 16 34 13 52 10 66 3 20 7 90 0 93 17 57 12 72 5 89 9 71 15 87
6 81 5 17 7 16 3 18 0 4 18 53 16 72 9 98 15 82 13 82 10 47 1 59 19 21 11 92 4 2 8 33 2 65 12 32 17 91 14 52
2 97 12 33 19 32 15 67 18 93 17 85 14 48 0 52 13 79 8 25 3 24 4 4 1 81 5 73 16 10 6 15 7 91 9 63 11 82 10 54
3 79 8 29 0 5 12 34 13 22 7 95 4 10 18 75 16 17 11 11 2 8 6 22 19 20 10 6 15 84 17 40 1 87 14 26 5 32 9 31
18 32 7 70 0 41 11 54 1 69 16 70 12 77 4 21 5 59 3 11 14 58 19 9 15 14 10 37 6 22 8 81 17 44 2 86 9 56 13 3
3 32 7 16 15 58 6 97 17 52 13 11 14 35 12 31 19 60 11 8 16 58 18 83 1 37 0 75 2 31 4 74 10 48 5 80 9 33 8 17
19 64 2 13 12 70 15 71 3 32 10 81 7 78 18 25 14 82 0 25 9 16 1 22 11 62 13 19 16 61 4 13 5 57 17 87 6 15 8 52
1 97 0 36 9 10 11 21 13 4 2 76 14 99 7 3 6 95 3 46 17 56 4 18 5 46 19 21 12 48 10 79 18 99 15 95 8 86 16 24
3 39 5 26 11 64 9 57 10 97 8 15 2 95 15 4 4 81 1 32 18 78 17 6 16 4 12 31 0 42 14 28 7 36 6 99 13 69 19 44
7 87 9 39 6 68 17 15 12 77 3 34 16 80 15 57 0 18 18 50 1 83 11 93 13 85 2 2 5 6 10 81 14 21 4 21 8 74 19 59
1 1 4 61 6 25 17 87 2 27 5 73 19 27 7 8 0 31 9 44 3 39 10 25 8 40 15 20 13 88 16 94 11 12 18 38 12 78 14 54
10 14 1 4 16 95 15 94 14 31 2 1 11 82 6 38 5 93 7 4 17 17 19 35 18 13 13 25 0 31 3 3 12 37 9 31 4 59 8 94
15 13 17 73 0 59 10 2 4 77 2 76 9 62 6 88 3 24 12 29 5 28 8 35 14 43 19 88 16 34 13 8 18 9 1 96 7 80 11 86
4 54 14 34 17 32 13 70 18 23 16 44 6 19 5 18 19 86 3 13 2 6 10 43 8 65 0 77 1 43 7 94 11 37 9 26 15 8 12 50
9 8 5 66 12 93 8 20 4 10 16 86 18 87 13 20 10 80 17 88 15 44 2 22 0 47 6 35 3 41 11 37 19 2 7 49 14 46 1 95
16 20 8 28 17 29 2 1 18 89 7 63 6 4 13 62 10 33 11 25 12 66 14 72 1 59 3 5 0 48 19 65 9 4 15 18 5 33 4 53
0 73 18 63 9 68 7 68 4 19 8 56 16 40 11 44 1 53 6 57 17 57 5 36 15 27 2 60 19 19 14 48 13 48 12 91 3 17 10 74
16 5 13 97 11 96 18 78 17 85 0 1 7 77 15 55 3 90 12 90 6 5 5 20 19 48 8 76 4 37 9 43 1 32 14 6 2 37 10 6
5 50 6 25 13 79 0 24 19 53 9 1 17 99 16 31 2 41 10 76 12 81 7 80 14 37 15 60 3 96 11 96 4 42 1 2 18 6 8 59
2 1 17 61 13 73 0 17 3 36 10 91 18 15 15 15 4 76 1 52 16 54 5 65 14 24 11 72 6 90 7 34 9 78 12 63 8 41 19 10
5 29 1 49 14 51 13 5 8 36 0 62 9 64 15 94 17 63 12 6 19 5 10 23 6 52 2 33 4 73 7 5 11 14 3 74 16 56 18 39
14 22 18 31 17 49 15 18 1 40 19 92 6 87 2 50 9 59 7 62 11 30 12 78 0 48 8 97 10 58 13 18 5 14 3 30 4 57 16 63
9 90 11 21 18 43 4 91 0 75 10 52 16 26 12 58 5 22 17 77 6 67 13 82 14 98 1 26 15 93 19 25 7 97 2 31 3 40 8 18
16 31 17 87 18 92 12 34 6 18 4 5 8 76 11 4 10 35 5 56 0 1 9 15 7 37 13 85 3 20 2 89 1 20 15 64 19 87 14 38
12 58 2 12 16 59 10 70 1 13 3 8 5 96 14 33 7 37 9 48 6 80 17 99 19 8 0 12 15 24 11 77 8 82 4 16 13 29 18 80
13 52 17 52 7 13 9 14 15 25 19 33 12 91 2 68 3 4 14 48 10 27 0 24 5 17 4 62 16 65 8 51 6 14 1 99 11 35 18 89
5 91 1 85 17 16 12 70 6 6 0 23 2 49 15 33 10 28 8 63 14 35 3 43 11 76 9 62 16 60 7 45 18 6 13 31 4 31 19 95
7 99 13 75 15 26 2 61 12 38 10 97 1 10 4 77 0 48 3 10 5 13 11 24 19 21 17 53 6 62 14 4 8 8 16 72 9 89 18 46
10 34 12 32 6 95 8 68 13 74 0 11 16 17 18 41 15 63 11 73 9 84 2 82 19 80 14 56 7 48 17 96 5 77 3 98 4 64 1 29
19 53 3 33 8 48 18 26 16 58 5 83 7 98 13 75 10 23 0 68 15 78 6 60 1 18 14 5 9 79 12 88 17 27 4 48 11 23 2 9
10 90 15 32 12 47 2 18 7 14 0 86 19 73 13 93 5 91 4 2 18 48 16 45 8 33 3 52 14 55 9 99 6 84 17 53 1 11 11 40
14 83 0 93 16 2 13 76 15 22 11 7 4 51 17 69 9 2 5 45 1 33 8 54 18 17 3 77 19 41 12 83 2 33 6 88 7 90 10 26
