100 20
11 48 8 3 18 62 17 74 2 15 14 67 10 76 7 62 12 23 5 64 13 57 0 13 6 68 15 62 16 84 4 78 1 85 9 1 3 7 19 92
19 15 7 17 14 14 8 73 3 47 11 13 4 85 5 2 13 88 9 19 10 73 1 40 17 37 16 70 18 18 2 70 0 37 15 22 12 36 6 23
1 19 3 53 5 73 17 75 18 51 8 73 14 61 15 62 11 37 12 49 10 63 16 72 7 73 2 75 19 41 0 71 4 92 9 16 6 81 13 25
17 26 11 86 14 9 8 96 3 73 16 87 5 1 18 32 7 65 6 95 13 34 1 87 10 98 15 71 19 58 12 95 0 67 2 74 9 86 4 78
17 34 2 54 6 52 9 77 16 89 12 99 3 30 14 94 13 54 15 66 8 9 7 53 18 65 1 24 10 41 5 73 11 21 0 24 4 83 19 87
6 14 11 23 15 15 9 53 2 18 5 98 8 81 18 14 14 14 16 32 0 5 13 12 17 86 3 16 19 98 1 24 12 90 7 18 4 35 10 90
16 87 15 4 8 76 13 94 6 33 3 27 14 7 18 51 9 81 5 67 7 77 17 87 12 37 1 99 0 52 10 25 2 96 19 32 11 41 4 27
0 99 19 41 10 30 8 21 13 60 5 15 16 58 17 64 4 68 15 81 9 21 18 27 7 36 1 16 11 97 2 5 3 98 6 96 12 88 14 80
12 72 10 57 4 86 18 11 1 65 6 5 14 77 5 32 17 23 3 84 13 35 15 74 11 39 9 39 19 96 2 23 8 49 16 89 7 55 0 68
8 96 1 38 9 59 18 33 19 76 7 98 0 43 4 26 17 65 12 47 5 42 3 98 10 22 16 2 15 52 13 22 6 48 14 93 2 12 11 21
12 94 3 45 8 73 5 54 14 84 19 24 2 15 1 13 6 51 16 88 9 37 11 76 10 34 15 31 17 52 18 9 0 23 4 2 13 58 7 64
12 82 0 87 8 61 6 84 10 9 16 75 7 70 3 19 13 45 19 74 1 65 2 76 4 27 11 55 18 97 15 41 5 84 9 12 14 78 17 75
9 75 8 55 6 9 5 52 15 20 11 36 2 52 0 18 19 37 4 40 3 32 17 5 16 48 12 28 7 55 13 34 1 85 10 51 18 5 14 82
16 97 14 12 15 99 2 96 7 78 19 85 17 1 6 53 5 73 4 33 18 49 1 92 10 61 0 39 3 32 13 78 8 1 12 13 9 25 11 58
12 35 3 62 11 59 1 76 6 52 14 34 13 35 5 29 7 91 16 31 10 40 18 76 15 38 9 35 19 5 8 9 2 29 0 76 4 89 17 12
2 19 14 21 3 58 5 30 6 47 8 57 18 26 10 93 19 13 1 25 11 93 13 30 9 89 16 44 17 46 7 47 15 7 12 64 4 19 0 13
6 98 10 10 18 31 4 63 7 62 17 59 0 92 13 69 15 33 11 55 14 30 3 77 2 34 5 12 16 95 12 73 9 28 8 62 19 24 1 1
5 84 17 43 3 46 14 2 19 66 11 55 10 89 9 76 12 63 15 98 8 42 4 17 7 21 0 59 6 44 13 32 16 2 18 68 1 74 2 50
8 50 5 60 3 24 12 65 11 5 10 35 1 72 9 2 6 63 17 85 0 13 7 39 19 35 14 11 13 78 4 36 16 58 18 74 15 17 2 1
16 18 11 20 7 4 3 68 18 79 2 95 0 28 4 15 8 17 19 12 12 93 13 62 14 67 6 89 17 46 15 23 1 94 10 89 9 34 5 40
18 24 11 27 1 8 9 11 17 64 4 53 12 10 15 48 19 25 0 79 2 56 13 43 6 57 3 16 16 5 10 12 14 99 8 81 5 49 7 29
7 90 9 68 17 64 16 60 11 85 8 28 1 22 0 77 18 70 12 58 13 29 5 17 6 7 19 11 4 27 2 73 10 61 15 18 3 69 14 26
18 83 7 25 10 89 2 67 11 56 12 4 3 85 6 50 5 97 4 16 14 83 9 96 8 73 15 44 1 23 19 53 0 67 16 77 13 36 17 91
1 66 12 18 2 72 5 21 8 38 7 23 18 70 14 58 17 79 4 23 9 36 15 47 19 79 11 8 3 35 10 91 16 84 13 4 6 87 0 51
7 48 10 90 15 22 16 32 2 22 3 83 5 86 8 26 6 11 1 24 17 67 18 29 12 47 14 75 13 32 0 25 9 70 4 76 19 16 11 87
18 11 15 8 8 90 9 10 1 35 19 91 0 14 5 11 6 2 3 7 17 9 12 42 10 15 14 2 11 22 13 71 4 33 7 17 2 60 16 67
12 90 11 5 3 29 16 90 1 98 5 54 10 67 8 49 17 47 15 58 14 91 6 73 4 22 0 72 7 84 9 11 13 65 19 41 18 80 2 20
18 85 12 71 7 82 1 60 4 39 14 38 17 82 13 57 5 27 6 88 0 30 15 31 9 84 8 86 2 6 19 34 10 35 11 12 16 68 3 27
10 70 9 24 15 86 0 76 12 21 5 47 14 49 18 60 3 76 2 65 8 82 16 61 17 22 6 20 11 62 13 36 4 68 7 70 1 70 19 26
0 50 9 16 14 62 15 61 6 19 10 59 16 95 18 26 8 95 4 32 5 54 12 63 1 39 11 38 3 67 17 10 2 51 19 55 13 7 7 85
10 9 2 77 14 90 0 10 9 97 19 75 3 20 16 73 5 80 11 58 13 10 15 55 7 47 8 60 18 42 12 16 17 59 4 6 6 95 1 96
18 44 17 39 8 41 16 13 19 92 11 63 10 2 0 38 6 88 15 49 14 12 1 59 7 97 12 63 4 22 3 87 9 92 2 75 13 88 5 38
19 21 17 41 12 20 18 33 5 33 4 41 7 57 14 57 6 83 3 9 8 45 0 43 11 67 9 72 15 25 1 43 2 67 16 85 10 68 13 58
10 65 11 3 7 34 3 13 13 52 18 98 17 8 4 37 8 47 6 34 9 8 2 79 5 35 15 61 12 98 16 55 0 40 14 4 19 53 1 77
5 45 14 15 7 3 10 2 8 65 13 66 16 92 19 9 11 23 18 30 1 29 4 76 15 58 17 58 6 7 12 48 3 30 0 51 9 79 2 69
5 67 0 91 17 80 4 66 15 26 13 50 1 11 8 50 12 3 10 83 9 50 16 90 19 70 18 62 14 96 6 91 3 13 11 89 2 83 7 61
17 84 5 69 7 60 13 64 18 10 14 20 3 18 9 74 15 32 0 56 8 29 11 35 12 35 1 94 4 60 16 11 19 56 2 4 10 89 6 71
5 26 8 75 7 85 19 41 16 98 6 67 13 4 2 5 10 60 14 20 15 21 4 26 17 34 3 84 9 20 0 7 11 84 1 7 18 58 12 83
17 69 14 33 1 35 0 46 10 16 4 12 13 87 2 48 9 12 3 84 16 25 15 9 11 67 19 7 8 33 12 60 5 45 6 53 18 39 7 95
14 50 1 49 10 37 7 51 5 7 4 32 12 71 0 46 19 67 15 66 3 50 2 58 8 46 9 66 11 12 6 97 17 7 16 72 13 23 18 59
15 50 5 5 1 47 6 84 16 8 7 6 17 75 0 6 12 94 19 79 10 77 2 95 4 49 9 24 8 11 18 96 11 9 13 1 3 73 14 48
4 74 10 90 9 56 13 30 7 5 3 81 8 1 0 32 1 22 16 66 5 53 11 67 12 32 19 54 2 13 15 98 18 73 17 78 14 50 6 60
16 40 5 44 3 64 0 88 15 50 8 90 12 14 1 28 4 53 9 15 19 85 11 20 14 21 6 98 18 2 2 59 13 86 7 25 17 39 10 82
13 33 10 65 9 46 12 87 0 93 15 87 16 87 5 2 3 98 18 96 6 62 11 42 14 11 7 26 2 27 4 28 8 37 17 45 1 63 19 16
3 65 7 39 13 68 10 98 1 54 6 71 14 46 9 70 18 56 19 27 5 49 16 1 8 6 17 60 15 58 2 34 11 50 12 94 0 95 4 88
2 11 15 53 11 9 10 74 8 23 14 73 7 39 12 59 13 9 5 48 9 68 3 4 18 28 17 64 4 87 16 86 1 87 6 1 19 98 0 24
8 62 7 50 12 74 15 35 1 48 5 30 4 49 13 73 18 36 0 63 9 17 17 2 6 95 19 59 2 69 3 47 16 56 14 39 10 88 11 62
2 11 15 87 18 13 19 75 7 35 6 42 14 34 5 40 8 47 16 77 12 80 11 41 4 81 10 24 9 53 13 32 17 49 1 60 3 82 0 27
12 68 13 14 19 53 8 88 6 13 5 23 18 57 1 29 11 41 7 81 16 88 17 48 14 99 10 8 9 12 2 97 15 50 0 76 3 7 4 6
6 92 2 13 13 24 16 68 9 51 8 13 18 79 11 47 5 33 7 60 4 11 1 17 19 90 3 48 0 18 10 77 12 16 17 99 15 2 14 63
7 83 13 55 3 22 18 37 12 11 2 78 11 77 19 59 14 56 4 46 15 85 1 74 5 35 9 24 10 72 17 58 6 88 0 94 8 2 16 93
15 98 12 4 1 71 6 13 3 66 7 46 8 61 18 8 4 36 10 97 0 20 9 22 11 3 14 74 13 90 16 19 19 62 5 71 2 13 17 38
12 51 5 4 18 82 16 60 3 15 15 19 0 46 19 52 7 85 10 59 4 58 14 29 1 20 8 6 13 1 2 24 6 38 11 75 9 85 17 15
5 94 6 4 19 53 11 6 1 10 8 96 2 70 16 7 9 79 15 22 7 44 13 39 3 22 0 12 12 78 17 31 10 23 14 72 18 26 4 74
16 81 8 59 6 23 2 62 13 73 12 11 17 42 3 80 9 63 19 91 14 61 11 79 15 94 1 5 4 46 10 29 0 86 7 6 5 50 18 95
5 52 9 97 18 79 19 56 17 48 7 65 0 18 13 94 2 52 4 86 10 18 1 73 14 58 15 75 8 80 11 89 6 74 12 83 3 43 16 15
5 63 2 55 10 85 8 51 18 12 19 44 6 79 9 30 11 26 3 58 7 73 13 85 1 3 12 18 14 16 15 55 17 89 16 16 0 73 4 45
1 86 8 6 11 56 0 4 16 93 3 71 2 98 6 69 7 25 18 94 14 42 12 70 9 46 5 3 10 69 15 81 19 91 17 93 13 5 4 75
17 6 7 74 10 65 16 15 4 42 14 31 13 8 12 19 18 92 15 13 8 76 1 97 5 43 2 25 9 76 6 38 3 29 19 84 11 80 0 68
7 56 11 94 12 9 10 80 9 30 18 41 16 12 4 21 0 57 3 18 14 54 13 87 17 2 8 68 1 84 2 9 19 17 5 94 6 82 15 64
16 26 5 82 10 41 2 71 8 72 19 73 3 64 17 70 7 22 11 90 12 29 14 96 0 74 4 17 13 77 9 70 18 56 6 81 15 27 1 64
2 15 14 68 13 7 19 7 9 65 6 44 5 69 18 55 11 81 0 21 17 77 1 81 8 73 15 41 12 32 3 20 16 57 4 21 7 89 10 24
6 51 12 16 1 70 9 50 19 86 13 89 8 48 18 3 3 24 17 69 11 30 7 52 16 80 0 59 2 14 14 97 5 12 15 76 10 39 4 85
0 36 19 66 8 4 6 99 12 63 16 95 7 83 3 61 5 1 14 34 2 37 15 10 13 14 18 7 17 42 1 57 9 52 10 49 11 58 4 36
18 96 6 61 4 52 16 86 13 1 12 33 7 64 1 19 15 90 8 75 0 43 14 34 10 85 3 79 17 60 11 79 9 49 19 36 5 42 2 37
6 90 15 23 16 71 8 71 11 44 5 43 17 52 7 58 18 78 19 16 12 36 2 71 4 41 10 49 9 65 1 56 0 42 3 83 13 43 14 13
10 96 3 27 8 49 12 57 14 66 15 67 6 63 9 50 7 1 17 62 18 49 2 77 13 18 16 40 11 75 4 28 19 79 5 30 0 76 1 15
11 64 8 93 9 41 16 88 2 47 5 89 7 30 15 54 0 57 1 64 13 44 10 12 12 59 6 69 4 46 18 60 3 37 14 29 19 75 17 52
18 92 5 12 9 22 0 84 11 58 1 98 17 11 10 38 2 34 3 36 15 22 19 35 16 70 7 85 13 63 8 96 12 86 6 19 4 11 14 69
12 40 4 82 18 4 8 56 2 69 3 58 17 57 19 18 14 18 13 76 1 77 6 89 10 55 11 99 15 18 16 88 5 24 9 37 0 59 7 53
8 95 15 7 12 49 16 89 0 76 3 69 1 26 17 94 2 78 11 66 10 85 18 99 19 42 4 79 6 28 7 4 9 70 14 70 13 2 5 98
7 67 13 95 14 84 10 25 18 88 8 34 12 24 19 56 3 92 2 39 6 47 1 10 4 66 0 96 17 54 9 56 16 68 15 64 5 94 11 88
11 55 9 73 10 66 17 6 14 51 8 30 3 93 6 83 12 88 2 38 0 13 18 86 1 72 19 9 4 31 16 17 15 60 13 2 7 45 5 94
10 4 5 53 18 67 19 43 15 99 12 86 6 55 2 68 4 98 1 51 9 15 16 19 0 63 17 93 8 99 13 4 7 75 3 27 14 74 11 70
14 4 2 64 3 3 15 55 6 44 13 44 9 67 18 24 0 12 11 6 8 90 17 60 12 40 7 35 19 4 10 89 16 98 5 27 1 84 4 58
1 2 13 76 18 18 12 47 5 83 14 9 15 78 3 9 19 23 7 89 2 82 6 68 8 91 4 38 11 2 10 15 16 50 9 8 0 69 17 24
17 93 15 37 14 86 18 47 5 91 11 29 16 78 9 44 0 87 3 80 8 34 4 92 13 35 12 17 2 74 10 48 1 48 19 63 6 67 7 89
6 72 9 64 15 83 19 2 4 70 14 27 12 54 10 13 16 25 0 99 8 72 17 94 3 46 1 79 7 30 2 26 11 8 13 32 5 61 18 38
5 74 13 64 8 85 7 13 17 22 16 74 6 35 9 49 11 21 4 10 19 75 0 97 12 93 1 48 2 50 14 36 15 80 3 24 10 60 18 49
12 43 8 22 0 96 5 85 18 12 15 40 9 64 10 46 6 89 2 10 16 70 11 65 19 80 13 64 14 31 3 82 17 6 1 11 4 61 7 83
17 23 12 52 10 5 16 50 18 79 8 1 2 82 9 59 1 22 14 4 13 11 11 75 15 62 19 60 0 77 7 33 4 28 5 94 6 10 3 79
6 91 2 24 7 26 3 50 19 30 12 63 8 32 1 87 11 7 14 45 4 39 0 34 10 1 16 97 5 70 18 8 13 53 9 18 15 24 17 66
16 32 11 9 3 88 13 20 0 36 18 81 8 96 9 46 14 35 2 19 15 70 4 20 6 15 7 43 5 13 10 25 17 1 12 37 1 7 19 86
15 13 1 33 8 34 0 65 14 67 5 22 17 45 6 61 18 24 2 46 16 62 7 80 19 14 3 36 9 20 11 81 13 85 10 48 4 98 12 10
14 64 10 35 19 92 3 55 9 69 2 85 1 15 5 15 12 53 8 59 7 24 18 76 13 17 16 43 6 7 4 95 0 14 11 41 15 37 17 20
5 14 6 16 1 41 13 73 19 20 7 71 17 75 14 11 4 44 3 72 10 59 8 40 12 20 16 42 11 63 9 79 15 16 18 25 0 50 2 64
14 75 13 43 8 49 0 46 9 78 3 16 11 24 12 45 1 46 18 97 19 79 4 29 6 92 16 14 10 17 2 72 17 93 15 3 5 8 7 30
15 50 9 59 17 94 8 82 16 81 3 70 0 16 4 24 1 83 11 50 5 84 2 65 12 96 6 78 14 7 13 64 7 46 10 12 19 74 18 46
1 23 5 54 8 94 2 31 18 49 9 41 11 55 13 45 7 68 0 48 19 67 15 30 3 2 4 50 14 37 12 37 10 82 6 44 17 83 16 35
1 74 3 34 13 74 16 43 6 86 2 56 12 73 0 82 17 44 18 82 4 97 14 39 7 30 5 85 15 77 8 99 9 65 19 90 10 15 11 37
14 27 7 82 12 31 0 9 19 67 16 30 15 49 9 65 10 59 5 22 13 68 2 38 8 11 18 86 4 40 1 37 3 88 11 71 6 15 17 58
19 70 11 67 17 87 4 41 9 80 14 61 7 63 0 53 16 83 6 23 3 42 12 39 15 68 18 56 2 75 10 85 13 74 5 82 1 85 8 56
7 75 13 30 6 22 12 55 10 10 11 52 8 51 17 91 0 84 9 35 4 82 3 5 19 2 15 91 14 5 2 54 1 94 5 56 18 22 16 18
10 48 9 98 16 95 2 43 1 45 18 65 12 46 7 46 5 64 13 83 14 91 3 5 15 73 0 25 11 28 8 84 4 65 19 24 6 13 17 39
16 65 17 85 15 49 19 18 5 53 7 97 11 24 2 13 14 15 10 80 18 99 12 74 9 94 1 8 0 24 6 83 4 15 3 51 8 37 13 66
9 89 1 13 12 89 15 26 19 5 3 55 16 10 0 90 5 62 8 30 6 58 2 65 14 31 4 85 18 31 7 60 17 59 13 4 10 18 11 39
16 90 10 21 3 26 6 32 12 54 17 35 5 51 13 72 18 15 2 81 8 78 1 36 11 88 0 95 7 7 4 30 15 29 19 39 9 95 14 34
16 14 10 25 14 77 15 12 18 2 12 98 17 85 3 83 2 12 4 89 7 89 5 24 11 54 8 84 19 59 0 57 13 88 1 79 6 28 9 38
4 83 16 22 12 52 17 99 9 41 11 27 8 18 3 50 15 1 1 28 18 7 5 86 19 98 2 12 10 80 6 85 13 64 14 63 7 37 0 34
18 77 16 48 2 65 3 67 19 95 15 80 8 58 9 64 5 8 17 2 4 67 11 12 7 95 14 95 10 10 6 47 13 15 12 69 1 74 0 5
