100 20
2 42 6 11 10 19 12 11 11 14 19 48 7 38 13 18 18 13 4 29 15 68 14 12 9 56 8 72 0 61 3 48 17 8 16 71 1 38 5 33
10 80 16 86 12 64 2 14 15 27 3 96 5 59 6 98 1 19 0 96 8 79 13 92 7 35 19 4 18 18 4 76 11 49 14 11 17 19 9 87
0 73 1 56 2 10 5 86 9 56 17 47 18 37 8 19 3 96 15 28 14 45 16 84 11 19 12 68 7 4 6 51 19 56 4 41 13 20 10 19
4 86 18 63 16 22 9 88 15 75 12 78 5 37 19 42 6 63 8 8 10 84 1 74 2 76 13 55 7 35 14 13 3 25 0 4 11 81 17 89
17 31 15 40 1 53 14 35 2 5 11 92 4 95 18 25 5 44 13 30 6 55 12 89 8 99 0 49 3 38 19 15 10 2 9 31 7 35 16 96
10 75 5 81 13 65 1 54 8 76 7 85 12 13 18 22 16 12 4 56 6 99 11 8 0 80 3 32 14 34 9 82 19 67 17 72 2 46 15 64
8 26 5 98 10 70 12 43 2 30 0 70 19 37 14 64 3 68 1 6 9 20 4 17 17 90 13 93 18 83 7 74 16 75 15 36 6 4 11 37
5 93 0 85 11 71 10 87 2 93 9 85 8 24 19 59 6 30 12 67 16 20 1 70 15 31 17 26 4 80 3 30 13 10 18 62 14 96 7 29
18 49 6 21 11 51 12 83 5 2 1 35 13 35 2 19 4 59 16 24 7 72 14 98 19 36 15 18 10 13 8 8 9 67 0 91 17 84 3 48
11 59 14 84 6 99 10 38 2 80 17 65 0 16 8 27 16 40 7 23 19 91 3 24 13 75 5 93 15 77 4 61 18 43 1 1 12 80 9 27
9 86 14 73 2 8 0 17 11 78 3 74 17 98 1 45 16 52 7 21 8 83 15 3 10 19 13 96 5 73 12 5 4 69 19 49 18 23 6 61
17 19 9 52 10 92 13 40 11 27 1 45 12 33 8 58 2 25 6 34 15 63 5 37 16 87 19 78 0 95 4 2 7 84 18 2 14 61 3 79
9 67 12 21 11 45 3 35 2 26 16 45 1 61 19 17 4 28 5 9 7 11 13 88 14 44 18 35 0 79 10 26 15 87 6 73 8 55 17 84
8 14 2 34 9 58 18 64 16 47 1 80 4 96 5 91 19 12 3 21 0 73 17 34 14 82 6 28 12 91 7 34 11 8 10 97 15 47 13 98
3 22 5 45 14 12 0 7 15 82 17 98 12 77 11 76 19 58 1 90 18 33 6 31 9 67 10 98 7 61 16 4 8 72 2 84 4 30 13 28
18 6 15 37 5 99 0 85 3 54 14 20 16 6 4 80 10 51 7 59 9 3 19 60 12 73 11 91 2 68 6 70 1 64 17 95 13 19 8 6
6 23 9 34 16 34 10 30 19 28 2 77 4 52 5 32 15 99 0 44 1 95 17 26 14 37 8 12 7 38 12 24 11 55 3 30 13 71 18 90
1 25 4 20 9 86 12 31 17 41 18 80 2 29 16 41 8 12 5 73 14 77 19 56 15 31 0 88 11 16 6 66 3 40 7 30 10 28 13 62
2 35 16 85 13 38 17 82 14 68 5 71 10 47 1 70 3 12 18 9 12 90 9 46 11 69 4 10 19 6 15 55 7 93 8 1 6 46 0 81
6 8 17 32 13 97 19 52 2 32 9 40 4 55 1 30 7 28 11 74 3 85 0 70 14 57 5 1 10 45 8 64 12 76 18 66 16 11 15 88
13 31 19 47 16 86 11 55 6 76 18 10 10 47 3 68 15 28 9 25 7 4 1 54 2 93 14 41 17 78 5 54 8 61 0 28 12 62 4 95
10 71 6 41 0 79 17 41 7 2 5 27 16 13 9 93 1 59 15 33 13 74 12 45 19 33 14 43 3 62 11 80 18 63 2 67 8 41 4 96
1 28 3 17 0 84 2 82 15 89 4 38 14 89 9 68 18 6 8 4 19 70 13 14 6 74 11 42 7 59 16 4 10 22 17 61 12 36 5 49
9 77 8 84 4 46 14 49 12 84 18 26 13 28 10 59 3 96 11 13 5 45 2 54 15 88 19 29 1 29 0 49 6 73 16 16 7 32 17 21
15 8 17 3 18 69 9 53 1 76 16 54 7 72 12 67 4 81 13 78 10 19 19 54 11 64 0 50 5 55 8 82 3 72 2 91 6 81 14 91
14 90 10 44 5 53 4 86 13 63 19 30 3 88 11 69 15 51 1 77 8 45 16 9 17 17 6 66 12 75 7 52 18 26 9 22 2 79 0 58
15 20 6 46 0 78 9 90 4 46 3 83 12 98 16 20 18 80 7 91 2 25 1 55 19 74 10 86 8 81 13 16 14 40 5 53 11 39 17 25
17 73 7 45 10 89 0 76 15 39 13 7 6 95 2 23 4 57 16 72 9 7 12 61 19 27 1 88 5 30 11 36 8 75 3 78 18 91 14 5
19 74 1 15 18 46 15 13 4 26 11 27 17 86 5 2 2 52 12 67 10 91 13 46 7 58 6 46 16 34 8 93 14 77 3 1 0 70 9 89
15 95 17 60 19 37 9 50 7 86 3 5 6 41 12 43 5 83 16 89 13 1 0 34 11 82 18 37 8 39 10 69 14 34 1 66 4 13 2 31
10 70 3 82 0 8 19 90 18 16 7 94 12 45 15 3 13 84 1 8 16 53 17 5 4 50 5 38 2 48 14 99 6 31 11 78 8 52 9 75
17 50 14 73 9 11 0 98 5 70 12 57 3 34 16 38 2 86 8 52 7 92 4 41 15 12 6 90 1 33 10 58 11 17 13 5 19 35 18 83
5 1 10 67 2 99 4 54 14 72 9 5 6 48 11 55 0 92 18 71 1 19 12 72 16 71 15 42 13 6 7 34 8 85 17 50 19 84 3 72
15 4 6 48 8 22 7 45 3 34 9 67 19 48 14 94 0 87 2 5 1 1 11 6 5 29 10 37 16 28 18 27 12 40 4 12 17 28 13 23
6 71 15 12 19 93 3 94 18 2 14 49 9 74 17 60 13 31 7 67 11 87 8 36 2 51 0 11 10 12 4 77 16 14 5 71 12 31 1 97
11 89 6 41 19 67 9 97 12 82 16 52 2 43 18 36 7 56 14 5 8 47 0 93 10 47 15 5 1 15 5 30 3 48 4 38 13 15 17 2
12 89 7 23 4 37 1 84 19 70 11 8 8 53 17 22 18 18 14 26 0 29 6 86 3 40 10 3 5 32 16 48 13 98 15 1 9 91 2 9
15 15 18 81 19 91 10 2 8 5 17 93 12 16 16 46 13 76 2 36 0 10 7 78 4 45 6 69 11 29 5 97 14 40 9 1 3 81 1 2
2 13 8 25 19 85 3 98 9 1 13 49 5 5 6 62 0 61 7 53 4 1 11 62 18 89 1 32 16 10 10 51 14 80 12 15 15 61 17 39
16 40 0 57 17 80 7 89 14 40 12 82 13 18 8 19 19 34 11 15 1 85 6 69 4 92 15 23 10 31 2 47 3 56 5 30 18 46 9 49
12 76 18 78 5 24 16 50 17 37 9 82 2 49 1 54 14 47 0 20 11 16 15 76 6 51 3 50 19 71 13 90 7 9 4 53 8 65 10 59
3 99 9 60 7 5 14 26 10 3 1 35 18 54 5 93 12 35 2 22 13 15 4 59 19 58 11 75 8 83 15 24 17 97 0 75 6 54 16 81
5 57 1 52 2 10 3 96 19 89 18 23 15 11 11 33 8 80 0 60 17 36 12 23 7 21 16 49 9 21 13 9 10 94 6 54 4 84 14 17
3 46 11 70 10 9 6 91 7 31 13 27 16 82 0 37 15 66 2 51 5 77 17 70 1 13 18 54 12 75 14 79 4 61 9 94 8 55 19 18
16 96 12 49 2 64 10 39 11 13 18 84 4 46 0 64 7 6 6 76 17 56 15 8 8 97 5 85 9 88 3 69 13 42 19 37 1 72 14 39
10 37 14 50 5 13 17 45 4 5 16 86 13 95 2 97 1 49 18 57 19 90 15 39 0 84 3 27 11 92 6 37 8 73 7 39 9 5 12 3
18 51 19 71 12 67 7 66 0 35 1 13 11 52 2 82 14 60 5 77 16 86 13 20 6 52 9 5 4 82 17 33 8 12 15 55 3 72 10 65
6 54 18 53 7 54 12 13 17 33 0 5 1 80 14 14 10 8 13 28 9 98 8 49 16 61 3 38 2 5 15 33 19 98 4 96 11 81 5 67
10 62 3 40 0 84 15 41 16 81 2 21 7 45 12 17 9 3 14 12 5 77 1 30 13 87 11 90 4 66 19 47 6 20 18 36 17 21 8 16
19 3 0 20 5 19 9 1 13 36 4 85 2 85 14 72 17 10 6 57 7 2 15 33 16 29 3 74 10 59 1 53 8 17 12 86 11 13 18 55
12 78 5 71 2 55 3 2 18 47 13 31 16 76 19 24 1 37 8 52 0 73 15 95 9 45 11 51 7 83 4 12 10 87 14 67 6 51 17 74
2 90 8 59 18 3 4 48 13 56 5 73 14 6 1 99 11 90 16 58 19 87 6 18 7 49 10 52 12 5 0 57 3 75 9 25 17 70 15 82
11 26 5 47 4 48 16 41 19 48 0 6 18 71 1 1 2 2 15 43 9 58 17 14 12 63 10 87 6 19 7 15 13 64 8 40 3 18 14 6
0 38 10 41 11 63 3 70 5 98 14 35 6 56 2 92 16 99 19 3 4 33 18 4 9 61 17 84 12 20 1 45 15 3 8 20 7 36 13 36
6 55 15 85 5 89 11 65 16 73 4 22 2 90 13 6 10 36 12 70 3 39 7 91 0 51 9 49 19 98 8 10 18 41 14 23 1 86 17 88
4 25 10 94 19 47 16 93 12 88 11 62 18 22 0 71 15 93 13 4 2 72 1 53 8 33 14 63 6 75 9 65 7 43 17 74 5 57 3 3
2 56 3 99 1 54 10 63 18 22 13 43 9 79 11 49 19 90 15 71 5 5 16 13 8 10 4 33 7 63 14 47 6 38 0 34 12 11 17 83
0 30 17 94 8 15 10 9 9 68 15 53 6 44 3 28 19 30 5 30 13 77 12 39 18 25 4 84 7 64 2 78 14 4 16 74 1 61 11 57
10 31 9 44 14 42 11 43 1 67 18 23 5 1 13 73 15 8 4 75 6 65 12 2 0 33 16 97 2 36 8 92 17 64 3 48 7 47 19 44
6 79 16 21 19 67 9 25 17 90 1 44 11 51 7 91 10 70 2 42 14 54 12 89 15 58 13 74 8 73 18 27 0 49 5 24 4 37 3 95
18 6 4 4 15 15 3 43 7 65 5 98 9 50 2 88 1 91 10 15 13 2 19 62 6 27 8 70 0 59 17 3 11 52 16 38 14 80 12 45
4 49 3 22 12 29 8 54 2 62 1 7 7 73 19 23 17 10 5 5 9 38 13 21 15 92 6 76 11 49 14 91 16 46 0 11 18 36 10 27
6 59 15 98 2 76 14 42 16 30 19 35 10 6 12 89 9 19 8 21 11 88 13 2 5 38 18 1 7 28 0 71 4 85 1 78 17 22 3 69
18 37 7 11 1 21 4 31 13 12 11 48 16 9 15 12 2 26 14 71 19 92 5 15 12 58 9 29 10 8 8 13 17 51 3 51 0 16 6 49
12 32 8 7 15 38 6 23 18 4 9 83 1 1 2 53 10 16 0 34 19 70 4 18 13 74 17 41 3 11 16 79 14 90 7 73 11 6 5 77
18 70 2 9 10 2 1 42 7 71 11 81 19 70 12 4 8 80 6 79 3 28 0 13 13 36 5 78 17 99 16 16 15 13 14 20 4 92 9 2
19 65 11 80 9 93 18 15 13 34 3 68 2 53 17 93 5 7 8 79 1 50 6 57 12 43 4 23 16 62 0 60 15 63 14 15 10 47 7 17
0 20 17 32 3 59 4 57 10 49 5 98 11 73 19 67 2 58 7 61 9 33 1 14 18 78 6 20 16 73 15 74 13 19 8 91 12 4 14 60
0 41 15 26 2 84 3 7 5 1 7 80 18 82 11 31 17 30 1 63 19 81 9 97 13 83 14 69 10 70 6 79 12 37 8 13 16 24 4 12
5 16 14 24 8 98 12 85 18 70 7 93 2 13 10 50 16 76 15 99 6 23 11 24 3 48 1 48 13 63 4 90 9 39 17 38 19 82 0 10
9 27 4 21 17 83 7 77 18 47 6 49 14 85 16 57 8 68 11 19 2 73 15 16 5 77 1 53 13 19 12 59 0 92 10 10 3 48 19 96
5 65 7 57 2 7 3 53 14 88 10 14 16 76 19 65 18 62 0 50 8 87 6 29 12 60 15 8 13 41 11 53 9 6 17 24 4 2 1 69
6 90 12 2 17 35 10 39 8 36 11 70 0 79 9 6 5 1 16 69 2 27 13 20 1 22 4 41 7 48 19 70 18 31 3 9 14 12 15 77
9 28 0 19 15 61 5 99 19 10 7 99 1 32 14 71 3 2 10 7 13 33 6 5 16 82 12 85 4 72 17 33 8 71 18 85 11 93 2 67
10 40 13 80 8 39 12 14 19 63 18 37 15 55 16 86 1 31 3 84 14 17 9 86 6 32 7 97 2 22 0 32 17 47 11 97 5 11 4 58
5 41 14 43 4 77 18 8 13 16 19 74 6 37 9 63 1 87 3 19 8 39 12 71 10 22 15 53 16 21 0 68 17 43 7 35 2 17 11 92
9 82 19 16 10 95 17 17 14 61 12 18 2 59 15 53 16 64 4 36 8 80 11 84 6 10 13 33 18 29 1 64 0 59 5 90 3 89 7 48
3 12 5 29 11 36 15 65 8 4 16 19 14 40 2 1 4 10 19 55 12 65 13 28 6 88 10 66 0 98 18 65 1 92 17 53 9 70 7 46
16 36 14 21 2 79 0 65 7 88 4 14 1 5 9 15 19 59 8 6 11 91 10 88 18 70 5 23 15 42 13 92 3 70 17 29 6 27 12 51
19 60 7 63 6 65 18 90 12 46 13 8 1 8 8 81 5 29 2 44 3 58 10 20 9 29 15 31 17 1 14 52 4 3 0 64 11 1 16 76
11 84 14 11 7 97 15 96 4 62 12 9 9 50 10 37 18 43 5 4 13 9 19 40 17 60 0 48 8 26 16 32 3 95 6 98 2 53 1 39
0 50 19 69 14 81 16 44 17 41 7 19 18 42 5 44 4 71 15 17 12 20 1 84 6 1 8 85 13 18 3 65 11 6 9 2 10 72 2 33
4 77 17 60 11 99 2 35 1 91 9 86 18 49 0 15 8 92 12 43 14 8 10 51 6 58 7 4 5 21 13 5 3 98 16 40 15 66 19 53
19 13 17 72 7 23 2 66 10 36 11 75 1 40 18 98 15 8 3 76 12 86 9 11 14 43 13 34 6 6 0 31 8 33 5 54 16 15 4 47
19 22 7 23 12 97 14 17 2 57 11 15 16 79 3 6 18 56 8 15 1 68 0 42 17 19 15 38 4 15 13 5 9 62 10 31 6 16 5 62
18 95 9 65 4 74 3 69 10 50 17 96 13 41 12 70 5 54 15 16 8 65 0 63 6 47 16 43 7 79 2 12 11 99 19 97 1 11 14 76
13 20 12 59 19 4 5 21 10 89 11 16 17 25 4 41 0 21 15 57 8 81 18 92 1 16 2 87 16 94 14 89 7 7 6 50 3 73 9 91
1 20 19 36 0 66 17 37 6 47 2 53 5 27 14 67 18 85 4 27 15 79 12 41 13 78 7 25 10 25 3 38 16 7 11 45 9 53 8 66
7 34 16 17 14 63 17 25 18 20 4 70 10 30 8 41 19 13 9 62 11 33 6 53 15 3 0 18 1 9 13 66 5 53 12 80 3 53 2 12
6 20 14 50 0 4 17 8 15 60 3 38 8 51 19 91 16 94 18 13 7 90 11 24 1 66 13 74 9 94 2 89 5 81 4 33 12 2 10 9
5 69 12 66 8 78 19 64 2 48 3 59 1 22 6 37 7 51 11 27 4 56 17 69 13 24 9 60 15 1 16 46 18 94 10 69 14 45 0 14
15 63 6 15 16 25 8 40 18 24 10 34 17 12 13 86 19 25 3 85 9 33 5 41 14 44 7 42 1 74 12 45 11 14 0 22 2 32 4 5
6 17 2 56 17 53 12 18 4 56 15 21 5 61 1 1 10 53 3 82 16 42 13 10 8 5 14 57 18 2 0 17 9 16 11 10 7 29 19 58
16 12 7 49 10 54 1 95 18 27 0 22 13 46 15 76 8 98 4 81 3 19 9 41 6 44 2 28 12 16 5 61 11 94 14 30 17 73 19 24
5 40 6 65 8 76 1 65 19 95 2 98 16 97 3 76 0 56 17 71 12 19 13 5 15 40 7 46 18 97 11 3 10 44 14 80 9 51 4 24
8 73 0 18 19 21 3 82 12 28 15 4 16 19 6 97 1 53 7 65 2 79 4 19 9 94 11 80 10 93 5 32 14 26 17 91 18 33 13 29
8 90 1 83 6 12 5 70 0 47 10 24 19 20 16 68 13 5 15 63 17 86 9 5 7 48 12 39 4 5 11 45 14 30 18 53 3 67 2 11
17 7 19 48 4 98 14 19 11 37 16 52 15 76 8 73 12 14 6 24 1 56 18 7 13 90 5 8 0 35 9 29 2 91 7 59 10 58 3 38
3 44 15 10 14 86 1 70 10 67 0 85 13 29 2 23 4 51 9 91 12 96 5 59 19 13 16 45 8 51 6 81 11 22 17 38 7 95 18 55
2 8 10 66 8 26 16 79 11 11 3 12 7 28 13 18 15 93 14 10 17 46 19 2 6 43 9 98 18 19 0 32 5 69 1 73 4 36 12 20
