100 20
3 8 9 24 0 94 15 72 2 10 11 79 19 44 4 88 17 36 7 65 6 26 14 47 10 3 16 47 18 64 13 79 12 78 1 74 8 83 5 83
11 85 19 63 7 30 3 38 15 65 2 25 14 65 1 72 18 66 16 87 13 15 4 49 5 23 8 55 12 90 0 28 17 53 9 22 10 50 6 15
16 99 12 65 15 50 13 36 1 95 2 75 17 12 7 96 11 80 19 69 3 29 18 96 14 89 9 81 4 91 8 36 6 85 10 58 5 21 0 1
2 9 8 63 4 40 0 77 15 86 7 11 5 47 16 96 13 60 11 43 6 33 14 26 18 3 12 64 17 74 10 39 19 19 1 64 9 46 3 93
18 76 3 99 17 48 14 27 1 82 4 34 8 84 5 21 0 35 2 11 15 52 16 25 9 30 19 93 6 91 13 35 11 17 7 47 12 95 10 30
8 62 0 98 18 78 16 16 9 5 2 81 7 12 6 18 3 8 17 50 11 80 19 25 14 45 12 75 13 33 10 94 15 99 4 50 1 17 5 58
16 30 15 8 14 73 19 73 7 81 12 38 5 23 13 27 18 22 4 22 9 9 17 49 2 84 3 60 1 58 6 61 10 26 11 60 8 54 0 89
11 12 19 16 2 54 14 30 15 31 10 77 13 98 16 57 7 10 3 25 8 75 5 54 4 45 12 7 0 88 1 16 18 96 6 9 17 86 9 91
16 6 7 11 5 64 14 30 19 77 1 52 10 85 17 42 13 16 2 97 9 80 4 43 6 29 0 78 12 53 8 1 15 68 11 44 3 36 18 87
2 67 7 95 10 61 13 55 6 68 15 49 9 39 3 31 16 27 18 71 14 33 19 17 12 30 4 67 11 82 8 82 17 68 1 61 5 64 0 36
12 9 15 60 3 8 8 78 19 72 1 89 13 79 4 39 17 70 5 15 10 23 9 67 16 33 7 57 18 64 11 84 2 22 14 11 0 39 6 8
6 91 2 27 12 39 15 11 19 72 8 82 7 80 13 68 14 22 4 45 16 70 1 83 18 9 0 24 10 50 5 58 17 45 11 8 3 49 9 26
6 74 19 76 8 81 7 26 9 87 3 14 15 81 1 74 5 4 16 46 12 17 13 22 18 45 2 46 4 33 10 39 17 66 0 29 11 20 14 90
7 19 12 35 11 25 6 8 17 86 14 48 13 48 0 70 16 14 4 24 3 24 18 9 1 79 8 39 10 34 9 24 2 85 5 15 19 87 15 72
0 50 5 87 17 81 18 32 2 39 10 57 1 26 4 49 7 14 12 50 11 31 9 16 16 79 8 53 6 41 3 31 14 49 13 75 19 91 15 20
11 70 8 24 2 1 12 84 13 32 3 28 17 39 6 71 10 10 19 86 14 20 16 35 7 91 15 55 4 67 5 37 0 27 9 42 1 11 18 43
14 62 5 60 8 75 1 67 15 30 17 16 16 26 11 86 13 90 12 70 2 45 6 53 19 77 10 82 18 76 7 77 4 68 0 28 3 97 9 99
14 72 18 19 3 40 17 87 9 86 0 60 4 6 7 38 10 69 8 77 11 26 2 99 16 83 15 32 19 66 12 33 5 48 6 61 1 73 13 31
15 99 11 42 3 4 6 82 9 89 13 70 5 65 14 11 18 47 12 60 8 98 1 66 4 81 7 63 17 99 19 26 2 7 0 55 16 30 10 96
10 80 9 90 16 3 11 16 5 69 18 12 17 58 0 83 3 40 7 26 8 6 19 95 15 98 13 58 14 62 12 42 6 28 2 30 4 82 1 44
3 43 18 74 17 22 4 43 14 79 8 87 5 63 16 67 7 46 0 67 15 84 9 14 10 45 1 99 19 56 11 89 13 92 12 43 6 76 2 66
13 16 11 75 5 22 17 13 7 56 3 67 6 48 14 78 2 86 10 88 18 64 4 63 19 43 12 35 15 8 0 93 8 40 1 42 16 54 9 6
18 5 15 25 1 89 10 88 5 80 0 10 12 80 9 47 8 59 6 30 3 27 2 87 16 17 17 65 11 30 14 97 19 91 4 35 13 66 7 87
13 31 7 60 3 16 9 37 5 75 19 81 11 38 15 23 4 74 14 10 0 12 1 36 2 69 12 55 16 88 6 74 17 20 10 31 8 86 18 35
12 81 11 11 10 14 14 63 15 30 8 77 1 23 5 22 19 84 3 53 13 25 4 90 17 59 16 29 7 64 0 37 6 40 18 15 2 94 9 31
2 7 17 87 19 1 6 43 8 19 5 19 18 40 13 69 14 5 9 36 15 38 4 24 12 91 1 92 3 90 11 28 16 25 0 70 7 86 10 20
1 43 12 64 14 74 6 52 11 6 4 87 9 20 7 29 0 36 16 57 8 16 10 55 13 38 2 58 17 97 18 78 19 65 15 16 3 70 5 86
9 7 11 30 8 47 18 16 7 2 14 68 12 65 17 36 10 99 6 54 19 47 0 54 13 74 5 60 4 65 15 64 1 34 16 88 2 39 3 71
15 82 0 78 2 87 8 1 10 71 6 2 13 10 16 57 11 35 1 84 12 12 17 4 14 71 18 43 19 56 9 32 7 59 4 12 3 22 5 37
8 54 13 62 9 17 7 54 4 92 15 70 10 94 1 64 5 54 11 84 3 18 17 45 12 20 0 52 16 56 6 76 19 49 2 94 14 23 18 52
10 16 13 22 9 71 4 42 15 71 17 63 18 80 0 47 3 86 6 34 12 63 16 63 2 12 5 43 8 62 1 27 19 60 7 63 11 99 14 49
15 58 13 68 9 49 18 27 4 63 6 18 8 25 11 69 10 17 17 27 14 81 5 55 1 78 3 42 2 37 16 68 7 23 12 53 19 86 0 15
15 75 8 28 14 67 10 58 18 51 4 70 6 31 11 28 5 47 17 30 3 84 7 56 13 41 0 91 12 66 19 24 1 17 2 90 16 63 9 13
3 68 19 78 1 34 10 89 2 6 13 47 6 58 12 97 18 82 8 59 15 26 16 66 5 1 9 6 17 56 11 9 14 97 7 88 0 14 4 32
9 94 8 82 13 37 12 89 1 7 2 78 0 46 15 43 11 50 14 64 19 14 17 76 3 2 6 78 16 55 18 42 5 53 4 54 7 70 10 32
9 76 16 46 11 55 3 71 5 56 7 91 10 59 8 54 19 47 0 64 15 64 2 56 17 78 12 83 6 63 14 47 18 61 1 68 13 77 4 11
7 51 4 7 10 22 2 57 16 69 8 42 18 60 19 88 5 29 13 41 11 19 9 91 0 4 12 89 6 42 1 23 15 51 3 20 14 27 17 89
14 37 12 81 1 2 11 49 2 58 19 68 10 3 3 40 9 47 15 56 4 29 5 74 0 18 16 23 8 60 17 85 18 62 13 80 6 41 7 57
9 18 4 12 14 40 0 15 10 47 5 40 6 24 2 91 16 29 8 76 7 87 12 51 13 46 18 31 3 99 11 66 15 86 17 15 1 63 19 78
19 75 0 50 8 42 6 40 12 49 17 28 1 82 7 81 11 98 4 34 13 33 18 80 2 26 10 52 15 66 16 81 5 2 9 91 14 77 3 50
10 68 13 20 16 56 1 73 3 46 4 28 6 96 19 15 0 29 15 75 5 81 9 68 17 90 7 52 11 52 8 80 2 35 14 20 18 29 12 12
1 62 4 97 13 96 16 55 17 47 15 35 10 23 0 89 6 96 5 4 8 77 11 58 9 28 18 76 3 66 14 78 7 96 19 26 12 35 2 43
17 30 14 12 3 52 7 51 6 71 8 37 2 86 11 8 1 82 13 57 5 62 12 5 15 78 10 10 19 58 16 27 9 68 4 8 18 74 0 47
13 79 15 47 1 83 0 95 19 11 16 37 12 73 5 45 6 96 3 31 8 43 11 63 14 41 4 73 7 88 17 92 2 34 10 38 18 68 9 64
10 31 9 89 6 14 15 95 0 68 5 7 11 12 16 39 14 13 17 4 7 89 8 29 18 9 1 19 2 22 19 62 4 27 12 51 13 84 3 9
18 75 13 46 11 46 3 77 7 84 6 37 15 37 17 63 9 75 14 52 1 75 0 58 8 9 4 65 10 63 2 8 16 98 12 82 5 10 19 95
2 26 4 97 9 18 12 55 18 82 15 6 19 35 17 61 3 57 10 66 11 96 0 95 7 37 14 43 6 50 1 99 16 14 13 24 8 78 5 30
1 17 8 15 12 92 3 3 4 31 5 96 10 83 16 66 7 83 17 69 6 18 0 14 13 3 9 38 11 88 14 28 19 59 2 66 18 78 15 90
17 21 8 17 2 4 4 98 18 10 15 89 9 50 1 50 14 24 10 65 3 14 7 66 12 36 0 34 11 59 13 95 16 90 5 32 6 20 19 83
0 92 15 35 8 95 2 22 19 70 14 61 3 2 9 88 1 87 18 66 6 73 12 37 4 72 7 85 16 29 11 24 13 46 5 13 17 75 10 2
16 97 15 1 1 36 18 60 8 17 0 92 5 66 11 23 12 54 9 84 3 88 2 84 7 26 14 70 6 18 10 91 19 12 4 25 13 8 17 50
12 62 19 22 10 25 13 32 4 44 15 51 18 19 9 1 16 68 11 74 2 34 0 96 1 43 6 24 5 12 3 72 17 59 14 30 7 84 8 51
15 26 5 86 9 59 19 8 17 13 10 91 18 56 4 34 14 28 8 83 12 94 7 7 0 12 11 26 1 24 13 28 2 25 6 17 16 90 3 49
1 46 11 43 3 41 12 28 5 46 8 93 0 58 4 16 18 99 17 12 2 5 19 88 10 55 13 2 9 50 16 19 6 45 7 91 15 40 14 13
17 6 19 26 13 89 3 86 16 64 12 78 15 5 1 39 4 71 11 99 0 47 14 26 2 30 5 14 8 59 9 34 18 51 6 96 10 75 7 96
7 29 8 2 3 42 5 28 9 79 1 19 2 35 10 64 11 60 0 79 19 77 14 30 17 99 4 33 13 21 16 7 6 86 18 69 12 86 15 18
1 15 6 25 5 42 16 13 17 7 0 87 10 68 14 68 7 2 8 64 3 84 11 50 19 85 13 28 15 18 4 63 18 8 2 49 12 83 9 68
10 7 1 98 11 17 7 66 15 32 6 62 19 60 0 10 14 13 3 84 8 9 16 11 2 8 9 76 18 38 17 74 4 22 13 3 12 85 5 38
17 29 15 90 7 3 8 99 3 84 19 38 4 80 14 28 18 56 6 13 12 78 16 59 0 48 13 45 1 3 10 75 2 46 5 51 9 11 11 98
0 95 19 72 9 23 14 22 15 52 8 82 10 28 1 42 6 22 18 21 13 55 5 72 17 51 11 32 7 28 12 50 2 97 16 98 3 74 4 3
2 52 1 89 16 24 12 86 13 5 17 53 14 48 11 53 19 61 4 49 3 36 10 72 9 74 18 9 15 78 7 30 8 8 0 43 6 8 5 22
2 16 16 73 11 91 13 53 1 86 4 45 14 8 8 83 9 7 12 53 0 6 7 24 19 74 10 37 17 74 6 73 18 3 5 42 15 87 3 14
15 95 18 45 9 21 19 5 0 51 2 17 5 62 8 33 4 92 12 40 10 24 11 63 7 48 16 44 6 62 3 56 14 44 13 93 1 17 17 96
10 45 6 56 8 4 0 90 5 48 4 20 14 69 12 50 17 36 11 25 3 54 19 29 18 24 9 14 15 17 1 52 13 51 7 97 16 2 2 97
7 87 3 50 1 88 8 72 14 26 15 70 19 42 17 80 5 86 10 85 13 56 4 25 18 23 11 7 12 16 6 20 9 99 16 99 2 69 0 8
12 16 11 79 14 43 7 16 4 13 19 67 8 19 9 45 1 98 3 43 17 95 15 79 5 55 16 90 2 83 6 23 18 36 0 86 10 98 13 99
16 54 15 81 14 33 1 90 10 38 13 36 9 24 19 72 6 77 12 68 3 35 7 25 5 49 8 12 18 6 0 65 4 35 2 35 11 9 17 26
3 47 14 4 13 98 1 52 0 69 6 84 9 83 10 8 2 55 16 28 15 27 11 65 7 31 8 66 5 85 4 16 19 94 17 88 12 89 18 43
19 48 1 54 6 39 16 23 4 93 11 89 18 38 0 89 15 22 2 30 12 53 5 86 9 35 3 94 10 2 7 97 8 35 13 36 17 95 14 3
18 25 12 13 14 14 13 33 19 29 16 63 10 48 4 24 15 12 7 99 2 11 11 51 6 8 5 95 1 13 3 92 8 61 17 85 9 43 0 7
15 99 14 44 7 95 4 81 3 39 11 66 2 39 12 82 10 52 18 18 5 99 16 30 1 75 6 11 8 43 9 15 17 69 13 7 19 44 0 25
16 30 8 38 14 47 1 56 2 29 6 6 18 33 7 92 3 10 11 61 19 80 10 7 17 24 15 22 4 58 0 97 5 20 12 7 9 57 13 27
18 79 7 89 9 71 15 65 2 81 12 46 0 98 14 50 17 32 16 95 8 40 6 62 13 81 4 48 5 78 3 16 19 23 11 89 1 32 10 55
3 67 4 13 5 45 12 92 11 20 6 46 0 72 2 91 8 60 16 23 10 13 14 63 13 3 18 48 9 9 17 37 1 73 15 35 7 74 19 34
3 85 19 28 5 90 12 98 13 16 1 2 10 52 17 33 11 24 14 94 16 31 0 47 18 22 9 13 4 19 7 98 6 85 2 6 8 54 15 56
15 37 16 28 13 1 9 64 19 9 1 86 11 37 17 77 14 86 10 86 0 8 5 72 18 47 8 66 12 55 4 6 6 91 3 65 2 60 7 95
2 24 19 71 8 74 7 35 18 54 4 39 11 55 14 23 12 57 15 55 9 3 5 94 16 17 0 90 1 89 6 91 13 25 3 60 17 39 10 11
14 87 13 21 6 84 10 20 16 76 9 83 0 41 3 86 5 81 11 21 1 74 17 54 12 60 7 85 2 82 8 39 15 81 19 35 18 60 4 14
15 16 8 3 9 29 10 65 18 20 1 72 17 89 6 75 4 20 2 23 5 58 3 84 12 76 13 46 16 20 11 18 7 41 19 96 14 28 0 19
17 4 14 31 10 1 1 92 9 89 0 19 3 81 4 2 16 25 12 47 13 11 11 94 19 97 7 69 15 82 6 90 2 64 18 46 5 21 8 11
18 39 8 48 11 41 3 35 14 6 10 40 12 43 17 46 16 27 15 87 6 54 13 98 4 62 19 73 7 18 1 50 0 28 2 73 5 60 9 87
19 41 15 12 1 52 0 46 3 1 16 22 7 61 13 63 12 75 17 31 5 6 9 25 11 53 10 88 8 80 4 4 18 55 2 35 14 84 6 73
0 48 13 27 1 10 16 8 3 56 5 7 7 3 6 42 8 29 15 52 14 39 18 24 11 90 19 84 17 38 2 99 9 92 12 10 10 13 4 21
14 41 5 31 19 65 13 35 4 16 0 5 6 25 9 56 11 91 16 84 3 80 17 60 8 31 1 23 15 75 18 54 12 47 7 14 10 67 2 49
17 32 1 78 14 82 8 30 7 73 6 80 15 39 19 32 18 74 10 86 11 67 0 43 16 58 12 68 2 12 4 24 9 80 3 57 5 80 13 85
4 13 9 87 7 5 13 42 8 87 3 48 16 77 10 31 15 95 5 2 19 93 12 44 11 63 2 63 17 90 1 39 0 53 18 56 6 78 14 68
14 15 0 88 15 55 5 23 11 34 8 22 19 52 13 21 10 62 3 94 4 95 6 24 12 64 18 79 17 96 2 47 7 15 1 69 16 80 9 34
8 99 14 79 4 44 0 75 11 86 12 99 19 22 17 99 2 18 5 15 16 77 10 33 15 14 18 34 7 61 6 20 1 59 3 20 13 66 9 43
14 44 5 66 8 97 0 71 9 4 16 1 6 62 12 68 19 48 2 10 17 17 11 95 15 8 3 67 4 53 7 52 18 1 13 2 1 13 10 38
13 41 17 17 18 36 8 61 2 1 9 81 7 64 16 51 19 30 11 73 12 26 4 62 10 67 15 98 14 48 5 37 1 5 6 97 0 19 3 12
13 81 19 19 18 4 10 60 1 66 15 53 2 61 12 94 0 36 5 26 3 1 14 78 4 1 8 75 7 67 6 50 17 53 16 77 11 6 9 44
16 70 7 11 17 6 2 27 1 4 0 91 11 81 3 75 18 85 6 84 4 42 19 22 15 28 14 35 9 23 8 1 13 94 10 39 5 97 12 40
9 7 17 5 19 79 7 23 16 80 4 36 14 76 2 64 3 39 11 18 0 96 6 7 18 99 13 49 5 20 15 95 10 1 1 28 12 94 8 79
10 99 18 59 6 56 1 47 2 59 15 81 3 1 5 97 7 22 9 35 0 1 11 37 12 53 17 18 16 55 8 22 4 21 13 99 14 45 19 6
10 75 17 47 9 68 1 92 12 45 13 27 19 22 2 29 16 54 11 18 5 85 15 16 14 66 7 26 0 78 6 73 18 33 3 58 8 22 4 45
17 1 10 36 15 12 6 76 18 54 8 51 19 78 13 9 2 69 16 41 9 24 5 54 12 29 1 84 14 22 3 64 11 33 0 73 7 30 4 83
1 31 12 99 11 4 10 90 2 44 18 27 14 7 16 36 5 32 6 19 17 45 8 36 0 2 4 96 13 44 19 96 3 62 9 38 15 83 7 1
2 59 8 7 18 37 15 48 17 61 12 78 5 29 9 82 1 8 10 99 3 47 7 35 13 14 19 93 6 49 4 14 11 31 16 39 0 31 14 77
10 29 16 84 2 50 17 34 19 66 7 51 3 5 18 93 12 80 5 73 1 29 4 61 0 72 8 47 9 99 13 41 6 41 11 96 14 29 15 25
5 56 0 60 18 61 1 34 13 37 4 77 14 80 7 40 10 91 2 39 11 87 12 76 19 34 9 41 15 54 8 72 6 28 3 96 17 37 16 72
