100 20
19 21 18 64 7 95 16 72 1 1 14 77 4 76 10 92 2 62 13 22 0 23 17 94 11 80 5 58 6 79 3 39 12 41 15 88 8 51 9 24
4 96 11 50 14 60 9 50 0 76 8 69 3 83 6 32 5 25 19 74 10 97 16 93 1 11 7 75 17 26 12 7 18 80 2 60 15 15 13 43
5 18 19 39 3 61 17 61 2 22 13 96 12 88 10 6 14 87 7 11 11 79 9 31 4 54 8 80 16 47 18 11 6 22 1 34 15 69 0 5
6 74 8 77 2 31 0 52 9 75 5 47 11 18 1 78 13 19 3 59 7 10 15 61 12 67 16 20 4 64 10 28 17 72 14 80 19 65 18 64
7 43 0 69 13 31 1 60 17 73 12 99 19 62 2 24 4 75 8 66 15 58 5 93 10 60 3 33 9 17 16 60 14 55 11 23 18 12 6 15
15 74 17 20 4 78 12 33 13 70 6 80 7 55 16 56 19 29 5 14 3 87 11 88 18 28 8 44 10 43 9 75 1 23 14 68 2 54 0 99
19 67 8 96 12 53 2 95 14 62 9 66 16 83 7 29 6 35 1 52 4 68 15 97 5 49 0 4 18 49 11 61 3 37 17 92 10 94 13 64
7 93 3 53 14 52 11 97 12 16 18 54 15 89 13 50 0 77 16 26 6 86 4 4 17 81 1 41 2 67 9 87 5 99 10 40 8 82 19 47
14 66 13 21 2 2 15 66 19 26 10 56 6 33 4 19 1 64 16 86 12 76 11 27 0 43 5 33 8 86 17 9 7 26 9 28 3 3 18 76
17 71 3 18 10 17 16 77 9 90 19 24 14 36 8 51 0 69 5 40 15 2 4 11 18 10 11 44 13 15 2 25 6 57 12 32 7 71 1 77
6 83 0 54 12 49 8 73 14 95 11 63 3 53 16 42 18 28 2 20 19 2 1 11 15 6 7 91 9 75 5 58 4 9 13 76 10 80 17 86
6 74 2 57 4 98 7 70 0 3 17 12 1 97 19 49 13 54 11 22 18 69 5 1 8 48 15 52 10 40 3 91 14 99 9 56 16 43 12 91
11 69 12 27 0 70 18 18 8 92 6 3 16 93 13 4 1 1 14 63 7 94 2 18 15 23 9 33 5 23 4 83 10 9 19 45 3 14 17 70
5 7 17 52 12 45 11 12 18 73 8 51 4 94 1 59 3 85 13 84 0 93 9 79 7 50 16 72 2 33 19 29 10 17 15 41 14 70 6 7
15 51 17 73 16 26 1 64 10 75 18 14 9 93 6 62 11 72 13 56 3 55 5 23 4 80 0 90 2 45 19 93 14 36 8 60 7 27 12 49
2 95 10 67 12 9 13 16 19 21 0 42 6 19 8 41 9 53 3 66 5 23 18 8 1 85 15 56 16 49 7 59 14 97 11 2 4 27 17 40
2 3 10 1 18 10 19 68 0 4 5 1 1 2 4 47 13 10 15 89 8 71 14 64 6 18 16 72 12 69 11 73 7 93 9 16 17 88 3 69
0 69 9 98 14 27 18 91 19 89 4 65 13 25 12 85 15 69 8 14 11 25 5 29 3 70 10 41 7 38 6 48 17 12 16 20 1 52 2 39
14 95 9 81 17 45 2 81 3 83 11 34 16 84 6 54 0 88 19 92 1 66 10 2 8 98 18 47 5 8 15 86 7 9 4 44 12 88 13 90
11 40 14 30 2 62 1 2 3 96 6 17 19 46 18 38 8 61 0 56 12 66 13 82 15 70 7 97 17 57 5 72 16 91 4 77 10 93 9 90
2 97 15 93 9 31 5 74 11 33 13 46 16 46 3 75 12 4 6 70 7 86 19 84 8 60 10 9 14 89 4 15 18 51 17 99 1 79 0 30
14 90 3 46 8 35 0 6 2 52 1 54 15 59 17 98 7 69 10 49 19 50 6 33 9 21 12 88 18 85 13 82 5 36 4 46 16 77 11 30
1 94 16 1 13 91 11 12 5 55 7 70 3 10 12 66 6 41 18 74 19 32 14 25 2 49 0 97 15 30 9 8 17 13 4 75 8 71 10 88
8 71 17 85 19 17 7 93 5 4 14 81 2 55 15 86 4 25 13 33 0 39 6 40 16 1 3 75 18 30 9 87 10 19 12 96 11 99 1 38
15 60 0 11 12 77 7 41 2 47 13 56 1 87 19 85 4 19 10 93 3 43 14 81 5 20 18 6 6 29 9 92 16 70 8 55 17 83 11 80
19 58 5 4 3 39 15 53 6 24 16 97 7 43 17 80 1 12 8 55 9 51 4 98 2 43 12 57 18 51 10 17 0 76 14 10 11 44 13 72
11 88 2 86 16 2 6 57 15 2 1 40 19 23 7 76 18 26 12 21 3 18 13 24 4 42 0 34 14 66 5 47 10 96 9 55 8 19 17 21
6 78 19 93 9 98 12 29 13 61 7 47 14 69 1 28 8 42 4 35 18 24 16 24 2 5 3 55 17 29 15 3 11 96 10 74 0 95 5 84
5 81 12 64 3 80 17 50 2 1 14 65 7 49 19 25 1 94 8 44 0 5 4 97 16 76 9 99 15 65 18 8 13 59 6 70 10 29 11 85
18 2 8 76 1 55 2 85 4 95 3 35 19 14 12 72 11 93 6 43 17 88 10 30 7 94 14 72 15 3 0 56 16 16 5 53 9 18 13 5
4 36 17 42 7 2 2 14 5 54 16 24 6 57 3 67 18 10 11 13 14 99 0 64 1 30 12 4 19 41 13 90 9 88 8 82 10 77 15 95
0 18 8 51 17 97 6 26 18 68 2 78 19 5 10 59 3 79 7 65 13 84 15 61 5 59 9 85 1 38 4 68 14 82 16 29 12 4 11 68
2 3 19 96 13 83 6 59 10 78 15 56 16 66 4 45 12 54 7 98 1 74 17 87 5 49 8 53 0 15 3 10 18 19 11 90 14 28 9 19
5 14 10 86 11 39 17 49 12 56 14 85 1 74 9 94 15 59 19 57 2 19 3 86 8 92 4 77 16 43 7 68 0 89 13 24 6 62 18 20
1 17 13 72 8 49 11 88 7 77 18 79 16 18 0 78 3 78 17 16 15 32 4 18 5 8 10 18 2 14 12 67 14 24 19 11 6 26 9 68
3 40 1 71 18 20 0 77 10 76 11 20 2 44 4 67 13 45 8 4 14 91 15 75 7 32 9 65 19 63 17 74 16 83 6 96 5 46 12 7
18 33 16 85 5 96 8 63 7 18 6 58 17 86 11 49 3 27 2 75 0 70 10 75 12 30 19 94 9 96 15 52 4 88 14 72 1 98 13 74
14 99 15 36 16 73 6 2 8 11 4 83 1 10 19 66 7 12 11 99 2 44 13 90 9 14 10 52 0 20 17 83 18 6 5 75 3 19 12 82
19 65 3 64 16 89 0 91 15 78 2 61 11 84 1 19 6 18 9 93 8 90 5 67 18 64 4 93 7 1 10 21 17 80 13 84 14 13 12 79
9 9 13 66 14 65 2 45 4 21 7 96 12 20 17 70 16 47 10 22 18 98 3 17 8 84 11 36 15 48 0 28 19 14 5 9 6 98 1 48
10 96 11 39 6 84 18 38 8 11 9 53 7 67 17 12 15 89 14 83 2 31 4 76 1 88 19 54 0 4 16 88 3 9 13 57 12 37 5 29
2 98 11 39 15 32 14 14 8 95 12 2 17 83 18 85 0 28 16 48 5 92 6 6 13 88 4 24 1 69 19 60 7 29 9 78 3 47 10 13
0 36 14 4 19 97 10 44 15 14 17 31 13 90 1 76 11 72 16 65 7 73 12 64 6 6 3 1 8 8 4 7 5 84 2 1 18 72 9 70
2 1 12 8 6 48 1 69 0 81 3 98 15 38 11 9 17 80 10 72 14 93 9 97 4 18 5 50 16 30 19 95 13 37 8 43 7 6 18 43
6 3 13 23 12 49 4 35 9 46 5 7 7 51 8 62 14 70 16 81 11 48 2 98 15 20 0 84 3 23 10 62 18 85 17 91 1 55 19 21
18 60 10 85 0 25 16 45 3 94 17 40 8 13 2 51 12 77 5 60 15 16 19 59 14 76 6 5 13 48 4 82 7 54 1 6 9 85 11 49
0 73 10 58 1 93 5 23 18 43 2 25 11 57 9 39 15 58 12 46 8 22 3 80 16 91 6 66 19 21 17 47 14 84 13 85 4 52 7 20
5 85 9 80 6 75 18 77 2 64 12 23 7 6 13 61 8 60 1 63 19 81 3 22 14 80 0 50 10 60 16 12 4 55 11 13 15 15 17 23
3 32 6 92 14 95 16 58 0 64 17 55 1 88 7 46 5 50 8 39 11 24 13 36 4 69 18 98 9 95 15 46 12 99 10 30 2 88 19 43
17 72 3 21 4 9 8 32 19 17 10 59 6 60 11 23 12 13 13 78 5 25 1 27 16 55 9 32 7 27 15 43 0 6 2 99 14 63 18 83
8 51 16 11 5 30 10 4 12 30 4 55 2 70 0 42 3 94 6 24 7 85 18 40 1 16 13 43 9 87 15 6 19 38 14 27 17 70 11 44
10 29 14 63 5 61 13 18 1 96 6 65 7 22 11 89 3 59 9 86 8 93 16 7 19 34 15 10 12 46 4 78 2 53 0 88 18 11 17 5
2 4 16 57 1 26 4 58 9 71 14 89 15 84 0 5 8 23 18 5 13 92 7 76 3 11 10 5 6 46 12 47 19 1 11 73 5 67 17 30
6 80 4 85 15 22 11 70 8 53 14 17 12 48 19 17 3 63 13 2 10 47 17 82 1 61 9 55 2 57 5 2 18 55 16 62 7 39 0 71
18 11 15 46 16 83 12 53 3 83 13 75 10 99 9 55 14 58 19 73 8 31 1 66 11 52 5 3 4 70 0 43 6 56 2 61 17 2 7 82
15 29 11 38 18 92 6 71 5 55 17 98 2 74 9 84 1 73 10 72 3 15 7 42 12 25 4 96 14 12 16 38 13 38 19 5 8 14 0 31
6 45 4 40 10 42 14 47 16 81 3 10 11 4 9 37 2 6 5 96 1 62 7 65 15 8 0 40 8 6 12 4 18 57 17 74 19 90 13 15
9 61 6 52 14 42 16 3 5 54 15 42 11 53 3 51 10 22 0 74 18 5 8 36 12 49 7 13 1 60 13 46 4 70 2 21 19 11 17 69
8 61 6 81 16 80 15 93 7 25 0 82 4 66 9 76 10 69 2 32 11 31 14 61 19 70 17 55 18 81 5 83 12 61 13 99 3 40 1 26
3 30 0 19 2 57 9 78 13 49 4 98 14 29 7 66 11 64 15 67 12 68 18 99 6 73 17 62 19 10 8 25 16 49 10 24 5 88 1 89
9 36 14 14 15 32 18 8 1 37 6 10 10 8 11 28 17 22 3 99 0 80 7 91 19 97 5 86 4 48 12 94 13 42 8 57 16 55 2 38
16 59 2 66 18 26 5 71 19 80 7 75 6 9 12 88 10 24 13 37 11 11 17 92 1 79 8 12 3 47 4 93 14 60 9 58 0 95 15 79
19 85 14 43 10 24 8 57 2 25 7 28 3 80 12 82 15 72 18 90 5 72 1 45 16 18 6 89 0 93 4 18 13 34 11 19 9 46 17 60
17 52 2 55 3 90 9 98 10 18 4 33 7 44 1 81 19 16 16 5 18 5 12 71 8 89 15 53 6 78 5 51 11 84 0 80 14 62 13 59
8 20 4 24 17 84 3 10 10 56 13 78 14 90 5 41 9 96 11 50 6 94 16 34 19 90 7 76 2 28 18 5 15 69 1 56 12 24 0 24
7 56 1 9 6 56 9 87 3 9 17 6 15 89 19 12 10 19 0 37 16 79 5 76 2 79 14 12 4 34 18 28 8 45 13 84 12 99 11 40
5 11 19 57 13 98 9 40 15 32 7 69 8 19 17 19 12 91 14 76 16 81 1 96 0 10 18 34 6 1 11 42 10 39 3 44 2 71 4 50
9 91 14 2 5 45 15 40 19 18 0 54 1 62 6 26 2 5 3 53 13 91 11 27 16 62 4 95 18 62 10 26 17 25 12 69 7 10 8 4
18 41 8 80 19 79 3 11 13 52 0 93 10 43 14 56 12 45 4 19 17 6 9 96 16 61 7 19 15 93 1 20 5 65 11 53 6 66 2 60
11 89 5 10 10 4 16 70 1 47 4 79 0 28 13 91 7 76 17 83 9 20 8 26 3 13 15 6 6 81 14 81 12 17 2 28 19 40 18 98
15 43 13 13 2 45 9 50 11 97 7 20 19 49 0 71 16 14 5 49 14 3 12 87 3 6 1 28 6 79 18 61 4 8 17 47 8 32 10 4
18 32 5 88 8 4 17 23 10 35 3 89 19 29 13 19 16 32 6 93 1 37 4 81 14 9 12 48 15 88 9 97 7 8 2 77 0 15 11 62
1 96 13 88 7 75 16 7 14 45 4 7 2 4 12 26 19 81 15 83 5 77 3 62 18 73 6 42 8 15 0 22 11 40 17 81 10 15 9 68
3 11 19 83 6 54 11 60 17 22 4 70 9 63 16 87 7 43 15 59 1 97 8 38 13 86 5 19 2 42 12 61 0 11 10 81 14 18 18 53
5 4 8 82 1 32 10 5 18 25 11 55 0 60 16 44 13 10 3 71 15 8 14 50 9 86 7 45 19 90 17 46 6 44 12 45 2 54 4 20
8 52 17 86 11 57 2 30 6 7 4 86 18 50 3 2 15 73 9 79 12 65 16 32 7 46 1 51 14 90 13 90 19 58 0 23 10 31 5 71
9 83 5 89 11 72 2 99 10 76 4 16 14 69 15 38 13 63 8 76 17 69 0 77 6 63 18 4 12 45 7 93 3 21 19 76 16 23 1 23
3 18 19 48 8 12 0 71 10 40 16 96 18 20 1 55 17 15 13 95 5 69 7 98 14 19 15 90 9 31 12 33 11 72 2 32 4 87 6 65
13 49 11 17 10 8 9 76 5 22 12 33 15 45 0 13 18 72 7 93 17 51 6 94 2 17 19 7 4 37 14 99 8 44 16 46 3 26 1 45
16 57 15 52 0 14 8 76 2 61 17 54 14 19 1 89 3 45 10 57 5 7 18 35 4 31 7 48 9 18 13 44 11 24 12 56 6 48 19 63
13 2 12 72 0 17 15 16 2 24 8 44 4 68 11 8 19 47 14 82 16 23 1 27 9 84 7 25 18 58 5 43 3 84 17 45 10 10 6 68
8 42 11 48 5 38 15 95 14 25 18 75 0 73 16 11 17 65 6 78 19 96 2 77 13 22 10 6 12 2 1 81 7 92 4 98 3 99 9 37
3 35 8 20 11 84 1 4 16 22 4 61 6 81 18 34 5 8 7 58 13 42 2 84 9 82 10 22 19 95 12 47 15 31 17 16 14 97 0 29
19 5 14 63 12 5 3 47 18 87 9 74 4 1 10 99 2 15 16 90 6 62 0 96 5 20 15 27 7 98 11 6 13 75 8 79 1 89 17 58
9 74 4 32 13 10 18 23 5 65 19 49 0 79 6 20 12 93 2 70 3 86 14 87 7 92 10 45 15 72 17 91 1 50 16 65 8 66 11 92
11 28 7 51 14 80 8 62 19 84 12 57 0 81 5 89 13 26 1 27 6 12 2 27 9 64 4 24 10 64 15 20 16 56 3 25 17 92 18 74
12 55 10 62 15 66 13 52 3 91 11 26 16 17 7 94 8 16 9 47 2 19 6 9 4 82 1 31 5 69 17 79 19 2 18 5 14 86 0 35
2 94 7 53 0 90 13 87 8 69 11 62 19 59 17 18 3 91 15 77 6 94 12 13 9 55 10 33 14 4 4 31 1 36 5 10 18 84 16 10
4 9 7 63 6 9 17 7 13 75 0 78 1 87 3 91 9 10 2 6 12 8 8 40 19 37 16 44 15 33 11 25 14 47 5 97 10 19 18 89
2 9 9 58 3 19 0 22 11 90 16 28 6 70 19 99 14 17 15 45 5 4 13 22 18 93 8 60 1 94 12 63 7 46 17 21 4 19 10 97
13 55 4 16 3 2 7 8 18 19 17 81 11 33 12 16 0 80 8 77 6 26 5 77 19 4 10 85 16 34 9 12 1 52 14 86 15 53 2 2
1 97 13 63 8 52 3 31 9 51 17 87 19 36 7 56 0 98 18 8 11 80 2 5 12 37 4 29 6 78 14 26 5 99 10 12 16 94 15 43
7 66 5 35 16 9 0 57 14 25 15 3 18 93 13 2 12 94 8 15 2 38 10 21 4 38 17 49 3 63 19 78 1 21 11 41 9 44 6 61
3 9 5 16 4 38 10 99 14 62 7 37 15 39 8 54 1 21 17 49 9 7 18 43 11 28 12 46 6 27 16 84 13 80 2 18 19 41 0 76
2 90 9 58 7 80 11 59 13 20 6 20 3 20 19 45 1 76 8 1 15 5 18 55 14 56 17 45 10 41 0 48 16 75 12 77 4 18 5 1
1 88 0 78 6 81 7 27 19 91 5 16 17 19 11 81 18 61 16 58 10 71 15 26 3 50 8 54 9 71 13 34 14 31 4 17 2 97 12 98
12 7 0 94 9 59 7 65 16 77 10 43 8 78 15 29 2 51 6 57 1 42 19 21 14 69 13 79 5 14 11 75 17 92 18 95 4 95 3 6
9 17 11 5 15 74 4 27 12 12 13 49 18 23 0 47 10 94 5 75 8 77 19 92 7 31 17 87 14 37 3 13 2 20 6 77 1 74 16 9
18 26 11 96 9 49 10 8 14 75 16 38 0 78 7 77 17 93 13 6 1 87 19 87 8 13 12 45 6 38 5 31 3 85 4 17 2 77 15 54
17 54 5 32 6 68 11 7 19 64 15 7 9 14 18 15 7 62 10 51 2 56 1 59 8 91 12 3 14 50 3 80 16 28 4 41 0 68 13 29
