100 20
9 90 8 56 2 81 1 69 4 33 10 40 13 15 6 53 14 72 7 43 5 97 16 61 15 31 17 88 12 24 19 55 0 74 11 95 3 47 18 77
5 70 0 85 18 88 17 5 9 92 11 6 16 47 7 66 3 68 2 2 15 22 4 19 8 63 1 83 13 85 14 94 6 52 19 72 12 9 10 68
3 82 13 82 16 35 6 36 0 3 4 95 17 79 14 76 15 34 1 16 7 40 12 65 11 3 9 23 8 98 2 57 5 65 10 4 18 84 19 38
12 67 5 86 2 97 7 73 0 41 15 27 8 65 10 7 17 89 18 46 16 53 1 35 6 21 19 41 9 82 3 54 11 1 4 27 14 62 13 24
15 53 16 6 4 22 18 58 1 61 12 9 13 11 9 10 2 24 8 76 6 55 7 75 0 20 11 38 5 87 3 26 14 66 19 12 17 81 10 70
8 95 11 33 7 42 12 85 16 54 6 57 15 37 18 49 1 66 3 35 10 47 2 72 19 37 17 11 13 9 4 5 14 27 0 71 5 68 9 34
4 80 8 19 12 26 18 70 19 67 16 3 14 50 6 44 2 37 9 19 0 92 11 47 17 43 5 6 1 9 10 3 7 91 15 24 3 4 13 48
15 64 2 62 7 1 18 16 8 41 1 69 13 98 12 97 0 9 10 5 19 35 4 80 11 84 16 43 3 30 9 15 6 21 5 64 17 51 14 52
4 14 13 36 6 68 7 72 18 46 8 3 11 9 1 17 10 61 9 17 16 84 5 42 19 92 15 18 12 39 14 33 0 23 17 19 2 73 3 84
9 96 2 76 4 78 3 9 13 26 14 94 19 35 0 2 12 64 7 76 11 24 16 88 18 54 17 52 8 86 10 73 6 48 1 55 5 99 15 5
19 36 15 45 4 30 6 19 16 26 11 77 18 81 9 7 0 43 13 75 12 44 5 57 14 80 1 3 3 84 2 65 17 27 8 46 10 18 7 17
8 34 4 6 18 31 0 49 7 94 2 4 14 55 6 99 3 59 5 62 9 92 1 42 11 44 16 43 13 91 10 93 12 87 17 43 19 83 15 59
2 82 8 66 1 96 10 7 11 19 16 12 14 32 15 94 13 2 17 16 19 31 5 85 18 75 12 40 3 64 7 9 0 31 6 52 4 93 9 25
8 7 4 48 15 77 6 49 19 39 2 74 14 84 9 76 3 27 11 17 17 28 7 7 12 11 18 12 1 63 0 41 16 41 5 67 13 34 10 24
15 75 8 25 14 40 13 68 7 78 10 23 16 80 5 76 17 61 6 2 1 22 9 33 2 5 12 76 4 26 0 58 19 1 3 17 11 96 18 99
3 15 5 13 17 73 19 86 8 55 18 99 16 21 13 98 4 81 6 84 7 85 15 55 9 68 10 32 0 31 2 29 1 19 14 24 11 48 12 37
6 46 16 78 2 55 12 37 19 17 17 40 13 73 11 33 14 57 3 31 1 29 9 61 8 53 15 31 5 1 4 51 7 64 0 37 18 89 10 51
18 93 2 39 4 96 3 52 12 86 16 83 14 91 10 10 17 58 13 72 7 41 1 59 19 55 0 7 6 1 15 33 5 61 9 68 11 69 8 99
11 65 1 54 8 69 13 50 3 53 9 51 2 33 0 89 4 89 18 33 10 72 14 98 7 24 15 12 5 43 16 48 12 36 17 76 6 61 19 88
0 57 17 8 6 23 1 36 11 18 2 16 15 39 10 45 18 30 14 26 19 65 16 7 7 84 8 30 13 94 4 53 9 1 5 48 3 24 12 73
15 71 4 70 10 73 17 55 19 65 9 83 7 11 6 93 14 92 3 54 1 76 5 99 13 23 11 19 18 35 12 82 2 21 16 41 8 38 0 25
9 47 3 33 10 37 13 66 5 45 16 98 4 50 11 62 0 49 7 46 8 83 1 6 18 5 17 35 2 12 6 52 12 96 15 63 19 20 14 51
11 3 19 50 8 6 7 62 12 11 1 47 4 68 16 95 15 68 0 95 17 95 6 24 9 67 10 25 2 11 3 29 18 44 5 25 13 26 14 23
18 23 7 5 11 47 8 57 3 63 6 33 4 50 1 99 0 56 2 97 9 78 15 80 16 20 17 48 12 32 10 96 14 80 13 70 19 47 5 75
14 77 2 35 18 29 16 56 7 37 11 95 8 87 1 42 19 24 12 48 13 50 9 1 5 84 4 55 3 81 17 3 10 14 6 94 0 74 15 22
15 65 12 59 13 35 11 22 9 32 3 15 4 97 2 50 17 79 10 67 6 32 14 13 1 93 0 49 5 5 19 36 16 64 18 33 7 96 8 94
2 78 10 74 14 49 13 14 5 20 19 80 12 15 8 53 16 50 0 96 3 33 11 5 6 44 9 74 7 50 17 15 18 53 4 79 15 17 1 57
14 4 15 20 4 22 19 68 5 16 0 35 11 16 18 76 10 23 12 31 1 90 3 65 8 63 2 99 6 26 7 39 13 48 16 18 17 22 9 99
11 68 3 13 2 84 15 46 6 25 13 68 4 5 10 24 5 33 9 12 0 67 12 12 19 26 7 38 17 44 8 98 18 38 14 64 1 22 16 56
4 98 9 25 19 92 17 60 8 17 11 30 0 44 14 2 16 33 3 31 10 85 5 96 13 5 1 81 15 9 2 68 18 24 12 88 6 97 7 99
18 59 4 97 19 42 0 16 2 29 11 76 6 37 10 53 3 98 8 83 7 24 13 21 17 12 9 79 5 14 16 70 15 17 1 30 14 62 12 97
10 29 16 11 2 48 5 95 14 59 7 48 15 67 18 64 9 66 13 13 8 98 1 97 0 76 3 65 17 50 19 37 12 26 11 62 6 12 4 20
10 7 1 29 15 30 5 58 3 72 11 57 17 94 8 13 18 89 16 20 13 46 6 48 7 68 14 95 9 89 4 11 0 31 19 62 12 55 2 75
17 79 14 6 4 51 12 91 2 83 15 81 10 90 11 86 5 55 1 40 9 83 7 60 0 38 19 40 16 62 6 13 3 90 8 31 13 51 18 74
17 6 2 98 16 61 11 49 3 77 12 34 0 14 6 25 18 49 5 16 10 21 9 73 4 88 15 89 14 23 19 26 1 39 13 67 8 91 7 61
4 59 15 60 10 41 7 19 2 6 18 50 1 79 9 27 3 74 16 77 12 4 0 38 14 96 11 29 13 9 8 87 17 16 6 74 19 76 5 32
17 75 8 52 16 1 4 24 14 52 19 79 10 43 5 16 12 45 2 27 11 85 18 72 7 47 6 23 13 72 3 98 15 4 9 17 0 48 1 44
8 42 11 61 1 23 6 89 7 64 9 73 18 32 5 42 17 19 19 89 10 16 3 72 2 22 12 36 15 83 14 46 16 35 4 72 0 82 13 55
11 31 8 95 17 56 6 46 5 61 9 19 19 47 2 54 4 64 13 14 15 28 0 64 3 50 12 73 14 61 7 61 18 37 16 36 10 74 1 98
3 96 9 70 7 91 4 95 15 89 16 61 1 47 14 3 2 10 10 7 19 71 11 22 12 73 0 30 18 64 17 72 5 3 8 11 13 53 6 82
5 93 11 71 9 80 19 84 8 71 6 43 2 72 10 41 3 94 13 41 7 90 4 6 12 37 1 51 18 77 16 44 17 53 15 79 14 97 0 31
1 65 18 56 14 26 7 54 17 41 5 45 4 22 8 58 6 20 13 9 9 70 12 77 19 58 15 67 11 6 3 13 16 28 0 73 2 32 10 67
6 39 15 82 4 63 7 51 2 49 17 81 9 54 1 63 13 83 10 84 5 33 14 71 0 39 8 62 12 62 11 92 19 93 3 90 18 13 16 71
0 86 5 65 14 21 13 21 9 64 3 48 18 68 2 25 19 24 6 26 1 92 12 39 10 33 7 37 16 81 17 9 11 6 8 2 4 22 15 26
1 92 13 57 8 84 7 2 5 42 16 22 9 25 4 21 19 71 14 14 17 82 2 9 12 95 15 92 3 71 0 88 6 74 10 26 11 93 18 27
0 67 8 2 9 84 19 94 13 8 7 53 12 93 3 33 17 21 15 71 16 5 5 83 18 9 10 78 14 67 1 27 11 8 6 58 2 98 4 74
12 10 0 78 10 10 13 2 6 43 7 29 8 60 17 78 18 60 14 6 5 34 2 83 3 81 9 1 1 93 15 2 19 73 16 76 11 73 4 45
17 16 9 45 0 80 4 4 18 13 16 55 1 58 19 94 14 15 5 62 7 73 2 30 15 77 6 87 3 61 8 76 13 58 12 84 10 67 11 46
5 81 16 25 6 12 7 55 2 30 10 11 17 29 3 41 15 57 8 29 13 17 14 77 11 52 4 87 9 67 12 47 0 17 19 44 18 15 1 45
18 63 15 13 5 58 4 3 19 29 6 83 16 83 11 18 2 21 7 3 17 68 8 45 14 73 3 98 1 14 10 62 0 40 9 45 12 4 13 19
14 68 2 65 9 1 0 28 19 67 6 71 7 19 12 26 17 31 3 7 13 9 11 70 1 15 18 38 4 36 16 3 15 82 8 68 10 78 5 1
8 65 16 2 11 17 10 97 2 78 17 70 0 20 7 37 3 40 13 36 12 30 18 17 6 78 15 83 5 72 19 12 1 73 14 13 4 72 9 51
5 22 8 23 11 81 2 41 15 31 13 75 1 54 4 31 19 53 14 51 3 39 10 91 0 61 16 24 9 29 6 87 17 9 18 71 12 12 7 96
4 98 15 60 17 12 3 35 5 62 7 38 12 51 13 44 6 35 8 30 11 12 0 10 1 31 10 13 9 36 16 6 19 14 2 96 18 20 14 26
11 76 0 55 5 84 7 70 17 34 19 57 8 18 9 9 3 16 10 12 4 89 2 34 13 79 12 31 16 24 18 63 15 92 1 43 14 3 6 33
15 8 2 96 13 23 4 14 1 81 7 90 8 31 18 91 6 35 10 95 12 25 9 83 19 73 3 92 0 52 5 25 14 8 11 73 17 13 16 39
6 16 18 92 4 43 8 87 14 55 16 67 7 69 9 30 5 24 19 17 2 39 12 33 15 36 1 38 3 12 17 70 11 28 13 64 10 1 0 45
15 20 0 50 10 96 2 20 5 42 17 70 11 61 18 4 4 86 3 2 9 95 1 45 12 48 19 78 6 97 8 53 13 69 16 17 7 17 14 1
2 75 9 29 6 20 18 71 0 97 5 99 4 53 14 65 10 4 19 30 16 15 7 29 8 27 17 20 3 2 1 72 12 58 15 13 13 68 11 95
4 45 17 9 10 55 11 76 3 24 13 25 18 14 0 44 8 47 1 86 6 94 5 10 16 5 12 64 9 92 2 77 15 1 7 44 14 31 19 82
3 91 16 55 18 68 13 84 5 53 0 35 8 82 12 86 14 78 7 15 2 81 4 85 1 44 17 32 11 48 19 91 6 35 15 60 9 31 10 75
5 74 7 21 18 74 0 17 9 39 12 37 3 60 15 64 6 23 13 34 16 81 2 56 8 20 4 27 17 51 1 12 10 85 19 25 14 32 11 76
19 83 6 52 14 25 2 10 15 76 5 73 8 52 16 51 10 4 17 58 7 31 18 72 13 64 11 90 4 7 0 86 3 84 9 18 1 9 12 87
7 44 14 49 6 83 13 94 15 23 5 28 9 16 0 12 10 86 3 58 11 19 17 44 1 1 12 58 18 21 19 89 16 17 8 93 2 88 4 39
0 47 8 40 3 62 18 24 13 75 4 14 7 70 19 74 14 8 16 49 12 93 9 13 1 14 17 96 15 44 2 6 10 43 11 56 5 24 6 83
11 52 8 38 9 87 2 34 14 78 7 60 12 94 19 36 10 44 1 66 15 13 13 72 16 68 6 39 0 38 17 77 3 30 5 79 18 5 4 64
16 72 14 58 15 34 17 57 8 41 13 4 12 26 11 18 10 68 0 85 3 42 5 10 19 77 9 64 18 34 6 1 1 55 4 30 2 48 7 51
8 68 10 26 16 87 5 37 17 49 3 30 18 76 4 92 13 86 7 79 2 14 1 18 12 64 15 47 14 8 0 34 9 99 19 66 6 5 11 24
17 83 18 93 13 36 12 5 0 99 19 11 10 32 15 30 3 29 9 50 11 16 1 15 16 80 4 38 6 65 2 72 14 94 5 17 7 71 8 5
19 23 3 7 0 91 1 83 9 87 5 35 4 36 18 44 14 36 7 1 2 93 16 58 17 29 13 6 12 85 10 43 15 64 11 63 6 66 8 63
4 6 5 28 2 73 14 22 3 23 16 5 13 90 0 43 10 63 7 72 15 76 1 11 9 42 11 22 17 52 18 84 6 19 8 28 19 79 12 55
1 79 6 26 16 3 14 3 11 14 4 1 3 69 5 92 12 8 0 21 8 33 17 41 9 89 13 65 19 83 18 37 7 28 15 76 10 74 2 23
11 41 4 87 0 95 9 71 18 8 8 16 1 57 15 3 17 55 3 62 2 33 6 24 19 48 5 33 16 99 14 8 10 78 7 74 12 52 13 89
12 68 19 52 18 94 7 66 2 53 5 81 6 81 0 8 9 48 4 19 11 12 3 30 14 74 13 79 1 42 17 99 15 37 8 46 10 22 16 15
2 33 16 22 17 45 15 1 8 33 3 98 0 49 19 37 7 42 18 98 11 34 14 21 6 65 4 84 10 29 12 5 9 82 1 45 13 75 5 82
5 90 0 93 18 34 9 54 19 29 14 40 11 55 12 84 1 16 4 88 16 16 15 21 13 99 10 3 3 4 8 60 6 97 7 80 17 17 2 23
1 37 17 61 11 49 16 10 7 76 10 31 19 96 2 50 6 25 8 89 15 13 13 12 4 57 18 75 5 24 12 86 0 76 9 93 3 64 14 3
12 79 8 96 11 33 14 23 0 18 15 26 5 31 17 69 13 68 4 21 6 48 9 92 7 26 18 89 2 21 16 88 10 59 19 49 1 17 3 93
17 78 16 69 6 97 11 30 18 66 1 2 13 81 5 47 10 45 14 27 2 2 9 13 12 60 8 40 0 48 4 22 3 41 7 94 15 77 19 56
7 20 14 68 16 21 19 26 11 54 4 99 1 13 17 37 18 15 8 79 2 90 0 41 10 73 15 16 5 28 12 50 3 87 9 6 6 39 13 5
14 68 11 77 12 9 4 26 8 72 9 88 10 31 0 69 16 58 17 31 1 4 19 42 7 31 13 56 15 10 3 37 2 47 6 62 18 7 5 77
18 80 16 37 12 51 14 97 11 65 7 75 9 84 10 58 6 56 4 19 17 52 5 61 2 44 13 12 19 64 1 80 3 19 15 42 0 94 8 43
7 88 9 99 18 58 12 51 14 51 8 7 10 93 3 50 16 80 17 3 2 26 6 25 15 61 4 53 1 83 19 37 13 49 0 55 5 45 11 53
5 17 6 28 10 13 3 2 14 97 19 77 16 69 7 47 17 75 1 74 4 98 8 10 9 25 2 81 15 10 0 36 13 41 11 39 12 98 18 99
16 4 1 6 5 16 11 14 4 90 19 19 8 49 14 57 3 97 6 40 17 66 12 97 7 53 18 96 2 34 15 92 10 6 13 51 9 79 0 41
12 96 13 23 4 91 19 88 14 60 9 59 7 49 1 41 11 71 8 7 16 50 2 62 15 2 18 21 6 47 3 18 5 54 17 52 10 81 0 27
10 57 16 42 1 82 11 85 14 37 19 74 9 52 18 64 0 64 2 95 12 7 4 31 6 71 5 80 17 22 8 16 15 97 13 50 3 44 7 92
8 4 12 71 10 50 2 12 14 89 0 37 15 56 19 37 5 63 9 88 13 93 7 64 3 73 11 30 6 58 16 52 18 45 1 69 4 67 17 83
10 88 8 92 17 30 2 97 16 92 15 14 1 58 11 4 14 95 19 44 0 17 5 75 3 95 9 57 18 70 12 73 4 28 6 41 13 7 7 27
7 14 6 77 17 21 15 9 14 28 3 50 18 7 0 32 2 82 19 66 4 71 11 59 13 80 12 9 5 55 9 91 16 38 10 62 1 79 8 74
18 5 16 3 3 8 17 83 9 58 5 53 1 85 11 79 0 66 2 26 10 85 4 69 13 48 15 55 19 83 12 42 6 57 7 84 8 3 14 67
2 55 8 92 3 23 15 63 16 16 14 65 12 97 4 61 17 85 1 17 6 65 10 27 19 76 11 27 0 20 13 77 9 13 5 67 18 53 7 81
16 47 4 40 8 40 7 95 18 99 13 85 14 2 2 14 1 62 12 3 6 50 10 47 19 53 9 51 15 18 3 71 5 43 17 1 11 60 0 15
3 47 11 4 9 84 2 48 19 7 13 49 0 76 7 90 14 20 4 29 6 42 5 93 18 77 17 5 1 67 8 44 12 98 10 50 15 19 16 52
11 62 19 21 0 74 7 97 12 9 3 57 2 37 17 23 1 97 16 59 9 57 5 44 18 47 10 83 14 64 13 23 6 55 4 90 8 25 15 8
9 25 19 62 8 6 13 62 0 95 5 29 6 66 10 92 7 74 4 94 14 21 3 2 15 39 16 74 11 3 2 82 17 46 1 19 18 91 12 10
2 26 3 44 11 54 5 82 1 81 19 10 13 16 15 32 7 2 12 86 9 95 16 89 8 84 4 61 0 13 17 54 18 16 14 93 10 18 6 67
4 84 18 94 9 51 12 89 13 74 5 82 7 83 17 31 0 17 14 63 16 83 1 50 15 4 10 97 19 30 11 11 8 40 6 30 2 1 3 46
14 9 15 70 3 59 4 57 19 64 10 14 5 35 11 68 18 39 17 77 1 68 6 91 8 96 2 53 0 47 7 29 13 10 16 16 9 70 12 15
5 94 14 35 9 92 13 54 18 73 10 6 11 37 6 36 19 42 1 16 12 87 16 29 0 63 4 47 8 28 3 4 7 96 17 4 2 92 15 98
