100 20
16 24 13 50 0 93 19 9 5 41 10 86 11 46 9 89 12 73 14 47 17 58 4 38 6 35 2 78 3 92 8 15 1 48 18 98 7 93 15 68
3 26 7 48 2 66 0 76 4 24 13 72 9 47 12 95 18 11 8 43 5 75 6 22 15 95 19 31 11 51 16 45 1 41 10 51 17 41 14 39
2 16 5 7 9 72 16 76 1 16 11 80 6 66 0 73 17 91 14 49 8 10 13 40 19 60 12 87 18 8 15 29 10 42 4 75 7 97 3 11
19 42 18 86 8 5 7 35 15 57 0 15 10 12 1 2 6 24 2 83 4 1 17 80 5 37 16 44 14 84 13 60 12 98 9 2 11 53 3 79
3 65 13 37 14 14 17 97 7 98 1 37 11 5 0 48 10 78 2 57 18 14 15 57 19 40 6 14 8 86 12 48 9 93 16 46 4 73 5 75
5 30 1 68 15 45 6 79 19 18 4 78 18 7 9 41 14 31 13 29 3 43 8 84 7 74 17 78 10 63 0 42 2 36 12 54 11 61 16 59
7 44 15 93 17 75 11 98 12 28 19 46 4 16 3 4 0 77 18 98 6 89 9 95 16 20 2 47 5 37 1 76 14 88 13 95 8 92 10 27
17 86 2 50 0 19 3 90 8 74 5 76 7 66 10 60 15 23 11 1 14 13 4 51 13 75 9 58 1 38 6 16 18 87 12 10 19 78 16 44
11 31 4 61 8 46 15 41 7 67 16 24 10 8 12 86 2 19 6 99 17 57 14 52 3 12 5 41 19 15 0 80 9 4 13 68 1 61 18 38
8 49 9 21 14 29 19 50 4 56 0 18 18 56 1 38 12 2 5 43 16 33 3 45 6 49 10 88 17 94 15 2 2 91 7 5 13 32 11 55
15 70 5 85 18 15 13 11 0 89 7 21 19 5 9 35 16 90 10 57 14 34 1 88 17 50 6 49 11 5 2 35 12 66 4 83 3 30 8 32
6 11 4 77 17 50 0 31 11 16 19 47 8 47 18 97 14 42 16 12 13 14 3 62 1 85 5 79 7 10 15 65 10 67 2 90 12 63 9 63
19 23 5 50 18 52 8 20 14 14 12 21 0 96 9 7 3 60 13 52 7 25 2 2 10 54 6 11 4 46 11 11 17 82 16 56 1 18 15 63
5 22 0 38 13 26 10 62 18 74 6 8 17 22 2 83 9 30 8 57 16 82 19 24 12 71 11 84 15 28 3 21 4 66 7 68 1 36 14 32
0 29 5 20 16 80 10 10 9 99 8 97 18 87 12 79 7 5 3 96 6 38 11 98 13 58 14 21 1 12 2 94 17 36 4 29 19 5 15 9
17 10 1 33 16 61 6 85 13 46 11 27 5 47 15 3 3 71 14 48 9 40 4 88 10 19 2 97 0 41 8 31 18 95 19 23 12 57 7 87
14 31 12 2 0 45 7 27 11 76 18 74 19 87 17 14 13 75 15 22 6 58 2 96 8 56 10 26 4 63 1 83 9 62 5 2 16 62 3 14
12 58 11 60 4 26 19 36 13 56 15 70 7 65 5 30 0 33 8 57 9 24 10 41 1 17 6 36 2 46 18 80 14 41 16 4 17 76 3 76
18 9 1 39 14 57 0 19 5 73 9 41 2 26 17 22 10 46 7 53 12 17 19 26 3 28 6 35 15 45 4 35 13 71 16 68 11 91 8 14
7 74 10 37 17 62 19 35 11 90 18 80 12 3 3 47 15 38 6 46 9 10 5 74 13 18 2 95 4 22 14 43 8 64 0 20 1 25 16 76
11 28 10 39 4 94 14 11 8 5 19 56 2 15 1 82 7 85 0 5 17 1 6 38 12 78 3 78 9 60 16 67 18 13 13 42 5 66 15 96
18 5 0 97 1 88 19 44 7 74 17 94 4 37 15 52 3 9 8 97 5 38 12 47 9 98 2 69 10 83 13 18 16 55 6 99 14 2 11 29
10 5 8 61 6 95 16 91 2 7 5 76 3 45 18 93 14 39 4 98 7 66 1 31 9 19 17 49 15 39 0 1 12 49 19 35 11 48 13 60
10 28 11 8 3 90 12 77 17 24 0 90 4 33 14 56 15 38 19 23 16 54 5 28 8 81 7 37 1 46 9 51 6 97 13 96 18 57 2 1
19 63 14 40 8 74 12 57 11 73 13 58 7 64 6 78 18 17 15 83 17 8 1 5 5 2 16 33 4 99 9 54 0 63 3 91 10 53 2 99
14 37 3 92 1 54 12 68 15 9 4 35 13 27 8 90 17 16 7 10 0 67 19 90 6 39 5 10 18 98 2 22 11 99 16 81 10 28 9 31
6 43 17 25 9 83 4 64 18 72 19 4 15 54 11 37 2 37 1 99 0 11 12 85 5 44 3 78 16 49 10 96 7 89 8 4 13 52 14 21
0 35 18 52 11 27 2 65 6 7 10 61 15 37 17 57 14 92 9 54 5 80 8 63 12 56 19 1 16 93 7 3 4 51 13 26 3 85 1 48
5 38 12 13 4 64 8 85 2 57 19 77 7 18 9 57 0 40 16 44 17 11 3 22 13 10 11 33 18 19 6 41 1 64 15 25 14 3 10 68
7 71 4 34 11 88 9 83 19 37 13 88 17 92 18 5 8 18 10 70 0 87 6 51 2 79 3 37 16 53 14 51 1 80 12 33 5 28 15 6
9 31 2 13 17 46 16 54 0 44 10 2 1 64 12 11 5 93 18 33 11 98 13 49 4 19 14 44 19 57 15 67 6 38 8 37 7 90 3 7
6 4 19 58 0 16 9 12 5 17 12 22 18 53 11 50 15 80 13 15 1 86 8 86 2 16 17 44 7 94 4 83 14 97 16 43 3 81 10 85
13 24 10 34 14 14 8 94 9 12 11 91 16 18 6 32 0 99 7 40 1 18 3 72 18 31 4 72 19 20 5 40 2 3 17 14 15 65 12 95
5 8 12 44 10 72 15 29 8 45 7 17 0 60 13 33 16 93 11 72 17 75 19 83 1 25 4 13 2 1 3 83 18 27 6 79 9 75 14 12
4 99 14 60 10 78 8 93 0 27 11 18 2 6 7 71 16 38 19 3 5 19 6 83 13 78 18 29 12 63 15 38 3 88 1 67 9 39 17 76
5 30 19 44 13 24 1 16 10 54 7 48 6 31 8 32 0 59 18 25 3 8 12 11 11 53 9 86 16 62 17 94 14 81 15 86 4 1 2 12
2 63 0 42 16 28 6 21 13 84 5 55 10 28 14 69 1 85 3 56 7 89 19 20 12 13 9 3 4 33 17 38 11 63 15 52 8 17 18 47
18 72 15 6 9 10 1 50 4 52 11 4 17 62 16 66 14 95 3 45 0 48 6 57 8 30 19 78 13 6 7 42 5 93 2 2 10 13 12 16
10 65 13 16 2 13 4 27 16 34 3 31 19 1 5 75 9 48 11 42 6 32 14 29 0 75 8 74 15 63 1 27 7 13 17 20 12 38 18 68
10 5 17 83 12 87 1 40 11 32 2 48 7 96 5 76 4 53 3 36 0 68 18 67 9 58 13 18 14 84 15 97 6 81 8 5 16 41 19 8
0 22 2 74 9 77 6 17 5 57 18 70 14 54 10 82 1 28 13 99 12 25 8 81 15 18 19 65 17 38 11 26 7 47 3 94 4 52 16 60
16 78 14 91 11 15 17 18 5 65 10 13 2 19 15 88 1 39 3 52 19 8 13 95 18 13 4 42 12 1 7 97 8 75 6 69 9 50 0 54
17 39 11 79 3 64 9 92 8 29 2 35 4 97 7 75 16 89 14 58 1 12 0 27 10 4 19 51 12 91 18 73 13 11 6 6 15 4 5 11
18 58 4 23 11 15 12 76 7 26 10 20 14 65 17 49 0 98 8 49 5 3 2 66 6 46 3 84 9 93 13 11 15 70 19 2 16 44 1 3
14 28 7 52 6 99 15 94 0 15 11 1 10 51 8 85 17 97 12 72 5 3 19 65 3 84 16 29 2 73 1 87 9 21 13 69 18 92 4 37
6 17 0 77 18 88 3 82 12 91 4 10 14 24 11 17 2 88 13 72 7 45 16 27 5 81 15 2 17 36 19 46 1 51 8 12 9 11 10 5
13 53 4 83 12 68 9 34 19 13 3 14 2 42 11 55 17 49 6 52 5 88 7 87 18 34 15 21 1 45 16 72 0 69 8 45 10 60 14 36
3 98 18 45 13 21 19 38 0 39 9 79 16 15 5 16 12 59 4 50 6 71 8 65 11 68 7 98 15 3 17 29 14 85 1 83 2 94 10 91
10 8 13 58 2 23 16 4 14 8 9 22 6 24 19 10 12 76 7 19 18 23 0 4 11 89 3 74 5 45 4 42 15 39 17 29 8 71 1 11
10 70 7 7 6 11 16 20 13 74 11 36 17 84 3 17 5 73 0 62 15 2 1 96 8 8 14 49 2 90 18 52 19 65 12 71 9 62 4 96
14 99 9 35 15 27 5 64 19 56 11 98 7 44 6 9 0 40 12 79 18 42 2 96 8 95 4 49 13 14 10 54 16 85 1 64 3 26 17 76
9 58 11 55 4 38 18 47 16 5 15 74 17 16 7 20 6 26 8 3 5 66 12 71 10 11 2 49 1 18 13 11 19 88 14 31 3 88 0 47
18 99 4 47 15 81 3 17 1 39 2 98 16 77 10 70 19 81 14 28 12 12 11 13 13 73 9 29 17 79 8 38 5 32 7 61 6 41 0 28
9 10 19 65 1 84 16 2 2 3 7 14 11 76 17 10 12 10 3 48 8 99 10 83 13 69 4 56 18 43 15 46 6 65 5 29 0 48 14 14
17 28 3 88 19 92 7 27 11 29 15 45 10 76 14 29 9 46 13 64 16 76 12 68 2 68 1 24 8 30 0 40 6 93 18 47 5 99 4 90
4 80 0 68 7 98 1 27 15 71 18 92 14 63 5 21 12 10 9 43 6 23 11 86 8 79 13 95 16 66 19 24 3 59 17 2 2 37 10 99
6 75 10 41 18 49 11 22 16 78 4 28 12 38 7 18 2 80 1 6 3 59 8 49 15 6 17 25 13 63 9 52 0 41 5 92 19 75 14 99
11 25 4 10 9 77 10 62 2 88 7 94 13 74 8 36 0 34 19 53 6 52 16 31 12 3 18 21 1 45 5 92 3 63 17 7 15 45 14 38
7 11 8 95 6 66 4 14 12 28 5 30 10 47 17 40 14 83 0 40 18 87 13 17 19 60 15 19 1 70 9 60 3 90 11 54 2 48 16 51
10 28 19 71 14 40 17 59 15 14 7 33 3 27 13 43 16 84 5 45 9 38 1 44 11 70 4 11 0 28 12 70 6 20 2 24 8 17 18 4
17 24 1 47 13 84 8 25 6 15 14 84 11 65 12 90 4 31 5 7 7 3 2 23 9 3 10 83 15 95 3 29 18 65 0 33 19 80 16 81
12 46 18 66 14 83 7 41 6 79 17 55 0 62 9 95 2 84 16 33 3 26 11 23 5 9 1 38 10 31 15 40 19 84 4 47 13 80 8 36
0 47 7 96 14 5 12 68 2 10 18 7 8 74 13 79 6 26 1 7 17 95 9 82 3 99 19 42 15 31 16 25 5 12 4 54 11 88 10 43
18 7 6 34 3 49 19 83 16 70 11 6 12 68 7 4 9 16 2 32 4 76 0 10 13 95 1 9 5 63 17 93 15 61 8 31 10 20 14 16
11 86 15 10 4 39 5 76 7 66 0 21 18 58 8 54 17 26 13 3 19 21 9 43 14 13 10 29 2 13 16 65 1 42 12 42 3 8 6 77
11 23 14 17 18 94 13 71 12 79 0 30 9 65 1 9 16 42 2 36 8 4 15 51 19 43 6 26 10 1 17 75 3 22 4 50 5 77 7 17
15 84 18 22 3 6 13 29 7 37 6 97 0 36 1 27 17 35 19 47 16 44 10 3 11 72 5 36 14 50 4 59 8 87 2 17 9 91 12 43
11 16 9 94 1 56 10 76 0 58 4 95 18 68 8 87 12 35 7 11 6 26 13 21 19 4 5 26 14 86 3 47 17 79 16 59 15 87 2 88
17 29 0 90 4 83 5 27 7 14 11 6 1 94 19 92 9 81 2 76 3 51 6 95 10 3 8 69 18 86 15 96 12 96 16 61 14 85 13 55
2 19 15 48 12 85 14 16 10 9 18 40 4 47 19 31 6 48 1 84 5 64 8 94 7 73 9 54 3 79 0 30 11 39 17 56 13 38 16 18
14 86 4 20 12 4 0 16 8 2 17 85 2 20 19 39 6 39 13 44 5 73 10 10 15 19 7 73 11 67 9 78 18 29 1 44 16 5 3 77
6 42 18 30 8 35 5 87 16 96 2 47 1 91 13 30 10 42 17 37 11 21 12 14 15 88 0 64 7 9 9 4 3 34 14 53 19 48 4 52
13 32 8 31 14 59 7 65 0 91 11 34 19 34 16 82 17 75 5 20 1 81 10 62 15 99 3 81 2 88 12 63 6 20 4 10 9 98 18 7
17 70 19 32 4 16 1 43 12 71 2 84 14 93 11 62 10 99 9 49 15 89 16 37 6 61 18 31 8 95 5 13 3 10 7 69 13 75 0 4
9 60 13 63 4 94 15 33 5 88 1 81 7 76 0 20 14 2 8 52 18 30 12 62 11 8 17 8 3 70 6 95 2 43 16 97 19 3 10 40
16 76 8 26 12 23 2 33 11 92 19 19 4 79 10 85 3 79 0 88 14 39 5 37 17 69 9 63 13 82 7 46 18 70 15 47 6 15 1 11
9 73 19 42 14 29 15 72 2 91 3 27 8 17 10 16 12 84 16 15 13 61 1 58 11 65 17 45 18 13 4 28 5 64 7 26 0 88 6 49
6 24 17 84 14 27 5 48 18 98 10 80 1 12 19 74 9 87 8 22 4 61 0 63 16 25 12 18 13 24 3 69 11 54 2 37 7 99 15 94
1 79 10 96 8 77 18 11 7 34 13 43 16 31 11 63 5 38 9 80 15 12 3 4 2 31 14 73 0 22 4 2 6 24 17 73 12 19 19 2
5 60 6 71 8 20 10 39 17 86 15 91 1 80 13 58 19 25 11 96 0 49 2 68 9 68 4 45 12 20 18 3 7 20 16 83 3 79 14 17
11 90 15 63 17 1 2 77 13 68 6 51 12 2 0 44 16 48 9 22 4 72 19 55 10 76 8 40 5 97 14 84 18 23 1 2 7 10 3 2
4 65 14 27 15 58 18 83 9 93 12 14 16 90 5 70 2 46 3 79 13 6 8 45 11 59 17 56 19 48 7 22 0 98 6 61 10 63 1 68
14 22 18 71 11 16 13 27 19 85 6 98 0 13 9 39 15 7 12 91 5 80 1 51 10 1 7 28 16 52 8 57 2 44 4 18 17 62 3 88
11 22 1 99 8 58 7 13 15 45 10 13 13 91 17 74 3 15 6 54 19 13 14 62 5 45 16 83 9 97 18 2 4 98 2 15 12 79 0 11
4 23 12 72 6 21 15 37 1 98 10 12 3 55 0 68 2 34 16 58 19 39 8 59 7 27 11 37 13 85 14 96 18 4 5 84 17 63 9 94
11 38 17 27 7 89 4 61 1 32 18 34 5 16 13 67 9 70 8 75 0 69 14 74 10 95 3 81 19 55 2 99 16 2 12 24 15 93 6 33
8 73 0 80 14 36 19 92 11 64 9 35 10 26 5 31 3 22 6 86 1 96 12 48 16 36 7 18 2 86 17 3 18 19 13 81 4 53 15 68
1 1 17 4 5 90 11 60 19 48 7 49 15 13 0 23 3 72 14 73 4 14 13 53 10 5 18 23 8 83 2 71 16 52 9 16 6 14 12 83
12 27 17 8 6 7 5 36 4 83 7 49 3 91 0 85 15 98 18 27 11 23 1 39 14 36 19 57 9 45 8 45 2 72 13 85 16 9 10 38
17 85 16 63 13 79 15 22 12 26 19 43 5 13 9 48 10 41 0 15 6 29 7 69 1 80 14 30 8 53 2 7 18 90 11 90 4 5 3 32
8 78 0 83 9 75 10 26 2 83 18 48 17 94 15 97 12 35 16 59 19 91 11 15 5 44 3 23 14 30 6 2 7 29 13 83 4 91 1 11
7 46 16 98 9 25 15 5 11 97 5 49 8 76 14 42 1 55 12 27 3 16 10 62 4 83 13 37 0 80 6 63 17 14 18 23 2 8 19 9
5 20 6 60 9 43 11 73 0 93 18 26 17 93 15 54 10 48 14 10 13 40 3 38 1 42 8 75 19 89 12 70 4 69 16 84 7 62 2 68
6 44 15 69 19 17 13 89 14 97 3 95 2 18 4 30 16 42 8 44 18 14 0 94 1 72 11 47 7 5 17 15 5 3 9 22 12 27 10 94
8 57 19 28 2 18 4 28 1 22 3 46 16 4 13 67 11 50 5 30 18 40 10 44 15 41 12 39 0 93 9 62 6 84 7 52 17 12 14 4
15 48 11 13 16 31 17 19 3 52 1 35 18 75 8 69 7 88 19 5 4 27 0 20 13 10 5 65 6 82 14 12 12 72 9 12 10 58 2 25
6 60 17 63 7 92 18 36 15 50 3 78 12 30 8 36 10 5 14 92 19 60 4 28 13 68 16 33 11 76 9 76 2 74 1 4 5 33 0 28
0 28 1 34 16 38 6 56 10 68 18 38 17 57 7 10 15 55 5 30 4 6 12 64 19 60 9 26 14 95 13 20 3 82 11 55 2 63 8 34
7 79 19 1 15 26 6 64 0 92 18 75 2 80 3 37 12 83 17 90 10 76 8 10 1 42 14 81 11 36 5 91 13 15 4 95 16 66 9 40
2 8 4 12 15 59 6 2 1 16 14 91 17 28 11 2 16 64 9 31 3 58 18 63 13 70 8 16 19 68 0 35 7 80 5 24 10 88 12 21
