100 20
0 44 4 70 13 76 11 94 6 12 3 2 5 82 1 1 9 37 8 48 18 40 17 72 16 45 12 62 19 51 2 61 7 75 14 47 15 25 10 9
0 83 17 11 8 67 3 49 2 5 5 33 12 32 19 12 6 84 4 77 10 99 16 58 9 14 13 39 18 1 11 59 15 61 7 51 14 69 1 93
0 5 10 8 9 56 8 6 19 90 14 12 2 1 4 66 15 76 7 43 6 51 3 29 17 73 11 64 12 12 16 26 18 73 1 8 5 94 13 20
11 39 1 20 4 78 6 69 18 67 19 98 12 40 7 37 9 28 14 45 8 50 5 40 16 66 2 27 3 81 13 71 17 96 15 49 0 26 10 20
1 35 9 91 18 89 19 21 12 48 13 75 10 5 7 41 0 21 8 29 2 93 3 2 17 14 6 2 15 53 11 57 14 94 16 84 5 35 4 14
3 87 0 71 12 10 19 41 17 27 9 12 14 15 13 77 8 95 15 59 5 8 7 24 4 14 6 14 18 57 16 68 1 17 10 7 11 61 2 30
9 37 6 47 1 20 8 92 15 7 2 88 11 9 14 32 16 25 12 82 17 35 19 61 3 79 0 80 5 76 18 43 4 84 7 77 13 1 10 13
14 12 1 42 3 11 13 64 7 72 9 20 11 25 0 42 12 15 2 86 10 44 19 22 16 86 4 24 15 51 18 85 6 14 5 13 8 97 17 81
0 14 18 33 4 81 5 81 2 79 1 60 16 34 19 7 17 83 13 93 11 96 6 95 7 89 8 88 10 22 9 50 12 38 14 24 3 33 15 78
5 49 17 24 0 6 12 92 10 35 9 13 14 82 13 94 8 61 15 79 3 39 7 48 18 29 4 72 6 55 16 33 2 14 11 57 19 30 1 40
13 13 18 23 1 24 17 28 0 85 9 99 5 16 6 61 2 97 10 67 8 36 19 72 11 31 4 24 14 51 7 91 12 45 16 5 15 87 3 17
7 22 0 74 16 29 15 81 12 17 13 37 8 87 11 21 10 12 18 20 6 32 17 26 1 58 4 87 2 38 9 97 3 8 5 79 14 94 19 61
19 97 12 32 16 5 14 12 7 13 5 64 2 79 15 61 6 34 8 18 10 44 13 27 3 80 18 39 1 26 9 9 11 44 17 21 4 83 0 2
12 87 11 92 5 51 4 42 18 85 7 58 17 58 6 26 1 33 16 84 9 89 14 14 19 69 3 79 13 21 10 21 8 78 15 39 0 92 2 34
1 49 5 9 10 47 8 1 15 22 12 26 3 32 6 45 0 13 14 61 9 89 7 55 19 61 13 60 17 71 4 77 18 63 11 48 2 55 16 81
5 77 11 51 6 45 12 92 13 50 2 72 8 73 17 20 0 52 18 36 3 88 16 34 15 85 9 42 1 67 10 54 7 96 4 90 19 94 14 24
16 32 1 19 18 60 14 34 6 84 8 7 5 97 4 57 11 2 0 94 19 90 7 20 3 56 10 20 9 54 2 65 12 5 15 43 13 44 17 36
0 61 11 33 9 20 14 48 15 97 12 77 13 80 10 96 4 65 16 85 19 72 5 64 3 98 1 52 6 52 7 3 17 56 18 61 2 11 8 14
12 37 2 49 16 4 3 67 18 15 15 93 1 27 17 51 11 70 4 55 13 62 10 34 19 80 7 99 8 19 14 93 6 95 0 22 5 72 9 23
18 34 13 95 1 39 3 23 17 49 14 32 16 35 12 68 19 98 4 34 8 62 11 68 7 74 5 77 2 17 9 88 15 1 6 61 0 15 10 11
12 71 4 8 16 76 11 31 5 39 15 11 2 91 9 37 6 34 13 6 1 70 14 4 3 77 19 64 8 4 7 52 17 9 18 96 10 6 0 29
5 5 7 96 16 88 18 28 9 42 19 86 2 27 1 67 15 6 13 61 6 58 3 3 12 17 4 64 11 54 14 90 17 75 10 2 0 4 8 96
4 19 16 7 8 96 13 91 19 10 6 2 7 77 1 84 5 99 17 10 18 5 14 55 15 41 12 1 2 89 9 47 11 69 10 71 0 22 3 35
9 16 6 12 17 19 2 42 13 43 18 54 0 17 10 43 7 36 11 20 15 87 12 71 19 10 4 28 14 71 16 73 5 94 1 32 8 74 3 10
13 14 15 79 0 39 5 63 16 39 14 18 1 93 7 40 19 78 12 20 2 61 3 55 17 59 9 72 4 62 11 58 6 57 8 47 18 12 10 53
2 59 4 54 19 19 7 32 13 99 14 80 6 9 18 37 9 88 11 1 12 25 15 11 0 86 1 62 10 3 8 13 3 26 17 39 16 45 5 89
19 5 3 49 0 30 17 97 1 64 12 23 16 20 13 96 2 44 5 91 10 14 4 26 9 2 6 64 7 28 14 35 15 57 18 36 11 49 8 53
2 2 12 37 15 42 4 46 19 86 1 12 8 54 17 93 9 3 11 30 0 5 10 73 18 33 14 74 6 15 5 19 7 53 16 60 13 12 3 52
13 15 0 97 3 60 8 80 9 2 14 12 16 31 6 13 5 92 11 67 2 52 1 39 15 67 18 78 19 66 12 19 10 90 4 14 17 92 7 67
8 37 19 77 6 9 14 89 7 90 2 19 10 69 3 44 1 13 16 7 12 36 9 22 0 50 5 67 11 56 18 30 4 92 17 58 15 9 13 12
19 65 4 40 11 66 1 87 13 75 3 65 14 78 17 73 9 70 10 9 12 14 15 4 18 6 5 38 7 48 16 73 8 20 0 93 2 7 6 71
17 86 0 11 15 99 19 64 4 73 14 82 10 60 18 41 7 26 11 83 12 83 2 65 9 27 13 82 1 75 5 45 3 8 16 46 8 76 6 88
15 91 14 32 13 68 7 80 17 82 3 69 9 1 16 20 4 61 19 85 10 24 11 60 2 13 8 11 1 98 0 44 18 64 12 10 6 59 5 83
15 68 8 9 10 5 6 89 1 94 12 14 0 47 9 83 19 71 18 97 16 33 11 95 3 89 17 30 7 19 2 94 5 85 14 23 13 58 4 58
16 44 2 87 9 30 4 98 1 64 7 27 11 81 10 47 6 33 0 72 18 1 3 81 17 19 5 95 15 42 13 10 8 44 12 8 19 76 14 97
11 23 7 66 12 67 8 95 5 82 1 78 4 35 9 63 13 28 10 9 16 85 18 25 17 60 15 91 2 4 6 5 0 60 19 5 14 36 3 47
17 71 2 52 8 46 7 31 10 50 3 1 5 32 0 50 11 45 18 13 15 78 14 98 13 88 4 12 6 78 16 55 1 99 12 15 19 35 9 85
11 84 1 31 14 70 6 33 16 2 15 42 17 31 13 1 7 26 19 2 0 47 3 15 8 12 9 38 12 55 5 15 18 72 2 57 4 98 10 53
3 34 17 42 16 72 11 33 18 46 9 42 12 43 1 7 10 13 0 17 4 21 8 37 7 89 14 73 2 35 13 56 19 77 5 5 15 87 6 59
19 83 3 20 15 50 6 71 14 91 2 65 9 50 5 45 18 61 10 13 1 4 16 84 7 49 12 44 17 95 4 10 8 37 0 79 11 62 13 76
11 32 13 30 16 34 9 51 19 77 12 15 14 26 5 7 1 12 6 51 17 41 4 61 18 2 2 24 0 66 7 45 3 75 10 4 15 21 8 40
15 79 11 45 1 49 13 63 4 81 16 56 14 56 7 91 5 12 12 3 6 88 18 7 19 38 10 60 8 75 9 44 17 20 0 13 2 90 3 10
12 85 1 55 14 15 15 75 9 75 0 8 16 6 4 49 11 57 19 28 8 33 17 60 2 28 7 55 6 78 13 56 18 43 3 79 10 27 5 96
6 72 12 8 7 40 11 91 13 10 8 45 14 81 2 64 9 98 16 11 1 59 4 85 15 57 10 41 3 71 18 3 17 85 19 38 5 42 0 67
17 91 10 98 15 13 3 40 9 34 14 52 5 25 2 60 18 41 11 19 7 89 19 82 16 50 1 6 4 71 13 80 12 97 8 47 6 37 0 70
8 51 4 23 16 5 11 63 13 83 15 65 6 5 0 24 18 94 10 88 3 90 17 16 14 12 9 49 5 75 12 8 19 78 1 97 2 46 7 60
16 49 4 45 19 54 12 14 13 66 0 77 1 82 17 35 10 83 3 16 5 36 8 36 15 20 18 63 7 44 6 64 11 53 2 54 9 88 14 56
0 51 9 11 17 25 5 22 8 53 4 46 16 27 2 67 14 56 7 78 3 58 1 72 13 67 18 13 11 32 10 96 6 33 15 24 12 53 19 98
10 74 17 1 12 83 15 89 19 22 5 39 2 33 6 66 0 38 4 6 14 32 18 53 9 1 16 99 8 43 11 92 1 74 3 66 7 85 13 26
18 26 11 58 3 58 15 84 19 63 7 11 2 14 13 29 4 59 12 27 0 24 17 10 14 41 1 50 6 16 9 31 16 12 10 65 8 73 5 67
16 72 11 85 6 82 7 14 0 16 2 41 8 35 13 19 3 26 15 66 4 84 17 5 19 98 12 24 14 96 5 17 9 48 18 36 10 94 1 13
11 93 1 38 10 71 12 40 13 97 16 40 19 24 6 98 5 92 9 45 17 69 7 19 2 12 8 48 18 69 14 41 15 86 3 76 4 40 0 20
16 66 19 19 18 62 6 48 3 3 10 32 5 48 17 73 9 3 4 88 7 58 14 6 13 83 8 31 1 57 2 75 15 98 12 67 11 68 0 37
18 18 4 78 19 27 16 68 14 22 13 92 15 10 10 52 8 15 7 69 11 29 9 98 2 10 6 77 0 67 5 46 1 56 17 32 12 69 3 96
13 46 15 44 5 9 4 1 12 29 19 85 17 77 2 94 18 61 1 95 11 4 10 80 14 63 0 28 7 54 16 30 6 6 3 72 9 89 8 47
18 13 0 12 14 20 15 23 1 53 10 84 5 78 11 44 3 99 17 33 7 41 16 71 19 1 8 10 9 78 2 90 4 52 13 1 6 39 12 24
8 62 2 47 6 17 5 12 7 19 3 70 18 72 15 47 16 69 10 29 12 44 13 98 14 24 9 7 11 99 1 9 0 77 4 83 17 72 19 80
16 55 6 73 4 64 13 39 15 30 2 67 5 91 8 85 7 60 11 25 19 4 0 70 10 22 9 38 3 78 17 50 12 61 18 11 1 16 14 31
15 11 16 8 18 14 14 39 10 11 9 44 13 11 12 40 5 53 17 42 2 29 4 26 8 23 1 28 7 60 19 45 11 16 3 30 6 84 0 35
3 27 5 91 19 96 6 11 8 4 16 44 4 81 2 3 13 79 7 76 1 71 17 24 10 46 9 20 12 99 0 65 11 53 18 52 14 32 15 91
16 92 1 64 9 63 10 82 2 26 5 61 19 18 6 90 8 10 17 48 12 75 18 30 0 66 14 57 4 51 3 62 7 53 15 70 11 13 13 37
10 93 6 92 2 36 3 12 18 79 14 44 0 39 19 15 17 41 5 66 13 1 16 64 11 24 15 6 4 84 12 61 8 34 9 21 7 59 1 44
17 28 13 20 4 15 2 2 7 76 9 24 10 79 0 34 11 16 8 2 1 98 18 40 5 84 12 35 16 94 14 93 3 20 19 42 6 45 15 54
15 9 0 26 5 51 2 92 18 82 13 93 10 53 4 7 8 32 16 55 14 11 19 84 12 35 3 17 11 51 6 56 1 39 7 44 9 76 17 82
11 40 6 37 17 14 15 99 0 76 4 14 12 44 2 72 14 57 5 35 16 26 18 69 1 92 13 71 7 59 9 67 8 22 19 2 10 90 3 47
3 96 1 38 19 73 4 83 6 7 16 31 13 95 18 79 12 68 10 84 14 74 17 21 8 41 9 88 11 19 5 22 0 33 15 53 7 21 2 59
0 97 6 6 5 72 13 47 9 38 8 48 10 34 12 21 16 11 2 35 1 23 7 18 18 55 19 18 14 86 3 55 17 60 15 51 4 35 11 42
11 16 2 46 17 71 3 85 7 80 12 71 4 21 9 83 1 35 16 12 0 11 10 73 5 94 14 82 15 90 13 63 8 62 19 69 6 36 18 73
6 99 12 87 1 32 11 67 19 47 2 85 8 86 4 83 16 30 18 13 10 34 15 91 0 41 13 87 7 24 9 64 3 97 14 83 17 56 5 18
13 77 15 44 3 32 14 71 8 80 12 14 17 28 11 15 19 62 18 80 9 10 2 73 4 88 16 6 7 37 1 11 0 4 6 77 10 3 5 84
2 1 19 50 13 34 14 10 15 51 0 31 7 11 6 4 5 62 11 31 16 61 1 7 18 10 10 59 3 99 8 80 4 6 12 73 17 58 9 49
9 9 4 63 19 68 14 90 8 49 0 99 18 5 2 97 15 38 16 24 3 66 7 95 1 23 5 26 12 89 11 62 13 20 17 71 10 22 6 48
6 59 10 66 1 44 5 93 19 13 8 80 17 79 9 20 13 46 2 77 12 67 16 43 15 61 3 15 11 20 4 98 0 13 7 99 14 38 18 68
19 88 4 19 12 94 9 43 11 85 10 38 8 91 17 78 16 70 13 37 15 92 1 93 14 13 7 59 3 6 18 42 0 47 2 95 6 45 5 58
8 11 19 85 2 17 17 45 3 30 4 56 0 31 1 68 15 72 7 61 9 55 10 47 16 34 5 43 12 84 13 10 18 38 14 32 6 30 11 98
9 76 16 39 6 62 8 12 2 17 7 43 11 56 13 51 12 94 1 99 10 15 4 46 3 52 18 32 14 53 19 57 17 15 0 98 15 89 5 54
16 76 15 24 2 83 11 44 3 83 19 10 7 39 1 4 10 6 8 5 18 51 6 32 13 25 9 80 5 7 12 56 0 32 4 49 14 70 17 60
17 18 16 35 12 20 3 65 19 39 7 69 11 35 18 92 6 79 10 79 0 64 14 35 15 85 1 4 9 82 8 89 13 53 5 30 2 54 4 23
0 85 9 44 7 82 1 27 8 4 19 37 17 67 13 22 12 23 5 3 2 43 6 98 10 31 4 72 16 58 15 41 18 14 14 71 11 75 3 36
5 80 15 75 17 57 3 71 13 24 6 73 12 39 4 95 9 19 14 31 16 49 1 37 18 77 7 88 0 73 10 40 8 97 19 84 2 47 11 70
17 15 8 99 3 44 6 72 12 92 18 62 19 51 16 88 0 31 4 44 7 69 14 97 11 4 15 1 10 32 9 47 5 28 1 99 13 55 2 86
13 56 18 78 7 78 16 47 10 95 9 15 17 79 0 52 2 42 19 94 1 38 11 40 8 48 4 10 14 69 6 68 12 64 15 91 3 72 5 46
5 39 19 21 14 23 2 46 4 36 16 84 17 10 18 38 9 26 6 40 8 26 15 4 10 44 1 87 12 60 11 24 13 17 0 55 3 1 7 52
1 34 11 39 10 36 9 94 17 25 7 28 16 55 0 46 15 82 2 90 3 3 8 18 19 66 4 16 18 33 13 35 12 4 14 54 5 78 6 61
19 64 15 50 16 89 5 16 17 9 4 55 2 38 14 32 11 39 8 28 12 6 10 16 1 8 7 37 18 37 0 16 6 30 13 93 3 29 9 64
6 74 10 55 15 98 4 96 12 43 17 43 13 27 19 25 1 59 18 7 16 80 0 76 2 19 14 35 9 92 11 51 3 73 7 57 8 17 5 96
17 92 6 14 19 37 10 26 9 59 7 66 1 9 11 84 4 22 16 60 14 41 5 28 3 81 2 61 12 44 15 61 13 25 8 33 18 15 0 59
2 89 3 96 16 51 17 15 14 6 12 13 13 88 15 66 6 11 18 32 11 74 7 6 5 45 0 50 1 50 8 80 4 97 10 21 9 72 19 48
9 62 16 40 1 14 11 54 4 38 10 10 14 98 15 70 6 51 3 45 12 45 7 41 8 30 0 94 19 84 5 51 13 97 2 74 17 53 18 18
6 47 8 92 3 82 16 7 13 44 2 52 9 8 18 54 14 64 11 80 5 74 12 1 19 79 1 83 10 77 4 66 7 72 15 30 17 72 0 49
5 88 8 6 12 96 9 84 16 53 4 17 6 46 0 73 15 99 7 99 1 13 19 49 10 92 17 9 2 57 13 4 18 6 11 72 3 64 14 18
8 53 9 92 6 76 16 49 14 77 3 71 0 33 7 33 4 31 15 24 2 10 13 10 11 92 1 45 12 30 10 20 19 46 17 24 18 89 5 90
13 39 1 67 2 99 16 11 12 76 6 96 4 12 3 18 11 27 7 80 10 4 18 8 9 50 19 35 15 55 17 16 8 55 14 9 5 20 0 70
12 61 18 18 5 39 0 19 14 72 3 29 16 95 13 36 4 93 11 67 6 18 15 88 19 33 1 58 17 55 2 17 8 66 9 20 10 46 7 26
19 49 12 95 0 5 1 23 7 98 9 22 13 39 3 95 16 45 2 72 17 59 4 28 10 98 11 84 5 45 15 27 8 11 6 6 18 12 14 48
8 27 11 78 19 33 10 38 3 57 17 80 13 92 1 73 14 3 0 49 16 71 5 77 12 8 9 61 4 27 6 29 18 34 2 72 15 47 7 39
6 51 1 94 5 6 7 33 15 63 16 57 18 96 9 35 11 11 2 11 12 67 13 99 8 89 19 12 14 83 10 10 3 96 4 43 0 24 17 13
6 79 18 21 19 54 1 79 10 33 13 66 9 28 11 48 3 57 15 83 0 45 5 59 7 12 16 96 8 80 14 11 12 31 2 5 4 80 17 77
8 43 11 68 9 83 15 13 18 36 12 58 1 12 5 67 14 8 19 10 10 31 4 70 16 65 17 42 13 31 2 20 7 72 3 47 0 61 6 6
2 36 16 15 4 55 11 7 7 35 18 63 10 75 6 80 9 89 3 57 1 78 14 16 15 81 8 1 19 44 17 95 5 39 0 98 12 73 13 45
