100 20
5 50 15 38 6 4 10 84 7 95 14 38 3 4 2 9 19 98 17 88 1 36 11 86 9 97 8 89 18 13 16 24 0 72 12 59 4 32 13 40
9 24 5 58 3 8 17 77 1 35 2 80 6 58 8 38 4 86 15 94 10 40 11 22 0 34 16 38 18 44 14 90 12 25 13 10 7 4 19 53
3 70 17 20 19 10 7 68 5 44 9 21 16 66 11 10 4 74 10 93 0 35 15 10 12 22 13 66 8 8 6 64 18 99 1 63 2 9 14 36
3 99 16 41 12 19 13 41 9 88 5 87 10 39 15 35 4 77 8 46 6 48 14 66 18 39 0 77 7 84 1 19 19 3 2 83 11 37 17 69
11 80 1 72 0 66 14 98 9 70 8 43 5 50 18 57 17 9 16 55 6 88 2 34 12 2 10 79 4 43 3 17 13 20 7 81 19 87 15 94
0 77 5 78 8 57 6 96 19 52 17 36 4 16 16 50 18 14 15 27 13 13 7 95 3 87 2 4 1 98 12 67 14 4 11 42 9 55 10 68
1 3 3 92 10 1 17 62 2 31 9 35 18 80 12 35 4 52 15 15 16 20 5 48 8 93 19 50 11 27 7 53 0 41 6 30 14 42 13 92
19 17 17 35 14 29 6 98 2 32 7 90 5 86 13 15 8 53 16 40 3 74 1 40 15 42 4 68 11 17 0 94 9 74 18 35 12 97 10 31
9 54 1 57 4 18 7 28 19 9 8 9 14 57 12 38 11 71 10 40 15 78 16 31 3 57 0 52 13 6 2 51 17 99 18 43 6 2 5 83
8 21 18 42 15 64 4 2 9 72 14 17 13 93 2 31 12 30 0 64 6 31 7 88 5 98 1 14 17 14 10 88 11 45 3 97 16 98 19 85
13 40 16 87 2 27 1 93 11 44 19 67 0 70 9 3 10 84 12 96 7 46 17 48 4 84 18 66 3 15 15 9 5 20 8 56 14 95 6 82
16 96 11 59 14 37 7 45 5 94 15 19 9 75 17 81 0 41 12 90 19 84 6 8 3 81 18 93 8 72 4 24 13 72 1 57 2 8 10 35
15 77 12 55 19 50 6 41 17 55 1 81 5 99 8 13 14 67 9 16 10 86 7 25 3 7 11 70 18 66 4 40 2 8 0 82 16 18 13 69
12 49 3 57 16 50 6 93 17 77 11 61 18 47 9 84 13 4 2 44 10 29 19 43 1 69 5 34 8 97 15 50 14 59 0 9 7 17 4 26
17 61 3 17 18 4 0 13 12 76 4 59 16 57 9 97 14 6 10 18 8 51 6 26 7 53 5 87 15 40 13 88 11 78 1 46 19 5 2 86
15 88 19 64 8 41 18 20 1 96 5 74 4 47 11 85 17 96 3 75 10 78 0 66 7 76 16 55 12 63 14 82 2 41 6 56 9 60 13 40
11 69 4 93 0 2 15 53 3 22 17 33 9 2 14 40 18 49 12 63 10 82 8 97 1 79 2 76 13 32 7 15 16 32 6 57 5 1 19 27
9 59 16 97 11 8 19 45 17 85 7 88 8 31 4 42 2 23 0 20 12 93 18 90 13 90 15 5 5 20 6 55 1 46 3 76 10 66 14 35
11 12 4 28 7 31 5 81 13 45 10 52 17 35 19 41 14 19 9 30 16 35 2 37 18 40 8 19 3 19 12 77 1 86 6 91 0 25 15 14
16 51 1 77 17 79 5 53 4 27 0 36 15 13 11 55 12 35 6 83 7 5 14 35 2 78 13 10 19 11 3 52 18 81 8 87 9 86 10 88
11 29 3 96 14 91 16 61 6 15 17 68 5 36 18 59 15 17 7 1 19 91 4 22 12 27 9 42 1 45 0 24 13 13 8 79 10 7 2 71
5 36 19 79 17 68 13 7 9 54 6 15 12 4 1 27 11 38 3 23 16 75 7 69 0 25 2 10 8 32 10 77 15 83 18 5 14 1 4 6
0 19 16 72 18 13 17 59 7 58 12 97 11 12 1 3 3 87 4 87 5 37 10 70 2 75 9 50 8 19 13 65 19 39 15 5 6 4 14 52
6 49 13 38 15 76 12 81 18 26 16 23 8 76 14 42 17 98 4 99 19 5 1 74 9 28 10 97 11 73 3 76 2 32 5 11 7 31 0 39
6 69 13 60 10 50 11 3 18 15 15 49 7 1 8 80 5 40 9 4 3 3 0 53 12 96 14 99 4 75 2 8 16 56 1 22 19 61 17 47
6 54 11 4 3 98 16 64 19 30 9 44 15 94 13 28 17 62 14 35 18 68 4 62 12 32 0 89 10 29 8 72 5 53 7 66 1 34 2 4
1 24 6 7 3 85 16 93 13 7 4 56 11 75 5 49 15 74 18 16 19 32 9 19 0 95 7 71 17 37 10 56 14 8 2 66 8 52 12 9
5 24 18 72 8 24 15 22 2 24 12 92 3 65 17 14 19 46 7 23 1 26 11 59 16 46 6 40 4 80 10 42 13 94 14 51 0 72 9 77
13 31 19 93 3 17 11 14 4 40 14 22 12 19 15 42 7 72 8 18 17 84 6 55 1 28 5 99 10 67 18 40 16 69 9 60 2 68 0 47
12 38 10 61 5 49 6 89 3 19 2 49 13 70 14 60 17 60 9 13 15 55 1 68 19 98 11 89 18 54 0 76 4 3 8 2 7 25 16 6
15 86 10 6 12 93 5 78 6 88 8 42 0 36 17 72 14 60 4 98 16 80 11 60 13 50 1 94 19 2 18 6 2 48 3 59 9 93 7 67
15 40 5 18 19 14 16 97 13 36 1 16 14 95 12 18 11 93 10 53 0 69 6 99 18 49 17 61 2 7 4 26 8 38 7 37 9 69 3 38
16 90 1 5 8 98 18 77 5 5 13 84 12 92 0 57 9 76 11 22 10 44 4 64 15 1 7 56 19 43 14 61 6 4 2 12 3 82 17 13
4 1 18 78 3 73 5 22 10 56 12 4 7 14 13 2 16 52 1 67 15 92 11 93 9 73 6 42 0 27 17 33 19 57 14 12 8 99 2 91
11 30 15 88 6 36 12 58 2 48 16 94 19 85 0 45 4 11 17 71 5 20 7 28 3 79 9 68 13 87 14 91 1 14 18 85 10 37 8 90
1 16 6 91 4 69 8 17 3 84 9 70 7 62 12 95 19 42 17 41 15 60 0 66 18 63 10 5 5 13 14 96 13 2 16 72 2 12 11 18
12 30 17 87 6 19 4 43 15 35 9 59 11 13 7 91 18 66 2 3 13 86 0 9 16 88 14 15 8 16 10 88 1 88 3 98 5 30 19 29
13 95 11 77 1 5 2 68 0 53 19 65 15 10 10 44 14 70 9 30 18 4 8 95 16 80 7 54 6 72 17 15 3 86 12 26 4 89 5 65
8 96 6 50 12 68 5 60 4 17 19 62 1 7 10 77 7 62 11 69 9 2 13 96 16 4 3 55 2 4 17 81 14 29 18 65 0 50 15 93
6 66 0 78 18 55 14 46 2 4 4 77 17 80 15 97 16 6 7 83 12 98 13 26 8 8 11 74 3 33 19 58 10 84 9 77 5 82 1 66
9 68 11 19 18 71 19 50 3 24 8 43 5 81 17 87 15 54 1 47 13 45 0 61 2 94 7 86 12 90 4 15 6 12 16 74 14 61 10 28
5 99 12 79 9 7 4 40 8 8 7 47 18 81 3 88 11 26 19 37 14 26 0 28 17 34 2 45 16 10 15 17 10 27 6 59 1 59 13 82
1 53 7 21 0 23 14 39 2 85 12 64 5 52 19 55 16 23 17 25 18 94 13 60 9 3 3 42 8 29 6 37 10 49 11 26 15 73 4 51
10 4 8 41 7 27 1 74 15 20 0 32 18 18 4 62 16 38 12 1 3 89 2 75 13 22 14 76 17 42 9 1 11 9 6 25 19 98 5 59
12 15 14 90 18 89 5 69 11 7 13 3 3 1 1 7 19 95 15 17 17 41 16 77 8 85 7 80 4 76 6 73 0 9 9 11 2 89 10 1
13 27 5 86 19 67 3 26 15 45 2 60 7 11 12 38 14 40 0 15 1 26 16 92 6 97 8 93 10 42 18 99 11 5 17 5 9 66 4 26
17 57 13 36 11 40 0 97 6 75 5 28 18 78 9 19 14 11 1 89 12 16 3 71 10 92 15 91 4 42 16 5 19 81 7 71 2 66 8 63
19 4 4 66 11 4 17 73 12 4 10 57 7 46 15 59 5 12 14 59 3 52 6 14 13 71 16 84 9 9 1 27 18 31 8 9 2 45 0 52
14 21 18 41 2 28 16 59 19 89 13 54 3 12 0 94 10 34 1 35 12 29 8 50 4 64 17 56 7 4 9 14 5 62 11 70 15 91 6 73
3 84 13 74 14 94 16 55 15 45 11 40 1 48 10 3 17 12 0 57 2 44 9 77 7 15 12 24 4 96 6 91 19 16 8 34 5 31 18 60
13 21 7 25 8 72 2 84 19 22 1 45 0 5 9 74 17 38 14 2 12 29 4 67 16 61 5 24 6 25 11 10 15 81 10 63 3 42 18 46
0 10 18 64 17 71 2 6 19 41 16 16 13 86 3 56 1 44 6 48 7 25 11 93 4 84 10 76 15 83 5 70 8 19 12 57 14 89 9 77
7 9 2 36 6 7 11 63 15 91 18 1 0 84 1 70 19 92 16 76 12 97 9 6 13 5 10 15 5 6 8 68 4 99 14 15 3 29 17 42
6 85 13 46 4 91 0 95 10 22 12 92 2 12 1 11 7 84 3 23 8 3 11 53 14 46 9 91 19 97 18 89 16 82 5 84 17 21 15 95
12 86 15 92 11 71 4 64 8 20 6 96 17 1 0 24 1 3 14 57 7 39 10 23 13 96 5 44 9 26 18 93 2 83 3 75 19 47 16 23
10 22 9 45 3 14 15 96 1 28 5 56 4 93 7 38 2 9 11 19 12 29 17 13 0 64 8 74 19 46 16 12 18 60 14 15 6 9 13 19
6 16 13 34 11 46 4 76 8 28 12 35 2 2 14 71 16 79 18 16 1 65 7 91 10 6 19 99 3 41 5 4 9 73 0 22 17 49 15 53
10 65 12 87 11 68 0 79 19 79 1 94 5 73 6 31 13 65 18 95 4 46 9 21 7 68 3 63 2 35 17 55 15 54 8 37 16 66 14 31
8 1 9 89 14 22 19 58 10 87 5 7 18 73 16 50 1 89 11 51 13 74 15 89 6 89 17 49 3 55 12 18 2 15 0 87 7 92 4 50
18 87 19 26 14 48 3 57 5 8 7 49 0 36 4 86 1 84 12 42 15 7 8 33 16 66 6 76 9 67 13 8 2 72 17 79 10 79 11 73
1 85 7 68 13 7 8 62 2 59 19 51 9 35 17 84 10 16 16 73 12 10 15 76 18 67 11 36 14 89 3 37 4 4 6 91 0 96 5 45
4 28 2 26 12 75 18 47 11 73 17 41 13 16 9 12 19 80 7 19 15 66 3 82 14 68 8 84 10 10 5 32 0 79 16 49 1 32 6 47
17 11 1 11 8 97 6 2 14 51 2 88 15 77 13 76 11 8 10 88 5 78 12 56 0 28 7 20 16 87 18 94 9 17 3 50 19 94 4 81
14 33 17 30 15 75 9 7 5 19 10 31 2 93 12 37 11 5 13 29 8 44 16 44 6 68 3 43 7 29 0 51 4 59 18 73 19 46 1 65
9 19 10 39 5 61 14 68 2 5 18 83 19 55 8 25 17 30 7 84 15 14 0 20 12 58 11 64 1 81 16 12 6 59 3 54 4 61 13 18
12 46 14 20 16 12 18 14 5 80 1 31 19 68 0 13 7 2 9 70 17 22 13 21 10 83 4 33 15 72 8 59 3 58 2 8 11 65 6 40
15 4 14 89 0 80 7 93 4 13 3 59 9 71 1 5 11 48 19 43 10 32 17 79 18 12 13 1 16 28 6 33 2 27 8 14 12 54 5 71
0 44 1 69 17 26 2 83 9 58 14 52 10 54 4 57 11 34 5 77 15 32 16 54 19 49 18 5 7 93 12 37 13 84 3 10 6 76 8 63
4 47 2 84 18 61 12 62 16 49 10 37 7 35 19 31 14 43 13 75 11 61 6 46 15 8 1 30 9 51 3 42 8 82 5 52 0 91 17 51
13 36 15 82 14 51 6 48 10 81 17 69 7 35 5 38 12 31 16 83 1 3 4 52 18 20 3 52 19 54 0 15 8 93 2 52 9 1 11 14
5 89 18 97 8 55 15 29 17 46 9 18 11 98 14 46 6 38 16 4 7 75 2 11 1 86 4 59 3 26 10 74 19 44 13 47 12 9 0 45
6 47 10 64 18 34 13 1 8 79 11 31 9 86 15 54 12 63 14 71 5 40 17 21 7 49 0 3 1 85 4 54 2 76 19 96 16 38 3 98
16 53 7 9 0 12 8 85 6 25 4 49 9 88 12 9 19 72 11 95 14 10 5 93 15 2 18 66 3 93 2 45 10 15 17 73 1 32 13 9
3 27 11 10 15 14 6 26 4 44 10 80 8 63 13 12 9 17 19 86 5 60 0 93 12 46 2 62 14 40 16 66 7 55 17 61 18 9 1 24
12 80 3 20 11 39 13 87 6 41 5 91 10 64 7 41 9 60 16 69 18 1 19 60 8 18 2 44 1 77 4 14 15 60 0 45 14 24 17 94
11 46 19 52 12 55 18 47 16 87 1 61 14 33 5 85 13 51 8 25 3 53 10 21 15 10 9 40 4 63 17 13 2 56 7 7 6 1 0 59
0 70 15 1 2 30 6 36 13 12 4 78 7 97 12 94 1 38 18 90 19 45 11 56 17 48 14 79 16 45 3 48 5 97 8 27 10 53 9 93
8 41 3 42 4 12 12 33 1 30 11 36 14 3 7 69 16 3 9 38 10 36 2 41 15 85 17 93 6 95 0 75 18 68 13 73 19 15 5 99
5 31 15 53 14 82 6 68 19 78 18 99 13 56 4 1 1 1 8 1 0 61 7 76 12 95 16 47 3 71 9 5 10 89 2 77 11 76 17 51
15 38 6 24 18 93 0 51 16 92 2 65 4 26 3 12 8 35 19 3 17 58 5 72 12 78 7 16 14 29 11 31 13 32 10 83 1 40 9 71
5 31 11 22 14 67 9 70 8 6 6 25 10 11 12 52 18 8 7 43 17 81 13 14 0 6 19 44 2 38 1 32 4 8 16 55 15 14 3 80
1 36 16 35 9 29 2 8 7 58 0 87 12 61 14 92 15 69 13 83 5 55 11 75 17 46 3 34 18 69 19 59 10 86 4 38 6 49 8 14
1 61 15 3 4 96 3 35 16 60 8 92 5 29 7 22 10 53 6 65 13 90 14 71 0 59 11 19 18 54 17 57 19 48 2 29 12 68 9 62
1 86 0 6 7 68 2 61 12 12 17 38 11 68 13 30 9 75 6 9 3 34 16 51 15 75 14 85 19 29 5 50 18 27 4 75 10 72 8 17
19 60 9 77 13 40 1 94 18 52 5 75 15 93 6 70 12 3 3 95 8 86 11 23 17 39 7 59 16 95 4 57 10 55 14 46 0 78 2 42
12 17 9 2 7 38 5 24 6 31 3 76 18 59 1 52 19 98 14 73 2 47 0 15 17 5 15 38 16 40 4 32 8 26 13 47 11 91 10 99
16 38 10 88 1 22 12 21 11 65 18 44 15 33 3 95 5 94 14 41 4 62 6 42 8 69 17 39 0 52 7 72 9 94 2 98 13 49 19 55
2 97 7 83 19 37 6 58 16 86 12 33 9 14 17 9 18 77 0 74 8 89 14 60 10 93 1 34 15 5 13 83 3 20 11 29 4 58 5 79
14 61 15 84 18 70 9 98 2 77 11 71 10 73 3 47 17 32 0 43 19 36 6 97 13 19 5 29 1 41 4 27 16 51 7 59 8 6 12 33
3 6 11 20 8 95 15 69 18 67 10 98 19 19 0 59 17 53 2 79 6 31 14 94 12 76 7 19 5 16 13 66 9 90 4 47 16 34 1 67
11 58 7 21 15 25 12 41 10 63 0 44 4 2 3 71 9 82 6 15 16 45 13 46 2 58 17 33 8 10 19 39 18 20 14 85 5 70 1 58
19 99 0 11 8 21 7 46 6 11 11 85 1 98 3 60 10 89 12 62 17 5 4 46 15 65 2 54 16 50 14 58 9 93 18 89 13 37 5 5
19 52 0 2 3 35 1 51 4 58 6 47 15 24 7 44 10 76 11 44 12 6 2 95 9 50 5 90 14 42 8 42 13 7 17 39 16 60 18 56
18 39 0 94 16 99 12 45 3 80 6 62 10 38 5 55 15 67 9 24 8 30 14 70 11 64 1 65 13 40 2 81 17 10 4 8 7 28 19 12
5 1 14 92 17 63 19 9 16 15 18 99 2 6 8 49 15 67 3 13 9 44 1 52 6 3 0 20 11 76 4 16 12 57 7 22 13 22 10 22
12 14 17 35 1 99 16 43 4 92 9 27 0 19 6 14 15 88 19 67 7 3 3 17 13 18 5 38 8 49 11 53 2 84 18 46 14 24 10 97
11 95 17 98 6 50 1 98 18 98 10 16 3 29 5 45 2 13 8 70 7 56 19 14 4 66 13 11 15 53 12 60 9 2 0 99 16 75 14 10
12 99 10 7 3 53 16 63 17 36 14 92 6 41 5 22 0 75 4 4 15 79 18 73 11 97 2 48 19 31 8 71 7 33 9 26 13 89 1 63
7 88 18 70 2 66 9 2 16 85 17 93 6 17 13 28 1 70 19 63 11 34 15 8 12 18 5 10 3 24 8 1 10 86 14 30 4 45 0 27
5 73 16 96 17 13 1 95 19 47 0 9 11 31 8 13 7 87 2 2 9 39 6 32 3 78 15 38 13 57 4 15 14 72 10 90 18 4 12 72
