100 20
9 3 13 25 18 94 15 91 1 50 14 63 4 38 17 37 0 85 7 72 2 63 19 50 11 48 10 26 12 90 6 92 5 36 8 30 3 55 16 20
12 61 3 89 10 11 14 22 8 3 6 60 18 84 9 17 16 52 5 19 17 45 1 11 15 85 13 76 4 30 0 59 2 69 19 1 11 7 7 27
15 94 19 45 9 59 5 93 2 46 3 74 0 25 11 27 14 22 13 79 6 4 17 90 16 30 18 24 4 95 10 74 7 72 8 22 12 14 1 50
9 12 15 54 5 75 12 60 4 21 13 58 19 12 1 43 16 62 14 38 3 83 18 42 10 26 0 64 6 72 17 55 11 50 7 58 8 90 2 20
13 9 5 54 7 96 1 51 6 77 17 81 10 78 11 97 12 79 2 65 8 96 19 63 3 22 4 74 9 43 14 42 16 49 18 96 15 5 0 61
9 76 19 45 0 47 6 89 12 48 18 50 8 4 16 63 4 68 10 49 15 12 3 33 13 4 17 56 1 22 11 13 14 50 2 72 5 30 7 40
14 99 16 11 15 14 5 91 9 46 1 40 18 58 6 62 8 21 11 43 17 42 12 71 0 95 3 36 4 49 10 76 19 67 7 65 2 67 13 59
10 53 15 20 19 32 11 6 16 93 1 6 17 40 3 85 12 37 7 92 5 98 13 77 0 31 4 95 18 52 2 97 6 87 14 50 9 43 8 2
3 27 11 5 0 94 7 52 17 51 1 36 12 96 4 38 5 56 16 82 8 11 2 93 9 21 10 43 19 24 6 28 13 39 18 60 14 42 15 3
17 70 5 85 16 57 10 52 4 3 7 50 13 38 1 75 6 72 8 44 12 65 3 83 2 46 0 98 15 86 9 24 11 66 19 6 18 5 14 19
17 51 19 20 18 5 8 11 13 32 6 7 15 45 5 12 9 47 0 22 1 42 3 5 7 93 14 21 16 59 2 38 4 40 11 84 12 29 10 74
2 60 16 94 13 21 0 32 10 50 9 74 12 36 17 92 14 24 4 29 8 2 18 4 6 46 19 35 15 68 3 5 11 13 5 65 1 19 7 71
15 8 6 75 11 70 8 30 10 41 2 49 14 44 1 43 16 67 18 57 17 2 19 30 13 12 7 51 9 94 5 60 4 1 3 3 0 81 12 35
1 44 10 12 3 47 19 45 0 49 7 61 9 90 5 55 12 51 11 3 2 54 16 8 13 90 6 97 18 61 14 34 8 93 17 19 15 70 4 77
4 69 18 83 15 89 17 69 1 52 14 1 9 63 10 86 16 8 0 48 19 45 13 36 8 70 6 32 2 54 5 13 7 71 12 9 3 20 11 78
17 39 4 41 0 30 8 1 9 50 7 1 10 70 1 7 15 42 19 54 16 72 5 82 14 15 11 41 2 94 18 61 13 58 12 64 6 82 3 12
1 73 13 96 6 91 8 5 16 25 2 72 12 92 19 64 14 77 5 59 15 64 17 95 3 82 4 97 0 19 11 29 10 35 7 83 18 54 9 56
19 6 4 26 15 81 8 37 0 9 6 45 18 6 3 6 9 17 12 20 13 97 10 44 7 24 14 43 11 84 5 75 16 91 1 99 2 1 17 68
19 56 4 61 9 66 13 68 5 91 8 99 3 35 18 32 17 59 6 62 0 37 14 6 10 45 1 58 15 9 11 34 7 22 12 89 2 82 16 78
6 95 0 75 2 17 11 28 19 84 13 82 5 93 17 74 3 27 8 80 9 69 16 68 12 31 10 48 7 29 15 32 18 93 14 2 1 64 4 18
18 30 7 49 19 94 10 3 11 67 5 45 17 47 3 74 6 49 2 74 0 33 13 64 16 76 15 95 1 35 9 60 12 74 8 40 4 13 14 16
10 7 6 60 17 3 8 95 18 77 13 70 19 88 16 28 15 26 12 32 2 76 0 42 7 62 1 41 11 22 4 13 5 24 14 4 3 30 9 21
1 53 18 94 10 32 4 23 3 94 19 99 16 62 12 18 7 97 14 71 5 1 17 21 2 76 13 30 15 13 0 13 11 6 8 6 9 94 6 46
2 41 8 58 17 23 12 16 13 10 7 31 5 15 16 98 18 22 6 48 1 12 19 59 4 54 0 47 14 62 11 75 3 30 15 53 9 72 10 10
18 39 0 94 6 23 9 27 7 73 2 75 8 29 15 40 3 30 12 58 13 57 11 84 1 77 14 87 17 55 16 83 19 50 10 1 4 79 5 38
3 8 8 60 4 73 1 54 5 37 13 39 12 95 9 61 14 61 18 66 11 40 6 12 15 1 16 20 2 67 17 87 7 67 19 9 10 45 0 20
1 32 16 81 15 33 6 31 5 23 7 77 12 93 4 84 11 54 3 91 8 42 10 32 0 74 18 67 2 86 9 10 19 68 14 56 13 37 17 19
17 54 10 47 5 53 6 12 1 1 13 67 8 72 7 4 12 55 3 17 16 35 14 44 4 99 11 45 19 85 18 11 15 55 0 66 9 70 2 18
17 23 11 10 0 21 2 72 10 90 1 68 5 73 16 82 19 61 13 38 18 45 15 61 14 69 6 71 8 7 4 33 3 29 7 72 12 9 9 14
14 1 19 48 17 31 2 24 10 6 4 34 3 42 11 95 1 94 13 54 9 39 5 51 18 2 16 47 15 25 7 18 8 29 6 41 12 89 0 21
9 96 4 30 7 77 17 18 2 71 5 75 8 58 6 97 3 54 15 94 16 64 11 20 18 90 1 59 10 99 13 88 14 76 0 72 12 28 19 10
7 58 6 34 14 55 16 17 15 43 8 9 9 97 18 53 4 73 11 47 13 82 0 58 5 94 2 69 10 80 12 89 17 46 19 44 1 50 3 94
14 98 0 48 6 59 19 78 1 33 3 5 17 31 5 99 2 87 11 21 8 34 4 4 18 37 16 87 12 14 15 1 13 13 7 18 10 43 9 76
1 95 8 99 13 73 0 95 17 74 12 80 11 61 5 73 3 58 15 95 18 91 4 2 16 41 9 54 7 50 2 62 10 48 14 25 6 79 19 47
8 57 12 94 9 41 17 9 14 80 10 32 1 8 15 5 7 39 19 10 11 75 5 12 6 90 18 11 13 94 2 11 16 79 4 67 3 42 0 84
8 34 7 38 9 91 1 55 11 52 4 2 10 45 13 98 15 73 2 57 16 8 0 85 3 71 6 89 17 96 12 57 19 35 18 52 5 33 14 79
14 52 9 82 10 26 12 54 6 19 2 53 7 10 13 28 18 18 11 27 1 42 19 12 3 48 17 80 4 18 15 19 0 48 8 28 16 78 5 63
3 7 14 75 10 44 12 53 15 1 9 33 16 8 6 22 8 36 4 48 11 65 2 33 7 91 5 31 19 27 13 11 1 57 17 95 18 97 0 55
6 49 7 62 17 98 3 56 4 21 9 53 10 65 13 14 8 51 0 97 14 71 19 69 16 88 18 38 15 3 12 22 2 50 5 62 1 23 11 44
15 9 4 74 17 52 10 36 1 81 11 69 7 22 2 6 14 10 3 58 8 26 16 8 12 79 19 94 18 76 13 22 5 63 6 96 9 2 0 14
1 68 9 51 2 31 3 22 14 41 10 54 11 9 13 15 8 53 12 89 4 23 17 95 7 75 16 91 5 45 18 35 19 36 6 74 0 57 15 15
16 87 8 98 4 41 18 17 0 12 6 79 17 81 3 94 14 80 19 69 5 19 10 34 11 28 9 73 12 53 15 23 13 76 2 93 7 64 1 69
6 7 5 56 16 68 18 68 17 46 13 8 7 53 8 53 4 45 12 89 9 35 3 66 0 78 1 28 10 46 14 81 2 68 19 29 15 97 11 30
1 82 4 95 10 73 6 21 13 6 7 89 9 26 5 56 19 32 14 11 15 65 0 16 3 16 16 37 2 81 18 53 17 71 8 35 11 28 12 32
17 18 16 29 0 95 14 26 11 23 1 4 4 45 8 95 13 63 15 83 7 6 12 41 6 26 5 80 9 18 2 12 18 16 19 27 10 58 3 20
9 27 17 62 4 56 6 34 2 60 12 46 10 55 5 76 16 16 13 59 18 8 15 98 8 26 0 56 14 22 11 36 19 99 3 91 7 65 1 50
8 42 12 88 7 20 2 68 17 6 3 2 4 83 15 54 10 67 11 4 5 37 18 51 16 7 0 99 6 84 1 44 19 85 9 5 13 30 14 96
19 41 16 53 10 20 17 36 5 96 9 37 2 95 18 59 6 41 4 24 11 4 15 13 3 96 0 16 14 33 1 40 13 11 12 26 7 57 8 34
18 5 1 17 4 37 10 30 17 41 16 65 9 39 2 82 15 13 3 10 7 2 8 41 12 29 14 52 6 14 5 77 0 14 11 22 19 1 13 79
16 2 12 38 1 31 15 99 4 64 8 24 7 63 6 84 9 12 13 37 0 83 17 57 10 23 5 7 19 77 14 33 3 11 18 29 2 37 11 61
2 35 9 48 18 10 4 14 19 6 1 81 15 25 3 75 5 1 14 64 7 96 0 46 12 11 8 23 6 10 17 81 10 4 16 8 13 53 11 43
15 78 12 16 19 82 8 29 0 29 6 78 18 5 11 35 16 63 3 53 10 75 7 56 2 2 4 98 17 53 1 21 14 99 5 88 9 57 13 64
16 2 3 22 10 66 1 43 19 60 6 32 2 29 13 21 7 33 9 90 4 79 0 54 11 99 15 45 14 45 5 54 12 42 18 74 17 16 8 50
2 86 15 64 8 39 5 39 1 34 12 20 3 53 11 36 13 17 14 82 17 49 9 14 4 1 10 63 19 47 0 54 6 38 18 56 7 62 16 3
6 27 17 52 3 91 5 81 8 30 16 90 7 80 4 40 12 94 9 95 2 66 0 2 13 55 15 81 10 1 11 4 14 72 18 96 19 27 1 74
16 77 7 35 1 29 3 20 19 22 14 79 0 55 13 94 5 43 17 47 8 91 9 11 11 16 2 52 6 39 4 67 15 50 10 75 12 51 18 52
9 8 4 68 13 92 1 36 15 1 8 50 7 78 18 69 19 85 2 40 14 61 0 94 12 4 17 49 16 70 11 14 3 76 6 34 5 48 10 57
11 64 16 43 4 21 2 52 15 60 7 8 13 98 10 98 5 78 6 89 0 99 1 24 17 94 14 17 9 95 18 99 12 2 3 94 8 54 19 15
11 71 12 42 7 64 6 92 13 19 9 85 15 57 5 62 10 29 16 88 0 71 1 17 3 89 19 20 14 35 17 29 2 7 4 71 18 15 8 54
16 42 18 77 4 40 0 2 2 17 8 6 19 65 17 95 12 24 5 24 15 74 1 95 6 12 3 57 14 82 9 11 10 45 11 67 7 87 13 30
11 73 14 28 17 14 6 16 15 30 4 96 16 42 12 96 9 44 5 6 3 84 8 41 19 82 7 22 2 54 13 89 18 68 10 61 0 25 1 3
1 64 19 25 12 12 6 63 18 32 9 26 13 85 0 10 15 51 16 37 8 43 17 51 4 11 7 32 10 51 3 65 5 27 11 79 14 29 2 37
7 1 14 48 11 48 9 79 19 82 10 48 15 6 17 81 6 25 13 2 4 98 0 73 18 34 1 66 5 45 2 26 16 97 8 99 3 64 12 25
0 57 4 50 13 47 2 88 17 67 14 57 8 91 3 49 6 23 1 92 15 78 10 80 18 44 19 48 16 95 9 12 5 45 11 56 7 53 12 89
1 40 13 82 3 28 10 21 9 87 7 37 8 89 2 59 4 65 19 22 15 80 12 80 16 37 5 8 17 66 11 69 0 73 6 14 18 56 14 33
17 11 6 90 14 47 12 10 15 7 19 21 9 67 8 95 13 21 0 15 5 93 3 22 11 61 16 73 2 99 7 61 1 5 10 63 18 23 4 95
14 71 18 36 19 23 15 39 8 13 3 64 12 60 4 16 17 77 1 44 13 88 5 2 10 99 16 6 2 60 0 87 9 88 11 75 6 87 7 62
18 93 17 33 11 55 8 81 5 73 6 32 19 27 2 75 10 17 15 73 9 54 14 22 12 40 1 30 0 83 7 25 3 33 13 62 16 94 4 79
16 6 19 47 18 84 2 72 9 67 14 87 10 52 0 34 1 94 8 51 11 50 5 12 4 51 6 17 17 18 3 57 12 61 7 27 13 50 15 39
10 54 13 72 0 98 18 14 12 2 9 92 6 68 4 7 17 61 1 67 14 26 8 24 2 73 19 33 11 1 7 38 16 49 15 48 3 31 5 63
7 33 17 18 14 35 11 23 1 92 8 96 12 48 13 30 19 44 3 62 6 56 10 81 2 60 9 72 4 50 0 83 5 16 18 26 16 16 15 15
18 3 9 46 2 7 12 79 19 32 17 50 14 9 4 32 7 25 8 87 3 74 1 61 15 80 5 82 0 78 6 48 13 6 11 36 10 40 16 64
2 95 18 43 19 81 9 40 4 39 5 94 8 99 17 69 3 9 16 73 10 45 7 18 6 85 13 94 15 68 14 53 11 35 0 70 1 63 12 67
13 86 9 5 11 13 7 34 0 96 2 64 5 36 10 9 16 59 19 99 15 74 18 99 4 83 3 65 8 54 1 30 6 30 17 99 14 25 12 24
8 7 19 11 7 69 5 95 12 67 4 28 17 83 10 32 18 53 15 92 2 99 0 3 13 92 11 64 14 27 1 95 6 33 16 68 3 44 9 82
14 2 17 15 5 26 16 5 6 50 2 90 3 82 4 98 18 41 1 30 10 7 0 80 13 58 15 54 11 23 12 16 19 95 9 54 8 11 7 26
3 44 10 73 5 3 6 66 14 40 16 78 13 42 9 23 7 98 1 63 18 91 17 56 0 96 15 1 2 70 19 99 12 30 4 32 11 2 8 38
10 62 6 95 9 97 13 86 8 6 7 21 4 32 11 76 2 99 18 8 16 65 15 94 1 50 0 24 17 66 19 67 14 24 12 38 3 61 5 56
18 58 3 29 10 14 11 64 5 51 1 24 16 79 13 53 19 39 7 93 17 38 2 1 12 99 15 98 14 69 6 30 8 79 4 13 0 26 9 58
7 97 4 81 2 90 11 71 10 9 15 82 8 58 14 76 19 60 1 80 9 52 17 85 16 7 5 47 3 8 0 86 18 51 12 27 13 67 6 4
11 64 17 86 14 48 2 36 3 3 15 17 9 99 10 95 16 91 5 17 18 35 13 45 6 77 19 96 1 55 4 65 12 15 7 1 0 96 8 16
13 17 19 97 1 38 10 29 5 86 11 21 3 31 14 51 17 23 15 3 9 91 2 20 6 79 7 85 16 52 8 56 18 47 0 29 12 88 4 71
18 21 12 16 11 98 7 4 13 58 16 68 15 42 14 93 17 22 0 84 6 13 5 13 1 8 8 54 3 98 9 92 4 30 19 41 10 29 2 52
1 73 14 90 3 84 9 28 13 66 5 94 12 51 18 23 4 42 0 59 16 63 15 1 10 15 6 70 19 45 11 86 8 71 17 39 2 27 7 19
4 61 19 65 9 71 10 50 6 37 13 71 8 31 16 71 1 51 7 89 2 85 15 92 11 67 12 79 0 59 14 62 18 69 3 23 5 46 17 39
17 15 13 71 8 38 4 40 11 85 18 73 14 84 12 32 9 61 7 27 15 43 6 7 10 68 19 78 0 4 2 88 1 50 16 98 5 22 3 38
0 52 6 86 2 57 9 27 18 14 15 46 17 34 19 89 10 43 7 8 13 62 5 83 4 54 11 20 3 86 16 65 8 41 1 81 12 1 14 48
16 45 7 50 8 44 1 95 2 87 17 70 19 5 12 51 11 84 0 43 15 66 9 89 10 59 6 24 3 62 5 44 18 22 14 75 13 15 4 49
10 19 1 12 15 21 16 52 17 19 5 68 8 89 2 11 7 88 12 73 18 72 14 12 11 40 9 91 4 6 19 32 3 78 6 5 13 88 0 8
1 40 13 81 11 92 18 19 5 71 14 90 3 38 8 28 0 10 4 42 12 79 19 86 10 81 15 96 17 36 9 49 7 58 16 35 2 40 6 23
19 90 10 82 7 25 5 9 0 85 1 89 6 3 18 76 14 30 8 92 3 8 9 78 13 52 12 58 11 24 4 20 15 46 16 33 2 33 17 42
2 61 0 73 4 39 18 12 7 12 13 64 5 49 15 43 8 95 9 58 10 15 14 58 11 45 19 31 16 16 17 83 1 86 6 44 12 82 3 14
1 82 14 68 10 67 15 27 6 6 13 94 8 36 0 87 7 20 19 79 12 55 4 74 11 59 17 21 3 75 18 65 16 54 5 21 9 32 2 58
17 64 14 29 4 15 19 74 8 78 6 20 12 54 0 31 5 33 1 87 18 86 15 5 7 89 16 67 10 62 11 30 9 94 2 26 3 79 13 81
3 61 14 59 15 33 0 43 6 77 10 57 19 78 17 35 1 61 2 90 8 56 16 4 5 43 7 85 12 59 18 39 11 41 4 70 13 68 9 76
0 27 4 75 16 87 13 94 12 77 5 75 15 74 6 36 11 99 8 75 19 42 2 16 14 60 3 5 10 89 1 23 9 85 7 80 17 96 18 14
16 17 17 52 13 48 6 16 9 78 4 53 7 34 10 11 19 51 12 78 1 77 0 49 18 7 11 68 15 63 14 59 5 5 2 50 8 18 3 64
6 53 17 73 16 92 8 92 12 30 18 86 13 68 1 37 2 81 10 76 11 96 19 80 5 20 4 26 14 12 15 78 3 36 9 97 0 98 7 52
1 43 12 81 0 32 7 45 14 66 18 41 15 76 4 8 2 39 11 72 9 72 6 20 10 53 13 82 17 81 16 22 3 56 5 30 8 25 19 76
16 81 11 94 2 98 4 38 5 32 14 57 19 98 17 29 8 23 7 44 12 86 15 78 3 95 13 63 10 37 9 11 1 22 6 29 0 94 18 63
