100 20
1 79 10 13 18 31 16 13 7 45 11 97 12 14 17 38 15 40 2 90 3 21 4 50 5 26 8 2 0 75 9 7 14 28 13 50 6 49 19 12
19 53 6 87 12 46 7 37 14 7 13 46 11 64 5 77 18 85 17 22 8 59 1 80 15 26 2 35 3 84 16 58 9 51 10 67 4 51 0 98
17 92 8 1 11 83 10 64 16 26 2 72 15 41 9 83 12 99 13 28 4 47 5 22 7 69 0 64 6 84 14 80 3 97 1 96 19 89 18 15
4 77 0 88 17 21 11 87 3 83 8 32 6 7 18 77 9 82 1 46 13 17 2 15 12 38 14 75 15 32 10 4 7 69 19 74 5 18 16 56
4 54 8 87 7 20 15 76 9 99 17 8 18 25 19 15 6 26 3 31 12 8 0 89 2 26 5 92 16 76 13 18 10 70 14 77 11 13 1 13
1 97 2 88 5 77 18 16 12 79 16 70 11 76 13 71 4 60 6 34 0 91 14 98 3 69 7 36 10 50 19 56 15 8 17 9 9 49 8 56
16 70 19 19 12 92 9 39 17 94 7 23 14 10 0 84 13 58 1 39 6 97 11 97 5 2 10 62 15 80 8 69 3 60 2 52 18 53 4 31
16 97 17 78 19 29 0 51 18 75 8 88 9 44 2 71 5 21 7 46 12 90 10 38 3 2 11 79 6 31 15 44 14 99 1 39 4 26 13 24
6 56 10 14 12 39 15 68 9 79 14 56 13 60 5 30 0 86 16 19 7 73 19 9 8 60 18 25 17 29 1 35 2 78 11 79 3 25 4 54
4 95 8 81 16 16 15 67 9 51 5 74 0 15 3 70 13 72 18 99 6 28 7 43 11 14 12 2 10 5 19 45 1 18 2 74 14 19 17 62
4 60 13 4 9 26 14 66 7 27 8 76 11 29 10 63 19 10 1 81 2 74 0 54 6 65 3 7 12 61 18 46 5 4 17 3 15 43 16 72
10 57 0 82 13 78 17 7 9 28 16 10 18 50 15 96 3 80 19 75 8 75 7 34 11 97 12 14 6 14 14 39 2 46 4 34 5 47 1 87
13 90 5 78 15 46 6 91 3 4 11 67 8 51 2 69 0 87 10 17 19 78 12 3 16 46 7 7 1 25 17 96 9 41 14 64 18 95 4 94
2 56 0 39 8 96 11 56 14 57 9 62 12 41 6 25 10 51 3 40 15 83 18 94 19 47 13 65 7 20 1 58 16 16 5 7 17 21 4 6
19 83 0 58 4 33 6 80 7 20 2 27 12 14 16 29 1 41 17 82 8 36 14 74 5 84 15 13 9 73 13 80 18 35 3 83 11 80 10 18
4 31 10 22 11 18 16 47 13 49 7 72 8 38 9 49 12 62 1 74 15 50 14 19 19 4 17 50 5 83 6 57 3 6 0 11 18 82 2 31
12 43 14 97 19 13 11 23 6 96 13 6 10 69 2 53 16 83 4 91 9 36 5 30 8 94 0 60 1 81 15 3 17 97 7 43 3 20 18 65
12 70 7 29 15 3 1 94 6 71 17 96 5 83 19 64 13 99 11 28 8 16 14 71 9 68 2 22 3 98 16 32 18 97 10 54 4 19 0 40
1 5 13 38 6 68 16 50 18 44 15 45 9 42 17 53 14 71 12 29 19 31 11 50 7 51 2 49 5 26 8 71 0 39 3 60 10 53 4 80
9 84 17 56 10 79 4 57 14 54 6 14 12 39 5 71 7 25 1 56 8 64 2 42 18 99 16 91 3 62 11 85 13 79 19 22 0 24 15 17
7 90 5 29 12 12 11 96 17 39 9 27 14 92 2 71 15 71 4 96 16 8 3 76 0 60 10 71 18 58 8 72 13 72 6 80 19 34 1 27
2 29 16 63 3 78 10 30 4 2 6 58 18 17 14 62 8 31 0 85 1 53 7 68 5 36 9 42 19 88 12 57 15 21 17 11 11 56 13 82
0 64 1 9 4 36 13 37 16 86 11 33 19 17 8 71 9 48 2 32 12 84 3 69 18 31 6 54 5 95 7 88 17 81 14 73 15 62 10 41
15 33 10 68 0 94 17 32 14 96 7 58 2 99 4 78 5 5 12 34 6 82 1 78 8 93 13 84 16 90 11 1 19 71 9 25 3 67 18 80
10 7 2 1 5 9 8 16 12 83 6 69 15 52 19 35 7 13 17 53 4 52 9 51 0 54 18 54 14 50 13 10 16 21 1 9 11 44 3 59
5 32 12 98 16 64 8 73 2 62 0 83 10 22 14 89 13 38 15 27 3 40 11 98 18 16 1 39 9 85 17 50 7 19 4 18 6 94 19 82
17 11 4 35 8 22 14 9 7 54 5 65 13 82 1 37 3 28 19 56 12 52 11 90 16 51 6 86 10 9 15 92 9 41 2 93 0 12 18 59
16 58 0 29 5 33 14 61 11 93 3 83 8 2 7 22 1 89 18 60 12 29 13 53 9 97 10 45 6 3 15 58 17 81 2 81 4 70 19 22
6 12 8 37 3 26 11 25 17 10 13 11 12 27 10 44 5 25 14 80 1 3 16 24 15 97 9 85 4 88 2 71 18 53 7 20 0 80 19 63
6 14 0 32 9 48 14 80 3 36 19 49 7 54 8 15 12 60 4 43 17 64 11 74 10 43 16 36 15 88 5 75 18 83 2 72 1 93 13 87
13 88 18 95 14 56 9 9 4 92 7 32 1 78 2 72 16 98 15 4 17 96 10 4 11 16 6 5 5 23 8 86 12 95 19 34 0 68 3 32
10 75 11 86 1 27 6 39 2 54 3 71 16 66 4 75 9 73 18 8 14 34 8 14 12 98 13 75 15 51 17 70 0 12 19 19 5 65 7 82
10 62 12 87 8 75 19 35 11 15 2 85 18 59 17 76 4 82 3 59 1 20 15 50 7 91 5 20 9 97 0 14 13 71 6 61 16 87 14 26
7 63 1 97 19 21 2 91 9 92 5 15 15 6 16 97 13 91 12 27 4 17 18 89 8 69 14 90 6 13 0 3 11 58 17 1 3 26 10 33
7 40 1 47 8 21 6 8 5 43 13 37 3 72 11 16 15 77 9 17 16 11 10 92 2 94 19 33 0 67 4 21 17 7 12 23 18 83 14 82
3 41 14 6 6 93 17 84 0 65 7 74 1 51 18 97 11 85 2 1 4 28 13 44 10 65 9 29 19 57 15 11 8 64 5 73 16 74 12 34
16 51 19 73 7 72 3 59 11 76 9 49 2 70 12 5 4 88 6 80 14 75 18 86 17 92 0 54 5 42 13 53 8 4 15 92 10 18 1 92
9 88 16 20 4 95 6 65 1 30 15 27 17 28 3 20 0 96 5 37 8 88 7 2 10 60 2 44 19 87 11 5 18 87 12 25 14 20 13 22
12 58 19 87 5 99 4 94 16 30 9 98 10 47 13 74 6 63 3 47 0 68 7 24 8 22 18 12 17 59 11 82 15 54 14 56 2 66 1 90
19 68 9 82 13 32 5 84 14 86 4 39 2 41 1 68 16 15 8 98 12 2 17 18 10 64 3 82 7 23 18 64 0 95 11 16 15 20 6 25
3 33 1 64 5 78 7 84 8 6 13 39 19 23 17 87 11 82 14 28 16 62 2 21 18 51 4 97 12 37 10 24 6 13 0 36 15 46 9 67
9 96 2 45 12 57 17 60 11 40 13 10 7 87 3 29 0 73 15 95 6 65 8 66 5 70 4 37 18 69 16 52 19 78 14 77 10 59 1 78
15 95 19 35 1 21 7 65 3 48 17 1 4 92 13 14 16 26 6 37 14 23 11 58 12 98 2 73 9 90 10 48 0 53 18 37 8 7 5 67
17 77 3 77 10 35 11 29 16 22 0 47 8 60 19 58 2 86 4 36 9 50 5 23 13 44 7 12 18 45 1 56 15 7 12 93 14 4 6 2
4 8 13 94 0 43 18 24 7 70 17 40 12 12 15 28 16 48 10 6 1 53 5 62 14 34 11 63 9 62 8 99 6 57 19 60 2 64 3 40
0 96 13 61 12 75 2 25 8 46 9 24 18 56 16 41 5 32 3 15 17 98 14 65 19 39 11 29 6 88 1 18 15 65 10 54 4 91 7 84
7 56 9 61 18 80 12 24 8 65 4 86 10 61 15 77 14 26 17 80 16 12 5 67 2 4 13 37 11 5 3 42 19 23 0 30 6 56 1 64
17 73 11 32 7 68 14 67 15 81 13 50 8 28 10 57 16 23 4 57 5 74 6 76 3 95 2 13 12 23 0 82 18 57 19 17 9 54 1 63
9 17 15 81 18 69 12 91 11 82 17 20 14 63 10 92 7 58 13 65 19 79 4 6 16 95 8 84 1 92 3 9 5 81 6 83 2 43 0 19
3 55 8 44 15 3 2 42 6 65 9 83 10 84 5 66 11 28 17 41 4 30 13 79 18 19 0 60 1 43 7 21 16 14 12 79 19 9 14 47
18 14 0 6 3 41 17 9 14 52 8 60 11 38 5 18 9 48 16 45 7 67 15 90 19 79 6 92 10 6 1 97 2 38 12 93 13 62 4 68
9 66 5 61 6 76 15 87 12 21 18 89 1 80 14 98 3 73 4 34 10 31 16 47 11 42 0 99 8 56 7 70 19 67 17 6 2 83 13 91
16 98 2 61 4 53 8 97 12 25 14 44 11 66 3 18 7 2 17 4 6 95 5 77 13 26 9 9 0 56 1 64 18 44 19 56 15 29 10 74
17 95 8 23 19 91 3 20 12 92 14 47 13 89 6 34 11 80 7 94 15 63 5 57 9 75 1 90 0 92 16 92 18 85 10 90 4 93 2 50
19 67 8 82 5 85 17 55 1 8 10 51 2 52 3 70 0 3 12 98 9 15 16 79 7 3 15 98 6 86 18 56 11 33 14 48 13 52 4 18
10 56 0 2 11 43 2 27 18 79 6 38 4 26 9 3 13 44 1 14 7 42 17 30 14 38 19 34 5 10 3 44 16 58 8 30 12 12 15 32
3 68 19 25 6 59 16 72 14 99 13 34 4 64 8 22 1 39 17 90 2 31 15 44 9 4 0 3 7 94 5 22 18 75 12 16 11 38 10 10
8 49 18 96 3 65 4 69 16 65 1 90 12 38 13 87 5 3 19 64 10 47 2 52 15 84 7 36 9 38 0 50 6 48 11 32 14 81 17 18
17 48 12 23 6 45 10 47 2 34 9 1 15 88 19 68 1 37 3 86 8 52 11 86 5 42 13 87 18 50 14 20 4 27 16 98 7 53 0 55
2 15 16 92 15 53 13 72 3 35 14 23 10 6 11 47 0 25 7 35 1 90 6 12 8 19 19 24 18 17 17 6 5 45 4 97 9 90 12 24
16 62 4 73 10 81 18 11 9 25 7 7 12 6 0 32 5 44 19 9 15 23 2 39 3 81 8 58 14 91 11 9 13 27 17 46 6 94 1 55
7 77 16 32 17 42 5 95 12 95 19 4 6 87 14 99 8 36 4 62 18 36 15 93 3 49 13 78 10 96 2 70 9 15 1 40 11 55 0 60
14 65 11 25 13 36 16 53 2 19 1 86 10 72 4 8 17 39 8 66 6 9 18 15 5 8 15 23 7 94 19 85 9 64 12 8 3 78 0 73
5 95 13 65 1 20 0 33 7 1 10 60 2 30 12 37 6 76 3 88 14 72 16 16 19 83 18 2 11 15 17 10 4 39 8 52 9 31 15 59
6 64 16 55 11 21 7 79 14 38 10 19 0 86 13 82 8 94 1 56 2 53 3 11 9 73 15 96 18 47 12 41 17 31 19 48 5 12 4 78
11 12 14 21 8 56 9 51 0 61 16 55 12 88 1 28 19 52 5 85 3 61 13 71 17 71 10 44 7 9 6 65 15 6 2 37 4 4 18 48
10 95 19 58 17 54 13 62 11 33 7 59 1 60 9 99 6 22 14 61 3 81 12 17 8 6 0 93 16 84 18 30 15 78 4 54 2 25 5 43
18 32 7 50 13 62 1 77 3 58 17 99 8 68 12 14 4 43 14 9 15 24 0 39 5 2 9 96 11 60 6 44 16 23 10 8 2 1 19 94
12 31 7 95 13 58 17 20 18 52 16 40 14 58 4 12 2 87 1 56 0 89 8 72 11 28 6 69 19 47 5 1 15 91 3 98 9 98 10 31
11 79 13 34 3 41 1 19 16 29 6 67 9 18 10 17 0 90 5 97 4 90 7 57 19 6 18 12 17 58 14 3 8 13 2 60 15 36 12 5
14 48 13 63 9 82 18 57 12 88 5 48 8 9 3 95 6 26 4 73 17 31 7 14 11 18 15 73 1 47 0 57 10 6 16 25 2 20 19 92
17 75 18 42 3 95 14 29 11 41 0 16 5 31 1 51 4 34 15 23 19 83 10 24 2 19 7 88 16 98 13 70 12 50 6 54 8 45 9 84
1 21 15 65 0 81 16 15 2 44 17 58 11 71 7 85 9 32 19 86 5 22 13 39 4 95 3 77 6 8 12 42 8 6 18 42 10 78 14 13
15 6 6 30 2 35 14 82 9 55 13 58 7 51 4 33 8 65 1 54 12 80 11 46 0 6 18 54 5 99 3 24 17 24 10 38 16 92 19 46
14 97 6 82 8 32 16 62 11 12 1 87 5 91 19 54 18 16 3 35 10 73 9 35 13 66 2 97 12 72 4 25 0 77 7 36 15 18 17 85
13 40 14 97 15 45 0 80 6 60 19 90 2 4 12 62 3 43 11 61 18 49 10 17 16 95 1 36 5 59 9 18 17 68 4 99 8 44 7 83
2 5 17 33 7 36 1 78 8 89 14 18 6 79 16 49 9 5 3 38 15 42 10 28 4 46 19 24 12 79 0 96 13 42 11 67 5 46 18 47
17 3 9 56 4 31 10 37 13 79 0 68 15 59 19 43 8 99 1 51 11 75 18 95 12 2 3 5 7 99 5 64 2 41 6 73 14 29 16 18
4 44 10 87 18 95 9 48 0 63 8 73 2 51 6 21 15 47 5 61 7 91 13 32 12 1 3 77 16 99 1 15 17 47 14 25 11 82 19 98
16 8 7 50 13 98 11 17 3 28 5 91 17 96 12 99 1 1 9 75 15 17 10 84 18 80 4 33 6 84 8 11 2 73 0 73 19 79 14 79
2 97 19 90 6 67 12 67 15 39 13 90 8 75 16 23 5 20 9 47 11 11 14 67 17 4 0 42 7 67 18 65 1 66 10 5 4 67 3 76
9 14 17 80 4 85 5 20 2 73 12 97 10 18 13 36 6 5 8 66 1 33 18 60 0 97 7 9 3 4 16 58 19 10 14 5 15 4 11 49
18 89 4 11 7 33 9 14 3 55 12 13 14 95 11 77 5 14 17 81 1 83 6 13 10 73 19 12 0 96 2 73 15 49 16 6 13 46 8 49
11 69 13 61 8 49 14 38 5 20 2 70 15 12 18 6 0 5 16 92 9 70 6 85 4 99 10 14 1 70 17 64 3 80 12 33 19 96 7 21
16 89 13 35 3 78 12 64 15 84 7 28 14 34 2 65 9 36 18 79 4 21 17 63 0 46 10 47 5 63 1 39 19 29 11 8 6 62 8 76
4 36 11 5 16 25 7 88 13 41 8 82 19 4 15 5 5 24 3 55 17 14 2 3 12 6 0 48 1 87 18 9 14 24 6 58 9 66 10 8
9 72 6 15 17 42 0 12 14 51 8 73 3 74 4 27 7 59 2 89 16 22 12 31 13 47 15 27 5 93 11 87 10 96 19 96 18 8 1 48
18 47 7 41 16 75 8 77 4 41 11 68 9 40 19 54 10 43 2 38 3 27 12 29 0 51 13 58 5 3 15 80 1 42 6 35 14 26 17 29
15 94 1 8 19 55 9 94 13 45 12 17 11 39 16 36 6 38 17 41 7 86 4 49 14 71 2 31 8 91 18 18 0 4 10 30 3 14 5 26
6 4 2 26 15 49 9 70 13 51 5 7 12 79 1 13 11 92 19 77 7 16 0 64 10 88 17 20 18 18 3 96 16 59 8 98 4 1 14 43
5 53 10 23 17 25 12 49 8 73 2 20 4 23 9 16 1 83 16 38 11 70 7 42 15 13 13 44 19 52 3 68 6 7 0 16 18 18 14 65
12 63 0 59 5 32 19 26 14 98 15 88 4 8 8 23 16 57 7 55 11 9 13 96 1 23 3 73 10 96 2 55 6 71 18 37 17 2 9 53
13 73 8 1 14 54 17 25 5 88 2 32 6 64 3 19 1 98 19 22 7 68 0 66 11 94 16 22 12 28 18 19 15 80 4 27 9 74 10 46
1 92 16 12 5 51 6 7 3 42 18 5 13 66 4 42 17 47 8 82 11 10 0 56 15 38 2 32 12 14 14 11 9 91 19 13 7 74 10 31
3 36 11 96 15 48 0 73 14 84 6 8 16 20 7 14 17 44 8 15 4 51 10 10 18 53 13 48 2 82 1 6 9 34 12 79 5 96 19 41
13 29 15 82 10 79 4 1 11 56 9 48 2 54 14 85 7 14 16 98 1 3 8 81 3 97 6 31 19 4 5 81 12 6 0 9 18 46 17 17
6 73 5 72 11 2 4 25 8 65 1 58 14 27 18 79 0 67 3 11 15 99 10 12 9 35 2 98 7 56 13 23 19 56 12 30 17 17 16 12
18 65 17 92 11 33 5 6 7 57 12 6 15 80 19 92 8 52 3 88 10 92 4 71 6 77 16 95 1 56 9 9 0 9 14 41 13 47 2 94
14 44 1 93 17 92 8 85 4 95 3 21 15 55 7 42 19 81 6 98 0 76 11 70 5 82 10 79 2 51 18 9 12 39 9 95 13 25 16 55
18 52 4 97 17 45 10 80 14 72 13 33 1 24 12 94 15 60 6 48 7 54 9 26 3 68 16 35 8 71 19 27 5 46 11 69 0 15 2 38
