100 20
1 95 10 28 9 20 2 34 14 41 11 38 18 75 6 95 4 9 12 62 17 5 19 86 13 80 8 75 15 97 7 21 5 41 16 81 0 60 3 76
3 60 14 80 16 13 10 5 4 52 7 96 19 44 18 2 15 74 8 25 9 45 17 45 12 19 13 97 1 33 2 74 0 64 5 38 11 41 6 95
6 28 13 1 15 56 0 65 9 97 8 74 10 61 17 85 16 52 2 57 7 55 4 37 5 50 18 31 11 36 14 88 1 16 19 26 3 16 12 93
19 7 17 7 14 96 6 1 5 17 11 95 10 35 18 37 7 74 0 57 3 79 9 41 12 76 4 18 15 43 2 76 13 17 1 78 8 46 16 81
16 45 18 68 4 2 8 81 17 3 6 38 14 6 12 57 5 15 1 88 3 41 15 38 10 83 7 95 9 83 19 15 13 59 2 71 11 27 0 29
0 34 12 80 5 68 6 98 8 15 10 75 17 39 3 25 16 3 18 92 19 25 9 34 1 5 2 96 14 33 4 38 11 7 15 31 7 64 13 18
4 2 15 46 2 17 5 83 14 53 6 30 13 9 0 49 8 29 19 93 7 37 10 55 12 96 16 48 18 24 3 38 17 74 11 94 9 85 1 29
5 61 12 35 2 36 18 38 9 99 10 28 11 50 13 89 6 30 7 89 16 83 19 50 14 9 4 57 1 96 8 39 17 91 15 78 3 13 0 96
2 73 8 1 12 2 10 96 19 80 15 85 0 37 14 85 11 67 6 84 4 34 16 9 9 59 7 54 3 44 17 84 1 95 5 8 18 81 13 97
11 24 3 64 10 50 12 70 16 44 17 61 2 88 1 93 7 51 6 42 13 37 19 52 5 56 9 3 8 19 0 96 14 23 18 53 15 25 4 99
7 87 0 14 13 37 15 31 8 24 19 65 1 77 9 8 12 19 4 19 3 76 16 48 18 48 14 54 5 82 6 76 11 79 17 82 10 99 2 2
17 15 9 40 13 96 1 96 6 82 4 45 2 17 14 50 15 29 7 24 0 69 19 23 8 68 18 97 11 98 12 23 3 28 10 72 16 74 5 27
19 69 1 26 17 79 2 29 14 85 6 51 4 3 7 21 18 92 3 78 15 92 10 97 9 36 13 66 5 63 12 19 8 80 0 21 16 73 11 3
14 90 19 87 13 83 0 46 12 59 2 41 11 11 18 85 3 51 7 1 10 1 17 3 16 1 5 49 1 31 4 42 15 79 9 13 6 15 8 2
5 68 7 12 15 85 4 1 19 21 3 10 8 96 0 13 13 34 18 94 16 65 1 3 10 57 12 60 9 6 6 8 17 12 14 54 2 10 11 94
15 77 8 8 10 5 17 72 12 16 5 62 18 12 3 37 14 49 11 38 16 23 2 88 9 87 19 75 0 12 7 91 6 68 13 21 1 26 4 91
19 83 12 14 2 56 10 69 13 34 7 78 1 91 15 60 3 95 18 18 16 88 4 79 8 42 14 93 9 49 5 6 0 96 11 50 17 56 6 85
0 14 9 1 5 48 19 92 1 73 8 92 11 27 2 81 10 4 15 39 18 18 16 81 14 72 12 82 17 45 4 58 3 83 6 39 13 14 7 69
4 98 12 94 19 67 8 60 10 64 7 26 18 28 6 21 17 31 1 38 14 5 2 9 3 78 16 2 9 30 11 42 0 35 13 33 5 44 15 95
10 94 17 31 7 11 15 2 8 74 2 36 13 7 11 68 5 72 6 58 14 29 18 57 19 53 12 46 9 81 0 59 1 56 4 34 3 70 16 70
15 89 9 4 5 23 4 65 19 63 0 48 12 13 17 11 2 48 14 19 7 5 16 91 6 36 10 28 1 63 18 65 13 80 8 18 11 83 3 92
5 98 7 60 14 98 17 37 19 7 16 21 15 42 3 47 0 86 18 39 2 10 1 66 9 76 13 6 4 38 12 95 10 33 6 27 8 52 11 57
5 94 19 57 0 65 8 9 18 60 17 76 10 78 4 7 16 10 11 90 7 61 1 59 9 32 3 96 6 26 14 21 12 11 13 31 15 15 2 13
10 23 5 50 19 42 8 90 4 94 11 99 0 89 16 20 13 41 1 77 18 41 6 29 17 63 15 52 2 84 7 86 9 44 14 95 12 3 3 39
19 17 15 26 14 34 10 57 6 16 12 48 13 36 0 22 3 33 9 32 18 41 4 10 2 54 16 22 5 17 11 17 1 70 8 72 7 41 17 36
12 57 17 60 16 52 19 41 4 97 1 87 18 99 14 46 6 44 7 3 13 9 5 48 3 28 10 94 9 2 0 6 11 12 15 20 8 63 2 6
14 89 10 2 18 79 3 55 11 74 7 80 19 71 8 57 1 7 17 6 16 72 13 46 5 82 9 55 6 74 15 34 0 88 4 77 2 38 12 66
18 79 7 78 1 83 14 34 19 37 10 58 2 8 6 84 12 82 13 70 11 50 3 2 16 1 17 70 0 11 8 55 5 97 9 20 15 96 4 48
6 28 13 75 15 81 10 99 3 52 5 45 9 90 19 49 17 75 11 33 16 76 12 90 14 10 7 13 0 69 18 56 8 61 2 65 4 1 1 21
17 68 0 17 11 62 10 77 8 5 12 11 5 6 15 35 4 41 1 68 16 17 6 31 19 10 13 56 7 74 14 85 3 59 2 26 18 37 9 62
2 21 15 34 7 68 18 1 3 91 16 28 12 80 8 6 6 2 5 51 11 76 13 79 4 32 14 8 0 1 1 70 10 41 17 47 19 18 9 49
17 41 11 67 7 16 14 93 16 45 10 88 4 69 19 21 9 34 13 92 6 37 5 10 2 60 8 17 15 69 18 6 12 92 0 64 1 2 3 35
19 88 6 22 13 56 11 99 3 15 15 53 14 70 2 95 16 2 18 57 5 83 1 15 10 90 9 4 8 63 17 52 12 65 4 66 7 93 0 28
6 16 15 81 2 26 18 71 8 74 7 36 0 17 12 36 16 53 1 41 10 62 4 6 3 85 9 43 5 62 13 73 19 37 11 40 14 54 17 37
13 4 2 98 4 17 10 45 15 46 3 46 9 82 19 11 18 25 8 26 7 2 12 93 16 27 5 33 14 28 11 39 0 68 6 94 17 71 1 36
10 3 14 35 17 34 4 58 7 50 19 66 13 23 12 7 6 29 16 69 2 15 11 18 18 96 9 12 0 8 8 59 15 33 1 14 3 61 5 90
13 28 5 8 15 85 11 4 9 95 4 94 12 61 6 98 0 82 2 99 17 22 10 94 8 75 16 94 19 36 18 16 1 85 14 64 3 52 7 9
13 91 0 42 11 87 15 37 14 12 16 69 4 70 5 81 18 91 3 94 9 21 17 31 6 62 10 46 12 39 1 67 19 29 7 87 2 88 8 8
16 50 12 48 9 98 10 58 15 30 6 95 13 15 2 4 19 54 17 33 7 52 0 85 8 34 18 48 14 70 1 57 5 12 11 91 3 44 4 46
17 68 19 14 12 82 4 14 10 77 18 65 11 99 3 43 0 1 1 8 7 20 15 71 13 71 8 50 9 57 16 71 5 93 14 54 6 72 2 54
0 80 8 90 6 32 19 24 9 36 15 33 18 56 14 85 7 54 12 84 1 28 16 46 17 72 2 23 5 38 3 63 10 44 13 18 4 56 11 11
8 67 12 21 3 40 17 95 1 63 2 35 15 43 5 35 6 1 7 20 19 92 11 48 14 25 10 28 13 91 16 14 4 31 0 62 18 1 9 9
14 25 6 36 16 33 3 37 18 89 1 52 8 65 4 21 0 62 17 62 2 51 10 46 7 53 9 57 5 12 15 13 11 44 12 68 13 77 19 66
19 38 14 49 9 72 11 3 6 26 0 46 10 9 1 63 4 8 15 94 18 20 12 42 2 36 16 7 8 38 17 95 5 44 7 2 3 54 13 90
6 21 10 65 7 93 12 99 13 81 5 32 14 9 15 87 17 6 8 9 9 13 0 50 2 33 3 40 16 16 1 69 18 78 4 80 11 52 19 98
19 18 5 86 8 96 4 49 1 65 15 26 17 58 14 52 12 70 16 60 0 36 3 72 2 96 9 66 7 95 10 55 6 84 18 1 11 5 13 73
4 3 12 66 8 62 15 67 5 50 2 42 18 2 13 52 7 91 16 72 14 10 0 81 19 8 6 94 11 62 1 59 10 94 17 53 9 41 3 27
16 5 0 12 1 6 5 17 10 72 3 13 15 83 6 79 14 55 13 97 18 38 8 57 17 73 4 52 9 77 7 23 11 32 12 54 2 25 19 74
19 79 18 75 10 19 0 83 12 76 7 53 15 77 2 90 9 24 4 77 17 69 3 25 1 23 16 17 8 41 11 72 14 27 5 94 6 2 13 25
7 33 17 20 19 63 2 8 14 80 3 54 8 18 5 30 9 41 11 3 6 26 18 78 1 16 10 26 0 29 13 50 16 51 12 44 15 58 4 93
16 32 18 5 1 27 14 65 9 40 7 72 15 61 19 24 6 33 4 9 10 48 0 33 5 96 3 89 11 99 12 96 13 31 2 5 8 2 17 68
16 99 12 84 4 17 1 69 3 19 2 63 9 55 11 54 13 27 5 84 19 15 7 21 10 37 15 26 14 88 17 86 6 30 8 6 18 39 0 83
16 37 10 48 19 91 6 74 4 74 13 26 2 36 7 81 18 7 5 39 9 67 1 61 12 54 3 8 0 15 8 16 11 89 14 42 17 58 15 65
16 84 5 2 4 41 15 8 18 98 7 9 17 11 19 96 6 48 9 51 1 3 13 40 11 2 10 53 14 70 0 67 3 76 2 44 12 59 8 94
9 90 8 74 10 7 2 20 14 57 5 95 13 4 7 93 11 47 0 45 6 56 12 49 1 6 18 8 19 12 16 68 4 26 3 29 17 6 15 94
10 81 3 63 9 57 4 94 12 66 7 39 8 51 5 62 18 19 0 32 13 41 17 46 16 51 6 8 11 81 1 67 14 35 2 7 15 79 19 38
3 29 17 57 11 71 9 3 2 98 8 63 18 24 4 80 19 72 6 94 10 16 0 92 12 84 15 94 1 49 14 3 13 12 16 11 5 48 7 28
16 66 9 30 17 5 3 46 2 35 5 58 13 21 15 29 7 37 1 86 8 86 19 68 11 33 18 76 12 21 6 8 4 41 10 44 0 4 14 46
2 77 11 72 0 90 15 70 6 79 17 10 19 68 16 47 4 90 3 54 9 40 14 3 13 80 12 61 10 7 5 67 18 87 1 98 8 19 7 1
2 38 14 29 11 52 17 41 15 64 19 52 7 98 16 37 12 75 9 96 0 4 5 97 3 13 13 74 18 5 8 54 10 21 4 50 1 74 6 37
14 38 0 38 1 74 12 96 4 13 18 98 11 72 13 57 8 57 5 46 15 35 6 5 10 67 19 65 16 58 9 54 17 75 2 1 7 98 3 42
11 61 8 78 5 13 2 74 7 20 6 23 15 98 16 54 14 80 9 1 19 61 18 24 4 2 12 82 17 41 0 55 13 32 1 4 3 81 10 46
3 12 12 69 8 61 16 95 10 79 0 48 1 79 5 58 17 11 4 93 13 14 9 13 7 89 15 39 2 72 19 51 11 77 18 88 14 43 6 80
2 45 16 13 15 84 11 11 13 15 9 22 1 87 14 31 12 8 18 76 7 68 3 63 5 2 0 84 17 57 10 98 4 74 19 15 6 87 8 40
9 51 0 96 7 20 8 87 16 77 11 97 15 27 12 18 3 14 18 99 13 8 2 83 14 73 19 22 5 80 6 13 17 25 1 2 4 28 10 91
18 53 8 22 13 44 1 73 9 4 15 1 12 83 11 5 16 77 17 33 0 59 3 26 7 40 10 70 5 8 14 13 6 13 19 43 2 45 4 42
8 9 17 28 19 61 5 62 10 11 7 76 11 79 9 95 1 43 6 73 14 88 13 90 3 84 15 49 18 46 4 83 0 89 2 22 16 38 12 73
6 60 4 23 16 81 0 86 2 43 13 35 9 25 14 25 8 57 11 17 1 96 19 76 17 37 3 53 12 6 5 79 18 72 10 10 7 23 15 29
14 3 1 21 18 82 19 33 17 27 12 87 16 14 15 90 9 10 0 19 10 74 6 23 5 6 3 8 13 84 7 75 2 21 4 29 11 77 8 89
18 2 15 62 14 20 9 98 2 54 16 66 13 63 5 9 19 22 17 15 10 90 4 1 8 26 1 75 3 4 12 11 11 86 7 70 6 20 0 96
11 38 13 37 6 1 4 48 9 67 1 61 3 64 5 97 7 21 2 62 15 61 16 4 12 31 19 73 8 40 10 60 17 57 14 49 0 4 18 52
16 93 9 90 5 25 4 5 1 87 10 60 8 37 11 89 7 7 13 13 15 29 0 19 19 33 14 65 18 16 12 35 17 33 6 65 3 4 2 23
2 75 18 31 11 62 5 97 13 61 7 18 9 84 14 70 15 51 1 96 6 83 16 50 8 71 12 13 17 61 19 41 10 98 0 44 4 39 3 8
0 2 9 49 18 37 14 8 10 81 1 16 11 27 2 87 16 53 5 97 3 51 12 55 6 8 13 21 19 4 17 79 4 80 15 42 8 53 7 95
19 77 15 48 17 60 1 50 7 21 10 60 16 85 12 59 13 79 14 81 11 2 8 54 4 15 6 21 0 69 5 2 3 85 2 37 9 45 18 93
14 44 9 71 6 45 10 32 15 25 0 29 3 50 2 77 7 12 13 43 19 19 4 39 18 18 17 83 1 90 8 66 5 40 12 9 11 60 16 61
2 80 12 50 0 31 16 83 19 22 11 97 17 35 10 24 1 71 13 37 8 33 5 56 14 73 3 56 9 24 18 40 4 1 15 55 6 27 7 74
13 56 11 57 12 43 14 98 17 28 19 96 4 99 5 97 2 17 3 57 10 15 7 94 18 24 0 63 9 54 8 44 16 72 1 35 15 79 6 22
14 42 17 93 15 9 10 14 5 66 8 63 1 51 3 84 19 87 7 8 0 2 18 43 4 73 16 98 11 77 9 18 12 56 6 65 2 75 13 87
19 45 0 72 9 18 11 53 6 94 15 81 4 15 5 54 14 67 12 58 17 10 13 90 8 25 10 28 2 90 1 6 16 79 7 2 3 54 18 80
2 19 14 66 17 85 11 22 9 16 0 45 15 84 8 9 7 76 3 53 5 47 10 31 18 3 1 26 13 92 4 89 19 95 16 64 6 62 12 26
3 72 15 9 16 2 1 58 2 13 10 10 18 60 14 90 13 47 11 6 4 29 6 1 9 80 19 7 8 52 5 81 12 87 17 58 0 6 7 54
14 41 11 37 5 28 15 92 6 25 2 8 10 5 18 57 13 95 0 91 19 8 4 56 7 36 16 64 8 18 9 51 12 38 17 23 1 75 3 72
14 63 6 94 0 77 10 48 16 85 8 54 11 60 12 83 18 5 19 55 7 68 3 86 15 52 17 57 4 95 1 47 5 12 13 6 2 57 9 49
0 40 8 90 5 54 3 30 2 46 6 16 18 51 4 48 19 5 11 61 17 42 14 75 12 53 15 45 16 85 9 13 7 72 10 97 1 39 13 80
18 4 1 75 14 57 13 83 2 55 5 52 7 85 16 32 11 39 6 52 8 92 19 9 17 47 10 63 0 78 9 88 15 67 12 23 4 53 3 53
19 62 12 96 7 74 14 8 15 13 3 89 10 58 16 72 5 21 0 63 8 91 17 16 18 19 2 36 11 24 13 62 9 96 1 14 4 31 6 5
17 41 6 85 10 43 1 49 14 39 7 2 2 71 8 60 9 69 13 63 5 44 3 70 16 14 15 91 0 92 4 11 19 45 12 87 18 71 11 27
0 79 5 50 13 35 4 6 6 83 18 18 3 44 14 70 1 96 7 49 2 24 19 90 8 39 10 9 9 35 16 71 15 80 17 30 11 67 12 11
16 45 19 41 9 20 0 98 14 73 5 33 15 17 2 66 8 43 4 75 17 25 12 36 11 73 13 97 1 78 10 52 6 1 3 84 18 63 7 83
8 84 10 88 18 17 3 65 4 94 9 38 1 65 17 53 5 56 11 63 13 78 19 72 14 28 15 32 12 36 0 84 16 9 6 95 7 43 2 71
2 28 13 13 17 64 6 42 0 97 14 1 11 45 16 54 10 76 19 91 5 42 7 85 4 60 12 89 9 54 3 12 8 32 1 82 15 55 18 75
5 11 10 59 15 50 0 55 19 76 18 90 7 95 4 68 16 86 6 30 2 43 12 49 1 26 13 2 17 93 3 62 9 24 8 63 11 81 14 34
16 66 9 45 13 20 3 47 14 79 8 5 17 96 19 96 10 60 12 21 7 32 18 66 4 16 6 82 5 82 0 22 15 93 11 29 2 47 1 15
2 4 5 29 3 31 0 7 6 25 10 88 1 96 4 74 12 26 7 59 9 10 19 94 16 97 17 52 18 33 14 23 15 23 8 88 11 93 13 34
9 75 15 57 10 39 5 86 1 93 6 56 4 46 18 41 14 4 0 86 13 84 19 51 17 94 8 49 7 30 11 13 16 49 3 18 2 57 12 33
5 58 9 77 14 94 12 77 15 13 11 17 16 16 10 76 4 91 13 45 6 61 1 26 0 38 7 61 2 65 18 12 17 52 19 5 8 97 3 78
2 58 18 64 1 96 5 18 17 38 10 38 3 73 0 27 8 24 7 60 14 4 11 27 16 62 4 1 13 11 6 37 9 97 19 41 15 79 12 84
13 55 10 15 19 1 12 27 7 24 3 39 16 86 17 42 14 69 0 76 2 60 1 63 5 82 8 23 4 21 15 76 9 4 18 17 6 23 11 90
8 21 5 32 10 29 1 52 17 10 7 90 2 36 13 98 9 4 14 55 15 81 16 15 11 51 12 67 6 84 3 59 0 92 4 23 19 10 18 22
