100 20
18 75 4 3 7 94 17 76 6 54 8 90 13 31 1 73 16 1 19 31 15 42 2 51 12 57 14 40 3 64 9 79 5 92 0 71 10 26 11 79
16 21 5 71 15 51 7 99 1 52 2 23 0 48 4 42 3 97 6 83 19 26 12 19 14 47 10 78 13 63 9 28 11 54 8 67 17 43 18 69
6 61 2 66 1 76 3 87 16 74 7 35 4 22 17 8 12 8 13 39 10 46 19 30 8 47 5 93 18 65 14 73 11 53 0 86 9 46 15 17
7 31 14 57 19 90 6 30 2 57 9 65 10 4 8 72 18 92 17 46 12 79 5 82 3 81 16 36 1 17 4 24 11 23 13 68 15 81 0 52
4 47 12 47 11 49 15 3 19 59 16 61 10 19 14 81 8 63 5 28 2 85 9 48 3 40 18 46 6 59 0 42 7 83 1 10 17 28 13 65
5 2 9 91 7 11 18 11 13 27 16 29 19 93 14 88 6 3 3 17 4 84 0 65 8 26 2 48 15 35 12 12 11 35 1 67 17 47 10 95
19 29 8 29 11 95 0 21 3 21 16 87 7 83 1 22 10 98 15 8 13 75 14 87 2 51 5 1 6 33 17 5 18 33 4 57 9 24 12 19
8 50 5 92 2 78 14 83 16 71 18 49 12 32 19 29 9 94 7 48 0 78 1 79 3 87 4 33 15 68 11 54 6 18 13 96 17 74 10 44
5 50 3 85 2 64 18 19 9 46 15 61 6 89 8 23 17 54 7 26 13 65 0 88 11 29 4 13 10 31 19 97 12 35 1 81 16 17 14 6
6 93 16 64 13 87 12 55 17 33 8 89 1 96 14 13 4 90 11 31 15 80 5 32 19 60 10 82 9 63 0 92 18 70 2 27 3 62 7 11
2 95 4 15 7 30 11 51 1 99 0 8 8 39 10 17 6 12 19 6 18 35 16 40 13 36 9 22 17 65 15 35 3 80 5 46 12 47 14 25
18 79 2 79 16 51 14 58 19 52 4 74 1 60 10 86 7 41 13 8 5 38 11 46 3 88 15 66 6 35 9 88 17 7 8 24 12 7 0 46
16 99 19 10 4 22 0 48 9 73 6 1 15 25 18 28 11 4 17 43 3 24 14 73 12 66 2 28 13 53 10 50 5 64 1 17 7 25 8 7
12 29 6 81 10 63 3 12 19 88 5 2 8 27 15 78 13 5 11 89 14 50 7 72 2 54 16 68 17 69 4 87 18 51 1 97 9 60 0 17
16 73 3 81 5 96 12 92 14 46 13 5 10 68 18 15 1 80 0 81 6 7 19 41 7 61 15 36 2 30 11 86 8 38 17 29 9 40 4 9
16 92 2 19 1 2 17 54 6 7 5 20 11 74 10 35 19 8 3 52 0 73 7 84 18 14 14 71 15 79 13 41 12 11 8 61 4 95 9 82
0 17 19 47 12 67 11 45 13 59 7 66 1 73 2 15 16 72 17 51 14 80 9 83 5 87 3 7 6 88 15 16 18 93 4 91 8 45 10 83
8 34 2 25 16 27 1 12 10 78 14 55 3 85 12 15 5 87 17 34 19 57 15 97 7 99 13 94 6 85 0 40 11 4 18 7 9 77 4 8
4 9 17 92 2 3 16 8 12 70 18 96 10 55 9 98 3 19 19 57 13 7 7 76 14 69 6 70 0 54 15 65 1 33 8 85 11 91 5 28
11 5 19 1 16 77 6 31 17 28 14 50 18 64 13 60 3 73 9 50 2 96 15 57 5 94 0 20 1 47 8 3 4 62 7 97 10 5 12 56
5 24 8 6 18 8 14 68 6 49 15 70 4 42 2 67 11 61 3 27 10 25 19 51 7 94 16 89 0 41 17 56 13 43 9 47 1 91 12 58
10 18 3 83 18 9 5 37 14 66 13 58 11 22 7 57 15 83 6 22 4 19 8 44 9 64 2 32 19 59 0 47 17 9 12 10 1 13 16 42
12 83 9 2 13 21 4 67 10 61 15 18 6 88 11 53 1 76 14 93 18 19 7 57 3 94 5 55 2 77 16 47 0 16 19 84 17 75 8 30
14 6 11 94 8 44 6 8 16 60 10 20 4 60 9 39 7 34 2 92 13 61 19 13 18 63 3 76 12 12 15 28 5 58 0 24 1 15 17 81
19 31 15 76 13 38 11 57 2 73 6 32 18 7 7 70 3 16 14 97 17 41 5 31 0 90 10 81 12 28 4 69 8 44 16 98 9 97 1 17
2 24 17 55 9 63 1 61 19 84 5 46 12 83 14 57 18 96 4 29 7 38 3 30 6 46 13 98 11 35 16 80 8 39 15 78 10 34 0 83
2 25 1 59 6 47 15 75 3 6 9 47 12 57 10 75 8 18 7 99 11 18 5 75 0 90 4 63 17 76 13 18 14 73 18 39 19 5 16 51
6 75 0 17 4 77 7 65 1 97 12 76 19 56 3 47 2 78 10 33 11 53 9 8 8 50 16 74 18 45 15 84 14 73 13 59 5 44 17 6
18 50 19 27 9 42 17 36 3 47 14 96 1 59 4 59 16 15 6 44 10 22 13 4 2 16 7 37 15 46 11 10 5 81 0 49 8 48 12 42
15 40 18 28 10 53 3 40 1 16 17 9 4 99 0 70 14 23 9 76 6 99 11 58 8 52 5 85 2 22 7 97 16 4 13 69 12 43 19 21
15 59 19 16 10 35 11 63 6 11 14 57 18 6 0 66 17 28 9 3 5 55 3 72 13 77 2 73 16 18 12 66 4 35 7 66 8 52 1 5
11 37 5 20 19 81 2 43 4 49 14 95 18 48 13 47 16 52 6 14 15 25 12 88 8 64 0 11 10 44 7 60 9 40 17 58 3 98 1 40
3 92 16 76 13 11 19 16 0 4 11 96 12 26 5 19 15 78 14 55 10 24 17 53 7 3 2 32 1 69 9 34 18 54 6 42 4 22 8 90
5 99 6 18 10 48 7 9 8 96 18 46 11 94 1 62 13 4 19 34 2 55 0 69 15 72 16 66 14 72 3 85 17 14 12 70 9 41 4 78
18 66 3 94 19 97 12 36 6 67 15 46 4 24 11 51 7 2 10 49 16 58 13 2 8 39 2 32 1 86 17 1 0 67 14 11 9 75 5 53
12 46 16 54 3 87 19 55 6 75 10 41 15 8 18 22 0 74 4 12 13 87 7 20 11 77 14 38 5 97 2 89 1 47 8 40 9 16 17 47
16 76 8 92 10 60 17 35 15 83 5 60 1 30 3 88 2 87 14 18 11 79 9 54 4 52 6 6 13 86 0 82 12 66 7 79 18 8 19 93
7 89 17 12 14 37 15 87 13 3 9 11 18 94 5 14 16 71 11 37 0 11 10 7 2 49 19 5 4 36 12 51 3 90 6 30 1 82 8 81
12 19 15 66 2 44 0 43 11 38 16 62 1 33 14 46 6 15 10 59 5 8 19 98 3 77 17 25 4 21 8 75 18 96 7 78 9 75 13 54
3 6 10 87 12 48 7 96 6 14 0 47 15 12 8 17 4 77 18 67 16 66 2 66 5 15 17 26 14 47 1 18 11 73 13 39 9 48 19 82
8 70 13 85 15 79 19 24 4 80 2 9 0 61 11 71 3 59 18 71 10 20 16 60 6 24 14 30 1 52 5 50 9 61 7 94 17 91 12 78
8 90 10 62 18 97 13 23 16 96 17 17 2 91 5 15 6 58 11 47 7 95 12 23 14 45 9 93 3 29 4 30 0 4 15 93 1 95 19 21
4 46 19 28 5 9 11 17 16 24 18 27 15 23 17 94 8 30 10 69 12 36 6 45 1 34 9 59 13 55 0 35 7 78 14 38 2 56 3 93
12 12 6 86 15 61 13 25 10 18 14 40 17 75 0 31 16 14 1 5 8 1 3 6 19 65 9 7 5 17 7 31 2 54 18 25 4 61 11 84
6 14 12 45 19 99 16 37 5 14 2 61 11 66 8 10 7 3 15 95 18 60 14 34 1 94 17 95 13 46 3 97 10 81 9 69 4 55 0 24
4 4 13 70 17 51 12 89 8 16 3 77 6 12 2 53 18 76 11 69 1 78 5 51 9 6 15 12 0 8 16 51 19 79 14 22 7 50 10 40
12 98 10 37 3 49 0 57 7 21 11 41 2 43 15 96 18 97 8 94 9 57 19 69 1 49 6 65 14 93 5 89 13 57 16 7 17 85 4 70
12 11 14 74 10 84 13 78 19 40 7 4 8 32 5 34 2 41 1 49 11 62 4 48 6 60 18 42 0 51 17 29 9 46 15 16 16 10 3 82
8 44 0 1 12 67 6 30 19 26 4 21 13 45 10 62 3 17 11 7 2 18 15 16 17 22 7 12 16 7 5 25 18 90 1 47 14 15 9 36
17 40 19 40 16 25 15 38 8 52 13 10 5 88 6 60 11 31 1 10 10 69 3 38 9 92 4 93 14 96 18 96 0 82 12 24 7 91 2 95
8 18 2 3 10 83 4 69 12 58 3 46 17 52 6 10 5 78 15 16 9 83 19 60 14 10 18 90 0 3 1 84 16 14 13 94 7 54 11 9
10 90 0 59 1 61 13 67 6 76 4 58 14 51 2 3 11 59 18 89 15 2 9 31 7 28 16 69 3 84 17 89 5 75 12 82 8 39 19 53
7 82 3 41 4 52 0 32 1 27 15 27 9 79 14 41 5 70 17 39 13 69 16 98 19 80 18 6 2 59 12 72 8 73 6 63 11 48 10 42
11 73 19 43 0 61 5 80 16 37 3 13 9 94 2 60 4 96 1 50 17 86 13 71 8 71 10 29 14 9 15 9 18 78 7 93 6 55 12 39
15 64 10 32 16 12 1 17 8 81 7 65 4 78 0 20 6 66 12 62 18 8 11 39 19 77 17 31 13 4 3 23 14 45 5 73 9 22 2 10
5 80 13 68 0 51 17 50 19 80 1 64 6 46 14 26 10 63 15 68 11 68 3 76 8 23 9 26 2 73 18 12 12 94 7 46 4 57 16 97
15 58 8 18 0 95 7 79 19 63 11 37 12 27 2 82 5 88 13 71 1 59 3 30 9 27 6 97 17 55 16 70 10 87 14 31 18 51 4 46
17 8 0 6 2 11 12 7 13 75 10 67 7 76 9 77 1 19 4 90 18 21 19 93 5 54 3 27 11 53 16 20 8 45 15 22 14 78 6 96
12 83 7 69 16 7 17 1 1 54 6 45 11 30 18 59 4 45 3 74 19 10 13 92 14 89 10 8 15 68 0 73 2 90 5 37 8 16 9 43
2 83 3 76 19 49 13 80 12 27 9 9 17 26 16 75 6 10 7 25 4 57 8 16 10 1 11 34 5 63 1 54 0 63 15 24 14 57 18 59
12 32 18 41 3 20 4 76 7 97 14 60 2 87 13 77 11 54 16 89 9 44 10 68 17 20 8 80 0 64 6 23 19 90 5 90 15 70 1 5
4 73 15 20 17 49 7 53 8 77 0 89 2 77 6 69 18 58 3 79 10 42 19 52 14 45 16 96 9 4 1 63 13 35 12 28 11 74 5 80
2 72 18 10 13 70 1 39 10 71 11 46 12 86 6 82 15 50 4 35 5 55 9 78 17 43 16 7 7 16 3 40 19 49 0 39 8 1 14 20
4 94 1 57 13 86 8 82 19 14 9 25 7 40 6 30 5 9 10 23 0 18 11 89 16 31 15 76 17 69 18 33 14 62 12 37 2 5 3 26
9 54 3 10 7 75 13 11 4 62 15 20 2 25 8 60 11 23 10 80 19 99 14 41 5 69 18 57 0 81 6 25 17 16 16 54 1 60 12 22
10 66 18 25 11 94 9 48 5 21 13 92 4 53 8 70 12 3 6 25 16 34 19 68 15 23 17 82 14 38 0 82 1 94 2 13 7 61 3 68
5 75 15 46 12 18 19 79 3 49 1 49 7 64 4 98 14 60 8 77 16 54 10 46 11 65 17 32 0 41 6 62 9 68 13 56 18 10 2 7
5 63 14 72 15 72 6 43 12 20 13 39 17 84 7 40 19 83 16 11 9 74 18 24 8 82 2 76 11 6 3 71 1 11 10 5 0 93 4 90
11 7 5 41 0 80 16 29 7 8 9 32 18 22 8 64 6 40 17 29 4 4 15 90 14 69 10 52 3 89 12 62 2 35 13 56 1 77 19 48
11 52 2 73 14 91 8 5 7 75 19 87 1 61 16 52 10 88 0 63 5 68 6 58 13 88 15 83 17 26 4 32 9 25 3 87 12 97 18 6
5 45 16 25 11 22 3 38 12 81 18 4 0 80 1 25 14 4 19 83 8 76 4 83 15 22 9 4 6 64 2 71 10 5 7 10 13 26 17 40
1 18 18 11 12 22 4 24 2 54 3 27 7 3 5 18 8 61 15 58 0 32 19 47 16 54 6 65 11 10 13 38 17 24 10 13 9 93 14 99
15 2 19 64 6 87 1 42 4 46 5 67 3 54 10 13 12 31 17 35 14 64 13 44 2 1 9 30 16 25 11 22 18 10 8 41 7 7 0 3
16 33 3 85 0 21 8 11 12 4 7 15 11 15 17 93 5 37 15 2 6 95 14 68 10 18 13 48 2 84 18 75 1 13 19 17 4 3 9 51
10 96 14 53 2 83 7 27 4 69 0 22 5 77 9 52 6 79 18 11 8 74 3 31 11 73 12 17 16 7 13 38 17 53 15 82 19 45 1 74
18 40 15 91 13 34 0 28 19 48 9 65 16 38 8 79 6 84 5 76 3 92 7 84 12 27 4 16 1 19 10 7 14 76 11 3 2 24 17 11
9 20 13 24 7 88 16 44 0 7 18 11 15 90 1 73 8 80 4 77 14 70 6 10 11 97 2 30 5 79 10 4 3 14 12 19 19 28 17 59
11 53 18 42 2 91 16 23 5 36 15 3 8 55 13 3 9 61 1 43 10 28 12 74 0 36 19 82 4 75 14 80 3 42 17 74 6 1 7 71
11 47 18 91 9 96 13 54 8 74 19 36 10 18 5 93 17 59 12 88 0 8 3 26 14 65 7 91 6 42 16 65 15 4 1 32 2 18 4 17
18 82 9 63 19 81 1 11 11 1 5 98 14 85 8 95 6 72 7 37 3 4 15 23 13 11 2 80 10 58 0 92 16 61 17 61 12 41 4 19
18 11 19 4 4 83 16 41 1 59 9 99 14 44 0 46 5 79 6 14 15 91 17 24 3 2 8 60 11 70 12 3 7 99 10 19 13 27 2 21
11 13 16 79 4 47 0 93 12 19 8 15 15 3 14 65 3 63 17 86 1 70 13 13 5 55 10 83 7 59 6 15 9 83 2 80 18 9 19 15
3 37 17 27 9 88 7 7 8 63 16 68 5 79 14 77 6 21 0 52 12 87 13 77 4 81 10 75 18 3 11 55 15 74 2 1 1 39 19 72
5 59 10 45 19 88 0 85 14 66 18 40 2 43 8 9 9 34 13 94 17 50 15 70 1 89 12 4 4 80 6 41 3 89 11 73 7 51 16 55
0 73 9 75 2 35 8 20 16 99 13 89 1 92 17 20 7 63 15 61 18 88 10 73 3 90 14 95 11 57 5 96 4 83 6 18 19 95 12 13
19 14 5 88 10 16 18 33 15 52 14 30 8 81 1 15 6 77 2 41 9 66 0 7 12 70 4 17 13 82 7 8 16 35 3 35 17 59 11 35
16 77 6 41 1 28 19 39 3 84 0 83 7 5 9 24 12 89 2 68 5 4 4 92 13 37 8 89 11 41 17 81 18 16 10 82 14 13 15 30
13 73 18 26 1 64 14 34 3 18 10 2 12 2 9 89 11 30 2 6 0 90 6 38 4 31 15 48 19 91 7 10 5 97 8 34 17 36 16 1
18 99 1 59 8 74 11 91 9 30 13 97 19 81 4 78 15 22 6 68 16 4 5 62 3 66 10 82 17 47 2 6 7 45 0 47 14 55 12 57
11 5 3 55 14 38 2 31 6 69 16 10 10 20 19 1 9 26 8 54 0 97 18 66 4 62 12 77 7 20 17 77 5 29 1 6 13 37 15 23
15 63 7 99 8 50 16 40 4 74 5 68 11 32 18 54 14 60 12 67 3 17 2 51 1 79 10 72 9 79 17 53 0 93 19 54 13 58 6 52
8 30 17 55 3 51 18 90 13 75 15 99 14 85 2 3 1 42 6 81 0 2 10 15 12 51 7 20 19 1 9 12 5 17 16 80 4 48 11 48
3 57 11 41 5 68 14 93 4 91 2 73 7 18 13 37 0 22 12 99 15 47 9 49 1 1 8 75 16 64 18 48 17 26 19 21 10 49 6 93
6 76 15 89 13 85 19 62 2 67 10 97 16 69 4 92 14 25 3 87 12 49 7 28 17 94 11 4 0 9 18 50 9 71 1 6 8 81 5 92
18 9 9 69 19 81 11 22 15 26 14 12 10 72 7 67 4 52 17 42 3 23 13 34 8 39 5 6 12 82 1 15 0 9 6 97 16 70 2 17
19 14 18 54 2 62 7 64 16 46 14 4 6 75 1 59 4 2 8 62 15 50 5 37 11 49 17 96 9 32 3 6 12 78 0 10 13 17 10 60
8 95 6 29 7 99 11 24 18 49 2 61 19 84 12 18 13 44 0 24 15 9 14 88 3 8 5 67 9 98 1 75 16 32 10 89 4 64 17 65
14 52 16 94 11 23 12 99 10 20 19 93 4 33 5 43 17 76 2 24 7 75 8 12 3 60 6 75 15 10 13 85 18 87 0 19 9 8 1 41
7 56 3 13 18 53 6 36 2 3 11 42 4 16 15 88 9 73 1 32 5 66 0 58 12 7 14 50 13 77 8 65 19 73 17 39 10 12 16 71
0 94 6 65 19 46 10 72 3 51 1 79 9 82 15 97 4 48 12 40 13 86 16 14 18 61 14 95 2 33 7 30 11 98 5 69 8 68 17 61
