100 20
11 76 17 82 3 6 5 35 6 21 4 63 0 2 1 61 13 37 8 34 18 95 9 79 10 14 15 44 2 80 16 46 19 24 7 5 12 82 14 90
1 26 8 2 9 19 6 43 4 33 16 49 10 96 3 99 14 90 17 90 18 1 11 79 13 36 0 52 5 31 19 64 15 27 7 58 2 69 12 71
3 81 14 38 2 19 1 27 15 75 18 67 16 92 7 9 8 92 4 21 0 22 9 86 5 48 10 28 13 6 11 98 17 55 19 16 6 22 12 63
2 31 17 30 16 74 1 47 13 28 14 90 8 53 0 80 19 93 12 76 15 74 4 65 9 68 11 19 18 4 3 16 10 78 6 81 5 61 7 40
10 24 17 35 9 21 4 91 11 70 7 35 5 65 18 38 14 53 1 81 19 72 3 21 16 57 8 94 2 46 13 70 12 77 0 59 6 98 15 1
10 36 18 41 5 53 1 16 9 56 8 30 15 13 0 64 7 70 14 99 17 49 13 18 12 1 19 42 3 73 11 46 16 99 6 39 2 10 4 85
19 78 4 41 2 27 1 99 12 71 0 54 16 4 3 52 10 71 13 59 6 87 17 63 15 95 18 99 5 89 7 31 14 63 8 95 11 45 9 60
18 54 16 39 8 75 11 50 14 65 13 90 0 4 5 70 7 34 15 19 19 94 10 11 12 90 2 13 6 83 1 48 9 36 3 87 4 55 17 68
5 42 6 11 2 96 4 92 16 41 15 55 1 54 3 48 7 17 10 28 8 72 0 83 11 62 14 69 13 11 18 56 9 96 19 72 17 91 12 43
12 50 6 45 17 41 8 71 5 75 2 81 10 13 19 6 16 25 11 68 18 13 1 59 13 64 7 1 9 4 0 86 3 28 14 45 15 52 4 9
9 50 6 81 15 79 16 47 8 96 14 35 0 34 11 87 7 3 5 8 19 20 18 80 17 80 4 41 10 72 2 69 1 62 13 95 12 40 3 5
13 51 10 32 16 59 7 44 11 66 4 5 8 93 6 71 2 96 0 75 15 45 14 29 17 81 3 78 5 35 9 64 19 42 12 68 18 56 1 12
17 2 3 24 18 54 19 41 4 42 15 24 13 45 5 96 10 52 1 30 6 10 8 40 9 75 2 12 14 98 7 39 0 64 12 77 16 13 11 62
15 37 11 87 17 17 8 92 18 48 1 86 3 77 2 75 10 9 13 13 0 97 6 97 7 57 9 73 4 41 19 74 14 68 16 63 5 90 12 69
0 75 11 49 4 4 19 51 1 93 16 45 6 19 2 59 14 81 10 32 7 88 15 49 17 38 13 89 3 54 18 4 9 2 8 20 12 98 5 79
16 69 4 15 19 30 13 92 12 26 15 84 6 11 1 80 3 72 2 4 10 17 14 86 8 57 5 14 17 98 11 10 0 57 18 54 7 89 9 49
8 39 17 12 6 95 7 80 10 43 13 78 9 32 18 35 4 56 0 32 2 57 11 33 5 17 15 49 16 26 1 93 19 76 14 77 3 58 12 52
6 80 4 28 12 14 1 12 18 10 16 4 10 90 11 92 2 82 0 15 7 10 9 34 8 69 3 49 5 37 13 52 17 27 19 29 15 14 14 7
19 15 7 46 14 1 9 45 3 51 11 70 2 77 17 14 4 51 16 52 6 78 0 82 15 21 18 3 10 51 12 44 13 83 1 7 5 19 8 40
11 21 3 83 17 73 18 6 0 23 15 90 12 80 9 47 5 51 7 8 16 47 6 33 14 35 8 81 19 64 13 82 4 16 10 5 2 97 1 81
1 60 2 38 8 16 0 64 5 34 6 11 10 16 12 65 17 80 15 76 18 8 11 24 3 65 16 80 9 13 13 20 7 34 19 24 14 46 4 76
8 74 19 79 14 28 5 67 2 82 13 83 6 36 16 3 11 26 9 51 7 21 4 14 17 5 3 47 18 50 1 6 15 22 0 26 12 23 10 61
11 25 13 40 15 45 16 45 7 62 10 43 5 20 4 75 2 76 17 75 14 29 9 76 19 58 18 23 3 12 6 74 12 47 1 1 0 33 8 47
17 98 4 41 15 33 0 85 3 3 9 69 11 32 12 44 10 87 16 70 1 44 14 52 13 33 6 60 2 60 7 8 8 33 19 68 18 5 5 85
13 59 17 93 8 27 7 72 4 69 14 31 15 37 16 48 0 37 19 10 6 14 5 2 1 3 12 46 10 44 18 3 3 35 11 61 2 54 9 77
6 17 2 25 3 55 8 95 12 52 18 55 4 4 7 50 0 54 19 53 1 62 17 29 5 78 11 11 13 70 14 23 15 44 9 56 10 95 16 82
9 87 13 73 3 22 17 95 1 87 0 27 18 1 14 85 16 6 8 22 7 64 2 31 11 86 19 16 12 65 10 41 15 85 5 59 6 74 4 50
12 40 18 52 3 19 16 91 11 53 19 64 5 72 0 44 6 51 7 35 17 91 8 7 13 95 4 82 14 87 9 3 10 22 15 83 2 62 1 25
17 32 14 59 6 41 18 7 15 47 7 64 3 81 11 2 9 14 12 9 8 44 2 11 10 86 0 96 19 27 13 24 16 64 5 66 4 11 1 15
7 26 1 52 8 77 0 40 9 44 18 90 2 3 3 35 5 92 12 73 4 87 10 25 11 28 13 6 14 9 17 3 16 3 15 42 6 14 19 45
6 71 12 67 14 54 7 11 4 83 0 27 9 96 17 65 2 10 16 83 5 58 18 58 11 36 1 5 19 40 13 94 15 65 3 63 10 55 8 77
5 50 7 7 3 53 12 77 18 6 6 18 14 2 0 66 16 38 17 25 15 3 11 77 13 9 19 49 10 57 9 96 4 34 2 7 1 36 8 5
14 1 1 35 15 93 17 95 6 25 2 94 18 89 7 84 0 76 13 33 3 54 9 32 16 42 5 28 8 48 11 75 12 25 10 70 19 45 4 64
13 55 14 36 16 6 9 72 4 58 8 73 17 1 1 67 6 66 18 23 10 42 5 40 19 39 0 61 12 76 11 52 7 70 15 36 3 95 2 12
2 30 7 51 6 19 10 49 19 13 12 69 18 87 17 72 16 82 9 86 5 2 1 44 4 11 3 65 8 70 0 11 14 72 15 4 13 5 11 59
7 39 15 24 17 37 1 16 0 79 16 9 14 56 4 9 5 2 12 38 3 28 9 25 10 45 8 99 18 47 11 38 6 13 19 18 2 27 13 47
10 7 11 25 5 91 9 13 7 27 4 35 14 42 19 16 3 73 16 8 12 46 17 50 1 62 2 87 0 88 13 6 18 39 6 68 15 51 8 78
6 16 0 69 8 8 1 5 17 11 3 33 11 66 9 25 5 43 14 67 4 77 7 49 19 27 15 54 12 74 2 89 13 87 16 68 10 75 18 27
2 85 5 89 14 17 10 21 19 73 4 6 6 65 8 82 12 30 1 52 18 77 7 99 17 79 0 52 15 1 16 35 11 21 9 49 3 5 13 61
11 61 1 28 13 46 0 57 19 39 14 75 6 61 4 36 18 12 10 12 3 46 9 79 16 62 5 96 15 15 7 98 2 65 12 87 17 45 8 64
6 73 8 45 1 61 19 38 0 17 9 14 4 28 3 16 18 23 17 19 7 58 10 93 15 26 2 97 14 34 12 23 13 22 11 30 5 20 16 56
15 13 14 81 1 17 11 68 17 37 5 64 10 90 6 15 9 21 12 9 3 22 18 33 8 9 13 34 0 26 2 64 4 37 7 64 16 34 19 99
18 72 12 9 16 96 9 72 3 38 4 14 5 96 1 25 17 44 7 46 11 98 14 26 15 84 6 86 0 2 8 41 13 67 2 86 19 61 10 37
10 48 3 68 0 7 11 88 16 95 13 79 17 20 9 11 5 47 6 55 7 35 19 38 18 9 14 61 1 46 2 65 8 84 15 99 4 35 12 18
18 66 7 94 0 92 4 91 17 41 19 90 5 66 15 70 16 17 1 25 14 99 3 47 12 25 11 63 2 9 9 83 13 21 10 68 8 25 6 45
18 1 15 11 8 72 5 35 12 41 9 81 13 69 10 52 4 76 16 42 7 89 1 40 19 7 0 29 6 28 3 29 14 61 17 94 11 64 2 59
9 46 13 89 11 35 7 6 16 4 18 63 5 89 3 83 4 10 14 83 17 74 6 52 19 61 0 70 2 86 8 59 15 18 10 39 1 14 12 59
15 3 5 12 14 31 1 3 18 18 8 55 12 34 7 16 13 52 11 84 4 70 0 49 2 10 3 95 9 82 16 58 6 83 17 30 19 21 10 21
10 30 4 99 19 40 5 74 16 69 6 8 9 61 12 32 3 57 15 87 2 81 13 38 0 2 11 66 18 12 17 61 1 65 14 26 8 24 7 61
13 36 1 98 9 94 15 6 7 48 17 70 8 2 2 61 16 3 3 10 0 91 11 63 4 85 6 76 18 81 19 35 5 2 14 81 10 34 12 28
1 46 19 89 16 44 0 40 5 23 14 76 17 27 8 97 12 55 18 46 4 29 11 56 13 75 3 12 10 96 6 82 15 92 2 4 7 43 9 98
0 68 15 31 13 88 6 14 1 13 2 70 12 28 4 38 16 32 5 32 3 47 8 69 11 28 7 89 18 11 9 32 19 46 14 43 17 2 10 2
15 72 19 49 14 37 6 55 16 75 4 39 10 98 9 53 5 27 2 25 3 48 1 60 17 90 12 40 8 11 18 21 7 91 0 60 11 23 13 95
4 35 11 4 17 24 16 7 10 58 19 29 7 82 2 95 1 32 13 27 0 84 15 7 14 6 12 82 6 16 9 58 5 50 8 63 3 14 18 8
9 25 13 66 5 29 16 66 15 11 12 48 17 24 2 29 18 12 3 79 0 85 1 80 4 80 14 61 19 18 7 52 6 10 8 40 10 11 11 87
9 19 10 16 1 88 16 32 15 9 5 31 8 37 0 70 2 52 14 84 19 57 3 27 17 45 18 75 13 49 12 9 11 28 6 40 4 25 7 91
0 83 10 84 3 67 5 58 6 29 16 53 18 82 14 72 19 53 7 92 9 80 2 27 12 6 1 70 4 47 13 93 17 25 8 9 11 63 15 56
4 26 5 45 16 8 17 61 3 62 12 16 14 67 10 70 2 61 7 52 1 50 0 27 18 88 8 21 13 26 19 79 9 33 11 39 6 80 15 13
12 36 7 22 3 72 8 62 9 9 17 37 16 28 19 65 18 35 15 17 1 18 11 52 5 61 2 73 0 6 14 4 4 49 10 63 13 12 6 38
14 27 8 61 18 13 7 93 0 8 13 83 3 86 5 78 19 78 1 85 9 3 6 47 10 35 16 81 12 59 11 66 17 36 4 36 15 63 2 86
7 12 4 39 9 38 11 46 14 32 5 3 1 11 15 7 8 11 17 34 10 30 19 22 18 18 16 25 2 96 13 53 3 2 12 42 0 23 6 72
7 68 5 42 8 7 17 96 16 40 18 26 19 27 3 65 2 77 13 29 10 41 6 74 0 67 14 50 11 50 1 5 9 37 4 85 12 71 15 39
7 52 17 3 19 51 14 32 3 2 8 26 12 25 4 63 11 94 2 82 15 29 16 88 18 20 6 40 9 49 13 67 0 25 1 96 5 92 10 43
11 36 2 87 9 94 1 95 14 84 6 67 7 19 4 33 16 86 18 96 15 66 5 32 8 34 10 37 3 68 13 21 12 15 0 79 17 36 19 50
10 28 13 1 18 21 3 68 9 12 1 45 2 83 7 47 6 72 12 34 16 46 17 10 8 50 0 33 5 34 15 13 4 6 19 92 14 17 11 18
5 41 6 88 3 68 12 24 2 77 7 17 14 94 9 20 1 25 19 69 16 92 0 78 15 23 17 40 11 72 18 72 4 78 10 12 8 65 13 19
1 32 2 16 3 28 13 18 5 18 6 58 15 15 12 74 4 66 14 70 18 15 10 99 7 3 16 75 0 64 9 83 17 53 11 67 19 61 8 23
9 73 14 22 0 96 15 6 18 56 3 16 16 34 1 40 13 23 5 28 12 20 8 93 10 15 17 56 7 89 19 59 4 88 11 31 6 99 2 63
4 77 15 9 12 32 5 58 18 53 0 32 13 22 1 7 16 7 19 42 9 61 8 6 7 81 6 37 3 21 14 98 10 2 11 29 2 27 17 29
6 77 16 69 1 32 18 4 0 50 2 47 7 13 11 92 19 28 14 71 13 75 15 7 4 98 5 89 10 80 17 67 3 32 9 95 8 49 12 99
2 66 11 50 4 99 18 86 10 62 16 16 7 95 8 62 12 44 13 42 5 56 15 39 9 34 14 79 0 23 6 3 19 90 3 72 17 75 1 24
17 74 6 36 0 56 18 5 10 2 15 39 8 62 9 77 4 53 11 20 12 47 2 90 7 94 5 93 13 21 1 29 19 81 16 92 14 3 3 64
13 96 16 45 12 38 15 8 2 29 11 40 5 42 17 36 18 94 9 21 7 68 4 8 1 65 14 4 19 44 8 34 0 9 3 85 6 31 10 41
11 55 7 19 15 5 19 27 17 76 10 54 9 17 6 48 3 75 4 71 14 1 5 80 2 50 13 48 0 42 18 54 1 27 8 82 16 96 12 14
19 70 1 51 0 53 11 78 6 20 2 36 9 12 4 61 10 69 15 55 3 8 18 18 14 69 12 72 7 95 16 67 13 22 8 43 17 61 5 80
4 85 2 93 13 83 6 42 11 17 14 34 18 62 8 9 9 76 17 35 12 7 10 63 7 95 19 74 1 44 16 52 0 44 15 94 5 28 3 69
7 53 11 95 2 19 0 18 12 92 15 41 18 99 6 6 8 58 16 45 4 11 14 12 10 96 5 52 19 34 17 96 1 57 9 18 3 20 13 85
7 99 3 40 12 63 6 97 16 12 19 58 4 35 5 59 9 54 1 30 18 23 13 75 0 84 17 83 14 35 2 19 8 37 11 92 10 97 15 59
9 91 18 8 12 5 11 64 6 18 8 53 1 77 13 76 5 29 16 7 10 17 15 27 14 27 0 28 7 1 17 85 19 12 4 80 3 87 2 37
16 52 3 24 9 70 15 42 8 30 4 32 0 46 19 90 1 58 17 92 2 22 7 85 12 36 5 50 11 15 14 22 10 76 6 75 13 57 18 3
12 38 1 39 16 69 10 4 0 21 6 96 9 18 3 5 18 52 11 21 2 24 5 48 8 94 13 73 19 78 7 4 15 99 14 72 4 26 17 26
3 89 7 95 15 14 14 88 9 23 11 81 13 36 10 8 0 21 16 48 2 16 8 19 1 26 5 45 4 36 6 76 19 70 12 87 17 60 18 90
18 37 19 83 0 31 17 51 4 22 8 83 7 54 1 91 5 70 6 64 14 25 15 29 10 88 11 65 2 47 12 28 13 62 9 76 3 7 16 71
18 88 15 34 2 11 14 43 3 52 5 86 1 23 9 38 7 82 11 90 13 37 10 10 17 45 19 3 4 83 12 99 16 17 8 7 0 64 6 79
15 90 13 21 9 85 14 66 19 66 1 45 10 4 8 43 3 76 5 97 4 75 16 20 0 54 17 88 2 2 18 65 6 47 12 8 7 17 11 40
10 18 7 4 2 27 13 13 11 77 4 38 18 77 1 5 17 6 6 3 15 49 8 47 14 85 19 30 3 17 0 7 5 83 12 68 9 14 16 2
19 14 11 5 7 38 8 74 0 78 13 73 4 19 18 41 12 55 16 4 6 11 15 1 3 28 5 75 17 78 14 16 1 68 9 14 2 52 10 72
7 93 11 78 1 78 10 43 12 10 0 44 8 43 4 69 3 91 6 99 9 59 14 27 5 80 15 42 17 45 2 91 19 94 13 34 18 76 16 31
10 5 18 27 6 64 5 16 16 69 3 59 0 97 9 20 12 83 17 99 8 83 11 1 19 2 2 76 4 58 13 93 7 70 14 74 1 44 15 56
19 20 0 15 14 27 7 46 2 43 12 53 11 40 4 41 8 90 6 39 10 57 15 76 17 87 13 29 5 12 18 52 9 39 16 43 3 27 1 65
4 83 14 36 11 54 17 78 8 74 7 90 18 58 6 55 13 38 10 41 19 22 12 51 16 53 3 11 15 23 2 90 9 36 5 41 0 90 1 87
17 86 19 7 16 84 1 37 14 69 15 34 9 21 18 88 5 13 7 86 2 50 3 72 11 16 13 94 10 27 6 25 4 51 12 9 0 69 8 61
7 37 18 7 1 72 6 2 0 10 13 95 14 28 15 72 12 4 17 62 3 53 4 4 9 61 10 81 2 63 19 40 8 35 16 15 5 15 11 52
13 9 6 83 8 17 1 90 19 40 14 14 2 34 17 42 3 68 9 46 5 56 11 89 0 31 4 61 16 22 7 20 12 12 15 64 10 52 18 28
4 42 9 10 7 10 1 68 16 31 2 76 3 33 0 79 18 56 13 6 5 42 19 77 8 87 6 89 10 25 11 77 14 86 17 84 15 77 12 30
18 10 7 57 13 55 11 72 19 9 10 39 1 49 15 3 6 29 12 24 3 55 2 62 0 31 17 26 9 11 8 82 14 82 4 63 5 61 16 20
2 78 4 67 0 41 17 31 15 31 16 44 18 36 3 38 5 82 11 92 9 41 1 36 6 47 10 34 12 95 13 22 7 30 19 77 8 22 14 25
16 30 0 84 18 79 14 76 7 46 12 83 8 48 2 12 15 2 17 33 9 52 1 41 6 91 3 37 13 76 5 34 10 21 11 37 19 37 4 40
19 44 12 47 5 50 0 51 4 64 7 90 17 68 2 32 18 84 13 8 9 49 3 8 11 56 1 52 6 20 10 22 8 72 14 47 15 53 16 36
18 58 5 55 9 63 0 45 12 68 2 81 10 75 11 53 3 88 4 11 15 70 7 94 17 76 6 51 1 88 8 11 13 73 19 12 14 32 16 42
