100 20
6 60 0 90 12 26 14 62 19 68 8 96 5 57 2 65 9 2 18 30 1 73 10 12 11 65 13 48 7 94 17 48 16 61 15 6 3 15 4 73
4 55 9 77 15 16 10 77 0 1 17 42 12 13 3 56 2 59 1 89 11 30 13 53 6 31 8 40 18 60 19 8 14 66 5 43 7 10 16 49
10 12 1 75 13 6 6 30 17 57 0 17 11 65 16 76 7 47 2 14 5 93 18 79 8 66 14 7 12 62 15 29 9 97 4 35 3 44 19 70
11 12 7 44 13 8 6 89 15 4 16 31 18 38 3 30 5 92 10 92 14 28 19 84 2 69 17 26 8 7 4 84 12 34 0 99 9 78 1 64
6 50 12 95 16 79 15 33 1 72 5 28 2 15 9 21 10 55 3 67 0 57 4 53 8 95 7 8 13 35 18 94 11 12 14 53 17 95 19 75
4 30 9 83 3 33 0 85 6 63 10 19 19 3 12 93 8 66 13 45 7 86 11 32 1 34 17 27 15 87 16 69 14 37 18 91 5 24 2 65
18 85 17 77 7 41 16 62 5 56 10 46 6 69 4 3 3 46 0 14 2 60 19 34 9 95 11 13 8 50 14 81 1 36 13 80 12 66 15 20
2 40 4 86 19 49 18 89 6 16 11 89 15 37 8 99 7 57 16 54 1 46 5 21 13 44 12 66 14 69 0 19 9 95 17 9 10 58 3 59
0 46 19 93 12 11 8 11 17 32 14 42 7 9 10 26 2 2 13 39 18 67 15 76 3 78 6 45 16 69 9 98 4 37 1 25 11 59 5 13
2 17 7 85 15 50 17 67 1 92 13 68 3 57 4 14 11 98 5 62 19 9 14 16 6 68 12 50 18 93 9 86 8 98 16 33 0 27 10 27
14 60 17 7 1 65 2 98 7 71 8 43 12 96 4 50 19 74 18 55 6 57 13 88 16 90 9 17 11 58 10 24 5 87 0 96 3 31 15 73
2 77 10 52 5 41 9 13 6 81 1 23 11 85 4 57 17 97 7 85 19 62 0 14 15 73 14 78 12 38 13 30 16 12 8 68 18 26 3 92
15 72 17 99 11 91 19 55 0 35 5 74 18 6 8 4 14 83 16 7 7 91 9 97 6 59 3 5 10 81 12 90 13 17 2 51 1 84 4 60
15 43 13 92 1 89 6 36 7 40 19 74 4 15 0 34 5 95 2 21 10 62 14 42 12 66 17 84 8 78 3 8 9 43 11 60 18 52 16 17
8 39 14 33 10 29 16 66 18 11 19 37 2 38 0 33 12 55 3 88 1 26 4 53 5 66 7 52 6 47 17 57 9 86 11 2 13 78 15 49
0 37 6 62 18 20 8 10 19 60 2 51 14 10 12 46 10 99 5 11 13 86 16 45 1 23 9 71 15 89 4 90 3 41 11 41 17 40 7 90
7 97 12 2 15 46 2 32 9 47 11 98 5 3 14 78 3 23 18 73 19 84 13 40 10 72 8 48 1 20 6 70 4 21 16 24 0 86 17 66
0 99 2 36 5 93 1 32 14 45 13 62 9 36 7 36 15 17 17 40 8 25 3 57 4 17 16 4 11 71 6 8 19 70 10 78 12 7 18 4
9 61 16 29 10 38 11 24 6 26 1 14 12 63 18 81 0 58 13 35 17 50 14 59 2 50 15 36 8 26 3 42 4 64 7 43 19 3 5 63
9 60 16 52 13 42 12 98 2 70 10 62 1 88 17 50 11 42 6 85 7 39 3 66 5 86 19 30 8 36 4 79 18 61 15 1 0 44 14 60
8 50 12 45 16 69 14 21 3 93 18 67 5 95 13 19 7 13 11 23 15 96 6 39 10 25 17 29 19 13 1 74 4 8 0 86 2 99 9 54
19 28 16 3 1 65 9 10 18 7 3 95 7 44 17 16 0 42 4 41 10 17 12 32 14 94 15 95 8 51 5 4 2 43 11 97 13 47 6 93
12 35 7 68 18 47 16 70 14 32 8 97 5 36 17 9 1 93 10 27 3 73 0 34 6 6 15 62 2 58 4 98 9 58 11 1 19 84 13 60
2 34 17 68 15 32 11 17 6 88 13 72 9 56 16 72 4 8 18 80 14 88 1 52 12 70 19 93 0 35 10 5 5 57 3 66 8 47 7 57
17 59 13 93 15 69 14 71 4 58 2 94 1 44 16 4 8 88 9 31 18 20 19 64 5 41 3 92 10 96 6 27 11 90 0 80 12 38 7 31
0 80 7 6 6 37 4 56 18 47 19 26 11 68 15 45 16 93 5 98 3 23 9 28 2 37 12 83 8 60 1 28 17 29 14 17 13 98 10 37
11 98 13 8 4 57 17 16 10 98 5 35 7 7 2 41 8 58 14 61 15 66 6 19 19 8 1 9 12 25 9 60 18 91 3 78 16 11 0 4
1 20 5 41 4 29 11 36 14 1 2 8 19 7 12 21 8 37 0 75 13 72 10 14 15 76 17 43 7 96 3 2 6 21 18 76 9 58 16 20
11 84 7 21 15 14 9 71 13 87 10 99 5 82 18 42 0 96 19 83 3 76 6 34 1 17 14 57 17 45 12 88 8 31 4 95 16 20 2 45
12 2 0 26 3 24 17 56 14 10 1 16 13 26 6 13 8 59 4 40 11 33 16 46 2 85 18 84 7 2 15 30 5 94 19 67 9 5 10 30
12 83 14 10 16 58 7 87 11 71 1 66 19 43 10 95 6 83 13 12 2 1 17 33 4 60 8 54 18 3 3 32 5 6 9 72 0 28 15 2
19 94 15 31 6 64 12 69 13 64 2 90 3 71 14 22 18 2 10 75 5 11 0 82 11 76 7 84 16 87 1 23 17 13 9 12 4 17 8 11
7 50 1 99 15 74 0 17 6 84 4 24 9 68 12 95 18 57 3 8 10 53 13 7 8 88 11 89 5 72 16 36 2 44 14 58 17 47 19 11
9 56 19 88 16 74 12 98 6 77 7 16 3 70 1 33 5 5 14 64 4 3 10 14 13 32 8 96 2 75 18 50 15 61 17 59 11 89 0 68
11 98 19 10 6 6 17 57 5 14 3 57 18 9 16 64 14 35 10 46 13 24 1 84 9 50 7 8 4 15 8 71 15 71 0 13 12 76 2 6
3 18 5 43 1 6 4 39 10 64 17 13 0 79 8 86 14 67 12 82 6 73 11 41 18 76 15 97 16 7 19 98 7 24 9 97 13 78 2 1
12 38 16 47 5 22 7 7 14 87 11 7 8 96 6 23 15 79 19 88 9 65 18 10 3 19 13 27 0 66 4 45 2 5 1 26 17 63 10 14
9 40 6 7 13 61 14 21 5 78 2 79 11 94 8 83 7 41 10 37 15 72 17 51 16 65 19 67 3 80 4 84 12 9 18 95 0 57 1 75
7 4 16 50 14 86 1 1 15 94 18 15 0 38 19 59 13 96 11 49 2 97 17 27 8 15 3 94 5 67 12 51 6 44 4 32 9 72 10 95
15 80 8 23 11 50 2 75 10 2 3 45 0 8 16 67 7 70 6 29 14 51 5 37 4 47 13 67 17 60 1 8 12 89 19 74 9 18 18 9
17 68 11 64 16 65 4 26 5 57 19 84 10 88 2 7 14 26 7 34 15 37 6 82 18 50 9 59 12 41 8 96 13 86 3 40 0 94 1 60
4 14 12 26 19 90 17 76 7 35 8 80 13 28 1 9 2 1 18 96 10 58 9 46 15 60 16 54 14 47 11 94 0 5 5 16 3 33 6 50
16 96 15 62 13 56 0 21 8 86 12 37 17 65 2 66 19 38 7 80 14 47 9 63 11 7 10 47 4 21 6 87 1 35 3 48 5 42 18 20
7 2 15 5 8 84 19 95 5 8 10 60 13 19 17 69 12 86 1 19 6 46 14 20 3 2 9 77 18 55 4 95 11 57 2 44 16 74 0 38
8 58 18 20 0 30 11 48 4 20 10 39 3 82 19 15 13 27 16 13 7 77 17 91 15 92 2 51 12 84 1 32 5 93 14 12 6 18 9 32
2 4 7 62 4 63 16 16 17 33 0 57 9 85 6 97 10 37 5 50 11 41 12 42 18 80 1 72 13 41 19 30 14 88 8 48 15 51 3 68
0 15 13 38 4 71 6 71 8 50 7 98 15 20 2 82 14 22 10 20 11 15 1 5 12 31 19 52 18 15 16 16 3 72 17 53 9 13 5 43
1 12 15 33 3 68 6 79 19 15 17 13 16 23 0 77 14 4 9 11 7 50 8 33 18 76 5 92 4 35 10 15 13 93 2 43 12 46 11 89
17 6 10 96 9 3 15 2 3 6 7 40 19 55 18 10 8 22 0 22 14 51 16 32 4 48 5 55 6 52 12 4 2 12 1 19 11 1 13 92
6 48 8 40 11 8 15 74 19 30 13 10 4 77 3 32 1 47 14 28 7 45 9 79 10 22 12 54 5 19 16 27 18 95 2 98 0 35 17 19
11 15 14 85 12 62 4 36 9 82 19 6 0 67 2 46 1 57 17 57 7 39 3 2 8 26 10 3 15 67 5 99 16 73 18 82 6 8 13 40
19 58 10 9 15 50 18 94 3 26 2 47 9 89 14 87 17 1 7 41 5 79 16 22 12 59 11 89 4 88 0 15 1 67 13 10 8 16 6 73
5 99 13 14 0 53 14 76 15 17 9 19 19 47 8 78 18 31 7 74 4 16 6 45 2 3 11 79 16 11 12 43 17 75 1 17 10 97 3 91
9 91 17 96 14 92 1 54 11 86 6 24 18 23 7 71 12 61 8 84 15 92 4 72 16 87 3 17 13 29 0 50 19 4 5 48 2 86 10 69
5 74 10 68 14 24 15 46 8 39 4 4 12 54 9 11 3 88 11 18 18 18 0 90 16 45 2 22 17 16 7 3 19 31 1 55 13 98 6 47
2 12 1 36 13 59 6 60 5 33 3 32 16 81 14 45 7 2 15 3 4 47 9 28 8 60 19 7 11 48 18 55 10 77 12 4 17 13 0 3
8 82 12 6 15 64 14 19 18 14 7 50 11 67 10 95 1 18 4 95 13 46 19 1 16 7 17 90 9 22 2 72 5 57 0 26 6 80 3 22
8 48 15 78 2 70 0 2 10 23 11 98 9 99 6 21 3 86 12 10 13 45 7 78 5 59 18 4 1 30 19 80 4 15 16 28 14 83 17 93
15 22 4 32 13 13 17 15 5 48 9 88 1 94 3 32 2 39 12 99 0 82 10 62 14 85 18 48 6 75 8 43 16 46 11 80 7 75 19 55
13 9 5 70 2 61 18 13 15 32 9 49 8 20 11 25 12 31 19 14 7 97 1 65 6 91 0 84 4 94 16 39 14 32 3 10 17 5 10 95
17 37 19 61 4 33 15 8 16 16 14 16 9 57 7 46 11 31 13 86 8 5 5 57 12 90 3 39 6 69 18 53 10 45 2 82 0 59 1 42
4 61 15 30 19 97 9 83 10 9 11 21 14 21 12 87 13 20 0 62 6 30 2 3 5 99 3 95 17 46 7 95 8 10 1 81 16 56 18 88
5 17 7 80 19 27 18 86 15 36 6 59 9 54 12 33 0 93 4 1 10 99 13 67 16 23 1 64 2 19 8 81 3 56 17 64 14 73 11 61
19 43 4 10 16 92 2 11 5 70 8 87 18 64 11 11 9 97 10 92 0 16 17 59 13 52 1 43 7 41 15 42 12 4 14 31 6 19 3 72
3 82 4 85 0 71 18 86 1 18 8 52 5 9 16 85 14 44 11 4 17 66 10 10 15 52 12 48 2 37 19 20 7 61 9 86 13 3 6 40
12 71 8 93 18 35 13 28 10 77 19 80 1 11 11 96 6 62 5 87 9 50 2 18 15 82 17 38 7 90 16 98 4 95 0 67 14 6 3 35
7 59 12 98 2 95 18 8 6 88 19 22 1 35 3 12 16 1 14 96 0 59 15 76 11 58 5 3 17 97 13 52 9 90 8 22 4 63 10 1
8 70 1 68 4 86 11 82 6 23 19 56 2 35 18 11 10 54 14 99 9 53 17 86 16 10 0 95 5 70 3 26 13 50 12 26 15 36 7 39
5 9 0 33 4 90 6 67 7 90 8 35 17 54 16 10 18 5 14 77 15 95 3 29 19 4 13 25 1 18 10 45 12 13 9 25 11 37 2 42
2 40 3 94 17 79 18 83 6 66 14 53 8 9 11 8 13 74 19 29 16 31 10 44 1 59 12 82 4 3 9 33 15 45 7 38 5 37 0 79
0 89 2 45 10 27 8 55 6 14 12 4 1 81 17 90 4 78 16 39 15 16 5 36 18 61 14 42 7 32 3 44 11 31 19 13 13 90 9 53
10 9 3 44 11 51 15 23 6 23 12 73 5 31 4 27 17 87 19 67 7 87 16 3 1 46 0 48 13 7 18 6 14 48 9 58 2 99 8 36
4 79 18 41 3 86 8 96 2 69 5 30 17 82 7 36 0 44 19 34 15 30 1 48 10 18 13 99 11 3 14 17 16 17 6 40 12 84 9 23
19 90 6 96 11 60 10 97 15 99 1 87 13 49 5 97 4 5 18 29 9 21 3 77 16 79 17 59 14 42 7 85 2 19 12 49 8 16 0 56
17 48 12 67 15 86 13 97 9 25 6 81 19 67 8 86 5 81 16 50 2 69 0 27 11 43 1 45 10 69 4 76 7 4 18 2 14 20 3 26
12 72 17 41 0 45 9 4 2 28 8 25 16 71 14 61 18 30 19 78 4 81 3 47 7 43 10 12 15 18 5 39 13 30 11 30 1 57 6 53
1 57 8 25 2 3 18 48 9 97 4 76 10 36 5 63 6 23 11 12 14 87 0 57 12 79 7 8 13 18 17 95 16 12 15 21 3 73 19 77
19 72 14 27 18 59 15 34 12 58 3 4 1 41 13 87 0 98 9 42 11 10 8 37 10 49 16 36 2 94 17 97 7 72 4 87 5 45 6 21
11 65 17 79 19 39 1 60 14 12 18 51 3 48 12 68 5 31 16 77 15 12 2 29 6 36 9 45 4 34 13 64 0 55 7 53 8 5 10 19
8 92 4 94 2 9 6 10 16 78 19 91 1 51 11 4 3 1 15 97 10 89 17 36 12 78 9 32 13 99 5 20 18 69 14 41 7 89 0 56
2 51 18 1 9 64 10 92 0 81 7 89 12 64 14 9 6 62 17 82 15 47 4 4 8 75 19 85 3 99 16 24 13 71 11 59 1 17 5 94
11 58 13 15 1 65 17 51 16 45 8 27 6 2 2 18 18 27 15 1 0 75 4 89 19 61 7 14 10 15 12 58 3 8 5 54 14 22 9 95
11 81 7 18 6 15 13 83 18 78 0 75 4 4 8 76 19 94 3 72 1 44 5 52 15 93 9 35 10 93 2 59 17 22 12 52 14 5 16 56
15 57 11 45 6 35 10 50 18 31 16 98 8 54 17 51 13 91 2 8 0 34 5 23 7 18 4 67 14 5 9 31 3 21 19 82 1 13 12 57
3 31 6 54 4 53 5 34 7 88 1 62 15 87 9 11 8 27 10 94 11 63 0 63 19 2 2 68 13 33 14 14 17 62 18 41 16 67 12 57
0 89 14 75 1 92 12 27 7 50 6 13 17 30 4 67 10 23 19 58 16 27 8 16 9 87 3 99 18 53 2 37 5 64 13 39 11 47 15 65
18 13 5 54 0 4 9 22 12 27 10 63 8 29 19 56 1 19 17 96 6 65 7 90 13 59 2 9 11 68 14 78 3 13 15 94 4 65 16 64
8 17 10 25 4 25 3 90 17 68 6 87 19 41 9 69 1 80 0 20 12 5 15 42 11 94 14 43 2 89 5 11 18 24 16 46 7 80 13 56
0 28 11 60 2 23 16 93 19 62 4 60 12 38 3 34 10 69 14 57 6 71 15 8 7 13 5 20 9 53 18 89 1 96 8 69 13 15 17 85
16 53 6 92 19 8 4 68 11 6 8 24 10 44 14 22 2 40 18 21 7 46 1 45 12 40 5 97 9 50 0 21 17 18 3 4 13 28 15 46
17 74 5 29 2 26 8 21 3 39 16 37 14 44 0 95 18 93 12 94 7 79 19 16 9 50 10 97 6 40 15 38 4 68 1 32 13 47 11 52
2 29 1 16 9 57 17 33 15 71 13 94 3 74 11 99 8 47 5 40 6 61 16 44 10 79 4 92 0 8 14 59 12 55 7 20 18 98 19 8
10 61 1 71 8 74 11 17 9 43 4 44 6 61 15 69 12 81 18 37 5 88 16 92 13 37 3 60 19 90 7 99 2 72 0 38 14 64 17 52
19 37 9 74 1 87 14 2 13 1 11 13 0 32 8 74 5 56 12 56 16 65 4 5 17 77 3 29 10 23 18 36 6 53 7 3 2 40 15 42
10 44 17 80 15 45 4 95 9 73 8 93 18 73 3 67 2 40 7 2 1 58 19 96 14 84 0 87 5 14 16 67 6 24 11 69 12 94 13 94
6 38 3 10 19 85 11 33 15 39 8 7 14 24 13 90 18 16 7 21 10 26 5 86 9 1 12 78 17 49 4 81 16 54 1 57 0 11 2 74
15 73 4 69 3 14 5 97 12 64 8 43 17 97 6 28 14 73 9 58 11 93 18 52 0 70 16 52 2 46 19 21 10 87 13 79 1 31 7 68
14 58 1 89 4 82 17 19 7 7 3 13 5 41 12 34 8 20 19 36 0 79 10 81 9 97 2 96 13 71 6 62 16 64 11 37 18 72 15 71
17 34 7 35 12 18 3 96 16 82 13 33 8 7 6 63 18 60 2 29 15 4 5 47 11 99 19 56 14 85 10 31 4 28 9 83 1 3 0 82
15 35 7 91 6 78 18 2 13 17 2 12 9 29 10 76 17 30 16 73 19 70 11 53 5 91 3 71 12 64 1 18 4 30 8 89 0 34 14 78
