100 20
13 79 17 94 3 37 2 64 4 67 12 61 5 50 0 13 9 64 6 77 10 40 19 66 14 9 7 20 18 40 15 82 16 85 1 10 8 56 11 1
10 27 0 87 11 25 1 66 16 66 6 48 7 51 17 23 18 20 5 35 19 44 4 50 8 2 2 78 13 92 9 20 3 43 14 39 12 25 15 91
13 75 4 32 5 34 14 93 0 1 17 11 11 57 10 66 8 83 19 62 18 8 12 19 1 25 3 20 9 92 6 46 2 69 7 53 16 42 15 97
8 91 3 64 7 75 10 84 16 68 2 86 19 91 14 38 15 41 13 56 5 96 11 34 1 33 0 26 17 48 4 6 6 75 18 30 12 3 9 46
15 74 10 54 8 54 1 20 9 24 16 77 0 56 6 79 19 55 7 11 5 87 11 24 17 56 3 56 2 58 14 68 4 47 18 18 13 69 12 41
17 22 8 45 15 77 4 92 19 17 6 34 9 49 2 72 10 45 1 49 13 23 0 94 5 91 14 79 12 28 18 97 16 69 7 8 3 36 11 12
6 84 7 85 11 87 13 91 14 17 12 95 19 13 8 2 3 13 9 6 17 58 16 21 4 41 10 21 0 57 15 94 2 76 1 17 5 23 18 15
8 78 19 2 11 92 2 44 14 97 12 11 0 56 7 52 1 81 5 41 10 92 13 98 3 89 9 99 17 68 4 92 6 86 15 23 18 79 16 63
18 61 0 9 8 76 10 26 4 28 11 63 14 62 12 26 6 24 16 29 3 87 1 7 13 28 5 50 2 36 17 32 9 38 15 97 7 35 19 55
3 8 9 58 10 92 17 25 8 25 18 23 12 34 16 32 13 44 14 59 11 3 15 27 1 49 2 68 19 50 6 78 4 61 5 81 0 1 7 2
15 14 14 10 19 1 18 18 7 18 2 5 4 95 10 60 12 4 8 28 1 95 6 34 11 64 13 67 0 14 16 15 17 63 9 78 3 44 5 75
4 14 5 9 7 88 11 9 18 56 6 15 1 29 17 9 10 76 0 68 3 9 12 84 2 86 8 99 19 29 15 19 14 67 16 98 9 61 13 77
18 77 3 97 13 30 17 4 15 26 2 83 12 60 10 8 19 72 4 30 16 42 6 85 8 79 9 4 0 44 1 36 14 81 7 90 5 20 11 62
14 35 19 43 7 2 18 79 11 67 3 42 16 92 8 31 15 89 0 40 17 8 4 41 1 38 10 50 5 33 12 94 6 20 9 12 13 30 2 8
14 40 0 48 2 54 4 31 13 86 17 29 8 98 7 67 11 31 18 17 6 77 10 31 15 44 1 94 5 30 3 40 19 34 16 95 12 83 9 57
12 58 1 94 6 67 8 54 19 13 14 66 11 20 16 56 7 8 9 68 10 15 13 44 17 17 0 36 2 27 15 33 4 84 3 16 5 11 18 29
5 88 0 79 12 61 7 2 4 56 8 88 1 45 14 70 18 2 13 19 3 78 16 90 6 33 19 33 10 68 15 13 2 47 9 93 11 75 17 52
18 13 10 12 19 29 4 19 9 45 8 37 1 47 5 47 13 47 11 11 7 46 2 90 0 61 15 15 3 98 16 84 12 23 17 14 6 13 14 55
4 79 9 9 10 91 14 23 0 50 11 92 1 64 2 91 5 37 12 25 18 5 6 54 16 27 17 58 15 21 19 6 3 34 8 71 7 56 13 52
6 14 12 66 0 6 10 89 5 28 1 52 19 69 4 96 14 66 9 10 11 28 17 43 8 41 16 74 15 27 18 28 3 66 7 62 13 15 2 90
16 18 14 6 5 17 7 82 15 21 9 50 0 27 1 99 4 66 2 15 17 75 13 64 19 22 18 88 10 16 6 86 12 60 8 74 11 17 3 4
18 72 11 13 0 27 5 4 3 25 14 57 15 8 7 37 4 17 19 47 2 89 8 66 16 8 1 8 17 17 12 90 13 78 9 11 6 67 10 50
19 19 2 71 1 48 9 2 6 84 0 63 12 42 10 98 17 30 13 8 15 11 3 90 8 42 18 32 14 6 7 26 4 77 11 22 5 23 16 47
11 13 1 98 13 34 7 51 6 67 5 15 10 6 19 74 3 70 15 96 12 8 17 24 8 47 0 20 18 54 4 65 16 7 9 18 2 87 14 72
11 90 4 88 8 71 1 72 12 60 7 6 19 84 16 9 6 71 13 7 18 44 5 12 17 54 3 23 2 9 9 45 14 45 15 99 10 11 0 31
15 49 8 58 5 64 17 57 12 21 19 63 3 62 1 8 2 21 14 29 0 64 16 68 11 76 6 98 9 57 13 91 4 14 10 19 7 26 18 17
8 24 10 49 19 66 16 79 11 81 18 83 0 14 5 50 4 22 1 49 3 51 17 43 9 58 13 86 2 57 14 11 6 71 15 41 7 63 12 34
18 59 8 81 1 76 16 18 10 39 11 55 9 30 0 92 14 28 17 8 12 66 7 96 4 49 15 73 5 40 3 44 19 16 6 85 13 95 2 88
0 34 8 40 14 80 13 13 1 15 9 70 12 24 3 50 11 37 19 80 16 19 7 43 15 50 6 95 4 24 2 67 10 4 18 62 5 1 17 48
14 47 10 87 16 14 19 68 18 56 3 71 7 47 11 97 4 59 13 96 8 49 15 25 6 25 12 12 5 12 1 43 17 84 9 38 0 28 2 9
5 96 19 69 18 56 17 29 13 47 16 21 1 56 12 61 0 12 6 39 14 16 2 56 8 67 15 48 9 2 4 62 3 94 10 21 7 96 11 40
1 21 14 1 18 69 19 4 13 17 10 63 4 87 11 79 6 28 8 65 5 76 2 96 0 77 15 95 9 62 7 25 16 88 3 81 12 96 17 84
5 90 4 57 19 94 3 68 1 55 12 88 6 21 18 62 2 99 7 91 17 37 0 52 10 11 16 62 13 9 11 18 9 20 8 6 15 77 14 93
10 59 9 45 8 61 7 97 6 97 12 98 18 5 2 81 14 6 11 46 0 48 19 52 15 12 1 91 17 95 16 21 5 32 3 56 13 97 4 57
5 62 15 25 14 23 8 30 6 21 3 35 11 18 16 74 17 6 0 70 19 66 12 63 7 18 4 23 9 37 2 91 18 97 13 38 1 56 10 3
17 32 2 17 12 71 19 5 1 73 0 37 9 7 4 50 8 50 7 33 11 82 10 7 16 66 6 65 13 60 14 47 3 5 15 22 5 29 18 22
9 49 8 25 0 60 16 48 2 67 11 83 12 59 6 96 7 1 3 75 4 22 14 64 19 8 1 34 13 50 10 84 18 30 15 24 5 30 17 93
15 83 4 64 19 51 16 6 0 83 2 20 14 97 12 8 8 29 9 87 6 30 3 2 1 30 13 21 5 34 11 71 7 37 10 7 18 74 17 78
16 16 11 76 9 68 6 1 13 58 8 52 2 1 5 34 17 31 4 16 19 70 3 95 18 11 7 77 1 40 15 76 12 16 0 13 10 75 14 6
9 1 15 52 4 37 17 7 1 17 7 3 14 37 13 45 5 13 18 15 2 99 8 3 6 44 0 22 12 99 11 53 19 14 10 31 16 35 3 56
8 85 9 12 17 60 14 32 2 13 15 85 7 17 1 39 10 24 3 9 4 38 12 93 18 62 11 53 16 53 19 61 6 96 0 91 5 66 13 51
10 38 3 84 15 77 5 58 7 76 14 84 4 65 18 63 12 3 17 87 11 7 6 60 8 67 19 86 9 5 2 50 0 80 1 46 16 24 13 29
1 5 4 36 11 31 5 19 15 47 7 50 8 72 0 56 3 28 13 25 6 21 19 39 17 85 2 25 16 64 14 27 18 24 9 82 10 25 12 23
8 48 2 31 5 85 16 75 18 1 7 85 17 94 19 94 11 9 0 68 10 33 4 87 6 11 15 67 12 58 9 13 13 49 14 78 3 3 1 66
2 67 7 63 0 67 19 32 4 69 15 68 11 7 8 75 6 1 18 93 5 62 13 94 3 4 10 17 1 81 9 18 17 62 12 50 16 92 14 27
12 99 19 10 2 31 18 50 10 31 15 90 4 51 9 79 5 11 3 57 0 60 1 32 13 56 16 90 8 21 11 5 6 55 14 75 17 8 7 49
12 26 7 67 17 12 0 2 5 63 14 79 1 49 6 69 19 48 2 14 11 70 3 93 9 42 18 68 16 86 4 14 15 26 8 52 13 59 10 97
0 81 16 55 15 70 13 97 19 61 1 60 7 42 18 7 12 15 6 49 10 31 5 48 3 68 11 30 4 21 17 37 2 30 9 1 14 63 8 64
10 14 17 37 18 85 3 20 1 24 19 47 8 10 2 70 5 90 11 56 9 27 7 86 16 84 14 72 12 33 13 70 15 90 6 27 4 28 0 30
6 70 19 42 4 65 5 55 7 15 11 19 8 14 3 44 1 54 14 52 2 86 18 88 15 59 9 13 12 16 16 52 0 88 13 40 10 95 17 21
10 67 3 75 11 39 19 6 9 75 12 85 5 71 4 15 8 88 13 41 7 89 17 47 15 94 14 16 1 31 16 33 0 48 18 11 2 9 6 5
15 32 4 56 12 72 2 65 17 27 5 97 11 17 7 34 14 58 1 41 19 83 6 93 10 85 9 33 13 77 8 56 3 28 0 33 18 19 16 97
0 51 11 67 7 23 12 38 10 72 18 64 15 34 14 63 19 71 8 82 2 98 16 96 9 40 13 16 4 71 3 93 17 86 5 59 6 20 1 46
7 54 6 19 4 49 2 70 18 81 0 97 15 64 11 95 8 21 10 2 14 44 9 74 1 87 19 14 3 9 17 77 16 18 12 69 13 44 5 37
1 89 13 90 8 85 5 21 3 75 4 16 6 32 9 62 14 97 0 98 2 54 11 65 7 83 16 48 15 85 10 30 12 79 18 31 19 8 17 85
9 10 5 58 4 5 1 25 15 94 11 97 17 82 18 67 8 62 10 59 6 13 14 59 16 86 0 78 19 46 2 13 7 24 12 90 3 46 13 56
13 38 5 27 6 88 3 74 1 82 19 20 4 27 18 53 0 16 11 98 14 57 12 51 2 80 10 75 16 95 15 16 7 74 17 46 9 52 8 73
7 94 12 14 0 48 14 84 2 1 10 49 5 69 16 41 9 68 6 23 15 2 17 55 1 82 18 56 3 64 8 33 4 40 11 53 19 23 13 38
1 78 2 64 17 84 19 47 14 53 3 80 0 29 10 69 11 67 15 23 5 92 13 1 16 11 9 50 7 40 8 91 6 77 12 79 18 62 4 6
2 22 3 64 18 49 1 71 14 9 13 81 11 49 8 64 10 86 4 61 9 44 16 30 19 64 6 69 7 9 5 92 15 84 12 43 0 33 17 28
17 3 6 5 19 68 2 80 10 13 7 70 8 42 13 30 15 7 14 47 16 83 12 32 3 2 11 26 18 18 1 99 0 47 5 13 9 83 4 17
3 6 13 90 0 99 18 46 16 11 14 45 1 74 6 5 4 33 15 72 2 4 7 97 12 82 19 48 9 55 8 71 10 50 11 61 17 88 5 11
10 5 2 19 5 32 13 61 16 15 14 19 0 20 15 92 8 58 1 83 12 53 7 20 9 97 17 29 3 24 11 41 19 58 18 73 4 44 6 47
4 90 1 64 14 37 13 45 9 77 11 7 7 79 16 28 8 60 19 2 0 22 12 72 3 73 10 15 18 70 5 48 15 26 2 45 17 58 6 43
7 81 5 90 11 18 1 71 10 68 13 78 17 44 6 24 3 15 14 89 15 50 4 37 0 29 12 80 8 27 16 5 18 77 19 43 2 63 9 1
3 43 11 60 9 24 17 91 19 93 5 4 15 75 13 70 6 85 10 2 8 12 14 80 7 34 4 2 1 32 0 48 2 54 16 2 18 66 12 57
18 70 12 86 7 89 8 54 16 47 3 96 4 97 2 42 6 17 11 10 10 3 15 63 1 12 9 62 13 2 19 58 14 44 17 96 0 73 5 94
13 5 14 7 16 14 11 8 1 13 8 20 19 27 6 97 2 73 10 39 0 50 12 37 17 2 18 61 4 97 15 13 9 5 5 8 7 30 3 43
5 3 17 4 11 55 3 32 10 95 8 43 7 94 18 84 2 95 14 72 12 88 1 37 0 40 6 85 15 74 19 78 9 73 13 96 16 50 4 13
3 87 8 78 13 67 4 51 12 86 16 76 6 7 2 83 10 51 5 19 11 42 17 7 19 63 15 50 9 62 18 69 1 28 0 85 14 7 7 37
16 44 12 99 7 37 3 49 10 89 5 56 17 92 8 98 0 98 19 43 15 37 18 78 13 96 11 75 1 55 14 79 2 72 4 73 6 98 9 83
9 30 16 16 0 66 17 58 10 2 1 90 3 14 11 80 13 71 6 34 7 45 5 67 12 86 4 3 19 81 18 46 14 48 8 74 2 92 15 63
17 81 16 18 1 56 19 99 2 42 14 99 11 65 12 49 4 52 7 38 0 66 18 85 5 72 3 93 10 25 6 6 9 7 8 27 13 68 15 65
15 29 7 96 12 32 14 47 17 66 1 85 13 41 3 45 19 83 0 94 4 50 10 44 18 70 8 62 9 23 6 11 2 84 11 96 16 20 5 48
16 65 3 85 1 11 2 11 5 49 19 66 11 63 0 5 13 76 9 47 7 95 14 78 17 74 8 4 4 10 15 8 12 64 6 97 10 24 18 44
11 67 0 16 13 14 9 74 14 2 16 97 18 17 6 31 8 57 5 86 19 48 15 65 10 44 17 90 3 17 4 8 2 21 1 28 12 16 7 31
14 14 11 52 2 11 1 52 3 17 0 88 15 91 4 42 6 85 9 74 5 37 19 81 12 4 10 34 16 53 13 38 18 51 8 18 17 83 7 32
13 38 17 99 12 7 14 65 2 90 1 17 0 60 6 84 7 21 19 88 9 26 11 64 4 6 15 53 10 38 3 88 18 86 5 84 8 42 16 76
4 84 5 94 2 85 9 4 16 72 10 20 11 1 0 43 12 2 3 45 13 17 15 59 17 81 19 77 6 69 7 73 14 68 1 93 8 46 18 34
12 34 0 85 9 91 16 66 7 93 5 80 11 98 14 36 15 62 8 65 18 99 17 77 1 60 3 31 19 59 6 83 2 31 10 78 13 90 4 58
10 62 6 24 18 80 5 80 4 93 17 60 15 99 3 5 1 76 7 32 14 97 2 41 0 52 13 57 9 94 11 6 19 91 12 37 8 35 16 36
0 86 6 16 2 40 16 3 1 59 18 61 17 76 5 53 12 73 13 99 19 1 14 7 11 3 4 63 3 85 9 94 10 36 8 50 15 5 7 78
1 48 12 10 13 6 11 52 15 98 5 98 17 38 18 82 7 51 19 26 10 60 16 29 2 70 9 62 3 85 4 28 6 16 8 29 0 82 14 12
11 11 19 14 1 59 15 90 7 51 2 82 14 73 16 94 9 18 17 39 12 73 18 75 6 77 4 58 10 48 0 93 3 59 8 32 13 59 5 86
4 74 14 49 13 15 17 48 15 34 10 90 1 32 3 32 6 13 8 17 18 26 19 29 5 76 7 41 16 87 11 85 0 59 12 83 2 52 9 44
11 15 2 19 5 13 9 5 17 13 10 75 18 34 1 83 15 34 3 6 0 14 13 91 12 11 4 5 14 23 16 15 8 27 7 66 19 22 6 99
11 49 1 37 4 7 3 92 12 51 7 80 6 36 19 56 5 6 8 37 0 66 16 54 18 98 14 11 13 84 2 92 9 50 15 17 17 24 10 53
2 74 10 7 18 57 16 68 6 63 19 50 9 92 5 71 0 86 3 51 11 7 4 44 13 14 17 11 7 20 1 93 14 11 15 55 8 57 12 80
6 34 5 9 0 83 4 4 12 27 16 23 9 2 2 79 18 34 1 6 14 34 10 26 15 54 8 99 3 55 17 89 7 93 11 95 13 39 19 75
5 43 4 7 0 13 2 37 10 60 17 70 14 83 8 88 16 3 13 80 1 15 9 8 18 55 15 98 3 57 12 23 11 81 19 14 6 57 7 15
14 90 9 22 5 10 10 46 16 20 6 81 19 68 4 63 11 98 3 53 12 88 18 26 1 37 13 77 8 84 2 77 17 18 7 33 0 7 15 8
4 96 19 59 5 26 11 94 6 21 16 64 1 1 7 93 12 27 9 36 10 64 2 13 3 49 0 55 17 45 8 27 13 55 15 99 14 20 18 32
19 79 15 91 13 19 4 91 0 96 17 53 1 86 3 38 10 96 9 33 5 78 16 60 6 40 14 59 12 18 7 62 8 70 11 59 18 19 2 72
12 43 4 84 9 4 19 99 8 56 7 58 10 5 13 94 2 86 17 16 18 1 0 34 11 53 1 41 15 97 16 89 5 47 3 88 14 88 6 44
10 33 3 65 9 97 16 97 5 46 0 98 2 2 1 93 7 3 14 84 4 42 11 98 19 66 15 78 17 52 12 78 6 98 13 17 18 95 8 18
8 68 0 35 11 77 17 34 10 80 15 18 6 57 18 41 9 75 4 75 2 93 12 79 1 83 7 81 5 54 13 60 19 22 14 90 3 44 16 31
14 92 10 38 1 35 15 58 17 66 0 4 7 96 16 28 4 19 19 48 11 87 2 37 6 57 5 62 9 98 3 33 8 28 18 55 13 91 12 35
2 12 17 7 14 39 9 57 11 5 10 20 6 4 15 72 16 10 12 82 5 82 18 65 4 34 19 2 0 42 8 95 1 40 7 64 13 77 3 59
4 85 13 57 8 14 12 37 14 55 6 6 19 89 10 11 16 64 11 38 0 5 15 91 1 53 18 14 17 76 7 93 9 66 5 22 3 7 2 24
9 3 1 71 18 94 0 88 4 51 7 1 13 91 3 35 14 35 17 84 10 11 19 37 2 38 8 42 12 22 15 78 16 39 11 60 6 83 5 17
