100 20
4 90 15 69 18 23 7 72 12 34 13 30 11 97 5 99 10 61 1 92 8 26 6 21 16 72 9 72 14 48 17 17 19 31 2 28 0 23 3 22
3 21 11 59 4 61 15 27 13 10 18 7 16 60 6 72 17 66 9 15 2 97 10 34 0 72 19 43 5 4 14 7 12 66 1 56 7 43 8 25
3 66 1 49 17 87 18 52 4 51 12 50 11 25 5 6 13 4 15 1 8 26 16 92 10 11 7 85 19 74 6 78 2 33 0 18 14 62 9 22
7 41 4 8 10 82 17 20 12 49 6 67 8 88 16 73 5 25 19 34 13 53 0 61 14 45 2 60 9 87 3 27 1 94 15 32 11 80 18 38
0 67 2 75 17 91 13 91 3 77 14 66 5 68 19 1 15 55 8 45 12 21 4 40 1 45 16 99 7 41 10 60 18 95 9 15 6 17 11 80
10 69 13 79 9 97 12 52 15 7 7 12 0 75 3 17 5 19 6 3 11 29 2 25 19 54 4 2 18 97 8 90 14 97 17 4 16 91 1 88
11 43 13 40 7 21 15 56 14 8 4 66 0 67 17 11 9 6 10 49 12 13 3 50 6 32 5 44 2 74 1 16 8 58 19 29 16 67 18 93
4 53 12 12 3 83 6 5 15 8 0 98 16 88 5 62 14 34 10 27 9 41 19 87 18 13 7 91 1 63 8 5 17 59 11 8 13 72 2 97
1 65 16 74 2 17 11 21 0 23 18 83 5 32 14 87 19 42 15 41 6 28 10 6 9 30 7 83 12 1 4 78 8 97 17 49 13 69 3 35
19 45 17 95 16 78 8 6 4 41 1 14 2 30 11 24 3 92 13 66 9 8 10 58 5 56 14 96 0 57 18 31 6 95 12 45 7 87 15 78
13 35 19 59 1 62 4 48 5 57 15 28 9 50 0 7 10 45 12 82 3 19 6 11 18 55 7 70 17 85 8 78 11 69 14 96 2 52 16 78
14 38 8 53 7 18 2 25 10 5 6 30 12 82 16 79 5 54 15 98 19 38 0 38 17 73 9 31 18 26 4 32 11 34 13 82 3 34 1 8
5 21 15 71 6 33 4 47 13 85 1 93 8 57 7 87 9 97 10 90 3 29 17 74 14 32 11 62 16 30 12 99 2 53 0 70 19 33 18 78
12 30 0 55 11 85 3 29 14 27 18 20 16 29 15 4 6 59 17 6 4 83 10 79 7 49 2 52 9 4 5 63 1 1 19 42 13 40 8 93
12 40 19 61 13 91 6 92 1 88 7 2 15 14 17 25 11 27 5 74 3 76 18 28 8 12 16 13 10 75 2 29 14 33 0 47 4 32 9 42
17 3 6 60 14 62 19 95 18 3 13 54 5 72 16 86 8 2 0 35 4 60 12 91 15 9 10 61 2 77 7 26 3 88 11 85 1 25 9 50
1 74 16 19 9 97 18 13 8 42 7 63 12 71 4 8 5 30 11 53 10 84 2 86 6 29 13 92 3 65 17 5 14 93 0 78 15 65 19 14
8 61 13 10 19 65 3 97 0 62 9 7 11 64 18 81 15 81 1 84 16 68 5 32 2 66 12 95 4 27 6 13 10 96 7 26 17 98 14 35
18 91 13 68 5 36 10 22 0 96 6 75 12 37 17 7 15 25 19 68 14 19 1 25 16 90 3 26 7 70 8 32 11 10 4 31 9 41 2 75
14 56 3 93 19 47 13 57 10 91 11 62 15 86 5 21 7 2 0 53 17 91 16 74 4 95 18 92 1 99 12 17 8 93 9 89 2 62 6 42
8 60 9 11 5 49 15 67 17 93 6 66 7 57 12 94 10 90 4 62 0 22 2 89 3 24 11 95 19 38 18 13 16 25 13 82 1 94 14 50
15 43 11 72 3 53 4 46 13 72 10 93 6 96 16 30 19 15 2 63 1 66 12 19 8 13 18 68 9 13 14 34 17 81 7 86 5 1 0 72
19 22 1 11 2 81 14 41 15 51 5 29 11 25 17 37 10 4 4 27 13 35 6 77 8 3 3 53 16 56 18 9 7 35 12 52 9 46 0 21
9 6 4 49 3 72 0 47 13 5 14 94 6 98 1 57 8 95 7 66 15 63 16 58 19 29 18 81 17 22 10 94 5 8 11 26 12 88 2 52
4 57 0 88 1 18 16 93 15 26 19 30 11 53 9 70 5 7 18 19 17 69 13 53 7 65 3 78 10 83 2 47 8 12 12 46 6 2 14 61
5 55 8 45 15 57 3 29 0 8 4 97 1 21 14 91 6 52 7 96 16 95 11 50 13 59 10 15 12 47 18 66 9 52 17 70 19 8 2 88
7 69 6 35 8 74 0 12 4 37 9 13 13 15 3 2 12 85 2 61 17 95 10 89 19 68 5 42 15 5 16 75 1 91 11 26 14 20 18 2
16 20 10 69 0 32 1 15 6 63 8 11 7 57 14 43 9 61 17 64 13 93 18 42 3 24 15 8 19 49 2 55 4 68 12 34 11 5 5 74
5 80 0 67 10 40 16 61 17 64 7 21 15 42 14 53 9 54 12 24 13 29 4 32 6 34 2 60 8 48 1 18 18 22 19 12 11 74 3 49
8 33 9 57 14 9 10 3 16 45 3 77 12 3 7 49 4 29 15 43 19 1 2 32 11 71 1 22 18 81 13 20 0 90 17 76 5 94 6 3
14 83 2 8 18 58 15 89 13 96 5 10 0 17 7 15 8 10 16 1 6 74 10 93 17 17 3 43 12 77 19 58 11 92 1 83 9 3 4 88
15 92 2 23 11 49 9 97 6 49 16 94 19 59 12 39 14 6 10 97 3 54 7 96 0 3 17 57 5 53 8 67 13 83 1 90 18 62 4 22
3 48 2 59 8 32 11 81 19 20 12 73 5 57 0 50 6 23 18 68 13 94 9 81 15 11 14 40 10 78 1 90 7 93 4 86 16 20 17 45
3 88 7 50 9 96 18 71 8 24 11 17 16 8 14 93 6 76 0 41 2 98 5 36 13 6 12 52 17 53 19 58 15 74 10 94 4 1 1 98
3 22 5 46 2 64 1 28 6 67 0 44 14 90 4 46 13 52 17 45 16 90 8 61 12 36 9 6 18 8 7 7 15 85 19 87 10 27 11 21
5 12 10 8 2 8 3 72 0 92 15 96 8 20 9 22 14 5 12 61 17 28 7 16 13 73 4 20 16 39 18 57 6 6 1 51 19 52 11 13
4 89 9 18 13 68 12 9 10 81 3 75 16 59 6 21 15 50 17 66 19 22 18 22 11 87 2 83 7 74 14 45 5 3 8 29 1 52 0 34
7 26 8 22 9 4 16 69 19 50 18 23 12 18 14 79 2 4 6 2 10 20 1 94 4 50 13 56 15 44 3 74 17 40 11 62 0 81 5 68
12 58 1 74 4 41 16 99 13 28 3 78 9 89 19 6 2 55 18 42 0 30 17 65 14 6 15 11 5 30 6 82 8 51 7 42 10 97 11 29
4 47 3 8 5 17 19 15 14 48 1 34 10 24 15 97 13 60 7 31 17 77 18 8 9 25 6 84 0 2 2 62 12 5 8 5 16 31 11 37
9 72 17 56 10 14 18 47 8 53 13 40 2 60 15 84 19 91 11 56 4 64 3 95 12 96 1 27 5 35 16 36 14 76 7 92 6 87 0 19
9 55 17 63 15 37 18 67 13 37 12 52 14 11 4 61 16 51 10 28 5 96 7 67 2 55 19 27 11 11 8 93 6 48 1 18 3 33 0 4
8 43 18 37 3 92 16 7 2 24 4 21 12 86 5 93 14 63 9 9 1 11 7 66 0 85 15 84 17 20 13 18 19 65 6 63 10 23 11 30
18 60 11 80 12 63 5 96 14 36 7 39 19 8 8 13 15 63 2 63 10 25 6 1 1 43 0 31 16 90 4 74 13 11 3 25 9 26 17 64
17 54 5 66 12 49 14 74 3 77 6 44 7 87 11 3 16 76 8 85 19 14 10 71 0 7 9 1 1 62 15 83 2 39 4 50 18 35 13 20
3 69 15 14 0 61 10 42 13 65 5 57 8 7 6 89 18 3 9 72 17 80 2 46 14 65 1 93 16 21 11 22 12 53 19 40 4 17 7 13
1 53 15 97 17 95 12 64 19 18 18 5 16 11 9 28 7 63 10 87 5 49 11 20 4 41 14 45 3 17 8 45 2 37 6 62 13 33 0 57
1 8 6 90 4 16 3 53 8 85 13 26 9 12 14 90 0 69 10 83 5 87 17 82 19 96 15 53 12 68 16 76 2 96 7 58 18 45 11 84
6 28 17 47 0 6 10 5 1 29 9 59 16 90 7 70 11 35 15 38 3 41 12 77 14 25 2 67 8 98 5 54 13 56 18 77 19 54 4 89
13 40 6 35 8 36 17 35 9 1 19 1 4 66 11 17 0 72 18 48 10 87 2 79 12 80 3 80 16 44 14 51 15 9 5 74 1 38 7 64
19 71 8 45 7 87 5 72 16 18 3 18 17 52 13 53 6 60 0 82 18 30 4 62 11 6 10 42 15 46 14 64 2 58 1 19 12 9 9 68
2 12 5 46 17 63 14 17 1 73 6 33 18 40 8 78 4 34 0 11 13 60 19 54 12 8 11 73 16 96 10 43 3 26 7 44 15 63 9 74
9 75 11 81 10 3 2 3 6 3 7 81 13 38 3 64 12 87 14 69 8 79 16 58 17 54 0 15 18 56 15 50 19 87 5 39 4 46 1 34
8 76 7 75 4 96 2 80 14 18 18 96 15 19 6 54 19 77 10 28 12 16 0 20 16 24 1 36 9 85 3 93 13 64 5 19 17 46 11 51
17 40 9 11 1 16 11 54 14 75 0 49 3 29 8 34 12 51 19 7 13 11 6 24 5 23 18 37 4 20 10 98 15 88 7 90 2 78 16 47
17 65 9 88 13 69 1 22 11 84 3 39 5 66 10 54 15 74 4 49 14 15 0 47 6 23 16 16 8 94 18 69 12 64 7 52 19 16 2 22
6 92 4 6 15 29 16 23 19 19 3 50 10 56 0 77 9 4 1 56 2 37 5 11 18 48 11 98 17 47 13 59 12 40 14 47 8 32 7 36
18 53 8 8 9 4 2 26 12 8 10 74 5 72 4 41 17 61 6 28 16 44 19 16 7 17 15 29 14 34 3 2 0 80 11 99 1 62 13 96
4 80 12 49 2 16 7 14 0 80 14 59 11 70 17 26 13 53 16 35 18 48 9 29 5 67 6 96 3 48 10 63 15 27 8 25 1 26 19 96
2 17 9 62 18 68 7 25 6 15 10 65 16 68 0 93 19 80 8 73 3 44 13 93 15 80 14 60 11 97 17 5 12 47 5 56 4 43 1 73
18 4 15 46 19 46 14 14 5 41 0 85 3 34 12 17 1 38 17 89 10 42 4 71 8 80 16 67 7 40 11 42 9 17 6 44 2 39 13 98
13 9 6 57 10 48 17 76 18 74 8 89 2 34 9 85 4 71 14 14 3 7 12 78 1 55 15 32 16 51 0 14 5 70 11 66 19 75 7 60
16 87 12 21 4 83 15 76 7 49 5 69 18 58 13 75 0 61 3 62 10 43 6 8 2 55 1 66 8 39 17 60 11 21 19 40 14 14 9 42
5 83 12 6 4 7 14 14 6 23 9 20 10 31 3 32 8 55 19 7 11 85 17 10 1 77 13 59 7 28 16 12 18 86 15 10 0 5 2 10
10 16 2 63 12 63 9 46 17 86 16 90 1 67 5 48 18 49 13 65 7 98 6 40 14 33 4 4 15 53 0 47 19 55 3 63 8 79 11 48
8 16 19 23 9 41 11 69 16 2 2 69 15 40 18 92 5 86 13 15 6 83 4 41 12 6 0 95 7 13 1 64 3 85 14 68 10 58 17 5
10 53 7 48 6 1 15 86 4 28 14 5 11 60 18 42 0 43 17 8 2 98 9 8 16 48 3 89 5 61 1 47 8 8 12 21 13 24 19 67
18 7 0 48 16 5 17 22 8 83 6 92 19 52 1 45 13 21 15 44 10 3 4 33 3 90 14 96 9 93 12 65 11 75 7 1 5 50 2 22
5 38 14 54 0 71 11 30 10 44 19 60 17 54 15 99 13 79 12 81 3 4 8 87 18 86 6 96 2 18 16 91 9 86 4 39 7 90 1 73
18 98 15 41 16 9 4 20 8 14 11 64 1 74 6 5 19 91 9 22 7 89 17 64 12 29 10 69 5 31 13 22 0 36 14 77 2 42 3 91
12 12 18 40 6 62 5 65 9 57 11 52 16 62 19 95 0 88 7 81 1 73 3 25 13 12 10 17 2 47 14 41 4 42 8 37 17 12 15 22
6 39 5 56 11 64 12 86 3 15 9 66 4 74 13 16 7 30 8 76 16 33 2 32 10 64 15 46 17 8 18 80 14 70 19 46 1 54 0 60
9 37 8 3 15 94 16 24 17 49 14 19 12 37 2 53 11 7 0 8 7 29 4 37 1 21 10 70 18 32 5 44 19 38 6 68 13 81 3 53
4 65 10 77 1 15 7 90 0 69 11 22 16 28 3 19 8 71 9 39 15 78 19 79 5 43 18 45 14 20 6 21 13 80 12 94 17 59 2 65
12 47 3 6 19 42 18 1 15 37 8 46 0 45 2 22 10 18 7 95 16 51 11 33 4 81 9 74 14 29 13 9 1 4 5 98 17 78 6 50
10 3 4 30 11 61 17 9 13 63 3 67 19 78 16 78 15 32 6 2 0 99 7 92 1 56 12 81 8 89 18 71 2 37 14 8 9 61 5 2
15 24 18 37 4 23 16 58 1 41 7 61 12 30 14 70 6 58 17 13 9 27 8 93 0 34 2 74 19 27 10 90 3 55 5 98 11 22 13 43
15 54 1 34 13 26 16 72 4 60 18 41 3 5 19 86 2 29 6 24 17 4 10 11 14 22 9 87 5 21 11 84 7 14 8 77 12 71 0 58
5 91 17 89 10 47 0 2 8 6 12 15 4 35 9 38 2 43 11 30 13 17 1 21 7 50 6 24 18 33 14 49 16 47 19 93 3 61 15 21
5 93 7 76 16 98 2 82 15 89 17 53 6 89 11 2 14 47 1 58 12 81 4 73 8 24 18 50 9 67 13 96 0 43 3 58 10 70 19 38
18 8 15 42 14 78 13 52 19 70 6 5 1 38 9 39 12 28 11 94 7 22 17 47 8 24 2 91 4 41 3 43 16 56 0 96 5 80 10 43
9 91 18 59 7 54 3 51 11 63 1 14 14 13 17 78 19 97 4 88 13 79 0 26 2 93 10 39 8 46 12 52 16 51 15 89 5 60 6 25
12 83 9 24 5 52 4 95 16 29 15 93 1 82 18 90 10 33 13 54 6 86 17 96 0 83 7 62 11 79 19 42 8 67 2 92 3 56 14 65
10 40 8 87 6 88 11 67 2 96 17 66 5 13 4 71 13 50 12 44 16 99 3 60 0 29 7 42 1 80 15 19 14 26 18 4 19 20 9 65
17 93 10 81 8 90 5 6 7 53 2 77 11 14 19 85 0 41 16 56 6 11 9 89 14 92 3 77 4 61 1 18 15 68 18 81 13 37 12 36
18 27 7 62 2 86 15 65 9 70 17 97 0 5 3 96 4 97 8 92 5 59 12 21 19 52 10 93 1 87 16 96 13 56 14 11 6 92 11 31
17 87 6 8 12 17 4 57 1 16 18 32 13 83 19 24 3 14 5 44 14 3 16 89 8 16 0 92 15 36 10 85 9 60 2 61 7 25 11 17
3 4 12 40 5 54 15 60 8 42 1 46 9 19 13 58 4 26 17 86 19 46 7 99 14 92 11 48 2 49 18 14 16 41 0 62 6 14 10 36
2 60 9 48 6 89 17 60 14 10 15 46 4 41 3 7 18 13 12 90 10 31 8 36 19 3 5 74 0 82 16 99 1 69 11 71 7 45 13 57
7 25 11 91 18 95 13 59 17 8 4 28 5 55 14 93 6 91 0 19 16 51 2 94 19 74 3 54 10 48 8 9 15 81 9 61 1 5 12 87
0 11 3 26 9 12 8 1 1 42 11 52 13 39 5 72 4 42 2 87 17 79 10 32 14 95 19 44 16 96 15 26 6 87 18 19 12 46 7 87
13 48 5 4 3 13 7 1 18 20 17 91 8 12 4 3 9 38 6 28 19 53 2 16 10 19 0 77 1 59 11 65 14 32 12 97 16 67 15 5
7 99 19 26 18 77 0 44 12 33 10 50 9 64 14 38 4 51 1 78 16 41 11 35 13 85 3 19 6 14 15 37 2 57 17 82 5 3 8 69
0 77 12 59 8 54 7 41 11 25 9 84 4 53 13 71 10 32 17 86 19 16 6 64 5 93 15 53 16 61 1 11 3 37 14 89 18 50 2 76
16 23 19 90 14 20 7 62 0 46 12 90 17 47 6 95 18 66 3 74 9 74 10 46 2 54 1 78 8 39 13 30 15 75 5 60 4 67 11 80
13 9 6 68 18 23 10 45 12 23 0 68 5 12 14 65 2 64 4 83 9 49 7 13 19 77 8 1 3 87 16 71 15 73 17 98 11 88 1 2
4 29 8 13 15 4 11 52 1 52 6 4 2 42 7 50 16 48 14 21 18 44 12 10 13 33 5 22 9 24 10 68 19 79 17 8 3 43 0 73
13 43 5 10 8 43 6 75 10 4 2 90 9 92 1 85 14 43 7 50 4 78 3 87 0 69 12 41 18 53 15 81 11 97 17 79 16 60 19 71
13 97 12 53 6 16 1 50 14 49 19 33 5 75 17 26 16 95 0 39 3 37 11 88 10 56 8 74 9 10 15 58 4 45 18 66 7 67 2 52
9 97 13 4 16 33 8 8 14 91 1 44 10 82 3 2 0 85 18 20 11 87 17 78 19 21 15 35 6 75 2 73 12 97 4 50 5 70 7 93
