100 20
6 96 18 94 5 52 7 29 3 21 9 71 10 26 19 19 14 55 8 92 0 84 12 30 1 34 2 48 15 90 13 75 16 24 11 66 17 91 4 1
17 88 13 41 10 71 16 31 1 19 15 73 5 62 9 94 4 47 8 10 11 29 2 9 3 11 12 91 18 7 14 99 6 79 19 18 7 31 0 93
17 69 16 51 2 42 10 26 18 16 6 51 8 54 12 83 7 3 0 1 5 9 11 22 3 52 15 96 9 30 19 44 14 40 4 86 13 20 1 36
15 86 18 63 19 6 14 6 0 3 16 46 8 53 6 25 3 18 5 88 12 17 2 22 7 21 4 27 9 86 13 34 11 58 1 77 10 87 17 40
12 21 18 63 9 71 4 41 16 35 14 71 6 51 3 58 2 28 17 20 1 8 10 40 13 22 19 23 8 1 15 73 11 7 7 46 5 29 0 84
5 7 1 57 13 99 6 45 9 52 0 34 10 34 11 82 16 4 18 18 7 71 15 97 4 67 14 29 12 8 2 61 17 48 8 37 19 39 3 94
17 92 1 6 13 57 15 47 3 99 7 91 0 82 18 17 8 4 6 94 10 92 2 38 12 58 4 20 14 59 9 3 5 82 11 93 16 73 19 52
0 51 17 80 15 9 16 95 18 64 12 93 11 74 14 77 6 87 2 24 13 34 5 63 10 81 4 77 1 1 7 16 3 63 19 26 8 57 9 45
8 45 0 31 9 93 13 85 5 28 12 50 17 38 14 43 4 5 11 59 7 38 3 24 19 40 18 20 1 75 10 19 15 88 2 2 16 53 6 43
6 70 4 66 2 60 17 54 13 69 8 42 12 22 16 9 3 79 0 94 19 46 5 94 18 5 1 13 10 22 11 69 14 3 7 40 9 10 15 29
6 87 13 81 14 24 8 49 11 59 17 73 12 22 1 83 19 38 15 21 4 73 16 48 9 86 0 86 2 53 10 4 5 10 18 4 3 76 7 42
12 59 5 5 9 74 7 7 17 13 3 13 6 44 14 83 13 37 1 15 18 97 19 65 0 64 10 18 2 99 4 50 11 16 8 84 15 98 16 4
2 98 11 79 17 50 0 86 13 96 4 50 10 53 3 70 14 79 1 20 6 76 12 50 8 72 19 59 5 57 16 49 18 50 9 9 15 84 7 71
1 21 6 67 7 15 16 21 4 55 8 96 14 30 18 31 17 93 9 34 13 78 11 22 5 67 0 75 12 78 15 84 10 6 3 16 2 63 19 22
16 89 4 53 7 7 3 25 15 6 18 93 11 72 1 97 19 27 10 72 0 90 6 2 5 97 8 89 12 39 14 97 13 95 2 68 9 79 17 51
9 61 3 91 18 91 7 25 11 35 1 44 0 70 8 51 14 72 5 20 12 27 6 30 4 39 15 93 16 36 2 69 17 27 19 22 13 87 10 43
17 91 13 56 10 46 4 20 12 8 7 80 16 48 9 30 2 67 3 33 5 77 6 55 19 63 8 35 15 64 11 89 18 26 0 32 1 54 14 20
4 81 13 81 14 25 9 20 3 55 1 25 6 18 0 39 17 17 19 46 12 74 2 90 18 4 8 90 16 73 11 44 10 8 7 80 5 14 15 89
5 13 10 21 11 51 13 57 14 65 4 9 19 66 17 24 1 27 8 3 3 57 18 59 2 22 16 51 9 35 15 36 12 37 6 51 7 29 0 60
19 92 17 19 1 55 9 11 2 92 11 55 10 52 8 44 18 81 0 79 13 75 5 27 15 46 6 13 14 10 4 51 3 18 16 31 12 93 7 26
4 35 6 87 3 93 14 32 8 87 5 88 12 87 7 65 2 24 13 27 10 27 9 34 15 4 11 74 0 62 18 54 16 4 17 67 1 80 19 86
14 8 16 29 5 8 3 11 13 41 12 32 1 93 17 26 11 41 15 7 7 15 9 14 8 52 2 15 19 48 6 82 18 45 0 17 4 10 10 37
14 44 6 56 10 56 19 61 17 72 16 27 2 94 1 64 7 2 18 9 12 81 13 19 11 60 4 26 5 73 3 42 9 69 8 15 15 54 0 94
18 49 9 49 6 90 17 85 11 34 10 9 16 31 3 92 13 53 5 86 8 14 0 93 2 42 19 54 14 96 12 38 7 20 15 88 4 37 1 55
11 48 12 96 1 5 14 18 13 82 18 44 16 53 8 49 0 99 17 93 5 62 7 67 15 11 9 74 4 25 10 97 19 86 3 67 2 39 6 48
14 80 15 66 5 14 12 50 6 62 13 66 10 25 11 43 16 29 1 55 2 60 4 50 19 18 7 50 17 1 8 62 3 88 9 95 18 84 0 18
15 12 14 12 6 80 8 67 19 97 10 18 7 20 4 64 3 74 0 32 9 66 17 5 11 96 5 39 1 20 2 99 12 75 18 38 13 90 16 75
9 76 16 49 18 43 1 50 14 56 6 8 2 40 10 58 12 86 19 3 3 4 13 47 0 80 5 78 7 93 15 84 11 5 17 87 4 82 8 6
17 57 3 33 9 34 19 2 7 86 11 95 13 3 8 5 1 71 14 37 18 39 6 4 2 26 12 24 4 14 0 19 16 15 10 39 15 19 5 33
0 20 4 75 7 84 10 15 17 35 5 74 12 29 9 73 2 13 16 62 6 86 14 4 3 70 8 54 13 84 11 64 1 31 19 66 15 77 18 66
6 40 7 10 10 9 11 42 9 51 17 99 16 1 3 32 4 23 12 4 14 42 18 88 19 42 8 25 15 61 2 86 1 93 5 3 0 17 13 46
15 22 10 67 11 32 2 77 14 68 16 26 0 48 7 45 17 55 12 15 13 5 8 74 5 3 4 92 1 12 3 38 19 5 18 23 6 83 9 24
16 58 13 64 2 11 6 8 17 86 0 51 11 70 8 11 9 82 3 68 12 60 14 34 4 42 7 5 19 94 5 96 18 91 1 24 10 55 15 7
17 60 12 67 18 86 1 83 4 92 14 73 7 15 8 23 2 6 15 23 5 61 16 97 3 49 10 14 9 87 6 50 0 12 11 36 19 89 13 38
1 93 10 29 18 58 8 97 13 38 15 69 17 44 2 5 7 27 14 43 3 14 6 99 0 11 16 57 19 65 9 25 11 29 5 83 12 12 4 97
7 87 17 95 5 68 2 41 16 87 6 79 9 23 8 12 18 75 1 51 0 81 13 38 19 51 4 96 12 74 3 76 11 70 15 57 14 1 10 53
2 31 16 82 1 75 8 79 11 5 5 91 12 90 10 61 6 56 9 54 19 30 7 95 0 9 18 56 17 17 3 18 13 54 4 5 15 34 14 60
19 85 7 11 14 36 4 41 12 10 9 44 13 67 5 26 6 39 3 33 16 41 15 46 8 76 11 3 0 23 2 37 10 77 1 57 17 12 18 63
5 24 14 55 7 52 2 22 3 88 13 19 0 5 9 86 18 23 17 72 16 8 19 9 10 38 15 88 6 3 12 99 11 97 4 18 1 92 8 36
0 9 12 99 2 99 10 23 13 14 9 91 5 41 8 8 14 82 15 41 4 2 17 22 19 52 7 77 16 66 6 99 1 71 11 67 18 35 3 12
8 70 6 19 13 10 10 45 3 90 7 37 4 24 5 52 2 43 0 4 16 33 15 41 9 59 17 34 1 31 18 1 19 36 11 50 14 62 12 87
12 30 0 17 2 65 19 99 8 72 5 85 9 88 14 42 7 85 4 57 15 24 1 45 18 7 6 57 17 75 13 28 11 75 3 69 16 33 10 75
16 60 18 85 7 12 10 75 2 93 9 14 17 64 1 69 4 30 5 20 15 65 19 14 6 59 3 75 14 69 11 50 13 72 8 37 0 32 12 89
19 27 4 22 2 60 9 88 17 94 3 34 6 80 18 77 5 54 8 4 16 35 14 3 10 86 12 57 15 18 13 66 1 70 7 61 0 80 11 54
8 29 10 61 4 15 9 96 16 34 5 6 0 60 11 73 3 33 15 85 19 80 13 9 2 9 14 40 1 77 18 54 12 20 7 29 17 87 6 55
1 99 5 84 2 74 6 86 4 3 18 59 3 87 0 60 17 72 14 49 13 45 10 43 15 11 7 90 19 52 9 3 11 30 8 94 12 44 16 51
9 32 3 20 2 5 13 38 8 59 10 59 7 56 4 98 11 93 17 38 12 91 1 28 14 92 5 1 15 64 6 15 19 81 18 8 16 7 0 63
15 61 14 6 11 58 6 51 9 75 5 83 10 43 7 60 12 52 8 8 2 58 19 4 0 91 16 62 3 26 1 34 18 32 17 30 4 33 13 17
9 84 11 8 19 20 17 39 0 12 1 94 8 14 14 90 12 90 15 86 3 14 18 27 10 4 16 86 13 17 2 58 7 32 5 30 4 60 6 26
11 10 10 94 6 8 9 7 7 3 8 79 5 41 17 28 3 47 16 51 15 16 19 29 18 97 13 2 2 18 4 29 0 7 14 4 12 4 1 17
5 45 12 1 13 50 3 26 19 94 16 30 4 17 18 43 15 11 8 23 2 67 11 8 10 99 9 81 17 7 14 6 0 2 7 7 1 86 6 4
19 83 11 53 7 68 16 6 15 16 5 24 4 40 1 57 8 76 14 42 13 73 6 43 18 51 3 39 9 64 10 8 17 18 2 35 0 54 12 27
7 54 5 82 15 96 9 87 16 77 1 5 4 49 12 71 19 85 2 58 13 47 8 34 3 67 6 95 17 49 0 40 18 31 10 27 14 47 11 38
12 50 16 17 0 98 3 3 8 17 17 21 2 95 5 72 13 18 11 72 18 43 19 67 9 64 1 23 10 9 4 15 14 96 15 79 6 93 7 32
9 3 19 3 3 52 13 61 7 14 0 20 17 72 18 71 12 66 11 70 1 98 14 7 16 8 10 21 15 9 4 44 8 84 6 89 2 79 5 87
3 31 15 56 16 38 13 29 17 18 10 24 1 6 5 17 18 24 11 54 9 80 7 1 0 9 8 65 2 76 14 39 4 47 6 83 19 13 12 21
5 63 14 91 19 53 10 63 3 65 6 50 13 66 18 40 11 48 8 19 1 82 17 25 16 14 7 96 0 87 4 11 2 85 15 81 12 97 9 73
10 36 9 31 2 82 6 12 11 22 7 82 16 45 18 52 1 49 17 68 0 72 3 48 13 6 14 80 12 37 5 18 15 91 19 90 8 90 4 70
14 60 1 93 9 30 19 92 3 54 17 81 7 49 4 16 16 94 0 84 13 28 2 13 10 61 11 41 18 72 5 46 8 34 12 82 6 23 15 11
3 30 18 47 4 89 13 85 11 65 16 8 9 66 17 9 10 3 6 53 0 8 14 68 8 72 7 18 15 43 19 3 2 95 1 8 12 27 5 94
5 40 8 72 13 62 10 88 0 11 1 7 19 12 4 39 3 59 7 32 11 49 6 38 16 12 12 43 2 78 9 26 18 67 15 20 14 60 17 50
18 40 13 26 0 70 4 82 6 2 16 94 8 60 17 60 7 37 2 57 11 24 3 99 9 86 10 10 1 31 14 45 19 45 12 63 5 68 15 10
16 80 9 94 7 50 0 57 18 68 15 9 13 78 12 84 2 81 10 32 17 48 6 3 5 41 11 33 8 24 14 52 4 93 3 58 1 35 19 88
3 74 9 10 7 3 18 44 4 21 19 39 10 15 15 41 0 10 14 89 6 27 12 58 11 68 2 60 1 20 5 66 13 81 16 46 17 59 8 87
18 39 14 65 6 36 3 21 12 92 4 44 19 18 8 54 9 51 0 28 2 90 13 12 11 73 15 84 17 73 7 72 1 73 5 42 16 75 10 21
5 57 10 78 2 94 1 5 6 16 4 36 0 72 7 64 11 65 15 72 8 95 17 86 19 66 9 65 13 45 18 79 14 69 12 30 3 75 16 68
15 54 3 3 9 57 5 27 1 45 7 6 16 3 11 88 19 27 17 10 14 46 10 4 0 55 2 86 12 52 6 28 13 8 4 62 8 93 18 58
8 57 14 44 2 33 13 82 0 84 9 22 16 71 15 4 6 1 17 18 4 68 7 95 3 65 5 99 11 98 1 67 19 95 10 19 18 19 12 59
11 16 16 54 2 31 19 75 1 50 9 89 4 6 15 96 6 15 13 67 0 62 14 38 17 7 7 95 3 21 8 79 12 77 5 54 18 78 10 38
7 11 4 60 17 42 0 7 13 89 9 64 14 48 1 65 12 9 15 49 18 14 2 6 11 38 3 80 5 95 10 24 8 78 19 92 6 59 16 41
10 17 0 11 1 30 16 3 14 82 6 57 15 20 12 46 3 6 5 58 7 43 13 43 2 83 8 17 17 47 11 44 4 56 18 87 9 63 19 31
17 44 1 20 16 96 10 11 19 78 9 94 12 10 8 96 2 8 11 5 15 3 13 76 3 93 6 3 4 39 18 53 7 64 14 37 0 30 5 93
14 95 3 64 1 17 0 58 4 99 10 27 15 41 17 73 11 83 7 72 9 20 18 65 6 27 16 28 5 46 13 98 8 53 19 67 2 10 12 51
10 82 0 91 16 6 5 11 3 3 9 89 13 1 1 59 15 2 19 86 12 29 8 88 17 46 4 38 2 24 11 58 6 21 14 92 7 98 18 29
11 57 0 97 6 18 15 90 3 55 1 71 12 79 14 54 4 26 18 61 2 38 10 63 8 27 13 6 7 95 17 60 9 84 19 26 5 30 16 8
19 7 11 29 3 97 5 58 10 71 16 26 9 49 15 42 6 32 17 66 18 17 7 20 13 11 2 9 8 7 14 5 12 30 4 19 1 1 0 22
2 65 0 74 14 71 8 59 11 59 18 75 1 79 10 31 3 46 9 25 4 13 17 38 16 63 12 17 13 79 7 12 15 8 6 66 19 82 5 18
7 74 12 39 6 98 14 5 4 80 3 45 15 81 1 93 13 27 19 61 2 34 10 57 0 92 18 43 16 75 5 35 8 41 17 65 9 35 11 97
5 19 13 91 7 33 11 4 17 63 6 45 9 68 10 19 1 72 3 2 8 19 19 10 16 44 0 57 14 2 15 68 12 98 2 74 18 84 4 30
11 38 7 15 12 48 5 5 8 61 19 76 9 29 2 70 17 2 15 64 18 23 0 43 13 59 3 86 16 86 6 69 14 61 10 35 1 38 4 36
15 11 19 2 6 72 0 65 7 21 18 88 8 79 11 33 9 61 10 81 5 44 1 54 14 22 4 80 13 33 17 99 2 24 3 48 12 67 16 42
5 74 19 7 7 12 6 35 1 65 12 21 14 34 17 90 9 97 18 69 3 35 4 3 10 36 8 88 11 54 13 36 15 99 2 79 16 19 0 86
9 21 4 50 2 33 16 46 15 84 3 39 0 50 12 65 18 13 10 49 8 88 19 41 5 24 14 91 17 64 1 41 13 29 11 22 7 44 6 30
3 7 9 29 5 24 7 7 15 57 1 86 18 23 10 83 6 95 13 30 16 79 17 1 0 99 2 33 12 41 4 26 11 30 19 31 8 86 14 27
12 62 18 98 13 37 17 70 19 15 6 19 11 80 5 11 2 66 16 22 1 94 3 2 8 70 9 86 7 94 4 7 15 71 0 8 10 41 14 57
12 41 11 11 14 35 15 43 19 42 2 62 1 67 10 27 13 6 6 81 7 71 16 86 17 1 8 48 5 9 0 2 3 10 4 48 18 98 9 75
15 83 3 77 8 33 12 58 5 3 6 54 1 3 14 22 16 55 10 66 9 43 18 18 2 78 19 18 7 63 4 53 13 61 17 68 11 66 0 2
4 51 17 2 5 29 7 76 2 63 16 26 19 52 3 94 11 84 0 92 14 80 15 76 10 11 1 1 13 18 12 70 9 41 18 46 8 84 6 42
11 36 7 54 13 79 14 71 6 57 12 65 18 27 17 65 10 80 0 6 3 2 19 39 5 75 15 95 8 39 9 91 16 85 4 15 1 29 2 55
19 64 10 62 1 40 13 42 2 27 18 74 5 12 9 50 8 3 16 56 17 49 4 51 12 69 15 33 11 53 0 31 14 43 7 88 3 52 6 56
4 49 8 80 0 37 12 75 1 64 2 32 7 83 3 52 19 71 11 92 5 61 10 73 9 38 17 51 16 29 14 68 6 93 18 84 13 71 15 34
8 29 9 39 5 53 4 85 18 31 16 81 10 64 2 82 15 21 1 82 6 68 12 25 17 51 0 88 3 21 14 26 11 10 7 85 13 41 19 34
14 2 0 82 1 74 15 67 17 66 6 89 9 5 12 74 2 79 19 56 7 29 16 73 4 65 11 75 18 51 3 3 8 46 5 55 13 15 10 93
0 29 5 44 12 53 16 14 2 62 10 86 1 6 3 7 15 41 8 24 6 23 14 65 7 70 17 80 9 29 18 28 11 30 19 54 4 30 13 16
4 91 2 81 16 64 10 74 11 58 1 62 15 24 19 91 14 23 17 80 9 90 7 21 3 48 18 30 12 18 8 65 5 35 13 31 0 57 6 65
14 64 9 95 16 5 17 81 0 65 13 40 1 80 5 50 2 40 12 28 18 43 6 68 7 13 8 41 4 21 3 39 19 2 15 60 10 78 11 9
9 21 1 93 17 33 10 91 4 36 3 8 5 54 8 77 14 90 6 54 18 14 13 67 15 59 16 99 11 20 19 47 12 52 2 82 0 28 7 10
6 44 17 25 1 5 11 22 10 18 2 72 5 7 18 46 13 61 19 23 0 96 12 91 9 82 16 71 3 37 4 48 8 39 14 76 15 43 7 77
2 89 1 29 4 35 14 90 15 45 11 93 9 82 3 77 17 27 13 42 18 25 5 40 10 93 19 82 6 28 16 64 0 22 7 24 12 63 8 24
19 44 5 72 0 51 4 24 2 54 15 1 7 47 8 38 16 98 18 24 17 60 6 51 14 31 12 17 13 36 11 48 10 79 1 47 9 97 3 86
