100 20
9 39 5 52 19 82 13 26 18 94 10 19 3 21 6 28 8 66 12 3 14 68 17 45 11 82 0 18 16 11 2 73 7 3 4 40 15 29 1 4
3 98 0 61 5 23 17 93 19 33 2 63 13 83 8 65 9 69 7 52 6 34 1 92 11 74 14 42 4 75 10 28 18 18 16 85 12 15 15 16
3 64 16 10 8 81 4 22 17 54 0 98 15 33 7 78 14 58 2 72 11 28 9 13 1 72 12 53 13 96 19 29 5 38 18 86 10 85 6 8
14 41 0 31 3 85 13 10 10 86 2 99 17 58 12 87 7 1 9 57 15 72 8 32 11 16 6 42 19 50 1 8 16 73 18 64 4 10 5 82
6 60 7 11 12 95 10 29 16 9 4 83 14 95 1 51 9 33 17 13 3 30 2 17 13 33 15 65 5 72 11 9 0 17 19 31 18 25 8 18
5 64 7 8 2 7 3 27 16 24 11 49 15 23 6 62 8 4 17 75 0 24 18 42 4 98 10 81 13 48 9 14 12 6 1 22 19 49 14 75
5 2 18 90 8 51 14 19 13 40 19 55 1 63 2 24 0 7 3 8 7 26 4 14 10 31 16 34 17 97 12 28 15 56 6 24 9 11 11 74
8 33 1 26 17 65 7 93 4 74 19 45 15 89 10 1 11 26 0 13 12 74 5 71 3 4 18 74 14 84 13 70 16 29 2 93 6 93 9 34
6 81 16 46 10 9 13 26 3 54 17 18 18 8 14 73 9 96 2 64 8 42 11 92 4 6 5 46 1 57 15 93 19 70 0 96 12 12 7 74
14 68 18 35 9 81 16 21 7 30 13 60 19 18 5 73 10 88 15 50 0 19 11 91 4 18 17 40 3 23 2 4 8 68 6 23 1 6 12 10
9 23 17 49 13 83 1 23 19 14 16 19 3 98 10 11 15 14 5 6 12 99 11 40 7 89 18 45 4 60 6 8 2 62 0 79 8 90 14 27
15 81 0 62 4 93 18 79 7 53 5 90 6 3 13 37 17 70 11 89 12 66 9 44 3 35 16 8 10 39 8 7 19 62 2 11 1 39 14 2
10 93 4 60 11 22 3 27 16 17 12 3 19 59 18 48 6 58 1 61 17 96 7 68 13 50 0 40 2 75 9 29 14 31 8 29 15 65 5 86
5 6 8 75 4 46 6 67 3 90 16 64 9 65 13 78 0 16 17 24 1 98 7 7 18 57 10 59 14 25 11 26 19 79 12 75 15 51 2 26
19 93 10 6 9 17 15 87 14 10 6 87 18 47 3 67 11 5 0 70 12 22 2 46 4 85 17 33 7 9 16 67 8 98 5 96 13 10 1 56
16 83 0 46 9 23 17 77 7 50 8 95 6 19 5 27 11 70 10 68 18 83 1 62 3 62 15 97 13 24 14 51 2 29 12 40 4 74 19 97
11 54 17 83 5 9 14 83 7 71 13 99 16 87 8 41 19 75 4 89 15 84 10 22 12 88 0 13 18 55 3 66 6 17 2 86 1 40 9 50
19 92 13 25 5 84 17 18 2 54 15 14 9 16 18 8 0 71 16 59 6 93 1 17 3 36 11 1 8 47 10 18 7 27 12 52 4 29 14 70
4 74 10 98 18 53 19 38 9 91 3 5 12 76 2 58 16 56 7 79 11 4 17 1 15 72 14 32 6 61 8 16 0 53 13 29 1 71 5 76
15 20 10 37 18 77 11 47 0 80 1 4 12 16 3 92 4 10 6 84 16 25 19 96 2 88 17 96 8 21 13 30 7 57 14 37 5 30 9 99
13 52 17 98 12 90 0 36 3 43 15 2 5 45 7 52 19 38 4 3 9 82 8 2 18 97 10 22 2 2 16 89 6 22 1 5 14 66 11 48
19 49 13 44 3 89 4 29 10 23 8 81 12 37 0 94 1 93 15 4 6 60 5 59 17 30 11 3 2 88 18 77 7 3 16 32 14 78 9 24
4 70 14 50 16 81 15 46 19 90 17 68 3 7 13 95 5 98 11 15 8 13 18 55 9 45 6 19 12 17 7 33 10 78 0 17 1 45 2 15
15 61 12 72 17 55 9 69 14 32 5 58 3 85 6 13 4 57 8 58 0 27 2 56 7 88 1 90 10 86 19 65 13 41 11 78 16 38 18 63
8 44 12 87 18 36 13 15 16 87 4 75 19 24 3 39 15 39 1 24 11 45 17 95 7 79 14 24 6 94 9 55 10 62 2 62 0 89 5 19
17 85 13 17 19 63 3 93 12 20 15 60 0 65 18 56 1 59 14 77 11 20 8 35 7 15 4 28 16 54 5 54 6 39 10 64 2 35 9 43
9 47 12 28 7 88 5 18 16 4 19 7 3 24 14 53 11 90 0 20 10 89 18 20 6 84 17 31 13 41 2 66 1 72 8 10 4 86 15 41
7 76 2 37 12 16 14 7 5 63 18 55 15 26 17 77 1 8 16 81 10 96 6 84 0 55 19 73 3 51 4 20 8 32 9 9 13 99 11 39
5 49 8 83 10 3 16 51 12 38 19 65 6 55 17 70 15 4 9 56 3 99 13 94 2 27 4 29 0 29 1 18 18 41 7 25 11 14 14 36
12 26 15 43 6 23 4 80 11 74 2 56 0 8 10 34 9 14 14 86 17 14 8 73 7 85 5 7 18 38 19 50 3 81 13 53 1 77 16 84
17 49 7 44 16 34 4 6 6 74 10 47 19 33 18 75 5 42 3 33 14 47 8 65 1 69 2 26 12 83 15 72 0 97 9 57 13 84 11 61
10 34 6 88 4 96 8 60 17 30 11 14 16 10 15 8 2 20 12 71 9 29 1 94 19 67 13 8 7 99 5 65 14 12 18 99 0 8 3 81
10 52 12 8 5 69 14 33 4 50 17 58 8 28 1 17 3 12 6 16 13 81 19 17 16 65 9 63 11 33 7 12 0 30 18 76 2 5 15 59
6 1 18 53 2 35 3 74 19 59 12 59 4 30 17 37 13 85 0 86 11 74 9 3 10 82 1 29 5 50 8 62 16 66 7 48 14 71 15 74
12 84 15 84 4 94 2 72 3 19 16 50 11 55 17 51 6 6 7 86 14 8 18 91 19 81 5 74 10 21 13 95 0 72 9 76 1 93 8 57
1 71 7 41 4 39 9 96 8 20 15 88 19 42 18 75 12 9 17 28 11 9 16 77 6 28 2 17 5 68 10 24 14 35 3 6 0 28 13 49
5 53 14 70 10 48 3 15 6 82 2 33 18 10 0 53 7 82 15 55 1 70 17 10 9 3 4 9 12 39 19 3 13 30 11 71 8 99 16 51
12 87 19 27 1 60 5 25 6 53 10 84 11 89 9 67 8 36 0 70 14 55 7 12 4 66 15 10 13 58 17 27 18 49 2 41 3 88 16 85
16 74 11 95 6 5 14 92 19 32 4 13 9 80 12 45 7 12 15 18 13 83 1 66 8 76 2 5 0 50 18 27 5 57 17 27 10 36 3 11
19 51 3 81 18 20 17 54 7 56 13 14 16 36 11 3 0 56 2 92 15 1 9 84 14 7 12 45 1 42 10 67 5 22 4 99 8 33 6 34
6 2 3 4 9 82 7 99 14 37 8 79 15 5 16 56 0 33 5 36 1 45 10 47 2 20 12 71 4 48 13 11 11 38 17 88 19 62 18 34
18 22 8 26 4 20 0 54 11 52 1 82 15 52 17 79 7 74 3 50 10 35 19 94 2 24 14 4 16 78 6 77 13 60 9 7 12 3 5 45
7 11 18 57 10 63 17 41 4 18 19 29 6 67 0 70 14 17 9 42 11 57 12 1 8 74 15 84 5 2 1 9 13 3 16 33 2 43 3 65
9 18 7 84 11 68 0 23 15 4 3 38 6 4 8 96 10 26 1 58 16 59 14 19 17 66 13 28 18 29 5 86 2 20 4 45 19 36 12 77
11 23 17 42 15 22 7 12 1 84 0 52 18 13 9 69 8 28 12 43 5 42 13 6 14 31 6 4 2 47 16 97 19 29 10 79 3 5 4 87
6 88 2 97 4 45 16 46 1 92 18 8 12 49 17 50 9 74 19 17 7 61 10 59 8 5 11 85 15 22 0 50 5 43 3 96 13 92 14 82
11 55 1 25 9 76 8 85 2 51 7 26 5 31 16 55 17 97 18 38 12 43 19 27 13 4 0 87 10 75 15 16 6 73 4 57 14 38 3 82
8 94 7 31 4 20 6 34 14 84 11 92 5 81 19 87 13 57 12 24 10 50 15 21 9 97 1 75 17 56 18 82 3 97 16 64 0 14 2 68
7 21 3 32 16 21 4 36 1 6 9 32 12 64 14 46 15 25 18 41 19 50 6 80 5 58 10 33 13 87 8 15 2 70 11 41 0 16 17 82
8 34 0 31 4 27 10 66 16 97 11 52 6 47 15 18 1 14 3 77 5 14 12 62 18 74 13 23 2 56 14 46 17 92 7 44 9 19 19 17
14 95 15 61 5 41 12 13 3 43 11 98 13 13 1 78 18 5 10 94 9 77 0 11 16 43 2 15 8 17 7 65 19 93 6 9 4 48 17 31
9 5 14 58 13 75 1 79 18 45 7 94 15 88 10 95 8 6 12 78 4 90 2 65 5 77 16 82 3 18 19 81 11 65 0 39 17 14 6 6
10 63 18 41 13 34 2 42 7 72 4 52 5 52 8 36 14 86 0 65 15 65 9 55 11 82 6 23 17 28 19 67 16 32 1 38 12 87 3 79
12 62 6 67 11 94 9 96 15 48 2 8 14 50 18 18 0 35 5 93 19 94 1 38 10 46 13 29 7 76 3 39 16 18 8 57 17 55 4 52
8 37 14 96 0 96 10 72 15 73 17 87 18 91 5 8 3 67 1 3 16 92 6 38 4 13 7 20 9 89 2 72 19 54 11 28 12 45 13 33
4 47 14 23 12 93 0 64 2 32 6 99 15 23 5 67 8 98 13 35 7 85 1 46 16 26 3 46 9 52 17 71 11 80 10 37 18 21 19 1
14 93 7 10 10 64 8 28 13 55 3 76 0 27 16 14 5 71 18 19 12 16 17 32 9 21 11 79 15 66 1 15 6 25 2 65 4 58 19 30
7 99 10 67 9 93 2 21 13 25 15 72 6 17 8 28 18 22 16 9 5 12 0 59 4 59 3 55 19 41 14 14 11 96 17 56 12 28 1 62
14 40 7 81 6 11 15 16 13 58 11 75 8 93 3 89 1 67 16 42 19 6 12 87 9 71 5 94 0 68 17 7 2 83 18 23 10 78 4 83
17 71 13 50 8 14 14 11 7 9 16 42 1 8 15 6 6 27 3 47 4 93 19 75 12 56 2 10 11 13 5 92 0 53 18 85 9 97 10 41
11 62 7 41 3 35 6 89 15 96 16 79 12 90 0 49 13 50 2 14 14 72 5 28 9 47 18 56 4 77 10 54 1 47 19 95 8 37 17 69
1 72 19 79 3 95 9 69 7 51 6 59 0 52 17 35 15 98 18 57 12 47 16 12 10 93 14 46 13 31 8 89 4 86 5 96 2 75 11 94
9 8 1 45 6 85 4 28 5 73 2 64 0 94 15 83 12 98 16 36 13 77 10 97 17 34 11 15 19 70 18 30 8 65 7 33 14 82 3 27
12 26 16 83 11 21 1 92 6 41 15 3 18 69 14 35 2 89 9 7 13 58 8 31 17 39 7 98 4 6 19 38 0 46 3 97 10 60 5 74
12 58 16 24 15 68 1 57 5 33 4 46 11 25 19 60 14 9 2 84 3 14 9 24 10 14 17 47 7 25 8 52 13 57 0 75 18 64 6 18
0 19 16 18 6 12 15 52 2 59 12 4 7 20 9 88 1 34 3 98 17 95 4 29 5 97 18 33 19 41 11 46 10 72 13 86 8 91 14 54
5 62 12 48 11 44 18 39 4 88 9 7 0 63 3 40 19 86 6 6 1 54 17 37 13 68 15 60 10 60 16 53 2 75 14 88 7 65 8 16
13 44 12 75 1 45 5 46 4 28 11 69 2 83 3 46 18 75 0 58 6 41 19 76 9 79 14 76 10 83 7 68 8 22 17 25 16 91 15 84
19 1 16 43 17 31 5 21 6 64 4 19 11 62 18 89 10 91 14 52 9 97 12 76 1 19 13 33 7 59 8 74 15 56 0 18 2 74 3 89
4 7 16 9 7 45 1 85 10 61 0 31 14 21 8 63 15 13 11 22 2 77 3 8 12 16 6 40 17 95 9 44 5 90 19 70 13 83 18 92
14 8 10 42 13 22 1 59 6 41 7 76 9 29 19 15 12 70 4 32 3 25 16 74 11 53 17 89 8 6 2 97 5 47 18 18 15 51 0 65
6 21 7 49 9 3 4 28 14 41 17 83 8 94 10 57 13 21 11 51 5 43 3 65 1 17 12 58 2 78 0 54 19 35 16 90 18 84 15 56
18 10 12 2 19 25 5 47 11 47 6 82 10 27 8 57 0 70 3 43 17 63 13 46 4 96 7 87 2 31 16 68 15 80 1 38 9 29 14 11
6 38 16 89 1 82 5 86 8 55 11 22 15 4 18 2 4 75 10 54 7 52 19 2 9 63 14 98 0 67 3 38 17 12 12 2 13 27 2 63
15 53 13 19 18 62 8 84 16 78 3 73 6 90 1 81 14 66 7 43 12 30 17 72 10 4 9 91 4 97 19 15 5 90 2 22 0 13 11 34
5 17 16 12 1 33 19 32 8 10 15 15 11 20 7 25 2 16 14 34 3 76 10 39 6 72 9 13 17 93 4 18 18 64 12 28 13 98 0 69
7 54 12 12 15 98 8 94 6 96 2 37 19 42 5 58 13 4 11 78 4 31 16 78 17 11 14 4 10 10 9 4 18 51 1 59 3 39 0 1
11 54 18 87 5 11 19 62 14 75 6 74 16 36 12 57 17 19 13 69 0 54 9 22 8 55 2 77 10 90 15 15 3 93 4 36 1 9 7 95
7 88 5 31 17 82 15 35 18 47 13 17 16 24 11 9 3 20 4 23 10 29 14 4 9 54 2 78 12 3 6 97 0 51 8 68 1 84 19 83
17 16 14 50 4 49 11 60 12 53 3 84 15 98 9 88 10 47 6 5 13 13 16 76 0 95 2 54 5 92 7 44 8 89 18 24 19 57 1 22
4 30 3 67 8 96 5 49 17 79 14 78 12 43 13 75 9 94 0 8 11 61 2 92 19 35 6 40 18 43 10 70 15 36 1 89 16 89 7 96
12 52 7 75 18 31 19 18 15 67 16 26 4 94 8 95 14 67 0 57 9 27 2 14 1 45 6 99 5 91 13 97 3 25 17 29 10 53 11 51
18 18 17 18 3 13 4 57 11 32 12 68 10 48 6 43 9 2 7 85 16 26 5 44 15 92 19 40 2 58 13 24 8 2 1 39 0 63 14 26
13 35 11 39 17 32 12 74 2 76 18 82 1 68 7 80 0 43 10 52 3 58 4 75 9 43 5 59 14 62 6 25 8 36 16 75 15 29 19 14
16 90 4 82 5 65 14 84 7 78 13 50 19 2 11 32 2 31 17 68 1 64 8 88 9 12 0 38 15 52 18 73 12 93 3 40 6 32 10 61
18 64 10 61 19 72 17 45 12 50 1 96 11 83 5 38 4 82 3 48 16 63 2 84 15 92 6 79 14 44 9 1 0 5 8 46 13 79 7 93
10 74 16 29 4 40 18 19 13 78 5 83 2 38 1 27 15 70 11 61 14 23 12 87 17 12 7 28 6 15 9 22 8 94 3 97 0 53 19 11
6 90 12 70 5 50 13 93 10 58 19 50 15 66 3 89 16 72 0 68 4 80 9 31 11 90 7 57 18 2 17 23 14 6 2 3 8 70 1 45
3 45 9 7 12 88 4 81 19 7 0 97 17 6 10 72 2 58 8 61 14 5 5 5 15 84 6 35 11 21 18 52 16 1 1 66 7 25 13 2
0 68 7 66 4 49 10 84 1 66 12 61 3 27 9 29 19 70 17 87 18 41 5 92 14 62 15 3 16 29 11 27 6 87 8 92 2 96 13 26
11 2 8 45 9 34 10 46 19 78 16 55 3 61 17 31 14 92 18 56 0 54 12 75 13 72 4 35 2 95 7 58 6 11 15 79 1 80 5 1
9 90 7 28 5 31 10 44 6 48 15 74 8 59 11 3 0 52 18 49 13 10 19 58 1 97 2 27 16 38 3 38 14 6 12 15 17 31 4 44
13 33 10 2 4 63 1 10 15 31 9 46 6 90 3 24 8 84 19 77 0 86 18 25 5 18 12 36 17 42 11 25 2 87 16 86 14 54 7 45
7 41 2 48 13 94 0 81 10 6 17 21 16 31 1 21 14 60 11 66 12 28 19 80 15 70 5 60 8 98 3 29 9 77 18 91 6 35 4 45
13 1 18 33 14 38 0 58 1 46 9 30 4 83 17 72 3 61 16 4 2 61 19 59 8 12 6 78 12 52 15 71 7 24 5 72 11 14 10 65
5 96 15 65 0 11 7 19 13 44 12 29 9 47 3 86 8 47 18 50 4 18 10 97 17 40 2 55 1 12 6 49 16 24 19 40 14 36 11 88
18 13 2 49 3 24 14 54 16 20 9 84 5 57 13 84 12 88 8 86 1 15 10 45 19 2 7 3 11 21 17 53 0 72 6 15 4 3 15 47
0 45 7 66 3 7 15 52 5 21 16 45 19 43 14 83 8 4 12 38 9 84 13 98 1 61 6 90 11 31 2 11 4 52 17 53 18 55 10 37
5 80 13 50 14 51 11 72 18 87 8 67 3 1 19 42 0 73 4 91 17 22 15 33 1 37 10 12 7 84 9 73 16 12 2 71 6 29 12 71
17 84 11 25 9 72 1 15 10 5 13 74 0 73 4 45 15 61 19 7 2 39 3 67 16 48 5 10 8 59 7 58 6 28 18 3 12 14 14 91
