100 20
8 85 1 73 16 22 2 20 6 23 13 27 17 79 9 33 15 25 5 51 4 78 12 46 11 1 0 49 18 39 7 60 10 90 19 78 3 69 14 73
2 81 18 51 14 62 1 64 11 80 0 63 8 10 4 34 12 12 10 66 3 32 19 23 15 71 16 26 9 41 7 56 6 96 17 17 5 64 13 59
7 49 9 43 0 15 6 72 3 54 14 26 16 25 8 92 2 2 10 61 11 55 12 82 18 81 15 9 17 39 5 15 13 82 4 90 1 53 19 10
11 9 12 13 17 27 0 15 4 77 19 51 1 20 18 72 13 2 2 77 16 99 5 55 10 95 6 98 15 62 7 32 3 21 14 36 8 59 9 53
6 93 2 99 1 92 5 35 15 68 14 62 17 6 18 78 7 9 19 55 13 73 9 68 10 91 0 90 8 78 12 92 16 99 4 40 3 77 11 3
19 78 8 93 7 68 4 39 5 65 14 10 13 43 1 67 18 97 2 84 12 95 17 86 15 22 16 51 11 35 10 50 0 55 3 61 9 3 6 36
10 46 5 24 16 6 6 19 15 29 11 9 3 36 12 2 0 9 17 60 19 12 14 98 2 28 7 66 9 22 8 5 18 81 1 78 4 41 13 29
16 60 8 23 4 3 17 92 0 25 5 66 6 21 1 46 15 11 14 11 12 18 19 34 13 71 7 33 3 47 11 98 9 63 2 18 18 27 10 31
1 2 6 65 3 17 11 38 2 31 14 69 19 91 4 75 15 78 17 94 18 39 10 9 13 26 0 83 8 87 12 48 5 8 7 11 9 56 16 86
11 54 18 62 6 98 15 66 19 52 4 50 14 45 2 92 17 19 13 28 8 91 16 62 12 49 3 84 10 58 9 46 1 97 5 71 7 86 0 2
8 39 3 90 7 4 19 57 6 79 18 95 4 30 13 72 11 45 5 68 16 27 9 21 12 39 0 91 17 83 2 42 14 84 10 90 15 79 1 31
18 70 11 14 15 74 14 88 7 54 3 26 9 56 4 80 2 71 1 88 16 92 8 40 12 64 13 73 19 24 5 44 17 23 0 85 6 94 10 93
8 71 2 58 3 30 17 52 12 75 19 93 6 12 7 26 11 7 13 57 10 80 15 55 0 2 18 37 1 26 4 85 5 5 14 84 9 84 16 73
5 60 13 68 3 73 15 64 17 57 9 20 14 47 12 22 6 74 0 44 8 61 19 44 10 42 1 33 18 6 7 4 16 62 2 39 11 36 4 95
4 70 5 32 18 44 0 4 11 38 12 50 14 37 8 3 19 29 1 72 16 98 2 68 9 90 6 41 13 48 10 69 7 23 17 15 3 49 15 62
11 3 19 13 16 40 5 40 18 4 9 9 14 78 4 40 15 85 10 61 8 42 7 21 13 40 12 72 2 82 17 47 1 2 6 90 3 27 0 85
16 97 4 13 3 61 8 18 2 29 11 61 19 77 0 97 5 45 10 77 1 75 9 10 7 20 12 49 17 48 15 41 14 72 6 84 13 31 18 60
16 69 17 47 8 10 6 56 7 7 10 97 4 23 5 40 0 37 3 75 19 7 2 40 12 38 9 6 1 58 14 12 15 93 11 56 13 76 18 10
14 52 8 25 18 62 12 18 10 37 3 57 0 14 2 23 9 47 1 74 7 1 13 41 11 34 17 55 16 27 6 66 4 82 19 87 15 96 5 23
10 67 12 84 17 59 14 93 13 70 19 23 9 61 3 7 11 7 2 64 18 21 0 35 5 99 15 25 16 28 1 31 4 13 8 56 6 34 7 19
8 52 6 11 12 19 9 27 19 12 3 93 11 47 17 83 1 54 7 16 18 39 0 12 16 63 10 73 4 65 13 68 5 96 2 3 14 75 15 74
7 7 15 79 19 54 3 36 4 4 5 57 13 85 11 73 18 11 17 58 14 62 16 28 0 52 8 28 6 95 10 45 9 70 1 67 2 66 12 10
14 38 6 34 16 42 17 72 4 43 18 47 2 2 10 86 1 86 3 32 9 44 11 22 15 18 12 53 5 31 19 28 8 88 7 90 13 22 0 40
14 58 19 7 10 65 7 79 5 13 13 90 18 57 8 59 17 62 0 13 2 74 11 41 16 20 15 5 4 38 3 18 12 82 1 89 9 70 6 28
13 2 8 32 12 22 19 5 0 4 7 20 5 18 6 6 3 25 15 91 18 19 9 1 4 11 17 79 1 70 11 99 10 35 2 69 14 5 16 89
4 54 2 8 5 10 7 6 8 15 14 46 1 54 16 31 15 51 10 35 12 45 11 67 9 13 6 8 13 80 18 89 17 77 19 36 0 44 3 44
14 3 11 32 18 52 15 52 2 47 5 41 19 41 12 51 4 78 17 10 10 27 6 34 16 36 1 22 13 48 3 40 7 68 0 27 8 65 9 14
3 15 11 8 12 91 15 21 16 85 7 82 19 88 8 5 5 2 14 27 6 79 17 60 1 55 18 99 4 2 2 52 9 14 13 49 10 18 0 19
6 87 3 74 5 14 11 92 14 38 10 95 19 25 17 70 16 52 4 85 0 69 9 16 1 4 12 46 13 48 8 85 2 84 15 36 18 41 7 75
1 98 6 50 14 17 0 29 15 32 12 28 17 55 2 37 18 60 10 77 3 16 4 82 16 60 9 71 5 17 8 63 13 31 19 19 11 97 7 95
1 44 4 29 5 16 16 36 14 50 17 17 11 64 2 19 13 46 10 22 15 93 19 10 18 74 3 36 0 18 9 49 6 7 12 70 7 10 8 95
8 31 11 49 3 46 0 94 7 65 12 62 16 71 2 34 17 48 19 75 6 90 10 61 14 94 9 22 18 73 13 6 5 41 4 48 1 88 15 12
15 36 16 29 0 31 5 15 17 1 1 52 11 5 4 49 2 64 6 65 7 9 8 1 18 51 12 54 14 27 13 42 3 41 10 15 19 22 9 65
13 75 10 70 15 64 3 5 1 86 2 5 0 43 16 49 9 43 8 27 7 27 19 56 4 60 12 2 17 16 14 33 18 9 5 5 11 38 6 26
13 4 9 36 18 63 0 52 3 51 11 36 4 63 12 4 10 84 8 8 5 89 17 82 15 92 6 93 1 39 16 98 7 25 14 56 19 63 2 35
6 69 16 14 0 74 1 45 10 43 14 81 4 87 2 69 12 60 11 46 5 78 19 3 7 73 18 3 8 66 13 25 9 71 17 11 15 39 3 76
3 87 18 96 6 90 0 67 15 13 5 96 11 90 10 43 13 3 7 82 14 1 19 76 9 43 8 1 17 11 4 61 12 72 2 11 16 6 1 81
2 84 4 99 10 16 0 7 14 17 8 2 16 56 11 53 18 50 17 9 9 40 19 15 12 12 15 12 13 8 7 39 5 93 1 33 3 64 6 20
8 26 11 15 16 22 4 56 13 91 7 11 9 32 15 47 12 29 6 55 5 4 19 29 14 64 3 1 10 49 1 73 17 21 2 6 18 83 0 5
11 15 8 11 12 13 16 65 10 71 13 26 15 81 4 98 17 55 0 74 19 83 5 99 1 62 18 17 7 45 9 47 2 60 6 92 14 19 3 91
3 28 19 4 15 92 0 42 17 52 11 7 10 65 8 42 16 8 2 70 1 97 7 45 13 13 14 62 6 70 9 65 18 27 5 20 12 52 4 83
10 96 5 41 1 30 19 21 14 24 6 12 2 51 16 30 15 40 8 61 4 20 17 13 7 33 0 79 12 37 18 81 11 89 9 79 3 41 13 45
14 15 8 25 13 57 5 58 2 72 7 26 10 98 16 66 1 8 11 16 17 53 9 43 19 79 6 99 4 38 12 84 3 78 15 31 18 34 0 41
13 45 18 50 10 70 14 78 6 64 4 3 2 8 0 8 5 70 3 3 19 93 9 9 17 26 1 62 11 48 16 87 7 19 15 95 12 7 8 33
1 65 15 60 19 43 9 58 12 56 7 48 3 89 14 84 17 28 6 52 5 8 16 8 2 84 10 41 13 74 4 10 0 4 8 22 18 30 11 24
19 34 17 63 7 37 0 66 4 69 6 68 5 22 3 60 9 35 18 41 16 51 12 63 2 39 8 44 10 15 15 65 11 63 1 48 13 7 14 53
0 11 10 42 6 64 1 74 17 30 15 94 12 95 2 48 16 69 8 68 7 9 18 46 13 35 3 84 5 16 9 49 14 86 11 23 19 44 4 72
4 48 8 61 9 66 13 94 5 39 7 90 16 98 19 3 18 7 12 4 17 44 2 77 14 94 6 57 3 80 11 77 10 29 15 58 1 89 0 72
4 84 17 50 10 96 6 63 9 51 2 81 5 41 11 7 1 61 15 76 16 3 3 56 0 73 14 20 13 8 8 65 7 20 19 71 12 4 18 71
1 62 14 81 6 65 3 36 8 9 9 93 18 51 12 74 10 75 5 27 16 28 2 21 4 57 0 72 15 77 7 35 11 20 13 85 17 44 19 60
19 60 17 3 11 97 3 88 6 74 12 97 16 20 15 90 8 18 1 37 14 74 13 59 4 38 7 41 2 36 0 39 5 96 10 92 9 94 18 83
16 96 9 92 1 93 4 90 18 82 12 3 0 41 2 94 3 39 7 18 15 43 10 2 17 70 11 64 14 85 8 1 19 31 5 54 13 72 6 21
13 51 3 9 10 17 17 72 4 43 11 51 8 66 2 37 6 33 14 62 5 30 15 99 9 42 12 56 19 33 0 47 18 54 1 21 16 89 7 84
4 98 14 78 7 4 6 37 0 31 9 97 17 65 16 93 11 93 19 29 2 44 3 27 10 17 1 82 13 31 12 44 15 17 8 21 18 42 5 26
2 67 15 26 4 89 11 87 17 23 10 57 7 17 16 3 14 85 13 3 8 97 9 93 3 6 19 37 0 96 6 23 1 64 18 19 12 62 5 30
16 91 13 57 15 86 3 90 17 17 4 36 0 81 19 79 6 6 5 53 14 60 8 87 7 89 12 79 10 28 9 11 1 60 18 99 11 59 2 91
9 30 7 87 17 49 19 57 16 78 1 73 6 79 14 27 18 17 15 75 5 41 8 25 13 79 0 6 4 67 3 61 11 90 10 85 12 10 2 27
1 75 13 55 5 72 9 46 11 83 0 11 7 37 14 42 2 69 4 2 12 2 18 91 6 78 16 92 8 74 19 93 17 31 3 25 15 98 10 57
0 51 18 98 5 5 4 25 13 83 15 41 2 21 16 60 17 70 9 67 8 33 7 15 10 10 1 82 11 9 14 97 19 65 3 99 6 28 12 50
17 32 19 37 7 96 15 72 4 65 16 14 11 62 9 40 18 9 8 12 12 98 0 87 13 28 1 69 2 98 5 46 6 25 14 94 10 4 3 45
1 77 19 72 5 80 8 61 11 23 10 68 12 27 0 24 4 95 13 18 3 41 17 86 9 74 15 95 14 12 16 99 6 36 18 93 2 51 7 27
9 60 7 11 6 22 18 13 5 24 0 25 15 53 14 47 2 57 19 42 8 94 16 39 13 63 11 41 4 81 17 92 1 97 10 73 12 22 3 99
4 1 7 48 16 36 9 39 12 56 17 12 2 14 14 40 18 27 13 35 19 85 11 51 0 33 3 90 5 94 8 61 1 79 15 70 6 64 10 50
9 67 3 14 8 38 19 39 12 12 17 91 2 37 10 80 6 85 16 14 4 58 1 57 15 77 5 22 7 79 11 1 13 11 14 46 18 73 0 34
2 67 1 39 8 1 10 51 16 52 17 8 11 69 14 97 4 56 19 42 5 30 13 17 15 56 6 93 18 21 9 28 7 41 3 66 12 57 0 23
2 35 6 30 18 49 19 95 12 40 10 3 5 63 1 15 16 75 8 47 3 72 7 15 15 47 11 20 4 66 9 87 17 94 0 63 14 1 13 1
12 11 3 35 2 27 16 29 6 14 7 66 9 17 15 27 5 37 14 17 4 14 8 60 11 8 17 77 10 34 0 8 1 92 13 97 19 56 18 94
15 24 16 29 17 82 14 4 18 32 1 82 3 76 6 95 7 99 8 64 13 52 5 16 11 18 2 43 9 82 12 20 4 82 10 89 19 60 0 70
9 71 16 3 19 84 18 80 15 37 17 80 14 54 10 78 0 19 3 45 6 43 8 82 13 18 7 70 2 73 1 51 5 14 11 72 4 79 12 24
17 21 4 51 3 54 16 32 15 9 10 77 8 45 7 64 11 27 19 34 12 25 14 76 9 5 0 92 1 7 13 77 2 48 18 30 6 86 5 23
6 65 9 81 4 45 15 32 5 41 18 11 13 30 12 2 16 44 11 31 1 18 3 45 7 33 19 41 10 31 14 70 0 89 17 17 2 51 8 65
0 5 7 97 11 64 8 71 6 86 17 77 3 39 10 58 4 37 12 58 9 24 2 69 5 39 16 18 14 51 1 93 13 71 15 32 18 22 19 11
6 13 1 27 16 14 18 20 11 10 8 2 7 68 3 77 9 65 10 93 2 42 5 54 0 68 4 36 19 79 15 97 14 29 12 13 17 71 13 24
7 52 11 5 13 35 19 42 18 18 0 10 8 45 16 29 2 28 15 9 10 42 4 71 1 36 5 16 6 61 3 44 14 31 12 82 17 37 9 1
11 35 8 9 10 95 19 11 13 41 16 9 12 44 5 26 6 76 14 82 0 78 2 27 18 39 9 97 1 76 17 85 3 40 7 88 4 66 15 37
9 70 16 11 0 72 3 28 2 34 18 42 11 94 13 72 4 85 5 85 12 45 17 3 10 15 6 70 19 31 1 51 15 90 8 91 14 94 7 88
18 56 8 54 17 35 15 16 1 62 16 14 7 45 4 97 12 56 3 54 14 83 9 58 11 80 5 29 10 79 2 64 6 55 13 27 0 46 19 71
0 51 3 93 18 80 15 77 11 8 13 28 14 21 17 28 6 24 9 87 16 31 1 93 2 28 19 76 10 24 12 13 4 17 8 98 5 56 7 96
12 55 9 97 5 27 17 57 0 57 14 38 2 34 6 77 11 41 8 22 1 67 10 35 16 54 7 97 18 76 3 19 19 23 15 64 13 87 4 63
7 36 18 45 6 48 3 20 15 29 9 49 17 11 2 46 4 55 13 30 5 73 19 51 12 72 14 59 8 32 10 73 16 14 11 76 0 37 1 90
18 61 9 61 13 32 15 17 3 61 8 93 11 43 1 92 0 12 16 79 12 46 10 40 17 91 4 94 19 91 6 31 14 50 5 6 7 17 2 2
6 2 7 92 1 17 17 65 8 24 12 49 19 88 11 78 4 44 10 58 0 68 2 47 3 48 16 15 15 70 13 92 18 35 9 79 5 9 14 79
15 85 11 40 2 16 6 59 4 5 16 94 17 88 9 48 5 36 7 33 13 8 10 59 8 80 1 51 19 57 14 62 0 69 12 17 3 10 18 22
2 43 16 1 17 9 18 29 19 61 15 87 10 81 1 50 8 23 4 8 5 88 13 11 14 3 0 69 7 54 12 49 6 58 3 26 11 74 9 52
0 38 7 82 9 16 1 95 2 94 11 98 18 93 19 48 14 20 8 36 5 48 16 14 6 56 12 75 15 22 4 3 10 99 13 63 17 49 3 97
4 29 6 16 3 96 19 37 13 59 2 86 18 72 7 37 10 24 11 80 16 78 5 30 0 92 17 97 8 92 15 71 12 51 14 92 9 3 1 67
15 75 3 27 8 10 5 87 19 45 10 88 11 62 16 63 17 85 4 19 1 98 2 75 0 2 9 5 7 77 6 71 14 15 12 24 18 90 13 74
8 11 17 4 14 65 1 89 2 59 13 19 16 39 9 65 10 52 12 14 0 63 11 45 6 59 4 50 15 84 18 10 7 64 5 99 3 80 19 25
19 58 10 63 3 3 11 32 17 29 9 98 0 17 14 78 18 89 7 88 4 44 2 15 15 63 5 33 12 24 1 50 16 59 6 67 13 52 8 75
2 9 13 88 10 72 17 72 12 6 14 25 15 37 9 38 19 21 18 76 11 41 3 86 6 94 8 43 5 79 1 27 7 96 16 51 0 41 4 38
18 74 14 91 2 28 5 28 13 65 10 15 15 22 4 11 0 31 19 73 1 90 9 95 11 15 6 91 17 10 3 68 8 85 7 54 12 81 16 1
5 1 13 37 17 96 14 39 12 53 19 32 4 18 1 20 16 59 2 45 0 71 7 70 11 32 6 66 15 74 18 98 8 17 3 4 10 4 9 94
13 42 5 86 18 84 9 35 2 93 11 22 7 96 4 4 3 13 1 73 16 72 15 73 12 58 10 30 6 84 19 10 17 60 14 51 0 26 8 69
6 31 13 97 12 38 3 2 9 55 19 39 18 78 17 86 0 39 5 71 16 28 4 91 2 24 11 93 10 71 15 92 7 56 14 2 1 18 8 46
5 47 6 78 10 36 19 23 2 31 15 3 12 60 9 91 8 30 13 46 11 1 14 3 16 38 3 30 4 12 18 60 0 49 7 32 17 43 1 62
1 11 10 55 13 81 0 58 5 62 8 60 4 90 2 2 18 41 15 81 6 42 17 72 16 49 3 54 19 83 11 41 7 94 14 42 12 55 9 25
0 36 14 7 6 28 8 60 11 87 15 76 9 49 16 89 1 89 3 70 2 42 10 98 7 90 18 79 17 51 5 33 12 81 4 71 13 38 19 75
17 9 15 29 4 98 7 5 2 73 9 63 16 71 11 7 18 52 10 79 19 53 6 47 14 17 3 84 12 77 0 11 13 62 8 58 1 89 5 60
9 31 3 46 14 66 2 48 10 4 19 8 16 60 7 9 1 68 8 26 18 82 4 83 11 57 5 85 17 17 15 49 6 88 13 71 0 58 12 39
6 71 18 13 1 92 9 43 4 60 7 37 16 54 2 78 19 57 12 28 3 41 8 68 17 12 10 73 5 35 0 90 14 82 15 14 11 81 13 97
