100 20
12 26 8 14 0 96 1 46 7 61 11 93 3 19 9 60 13 69 17 42 14 44 2 16 19 80 6 56 18 87 5 66 10 5 4 45 16 44 15 2
14 61 3 30 1 92 0 64 7 16 10 36 15 53 13 82 16 63 11 26 9 65 19 51 5 74 17 65 8 21 4 39 18 56 2 78 12 3 6 99
16 15 15 11 14 53 4 63 0 81 7 20 3 37 19 68 12 19 1 20 8 61 10 87 2 71 17 2 11 28 13 72 18 4 9 2 6 86 5 30
13 95 10 9 0 26 7 92 1 42 8 93 11 39 15 79 6 86 2 3 9 76 5 77 16 57 18 9 19 54 17 42 3 15 4 80 14 41 12 69
14 11 10 94 7 80 12 90 15 54 4 15 19 60 6 88 17 57 18 20 9 65 3 55 11 48 13 61 2 22 16 28 1 90 0 53 8 65 5 92
1 84 8 94 7 27 9 67 18 28 16 6 14 7 11 5 5 42 17 40 3 17 2 36 10 91 0 95 15 12 6 22 4 2 19 6 12 18 13 24
10 13 8 47 14 95 11 17 17 1 1 6 18 46 12 55 3 88 2 15 0 64 6 21 13 36 15 99 16 62 19 73 5 92 7 73 4 50 9 13
6 2 19 5 3 76 10 89 12 42 5 53 8 87 7 97 4 40 18 11 2 50 0 52 13 59 15 2 14 24 17 66 9 79 1 32 16 89 11 96
16 36 0 27 9 73 10 81 1 12 18 19 4 28 8 31 15 22 7 5 19 76 17 60 11 89 3 56 13 48 5 12 14 69 12 59 6 36 2 37
4 34 2 79 0 38 6 8 9 47 11 60 10 82 18 50 3 97 13 10 12 24 16 95 8 72 5 11 15 84 1 55 17 88 19 77 7 63 14 81
15 60 3 20 6 72 17 53 12 42 9 89 16 64 19 95 2 87 4 96 1 18 7 28 14 16 8 78 18 22 10 9 0 80 13 12 5 44 11 28
14 75 7 99 6 6 8 32 16 37 9 21 18 53 0 53 1 46 13 42 3 65 10 53 4 45 12 72 15 32 11 84 5 52 2 98 17 76 19 10
2 19 5 1 1 97 12 94 17 84 10 79 7 26 8 84 15 56 4 60 9 1 14 11 16 90 6 25 19 68 3 8 13 95 0 55 11 10 18 1
15 66 1 15 3 47 12 16 19 88 11 87 4 56 13 25 14 54 8 66 18 16 5 70 0 33 2 87 7 9 6 46 10 11 9 34 16 3 17 49
12 50 13 63 1 36 5 46 14 82 0 94 10 35 6 79 2 5 15 60 3 48 4 13 9 44 19 70 17 38 18 20 16 93 7 2 11 52 8 27
6 79 1 98 13 52 16 62 10 45 4 1 5 33 18 88 14 86 9 7 15 11 19 7 8 80 17 39 11 25 0 3 3 45 12 16 2 30 7 1
2 43 3 9 4 47 14 99 5 78 11 57 16 4 10 84 8 35 17 90 13 1 18 35 19 21 15 29 6 32 1 12 12 28 9 30 7 64 0 9
6 6 19 88 7 41 14 18 9 11 0 88 11 55 13 56 5 23 12 15 17 47 8 35 15 50 10 39 18 78 16 37 3 30 4 58 1 71 2 51
6 18 14 88 2 66 13 49 16 56 4 69 8 71 11 7 0 7 18 65 3 78 1 29 12 2 19 52 9 99 5 59 7 47 10 96 15 67 17 40
17 32 7 44 19 1 13 24 9 64 4 40 16 74 6 48 2 86 10 88 12 8 8 76 15 68 3 30 1 62 14 48 11 2 0 29 5 90 18 18
2 32 5 77 16 23 15 70 4 62 9 92 11 78 3 51 8 22 12 11 7 33 6 54 14 82 17 53 18 67 1 33 19 20 0 17 13 83 10 85
7 68 1 73 0 66 9 12 3 2 10 8 18 13 11 39 13 47 14 61 17 17 2 95 12 90 16 58 19 45 15 12 4 66 5 16 8 74 6 52
9 68 4 47 16 12 11 43 12 33 17 28 6 19 14 32 5 68 10 98 18 68 19 40 8 26 2 2 15 30 1 53 0 52 7 65 3 94 13 55
7 21 19 3 13 27 8 21 9 96 11 93 2 81 0 50 5 20 6 10 1 17 17 27 4 90 12 46 3 98 16 52 10 50 15 1 18 26 14 6
16 48 10 9 3 65 18 23 19 82 2 89 12 7 14 5 5 17 13 60 17 86 6 66 0 50 15 64 8 48 1 60 7 28 11 42 9 36 4 75
18 52 9 49 17 79 14 40 12 63 7 4 13 54 4 11 11 44 2 32 10 33 15 7 6 21 16 7 3 29 5 82 8 24 0 68 19 83 1 20
5 44 9 81 19 82 16 12 17 14 18 74 7 8 0 30 2 31 12 36 10 46 15 82 11 96 13 9 4 81 3 91 6 64 14 99 1 10 8 23
11 77 18 50 3 86 5 22 0 98 9 86 12 42 6 58 13 32 10 61 2 71 8 58 17 36 19 99 14 33 1 35 15 34 4 26 7 4 16 76
15 61 5 92 6 34 14 22 11 48 12 95 7 46 17 74 4 76 10 27 19 42 2 63 3 49 13 85 0 62 16 23 8 86 18 40 1 27 9 62
14 65 16 4 2 17 5 47 7 19 15 51 13 44 12 80 10 47 1 56 19 17 18 78 9 1 11 73 8 86 6 48 4 88 3 4 0 15 17 19
7 97 11 92 8 97 1 26 16 99 3 32 10 78 19 88 9 77 2 83 6 37 13 24 14 93 15 31 0 76 5 55 12 3 4 31 18 92 17 13
9 45 13 89 5 10 7 84 1 7 18 52 6 95 2 64 10 81 14 69 4 82 0 97 3 96 19 92 12 38 8 71 17 87 15 81 16 87 11 33
3 31 6 18 7 78 15 34 8 72 2 60 14 94 16 12 9 71 19 70 11 86 17 42 0 49 12 75 10 45 13 48 5 12 4 89 1 61 18 21
3 67 15 8 0 26 7 65 19 76 1 22 8 61 9 84 10 73 14 48 11 48 12 90 5 56 17 30 18 11 16 39 2 30 6 70 4 60 13 51
2 38 15 83 18 13 4 57 17 76 3 95 10 73 9 68 5 59 6 70 12 91 19 14 8 41 11 28 14 96 13 97 1 11 7 46 16 77 0 1
12 17 14 6 10 12 19 70 15 31 13 62 18 77 1 20 9 40 17 45 7 41 3 10 11 76 16 96 2 81 8 76 6 6 4 99 5 88 0 11
18 30 16 58 9 96 8 94 12 25 3 76 7 76 15 16 1 17 5 5 17 9 4 47 14 48 6 3 19 65 0 71 11 95 10 51 2 35 13 52
9 80 0 78 15 90 2 34 19 50 8 51 4 52 18 60 14 91 16 3 6 77 11 73 12 83 1 48 17 26 10 34 7 44 5 84 13 10 3 50
4 60 14 49 3 20 19 9 13 89 0 31 7 25 18 63 12 97 11 98 5 3 17 71 10 79 15 48 16 2 9 8 8 30 6 58 1 40 2 21
1 62 5 62 10 65 6 43 3 44 19 1 4 33 11 7 18 93 13 22 17 89 12 18 16 26 0 7 8 97 2 77 7 31 14 33 9 61 15 41
4 15 7 56 14 20 1 39 0 52 9 30 12 92 17 47 6 32 3 88 16 8 15 13 5 28 11 71 8 87 2 5 13 42 18 56 19 76 10 85
13 44 16 52 14 17 6 12 8 59 4 1 11 65 17 55 18 77 1 66 9 23 2 88 19 66 12 96 7 54 3 85 5 24 10 61 0 43 15 85
5 79 0 9 16 52 3 24 9 39 6 91 18 48 10 94 17 69 12 60 7 51 15 13 8 52 1 30 13 30 14 57 4 28 11 99 19 8 2 56
7 46 14 63 2 2 18 98 5 66 19 83 9 15 6 41 16 8 0 96 11 24 3 40 12 42 8 62 1 43 15 80 13 39 10 54 17 23 4 56
19 59 4 59 1 97 8 54 5 76 16 72 17 49 15 7 3 63 10 57 12 6 6 26 9 87 0 18 11 35 14 50 18 84 13 74 2 85 7 22
10 52 5 96 16 20 12 93 8 38 15 4 11 73 19 50 6 28 7 35 17 85 4 7 2 92 13 23 0 85 18 43 14 86 1 16 3 80 9 67
10 88 1 21 2 23 12 39 19 30 0 5 17 60 3 73 15 30 6 43 4 65 16 32 7 70 18 6 14 78 11 42 9 75 8 65 13 59 5 37
14 62 3 41 7 50 12 74 10 43 9 36 6 22 16 20 4 60 17 6 0 42 11 50 1 69 2 1 19 2 13 67 18 70 5 45 15 89 8 97
7 71 8 88 16 26 5 12 12 18 13 45 3 2 6 13 2 36 11 99 1 60 4 75 18 75 9 30 17 98 10 90 0 93 15 63 19 28 14 54
16 72 7 33 4 76 8 51 1 92 14 81 6 28 3 62 9 81 19 14 13 52 5 13 10 59 11 12 0 25 12 98 2 12 15 1 17 16 18 73
9 64 8 48 14 59 6 13 13 16 0 95 10 15 18 34 19 63 1 7 7 40 4 9 3 59 11 53 15 22 12 70 2 50 16 43 5 3 17 44
5 2 1 71 7 80 10 11 0 87 17 38 19 57 3 17 2 55 11 93 6 13 12 90 16 36 14 46 18 28 13 60 8 85 15 85 4 48 9 80
2 11 13 94 18 33 15 33 11 62 16 60 10 61 17 55 7 67 4 36 1 67 5 89 19 58 3 18 8 74 9 67 6 4 14 35 12 65 0 91
14 48 4 49 3 93 1 69 7 93 6 25 2 1 9 93 10 41 12 29 19 98 17 61 18 66 0 92 8 96 15 32 13 87 11 10 16 6 5 73
7 28 4 48 14 58 17 19 2 34 5 89 0 7 18 17 10 16 15 54 19 38 13 82 16 1 9 73 8 21 1 19 12 88 3 88 6 24 11 45
7 70 4 48 12 62 17 47 14 7 6 13 8 4 0 63 5 19 19 68 2 96 3 42 1 42 13 80 9 66 18 92 10 80 11 92 16 47 15 83
5 18 14 42 3 50 19 63 2 25 12 67 16 63 9 84 6 6 8 69 0 69 11 2 18 16 15 49 1 72 13 60 7 94 10 81 17 41 4 59
15 22 8 89 12 1 2 65 5 63 4 84 3 61 17 61 10 68 6 18 19 42 14 6 18 21 16 47 11 67 1 34 9 1 13 93 0 44 7 10
15 53 19 23 17 68 0 93 16 59 10 26 5 32 3 63 18 80 11 60 13 68 9 64 8 99 4 61 1 71 14 62 12 92 7 44 2 44 6 75
18 94 12 70 14 13 19 13 8 76 7 36 16 47 6 24 11 98 13 83 4 38 10 80 5 73 0 70 3 43 9 25 15 37 2 73 1 50 17 89
8 11 16 30 10 90 15 9 0 49 4 34 17 49 18 35 9 1 14 78 6 27 1 46 13 95 3 48 12 70 11 12 19 73 5 62 2 21 7 32
9 73 18 30 4 44 3 74 1 47 10 56 5 86 8 43 7 87 16 31 15 50 19 23 12 70 17 48 13 85 11 33 0 16 2 88 14 66 6 56
2 80 15 26 18 6 3 45 4 47 6 50 17 92 1 57 19 45 10 44 9 23 11 67 14 60 13 83 12 9 16 36 7 53 8 90 0 22 5 86
0 72 15 90 12 31 1 3 4 50 18 89 5 80 9 5 3 25 10 55 19 63 16 70 2 37 7 20 14 59 8 37 11 53 17 44 6 31 13 52
9 61 5 31 18 51 2 39 14 12 4 49 3 6 17 12 1 58 13 25 0 90 10 63 8 64 12 1 16 66 7 14 19 21 15 17 6 84 11 66
1 7 8 41 15 12 16 13 4 33 9 93 14 79 2 37 19 49 13 13 0 48 12 91 3 34 11 64 7 81 10 36 5 25 18 38 6 77 17 13
14 97 3 75 5 9 8 85 12 62 17 90 18 12 4 76 19 80 0 46 15 87 16 72 2 94 6 7 9 40 1 9 10 56 13 46 7 78 11 37
6 10 0 47 10 86 2 33 8 28 18 52 9 78 11 81 13 41 5 17 14 64 1 7 17 81 19 27 3 15 16 24 15 27 12 98 4 38 7 38
6 69 16 8 9 66 0 46 2 9 7 96 11 59 4 79 19 46 3 93 10 87 5 58 15 7 14 65 1 14 13 37 12 62 18 1 17 96 8 97
14 76 16 92 2 19 12 98 6 9 18 98 5 98 13 56 1 57 7 33 19 78 9 21 0 23 8 85 15 47 10 73 17 97 11 59 4 81 3 81
17 12 18 82 2 97 0 99 19 28 6 1 12 95 8 77 14 11 7 90 3 3 15 17 5 84 4 56 9 77 10 12 1 79 11 14 13 8 16 15
19 52 14 38 10 98 12 99 7 91 18 15 3 56 9 33 0 6 6 27 11 53 13 94 17 70 4 25 16 88 5 94 2 51 15 16 8 58 1 11
4 46 19 81 10 68 9 66 17 98 3 58 2 53 8 80 16 25 18 9 13 74 12 64 11 41 15 90 14 97 7 52 0 88 6 9 5 41 1 25
10 73 18 11 3 36 7 27 16 11 2 88 6 39 0 82 8 26 15 68 1 94 14 67 5 84 4 24 13 55 12 19 11 71 19 78 9 90 17 67
6 25 16 75 14 27 15 94 10 31 3 23 7 24 0 99 13 7 1 86 9 63 8 14 17 7 4 42 11 48 12 67 2 32 18 18 19 65 5 59
19 59 10 71 8 11 12 86 17 58 9 14 3 60 1 8 11 47 15 62 0 79 16 37 5 27 13 33 2 50 18 40 4 23 7 48 14 86 6 79
5 53 12 64 2 52 4 56 0 70 3 4 9 7 15 32 10 32 14 76 17 95 18 57 19 6 7 59 11 7 16 50 6 84 1 54 13 57 8 97
18 14 5 57 4 75 2 1 8 31 16 84 10 85 7 31 1 36 19 26 13 60 11 52 12 81 9 79 15 6 3 82 17 37 14 4 6 52 0 69
5 66 10 97 7 5 17 65 0 58 18 63 2 61 13 40 4 58 9 22 6 87 3 31 15 64 12 80 16 48 19 56 1 3 11 95 8 7 14 18
11 58 9 93 4 57 15 93 6 56 8 64 19 75 3 34 12 76 7 35 0 19 17 31 5 2 16 44 10 89 1 49 14 15 13 77 18 35 2 71
19 23 6 62 4 43 17 31 15 81 9 41 12 31 14 96 18 53 13 3 3 53 11 76 0 7 7 67 2 93 16 82 1 53 5 48 10 32 8 21
3 90 15 85 6 35 14 13 10 31 5 17 16 40 9 69 13 2 18 32 0 40 12 23 7 20 4 39 1 12 19 62 8 50 11 23 17 26 2 77
10 64 1 53 4 36 11 64 2 88 3 93 5 79 13 92 15 76 7 43 0 77 17 11 8 49 9 44 19 67 16 56 14 78 6 35 18 30 12 29
11 86 17 35 4 42 19 73 14 57 18 77 2 82 13 32 5 38 10 50 3 82 7 8 16 63 8 4 9 35 1 2 0 26 15 45 6 20 12 36
14 85 0 3 16 56 18 25 8 16 19 24 17 7 10 2 4 45 11 70 7 11 2 94 15 6 1 67 5 49 6 3 13 91 9 68 3 97 12 26
2 70 12 74 19 10 9 79 14 61 0 55 3 70 17 30 8 85 6 24 7 39 10 30 4 17 1 45 16 93 18 44 5 63 15 94 13 22 11 48
4 80 8 56 19 83 9 2 13 16 18 63 1 71 5 4 12 71 16 84 3 67 2 88 15 57 14 62 6 1 0 29 10 39 17 6 7 83 11 73
1 20 10 11 12 26 4 30 5 13 0 65 6 72 16 8 15 18 18 77 17 83 2 65 13 46 8 4 11 20 3 72 9 49 19 86 7 2 14 13
3 7 5 28 15 71 13 24 2 73 1 45 9 86 10 33 16 53 14 82 4 39 12 34 8 54 17 69 6 62 0 30 11 95 18 32 7 67 19 28
1 8 11 14 3 35 14 76 6 53 18 36 15 94 10 92 0 81 4 94 13 63 5 32 17 83 16 37 12 72 2 45 8 10 9 39 19 38 7 22
14 63 1 68 10 77 2 94 16 40 7 71 15 45 5 4 0 45 19 96 4 17 18 43 11 83 6 38 9 37 12 16 8 53 3 5 17 76 13 51
8 43 16 15 12 87 9 48 14 32 7 83 3 62 5 92 17 49 0 87 19 25 6 92 10 1 4 37 2 20 1 37 18 79 13 13 11 43 15 12
5 61 14 88 11 11 0 99 15 86 3 33 19 9 4 41 7 94 12 45 8 78 9 39 1 64 10 36 2 8 13 53 18 58 16 48 17 31 6 89
17 59 12 81 7 2 6 65 11 43 16 79 5 17 13 94 10 48 8 78 9 52 14 97 18 94 15 31 19 84 1 42 2 17 4 56 3 59 0 70
18 87 7 29 10 11 15 79 2 94 4 81 1 50 14 25 17 75 3 93 6 5 9 95 11 32 12 13 19 24 0 48 13 14 5 61 8 47 16 47
3 19 18 66 11 5 7 11 15 66 9 91 14 49 1 21 17 56 12 15 13 77 8 27 19 92 2 60 16 65 6 38 10 99 0 96 5 65 4 16
7 82 4 57 17 59 9 1 15 73 19 96 18 86 11 20 2 33 16 58 14 30 13 28 5 77 6 28 10 50 12 30 8 84 1 93 0 58 3 93
4 98 11 50 1 53 3 70 0 31 15 99 17 52 16 74 6 49 14 2 18 95 19 57 12 79 7 40 10 13 5 83 2 61 8 21 13 89 9 74
10 24 0 20 1 77 18 80 4 79 7 13 19 37 17 60 2 49 6 29 11 70 14 32 16 38 3 92 9 4 8 72 12 69 15 83 13 97 5 66
7 12 5 6 16 3 14 8 2 63 0 74 1 69 4 53 6 65 3 11 17 31 18 50 9 52 15 39 11 68 19 30 13 35 8 36 10 53 12 64
