100 20
18 17 19 52 10 41 4 89 0 21 8 92 3 96 17 15 15 91 6 97 9 14 12 20 14 65 16 52 5 16 1 70 7 94 11 55 13 70 2 62
6 16 13 32 16 64 14 25 2 66 7 46 1 72 18 31 4 64 12 21 19 12 17 53 15 36 5 74 10 28 3 1 0 66 11 88 9 42 8 97
5 47 12 51 13 48 11 98 10 32 15 49 1 24 3 80 18 58 14 34 16 10 4 37 8 42 2 66 6 26 0 90 9 44 17 87 7 96 19 73
15 6 8 70 19 2 4 66 2 57 9 84 12 37 5 32 18 25 6 28 14 71 7 68 3 58 16 92 10 46 0 44 17 73 11 12 1 30 13 51
13 2 0 70 6 67 19 77 18 65 5 6 12 48 16 60 11 12 4 65 8 8 15 99 10 26 3 90 14 39 17 35 9 51 1 54 7 58 2 26
10 87 4 58 3 29 5 70 12 42 9 36 17 50 11 92 0 32 14 21 13 74 19 84 6 28 16 38 15 87 18 3 8 20 7 2 2 66 1 24
15 25 9 94 16 18 8 95 3 17 11 73 2 25 17 15 10 90 0 63 13 11 19 89 14 34 18 40 7 97 12 13 1 18 5 77 4 59 6 24
15 26 11 91 16 8 6 57 7 55 10 54 9 60 2 14 0 11 19 22 3 13 4 21 8 59 14 89 13 9 17 77 12 88 18 25 1 45 5 69
0 32 16 60 6 55 14 72 17 78 4 81 19 76 7 10 10 58 2 17 5 52 11 17 1 76 9 55 12 59 15 94 13 60 3 36 8 83 18 5
16 33 0 55 18 13 4 97 10 30 8 94 12 17 13 32 14 70 6 37 19 50 2 75 9 64 5 37 17 32 1 11 3 37 7 12 15 91 11 58
4 26 3 74 6 80 16 19 10 11 18 27 1 3 17 7 19 45 15 84 14 18 13 98 12 8 0 45 9 6 11 63 8 43 5 12 2 2 7 87
18 64 15 71 16 45 13 40 12 45 11 97 14 24 17 29 10 78 6 58 9 58 3 12 5 99 1 2 4 32 7 35 2 37 8 81 19 89 0 7
5 60 7 92 17 88 3 88 6 94 12 42 18 50 0 74 15 4 10 4 2 8 13 46 9 76 19 49 14 18 4 3 11 70 1 72 8 92 16 93
11 99 8 42 6 20 2 78 16 64 15 76 5 34 13 76 10 35 14 27 9 32 3 97 4 50 17 22 1 10 0 48 18 23 7 87 19 87 12 86
18 24 13 10 17 24 4 49 0 35 1 77 5 6 7 75 16 60 14 26 19 45 10 64 12 21 9 63 8 12 6 96 15 86 11 40 3 90 2 55
6 75 14 12 13 19 15 43 2 40 8 41 12 31 16 43 3 67 4 41 10 96 11 26 7 46 9 82 5 57 18 1 1 88 19 23 17 86 0 11
0 23 18 10 10 79 3 36 13 64 5 55 17 68 7 34 8 97 12 5 19 26 11 54 2 30 4 38 6 89 9 49 16 39 15 86 14 81 1 6
5 25 10 9 14 99 1 79 2 23 3 80 19 12 4 93 0 90 6 10 18 65 9 91 15 40 16 47 17 73 12 53 8 1 7 29 13 7 11 91
15 24 9 58 0 69 1 8 11 85 7 79 10 47 16 32 18 20 2 46 8 15 6 21 3 5 5 45 4 1 13 61 17 72 12 6 19 24 14 38
4 22 9 96 13 35 5 30 19 80 2 27 1 95 15 12 11 39 3 19 16 15 8 47 12 10 0 84 17 48 18 49 10 3 7 58 6 29 14 56
14 50 11 14 12 67 6 68 13 37 7 32 4 40 0 38 16 42 19 85 8 41 3 16 5 95 10 12 9 79 2 31 15 90 18 68 1 34 17 40
10 85 5 44 18 85 7 5 3 70 9 12 8 12 19 93 11 60 16 17 0 82 14 67 6 77 4 65 1 71 15 7 13 57 2 3 12 51 17 84
3 5 7 87 8 66 15 63 0 93 4 37 2 96 19 73 14 35 11 62 10 75 1 83 18 60 16 36 9 70 12 20 6 55 5 71 17 79 13 62
8 68 13 41 14 57 7 54 15 47 11 59 9 24 18 77 3 14 6 80 16 69 1 15 12 16 0 48 17 56 10 68 5 9 4 21 19 36 2 17
0 54 2 19 3 50 16 34 4 49 6 77 12 82 17 53 7 96 13 12 1 72 10 89 8 50 9 51 11 98 14 52 18 94 15 43 19 40 5 25
9 24 19 31 2 34 14 38 3 39 6 94 1 96 15 81 11 56 4 48 5 20 17 47 7 92 12 2 8 72 10 61 16 53 13 42 0 13 18 22
2 22 9 89 17 50 13 80 18 38 3 89 6 50 4 12 8 26 11 98 5 78 19 60 7 35 10 6 15 70 14 11 0 42 1 22 16 76 12 77
4 12 13 13 0 75 1 5 10 69 15 71 2 91 17 74 9 85 8 48 6 71 12 46 16 35 14 70 7 73 19 95 3 52 5 20 18 53 11 28
16 19 7 15 15 91 2 90 11 92 6 21 1 47 3 61 0 47 18 64 5 46 14 95 4 88 12 38 10 20 19 67 13 10 9 2 8 7 17 44
5 71 1 13 3 73 13 67 8 90 2 58 16 37 9 62 19 26 11 85 12 60 14 55 10 79 17 96 6 36 0 70 4 16 15 11 7 5 18 11
19 31 7 64 8 32 11 80 15 93 3 79 9 29 5 54 2 8 14 53 4 47 17 78 1 44 0 36 6 36 13 58 12 62 10 56 16 75 18 17
14 51 5 5 8 78 9 92 0 42 15 44 3 66 4 9 18 23 13 20 2 2 6 2 16 49 11 64 19 89 17 57 1 31 12 75 10 83 7 80
19 27 6 45 7 52 17 35 1 90 0 88 10 2 12 11 18 42 5 23 15 70 9 95 14 75 2 65 3 21 13 75 8 53 16 17 11 24 4 90
16 76 1 63 7 86 17 52 9 65 5 16 3 36 6 63 0 76 11 23 19 33 4 58 2 42 15 52 13 30 12 65 14 63 18 38 8 59 10 16
7 8 10 15 9 1 3 60 19 25 12 57 2 37 14 18 5 42 4 96 16 41 8 50 17 71 18 34 13 49 0 68 15 58 1 58 11 3 6 17
0 82 18 84 7 65 5 70 17 69 19 97 10 29 3 13 12 4 2 8 14 67 8 86 13 90 1 83 6 16 16 46 9 68 4 76 11 89 15 36
17 95 14 1 18 68 10 58 3 87 2 20 8 43 6 66 1 62 7 50 19 31 0 94 16 69 11 87 15 87 4 34 13 16 9 60 5 90 12 58
5 88 3 49 4 65 18 77 14 74 7 19 1 65 13 80 6 78 8 77 10 74 17 12 15 26 9 7 11 20 12 44 16 28 0 71 19 19 2 47
4 59 0 74 14 60 3 91 16 62 17 15 5 87 9 74 6 14 2 55 12 6 13 50 19 35 8 62 1 65 7 31 15 3 18 40 10 2 11 45
13 5 18 11 1 74 9 9 19 53 3 49 7 54 6 83 10 6 11 47 8 43 15 50 14 38 2 41 12 52 5 90 0 87 17 23 4 32 16 62
9 45 11 69 15 30 5 74 6 62 19 62 13 17 17 49 1 74 12 60 14 61 3 92 16 11 4 44 10 28 7 76 18 60 2 68 0 90 8 73
5 40 15 96 12 62 7 56 19 84 9 18 8 52 1 88 10 16 2 95 0 91 11 95 3 84 6 22 13 88 18 6 16 87 17 38 4 49 14 24
16 18 0 73 13 20 19 12 1 35 9 91 18 79 12 6 4 7 7 69 3 33 5 14 8 73 11 92 2 33 14 63 15 7 10 13 17 76 6 14
2 37 14 95 0 79 5 25 4 66 12 84 18 48 6 97 3 67 19 73 16 87 17 84 11 74 10 81 9 47 15 31 1 41 8 5 7 11 13 89
18 76 6 40 13 41 10 16 1 21 19 18 9 6 15 59 2 72 16 59 17 85 12 88 11 98 3 86 4 61 7 98 8 99 14 20 0 81 5 77
10 74 11 55 2 91 17 28 15 72 9 40 6 48 19 32 13 19 1 58 5 42 8 13 0 25 18 99 16 36 7 79 14 82 4 77 12 82 3 22
9 22 12 9 3 82 7 26 6 97 4 7 17 79 10 6 16 33 13 16 5 90 1 14 11 70 15 44 14 99 8 79 18 41 0 71 19 37 2 19
6 57 13 96 10 56 5 23 19 12 1 13 7 5 4 20 9 50 8 72 15 65 18 33 12 45 16 28 3 8 0 28 14 24 11 79 2 9 17 27
16 19 11 74 2 96 5 34 4 87 3 92 7 5 14 68 6 57 8 11 17 91 19 54 13 91 1 66 18 13 10 50 9 57 12 66 0 52 15 19
9 24 1 51 10 7 13 50 5 19 18 34 11 25 2 14 4 71 19 64 7 15 17 81 12 63 3 5 14 1 0 8 15 21 16 27 6 75 8 38
1 93 7 61 18 35 13 74 5 25 10 52 15 74 9 41 0 50 19 10 2 45 16 94 12 70 17 36 3 86 4 94 6 91 8 80 11 57 14 30
19 64 9 4 14 72 1 57 10 1 13 84 0 53 11 39 4 15 6 35 2 32 8 59 15 38 16 94 5 27 12 3 17 6 7 46 3 17 18 10
13 70 3 21 19 66 17 35 1 24 16 47 10 27 4 69 5 54 9 13 18 57 2 87 11 5 12 66 8 9 15 84 14 5 0 96 7 3 6 78
10 1 3 85 11 6 14 2 9 38 0 44 8 11 1 89 7 18 15 45 19 47 4 83 13 46 12 10 17 46 6 74 5 42 16 70 2 30 18 11
5 81 3 69 9 83 0 16 7 32 18 45 16 76 15 94 12 54 1 31 13 2 19 67 2 83 4 64 8 23 11 7 6 15 14 47 17 56 10 61
12 71 10 12 1 88 19 88 18 1 8 41 5 1 2 92 3 80 17 62 0 78 6 51 11 6 9 72 4 96 16 88 13 91 15 14 7 98 14 37
5 91 3 89 14 27 16 23 19 55 18 30 11 54 15 74 17 49 4 16 9 16 8 83 0 74 1 68 7 33 6 1 10 99 12 40 13 67 2 14
4 8 9 53 6 39 19 78 7 31 18 23 0 54 16 39 8 42 3 63 5 31 13 68 10 22 12 76 11 82 17 26 15 49 14 99 1 22 2 42
2 66 10 11 14 21 6 65 0 66 1 45 4 26 18 25 17 21 15 28 16 11 9 45 13 57 11 3 3 36 5 50 12 16 8 45 7 4 19 46
12 2 8 95 13 55 9 95 4 99 14 7 17 78 2 17 11 70 16 9 7 68 6 80 10 22 19 86 3 32 1 60 5 72 15 10 0 72 18 91
3 57 5 50 10 19 19 8 17 46 9 5 12 44 16 38 18 82 4 34 0 3 1 15 11 34 8 94 6 48 7 87 15 98 14 88 13 81 2 71
16 97 12 51 8 36 17 61 14 56 0 80 10 33 9 95 18 55 13 94 19 71 2 3 15 55 5 71 3 57 4 75 1 10 6 94 11 57 7 81
18 75 9 89 11 28 14 13 12 31 2 91 10 23 5 40 1 96 15 13 6 19 3 97 4 66 17 56 16 77 13 63 0 50 8 24 19 40 7 96
11 31 10 97 17 95 5 58 18 36 1 62 14 71 12 58 8 16 13 66 16 67 19 14 6 38 2 16 7 87 4 28 9 32 3 85 15 79 0 35
13 39 2 32 1 52 6 86 16 65 8 42 11 92 19 40 15 26 12 73 10 39 4 4 18 9 7 61 5 17 9 66 17 63 14 32 0 2 3 13
11 94 16 43 8 83 2 52 14 6 1 50 19 93 6 68 4 85 10 66 9 81 7 65 15 77 17 38 12 70 3 77 13 28 5 65 0 47 18 94
11 34 10 20 16 58 8 62 6 62 18 37 15 14 1 53 13 16 12 65 0 19 17 17 9 97 14 52 19 57 7 4 3 80 5 92 2 46 4 59
10 73 16 8 14 55 5 6 7 39 0 45 2 60 9 53 18 30 19 26 15 15 3 56 12 57 17 66 8 97 13 33 1 91 11 21 4 92 6 79
0 48 5 28 19 95 14 79 18 42 3 65 15 50 1 74 16 47 2 67 13 8 12 43 11 46 6 22 8 49 4 65 10 38 9 22 7 30 17 30
14 75 17 52 19 6 13 89 5 57 12 59 3 52 0 42 4 74 8 39 16 40 9 80 15 6 7 26 2 92 18 30 1 26 6 96 10 35 11 96
2 30 0 86 6 85 18 37 8 56 7 94 11 75 4 85 12 64 9 42 10 99 17 12 16 3 19 62 3 77 13 59 1 43 5 56 14 74 15 48
11 23 5 37 4 1 13 24 6 5 10 88 0 77 9 49 7 40 18 11 1 60 14 55 12 53 8 11 16 87 15 73 19 57 3 58 2 67 17 73
14 68 6 86 15 99 10 29 17 21 5 56 19 40 12 59 4 66 13 73 11 3 2 84 18 79 7 15 8 81 3 79 16 87 9 68 1 15 0 24
9 63 8 76 1 97 11 3 7 36 0 29 6 74 12 4 4 33 2 40 10 7 16 22 5 39 14 45 15 97 3 37 17 35 18 31 19 49 13 8
8 14 19 17 11 56 6 71 9 99 15 73 0 60 18 28 1 82 2 47 14 44 3 76 5 19 17 21 16 51 4 45 12 93 10 30 13 30 7 7
0 94 3 65 12 90 13 27 9 31 1 71 4 71 16 14 15 78 18 6 14 40 8 7 11 92 19 55 2 9 6 73 10 43 7 69 5 79 17 48
5 55 17 66 15 99 2 36 18 48 11 2 10 26 4 40 9 32 0 67 3 84 7 32 19 21 12 98 14 54 16 90 1 54 8 40 6 85 13 18
5 3 18 70 1 60 12 80 2 79 14 79 3 92 4 87 6 77 16 89 13 73 11 82 7 58 8 20 10 27 17 99 9 80 19 2 15 54 0 18
6 35 9 73 14 52 4 10 8 17 11 26 5 25 16 16 7 68 2 6 17 10 19 90 1 79 18 31 13 63 0 69 15 31 3 12 10 97 12 9
6 18 17 36 9 10 8 93 12 77 7 73 16 3 13 14 10 10 3 13 0 69 4 58 5 41 19 39 18 93 11 66 14 1 15 31 1 2 2 21
5 93 4 26 9 82 3 77 2 88 14 51 1 61 11 37 0 42 19 5 10 11 12 38 8 34 17 5 16 79 7 14 18 11 15 85 6 2 13 72
15 70 11 99 14 98 16 97 7 63 19 6 13 82 18 7 1 50 10 95 8 75 3 84 0 16 4 74 6 85 5 38 12 43 9 45 2 73 17 95
10 18 5 76 13 49 16 65 15 99 11 27 12 96 0 53 7 3 14 88 9 14 4 61 3 83 2 63 19 97 18 68 17 73 8 93 6 83 1 33
7 22 9 7 15 3 12 61 13 78 3 92 2 68 17 41 19 48 5 14 10 61 4 83 1 94 11 83 14 51 6 4 16 72 18 41 0 38 8 31
11 4 1 70 0 2 15 39 18 26 19 38 16 39 8 49 12 30 10 49 7 2 13 7 3 29 17 36 2 5 14 35 9 13 6 14 4 92 5 11
8 75 9 87 14 70 16 72 3 12 12 27 15 75 10 47 1 48 7 98 0 80 19 34 13 85 6 26 2 90 5 33 17 39 11 41 4 26 18 89
7 43 3 8 8 44 2 1 0 50 6 61 12 94 9 66 5 76 19 18 4 89 10 56 18 26 14 17 15 2 13 85 16 43 17 42 11 52 1 97
15 78 6 17 19 2 17 99 0 46 8 10 4 95 14 11 9 81 11 79 2 21 1 58 16 85 10 36 5 75 7 24 18 52 13 62 3 97 12 52
4 93 6 19 18 21 12 37 14 46 9 84 15 19 10 36 2 86 8 48 11 86 7 6 13 71 17 28 3 59 16 73 19 64 5 51 1 18 0 58
14 55 16 17 1 41 2 8 6 79 5 56 7 28 12 56 10 12 0 38 17 39 18 29 15 49 11 73 19 93 8 94 9 53 4 68 13 15 3 22
18 16 1 98 17 70 7 29 19 79 14 3 8 36 6 78 0 83 13 27 15 22 12 18 4 12 3 8 10 34 9 77 11 16 2 20 5 32 16 5
8 37 16 54 6 98 14 25 18 93 13 31 12 80 15 78 5 41 10 72 3 6 0 74 1 62 17 4 4 52 19 79 9 17 2 81 11 91 7 58
11 99 16 50 7 64 14 10 15 55 4 50 13 95 6 92 0 64 3 26 2 42 17 39 1 51 12 78 9 94 18 43 10 81 8 26 19 40 5 70
1 97 6 15 17 51 5 45 16 55 19 77 3 71 10 65 15 37 9 49 4 30 11 25 18 30 7 28 0 7 14 51 2 9 13 62 12 28 8 83
7 6 0 44 13 48 16 92 1 53 10 17 9 30 11 71 8 79 4 98 5 62 18 81 2 98 3 65 19 74 15 61 6 1 12 65 14 23 17 89
16 95 7 40 4 41 17 22 1 32 3 42 10 96 13 6 19 9 15 90 18 10 2 25 11 59 6 31 12 30 0 87 14 88 8 54 5 61 9 64
18 96 0 31 7 61 12 73 17 69 10 36 19 85 16 15 9 34 13 21 3 48 2 30 4 66 14 41 15 84 6 95 8 93 5 16 11 35 1 83
5 42 18 31 14 49 10 68 3 56 12 96 13 68 6 67 1 68 19 92 17 38 2 12 4 35 0 63 9 49 16 96 8 65 15 33 11 95 7 69
6 60 17 38 13 87 8 54 11 99 18 31 7 9 2 96 5 10 16 58 15 27 14 79 3 94 12 80 0 25 1 68 19 4 9 37 10 81 4 61
8 24 18 77 14 12 5 6 13 12 19 73 4 39 1 32 6 74 10 64 16 15 2 71 11 13 0 32 15 91 9 36 12 63 3 10 7 56 17 10
