100 20
0 95 15 74 4 42 10 83 14 26 13 65 16 56 9 69 18 94 5 69 19 88 8 10 3 45 6 53 2 21 11 3 7 53 12 27 1 1 17 45
6 60 3 85 14 9 8 75 2 59 19 6 5 55 10 49 0 80 18 64 12 54 17 22 13 83 16 52 1 84 7 47 15 31 9 87 4 70 11 47
18 31 2 8 17 94 8 81 19 47 11 80 10 15 3 13 12 99 9 20 15 17 16 55 6 84 13 93 0 72 7 23 4 92 5 33 14 91 1 76
4 33 16 41 15 77 18 62 7 85 13 45 3 73 8 15 14 47 2 75 1 19 17 70 5 82 6 79 11 31 12 58 19 31 0 77 9 98 10 96
3 41 8 78 16 43 11 25 6 47 5 99 19 98 15 7 1 47 7 85 9 32 13 71 0 7 18 20 12 2 4 79 17 13 14 64 2 49 10 94
16 91 14 13 4 70 1 69 3 10 0 58 8 36 19 88 5 83 9 26 10 52 12 29 15 68 2 53 13 67 7 41 18 81 17 40 6 60 11 10
2 22 11 42 7 8 10 75 1 38 5 57 9 97 4 8 0 90 15 11 8 64 18 56 6 1 13 27 19 38 3 40 17 63 12 8 16 61 14 46
2 23 11 75 6 23 3 6 14 32 9 11 4 37 7 89 16 67 17 79 18 86 5 59 19 29 12 69 0 87 13 50 15 58 10 74 8 30 1 65
13 78 8 57 6 6 9 12 11 21 4 70 19 18 7 32 15 10 10 24 2 26 0 69 5 95 1 97 12 15 17 98 18 58 14 21 3 45 16 35
3 97 10 51 0 55 17 27 11 56 1 88 7 28 2 42 14 75 6 29 9 20 16 67 8 98 5 19 18 58 15 26 12 24 13 56 4 57 19 64
10 8 15 90 5 3 8 54 3 80 12 95 6 92 18 67 11 95 17 7 2 99 16 79 13 68 4 86 9 70 0 39 19 17 1 46 7 98 14 2
13 40 11 33 4 75 10 86 3 87 0 91 19 29 9 66 1 62 15 40 16 62 18 7 5 73 14 57 6 13 8 76 12 13 17 51 7 51 2 74
3 4 6 91 11 47 13 61 5 87 10 14 2 4 17 24 7 87 15 27 1 15 18 72 9 81 12 47 4 42 0 59 8 87 19 62 16 81 14 86
4 27 19 40 13 31 12 24 9 76 6 78 14 9 17 98 3 13 18 79 15 13 8 40 16 9 0 42 2 9 10 48 7 43 11 40 5 45 1 3
13 95 7 20 6 91 11 42 5 52 9 47 14 29 1 18 16 34 4 98 17 61 18 5 15 41 0 38 2 27 12 86 10 61 19 59 3 72 8 46
13 78 3 40 10 55 6 37 9 37 12 84 11 9 17 74 1 49 4 47 19 61 14 96 8 65 15 90 18 2 2 91 7 48 16 83 5 47 0 81
19 88 5 71 13 57 11 39 16 45 3 17 10 62 14 54 12 65 15 89 8 99 17 60 0 31 6 28 9 92 1 10 7 1 4 38 2 15 18 77
17 16 7 99 9 36 11 37 3 12 19 57 16 8 15 41 1 28 5 61 14 34 13 83 12 71 6 30 4 63 18 49 8 63 2 53 0 84 10 5
19 78 13 40 0 5 18 83 12 38 6 93 14 97 11 78 8 81 7 63 3 28 5 84 10 83 16 98 2 41 17 98 1 10 9 19 15 76 4 21
14 23 16 98 10 24 4 96 5 52 7 68 2 88 9 23 19 98 11 64 18 4 17 56 12 72 6 52 15 24 0 57 13 48 3 49 8 8 1 83
0 4 16 66 9 94 13 89 11 92 7 76 3 47 12 97 19 25 6 85 14 6 8 51 2 37 17 31 4 18 1 81 18 68 5 92 10 38 15 70
19 54 0 26 1 43 9 55 12 28 17 33 14 20 16 45 4 22 6 88 10 36 5 41 2 51 15 56 7 14 3 81 8 17 18 93 13 64 11 7
9 79 12 68 13 8 19 34 1 2 8 95 2 65 11 95 7 60 14 25 6 70 10 60 0 23 4 1 3 37 16 70 5 68 15 30 18 86 17 93
6 57 16 72 5 34 13 5 1 78 8 64 15 42 4 40 2 75 9 80 0 10 3 66 7 25 10 49 19 3 11 20 14 38 12 15 18 1 17 17
4 14 16 6 13 38 6 43 17 86 9 17 19 38 2 22 1 28 10 18 8 41 11 98 3 28 7 82 14 51 5 29 15 58 18 79 0 84 12 28
16 60 6 14 3 55 12 49 11 24 4 17 18 82 8 25 7 65 14 59 17 67 0 97 2 3 13 14 19 90 10 24 5 13 15 27 1 51 9 92
10 25 17 78 14 74 9 30 13 70 19 30 5 7 8 99 15 56 7 71 2 19 16 77 12 94 18 28 1 70 11 16 6 65 4 78 3 90 0 31
7 70 0 49 2 44 11 20 9 99 18 32 10 51 8 11 12 22 13 76 4 58 15 62 16 88 5 39 6 12 17 59 14 20 19 37 3 53 1 96
6 45 16 87 2 29 19 80 10 49 13 83 12 88 8 69 7 88 4 26 14 15 18 57 17 31 1 71 5 88 3 66 0 47 11 54 9 96 15 21
8 33 19 26 0 49 13 30 14 26 3 47 1 41 2 34 18 13 15 32 11 86 17 99 4 60 12 43 6 90 9 94 16 5 7 56 5 60 10 17
7 49 0 51 16 40 18 30 17 96 14 36 6 95 3 5 19 73 15 99 1 30 10 33 5 54 8 89 12 2 13 36 4 86 9 80 2 79 11 73
17 96 19 53 11 78 13 56 2 75 3 55 16 71 15 35 14 86 7 47 12 61 1 28 10 83 18 36 0 99 5 64 4 85 6 91 8 54 9 71
0 94 4 69 11 63 14 71 18 23 12 24 10 57 8 23 9 45 1 93 3 7 16 27 5 10 15 58 17 73 7 53 19 10 2 98 6 99 13 72
7 91 3 90 13 70 1 40 15 46 17 61 0 63 16 65 6 32 12 12 8 55 11 61 2 92 10 40 5 97 9 40 4 11 19 12 14 47 18 66
16 10 5 82 17 49 18 36 8 8 12 84 9 31 7 6 3 70 2 59 14 81 15 77 4 50 13 24 10 76 19 98 1 79 0 91 6 37 11 4
3 80 2 98 1 67 14 53 17 76 13 78 4 98 8 76 19 99 15 92 18 81 11 22 5 1 12 80 9 50 16 79 10 56 6 2 7 10 0 17
3 35 1 82 15 51 12 75 6 45 5 5 0 24 2 52 13 31 8 42 4 75 17 11 9 19 14 14 10 6 19 8 16 6 7 1 18 99 11 78
18 47 7 23 9 69 11 32 2 56 3 70 19 30 4 37 5 80 15 3 1 33 12 7 17 25 14 61 13 4 16 5 0 15 6 76 10 60 8 94
10 75 12 3 6 85 1 3 3 3 14 13 16 51 4 17 19 54 17 78 2 31 7 50 15 16 9 69 18 60 8 95 11 94 5 20 13 83 0 96
7 20 18 70 8 96 17 32 9 13 19 10 0 59 6 8 13 32 16 89 15 18 1 59 2 94 12 52 10 19 14 61 11 11 5 96 3 99 4 15
13 29 12 66 3 37 16 84 19 48 0 56 11 68 10 17 9 15 2 48 18 35 1 23 4 69 5 7 14 14 6 27 17 27 8 99 15 20 7 40
7 2 4 99 0 39 5 11 13 8 6 30 1 51 16 55 2 22 8 70 3 69 19 33 11 70 12 19 15 41 10 4 9 55 14 46 17 33 18 99
17 46 18 94 8 55 2 95 13 92 10 97 5 78 19 51 0 34 12 22 11 86 14 92 16 66 1 16 7 60 6 54 3 74 15 54 9 79 4 12
4 83 11 7 19 17 16 57 12 96 14 61 6 61 18 1 9 58 7 6 17 17 3 19 13 88 0 98 8 12 2 59 1 57 10 20 5 41 15 14
13 67 16 60 1 16 17 2 14 95 2 36 19 29 5 94 12 69 10 91 8 72 0 83 4 72 6 4 3 5 11 93 18 31 9 96 7 44 15 38
6 27 11 29 1 29 3 76 0 43 18 56 16 7 17 64 10 36 15 13 14 21 9 97 7 18 8 25 2 51 13 6 4 7 5 62 12 41 19 65
10 23 17 32 16 3 5 6 3 7 7 59 8 58 2 7 4 12 0 84 13 92 15 75 1 67 12 34 11 18 18 76 6 49 19 73 14 21 9 38
12 22 1 44 2 21 4 84 16 87 7 46 11 68 14 80 9 73 3 58 0 96 18 49 10 14 5 69 15 47 13 21 19 33 8 8 6 58 17 87
18 99 13 97 10 28 15 93 3 58 6 14 17 24 2 75 14 31 16 71 0 29 4 90 5 22 11 80 19 51 9 36 8 14 7 57 1 20 12 33
19 26 14 24 12 27 15 90 18 41 3 33 13 67 9 89 4 28 17 32 16 45 10 57 0 35 5 76 11 34 2 65 7 82 6 48 8 87 1 62
8 17 15 64 12 74 19 75 3 96 1 65 6 31 2 30 4 56 10 68 5 7 17 95 7 95 14 85 9 4 11 41 13 80 18 66 16 54 0 24
15 25 12 31 17 77 13 84 7 91 11 71 19 92 0 4 10 34 3 93 4 41 2 29 5 96 18 81 14 88 16 70 1 30 8 29 9 46 6 38
1 34 6 73 17 37 16 32 19 89 7 33 14 63 3 25 0 28 11 3 9 32 10 50 13 94 18 23 4 27 2 20 5 81 15 36 8 97 12 74
10 18 17 9 0 98 8 35 1 60 4 15 12 60 6 30 11 64 2 95 13 33 7 53 9 6 3 19 14 74 18 79 19 92 16 67 15 18 5 29
3 17 11 57 12 27 0 41 16 71 13 98 18 33 2 41 5 42 8 51 7 37 6 59 17 22 19 49 4 91 10 39 15 81 9 87 1 55 14 94
8 93 5 97 1 90 18 69 13 6 2 2 15 73 14 50 17 59 9 81 16 85 6 69 10 21 12 34 19 28 7 85 0 76 3 96 11 26 4 61
14 15 1 71 0 71 17 27 19 64 11 21 7 92 3 43 9 63 5 38 6 51 12 56 10 6 13 37 15 22 4 66 18 75 16 95 2 57 8 55
0 12 3 6 11 91 12 27 1 67 4 39 9 6 13 35 8 94 16 96 10 23 18 61 15 84 17 31 7 3 6 99 5 49 19 37 14 75 2 49
10 37 17 34 8 8 5 2 1 42 9 76 4 51 7 30 2 96 13 64 11 76 14 92 12 34 3 40 19 21 6 71 16 51 0 10 18 85 15 91
8 81 6 58 15 7 19 54 16 43 11 17 9 74 2 42 5 88 18 30 17 29 3 73 12 38 0 61 10 39 7 49 14 88 1 13 13 7 4 2
10 70 14 78 7 18 5 57 6 26 2 18 15 12 19 81 0 17 4 71 17 52 3 21 9 12 13 47 12 55 11 88 16 89 8 71 18 57 1 68
1 78 6 3 16 81 7 25 2 20 0 5 19 24 4 52 14 7 13 8 18 62 15 21 10 31 11 91 17 26 9 72 12 10 3 37 5 39 8 26
17 67 10 23 15 74 9 94 13 39 16 61 4 49 0 14 2 35 19 87 7 77 5 91 8 39 18 15 12 91 3 9 6 52 11 20 14 44 1 9
14 3 7 67 1 74 17 30 19 1 16 27 9 23 5 75 11 59 12 56 2 17 15 46 3 95 10 45 6 40 18 68 8 41 13 85 4 24 0 44
6 13 2 12 9 21 11 73 0 22 16 52 14 94 1 16 4 23 8 5 7 6 13 89 12 79 17 77 19 90 5 82 15 94 18 92 10 85 3 1
15 86 7 15 16 13 4 2 2 31 1 40 6 45 17 96 11 21 18 84 12 49 5 18 13 64 19 34 14 96 8 85 9 91 3 63 10 62 0 44
2 7 4 58 7 29 13 73 14 62 1 85 11 16 18 87 3 6 17 30 6 80 0 46 16 38 8 28 19 24 15 63 12 33 10 61 5 21 9 73
12 33 15 66 13 80 2 67 5 27 14 19 18 26 8 11 6 68 11 90 19 10 17 17 10 95 7 73 1 67 16 95 3 40 0 79 4 81 9 64
16 62 3 82 0 5 1 68 2 22 15 73 11 92 6 89 10 32 13 22 4 29 5 51 7 74 12 96 17 53 8 11 14 83 9 47 18 4 19 21
18 16 8 63 15 64 10 92 19 44 5 68 7 70 4 42 16 41 6 44 3 21 12 74 9 73 2 44 17 92 0 74 1 18 14 92 13 3 11 30
9 23 17 32 15 80 6 87 0 68 3 4 1 89 7 35 10 43 8 5 5 77 11 97 16 26 2 74 19 86 18 44 14 63 12 70 4 19 13 69
13 72 9 35 11 7 1 65 16 32 0 69 12 91 8 38 4 24 2 89 17 60 10 36 3 70 18 12 7 8 6 20 5 65 15 67 19 59 14 42
8 28 6 38 12 41 18 2 17 54 9 79 13 93 5 65 4 57 3 87 2 26 19 72 15 63 0 29 14 72 11 46 7 15 16 95 10 31 1 64
14 23 11 39 18 98 8 77 1 87 12 98 19 36 17 19 6 30 2 73 15 96 4 67 9 11 0 47 7 60 10 97 13 93 3 2 5 56 16 73
16 39 7 66 15 24 13 43 11 25 1 41 14 39 17 90 12 71 10 55 3 53 4 63 5 37 9 74 6 47 19 29 18 31 2 38 8 24 0 17
18 59 15 16 0 8 2 70 17 91 7 41 19 77 16 81 14 39 10 74 8 15 12 9 6 88 1 12 11 70 5 45 9 45 13 47 4 38 3 52
19 96 4 13 7 80 2 38 5 96 11 20 15 81 16 62 3 33 17 30 9 82 1 44 18 51 6 62 8 53 12 75 10 68 13 48 14 68 0 93
2 68 7 1 19 99 0 6 8 55 9 58 15 38 12 28 17 87 13 2 18 1 6 63 14 89 1 67 4 27 3 12 11 16 10 55 5 33 16 14
6 34 9 16 19 45 4 93 15 89 13 4 5 20 0 69 12 65 14 29 10 92 18 66 7 58 16 2 11 63 3 1 17 49 1 58 2 78 8 97
13 54 6 69 17 26 15 66 4 94 5 62 19 49 2 5 14 50 11 16 10 14 16 86 9 78 7 38 1 52 3 9 12 62 8 5 18 48 0 36
17 83 7 79 9 55 8 70 18 89 14 94 3 94 2 22 0 60 11 17 5 48 13 13 19 44 4 59 1 43 10 57 12 84 6 75 15 15 16 28
19 5 13 54 9 58 10 62 1 26 15 63 8 96 2 93 11 35 5 52 16 61 6 52 3 60 18 99 4 67 12 76 17 63 0 82 14 90 7 55
19 4 1 75 7 65 14 5 18 76 12 12 0 91 8 86 17 83 16 26 5 9 10 14 6 74 11 47 13 41 3 35 2 9 4 13 15 85 9 78
18 18 0 10 16 31 7 83 5 61 2 21 6 77 15 93 19 27 13 93 14 95 10 48 1 55 9 78 3 2 12 68 4 30 11 44 17 29 8 92
5 26 13 5 10 95 4 27 1 78 15 54 2 25 14 15 16 51 11 41 3 84 6 16 0 10 17 41 9 63 18 12 8 74 12 58 19 31 7 24
4 37 10 68 14 46 9 32 18 64 0 73 19 69 12 81 8 96 16 98 17 40 7 91 2 27 13 8 3 91 6 52 5 74 1 11 11 34 15 2
10 77 11 93 6 58 3 43 8 89 19 15 13 86 4 21 18 52 0 63 16 81 12 82 7 82 14 87 1 49 2 94 17 50 5 74 15 84 9 90
2 29 17 27 13 89 5 8 15 93 0 47 10 30 9 76 4 95 8 77 18 12 3 97 7 16 12 60 11 17 19 84 16 6 14 53 6 81 1 76
15 99 16 69 14 65 2 34 6 48 7 87 17 91 11 35 8 94 13 61 3 16 12 79 0 74 10 5 18 98 1 1 19 6 4 17 9 48 5 82
1 23 5 46 11 28 16 42 4 34 12 1 2 25 17 19 18 96 10 68 8 41 15 25 0 59 7 74 13 46 14 76 9 53 19 75 6 41 3 24
8 96 2 46 4 99 9 33 18 79 7 59 0 64 17 29 3 60 13 25 16 10 11 21 15 4 1 83 14 87 5 16 12 96 19 56 10 20 6 93
11 61 9 2 19 46 6 27 8 83 12 62 4 18 2 43 16 17 13 56 7 50 0 68 5 13 14 51 10 27 3 58 1 73 17 31 18 43 15 93
14 82 7 15 4 43 12 73 6 40 17 83 13 82 15 82 18 17 11 16 10 32 2 88 8 25 19 70 0 18 9 70 3 52 5 31 16 98 1 57
12 1 19 69 16 58 1 18 11 61 8 26 18 41 17 53 2 80 0 38 6 1 15 75 14 64 4 71 7 63 3 79 9 92 10 71 5 66 13 29
7 3 10 30 0 62 12 17 16 71 9 56 19 87 13 91 5 23 15 56 6 27 14 77 4 73 2 5 18 70 8 93 17 61 1 79 3 98 11 7
11 76 3 86 7 59 1 27 17 62 16 93 12 96 18 59 0 25 13 19 2 89 5 34 4 22 6 60 9 33 8 68 15 4 14 94 19 98 10 2
13 12 18 70 12 98 19 87 3 71 16 10 0 68 15 13 4 5 6 11 10 44 14 22 9 71 17 84 11 67 7 58 2 7 1 61 8 84 5 71
11 97 6 60 4 40 9 95 19 2 7 55 18 76 2 14 0 44 15 88 12 43 1 3 10 94 5 27 13 92 8 95 17 38 14 81 16 86 3 58
6 48 11 85 2 81 14 28 3 33 19 78 1 15 18 52 8 56 0 64 12 76 9 86 10 1 5 91 4 93 13 35 15 47 17 22 7 82 16 63
4 71 0 20 6 33 18 46 16 86 5 94 2 26 11 90 15 65 7 68 3 4 17 10 19 96 9 87 1 91 12 58 14 88 13 68 10 97 8 50
