100 20
17 92 10 53 9 6 5 87 8 53 0 34 2 42 6 89 11 80 7 47 16 21 1 74 18 15 14 53 13 6 12 26 15 64 4 42 3 72 19 13
0 42 5 34 18 78 11 71 6 45 1 45 19 4 3 45 4 61 15 92 14 72 2 60 10 1 9 20 17 79 16 27 8 6 12 6 7 55 13 74
8 57 0 60 7 84 16 32 5 22 12 44 14 83 4 91 3 31 11 78 1 40 10 79 17 51 13 83 15 44 9 82 6 71 2 80 19 49 18 27
12 73 4 9 16 91 1 39 17 32 11 39 10 61 2 1 18 85 13 68 8 82 7 38 5 66 19 68 15 46 0 12 6 34 9 60 3 33 14 80
7 92 15 81 5 58 6 79 16 67 3 46 9 70 8 80 2 73 19 8 11 64 10 70 17 56 18 47 1 66 0 83 12 14 13 32 4 66 14 28
8 29 9 58 3 56 0 24 2 55 16 19 17 12 18 91 19 46 4 8 10 65 5 1 12 26 6 33 14 21 7 83 11 34 1 57 15 31 13 58
18 63 0 98 16 21 17 16 9 21 14 25 2 95 7 62 5 59 1 79 6 31 12 26 19 9 8 57 10 40 4 40 11 69 3 41 13 86 15 82
4 34 7 61 8 87 3 73 19 83 6 64 5 77 18 95 14 62 9 47 17 77 16 4 12 95 10 71 13 68 0 81 15 30 2 3 1 97 11 55
11 2 8 65 17 89 10 36 0 94 2 74 6 21 14 97 16 99 5 9 1 68 9 97 18 27 12 51 3 4 13 21 19 16 15 95 4 48 7 75
0 57 9 13 7 95 6 24 5 58 15 92 10 6 14 19 11 79 3 34 13 80 2 50 8 10 17 37 4 22 1 3 19 48 16 54 12 68 18 75
5 6 11 93 10 9 14 63 9 50 4 35 15 69 0 79 2 73 19 11 13 19 12 90 18 54 1 9 6 21 7 82 8 10 17 17 3 44 16 53
4 38 8 27 9 97 12 83 19 9 14 6 17 93 3 69 13 38 11 91 15 48 16 31 1 68 10 17 7 58 18 29 0 56 2 69 6 16 5 84
11 56 19 21 14 34 4 79 10 50 5 93 16 65 18 7 12 46 7 86 0 55 1 66 6 68 13 25 8 17 2 25 3 26 15 63 9 48 17 87
5 2 17 32 4 49 2 58 18 24 3 53 14 15 10 13 7 55 1 48 16 38 8 58 0 18 6 99 19 37 11 89 12 60 15 70 9 76 13 11
14 45 10 62 12 21 6 76 8 26 17 11 5 70 11 10 19 74 16 96 13 6 4 15 9 43 18 21 3 89 2 82 15 51 1 86 7 76 0 47
17 91 15 28 3 47 10 51 4 84 14 53 11 10 9 29 6 59 2 18 0 73 19 71 13 50 1 50 8 77 16 64 5 79 18 90 12 69 7 41
3 6 5 7 6 24 17 74 8 34 16 69 10 58 15 52 12 31 1 94 14 82 0 42 13 62 11 57 9 28 2 89 4 14 18 70 19 66 7 26
1 15 5 9 18 96 6 60 19 75 16 36 12 23 15 48 10 19 3 32 7 62 0 28 2 48 8 47 17 59 9 82 13 30 11 86 14 3 4 81
10 25 12 62 5 97 15 15 19 68 18 80 14 4 1 36 7 41 8 35 11 4 13 9 6 66 0 10 4 75 9 21 17 40 3 95 16 88 2 47
3 16 8 13 7 94 9 93 2 64 0 56 19 27 15 38 10 88 16 9 5 57 13 23 18 2 12 45 1 84 6 65 11 51 14 42 17 96 4 41
8 37 5 87 16 71 1 59 6 2 10 18 15 26 2 39 4 74 13 51 18 16 14 55 3 48 17 62 7 84 12 89 9 52 19 95 0 78 11 28
12 81 1 67 16 73 15 6 11 76 7 49 6 23 13 80 18 40 9 35 14 34 2 60 3 38 8 35 10 42 4 69 19 6 5 30 17 90 0 25
16 86 8 51 10 10 17 40 4 57 2 29 19 1 6 44 7 25 14 72 5 20 11 63 3 19 9 80 1 25 15 48 18 87 0 25 13 17 12 34
17 5 12 96 5 19 13 49 15 38 11 16 6 57 16 31 1 46 9 56 8 42 19 8 3 54 10 61 18 67 7 95 14 45 2 42 0 47 4 51
16 80 17 95 12 47 1 7 11 7 14 19 10 51 3 45 2 10 19 20 18 92 7 77 5 62 15 35 0 93 6 97 13 35 8 75 9 41 4 8
0 1 5 96 3 10 12 39 6 91 15 9 11 48 9 48 4 39 2 2 7 25 19 3 16 50 1 2 18 35 8 60 17 86 10 77 14 57 13 67
16 43 8 2 0 26 9 96 12 31 6 3 10 46 17 32 14 44 13 1 15 9 2 61 7 39 18 58 4 71 5 59 11 67 19 16 3 96 1 42
4 12 13 14 8 15 18 10 17 23 6 99 9 25 19 21 12 43 0 71 7 90 5 48 2 18 14 62 3 10 15 17 11 86 16 5 10 4 1 40
4 97 10 95 5 7 1 65 2 96 13 64 16 70 14 83 9 93 15 51 8 75 12 16 6 24 11 66 17 43 7 35 19 22 3 57 18 18 0 40
7 65 16 82 14 55 5 57 1 79 12 96 10 46 17 86 11 95 13 13 2 26 0 68 9 80 8 45 18 51 15 30 19 31 4 38 6 49 3 45
0 91 7 90 1 51 17 81 16 86 19 56 13 96 5 46 8 41 3 80 10 78 14 1 4 73 2 25 15 78 9 78 11 15 18 49 6 22 12 64
6 61 0 65 7 34 2 64 15 12 13 4 11 52 19 48 3 53 16 46 1 94 12 21 10 38 18 91 4 71 9 23 14 81 5 64 17 3 8 19
5 24 14 57 12 4 9 38 2 21 10 36 1 62 15 37 19 15 17 87 0 16 3 23 18 64 11 34 8 69 13 59 16 73 4 61 7 92 6 73
5 41 12 2 7 73 1 47 17 5 0 14 10 63 2 14 11 91 4 8 18 48 19 15 8 40 9 18 3 31 13 28 6 14 16 90 15 95 14 18
6 26 10 46 0 6 7 20 4 87 1 89 16 78 14 11 9 55 17 43 18 39 11 99 15 82 2 71 3 63 19 69 12 44 8 5 5 28 13 92
19 40 1 72 18 96 16 78 0 8 9 2 8 67 7 7 4 84 11 46 17 43 6 10 10 10 12 48 15 59 2 13 3 80 14 46 13 38 5 43
19 13 1 27 8 46 14 48 2 43 16 79 3 99 5 53 6 77 11 58 12 94 13 57 18 50 0 38 15 35 10 29 9 11 17 57 4 77 7 19
14 49 0 90 19 31 1 34 12 1 2 28 9 70 5 55 18 23 13 26 7 79 15 61 8 13 3 34 11 59 16 38 10 29 17 54 4 43 6 76
18 90 7 40 1 23 3 66 11 29 4 39 0 8 16 56 12 36 14 54 6 41 8 86 19 25 9 69 13 92 10 99 5 69 2 4 15 1 17 14
18 85 0 62 1 56 16 24 2 67 13 71 10 25 9 8 17 98 5 5 3 93 12 12 15 71 14 69 19 44 8 87 4 86 11 33 7 34 6 15
15 47 9 95 10 74 5 52 8 48 14 82 13 54 3 56 16 98 11 8 17 55 4 94 1 71 18 77 6 6 2 88 7 73 12 58 19 90 0 11
17 1 6 90 4 35 16 9 13 98 14 63 15 14 18 55 9 84 5 49 12 94 2 14 7 12 0 29 11 28 3 37 10 15 19 79 8 21 1 44
6 47 11 53 2 70 3 74 10 4 0 8 17 43 7 43 12 64 15 81 4 14 19 58 13 45 14 22 18 17 8 45 9 87 1 90 16 55 5 54
17 47 15 10 5 73 3 33 6 49 0 17 19 78 10 36 13 53 1 22 14 55 11 87 7 43 2 56 4 45 18 52 12 15 9 51 8 57 16 57
8 65 19 7 7 15 11 95 3 83 6 11 14 14 12 23 17 42 0 54 15 46 2 87 5 13 18 85 4 72 13 99 10 53 1 43 16 86 9 23
10 16 5 55 3 49 14 63 16 49 19 8 13 34 2 42 8 66 1 33 17 52 4 77 9 31 6 27 11 69 7 26 15 16 18 46 0 1 12 47
6 64 16 95 7 36 3 19 1 83 10 10 4 32 9 87 8 22 18 58 13 5 19 22 11 9 14 2 15 67 17 35 0 71 5 51 2 22 12 13
4 91 0 12 17 13 10 90 11 97 6 42 15 41 7 4 3 95 16 90 18 91 5 39 8 34 19 49 9 31 1 2 14 42 12 1 13 84 2 98
12 97 9 24 11 17 18 44 4 67 14 16 6 43 7 4 5 66 10 77 16 5 19 83 13 62 15 78 17 1 3 97 8 45 0 7 2 9 1 73
11 88 19 64 5 43 16 88 6 83 4 20 12 72 0 9 17 76 1 74 18 38 13 10 2 44 9 92 7 99 8 11 10 35 14 11 3 74 15 89
3 1 10 93 17 9 16 52 2 76 11 66 6 63 5 33 4 25 8 16 7 34 18 75 9 73 14 80 12 77 19 88 0 63 1 72 15 64 13 97
9 15 6 90 2 58 1 53 16 14 8 41 19 91 5 82 17 73 3 76 15 16 18 14 14 33 4 15 10 31 13 11 0 38 12 47 11 40 7 7
0 72 14 18 2 92 11 30 5 37 19 93 15 3 10 51 12 16 13 63 16 48 9 4 1 84 8 88 17 52 6 86 4 73 3 74 7 22 18 52
4 36 14 51 17 28 19 14 8 48 2 61 5 16 10 33 11 98 0 21 15 67 7 86 18 75 6 94 3 4 13 15 1 31 12 88 16 3 9 93
3 39 0 45 4 30 6 33 15 20 11 9 5 85 10 69 13 32 12 44 16 38 1 46 17 39 2 99 14 29 8 36 18 95 9 52 7 31 19 45
2 8 19 69 18 87 16 98 4 55 14 9 13 25 0 48 6 27 8 99 1 67 7 79 17 39 15 2 11 96 5 26 9 97 12 32 3 47 10 24
19 88 6 4 18 32 1 92 2 93 16 25 10 99 13 98 5 98 3 32 12 36 14 82 8 10 11 98 7 78 9 90 4 30 17 25 15 80 0 22
17 66 11 47 15 10 16 21 13 96 3 95 1 18 14 43 2 35 7 57 18 77 0 97 4 4 12 5 19 58 10 23 5 71 9 62 8 18 6 85
4 84 5 44 1 84 16 34 2 94 17 42 9 1 3 87 6 32 14 78 18 37 11 4 15 82 19 55 13 1 12 82 10 9 7 31 0 3 8 90
10 73 8 29 5 94 14 1 7 90 12 25 2 41 1 91 9 40 6 4 19 34 13 97 4 56 11 71 17 57 3 9 15 68 16 68 18 65 0 89
12 21 9 57 18 97 10 15 8 63 1 59 7 15 3 16 15 38 5 37 4 68 0 74 13 51 2 89 19 74 14 36 6 86 16 75 17 67 11 4
18 70 16 24 13 48 5 6 4 44 12 99 1 58 0 68 8 54 3 71 2 26 11 88 19 66 15 77 9 83 6 16 7 79 14 13 17 26 10 19
5 90 19 18 6 34 4 35 14 29 17 77 1 85 16 19 10 66 18 83 3 58 7 73 0 86 13 27 11 90 12 36 15 53 9 5 8 58 2 46
4 69 12 75 0 8 10 45 11 22 17 88 16 9 13 23 8 3 5 94 9 35 3 9 18 43 19 50 15 56 2 90 6 65 14 33 1 63 7 1
11 38 8 84 9 89 0 74 17 20 7 50 4 61 19 78 15 86 13 33 6 81 18 22 10 71 5 29 1 71 16 29 12 31 3 81 14 71 2 6
3 96 18 51 14 54 13 81 8 65 2 20 15 90 12 89 1 77 7 37 9 99 5 1 6 34 10 53 17 95 16 40 19 90 11 15 0 59 4 61
5 51 8 26 6 68 11 91 13 99 15 37 9 54 4 87 12 17 10 88 18 20 14 13 1 48 2 65 17 8 19 35 7 66 3 39 16 72 0 60
12 34 16 41 7 45 19 2 11 63 5 19 2 97 17 27 18 72 1 6 9 40 15 56 3 49 10 81 4 13 6 9 13 12 0 88 14 91 8 3
18 16 7 40 0 51 11 95 6 83 10 99 13 22 16 29 2 1 15 2 17 22 4 92 3 53 8 75 5 82 14 34 9 5 12 93 19 30 1 27
0 81 7 17 2 95 18 14 14 46 16 20 1 73 11 89 5 18 19 42 10 37 13 91 9 53 15 48 8 73 12 86 6 63 4 61 17 15 3 15
3 19 17 18 10 67 19 90 13 26 8 71 15 11 14 41 12 11 6 91 2 86 5 73 9 14 11 26 18 78 0 77 1 78 4 90 16 82 7 27
17 28 7 73 10 39 12 87 5 46 14 55 9 41 8 10 3 11 19 9 15 98 13 14 1 97 4 4 0 27 16 89 2 73 11 84 18 84 6 93
10 30 18 19 16 7 8 61 12 59 6 42 1 20 0 83 3 57 17 8 4 62 9 70 2 33 11 58 19 43 15 16 7 29 13 92 14 89 5 92
2 23 5 93 16 82 4 32 18 84 9 10 17 40 14 21 3 24 13 69 7 82 11 67 19 60 1 27 0 26 12 89 6 17 15 25 10 64 8 6
2 94 15 87 10 18 4 21 6 76 7 83 9 93 12 98 11 70 13 11 8 46 19 40 14 97 18 8 3 54 5 80 17 5 1 61 0 49 16 19
12 43 3 40 16 91 4 7 15 82 0 91 6 15 18 16 5 65 10 30 13 94 8 9 2 79 1 53 14 30 17 32 19 24 9 43 7 92 11 73
15 49 5 43 14 78 17 88 12 21 2 52 16 44 19 61 3 20 8 42 6 87 1 71 4 94 9 67 10 60 7 82 18 27 13 55 0 31 11 75
10 33 3 62 2 29 17 15 6 62 18 67 12 83 14 84 16 65 4 5 19 63 5 48 15 45 8 61 11 46 1 97 13 5 0 89 7 51 9 58
3 27 16 37 13 32 15 12 19 31 12 21 0 68 1 94 18 32 8 11 5 86 14 60 7 51 17 12 10 56 4 67 11 17 9 75 6 55 2 10
3 65 17 21 12 60 1 21 2 62 5 8 15 56 13 76 9 78 11 19 6 46 7 22 4 47 10 61 8 94 19 79 14 22 16 8 0 70 18 99
12 53 10 76 19 38 15 57 13 14 8 82 4 28 1 15 16 63 9 98 5 92 3 48 11 85 18 59 7 74 0 49 2 21 14 51 17 60 6 36
12 85 19 5 4 22 0 47 5 95 9 92 7 12 6 38 2 85 15 32 8 24 17 48 3 25 11 27 14 9 1 14 16 40 10 15 13 20 18 52
19 11 0 19 16 76 13 64 3 42 17 10 1 20 8 6 18 44 5 69 14 7 6 8 7 83 4 99 15 97 11 30 9 21 10 52 2 73 12 58
15 33 7 83 4 98 3 61 8 16 5 40 18 63 0 34 17 88 1 36 10 36 6 86 16 25 2 95 11 54 12 90 14 79 19 94 9 18 13 27
18 55 4 48 10 15 6 21 14 90 0 29 2 68 7 61 11 19 3 65 13 29 15 36 16 10 12 71 17 43 1 99 9 45 8 71 5 94 19 35
8 74 3 45 17 31 2 79 6 14 1 40 18 64 13 75 19 92 5 7 11 37 12 31 10 75 14 81 9 59 4 19 0 57 15 93 7 18 16 29
12 54 0 43 13 71 15 55 6 76 3 12 2 2 5 57 16 12 9 45 18 64 17 38 1 98 8 55 7 9 10 37 19 87 11 28 4 53 14 14
12 77 15 48 16 46 7 88 17 32 3 52 10 16 8 35 1 31 5 96 6 85 4 76 9 19 2 36 19 64 0 21 18 37 13 95 14 52 11 76
16 22 14 34 0 24 19 17 17 28 7 31 10 66 3 45 15 12 12 19 18 13 8 48 4 44 2 65 13 64 11 88 5 54 9 37 1 10 6 76
18 14 13 91 10 31 9 42 0 64 7 38 5 87 2 73 15 36 14 45 17 46 3 94 16 6 12 98 1 7 19 37 6 25 4 97 8 47 11 83
4 17 15 75 6 52 1 44 2 85 18 52 14 54 8 62 12 62 10 42 9 62 19 12 17 43 3 39 7 64 0 98 5 70 16 71 13 5 11 3
15 24 8 13 13 60 3 3 12 23 1 69 4 23 9 19 2 99 17 24 19 24 14 90 5 66 16 8 18 97 7 25 6 77 0 20 10 97 11 9
4 98 3 1 7 89 8 36 18 70 17 80 13 95 16 31 19 94 1 89 0 79 10 28 11 92 14 66 5 65 2 57 6 68 15 9 12 9 9 2
10 96 19 52 4 89 15 46 6 59 16 6 11 23 8 9 14 4 9 5 18 61 7 16 17 11 0 98 12 83 13 8 1 62 5 52 3 93 2 48
10 95 3 21 2 23 12 81 15 81 4 67 1 77 7 59 8 65 6 72 5 39 9 32 18 12 19 6 13 99 16 12 11 29 17 51 0 52 14 93
0 74 16 33 19 6 10 89 2 17 12 39 15 67 13 99 1 36 9 45 14 9 11 86 3 97 5 1 17 35 7 6 4 61 8 80 6 47 18 67
3 89 2 63 19 24 8 70 6 31 7 26 16 13 1 57 9 41 0 56 14 53 13 63 4 65 10 90 17 76 18 23 15 24 12 61 5 55 11 41
19 97 17 26 1 29 9 5 15 8 2 65 11 39 5 65 10 85 0 74 18 98 3 33 14 82 7 18 16 97 13 52 12 59 6 20 4 38 8 58
0 50 16 7 5 2 11 12 18 58 2 82 8 95 1 93 7 91 3 73 6 85 10 35 12 5 17 3 14 80 4 46 9 22 13 17 19 71 15 5
6 51 1 25 9 34 11 7 5 56 19 65 7 86 8 37 3 83 14 36 16 85 13 72 0 84 15 86 10 87 2 84 17 43 4 73 18 77 12 13
