100 20
8 42 5 34 12 4 9 43 11 22 19 59 15 67 2 97 0 50 1 92 16 93 17 6 10 78 3 76 4 72 18 16 7 39 14 28 13 92 6 58
17 64 5 79 9 78 2 99 13 90 1 9 11 30 4 57 0 16 19 35 7 84 6 71 15 71 18 88 3 32 16 32 8 97 12 33 14 71 10 25
17 13 0 92 10 50 14 11 2 63 12 72 11 1 5 29 18 19 4 39 7 28 1 83 6 15 3 81 13 19 9 5 15 9 19 89 8 1 16 4
19 58 1 61 14 7 17 13 8 13 13 54 16 65 18 69 9 59 4 13 7 47 3 65 15 86 6 50 11 51 12 99 0 71 5 43 2 17 10 19
19 78 0 65 3 42 1 27 7 82 2 67 17 98 4 77 11 74 15 86 14 19 6 68 13 85 12 37 5 46 8 6 18 75 16 27 10 14 9 82
2 78 11 16 3 17 0 94 9 92 17 11 15 52 12 46 7 39 14 22 18 65 5 18 4 74 8 56 6 35 19 30 1 90 16 68 13 15 10 20
3 32 11 33 16 43 9 10 10 80 15 27 0 19 6 87 19 34 17 79 8 56 18 66 12 57 4 87 1 58 2 82 7 83 13 30 5 20 14 15
3 38 12 84 2 43 7 42 19 76 14 94 15 62 1 94 17 22 11 11 4 67 5 23 13 82 0 5 18 49 16 16 8 96 6 33 9 84 10 89
9 62 18 53 16 23 13 81 7 2 1 2 17 54 15 42 0 45 5 54 10 28 12 62 14 6 8 42 4 21 11 46 3 25 6 79 19 44 2 52
12 98 0 55 1 29 19 43 2 63 8 43 11 4 6 35 16 22 15 62 18 46 7 73 5 27 17 28 3 20 4 74 13 77 10 51 14 46 9 74
16 69 12 78 7 26 18 13 4 44 17 17 1 10 2 59 5 89 13 51 11 92 0 5 15 61 8 90 6 13 10 99 14 5 19 26 3 44 9 8
12 59 11 34 3 72 0 64 17 46 15 6 5 97 6 95 2 37 9 22 8 55 19 45 16 18 13 55 4 94 7 66 1 89 10 48 18 3 14 67
15 45 11 99 9 19 14 47 0 39 17 60 5 85 2 75 19 58 8 14 7 52 10 10 13 79 16 43 1 20 6 5 18 15 3 64 4 75 12 69
15 45 13 64 10 14 2 89 9 16 14 34 7 79 12 26 18 72 1 73 3 45 16 70 8 72 19 55 17 80 6 9 4 44 5 76 0 68 11 41
0 8 5 82 19 74 1 2 9 45 7 76 8 83 2 98 4 81 3 93 15 67 13 40 10 91 18 69 17 63 6 57 11 39 12 16 16 83 14 61
14 27 9 84 3 58 12 39 7 60 6 86 13 47 17 82 1 2 5 12 19 68 4 87 15 42 8 46 11 97 18 68 10 45 0 77 16 84 2 17
11 60 3 19 0 2 5 12 16 40 1 88 13 42 17 78 7 62 8 19 19 89 12 52 6 58 14 99 4 68 9 63 10 61 15 93 2 85 18 92
16 88 8 70 12 38 0 85 14 35 19 10 10 35 5 69 6 43 18 99 3 42 1 37 7 42 2 22 4 44 17 70 15 36 13 95 11 39 9 93
17 64 6 67 15 30 16 14 1 24 9 82 19 5 0 93 14 68 7 17 10 97 4 76 8 75 13 84 11 27 5 82 18 34 2 70 3 99 12 5
19 25 11 54 14 70 13 15 6 44 5 98 8 11 7 95 15 47 10 8 1 55 17 15 2 4 3 6 9 77 18 5 0 85 16 84 12 50 4 25
7 48 3 86 6 29 4 94 5 37 8 39 11 96 14 70 18 21 9 51 1 57 15 36 10 68 19 93 0 95 2 81 12 46 17 62 13 45 16 84
8 96 13 54 18 5 19 10 5 95 16 11 3 76 1 91 14 99 2 35 4 74 11 71 17 5 6 57 0 13 7 45 15 30 12 4 10 90 9 98
8 92 18 90 0 25 6 47 2 29 17 67 15 39 7 50 3 24 13 22 14 46 5 77 19 59 12 94 11 33 4 55 16 7 1 24 9 85 10 67
14 93 10 60 1 55 15 20 0 62 12 94 9 50 4 17 8 57 17 88 7 31 2 36 11 70 19 25 18 98 16 41 5 66 13 55 3 48 6 74
5 69 12 2 19 59 1 19 3 61 15 63 14 59 8 81 0 79 9 87 4 34 18 9 6 92 16 13 17 1 13 44 7 70 11 26 2 21 10 63
1 36 12 57 10 42 13 37 9 81 18 97 16 33 3 31 17 87 19 28 2 1 4 61 0 48 11 16 5 42 6 71 8 47 15 18 14 26 7 60
4 21 0 56 3 24 5 10 17 8 1 56 12 56 7 85 6 52 19 68 2 94 14 70 13 13 18 66 9 99 16 87 15 4 11 97 10 60 8 97
7 53 12 69 0 96 10 97 9 95 19 92 17 90 16 20 4 72 18 96 6 58 1 43 5 57 2 90 11 77 13 18 14 82 3 14 15 25 8 56
15 15 14 55 12 31 7 30 19 88 4 65 10 37 9 54 6 31 3 53 17 41 2 19 18 65 11 24 5 67 16 60 8 85 13 46 0 58 1 8
16 51 11 79 18 55 13 49 9 5 3 96 4 87 14 11 7 21 12 39 10 86 6 43 17 1 2 63 1 68 8 3 0 38 15 92 19 27 5 84
8 3 1 80 3 98 17 85 7 47 11 2 4 40 5 30 19 18 15 61 9 58 16 54 10 4 0 40 12 85 6 71 14 53 18 48 13 90 2 1
18 91 15 67 10 6 7 58 2 8 11 86 19 98 1 64 5 80 13 33 14 85 17 77 16 65 12 93 3 66 4 15 9 21 6 93 8 52 0 13
1 78 13 74 5 48 3 85 7 24 16 60 14 50 18 60 2 51 11 74 6 20 19 87 17 72 0 6 10 46 12 88 4 78 9 27 8 35 15 61
19 10 6 53 17 66 14 37 2 54 13 59 3 48 15 47 9 93 8 56 16 97 1 86 10 66 11 51 0 18 18 11 5 97 12 89 7 45 4 59
12 44 13 50 7 18 14 47 10 62 1 91 4 97 3 9 8 44 17 49 16 22 18 48 0 12 9 61 2 64 11 75 19 22 5 2 15 19 6 31
11 34 8 13 3 57 16 2 19 39 17 9 0 84 13 62 1 47 15 22 9 91 5 33 7 69 10 9 4 29 6 42 2 34 14 70 12 85 18 29
7 14 3 80 6 10 19 90 8 29 2 79 0 66 14 95 5 58 12 65 15 86 18 23 16 12 4 28 13 98 9 42 1 98 10 5 11 64 17 10
2 51 17 36 4 51 5 29 9 36 11 76 7 34 15 26 1 49 6 49 8 1 0 88 13 37 18 78 10 79 3 84 14 66 12 61 19 27 16 63
13 91 11 13 6 32 4 43 7 23 2 70 15 12 5 49 1 48 0 57 16 21 19 47 3 54 14 12 9 48 17 64 12 37 10 24 8 79 18 37
15 31 9 71 6 25 7 10 10 4 2 86 17 86 11 73 16 92 12 15 18 10 19 52 14 94 1 75 3 20 8 70 4 14 5 7 13 89 0 4
19 90 15 21 5 50 12 45 11 49 17 82 13 27 3 74 7 60 1 55 0 89 14 82 18 65 2 21 4 70 8 61 9 28 16 32 10 88 6 40
7 92 0 91 12 21 2 81 8 83 16 7 19 39 17 7 6 26 10 43 9 16 3 78 15 35 5 17 14 26 1 86 18 43 11 5 4 84 13 39
3 10 11 8 14 57 9 6 1 41 4 62 18 61 6 55 2 53 17 28 8 70 10 59 19 21 7 37 15 3 0 82 16 3 12 89 13 12 5 94
5 89 15 13 10 50 3 65 6 35 9 7 18 68 17 18 11 61 1 80 2 65 4 75 14 14 0 82 7 74 16 3 19 39 13 53 12 8 8 75
19 79 11 94 10 76 13 11 9 28 7 58 17 18 14 42 4 72 18 71 1 57 16 92 15 62 2 81 8 60 5 30 0 80 3 37 12 92 6 19
12 66 4 67 17 24 3 11 10 84 19 43 15 88 2 80 1 82 13 5 6 27 7 99 16 74 8 30 14 58 18 43 5 72 9 22 0 88 11 40
16 28 4 52 15 71 1 15 5 76 8 70 2 60 17 19 19 71 14 33 3 34 13 37 9 13 18 77 12 66 0 72 7 64 11 51 6 64 10 32
14 34 16 67 15 50 19 97 8 65 4 73 12 56 6 74 10 81 11 12 5 97 18 63 9 1 2 21 7 74 0 21 17 11 3 78 13 58 1 63
11 51 1 78 18 28 14 86 7 21 2 4 19 61 8 14 17 12 9 88 0 35 6 90 5 32 16 85 4 73 15 8 13 31 10 25 3 83 12 52
19 2 16 91 5 85 1 73 3 46 15 44 18 85 2 15 7 96 17 70 0 18 4 74 6 20 14 13 12 14 10 22 9 73 8 56 13 28 11 92
16 56 11 37 18 85 1 42 14 17 15 43 5 78 0 45 9 86 10 88 8 34 12 43 6 75 19 69 3 36 13 92 2 17 7 99 17 28 4 33
5 28 3 74 10 72 11 30 7 85 17 50 15 88 9 52 8 63 0 14 14 19 2 66 13 69 18 31 6 91 19 89 12 41 1 26 4 12 16 87
6 7 7 39 19 62 16 55 0 12 17 46 5 55 14 36 15 54 13 54 1 54 8 69 10 43 12 42 11 45 18 50 4 3 2 59 3 27 9 71
2 78 15 29 8 61 11 80 18 78 9 28 3 4 14 1 16 82 5 71 4 79 6 3 1 59 19 48 10 80 17 22 13 31 7 15 12 37 0 95
7 12 17 37 13 10 14 34 5 98 11 67 4 94 10 47 2 79 3 59 1 32 8 29 12 47 0 93 15 54 19 29 6 47 9 26 18 42 16 58
15 48 18 50 19 78 10 60 1 4 13 38 0 22 9 70 7 70 14 87 17 69 4 11 8 53 3 66 2 18 12 10 5 83 11 87 6 9 16 37
17 47 1 81 18 83 10 65 8 17 4 36 15 18 9 14 12 92 0 27 16 54 6 47 13 68 3 62 11 75 7 10 5 98 19 79 2 42 14 45
7 57 2 70 8 61 4 2 11 97 0 96 19 30 1 54 13 55 18 84 15 12 10 36 6 49 5 14 3 88 9 77 17 15 16 62 14 43 12 20
16 95 19 76 18 65 4 73 11 78 14 11 12 54 3 53 1 34 5 50 15 10 0 65 10 19 8 54 17 36 6 45 9 54 13 73 7 80 2 36
12 63 15 96 13 62 5 40 0 67 14 68 11 58 8 22 7 78 16 19 19 66 1 92 6 98 17 2 9 37 10 85 18 33 3 18 4 27 2 97
9 65 1 77 11 96 8 68 17 2 18 46 7 69 12 19 0 82 15 36 5 66 13 42 4 26 14 37 6 19 3 71 19 65 10 2 16 25 2 10
7 8 19 33 16 12 10 97 5 60 6 13 11 50 17 80 8 28 14 9 0 42 9 16 18 55 2 87 12 63 1 52 15 76 4 99 3 74 13 23
3 35 16 42 7 73 1 19 8 12 14 82 6 50 4 23 5 91 19 86 0 56 9 87 18 85 10 20 12 64 2 43 17 22 11 11 15 86 13 53
5 42 11 21 0 51 2 11 16 34 1 65 13 34 4 43 18 77 14 21 9 23 12 53 6 42 10 24 7 86 3 93 19 64 8 58 15 78 17 16
8 86 3 54 18 86 5 92 16 24 17 27 14 23 4 56 11 59 0 48 9 78 1 95 13 6 10 78 2 42 7 32 6 63 19 87 12 4 15 70
15 80 11 86 13 9 3 39 16 1 1 65 0 73 8 23 12 74 18 2 4 45 14 67 19 64 7 63 6 9 5 66 17 74 2 88 10 10 9 90
17 27 4 56 1 54 0 39 16 86 19 44 5 22 13 80 12 10 11 93 15 63 6 61 18 81 2 6 7 97 14 70 9 70 10 29 8 32 3 25
3 54 4 46 9 96 13 5 5 80 14 82 7 55 1 57 16 43 19 75 12 48 8 69 18 31 11 62 17 55 15 61 0 23 10 33 2 34 6 58
10 61 6 75 0 37 12 95 2 33 11 39 17 92 16 65 1 34 4 44 14 51 18 82 9 23 7 62 13 92 8 20 19 30 3 52 5 75 15 39
12 17 9 44 5 66 15 23 8 30 11 33 16 69 0 60 18 74 3 65 13 73 2 48 7 79 17 47 10 34 6 76 14 76 4 81 19 23 1 98
17 88 3 34 10 70 0 16 1 9 2 51 16 43 14 67 9 4 11 75 19 37 12 87 13 66 5 39 8 72 6 74 18 93 7 56 4 16 15 67
2 60 0 15 13 53 12 29 8 82 19 48 10 36 7 75 14 22 3 88 9 52 16 44 6 77 11 15 5 14 18 51 1 82 4 40 17 4 15 17
16 9 6 76 5 12 14 95 15 45 10 90 18 1 1 19 7 3 2 88 13 16 3 86 11 84 4 38 8 40 9 28 19 75 12 22 0 14 17 9
11 17 4 95 9 70 6 35 16 37 7 59 13 72 17 73 3 2 19 94 12 69 5 67 15 87 10 36 18 48 8 3 2 62 1 90 14 74 0 70
12 12 5 22 19 86 4 58 15 56 14 22 9 58 7 64 2 63 16 34 10 22 3 67 11 94 0 32 17 55 1 77 13 29 6 30 18 35 8 51
7 14 1 98 18 33 3 86 9 62 15 14 17 57 6 76 2 73 8 41 16 42 14 46 19 97 12 54 0 79 5 79 4 67 11 34 13 57 10 5
14 88 19 56 18 48 16 17 4 35 9 18 8 3 17 31 15 41 6 68 5 53 2 36 11 79 1 43 12 92 10 95 3 19 13 92 7 5 0 40
12 77 8 20 17 26 9 52 19 85 5 90 2 8 7 2 3 71 15 20 16 50 0 58 4 26 10 43 1 28 13 57 14 56 11 84 18 23 6 33
7 99 15 46 1 20 3 83 2 78 11 79 0 99 13 77 5 8 19 67 8 32 17 3 18 94 14 76 6 28 4 69 16 83 10 74 9 63 12 68
9 42 1 11 11 83 7 38 8 17 14 52 6 26 19 92 3 59 12 45 0 42 2 43 18 26 5 2 13 61 10 38 4 30 15 79 17 79 16 87
15 54 2 47 9 84 12 51 17 55 11 62 5 92 0 43 6 15 4 77 10 11 7 56 19 77 13 27 8 74 1 73 16 94 14 20 18 93 3 40
4 50 3 98 12 13 2 61 14 6 7 21 1 63 17 94 10 41 8 24 15 44 6 48 0 59 18 56 9 73 13 70 11 9 16 54 5 58 19 70
10 27 7 18 8 68 1 25 11 6 14 17 16 95 0 14 4 41 18 96 6 4 3 36 19 95 9 4 13 2 5 14 17 77 2 81 15 18 12 66
17 82 5 57 13 24 0 53 14 87 19 70 4 89 16 98 11 26 18 57 2 39 15 15 10 34 12 49 3 96 9 82 1 90 8 14 6 17 7 72
2 41 5 90 6 41 16 39 12 32 0 83 18 37 3 99 1 67 14 18 15 68 9 79 4 64 19 60 13 23 7 62 8 30 10 28 11 60 17 87
1 87 17 62 8 67 11 66 18 21 5 20 16 59 4 58 15 15 6 84 0 13 9 44 10 87 13 43 7 14 12 4 3 33 19 32 2 42 14 21
5 53 3 88 2 93 12 39 7 25 6 38 10 67 16 69 8 61 4 76 17 61 15 55 14 62 1 42 11 72 9 13 18 20 19 71 13 4 0 58
16 57 8 72 7 89 5 45 12 45 6 44 10 85 14 88 3 43 4 14 15 10 11 74 1 38 18 90 19 77 13 74 9 64 0 44 17 51 2 26
15 59 19 61 12 61 16 21 1 17 7 58 13 40 10 99 4 99 5 20 8 70 17 70 11 63 18 97 9 89 14 56 0 68 6 26 3 20 2 27
19 29 18 95 0 76 3 52 13 36 10 11 11 21 4 67 14 64 5 86 12 77 16 83 1 10 7 22 9 8 15 24 17 87 6 79 8 26 2 11
5 64 14 81 10 69 12 64 9 28 11 54 3 50 6 10 1 52 2 59 15 94 13 4 4 66 19 48 17 82 8 48 16 70 0 92 7 70 18 45
8 70 19 57 13 47 1 73 4 51 2 48 15 19 7 19 0 44 5 88 11 31 10 12 17 31 14 34 12 31 16 98 3 81 18 28 9 53 6 71
11 87 8 44 4 11 19 7 18 21 7 30 3 17 17 22 1 93 14 90 15 64 6 25 2 8 5 76 9 11 10 24 12 56 16 63 13 29 0 36
15 80 10 98 5 33 7 28 12 56 6 17 17 12 0 19 18 40 4 83 8 36 19 55 3 75 1 19 13 79 16 92 14 27 2 31 9 15 11 71
13 46 8 44 7 76 9 22 5 90 1 69 19 28 14 25 18 59 12 4 2 47 16 59 4 57 10 91 15 61 0 92 6 90 3 53 11 56 17 22
13 38 2 21 15 82 5 48 11 47 8 41 4 1 9 67 17 63 1 45 3 78 19 47 14 1 10 74 6 98 7 85 12 84 16 16 0 20 18 3
3 39 9 73 16 29 5 5 14 65 4 44 8 21 13 60 0 87 7 71 2 70 19 25 10 63 15 47 11 18 1 91 18 53 6 35 17 93 12 27
10 95 6 45 5 58 4 61 0 25 3 67 2 21 17 8 14 10 18 64 11 37 15 26 16 37 1 51 7 37 8 61 12 81 13 95 9 31 19 89
14 10 0 93 12 33 6 30 17 65 8 47 5 25 19 91 4 85 1 68 9 23 11 64 10 70 2 28 18 62 16 94 15 20 3 30 13 59 7 94
8 33 11 42 9 10 14 29 3 86 17 49 2 66 4 36 10 25 19 85 5 2 6 44 16 67 18 69 1 29 12 16 0 74 15 92 13 99 7 45
