100 20
4 54 19 8 6 30 2 48 13 42 16 40 3 3 11 1 10 13 8 1 0 67 12 53 7 65 5 26 18 61 17 76 14 38 9 46 1 99 15 80
18 67 16 57 7 26 4 32 2 72 3 59 14 50 17 34 19 76 8 39 1 33 11 89 9 27 5 23 10 71 12 62 15 5 0 9 6 38 13 83
11 41 9 99 13 20 5 94 18 9 16 62 1 58 7 89 10 30 14 90 3 67 8 89 6 20 19 76 12 94 2 5 4 37 0 64 17 11 15 51
9 53 17 23 6 78 10 8 14 42 18 28 4 73 13 75 12 71 19 92 2 93 8 19 1 12 0 14 11 73 3 97 7 92 16 67 5 96 15 87
10 27 14 43 8 54 1 66 11 44 13 15 12 93 19 69 17 5 6 81 5 73 4 19 2 61 18 50 7 3 15 92 16 72 3 31 0 2 9 10
11 80 9 59 18 85 4 55 12 76 0 81 16 7 19 56 8 46 1 29 7 45 13 41 5 49 2 81 3 82 14 63 6 71 17 95 10 64 15 37
14 52 15 28 3 95 19 70 6 63 12 94 18 78 0 13 10 4 11 86 7 41 2 6 1 48 9 38 16 43 8 43 5 32 4 49 13 49 17 97
1 81 3 28 15 67 7 53 18 95 6 57 13 92 11 96 0 75 17 63 10 86 5 99 12 25 2 56 9 14 14 11 8 67 16 5 4 71 19 82
5 57 8 45 4 1 12 54 9 77 3 74 14 97 16 53 6 59 1 96 7 32 13 80 18 19 0 36 11 67 10 58 2 20 15 66 19 58 17 92
19 13 16 59 13 8 3 13 7 7 0 21 8 87 15 67 5 63 17 98 9 50 12 4 10 17 1 26 4 67 18 36 6 32 2 12 14 71 11 3
3 91 14 88 8 7 1 55 4 83 16 9 6 38 11 51 19 33 13 69 7 99 17 37 18 78 12 12 2 49 0 1 5 42 15 2 9 87 10 96
17 1 3 44 13 74 1 30 2 85 12 20 11 14 7 39 15 70 5 30 18 82 16 3 4 98 6 5 8 84 19 1 14 42 10 31 0 97 9 65
1 43 5 65 9 42 11 31 7 59 3 98 15 13 12 29 19 93 2 30 14 68 10 35 13 82 17 58 4 89 6 64 8 58 16 49 0 4 18 12
17 20 14 28 4 97 15 19 12 99 2 86 16 16 6 56 8 33 11 48 3 61 13 89 7 93 18 9 0 18 9 69 19 21 5 33 10 58 1 18
8 78 19 56 13 42 12 2 14 14 9 71 18 41 1 71 4 96 0 64 2 74 7 61 6 30 10 8 16 61 17 25 11 12 3 57 15 61 5 40
5 30 9 58 0 87 19 48 13 90 2 26 6 23 12 8 8 63 14 2 16 18 1 58 17 44 18 19 15 51 11 97 10 98 7 11 3 75 4 45
17 41 15 85 10 1 18 82 13 78 3 39 4 5 6 47 16 70 11 82 8 16 2 68 5 55 0 83 7 71 19 76 12 85 14 69 9 40 1 91
4 99 9 84 12 27 1 37 16 83 6 49 5 18 13 94 14 59 15 77 18 95 11 61 2 71 0 86 8 98 19 54 10 57 7 67 3 98 17 45
18 80 4 73 16 79 17 52 5 58 1 46 3 61 13 29 14 46 11 23 12 50 7 69 0 78 8 69 10 18 6 20 2 38 9 97 19 3 15 67
18 93 12 85 13 39 6 57 11 17 14 63 7 87 0 92 1 89 8 6 10 5 9 73 2 20 19 19 3 63 16 6 5 79 17 18 4 61 15 63
8 28 16 72 18 36 9 99 4 58 6 66 5 53 7 79 13 36 2 61 14 64 15 86 10 67 3 60 12 56 17 6 0 39 11 31 1 62 19 32
18 39 17 48 15 24 16 19 9 92 4 97 14 50 10 89 0 49 2 96 6 5 13 60 7 5 5 52 8 88 19 83 12 22 3 65 11 17 1 25
16 48 4 25 10 99 19 91 3 77 12 29 6 83 2 58 8 26 17 78 1 16 9 58 18 20 13 8 15 43 14 45 7 51 5 1 11 20 0 9
6 98 0 45 2 55 14 41 1 28 9 31 13 74 12 23 10 15 17 65 3 54 18 27 16 31 19 86 5 5 8 27 7 56 11 67 15 57 4 57
4 7 2 22 10 27 19 36 3 42 8 23 17 80 11 28 1 44 14 92 9 99 12 42 6 39 15 39 16 36 18 61 5 64 13 66 0 78 7 66
3 98 9 49 7 45 13 71 16 26 8 32 5 17 12 89 11 51 18 27 10 62 6 1 4 37 17 72 14 96 1 67 15 13 2 66 19 71 0 69
8 71 19 57 6 23 3 74 14 15 7 6 1 75 10 25 18 67 2 56 9 43 0 46 11 14 4 31 15 66 16 38 5 75 17 94 13 17 12 19
4 73 19 12 2 59 14 25 16 37 12 80 3 82 7 45 13 25 15 87 18 85 6 60 17 42 0 79 8 39 5 19 11 95 10 32 9 69 1 38
14 78 19 36 17 48 10 52 16 13 15 45 9 37 2 41 3 38 1 1 5 25 4 69 12 30 11 98 6 42 13 36 0 96 8 20 7 46 18 80
0 72 11 9 17 7 5 73 2 38 7 86 15 82 6 89 18 20 16 51 9 95 3 16 1 83 13 23 12 30 10 45 4 49 14 85 8 84 19 65
16 67 9 60 4 72 8 85 17 9 1 47 15 82 5 83 2 84 14 52 6 25 7 95 13 93 10 71 18 44 12 91 3 31 0 94 19 73 11 80
13 73 14 5 7 57 5 9 18 97 12 52 17 42 6 40 0 98 9 74 4 42 15 73 1 19 19 40 11 78 3 81 16 27 10 49 2 57 8 85
3 53 7 75 9 88 1 47 11 22 16 33 12 43 13 73 15 16 0 84 5 97 17 32 4 90 10 16 2 19 19 99 18 59 6 91 14 49 8 29
9 13 17 12 6 33 19 16 10 45 4 36 11 68 15 2 1 44 8 93 13 85 5 24 18 20 0 27 14 89 12 38 7 14 16 94 2 79 3 35
18 85 17 51 5 62 16 20 15 20 7 81 3 69 9 50 4 76 14 18 2 8 0 51 1 38 11 23 19 33 8 23 10 57 6 44 13 65 12 3
2 14 17 82 13 89 8 64 18 50 11 22 1 56 15 13 9 46 6 13 3 15 12 90 10 46 5 40 7 43 0 82 16 48 19 89 14 28 4 23
18 75 19 33 14 50 9 74 1 84 6 60 4 1 5 54 13 66 3 28 10 76 17 77 0 33 7 29 8 85 16 69 12 1 15 27 11 63 2 62
7 35 12 76 1 77 10 25 0 68 9 3 14 75 4 66 11 4 5 41 3 85 19 89 16 36 8 86 2 88 13 53 15 14 6 38 18 66 17 71
17 53 18 2 9 85 6 50 16 18 5 59 2 48 19 5 15 58 7 69 1 77 14 24 4 94 0 82 8 55 12 42 13 92 3 45 10 34 11 50
2 26 12 46 15 94 6 60 8 77 17 3 7 10 10 34 19 1 13 1 4 59 16 48 0 47 11 61 1 82 18 10 3 75 9 24 14 70 5 80
2 8 1 65 16 11 18 92 8 85 15 94 19 36 12 61 5 57 4 7 0 50 17 52 13 63 7 26 10 8 11 3 3 77 9 71 6 13 14 90
0 18 6 12 3 82 7 59 12 68 15 32 1 94 17 62 18 63 2 83 16 23 13 69 14 56 9 50 19 77 8 28 10 71 4 80 11 34 5 24
8 52 13 28 5 74 10 8 14 4 16 68 0 75 12 80 17 59 9 64 4 19 18 35 2 14 6 56 1 68 3 3 7 18 19 56 11 57 15 85
6 5 13 20 17 55 9 26 5 19 15 74 1 8 10 14 12 91 4 96 7 15 2 81 18 10 14 46 0 97 3 47 8 67 16 91 11 72 19 3
1 87 4 52 12 50 13 37 3 38 17 63 7 26 18 23 2 31 0 54 10 56 9 45 15 79 8 14 19 44 6 70 14 5 11 17 16 19 5 87
3 43 0 77 12 84 15 60 11 27 5 14 19 94 13 61 2 12 17 42 9 77 7 50 14 2 16 28 10 24 8 44 18 87 6 36 4 35 1 87
8 74 7 90 0 27 13 56 17 22 2 80 5 84 18 27 16 60 3 23 19 15 11 4 12 37 15 36 9 86 1 71 10 47 14 22 6 34 4 13
11 81 12 11 0 80 2 57 4 88 8 10 16 98 6 15 14 35 5 80 19 57 1 25 10 89 13 7 17 53 15 60 18 96 9 15 7 16 3 6
1 55 10 70 14 39 16 2 18 75 2 49 9 69 7 36 8 68 3 96 13 77 4 82 0 40 12 54 15 12 19 92 11 81 5 52 17 35 6 56
8 26 1 54 15 24 9 1 10 73 12 78 0 23 3 39 13 93 18 11 2 91 7 55 14 52 6 37 11 54 16 60 4 3 19 2 17 83 5 17
2 54 17 92 12 49 1 90 14 79 9 80 13 73 7 32 18 23 11 91 10 90 3 16 4 18 6 26 0 6 8 64 5 92 15 75 19 13 16 5
17 13 3 70 4 10 5 81 8 30 7 25 2 61 10 86 0 80 14 18 6 77 13 48 16 63 19 13 1 47 11 31 15 25 18 38 9 9 12 69
13 4 15 65 7 50 0 87 18 33 19 55 4 35 14 60 17 95 10 31 5 17 9 79 1 9 12 47 8 31 16 32 6 64 11 37 3 27 2 34
1 32 6 20 5 27 7 27 3 70 16 5 0 99 10 58 17 37 19 42 13 60 2 66 11 78 18 53 4 2 12 42 9 78 14 35 15 30 8 5
0 46 7 96 12 82 18 73 5 72 10 26 8 86 14 49 9 23 13 78 16 1 19 70 2 99 3 82 4 73 15 54 17 16 11 66 6 34 1 36
1 67 4 71 5 77 18 21 13 97 0 92 16 71 15 33 11 4 2 58 12 82 6 11 17 75 9 99 14 16 3 65 8 51 7 46 10 94 19 57
10 14 7 92 17 9 15 58 8 46 4 59 5 31 0 32 3 1 9 97 13 52 11 86 6 37 2 91 14 88 19 48 1 34 18 9 16 66 12 50
7 67 19 1 6 25 2 4 5 24 1 99 18 62 14 25 15 75 8 5 9 20 13 62 11 67 10 55 12 4 3 39 0 75 16 73 4 9 17 93
17 24 10 6 4 10 18 55 11 83 9 3 3 35 19 21 2 71 0 45 15 20 5 52 16 80 7 13 1 12 8 46 12 15 13 78 14 64 6 70
17 86 6 79 13 45 18 96 12 30 11 4 8 20 7 81 3 9 4 34 19 46 1 66 0 64 10 90 5 68 14 25 15 3 16 99 2 81 9 4
15 59 0 68 13 90 18 96 17 42 12 3 7 77 19 87 8 99 14 72 2 8 6 96 1 71 3 96 11 90 4 74 5 89 10 53 9 87 16 80
19 89 17 12 13 94 14 17 16 19 7 29 8 83 2 51 11 86 18 4 0 94 6 72 12 65 3 36 15 37 9 43 5 59 10 76 4 16 1 84
15 11 16 54 9 5 14 20 19 65 6 51 13 96 18 82 0 7 8 84 3 76 5 23 12 23 7 85 11 86 17 1 1 2 2 3 10 20 4 99
3 68 4 10 13 29 14 58 18 15 16 37 19 20 11 15 1 2 17 40 8 69 0 64 10 98 9 12 2 10 6 8 12 17 15 47 7 80 5 64
12 47 14 85 6 55 17 91 1 44 0 28 2 6 18 97 16 32 4 14 3 91 15 36 5 60 13 95 11 10 7 97 10 55 9 52 19 62 8 58
15 3 8 96 7 57 1 20 18 78 13 59 12 7 11 69 5 32 14 12 2 38 6 1 3 90 4 7 16 64 0 70 19 41 9 49 17 92 10 77
4 1 0 50 12 8 3 18 1 68 10 92 9 22 16 73 13 66 17 63 8 21 19 93 15 40 11 51 14 33 2 83 6 25 7 24 5 77 18 95
1 51 16 43 18 65 8 56 4 34 0 31 17 25 15 4 9 90 13 63 12 1 10 3 3 98 11 97 6 15 7 94 2 23 5 93 14 73 19 25
13 39 5 44 0 5 18 33 9 1 1 28 17 49 7 49 14 19 3 41 10 37 16 26 8 77 11 8 15 4 4 97 19 60 2 57 6 54 12 34
17 60 7 34 12 98 2 40 15 70 1 29 11 20 6 47 3 60 13 71 19 89 10 61 14 53 16 47 18 47 8 4 4 74 0 97 5 45 9 35
3 53 16 96 19 25 12 66 17 64 10 67 14 30 7 58 6 44 5 36 18 14 15 27 0 41 2 10 1 57 8 46 4 53 13 28 9 11 11 9
15 56 13 90 16 7 18 78 8 51 11 45 17 34 0 96 2 39 5 33 1 44 3 59 9 25 12 21 10 86 14 46 6 45 7 25 4 96 19 72
18 98 10 7 14 60 17 97 3 90 0 61 9 36 1 5 2 28 5 74 13 73 7 23 16 56 12 74 19 3 4 24 15 35 6 92 8 1 11 9
17 16 6 67 10 18 9 93 11 84 14 12 3 45 19 8 0 56 8 78 4 77 13 41 1 48 2 62 18 89 5 6 12 23 16 11 15 49 7 1
18 55 15 95 4 92 9 53 11 32 13 14 17 60 2 76 7 62 8 78 3 90 14 73 10 79 19 66 6 80 1 85 12 62 16 43 5 64 0 34
5 95 9 11 16 55 7 28 2 18 12 81 19 30 11 32 4 50 18 35 10 2 17 88 15 69 3 91 13 58 6 57 8 98 0 11 14 84 1 26
1 94 6 4 15 65 18 22 10 59 2 70 12 94 14 50 13 40 3 82 16 68 0 95 9 17 7 65 5 83 11 64 8 33 4 72 19 48 17 52
4 33 9 5 12 7 11 68 7 75 17 86 0 28 19 20 6 68 3 39 15 28 18 36 2 84 8 2 16 24 5 78 13 12 1 4 14 78 10 74
11 32 18 37 5 11 15 27 10 43 2 95 14 89 7 3 1 49 16 63 17 29 4 2 0 73 3 38 8 14 19 31 12 47 9 8 6 54 13 78
6 5 7 43 13 33 10 29 12 7 18 4 14 18 8 43 5 65 0 17 2 20 15 93 16 38 19 11 9 1 11 84 1 91 17 80 3 84 4 51
11 58 5 53 3 9 12 95 10 96 18 80 9 65 4 74 2 21 8 30 13 31 16 30 6 40 7 46 14 2 0 30 15 45 19 19 17 93 1 20
16 14 9 30 10 99 8 57 1 55 0 16 15 10 6 3 14 85 11 83 5 43 7 70 3 63 17 44 13 16 19 1 12 40 2 23 4 50 18 21
7 42 15 26 13 80 18 10 19 20 5 18 9 87 1 26 0 48 10 84 12 39 11 22 2 17 17 83 6 39 4 74 3 14 8 97 16 5 14 75
14 30 17 13 10 46 13 58 12 55 1 73 16 29 9 25 5 22 0 68 8 6 3 48 2 82 19 23 7 97 15 80 4 13 6 66 18 86 11 84
11 57 1 6 4 56 2 68 3 90 7 69 10 31 19 57 14 46 18 23 8 87 6 66 5 26 13 11 15 43 9 63 0 58 17 57 12 54 16 36
11 16 8 19 2 47 12 78 16 90 9 25 10 71 15 93 18 36 7 58 4 19 1 86 17 70 14 66 3 54 13 28 0 72 6 78 5 5 19 38
7 6 16 84 5 78 19 34 8 23 10 45 18 34 9 29 11 4 17 78 1 96 13 39 14 56 12 45 4 9 2 24 0 32 15 41 3 97 6 64
19 92 7 89 8 28 3 80 14 28 11 14 12 44 0 91 2 85 16 41 15 84 4 91 18 86 10 9 9 28 17 98 1 88 6 10 13 3 5 74
13 33 2 16 19 31 17 73 8 20 5 43 9 35 11 99 18 17 6 21 3 57 10 21 15 38 16 16 1 4 0 63 14 22 12 18 4 48 7 49
0 56 15 8 6 46 19 40 11 99 8 57 5 17 1 57 18 63 2 87 7 20 4 18 9 42 10 7 14 74 3 91 16 50 17 65 13 36 12 94
15 43 9 7 18 26 17 60 13 89 6 99 12 34 16 35 11 56 7 72 19 13 3 38 4 6 8 69 5 84 14 60 10 13 0 44 2 14 1 66
4 64 17 45 3 28 2 92 12 32 11 71 0 39 1 8 6 11 15 94 16 94 9 39 19 81 14 63 8 28 10 18 5 80 7 52 13 48 18 22
10 88 1 44 4 55 14 9 8 58 7 48 6 19 11 45 19 74 3 58 5 20 15 44 9 85 16 60 13 61 0 70 12 12 17 98 2 98 18 56
18 68 17 82 7 46 16 85 5 6 8 39 11 34 13 98 0 4 2 14 1 52 9 67 3 5 12 23 6 3 14 71 10 40 15 47 19 70 4 3
3 81 18 38 19 15 17 58 5 83 16 93 1 12 0 5 10 98 11 97 12 34 6 46 4 23 7 85 2 48 14 17 15 23 9 93 8 24 13 77
4 80 11 32 8 29 3 40 17 49 16 51 13 96 10 1 15 44 18 65 19 37 2 32 6 55 1 53 5 71 14 51 12 64 0 16 9 4 7 19
7 42 10 45 0 76 4 70 9 61 5 46 2 32 13 9 8 10 16 95 17 31 15 38 1 20 14 3 6 54 11 15 3 42 12 7 18 36 19 99
11 21 2 13 15 83 3 50 7 59 5 47 19 1 14 44 18 86 12 37 4 1 16 68 6 73 9 13 13 96 0 5 8 8 1 64 17 38 10 20
16 5 15 53 17 26 8 36 11 86 9 17 7 25 13 82 0 69 6 70 5 57 19 26 18 94 10 53 12 10 4 2 14 22 2 84 3 33 1 23
6 64 16 72 10 88 8 41 15 36 4 95 9 55 0 69 17 47 19 61 7 12 13 29 12 79 18 98 14 41 5 25 1 37 2 49 3 57 11 46
