100 20
3 76 14 89 2 91 12 8 19 40 4 35 13 21 6 45 9 51 7 5 11 63 1 43 18 27 8 13 0 43 15 14 5 90 17 81 10 78 16 10
4 84 5 85 9 9 16 45 2 18 15 87 11 62 3 14 8 95 17 56 14 5 6 11 12 8 7 3 1 32 19 20 18 89 0 18 10 10 13 36
5 95 16 64 10 92 7 55 4 84 13 65 11 93 19 12 8 73 6 10 18 61 3 18 1 14 9 31 14 55 12 72 17 25 0 94 15 35 2 61
8 55 0 69 4 20 1 15 9 11 12 39 15 66 16 67 17 34 2 16 11 7 18 28 3 83 10 36 13 75 6 31 19 59 5 65 14 91 7 94
14 51 17 11 6 67 9 95 12 66 2 40 7 69 4 75 18 48 5 38 19 7 8 12 11 47 10 99 13 16 1 47 0 79 15 96 3 53 16 52
1 22 15 39 13 83 19 62 17 13 5 69 18 3 7 90 16 28 14 67 11 92 8 54 6 73 9 45 0 70 10 60 3 38 4 34 12 3 2 78
9 41 19 24 5 47 17 91 2 26 7 61 14 40 12 37 1 97 0 38 4 2 18 21 6 25 10 93 3 29 16 33 13 81 8 2 15 15 11 16
0 22 9 91 15 93 2 56 13 47 4 92 11 61 3 29 16 45 19 56 1 63 6 2 10 99 7 33 14 60 5 29 8 75 12 32 17 79 18 14
19 80 6 89 7 57 15 76 18 3 0 3 2 34 9 86 1 49 3 25 4 56 16 39 14 87 13 79 12 67 11 68 17 82 8 37 10 5 5 32
8 45 13 37 2 11 4 27 12 34 18 94 15 55 19 14 9 89 3 75 7 61 14 68 1 4 11 39 0 50 10 52 17 28 5 57 16 15 6 55
9 77 13 26 17 2 6 94 0 23 5 80 12 86 10 69 1 13 3 11 15 34 18 34 8 98 14 47 7 21 2 93 4 85 16 12 19 9 11 79
3 21 17 89 18 17 1 21 4 46 16 46 13 93 9 57 12 20 0 21 11 56 15 36 14 26 19 36 10 41 8 76 2 36 7 68 6 75 5 50
15 58 5 90 2 33 12 34 19 65 16 76 9 41 17 33 3 35 8 51 4 55 18 16 14 71 1 7 11 74 6 23 13 35 0 60 10 80 7 40
1 42 17 65 4 70 13 29 14 78 3 84 16 3 0 30 9 97 19 65 7 5 10 74 5 96 8 64 11 48 15 2 18 98 6 42 12 42 2 85
12 9 3 76 6 73 10 71 15 92 19 2 5 47 2 69 9 28 8 39 4 50 7 97 17 95 16 73 18 58 0 49 1 12 11 83 14 45 13 40
8 8 9 2 2 89 4 45 17 44 6 63 10 44 5 97 12 24 1 9 15 11 19 27 18 27 14 41 7 74 16 77 0 72 11 27 3 69 13 50
8 26 18 25 10 46 3 49 16 71 14 41 9 67 1 30 5 34 19 13 15 21 7 95 13 50 0 6 2 2 12 19 6 12 17 80 11 12 4 75
10 11 0 55 16 25 8 5 4 38 9 58 12 57 18 53 3 78 15 19 5 5 11 74 1 86 7 7 6 49 17 99 13 35 2 59 14 38 19 46
19 28 7 4 18 59 1 56 17 82 4 69 10 63 13 18 15 45 12 7 11 80 16 68 5 53 0 34 2 32 14 16 8 73 3 77 9 9 6 5
8 50 17 81 5 67 4 33 14 50 1 50 19 49 15 19 9 19 18 13 7 52 13 94 11 27 12 81 2 60 6 33 10 18 16 36 0 42 3 63
9 34 5 74 12 1 11 13 8 17 19 40 0 14 1 48 6 55 17 72 10 74 2 91 14 30 3 93 18 17 15 14 7 43 16 12 4 19 13 8
5 17 19 7 8 20 18 80 12 32 14 91 7 93 0 68 15 86 4 18 1 16 13 30 3 62 16 18 6 85 17 65 2 39 11 13 10 29 9 45
0 66 1 63 17 61 15 66 12 73 11 75 16 45 18 31 14 35 7 61 4 52 5 61 2 10 9 53 19 94 10 70 8 57 13 14 6 50 3 27
15 85 7 46 16 11 0 54 6 37 2 69 11 8 13 80 4 85 1 42 14 2 19 95 9 31 12 80 17 55 5 83 10 86 3 2 18 1 8 63
2 36 13 94 8 22 16 37 12 39 11 82 0 7 17 48 4 90 1 66 10 92 3 20 6 14 7 74 18 62 15 4 5 23 19 53 9 93 14 86
4 52 10 32 0 13 14 39 6 84 1 64 5 26 3 22 15 22 13 71 9 57 8 79 16 84 17 74 2 70 12 80 18 55 7 74 19 5 11 1
18 32 7 87 16 12 10 20 8 68 0 15 11 21 9 44 1 9 4 48 13 39 14 62 3 62 2 63 17 64 12 16 6 40 5 15 15 28 19 77
0 20 5 59 18 68 16 6 12 41 13 90 14 52 11 96 10 42 15 94 8 24 6 37 1 14 19 82 17 55 2 8 7 16 9 24 3 48 4 44
6 28 19 6 17 77 3 16 9 15 4 87 11 97 7 46 18 12 10 20 13 42 5 24 15 41 2 29 12 47 16 71 1 93 8 75 14 42 0 19
10 55 1 65 8 95 13 57 18 27 7 14 19 54 2 73 5 27 11 53 12 63 4 18 14 79 15 42 3 92 6 83 16 71 9 64 0 3 17 61
15 93 14 99 10 67 17 73 9 97 12 51 2 69 8 50 16 66 3 40 0 80 4 34 19 11 6 29 11 57 13 27 7 76 5 62 18 95 1 24
15 74 16 50 5 20 6 44 13 38 17 81 12 16 19 37 2 73 4 6 18 19 3 95 7 78 1 29 14 57 9 94 10 65 11 42 0 90 8 24
15 33 4 41 13 48 2 53 3 8 9 67 1 73 19 80 8 72 12 77 10 82 17 2 0 21 7 66 6 55 11 24 16 82 14 52 18 45 5 25
3 48 4 79 12 52 0 52 10 82 16 34 7 76 2 52 11 59 9 5 14 62 5 60 1 56 6 52 18 4 17 46 8 16 13 47 19 23 15 73
5 94 7 33 15 1 6 52 1 35 17 63 3 39 18 80 12 80 14 99 4 57 11 47 9 48 2 53 13 81 19 57 8 66 10 51 16 29 0 79
16 68 12 19 5 28 6 63 11 25 14 71 2 31 8 34 0 92 3 71 10 96 19 29 1 23 9 97 4 84 13 9 15 15 17 72 18 26 7 94
8 67 5 3 17 72 13 65 0 62 18 35 19 22 15 88 9 32 3 87 6 38 4 95 7 49 11 68 16 38 12 36 1 42 10 3 14 88 2 33
3 66 8 14 14 12 5 69 2 87 15 89 1 84 0 90 17 26 6 6 4 95 11 93 9 62 19 4 10 41 13 57 18 80 12 71 16 34 7 50
11 9 0 90 10 30 17 75 8 27 16 74 3 80 9 55 7 42 1 90 12 28 4 79 19 93 5 41 13 22 18 68 15 92 14 36 2 83 6 15
18 76 11 97 10 14 13 28 1 94 17 28 14 54 12 2 8 82 0 59 6 69 3 19 15 64 2 56 4 66 19 65 16 90 7 39 9 99 5 74
12 63 2 79 0 98 10 28 19 23 8 53 17 16 13 6 16 62 4 27 15 41 3 53 18 89 7 50 1 74 9 58 5 27 11 21 6 98 14 90
15 80 6 3 7 4 13 67 11 56 2 53 0 23 9 1 3 75 19 15 8 74 17 20 1 59 10 20 14 74 12 49 18 44 5 38 16 5 4 9
4 71 12 48 2 49 1 47 18 77 13 20 0 93 17 60 19 43 10 70 9 37 3 35 16 67 11 64 14 92 15 85 6 36 7 95 5 97 8 31
7 39 15 60 9 37 12 14 4 67 3 94 17 23 13 40 18 1 14 25 8 86 16 11 6 12 5 27 2 17 1 61 19 96 11 82 0 3 10 67
8 62 1 6 10 25 17 63 16 15 13 40 3 24 7 96 14 47 2 12 0 7 4 86 19 46 11 79 9 57 18 61 5 8 6 45 12 94 15 38
7 25 5 39 17 54 18 26 3 54 11 4 0 87 19 24 1 72 13 66 16 68 10 4 8 53 15 38 6 3 9 82 14 14 12 74 2 49 4 10
18 28 11 99 2 14 1 43 16 26 6 80 7 96 3 47 4 4 0 28 5 43 17 41 12 7 13 70 10 86 15 77 8 84 14 37 9 36 19 69
3 37 5 67 11 20 1 27 14 41 18 30 12 66 9 59 4 64 2 88 16 37 6 46 10 74 7 56 15 52 13 47 0 37 17 24 8 24 19 64
13 20 2 52 4 89 10 87 11 62 3 36 18 49 16 96 15 3 9 78 6 57 5 89 1 72 7 78 12 4 19 10 14 56 17 77 0 14 8 45
17 57 6 16 8 93 3 13 11 6 1 90 9 56 12 88 5 34 0 34 19 91 10 81 14 21 15 11 16 67 18 78 4 90 7 57 2 25 13 88
3 21 7 70 13 52 12 9 11 75 10 65 4 29 0 63 16 58 17 50 5 17 6 94 15 22 8 87 18 59 14 14 9 32 19 4 2 6 1 85
3 60 14 85 19 61 8 56 17 68 7 63 0 51 2 9 11 62 1 85 12 80 13 67 5 54 4 42 15 80 16 63 6 71 18 22 9 25 10 94
18 86 11 51 12 12 13 23 0 14 4 20 17 77 16 27 1 21 6 19 10 71 2 28 9 57 7 69 15 19 19 19 5 54 3 58 8 68 14 23
17 86 7 1 11 81 12 40 6 74 14 34 8 19 4 27 0 71 15 97 18 52 10 26 3 5 1 9 16 87 9 73 5 86 19 34 13 26 2 82
1 26 7 1 11 93 4 32 6 50 12 93 17 85 18 80 3 39 10 54 15 27 8 93 16 44 9 43 13 91 19 4 2 24 0 64 14 42 5 66
1 25 12 94 7 9 10 84 18 31 14 17 11 44 16 47 19 13 6 13 8 6 13 43 0 8 4 74 17 32 5 73 9 54 15 53 3 67 2 60
13 18 7 77 8 21 1 31 0 74 10 95 14 95 19 15 15 56 3 18 2 62 4 54 5 65 12 85 11 46 17 95 9 77 6 95 16 22 18 9
6 63 1 26 15 10 14 45 7 33 17 63 4 91 12 18 19 25 18 59 8 69 11 44 0 65 2 49 5 73 10 89 9 36 3 5 13 18 16 3
10 9 1 30 7 65 19 18 6 25 4 55 8 2 16 87 11 21 9 77 12 61 5 39 2 65 13 62 15 81 3 73 17 93 14 26 0 84 18 64
6 3 14 42 15 61 11 22 19 78 9 32 0 18 16 71 8 7 2 47 18 57 1 67 5 80 13 63 7 98 4 17 12 91 10 69 3 38 17 63
12 77 11 70 5 8 10 59 3 53 7 1 1 41 6 84 14 26 19 27 0 37 17 51 18 95 8 85 9 99 15 21 13 1 16 8 4 63 2 26
15 75 17 65 4 72 10 10 13 72 9 31 3 61 6 84 0 60 5 51 18 52 1 95 16 80 19 90 14 53 2 24 7 20 8 75 12 98 11 5
11 78 4 54 14 37 2 16 12 89 3 56 17 77 6 37 13 93 0 68 5 29 18 14 1 21 9 53 15 34 16 8 7 96 8 93 10 21 19 71
7 91 2 45 16 8 17 31 5 83 15 37 8 76 18 40 19 55 0 48 14 98 12 55 11 54 6 99 9 14 13 10 4 72 10 56 1 72 3 96
18 34 1 91 9 43 14 66 6 88 8 52 15 21 3 29 13 13 10 2 0 71 12 64 11 80 7 98 2 94 17 34 16 81 19 19 4 1 5 82
13 37 17 33 15 8 3 61 4 77 16 75 18 41 10 20 12 73 6 47 0 27 5 73 19 47 7 64 8 5 9 72 1 87 11 39 2 86 14 61
10 54 1 63 12 57 13 70 4 19 0 32 7 95 16 81 9 10 11 36 17 53 2 75 14 24 8 10 5 23 3 20 18 66 15 11 19 33 6 84
17 51 4 28 19 20 18 54 15 85 13 59 0 1 3 35 14 80 11 29 1 32 2 53 9 78 8 34 5 85 12 52 6 96 7 40 16 41 10 63
2 6 9 58 14 12 5 60 1 15 8 50 17 85 10 67 16 68 4 36 19 34 13 10 6 10 3 71 12 32 18 61 0 37 11 69 15 14 7 32
4 94 17 97 6 26 16 72 12 31 2 54 8 62 1 23 0 76 3 87 11 76 14 53 13 59 9 1 19 33 7 33 5 43 15 9 18 99 10 47
5 59 14 74 6 70 11 73 8 8 2 8 10 71 12 1 13 67 18 96 15 76 17 21 3 50 1 83 16 55 7 25 19 27 0 35 9 22 4 68
3 45 2 12 17 76 18 56 5 65 19 58 1 54 12 39 9 46 6 60 15 70 10 62 0 18 11 66 8 16 14 91 4 14 13 33 16 46 7 3
7 12 16 94 12 43 6 86 8 30 14 71 2 18 0 90 18 8 13 63 17 85 19 58 10 54 4 34 1 91 9 77 15 8 3 34 5 83 11 68
12 96 16 5 13 53 18 20 1 73 11 59 4 51 5 95 2 34 14 80 9 3 0 79 19 85 6 99 3 69 7 60 15 27 10 97 17 57 8 1
10 48 11 62 4 77 13 1 18 17 1 45 9 54 8 45 15 77 3 32 14 65 7 17 2 23 17 93 6 70 12 77 0 25 19 97 5 69 16 29
9 53 10 31 17 48 19 24 16 67 0 53 12 52 7 70 13 75 18 38 11 70 6 24 4 37 5 87 2 36 14 96 8 53 3 85 15 5 1 4
0 10 11 68 18 13 7 7 19 55 1 63 5 74 17 33 8 5 15 9 12 86 9 16 4 62 6 5 3 38 14 25 16 75 10 62 13 76 2 34
4 69 7 62 15 80 18 35 14 63 8 27 0 1 19 94 9 20 2 12 11 81 17 2 3 29 10 24 16 10 5 97 12 55 1 92 6 75 13 62
5 27 10 42 14 64 4 8 15 20 7 45 9 83 12 59 18 19 16 54 1 23 17 14 2 70 8 36 19 16 11 24 0 69 3 40 13 41 6 53
14 64 1 14 2 88 19 80 7 64 5 29 13 35 6 62 8 34 12 90 16 84 9 68 0 69 11 6 15 50 4 94 3 8 17 49 10 68 18 7
3 38 7 27 4 78 13 62 17 42 11 32 9 21 12 56 14 80 16 14 8 93 0 49 19 25 10 64 5 3 2 77 15 65 18 49 6 2 1 72
14 20 15 5 6 53 11 77 8 77 10 91 1 93 12 73 3 99 18 64 9 49 4 26 16 12 2 1 13 5 19 83 17 80 0 1 7 89 5 54
10 56 17 51 18 30 19 28 14 66 2 9 12 54 3 96 11 95 16 80 8 60 0 60 1 57 4 51 6 49 13 96 9 90 7 91 15 11 5 5
15 52 1 44 19 87 8 39 4 20 7 12 12 88 16 30 11 5 3 92 17 21 10 20 9 52 14 34 18 74 5 62 6 85 2 14 13 63 0 26
18 44 2 53 13 48 0 22 7 86 14 49 11 71 15 88 4 10 12 12 5 78 17 3 9 63 1 91 16 60 19 18 3 99 10 91 8 90 6 47
2 93 11 4 16 29 13 67 7 90 19 77 1 86 9 69 5 90 14 87 15 75 0 88 10 95 18 26 12 71 8 6 4 70 17 98 3 3 6 90
12 4 0 8 6 1 16 67 13 22 2 44 5 68 4 99 18 70 3 20 11 58 7 76 14 27 1 32 9 83 17 51 10 55 8 46 19 98 15 40
13 81 11 73 19 2 2 89 7 61 16 22 8 9 1 4 9 29 14 67 4 30 5 70 18 50 17 9 6 60 10 91 15 95 0 72 3 73 12 55
1 68 19 14 4 80 11 12 17 30 7 59 18 90 14 43 12 50 8 17 15 74 6 21 16 55 0 52 5 32 13 3 2 82 9 69 10 81 3 32
0 90 4 31 5 46 10 59 11 46 15 1 7 24 8 9 14 14 12 13 9 68 3 94 2 56 13 53 16 74 19 94 1 41 6 94 18 37 17 65
6 95 8 94 0 55 2 74 19 40 13 34 3 33 1 91 15 99 14 71 18 67 7 70 16 23 5 16 4 31 9 66 10 25 17 50 12 87 11 85
2 50 8 70 14 87 12 86 15 14 1 52 11 6 5 39 10 32 6 4 19 85 16 75 7 89 17 89 3 58 0 74 13 55 18 48 9 13 4 32
14 51 19 30 4 62 6 73 1 40 7 30 16 73 10 83 9 38 11 45 18 89 2 93 12 9 15 34 3 71 8 50 0 61 13 9 17 43 5 69
13 61 7 74 3 67 19 83 15 33 2 84 10 66 17 7 0 31 16 87 12 62 9 2 5 56 8 10 4 28 6 39 18 94 14 12 11 74 1 67
1 9 13 50 12 53 11 94 17 55 7 14 2 67 0 96 8 53 9 10 3 39 5 45 4 37 14 83 18 98 10 67 6 83 16 74 15 34 19 8
6 66 3 82 1 56 11 30 0 26 18 81 2 20 10 11 17 19 13 65 8 22 16 93 9 29 12 17 15 51 5 50 14 87 19 83 7 51 4 35
15 49 19 50 13 90 2 24 3 89 6 37 4 90 7 27 18 10 0 84 5 85 9 73 16 91 8 44 12 6 11 25 10 14 1 50 17 2 14 80
11 91 18 31 9 6 15 94 16 53 6 17 4 93 1 27 5 65 10 25 8 67 2 53 7 42 14 77 12 52 19 47 3 81 0 59 17 24 13 49
18 19 0 84 8 49 2 36 4 37 16 73 6 27 10 17 19 16 17 64 9 97 1 64 14 88 3 16 5 39 12 61 13 22 15 75 7 47 11 37
9 40 7 31 3 20 2 57 17 25 12 12 18 96 16 43 4 47 5 16 8 89 6 98 10 68 19 40 1 40 13 64 14 38 11 58 15 57 0 89
