100 20
17 89 13 42 7 46 8 1 2 42 10 31 12 55 19 95 6 2 18 83 14 40 16 53 9 47 1 49 11 82 5 94 4 99 15 59 0 70 3 94
1 50 5 34 15 75 14 50 7 4 19 31 11 56 13 42 10 27 3 42 0 33 18 10 2 69 12 59 4 53 8 8 6 67 17 58 16 80 9 9
2 76 3 13 6 86 16 41 5 32 0 17 1 20 8 16 10 2 15 28 14 40 7 94 17 61 9 76 19 57 11 80 18 88 4 89 13 82 12 69
19 88 7 88 15 24 6 64 12 95 17 82 8 49 1 50 10 79 0 54 3 54 4 70 16 98 14 69 18 50 11 22 5 29 2 92 9 84 13 23
18 73 5 22 19 96 6 77 10 80 12 94 9 92 1 50 11 37 3 32 0 72 2 28 15 70 13 45 7 23 4 64 8 15 16 91 17 29 14 75
17 58 5 96 6 7 1 65 19 79 3 43 7 50 11 15 14 48 0 10 15 86 2 31 10 27 8 1 4 4 12 84 9 37 13 23 18 98 16 16
7 48 16 36 10 54 0 99 17 69 5 78 2 84 3 79 19 64 13 86 1 83 6 35 12 97 15 19 4 98 14 2 9 39 18 73 11 24 8 22
6 56 13 69 8 79 4 2 17 67 1 17 18 40 0 94 10 78 12 99 5 42 14 60 9 1 19 40 3 41 16 88 15 12 11 21 7 15 2 42
16 49 8 69 19 73 7 11 12 1 11 89 17 85 10 40 9 72 3 28 2 54 5 45 15 68 4 60 6 59 0 76 14 45 18 7 13 50 1 15
12 22 10 85 5 35 9 44 0 30 3 77 13 92 16 10 7 31 18 24 17 33 14 91 4 37 8 12 11 41 6 54 1 27 2 28 15 34 19 30
15 2 19 6 1 8 6 32 10 62 17 53 9 7 14 35 5 33 2 53 11 40 8 51 7 40 12 26 4 20 3 85 16 59 0 41 13 23 18 21
16 93 0 24 11 68 6 71 3 71 14 93 10 44 2 39 19 15 15 70 18 67 7 16 9 91 8 42 12 13 17 30 4 30 13 38 5 39 1 29
19 5 1 67 14 49 4 54 5 77 7 44 0 34 13 35 2 40 3 28 6 89 9 68 15 91 10 23 16 9 11 97 18 26 17 45 12 98 8 78
0 61 19 57 7 79 5 17 14 11 15 17 9 91 16 85 4 74 12 14 10 24 11 17 6 58 1 14 18 91 2 43 17 43 13 36 8 69 3 91
10 50 17 98 12 59 4 60 15 92 19 25 18 56 13 85 0 39 9 27 3 1 16 59 2 9 11 81 14 25 1 77 6 43 8 62 5 17 7 67
13 23 8 78 12 19 19 95 18 91 5 84 0 70 3 46 14 37 2 12 4 94 9 1 15 83 16 64 6 56 10 75 7 81 17 72 11 59 1 30
12 11 18 34 15 78 4 43 17 90 5 79 9 82 10 80 2 96 6 57 13 61 8 23 14 87 11 74 0 15 19 8 16 61 1 76 3 93 7 31
6 19 19 90 3 65 10 86 7 95 12 20 17 84 8 4 0 31 5 45 4 61 18 97 14 92 11 47 9 64 13 42 2 3 1 38 15 13 16 61
14 6 18 21 19 96 6 83 1 49 16 42 3 50 5 47 8 52 9 52 4 72 0 47 11 96 10 80 12 25 13 99 2 1 7 99 15 53 17 33
10 7 0 25 17 81 6 39 3 86 4 9 2 50 13 27 8 26 7 21 16 24 19 84 11 72 5 46 1 1 18 63 9 63 15 32 14 45 12 30
3 30 8 93 2 27 14 12 19 55 6 32 11 82 1 3 12 7 18 41 10 32 17 99 7 10 0 76 4 9 9 42 13 41 5 99 15 26 16 65
10 45 11 56 16 78 12 39 19 28 2 54 9 48 14 72 6 15 8 46 13 66 17 15 15 16 0 58 7 57 1 46 18 65 4 21 3 42 5 67
5 3 19 34 10 90 18 84 2 73 12 73 9 19 13 43 4 19 1 75 17 41 7 57 3 30 11 27 0 46 14 82 16 75 15 5 6 37 8 50
12 78 8 9 17 84 16 26 3 23 18 70 11 79 7 36 10 59 14 59 19 9 1 7 13 8 4 10 9 75 15 20 6 31 2 99 0 86 5 32
19 7 8 90 15 82 16 52 7 32 4 95 2 24 12 83 5 28 10 13 17 93 1 29 0 64 18 59 13 93 6 42 3 79 9 16 11 87 14 43
9 76 3 36 10 58 18 51 13 16 19 62 16 62 7 51 4 9 12 37 5 33 11 57 15 67 17 58 2 74 0 43 14 7 8 11 6 56 1 66
19 37 4 85 10 47 3 35 1 5 0 72 2 36 5 80 14 78 12 96 17 31 7 71 8 84 11 34 9 32 16 73 15 72 18 28 13 83 6 94
7 42 17 39 12 5 11 67 13 42 1 79 4 78 16 90 14 83 6 41 19 98 8 29 5 31 15 88 0 4 3 87 9 68 18 33 2 61 10 80
11 83 19 76 9 20 14 35 10 91 7 52 0 36 18 2 15 76 3 17 2 11 6 6 17 40 13 59 16 84 5 30 12 52 1 32 8 76 4 74
13 98 7 41 19 70 2 40 10 76 0 95 17 13 15 73 12 51 3 24 6 50 11 56 5 40 4 18 14 98 1 37 16 20 9 31 8 90 18 9
9 87 13 48 11 26 10 7 1 1 16 60 4 3 3 27 0 90 2 48 18 23 14 95 7 51 5 34 19 59 17 94 8 1 6 99 12 43 15 35
4 2 11 98 19 68 6 81 13 63 5 98 17 85 14 6 9 6 7 79 1 85 16 20 2 22 12 57 10 61 18 59 8 62 15 87 3 85 0 32
13 84 10 93 15 42 3 56 14 43 7 78 19 30 0 91 6 94 4 56 12 85 5 36 1 16 2 86 8 87 17 57 16 45 9 40 18 17 11 66
16 44 1 37 10 84 9 24 13 35 4 97 6 49 12 35 2 88 8 66 19 23 0 27 5 34 7 64 11 80 18 2 3 77 17 8 14 75 15 83
6 35 4 73 15 29 12 84 18 87 11 91 0 7 5 42 17 8 1 87 10 12 7 87 13 56 9 92 2 43 8 91 19 76 3 51 14 60 16 57
1 49 7 90 15 85 5 94 19 96 0 69 10 73 18 19 2 22 8 54 11 99 17 44 3 3 14 32 4 21 16 5 6 11 12 36 13 93 9 14
1 26 15 52 12 10 10 35 7 20 11 47 8 32 13 24 9 40 5 47 17 1 2 23 14 17 16 27 6 83 0 70 4 78 3 11 19 56 18 30
5 48 15 36 4 39 11 89 8 85 2 33 17 90 18 85 0 47 13 23 16 40 19 90 12 62 1 26 6 10 7 62 9 5 14 56 10 88 3 88
4 84 8 91 19 29 9 13 3 85 13 80 18 95 14 90 16 26 7 58 1 33 6 96 0 92 15 14 12 24 17 61 10 74 2 20 11 60 5 60
9 62 15 84 8 7 3 52 14 75 12 11 16 76 2 51 13 13 17 15 6 87 0 67 5 52 11 42 4 2 7 35 10 40 18 44 1 66 19 20
7 57 16 60 1 35 13 12 15 43 12 82 2 77 0 68 5 74 14 36 4 53 9 49 17 60 10 83 6 90 8 70 19 3 18 27 11 73 3 1
1 4 7 40 2 2 9 63 17 38 3 4 5 54 11 96 12 37 0 47 4 4 14 52 16 67 19 24 8 41 10 32 6 67 15 12 13 5 18 83
3 17 10 70 1 53 8 76 16 53 13 39 17 23 19 26 12 68 2 34 6 18 14 44 4 6 0 99 11 53 18 72 5 93 9 84 7 23 15 11
11 52 6 19 9 76 14 91 7 35 0 43 15 17 19 26 5 99 8 15 3 54 13 5 16 42 17 80 1 6 10 89 18 94 12 41 2 91 4 88
18 4 7 1 8 45 6 44 11 3 9 89 2 86 13 90 1 93 19 27 14 98 4 71 5 53 17 64 10 56 0 59 12 75 3 44 15 88 16 23
11 5 10 96 19 61 4 69 18 56 8 55 12 32 2 82 14 70 7 8 13 46 9 29 17 46 6 96 3 48 0 27 15 41 5 31 16 59 1 15
15 95 13 97 18 47 19 4 16 14 8 70 6 9 0 54 11 12 17 29 7 63 14 43 9 71 12 5 2 89 10 25 4 66 5 69 3 54 1 99
2 85 8 25 12 97 17 12 0 33 13 28 16 34 4 37 11 74 18 48 1 34 3 3 5 5 7 99 15 13 6 77 14 55 9 16 10 35 19 86
12 54 19 33 9 47 17 11 6 71 10 19 3 23 16 56 5 70 0 68 11 17 13 77 7 13 18 43 15 4 14 76 8 70 4 39 1 89 2 17
6 32 10 5 16 23 18 60 0 46 7 14 11 92 4 59 13 87 19 72 17 49 9 94 1 32 8 70 14 56 5 14 2 49 3 15 12 73 15 92
15 64 19 79 2 54 16 4 14 10 18 68 3 72 9 35 17 90 10 52 4 21 11 89 7 51 6 14 5 94 12 81 8 17 13 63 0 64 1 40
12 57 6 10 1 74 13 68 18 70 10 64 9 37 7 49 15 15 16 88 3 77 4 31 5 93 0 13 14 93 17 48 2 6 8 15 19 72 11 57
16 81 15 40 2 90 13 78 19 20 4 55 6 81 7 28 9 85 3 3 17 47 11 16 8 56 14 25 10 8 18 53 0 26 12 77 1 98 5 82
2 37 4 31 1 5 12 11 17 8 10 98 7 62 8 15 9 57 14 20 15 84 3 59 0 39 11 40 19 36 16 66 13 84 6 97 5 28 18 10
10 68 4 61 2 43 18 70 7 81 17 2 13 99 9 18 6 95 0 85 14 45 15 83 5 4 11 55 3 12 8 28 16 64 12 93 19 69 1 65
15 20 12 98 19 40 3 41 7 75 8 23 0 4 10 1 5 74 11 98 1 68 16 30 14 68 9 99 17 17 4 3 18 35 2 33 13 9 6 67
18 36 3 95 16 98 10 58 6 70 19 6 7 1 11 17 0 82 13 76 15 82 5 36 12 87 4 33 8 93 1 80 9 25 17 1 14 17 2 88
9 79 11 24 7 30 5 48 14 35 8 32 10 80 16 80 4 72 15 39 19 4 2 57 1 83 12 44 18 53 17 53 6 12 13 58 0 25 3 7
13 34 1 77 16 13 9 71 6 51 7 63 5 62 4 31 18 10 12 50 19 30 3 59 10 27 8 62 0 99 14 40 2 42 15 7 17 41 11 55
13 22 12 20 0 47 3 15 16 88 4 22 8 52 15 84 6 15 19 17 2 5 11 24 17 75 9 98 14 24 7 85 5 78 18 20 1 33 10 35
6 25 15 26 2 67 7 4 10 21 19 81 0 80 4 94 12 67 13 42 17 87 14 70 1 71 3 68 18 94 9 13 5 82 16 6 8 32 11 73
14 72 19 13 18 98 15 4 13 23 4 69 12 87 3 88 5 18 16 5 7 87 8 64 2 85 1 17 9 88 10 68 0 38 11 66 17 8 6 29
14 86 9 61 3 4 5 13 18 19 15 48 12 67 11 39 17 44 0 51 16 52 7 4 8 95 4 68 2 31 1 64 13 41 10 17 19 96 6 34
16 8 17 42 15 9 5 56 1 27 8 95 3 96 6 23 7 89 12 95 0 46 2 42 11 5 4 25 18 73 19 15 14 42 10 79 9 61 13 37
19 72 8 8 0 57 7 9 11 80 3 57 5 26 16 8 15 71 4 94 1 99 2 45 9 56 12 28 10 30 18 69 6 64 14 8 17 86 13 8
2 33 10 34 15 24 5 20 14 69 17 47 3 62 12 84 1 47 16 96 8 29 0 49 13 31 9 48 4 79 11 14 6 60 19 12 7 30 18 61
13 62 5 24 9 7 12 73 18 2 10 20 4 47 6 53 19 78 7 84 11 36 15 32 14 84 3 41 1 20 0 42 16 50 8 87 2 44 17 15
6 15 16 75 19 37 9 12 18 46 3 86 1 31 0 82 13 3 5 12 10 16 17 61 12 40 14 78 7 18 11 33 4 36 8 29 15 13 2 31
7 37 15 91 10 96 14 76 6 78 16 6 8 53 1 58 17 24 5 90 3 82 9 96 2 71 0 96 4 50 13 56 12 42 11 9 18 3 19 40
5 26 11 37 10 93 18 20 3 89 4 91 0 87 7 66 8 81 9 80 6 47 16 35 19 84 12 19 15 44 1 65 14 72 17 10 2 95 13 82
19 19 0 33 6 77 3 59 14 71 11 68 9 14 12 58 13 68 15 23 4 72 2 22 7 30 1 33 10 68 5 28 17 6 16 42 8 22 18 62
8 43 0 84 2 64 11 57 19 27 7 24 16 1 13 54 18 69 10 39 4 85 1 32 6 84 3 93 17 69 14 22 9 99 5 33 12 98 15 19
19 47 16 28 5 2 1 81 3 79 17 66 6 51 4 99 11 1 9 76 10 95 8 63 18 45 14 53 15 64 12 97 13 98 7 65 2 56 0 84
11 53 6 8 2 64 7 52 9 9 15 90 13 31 5 99 18 18 17 69 3 46 1 15 12 74 16 84 19 4 8 81 0 64 10 28 4 9 14 1
8 39 2 74 12 95 4 96 19 58 6 10 14 64 15 94 17 36 1 62 0 6 13 83 7 23 16 51 11 27 3 48 5 8 18 78 10 59 9 26
0 26 4 61 16 57 3 33 10 68 5 15 11 44 7 92 17 36 9 75 18 69 14 32 13 27 8 96 15 70 1 96 6 22 19 88 12 73 2 84
6 24 15 72 5 22 4 13 10 5 19 46 1 98 11 47 18 74 7 18 2 37 12 68 13 12 9 69 16 29 0 79 14 84 3 22 8 22 17 92
15 5 10 46 17 33 0 36 16 40 3 70 14 86 11 2 1 62 12 98 5 4 7 36 19 52 4 50 8 44 6 4 9 12 2 64 13 28 18 51
18 63 10 39 19 57 1 83 9 94 12 27 16 3 2 92 17 42 7 59 3 94 8 34 5 46 13 7 11 98 4 29 0 70 6 68 15 31 14 89
18 54 8 98 7 12 2 3 13 8 17 80 11 35 14 93 3 34 10 38 1 68 6 49 4 18 12 4 16 39 5 23 9 98 0 25 15 38 19 79
14 21 6 70 2 55 17 3 5 32 15 47 4 89 11 7 3 94 7 45 13 49 18 20 16 43 1 13 0 8 8 37 19 47 12 81 10 78 9 62
16 24 0 41 2 24 14 51 11 87 1 3 17 26 18 80 4 61 10 20 5 74 9 70 7 53 19 83 6 74 8 70 13 46 3 71 12 77 15 96
15 51 2 22 9 80 17 9 12 95 5 78 14 85 10 94 0 25 19 19 16 93 13 67 6 34 11 23 4 41 1 27 7 19 18 31 8 65 3 49
19 86 9 28 15 24 11 58 6 17 2 99 4 74 13 94 3 74 17 33 1 42 5 92 16 6 10 78 12 93 18 38 7 38 8 83 0 18 14 36
14 20 17 46 0 42 18 66 1 34 19 51 3 27 11 52 10 15 7 97 2 92 6 27 15 58 13 21 16 27 4 37 9 32 8 7 5 52 12 58
11 71 17 33 10 41 14 39 0 31 3 23 18 27 15 1 12 69 1 76 19 5 5 23 13 88 16 75 9 42 2 81 8 15 4 3 6 3 7 41
3 89 14 60 19 25 12 7 16 32 18 11 1 17 0 4 8 32 7 67 6 86 13 48 11 14 17 74 5 64 9 93 15 93 4 88 10 67 2 79
17 51 18 28 12 79 7 60 11 72 19 37 10 86 2 97 4 78 15 65 0 67 14 50 13 76 9 65 3 74 5 24 6 96 8 64 16 81 1 58
11 84 19 85 14 31 12 62 10 93 18 97 13 76 2 61 8 7 1 39 6 32 5 96 17 91 15 6 16 25 9 61 7 37 4 10 3 81 0 71
1 58 13 92 17 28 2 1 12 47 10 85 3 53 16 45 14 49 19 20 11 53 18 86 0 37 6 1 15 15 8 50 4 84 9 45 5 85 7 34
14 43 11 30 15 54 6 13 17 24 16 54 2 82 4 80 0 20 18 62 10 61 5 58 7 92 19 60 9 73 3 91 12 87 13 16 8 84 1 89
14 28 19 8 1 92 12 47 7 51 18 19 5 65 2 88 0 36 11 29 13 93 4 57 15 97 8 6 16 60 6 60 3 30 17 85 9 25 10 23
17 8 0 49 14 41 8 87 15 40 16 46 11 41 13 85 12 74 1 66 18 13 6 42 10 12 4 47 2 93 19 4 7 58 3 32 5 4 9 42
15 17 4 83 2 33 1 78 18 52 3 42 9 75 19 19 10 53 17 74 5 79 6 55 16 20 14 37 13 25 0 91 12 26 7 65 8 37 11 29
14 9 19 2 2 32 11 29 3 7 5 3 15 11 6 14 10 88 8 50 7 97 17 68 4 19 12 25 9 75 0 94 1 69 16 56 18 38 13 22
6 40 13 37 5 23 4 80 12 66 18 73 9 65 2 90 19 3 14 86 10 66 7 42 16 74 8 80 17 68 0 65 11 99 3 54 1 46 15 1
3 82 16 66 14 94 9 74 7 28 17 82 2 80 18 41 6 38 0 71 11 84 10 75 15 37 8 29 4 62 19 96 12 22 13 61 5 19 1 60
7 89 12 98 17 40 13 88 11 36 1 34 14 34 5 7 2 43 9 13 0 6 15 75 18 94 8 62 19 30 6 90 4 80 3 37 10 1 16 46
18 93 13 63 0 12 3 43 19 8 7 12 5 43 10 2 6 58 11 98 1 2 4 46 8 18 12 47 14 57 17 96 16 20 2 90 9 14 15 85
14 74 8 20 18 35 12 46 3 23 7 71 10 58 6 63 19 96 2 86 13 56 5 98 16 97 0 93 15 49 4 20 1 35 11 69 17 40 9 94
