100 20
9 93 5 75 16 91 14 82 11 14 7 93 6 84 1 15 4 97 15 74 10 32 19 14 3 39 18 90 2 78 12 23 17 49 8 85 0 64 13 31
4 15 7 49 8 14 17 25 11 25 10 3 1 38 0 72 19 65 5 77 12 83 2 7 13 77 6 12 16 34 15 9 14 15 9 48 18 46 3 36
15 46 17 79 16 74 1 42 7 58 6 37 2 45 18 4 19 27 13 74 11 86 14 80 5 7 4 16 12 81 3 65 10 88 9 46 0 42 8 25
6 52 12 33 9 50 8 18 5 91 1 30 17 80 2 65 13 71 16 7 11 74 18 63 7 8 4 28 10 90 0 19 3 82 15 49 19 34 14 36
2 23 5 31 8 44 16 41 6 15 10 15 14 81 19 19 4 38 15 87 1 36 7 34 0 26 11 93 13 83 9 80 18 44 12 41 3 5 17 32
16 37 7 39 6 43 8 82 4 11 9 85 3 83 2 57 5 88 11 94 0 38 1 71 14 72 18 55 17 74 15 82 10 44 12 98 13 85 19 45
9 11 6 3 12 80 3 10 2 30 19 47 16 32 8 27 13 83 14 2 17 84 1 20 4 87 10 78 7 17 0 19 18 36 11 21 15 42 5 90
13 28 9 30 4 25 8 96 6 24 1 41 19 76 5 50 7 62 14 84 10 53 11 8 0 78 15 11 16 64 18 97 17 91 2 68 3 74 12 37
10 20 4 15 3 90 2 37 6 59 19 94 8 44 11 58 13 14 14 13 18 24 16 54 17 93 7 36 15 75 0 11 5 41 1 35 12 28 9 21
11 57 0 29 1 14 8 53 18 22 17 22 5 33 16 39 19 52 2 38 7 17 13 93 4 90 14 50 12 17 10 38 15 83 6 55 9 19 3 5
10 33 19 15 13 94 15 62 4 40 14 23 2 89 1 78 16 8 8 41 9 27 7 4 18 93 5 29 0 37 3 45 6 10 12 49 17 74 11 37
13 26 5 36 0 24 11 51 19 6 7 95 6 31 4 64 14 80 18 98 9 29 8 75 15 78 10 65 12 18 2 40 3 20 1 44 17 97 16 45
14 63 8 15 0 55 18 45 13 1 4 45 3 91 6 54 10 88 11 99 9 12 19 50 1 59 12 8 15 91 17 71 5 56 2 74 16 80 7 84
4 85 6 46 11 94 16 81 3 27 10 65 19 90 2 90 1 59 13 50 0 9 17 51 9 22 14 27 15 30 8 61 18 49 7 5 12 21 5 56
1 97 9 26 7 71 0 95 4 4 17 34 15 57 11 96 18 42 2 19 8 83 3 93 13 61 16 54 12 3 5 23 6 47 19 79 14 89 10 76
12 97 5 23 17 44 0 83 19 72 1 92 8 78 9 48 18 12 4 67 11 66 10 80 15 14 14 2 7 45 16 63 6 2 13 35 2 72 3 57
8 74 9 38 2 16 6 50 1 63 15 50 3 45 17 88 16 66 18 96 0 29 13 34 12 14 11 22 5 63 7 50 4 41 19 97 10 68 14 30
6 30 11 25 0 2 1 63 12 79 9 23 17 2 15 85 2 25 13 27 8 56 16 34 18 1 3 47 19 35 7 85 14 52 10 9 4 8 5 23
2 52 8 89 19 30 9 11 5 49 10 3 7 67 4 21 16 76 13 17 18 58 17 57 1 39 14 81 3 27 12 62 15 71 0 34 11 8 6 73
10 45 6 96 14 22 9 38 13 33 15 17 12 88 18 62 16 28 2 64 4 67 0 79 5 87 8 22 19 54 7 12 17 82 3 11 1 35 11 53
12 55 1 80 9 65 14 4 11 68 19 31 2 94 13 86 3 8 7 61 0 99 4 98 6 80 8 54 15 51 18 23 16 16 10 5 17 26 5 98
0 99 2 46 10 59 17 80 7 92 9 98 12 11 8 30 11 43 6 38 18 55 15 82 14 51 13 13 1 28 19 20 16 92 4 83 5 64 3 88
7 38 13 8 9 34 14 75 12 33 10 14 18 92 2 87 19 52 5 33 17 63 4 69 6 97 11 69 1 65 3 11 15 18 0 15 8 31 16 78
2 73 6 20 3 19 7 9 19 44 10 38 8 84 14 4 17 31 16 26 11 16 13 99 9 90 0 16 1 1 12 31 18 35 15 94 5 30 4 51
5 84 8 88 6 70 1 30 17 59 18 11 12 88 9 13 15 34 19 38 7 9 11 49 2 33 4 74 13 27 10 79 0 71 3 95 16 77 14 19
0 34 8 21 17 92 18 5 2 39 5 88 19 40 10 79 14 94 11 87 3 19 12 31 13 27 9 26 4 49 7 73 1 19 15 85 16 51 6 87
9 42 13 30 17 35 10 70 1 59 18 92 8 45 16 25 3 29 0 70 15 56 5 37 11 58 12 30 6 48 2 63 19 92 14 22 4 59 7 63
6 19 9 92 1 18 4 43 16 62 2 91 14 13 0 26 5 98 19 23 11 5 7 52 3 9 17 29 8 53 13 26 18 69 15 56 10 17 12 72
14 43 7 80 10 32 2 39 13 75 11 78 18 2 4 99 19 22 0 39 8 16 6 64 3 19 5 31 17 97 9 36 1 37 16 7 15 49 12 1
3 81 1 88 11 8 12 62 14 14 18 58 15 28 19 54 0 57 16 51 5 58 6 99 17 71 9 24 4 48 10 76 2 70 7 6 8 76 13 93
15 87 2 9 1 2 9 73 11 78 10 79 5 72 19 11 0 48 12 25 7 48 16 39 6 94 13 33 8 8 14 82 4 5 17 91 18 1 3 31
17 26 3 92 14 99 10 82 11 80 2 31 16 33 7 23 19 46 8 83 18 31 9 46 15 98 1 71 4 56 12 53 5 43 13 41 0 37 6 63
19 34 10 91 2 99 1 94 13 14 7 26 15 97 14 82 18 8 4 58 16 99 8 25 6 86 11 79 17 23 9 46 0 90 12 22 3 80 5 31
14 53 8 63 13 13 12 83 0 49 16 46 9 83 19 76 2 88 5 13 3 29 10 88 15 66 18 71 11 73 4 21 17 1 1 50 7 36 6 12
19 42 14 2 17 31 6 33 0 98 13 68 7 24 9 22 16 82 3 91 11 59 2 79 1 21 18 61 12 23 10 71 8 39 15 54 5 19 4 10
1 94 9 27 11 51 4 28 10 23 18 45 17 65 2 8 5 62 19 88 15 16 6 46 13 26 0 76 16 64 14 39 12 72 7 60 8 67 3 3
17 10 19 41 1 66 3 53 10 33 18 33 15 11 8 45 5 50 13 77 7 6 11 21 0 87 12 2 14 71 2 24 16 31 4 77 9 17 6 85
5 76 8 60 11 96 12 12 18 17 14 59 3 61 9 66 13 78 17 18 15 85 2 48 6 17 7 38 0 29 19 28 16 5 10 9 1 89 4 39
18 48 2 10 3 5 5 19 8 73 10 24 19 37 17 40 15 69 4 29 13 65 16 18 0 85 7 64 12 24 9 7 11 8 6 74 1 5 14 99
19 40 18 18 14 37 10 40 6 62 17 8 1 43 8 24 9 95 16 53 15 77 2 26 5 28 13 58 12 1 7 53 0 50 11 89 3 49 4 70
9 69 19 23 17 45 6 89 0 83 12 49 1 11 3 9 11 63 18 21 13 99 8 7 7 59 15 53 4 19 14 92 16 77 2 68 10 63 5 57
13 79 4 19 12 83 17 21 7 9 5 4 8 62 0 19 10 36 6 79 14 23 3 62 2 7 11 34 19 64 9 30 18 89 16 41 15 59 1 30
14 65 13 46 10 38 9 94 0 2 12 59 6 61 11 4 5 43 3 80 7 6 8 2 4 61 18 74 19 29 15 30 17 18 2 38 16 46 1 34
10 49 8 77 12 80 9 29 15 90 4 81 19 26 0 8 14 85 3 48 11 26 17 83 18 30 2 30 13 75 7 6 1 15 5 77 16 45 6 29
14 63 11 76 1 6 16 75 7 81 17 21 4 23 12 52 8 62 10 25 0 55 5 99 19 53 9 32 13 33 6 83 2 48 3 42 15 39 18 15
8 1 2 38 6 87 5 30 9 97 1 45 18 30 12 31 16 59 10 12 13 60 15 76 11 47 3 8 0 52 17 6 7 37 14 82 19 81 4 20
5 25 18 50 1 33 8 77 17 74 0 51 11 90 10 91 13 85 19 97 9 88 15 31 2 89 7 21 3 92 12 98 6 58 4 56 16 38 14 75
15 1 2 62 14 97 17 76 5 5 16 79 11 58 19 82 12 58 13 12 8 94 9 70 1 51 3 45 6 82 18 36 0 25 7 94 4 57 10 84
15 68 5 91 13 45 8 35 11 73 17 98 19 99 1 96 10 49 6 72 0 56 3 71 18 81 4 58 7 95 9 30 2 22 14 38 12 57 16 30
0 45 9 20 7 31 3 62 19 65 18 95 16 51 6 51 5 16 2 81 10 16 15 40 14 56 1 3 8 77 12 87 4 2 13 87 17 14 11 11
6 2 9 73 14 5 11 99 18 3 15 50 19 46 1 75 16 17 5 61 17 61 13 4 3 28 2 24 8 97 7 76 0 46 4 7 10 71 12 58
3 22 5 77 12 62 7 84 0 15 6 61 2 99 8 73 14 4 1 28 19 75 18 14 13 17 10 39 16 86 17 90 15 13 9 52 4 94 11 89
12 37 1 70 11 5 7 29 8 42 4 5 5 81 10 53 16 6 17 10 19 11 3 33 6 62 14 9 2 55 15 45 9 54 18 61 0 93 13 79
1 93 4 95 7 73 13 10 17 22 2 18 19 99 9 96 11 56 16 68 10 35 14 14 15 29 5 73 0 6 3 96 12 36 6 5 18 52 8 81
6 73 0 61 8 66 16 93 13 3 5 6 12 98 11 30 17 96 18 31 4 20 2 62 3 36 10 85 9 4 14 71 1 32 7 17 19 75 15 36
18 63 17 67 0 99 4 69 13 49 11 44 19 7 9 27 16 18 1 6 12 89 3 74 10 64 8 11 5 73 6 57 2 63 7 54 15 68 14 79
1 86 3 30 14 76 9 94 16 30 19 81 18 47 17 1 13 72 10 32 5 68 11 53 7 78 15 29 12 77 2 88 8 68 0 68 4 32 6 55
18 90 5 81 3 24 14 93 16 37 1 44 2 89 6 29 0 83 4 24 8 38 15 54 19 32 13 76 9 98 17 66 7 59 10 96 12 14 11 26
3 72 18 59 9 25 15 11 8 76 17 19 6 87 19 93 5 76 2 34 14 72 10 81 0 72 11 85 4 76 13 78 12 73 16 20 7 4 1 89
10 92 8 81 2 67 11 29 12 95 4 7 3 3 16 30 6 45 18 94 1 13 15 84 14 3 7 89 19 3 0 29 9 91 17 36 13 99 5 48
3 46 17 54 1 26 8 50 15 30 13 14 9 83 19 50 2 88 12 83 18 93 0 55 10 38 14 80 5 36 6 43 7 94 4 67 11 69 16 17
15 43 3 81 10 97 17 28 18 61 6 21 13 45 5 92 7 38 1 97 14 55 19 41 2 35 9 20 0 5 12 21 16 88 8 25 4 18 11 98
8 37 18 41 11 72 16 81 12 40 3 91 2 71 7 23 4 69 17 9 5 14 6 92 9 71 0 2 13 9 14 95 10 47 19 30 1 60 15 40
14 55 17 85 5 23 19 82 8 10 6 79 13 12 3 56 16 77 11 54 4 37 0 67 2 80 7 10 15 40 10 43 12 98 1 7 9 59 18 85
7 32 17 63 6 89 14 78 10 53 18 94 19 40 16 50 4 51 12 58 15 29 5 66 11 38 2 38 0 44 9 73 1 17 13 86 8 63 3 50
18 33 7 47 14 10 19 19 11 16 1 41 6 90 12 90 9 24 4 49 17 62 2 10 8 76 16 74 13 1 5 2 15 70 3 91 0 63 10 32
17 33 16 45 14 63 13 70 12 89 10 13 1 30 11 24 19 30 4 20 7 8 5 45 15 30 6 16 0 11 3 93 2 97 18 45 8 80 9 99
18 57 6 39 7 49 0 51 14 31 8 1 16 81 1 90 15 58 17 71 5 99 9 32 13 41 2 91 4 58 11 69 19 79 3 18 10 21 12 87
14 54 19 86 8 12 12 59 16 58 10 29 0 31 3 74 4 71 5 15 15 90 17 13 13 97 9 65 6 6 1 18 11 37 7 10 18 81 2 69
10 18 16 4 9 1 1 99 15 90 19 82 6 29 8 80 5 63 18 34 12 87 2 52 14 48 4 48 0 90 3 50 11 58 7 55 13 95 17 55
9 92 14 32 19 48 13 30 7 81 6 92 1 34 5 59 3 29 15 20 16 18 17 5 12 31 4 8 8 61 10 33 18 60 11 69 2 76 0 23
14 51 16 61 3 85 10 36 8 53 15 45 1 43 18 25 2 83 17 53 13 91 12 35 7 48 11 56 0 86 6 39 9 19 19 50 5 41 4 61
4 26 7 14 13 1 6 97 14 82 10 21 5 36 17 7 16 29 19 96 2 30 3 24 0 56 1 21 9 64 11 83 15 34 8 75 18 55 12 96
1 24 3 14 17 87 7 92 16 75 9 72 8 90 11 39 6 22 0 60 10 81 4 67 12 16 2 14 18 83 15 77 19 38 14 30 5 27 13 92
1 24 13 58 4 27 12 41 18 41 8 13 10 12 7 33 17 43 2 4 0 68 6 27 15 45 14 76 11 79 3 8 9 4 19 19 16 39 5 39
14 22 12 58 10 43 5 4 2 80 18 65 7 76 3 86 9 62 6 27 1 16 15 51 11 19 16 31 13 52 0 69 4 85 8 44 17 48 19 51
19 75 1 62 9 23 17 58 6 89 18 46 3 93 7 86 2 28 8 13 5 76 16 14 13 79 14 96 10 17 0 36 11 77 15 33 4 44 12 63
9 56 2 42 17 71 7 28 3 92 12 38 5 33 18 40 6 76 0 66 15 63 11 53 8 76 14 59 19 98 16 48 1 17 10 17 13 44 4 17
15 48 8 13 0 44 19 62 14 71 3 89 17 19 13 85 4 35 6 1 9 51 16 79 7 75 5 15 1 64 10 21 2 79 11 97 18 92 12 48
1 87 8 15 17 2 4 23 13 19 2 95 14 89 12 46 6 8 0 33 7 65 15 55 16 43 19 66 3 80 5 31 11 78 10 55 9 6 18 79
10 79 19 99 13 36 16 39 15 82 1 23 9 5 6 8 14 26 2 42 11 61 0 57 8 1 12 66 5 5 17 84 3 74 7 31 4 2 18 7
17 38 7 76 12 68 13 65 8 46 10 18 9 47 11 8 18 22 1 95 16 98 0 34 5 30 6 14 14 45 3 45 19 17 4 64 15 6 2 11
16 29 3 72 10 35 19 40 12 18 14 60 8 92 11 69 6 4 13 92 1 57 7 16 5 96 2 59 17 59 18 21 9 67 15 65 0 31 4 78
1 36 7 6 8 2 3 20 13 62 0 76 15 26 5 66 18 58 6 21 10 13 2 43 14 56 19 15 9 67 16 19 11 40 12 46 17 26 4 79
4 63 17 26 16 64 2 6 5 90 7 76 8 14 0 85 1 62 6 52 12 3 14 94 15 86 11 34 10 85 19 75 3 79 18 2 13 31 9 14
18 32 15 28 11 96 0 6 6 39 4 90 13 74 7 1 8 13 9 28 17 68 1 73 10 11 12 16 2 31 16 46 19 84 14 46 3 62 5 27
17 20 14 49 18 94 9 90 11 63 13 35 8 71 3 85 7 40 19 11 15 94 0 25 5 11 10 64 16 50 12 98 2 15 1 72 6 37 4 56
0 91 16 57 2 32 4 28 11 72 3 94 12 21 5 81 14 7 18 32 13 90 9 87 10 66 17 71 6 98 8 33 19 76 1 86 7 55 15 55
14 54 6 49 16 19 9 43 12 76 8 61 1 34 0 12 7 54 2 21 10 36 18 29 15 35 4 56 19 32 3 15 11 53 5 22 13 68 17 6
19 54 8 23 11 43 12 4 16 34 5 92 18 26 9 34 13 23 7 9 6 37 17 99 3 91 15 6 2 49 1 40 14 19 0 3 4 17 10 79
12 84 14 20 4 63 9 62 8 8 15 23 0 89 16 37 3 14 7 18 10 46 1 66 5 95 13 7 6 81 19 59 18 98 11 98 17 16 2 93
13 32 5 24 16 8 2 79 3 40 8 27 4 88 7 32 17 99 9 56 6 1 14 42 15 26 12 43 0 31 1 34 18 93 11 51 10 37 19 17
18 15 19 42 1 87 15 48 3 86 11 18 10 25 2 95 8 64 9 38 5 41 0 96 12 11 6 38 4 90 7 79 13 26 14 57 17 89 16 12
0 19 9 27 12 5 11 28 8 3 1 10 10 22 3 81 14 34 5 34 13 55 7 55 18 28 15 17 2 89 4 19 6 68 16 73 17 52 19 52
9 67 16 67 10 96 13 46 12 74 0 41 8 44 2 85 17 84 5 84 3 34 1 65 6 39 19 51 7 98 14 86 15 1 11 80 4 86 18 58
17 63 2 39 12 32 0 73 3 59 16 49 15 92 14 46 13 5 11 75 19 22 7 41 18 90 1 23 9 75 8 86 10 26 4 95 5 54 6 2
15 51 2 25 1 73 14 62 10 29 18 92 13 72 3 54 12 40 0 19 9 5 17 40 8 2 4 2 7 27 19 29 16 74 5 58 11 45 6 60
1 3 18 70 6 9 11 94 13 54 2 2 16 24 7 75 4 75 0 39 19 71 15 60 17 5 14 45 9 31 5 60 12 97 10 78 3 68 8 25
8 6 12 89 5 1 18 78 13 60 17 16 7 16 6 14 10 32 11 47 2 84 9 11 1 70 4 85 16 39 3 88 14 20 15 64 0 34 19 95
6 61 14 80 7 95 3 8 0 93 5 1 9 9 18 25 8 26 1 67 12 81 11 52 2 75 16 53 4 7 19 60 13 96 10 73 17 88 15 82
