100 20
12 63 10 42 16 6 0 31 4 5 1 36 3 99 17 74 14 27 7 33 8 4 19 55 18 59 13 13 2 26 15 43 11 5 5 77 9 96 6 83
19 75 2 55 8 47 16 21 13 32 15 73 11 60 1 44 3 99 0 26 6 70 4 17 7 93 10 41 14 30 17 18 5 65 9 90 12 80 18 77
7 3 3 73 9 45 11 87 13 20 1 90 14 73 16 86 17 75 8 56 10 79 18 13 6 18 15 31 2 33 4 18 5 98 12 1 19 64 0 95
13 73 6 68 8 98 12 83 1 67 7 15 16 84 9 19 19 55 10 40 5 94 2 35 14 49 4 79 0 87 17 70 18 41 3 50 11 65 15 22
13 3 17 11 15 41 11 95 5 35 7 80 8 24 6 90 16 90 12 13 19 50 3 88 1 36 0 43 9 96 2 62 10 75 14 31 4 53 18 40
2 94 19 66 3 90 14 29 9 50 11 65 1 31 17 2 4 77 16 94 7 33 5 19 18 72 8 54 6 33 10 93 12 81 13 69 15 91 0 30
6 23 3 30 13 45 15 75 9 95 18 45 12 83 0 64 8 40 2 47 10 35 14 40 4 11 1 71 19 34 11 97 16 96 5 95 7 28 17 66
19 66 12 80 6 91 1 93 0 21 13 94 8 95 15 43 9 53 17 70 7 41 4 85 3 51 16 44 11 23 14 90 2 93 18 7 10 7 5 82
15 69 3 42 14 4 11 36 8 60 7 55 13 98 17 86 18 73 6 72 9 27 12 43 0 78 10 20 2 74 5 11 1 89 16 83 4 3 19 53
1 69 3 31 12 42 8 28 9 87 11 3 0 83 2 96 15 39 18 28 5 5 10 61 13 79 7 15 14 53 6 68 17 49 19 25 4 8 16 10
4 70 10 26 7 75 6 81 1 9 12 93 8 9 15 39 14 54 0 11 13 24 18 77 16 11 2 23 5 45 19 44 17 54 9 11 11 43 3 99
10 99 3 26 16 55 4 58 7 31 19 26 14 77 2 69 17 2 8 90 0 69 15 64 18 33 5 63 1 54 6 73 9 67 11 47 12 68 13 94
13 7 15 30 9 83 6 73 5 44 4 16 8 83 16 27 18 69 1 47 0 37 14 17 12 97 7 57 3 14 17 66 19 50 10 61 2 83 11 87
15 29 3 85 2 40 12 35 14 14 0 60 6 74 13 80 5 59 16 62 8 18 1 9 18 3 4 23 19 85 10 1 17 8 7 49 9 12 11 40
2 32 14 45 4 83 0 81 17 49 13 11 8 83 11 78 7 52 1 16 5 76 19 84 18 1 16 91 3 70 10 6 9 72 12 78 6 92 15 87
19 95 16 74 13 7 18 44 2 57 14 80 0 82 4 27 6 29 15 3 9 14 11 38 3 29 5 63 12 31 7 29 8 28 17 45 10 74 1 41
0 83 2 18 10 40 16 36 6 43 9 94 13 62 19 72 11 75 3 21 1 15 8 76 18 46 17 14 5 65 12 31 15 98 4 60 14 6 7 64
6 26 8 79 10 71 5 91 9 36 2 59 15 21 13 80 16 70 4 17 11 57 0 57 19 20 1 13 12 42 18 6 7 82 17 24 14 41 3 76
8 87 10 30 16 28 19 9 9 13 1 78 4 69 18 87 0 99 12 72 15 81 5 49 3 47 17 80 7 17 11 21 2 62 13 39 14 16 6 99
1 82 12 76 2 86 17 61 14 18 5 99 10 81 7 90 3 6 13 51 19 37 9 56 16 34 18 8 6 72 15 10 11 7 8 22 4 17 0 44
11 78 19 65 14 89 1 12 0 23 8 52 9 38 15 60 6 76 13 9 2 8 16 17 10 60 18 8 12 52 3 38 17 38 5 58 4 3 7 72
6 74 13 91 19 86 18 73 9 10 0 90 3 7 11 60 7 79 10 89 15 90 2 70 12 68 5 20 1 51 17 44 14 31 4 78 8 62 16 17
7 49 3 26 6 18 5 4 0 80 8 99 17 91 12 75 1 76 2 50 16 18 18 46 9 23 10 37 11 43 4 6 13 24 15 17 14 3 19 23
18 60 15 25 0 22 16 3 6 30 19 90 2 97 3 32 13 86 10 79 4 91 1 91 12 28 7 70 8 39 11 88 14 41 17 31 5 99 9 40
16 42 12 16 4 6 14 76 17 73 1 63 10 69 19 56 18 21 2 23 9 17 8 65 15 19 7 68 11 55 6 49 13 36 3 96 0 15 5 96
14 46 2 18 3 86 0 49 6 25 16 87 13 73 9 74 10 97 8 67 17 84 12 57 15 6 5 19 7 42 19 42 11 93 4 28 1 89 18 88
0 3 2 27 15 97 5 46 6 36 1 73 17 1 19 68 12 60 3 57 16 26 9 98 10 86 8 56 7 98 4 33 11 3 18 10 13 58 14 96
6 81 0 36 12 53 14 76 13 80 18 61 8 62 17 70 11 24 15 29 4 4 9 65 5 74 3 96 16 30 19 64 7 45 10 32 1 23 2 42
18 79 17 67 0 89 11 63 5 79 12 64 16 68 19 87 6 53 7 47 1 83 4 26 3 64 14 86 13 44 2 4 8 22 10 84 15 86 9 37
13 16 19 48 3 55 9 17 18 11 7 86 6 92 11 96 17 89 1 12 8 5 5 26 15 1 0 69 4 75 16 18 2 51 10 59 14 72 12 47
10 95 1 78 5 30 6 20 8 67 19 24 16 4 4 83 17 28 3 56 14 54 18 75 15 57 2 13 12 83 13 78 11 26 9 68 0 9 7 7
18 84 8 92 13 41 6 8 12 17 9 21 19 48 4 10 11 1 15 84 5 69 17 71 3 77 1 16 16 42 2 18 0 9 14 46 7 1 10 36
4 28 11 2 2 62 19 27 9 49 0 40 12 98 13 87 10 20 5 90 8 69 16 32 7 57 18 50 15 50 1 42 14 73 17 45 3 61 6 84
18 65 7 21 10 65 9 95 11 26 14 77 16 4 4 2 1 37 15 56 13 40 0 32 8 48 6 83 3 85 17 30 5 87 2 22 19 96 12 48
11 90 4 9 5 10 8 20 17 53 6 96 10 20 7 73 2 46 3 81 1 67 16 11 15 24 9 82 12 99 19 6 18 63 14 35 0 4 13 99
16 92 1 43 4 62 11 79 17 47 18 96 7 38 6 21 2 35 3 14 19 13 12 68 9 95 14 24 15 82 0 5 8 75 10 26 5 72 13 36
11 86 4 73 9 3 17 14 2 84 10 89 1 44 15 43 13 1 7 93 3 48 0 70 8 43 5 72 18 68 12 95 14 30 19 4 16 36 6 17
16 19 1 36 8 27 0 23 19 17 14 45 11 79 7 50 18 35 13 87 9 46 17 4 10 26 15 54 5 55 12 49 3 93 4 37 6 35 2 83
11 43 14 37 17 25 16 48 0 16 7 48 9 44 5 26 1 58 2 89 19 80 10 55 15 89 12 11 18 86 13 31 3 15 4 42 8 47 6 17
11 34 19 9 10 59 13 85 16 86 3 97 2 49 7 25 17 60 1 82 12 51 8 41 9 26 4 10 0 79 18 26 6 91 5 5 15 24 14 46
18 33 4 45 3 99 1 23 10 6 5 82 11 88 2 92 6 90 9 26 7 14 16 28 0 91 14 15 15 43 8 55 17 58 12 98 19 1 13 2
16 6 9 26 14 10 0 29 15 15 18 27 8 27 11 77 17 21 7 47 2 69 5 29 12 50 1 51 3 74 13 58 19 78 10 65 6 31 4 96
0 11 16 11 7 22 3 14 8 7 17 89 10 96 12 70 18 39 13 2 6 69 15 27 14 80 2 29 19 39 9 46 5 11 11 67 1 46 4 94
14 38 7 43 2 32 11 87 5 89 10 13 15 35 9 70 0 62 13 81 3 61 6 37 16 39 8 69 1 41 12 61 17 39 19 48 18 92 4 73
11 54 13 41 14 64 19 97 0 59 12 24 1 75 6 68 16 90 8 67 3 46 17 40 10 2 2 24 7 85 4 65 5 28 9 89 18 61 15 97
11 30 18 67 16 46 10 61 19 93 4 63 17 37 9 78 7 6 3 26 8 27 13 34 0 39 2 80 15 90 12 21 5 31 6 42 14 51 1 54
12 11 11 13 2 61 16 14 4 86 14 73 18 8 10 96 9 18 8 65 19 3 15 55 6 87 7 87 13 51 17 92 5 90 0 33 3 41 1 73
6 12 5 37 16 73 13 88 9 53 3 27 8 84 15 60 18 91 14 27 12 27 11 46 7 12 17 41 1 60 10 91 4 12 19 7 2 25 0 9
1 21 9 45 11 1 13 18 3 96 10 9 17 54 4 73 5 20 7 23 6 58 16 26 15 20 12 99 2 95 8 91 18 71 19 47 0 90 14 86
0 61 5 51 9 25 14 20 11 97 17 90 1 56 3 34 16 91 2 45 7 12 15 59 12 45 8 13 18 49 13 23 6 11 4 66 10 57 19 12
12 97 10 72 13 74 16 19 6 70 14 79 7 50 9 86 15 66 17 15 3 10 1 92 19 85 5 1 18 51 2 94 0 7 11 66 4 2 8 57
2 27 12 16 0 18 1 7 7 53 3 2 19 37 17 89 15 95 18 80 9 21 16 7 8 52 10 13 4 62 14 43 6 4 11 58 5 95 13 48
1 84 10 2 11 66 2 16 0 80 16 88 7 37 3 68 14 94 9 95 19 83 12 99 15 64 6 92 18 23 17 36 4 7 8 49 13 65 5 46
6 10 14 25 4 97 11 54 19 59 2 21 17 64 18 93 9 29 5 99 16 46 8 7 12 8 3 5 13 3 7 92 15 3 10 64 0 18 1 90
2 80 16 75 18 76 4 56 0 99 14 46 10 89 6 42 17 34 3 61 8 27 12 68 15 10 9 46 7 56 5 81 13 23 1 19 11 36 19 90
3 24 9 18 13 6 17 57 6 34 11 56 8 17 14 21 0 37 7 29 4 44 1 92 5 34 16 34 19 99 10 69 2 88 15 4 12 11 18 89
12 3 2 14 3 95 18 43 8 68 14 97 0 24 16 51 11 38 4 53 19 57 5 32 10 3 15 21 7 73 9 63 13 9 6 48 17 81 1 50
7 21 3 42 4 65 5 5 13 51 2 63 17 70 10 68 11 64 14 84 0 81 18 31 16 93 9 27 8 49 15 90 12 35 6 12 1 21 19 29
14 68 5 96 2 32 6 43 15 66 8 41 9 29 3 47 16 10 4 66 13 3 18 78 11 1 10 4 7 16 0 49 19 61 17 9 12 47 1 55
0 36 5 44 8 28 9 64 16 50 14 68 13 59 19 3 1 6 4 22 12 46 18 10 17 87 2 25 15 89 6 79 3 62 7 37 11 72 10 66
4 1 17 61 16 71 13 58 10 74 5 17 0 15 15 13 9 64 18 95 6 34 8 57 11 29 1 55 7 62 19 62 3 4 12 25 2 48 14 40
7 23 13 5 3 4 14 88 5 4 10 72 17 99 19 6 4 45 2 28 9 40 8 59 11 50 6 87 18 9 0 56 12 37 16 9 15 47 1 31
15 21 0 94 18 50 14 15 12 47 13 88 10 16 4 84 11 80 17 94 2 35 3 83 16 69 8 72 19 83 9 76 1 41 5 10 6 41 7 59
11 34 9 87 8 90 6 3 13 72 15 43 4 58 5 19 0 82 10 3 18 7 2 64 1 69 7 73 12 53 16 94 19 42 3 35 14 84 17 21
1 4 3 50 2 26 16 38 8 15 14 94 11 64 12 45 18 55 17 10 13 68 9 94 7 79 0 2 4 89 5 82 19 72 10 8 15 6 6 52
16 65 2 54 0 61 10 70 14 83 13 48 11 78 5 10 9 37 17 91 4 6 12 48 6 91 3 52 18 97 19 56 7 32 15 83 8 28 1 10
2 2 9 54 4 3 11 37 10 52 12 50 1 56 17 68 18 74 15 34 14 82 0 31 19 20 8 8 13 59 5 79 16 96 3 24 7 75 6 18
0 14 18 1 5 37 1 72 3 56 14 7 15 10 8 81 9 20 19 75 11 27 16 56 12 66 17 21 10 23 13 45 7 14 4 58 6 17 2 33
3 43 9 63 14 28 6 35 8 42 13 33 1 7 11 77 18 82 12 79 2 78 10 71 19 70 4 77 0 95 15 61 17 11 5 1 7 66 16 69
7 95 19 97 8 89 4 35 14 21 0 87 2 41 6 58 18 62 3 47 5 3 11 72 12 9 13 37 1 3 16 81 15 19 17 62 10 89 9 24
10 1 19 29 7 38 8 88 17 57 6 69 12 49 9 95 5 25 11 28 14 84 0 17 16 1 1 10 2 84 18 43 3 11 15 76 13 17 4 22
5 26 0 4 3 84 16 24 12 60 10 17 18 58 13 38 8 11 15 74 17 25 1 86 9 4 11 62 19 28 7 53 2 71 14 21 4 67 6 66
8 87 13 78 12 41 10 89 17 43 5 69 15 99 0 45 16 73 9 21 7 48 18 99 6 80 19 78 2 13 1 48 14 50 4 31 3 12 11 75
6 31 18 26 0 75 10 40 1 11 9 40 17 76 3 87 19 80 16 17 14 98 8 15 4 86 11 86 7 86 13 11 15 17 5 5 12 35 2 89
1 60 2 59 0 85 18 92 15 38 3 54 10 58 14 96 19 49 16 27 6 84 8 90 4 8 5 78 13 79 17 5 7 65 9 73 11 83 12 21
6 64 10 74 13 11 16 22 7 8 1 88 8 65 2 16 12 95 0 18 5 19 4 75 11 97 9 72 18 43 14 8 3 45 19 5 17 55 15 91
18 46 2 78 7 50 16 7 1 15 10 86 13 71 17 87 11 50 8 94 12 50 5 9 0 98 9 17 15 48 14 79 19 32 3 27 6 12 4 19
3 46 1 53 18 69 10 5 13 14 4 80 14 84 16 22 19 93 11 65 15 22 6 90 7 61 8 15 0 74 5 87 12 48 9 44 17 44 2 1
12 63 18 52 11 8 8 95 16 6 3 8 5 92 2 51 0 47 4 49 14 97 1 73 10 87 15 37 9 67 6 94 17 13 7 43 13 35 19 55
2 36 14 60 16 79 4 98 12 68 3 17 17 81 19 71 8 2 18 65 13 44 5 91 1 82 0 49 6 66 15 90 9 99 7 44 11 79 10 82
19 9 9 27 8 77 12 95 5 5 0 73 11 85 10 61 3 58 4 34 18 79 1 71 13 62 16 67 6 67 15 96 7 51 2 25 14 50 17 88
19 54 11 80 8 26 12 74 10 93 4 27 13 70 14 97 7 9 2 2 17 42 6 98 18 54 1 22 15 86 5 59 16 45 0 14 3 91 9 73
17 34 8 98 13 2 16 55 6 72 15 3 18 36 5 13 1 20 2 20 0 56 9 63 12 93 7 82 3 93 19 16 14 71 4 70 11 41 10 27
12 82 11 22 1 37 10 41 16 73 7 77 14 63 15 4 3 55 19 50 9 62 17 99 4 79 2 79 0 4 5 46 6 38 13 26 18 70 8 85
2 13 19 59 15 18 5 76 18 31 1 78 17 53 13 85 16 28 11 12 14 65 10 63 6 80 12 22 4 18 7 7 8 1 0 42 3 62 9 43
5 33 16 38 12 35 9 62 7 14 19 22 14 63 2 93 15 38 1 30 6 44 17 95 8 92 11 17 10 58 18 51 13 67 0 97 4 73 3 13
18 44 7 31 2 59 0 87 16 24 4 13 6 54 10 28 19 19 1 52 15 91 14 80 5 56 12 90 13 63 8 13 3 85 9 3 17 8 11 87
6 74 5 43 14 14 19 99 13 90 16 40 12 5 4 70 18 27 8 85 9 37 7 27 17 91 3 92 1 46 15 87 2 38 0 37 11 39 10 21
18 32 13 2 7 20 12 16 2 63 17 44 5 80 19 39 14 54 4 75 10 77 1 4 0 13 11 43 6 26 9 23 16 17 15 98 8 40 3 84
4 38 6 75 1 32 18 80 5 45 7 47 11 60 10 78 15 60 17 44 2 87 14 40 19 77 9 13 13 31 3 99 0 78 8 54 16 19 12 33
12 11 17 26 5 35 18 75 19 56 14 12 16 41 1 64 2 12 9 22 13 55 11 53 10 19 8 45 4 2 0 30 3 68 7 81 15 66 6 46
2 47 10 48 13 58 9 21 4 24 19 98 12 26 8 49 14 22 0 46 6 38 1 19 11 60 18 34 3 39 7 9 17 74 16 49 5 17 15 59
9 24 10 23 13 9 19 84 8 37 16 84 5 75 1 54 4 86 17 87 7 5 15 32 6 70 18 13 3 22 11 59 12 39 0 37 2 27 14 7
9 89 15 80 14 65 13 58 5 53 18 64 8 47 0 12 3 58 17 92 1 54 10 55 16 6 2 43 6 30 4 38 19 17 7 97 12 52 11 71
18 44 15 92 11 53 9 73 16 7 6 95 19 51 10 63 13 91 5 22 1 30 8 90 0 3 2 13 4 59 7 93 12 41 17 31 3 59 14 99
19 84 16 77 0 63 14 50 9 68 2 29 17 9 13 49 1 96 18 88 4 3 11 57 10 15 6 91 8 40 5 60 7 28 12 29 3 73 15 59
18 80 16 87 5 13 19 85 3 63 10 65 8 66 11 27 9 35 12 95 13 34 7 1 15 45 0 71 4 9 14 43 1 1 17 46 2 30 6 96
10 1 5 32 2 75 18 37 14 47 17 25 0 98 9 73 16 43 3 30 1 25 12 75 19 5 7 97 8 12 4 96 13 86 15 29 6 33 11 89
11 86 13 44 7 13 14 11 19 30 3 9 15 18 1 48 6 64 18 13 9 99 2 72 4 72 16 89 17 58 8 69 5 82 10 36 12 22 0 18
8 36 12 85 5 41 10 90 15 2 1 37 16 79 14 20 3 4 19 90 9 43 2 38 18 74 17 59 4 95 13 29 0 56 7 82 6 79 11 49
