100 20
9 13 5 97 11 14 1 45 17 98 8 79 15 17 0 84 3 28 14 13 13 65 19 96 18 98 16 10 6 10 7 26 10 48 2 27 4 3 12 43
18 67 7 49 6 2 8 29 2 90 11 15 19 4 5 15 13 95 16 55 1 16 14 20 10 26 15 40 0 84 3 25 9 82 12 71 4 22 17 92
6 18 15 85 7 88 5 51 17 60 19 17 16 16 2 79 3 63 13 41 8 82 1 93 18 96 14 92 11 99 12 76 10 49 0 47 9 64 4 13
6 1 5 44 9 29 17 75 13 27 15 29 19 75 4 68 11 93 0 58 7 16 18 10 2 43 12 67 10 47 16 3 1 56 3 43 8 55 14 84
13 49 7 23 14 55 18 49 19 74 8 74 17 73 12 60 6 91 0 47 3 20 1 50 11 4 2 24 4 85 9 37 15 11 16 38 10 99 5 78
19 91 8 49 16 51 18 27 9 43 14 55 12 89 15 36 4 41 0 98 5 48 7 29 3 61 2 56 13 39 17 5 11 88 10 58 6 71 1 86
2 93 15 98 16 79 17 28 18 37 19 87 5 46 12 46 0 54 9 80 4 83 6 72 1 66 8 54 3 48 10 19 13 56 11 69 14 33 7 23
4 47 12 18 7 39 8 76 13 61 17 23 9 15 14 74 6 87 11 37 5 60 16 67 19 34 3 61 2 30 18 69 10 2 15 76 1 82 0 82
12 56 15 23 14 69 0 39 10 82 17 69 9 50 1 56 5 19 3 57 4 10 7 4 6 21 11 91 13 81 2 44 18 22 19 24 16 40 8 21
6 4 2 15 14 96 11 7 13 78 19 39 10 1 16 47 7 56 17 45 9 89 3 8 18 37 4 30 5 12 0 40 12 60 1 12 15 28 8 79
6 65 0 69 4 36 8 8 15 53 11 39 5 74 17 66 18 70 9 60 16 72 13 41 12 9 3 61 7 10 19 93 10 17 1 50 2 76 14 28
1 60 5 79 2 22 9 59 17 33 16 68 11 26 8 26 7 64 15 84 4 55 14 86 0 87 12 85 13 31 10 81 18 5 19 67 3 14 6 29
19 49 11 73 7 86 14 53 2 63 3 47 6 13 5 38 13 55 8 83 15 80 16 86 17 92 12 3 4 5 0 93 9 58 10 14 1 51 18 64
3 41 1 48 8 95 5 36 14 64 12 17 13 69 19 42 6 91 7 4 2 30 11 41 9 48 15 60 18 9 4 96 16 1 10 2 0 68 17 66
0 94 12 35 15 98 4 32 18 2 9 98 7 72 16 89 2 94 19 77 5 26 14 32 17 13 3 47 8 22 1 54 6 56 10 40 13 88 11 52
19 13 4 68 14 2 16 58 13 46 7 57 9 58 1 99 8 12 11 70 10 71 0 36 3 42 2 43 5 60 17 72 12 95 15 45 18 92 6 65
19 91 3 51 8 92 15 75 16 6 6 63 10 10 7 28 11 26 12 41 2 86 17 28 1 60 5 39 0 88 18 38 13 23 4 60 9 62 14 86
12 77 6 77 9 96 10 52 3 30 8 61 2 93 13 34 1 20 16 67 5 68 7 74 19 10 4 74 14 97 18 79 0 11 15 3 11 24 17 46
18 28 14 76 19 72 7 5 16 41 11 17 10 78 3 38 2 63 13 40 1 17 6 39 12 32 17 2 8 78 15 27 9 82 5 19 0 53 4 18
2 56 12 17 14 32 10 34 1 9 19 60 3 72 15 66 9 22 17 79 8 8 0 20 6 19 5 36 13 86 7 10 11 98 4 5 18 39 16 88
6 85 5 25 11 29 13 53 14 38 0 32 19 71 2 25 16 66 10 91 7 85 17 25 4 5 1 8 18 26 3 26 12 58 8 27 9 74 15 22
2 95 11 95 15 17 18 35 7 42 3 59 12 59 9 73 8 18 16 42 5 33 13 4 19 45 4 18 10 92 6 64 17 44 0 28 14 88 1 56
12 92 1 32 11 79 2 40 13 48 17 61 0 78 6 45 7 92 15 69 10 22 18 26 16 94 8 41 9 96 5 59 3 45 4 88 19 80 14 3
0 35 12 14 16 59 13 99 15 45 7 83 1 58 8 26 11 47 4 70 10 73 19 39 5 45 17 70 6 35 9 42 14 63 18 67 2 23 3 66
4 29 3 50 17 10 10 60 19 35 14 55 1 18 6 84 18 1 12 60 2 98 8 65 5 69 9 32 0 32 16 48 11 20 15 30 13 22 7 68
15 63 2 41 0 20 18 13 3 50 5 82 10 56 8 19 7 34 14 29 12 35 16 30 19 8 13 76 6 94 9 13 4 4 1 34 11 93 17 83
19 1 12 29 3 35 7 6 4 7 11 65 18 35 13 77 9 36 16 74 10 62 15 55 8 80 14 7 5 94 1 53 0 43 6 19 2 42 17 44
15 81 18 36 19 58 6 31 16 35 5 41 3 17 2 22 11 11 12 45 8 25 17 30 13 75 14 44 0 53 9 13 7 38 10 12 4 62 1 86
11 78 7 99 15 90 6 87 3 1 19 51 17 81 18 95 4 97 1 97 9 45 16 15 13 69 12 57 10 93 0 85 14 12 5 84 8 3 2 98
15 69 17 60 11 70 8 75 19 55 18 37 6 40 7 63 12 65 5 26 2 85 14 6 0 94 10 19 4 75 1 92 9 4 3 37 13 48 16 31
2 10 6 16 13 18 0 62 1 46 18 46 16 32 14 15 7 47 9 11 8 43 11 82 17 54 4 91 19 47 5 28 10 40 3 63 12 8 15 26
2 67 6 72 4 90 16 7 1 50 5 36 10 64 9 66 0 38 15 58 7 87 13 23 11 96 12 81 17 71 8 96 3 22 14 97 19 88 18 66
19 13 3 40 18 97 9 25 14 23 0 86 16 80 8 38 5 26 11 67 4 17 10 95 2 89 12 87 7 21 1 43 13 87 17 76 15 5 6 12
1 25 14 19 5 46 17 25 3 92 19 40 7 70 0 64 6 20 8 98 4 37 18 99 13 28 12 63 15 29 9 44 2 97 16 56 11 1 10 29
4 22 7 75 17 86 3 45 6 29 12 9 9 21 2 39 14 48 8 30 19 6 15 87 16 77 11 1 5 12 18 26 13 27 1 27 0 62 10 51
14 42 0 11 15 43 13 42 3 11 19 4 5 38 11 87 4 44 12 76 10 42 18 45 9 64 1 6 8 90 6 89 17 63 7 40 2 34 16 76
7 25 12 63 13 38 8 85 19 22 9 30 3 12 5 21 6 71 1 58 16 49 18 58 4 93 14 98 10 70 15 42 0 50 17 68 11 2 2 96
7 88 8 26 16 7 14 50 2 52 4 90 19 95 15 63 1 93 0 44 12 60 3 64 10 55 9 89 6 67 17 58 5 5 18 25 13 8 11 74
8 8 3 66 13 26 5 1 14 11 7 94 15 78 4 18 9 66 10 27 6 83 16 10 1 74 2 21 18 99 0 7 17 84 19 72 12 6 11 45
11 76 8 97 5 59 19 67 15 44 13 79 7 17 10 39 14 64 16 99 0 45 3 36 4 77 18 23 6 93 1 16 12 36 2 4 17 19 9 3
5 91 6 6 9 1 1 13 18 73 16 5 12 83 3 98 13 4 10 54 0 67 17 9 2 36 8 47 19 12 7 58 14 96 11 29 15 23 4 85
8 72 14 35 6 92 19 16 17 50 3 10 13 8 1 30 11 55 5 57 12 43 2 2 15 68 0 55 16 30 7 91 18 66 9 7 4 35 10 81
15 43 9 10 3 25 8 17 13 68 19 39 4 43 2 63 17 11 12 17 14 60 18 43 5 37 1 48 16 83 7 70 10 39 0 54 11 47 6 10
7 86 8 75 14 10 1 68 3 22 5 2 16 8 11 65 9 41 13 20 6 84 15 41 18 53 4 75 0 19 17 19 19 94 2 67 12 65 10 58
10 73 13 91 6 52 0 60 18 98 1 89 2 45 11 20 17 85 4 34 12 74 14 39 15 42 7 97 8 72 5 85 16 21 9 95 19 50 3 61
4 41 7 8 15 52 3 33 10 29 9 33 16 89 0 96 13 17 1 22 17 64 2 70 11 48 5 63 12 43 19 38 8 73 18 89 14 1 6 43
7 98 18 98 16 27 14 9 5 10 6 34 9 94 11 75 19 66 15 27 1 58 0 58 17 2 4 79 8 55 12 14 10 72 3 39 2 58 13 54
13 35 4 93 7 41 6 60 14 45 19 92 11 2 16 86 17 63 12 68 0 40 2 83 1 46 15 24 3 17 10 88 5 22 9 52 8 55 18 33
0 58 13 50 1 91 12 96 14 8 10 45 18 84 16 6 17 89 15 90 8 2 7 83 9 47 4 49 11 97 3 71 19 23 5 99 6 9 2 51
6 14 15 42 14 99 9 33 17 69 2 11 13 23 12 75 4 8 3 46 16 74 11 93 10 69 0 38 18 64 7 48 1 57 5 17 8 79 19 27
18 3 17 21 19 69 8 37 12 85 4 55 14 70 16 67 7 20 10 79 13 95 3 63 5 54 11 73 2 97 1 42 6 45 0 68 9 54 15 87
7 75 17 50 3 31 14 62 16 96 10 47 13 27 8 28 18 80 5 14 12 31 11 7 1 8 19 64 2 14 9 23 6 93 4 48 0 88 15 13
7 71 5 1 0 72 6 33 8 12 2 29 3 84 12 44 14 17 19 60 9 28 13 21 16 42 10 1 17 72 11 21 18 23 4 89 1 96 15 31
12 62 5 23 17 46 6 99 9 23 13 61 4 7 15 3 16 55 2 13 3 53 1 84 10 69 8 49 0 54 14 93 11 31 18 84 19 67 7 35
4 39 13 62 14 92 11 18 17 95 1 1 15 42 9 66 5 65 8 44 3 62 2 87 12 28 7 12 19 36 16 80 0 20 18 23 10 89 6 31
16 69 9 69 18 33 13 78 8 62 11 42 19 89 15 35 12 50 7 32 5 67 1 25 2 42 14 6 3 40 4 51 6 80 0 94 10 95 17 17
15 96 6 91 0 19 11 25 12 60 13 38 16 11 8 15 7 59 10 79 2 66 19 96 17 24 4 98 3 81 1 19 14 89 9 22 5 7 18 5
6 84 15 16 0 57 7 1 5 19 17 85 13 53 12 4 14 81 16 80 8 23 18 17 11 20 10 38 9 31 2 80 4 79 1 51 3 63 19 45
6 69 14 26 13 32 11 97 9 33 12 88 0 4 8 89 16 97 17 3 15 20 10 92 3 91 2 55 4 97 5 53 19 87 18 17 1 87 7 6
11 27 19 15 9 41 2 12 14 47 5 23 8 13 1 59 0 81 7 27 6 17 18 10 10 65 4 60 13 6 3 88 12 99 17 61 16 50 15 59
12 74 14 19 6 8 9 56 1 96 15 75 19 7 8 66 7 4 11 10 17 79 10 68 4 15 5 92 0 94 13 42 18 59 16 80 2 1 3 4
7 36 9 84 15 45 5 62 1 45 4 9 17 3 2 96 19 87 13 47 8 19 18 44 10 28 6 24 14 8 12 57 11 26 0 95 3 83 16 67
14 76 6 18 10 5 7 33 8 19 19 98 16 15 0 61 11 32 12 46 18 37 1 49 3 24 15 82 2 77 4 15 9 68 17 47 13 42 5 19
9 39 19 3 18 1 15 79 5 99 0 61 13 81 4 35 17 28 8 11 6 14 11 84 16 19 12 20 1 67 10 72 3 31 14 43 2 2 7 77
7 99 8 62 15 82 10 86 16 82 1 74 17 11 9 49 6 63 11 8 13 33 18 79 19 2 4 30 5 34 14 42 0 75 12 79 3 80 2 31
9 87 1 88 19 57 15 36 11 46 0 33 18 62 6 69 2 96 4 83 5 72 3 80 8 74 17 41 10 12 13 6 12 79 7 24 16 58 14 21
5 41 4 12 3 50 8 36 16 18 18 13 7 15 9 59 15 70 1 81 0 75 10 72 11 37 13 32 19 12 17 78 14 97 12 26 2 79 6 8
5 43 7 54 13 41 6 83 3 8 10 53 2 70 9 23 14 35 17 18 4 78 0 49 16 80 1 29 15 31 11 87 12 77 19 51 8 8 18 84
16 9 18 50 6 13 14 88 9 76 13 9 17 10 15 24 1 5 12 30 8 12 10 45 0 19 3 21 11 60 2 61 4 29 19 77 7 9 5 19
8 87 6 25 2 16 12 81 15 7 11 56 7 27 18 47 0 97 19 43 5 55 17 93 3 70 4 93 16 8 1 78 9 37 10 85 13 16 14 61
9 81 1 55 6 35 7 49 14 40 5 46 13 16 19 57 12 23 11 82 0 14 16 42 18 84 8 76 15 4 10 11 17 75 3 9 4 29 2 5
8 85 0 12 15 51 10 79 3 88 2 13 16 22 19 29 7 93 13 13 6 69 14 6 11 24 18 18 17 26 4 7 5 26 1 40 12 91 9 75
5 61 14 48 13 58 15 48 19 12 8 98 6 31 16 79 18 80 12 74 3 73 10 99 11 99 2 46 0 7 17 66 7 57 4 58 9 46 1 90
13 92 8 11 17 48 16 58 19 41 10 43 15 20 9 30 4 77 18 67 1 74 6 89 7 48 2 98 5 12 11 59 12 59 3 37 14 27 0 90
17 3 14 20 19 96 11 4 18 36 6 9 5 6 4 21 3 70 7 51 2 71 10 28 0 6 12 52 16 43 15 91 9 49 1 64 8 90 13 47
19 59 5 15 3 80 17 47 6 75 11 70 13 18 9 72 0 79 15 98 18 42 12 62 4 27 1 78 10 26 14 87 2 92 8 90 7 60 16 68
1 43 7 19 3 50 17 38 18 90 0 76 12 59 6 96 19 37 10 86 15 28 13 44 5 39 14 9 2 60 16 56 9 24 8 51 11 6 4 19
6 46 7 79 1 22 14 80 3 34 9 69 16 58 12 92 2 38 19 25 4 29 10 65 0 57 8 78 5 17 13 69 15 2 17 21 11 8 18 78
1 92 4 35 18 54 12 18 17 74 14 12 19 93 0 87 3 7 8 26 11 18 15 59 5 78 9 81 13 94 6 29 10 42 7 31 16 92 2 65
1 92 10 37 2 69 11 98 13 90 5 22 15 1 3 83 8 35 14 78 12 94 6 48 7 40 0 64 17 5 9 83 4 27 16 64 18 9 19 27
17 24 18 43 6 76 11 68 15 13 4 32 1 21 19 46 14 81 12 24 16 82 8 86 7 89 9 61 0 22 10 2 2 24 13 35 5 57 3 66
7 6 4 79 14 10 15 83 17 59 6 91 11 74 10 99 9 99 3 69 13 27 16 77 0 31 2 38 5 40 12 26 19 10 1 92 18 16 8 64
2 28 1 86 15 51 7 68 19 31 16 62 10 7 9 71 4 4 3 86 18 76 13 59 17 16 12 86 0 84 5 6 8 75 14 32 11 28 6 75
12 61 1 6 15 26 8 98 7 94 17 7 14 44 6 49 3 80 0 74 16 69 19 22 13 2 11 20 5 69 9 56 4 36 18 11 10 47 2 27
12 17 1 2 16 20 8 36 14 67 9 14 17 54 3 5 7 30 11 16 10 1 13 75 5 68 0 28 2 6 19 79 18 30 15 91 4 98 6 21
10 65 2 44 6 19 17 81 15 99 9 56 0 79 5 71 7 13 12 36 11 92 3 40 16 58 18 40 19 83 1 54 8 65 14 59 13 90 4 6
10 65 16 73 15 30 6 77 1 26 3 62 4 75 14 12 2 39 19 48 12 75 11 33 7 11 13 40 9 36 18 15 5 58 8 74 17 6 0 55
0 50 6 38 3 78 11 43 5 25 2 83 7 36 16 42 18 87 9 13 15 85 8 15 1 69 12 56 17 17 4 6 10 65 13 44 14 2 19 17
14 78 8 11 17 69 6 93 4 92 11 50 7 89 10 25 16 88 13 16 9 9 3 34 5 76 2 28 19 54 18 73 0 51 15 4 12 47 1 43
4 42 1 73 13 80 18 89 3 5 15 30 16 57 9 59 0 72 5 14 17 42 19 92 7 76 6 32 8 51 2 82 12 96 14 22 10 57 11 62
2 2 10 69 4 3 14 65 15 35 6 43 9 72 8 8 16 91 11 21 1 47 5 1 13 35 19 19 7 63 17 80 18 20 0 43 12 95 3 65
3 14 0 90 5 9 8 53 10 40 17 62 2 80 16 11 15 36 11 2 6 74 18 42 12 86 9 17 19 65 13 21 4 62 7 14 1 90 14 10
11 63 5 56 6 20 7 30 0 82 8 76 10 9 14 15 17 14 4 50 16 88 19 54 18 46 3 86 9 18 1 42 13 50 2 42 12 43 15 28
2 17 8 63 9 74 18 3 11 19 7 87 17 43 14 32 5 75 0 27 13 13 19 11 6 33 15 77 1 44 4 18 10 7 3 50 16 40 12 58
7 79 9 21 17 40 3 72 14 85 11 58 19 70 6 12 0 76 5 76 10 87 18 34 12 32 2 4 4 10 8 41 13 22 1 73 15 91 16 42
11 6 3 4 18 22 14 73 17 15 2 97 1 75 6 90 9 33 15 59 12 3 4 83 8 30 5 35 16 19 0 44 10 38 13 35 7 43 19 53
1 53 2 29 18 95 19 31 17 1 4 75 3 95 9 22 15 96 7 29 5 90 10 11 0 26 11 68 12 16 6 32 14 14 8 11 13 38 16 77
12 74 15 38 6 43 8 5 9 96 0 32 5 76 7 90 2 33 16 82 17 93 3 9 4 53 10 11 14 68 19 29 1 76 18 45 11 73 13 42
17 37 1 43 11 95 13 38 3 59 14 7 12 56 6 50 15 24 9 19 4 94 18 47 2 12 0 35 5 95 19 55 10 85 7 35 16 9 8 26
11 24 10 1 3 16 18 63 15 74 5 13 2 95 19 71 4 73 8 51 1 68 7 18 0 73 12 28 14 76 13 23 16 87 9 37 17 59 6 54
