100 20
19 92 8 24 3 17 17 85 4 97 6 27 14 83 9 19 5 22 0 17 2 98 13 34 15 37 12 18 7 95 18 86 10 34 16 20 1 12 11 5
13 45 14 79 0 3 17 94 5 13 19 31 7 4 6 85 16 2 4 55 9 91 10 23 8 26 3 7 11 73 2 51 12 67 18 28 15 79 1 66
9 52 0 68 7 93 15 50 19 59 16 18 14 43 12 12 11 2 17 27 5 67 18 57 4 48 6 55 2 8 3 93 1 37 8 85 13 67 10 29
18 37 3 33 4 47 8 68 6 40 15 72 2 59 11 56 7 59 1 36 19 88 0 28 17 25 10 18 12 2 16 74 14 94 9 73 13 7 5 22
14 98 10 81 4 80 5 41 6 25 15 91 7 88 3 34 17 2 18 93 2 42 8 36 9 8 16 84 0 84 11 94 19 12 1 67 12 7 13 2
0 21 19 73 2 4 11 55 4 53 7 56 17 18 16 28 3 8 13 52 1 66 12 81 8 45 6 73 10 54 9 58 18 84 15 10 14 63 5 36
5 11 0 4 17 82 19 86 4 46 3 14 14 12 15 16 12 82 10 26 9 47 16 86 2 79 8 38 1 46 7 24 18 74 13 15 11 11 6 81
5 29 7 80 17 44 1 32 11 25 10 64 19 72 8 81 2 37 0 38 18 16 13 89 3 42 15 75 16 50 9 54 4 9 12 85 6 72 14 95
13 56 1 64 14 54 5 14 16 77 11 5 4 73 2 65 12 49 9 67 17 90 0 7 18 51 10 92 6 69 15 6 3 45 19 65 7 62 8 62
16 72 5 87 0 71 3 85 14 1 17 67 9 21 18 63 2 90 6 62 8 69 1 78 10 26 15 49 11 6 7 90 12 28 19 22 4 58 13 71
17 74 14 51 19 7 9 83 2 10 12 39 10 16 13 15 6 61 5 73 7 72 1 41 15 19 18 24 3 88 11 45 16 50 0 52 4 3 8 8
8 84 5 98 4 30 0 55 6 5 3 83 15 57 17 8 9 82 16 33 14 60 13 86 12 48 2 16 18 79 19 41 10 24 1 95 7 8 11 5
12 79 16 92 1 58 5 14 10 98 2 43 4 75 6 87 7 96 0 38 18 90 11 67 19 21 8 53 15 64 9 52 14 76 13 83 3 84 17 89
5 7 9 9 18 38 12 48 15 68 17 61 11 36 0 94 14 80 4 56 10 23 1 13 19 47 16 22 3 41 6 27 13 75 8 8 2 42 7 49
19 51 9 75 13 64 18 9 4 22 8 15 3 61 14 8 7 57 0 10 12 39 2 24 16 97 5 44 17 26 1 88 6 45 10 33 15 70 11 12
14 30 6 93 16 15 18 87 4 13 5 12 13 2 17 19 9 73 2 94 0 45 11 39 10 76 1 33 3 60 19 27 12 35 8 19 7 69 15 53
15 40 1 61 6 59 17 45 11 21 9 29 2 93 16 52 7 69 10 68 4 41 12 12 19 49 14 50 8 26 3 27 18 27 0 74 5 91 13 94
18 9 13 6 2 45 12 91 1 9 0 7 6 67 15 51 19 83 16 72 7 60 8 28 10 50 9 16 17 16 4 73 14 94 3 25 11 59 5 70
17 77 7 10 0 3 12 91 15 59 11 21 8 89 6 95 1 66 4 62 5 39 13 99 2 90 3 25 18 22 16 35 19 31 9 98 14 45 10 89
15 15 12 53 4 1 0 63 2 48 6 85 14 50 1 71 7 39 13 95 9 98 5 49 8 38 18 39 10 71 3 51 19 95 16 25 17 60 11 74
4 55 17 49 2 18 0 35 12 31 18 3 1 26 7 90 8 53 5 4 6 81 3 65 14 17 13 74 15 63 9 94 16 94 10 50 11 57 19 96
18 56 1 91 0 31 12 92 17 53 10 94 16 86 9 39 4 10 13 60 3 61 19 24 6 84 8 22 7 50 5 15 2 14 15 88 14 74 11 91
1 25 6 65 18 39 7 8 19 84 10 19 12 81 8 19 3 50 15 4 5 86 0 15 16 17 11 85 9 28 4 90 2 85 14 85 13 24 17 95
4 95 18 45 19 17 6 11 2 76 8 60 0 33 15 52 5 66 13 53 12 28 16 98 10 14 7 41 17 10 9 46 1 31 3 77 11 92 14 88
18 89 15 21 7 16 10 77 4 30 0 67 9 35 11 16 14 48 8 55 12 49 5 73 2 53 16 48 1 8 6 63 17 99 13 49 3 14 19 64
9 63 15 91 3 90 5 33 1 24 2 8 18 48 13 37 8 88 12 76 16 83 14 33 11 64 6 55 17 32 7 57 4 65 10 90 0 55 19 79
0 72 19 85 15 20 9 26 5 95 12 43 1 9 11 20 8 31 3 78 14 6 13 34 6 52 16 28 10 30 4 12 18 13 7 1 17 47 2 27
18 87 7 46 15 73 2 80 13 36 9 17 19 98 16 53 0 83 5 36 11 45 12 74 17 84 4 84 10 58 14 39 1 87 6 75 8 10 3 56
2 34 8 43 7 31 1 92 0 40 11 62 18 47 4 61 5 45 14 97 19 73 9 74 17 30 13 97 16 4 12 36 6 61 10 29 3 78 15 13
4 83 12 89 15 80 9 67 10 76 6 42 14 25 17 43 7 92 3 18 0 79 13 71 8 60 11 48 5 88 16 98 19 59 2 41 1 63 18 67
0 21 2 28 1 28 15 41 6 98 8 96 3 24 10 46 9 9 12 30 19 41 14 18 16 7 7 70 4 60 18 29 13 64 11 52 17 79 5 9
3 25 1 73 5 41 7 99 17 52 2 96 11 42 6 85 4 43 18 87 8 99 15 55 14 64 19 17 10 15 0 34 13 86 12 99 16 87 9 70
2 62 9 16 16 46 17 32 5 57 6 46 8 94 3 15 11 15 7 90 18 27 4 47 12 9 14 12 13 13 10 77 0 44 19 32 1 10 15 95
13 76 18 3 11 25 14 2 1 16 16 5 15 59 4 4 12 17 8 31 9 46 6 56 19 9 3 76 2 12 0 57 10 30 17 1 5 10 7 86
15 59 8 21 4 73 19 47 5 70 6 53 0 3 18 83 11 29 9 65 16 83 10 9 3 73 13 76 1 27 14 81 12 13 17 40 7 35 2 79
16 34 2 57 14 33 1 38 6 63 10 78 0 16 17 71 18 57 3 18 11 76 8 76 15 62 19 9 13 65 7 94 4 61 9 63 5 72 12 36
10 45 7 94 15 52 11 45 14 62 2 3 6 39 5 38 1 63 4 50 17 40 3 28 19 27 18 62 8 60 12 82 16 1 9 66 13 7 0 61
4 67 15 77 9 69 11 50 7 63 3 97 8 87 16 51 14 98 10 94 6 65 19 43 0 88 5 13 2 69 13 30 17 29 18 2 12 8 1 70
19 99 5 29 0 16 4 71 14 23 18 12 15 59 11 75 7 11 17 39 2 54 8 64 6 25 13 17 1 19 16 8 3 22 12 86 10 34 9 10
7 77 14 6 9 58 6 2 1 89 0 91 13 72 16 14 18 5 2 77 17 52 5 84 19 51 15 8 8 94 4 47 3 76 11 4 12 72 10 28
18 5 12 66 10 88 1 64 15 32 14 29 0 28 7 22 11 61 9 80 3 68 19 6 17 56 5 23 8 46 16 11 2 2 6 57 13 78 4 58
14 81 4 9 0 74 16 80 7 45 11 83 6 83 10 53 17 61 2 61 19 95 1 24 18 39 5 80 9 88 12 88 3 74 8 63 13 71 15 96
15 2 8 58 13 75 9 16 12 93 6 3 2 40 1 41 19 95 7 86 16 72 11 14 18 84 14 24 17 12 3 80 10 10 4 76 0 74 5 10
14 55 2 7 0 53 3 33 8 80 18 13 15 29 19 10 17 80 9 37 4 91 16 65 6 62 10 4 11 39 5 54 1 83 7 21 12 82 13 90
16 28 13 6 6 98 17 86 5 32 18 41 19 25 3 46 11 76 9 17 4 13 12 7 14 22 8 44 15 60 2 12 0 72 10 96 1 96 7 96
11 8 17 63 5 68 1 79 16 95 13 8 19 34 6 18 2 99 8 1 18 20 9 29 4 7 15 69 3 97 14 47 0 63 10 1 12 85 7 9
4 28 2 41 13 66 0 8 1 61 9 40 5 33 11 22 10 31 18 26 17 37 7 47 19 72 16 49 6 44 8 51 3 74 15 63 14 65 12 51
5 91 16 29 6 84 18 83 4 90 19 38 11 8 3 48 2 1 12 41 15 31 1 42 14 41 13 61 17 68 9 92 7 10 0 13 8 88 10 32
14 91 6 96 4 42 3 23 17 80 16 90 1 53 12 71 0 83 9 83 15 21 2 30 5 42 7 88 19 61 8 63 13 34 10 39 18 68 11 67
7 68 4 58 5 68 10 76 11 8 19 67 15 10 0 55 16 13 14 43 6 7 17 23 1 72 13 61 18 96 8 93 9 37 12 93 3 68 2 11
8 55 7 40 12 52 0 15 17 98 11 65 1 17 6 35 16 9 15 11 13 4 5 13 18 9 10 74 19 50 14 47 3 24 9 82 4 17 2 65
12 90 1 34 18 64 10 9 4 71 15 7 19 92 14 14 3 92 9 30 8 58 7 18 5 81 11 16 16 97 17 76 0 13 13 61 2 8 6 86
14 42 13 30 3 86 19 34 9 49 11 36 12 17 7 85 5 32 10 38 15 57 1 67 4 37 8 77 18 56 6 10 16 84 0 98 2 23 17 23
6 99 1 90 12 74 14 19 5 86 9 51 11 80 10 61 19 97 16 91 3 2 13 63 15 30 8 27 17 88 18 78 0 28 7 99 4 5 2 24
13 22 19 66 11 45 2 73 18 93 8 77 16 58 12 65 4 55 6 42 3 87 5 82 0 73 10 45 15 87 1 1 17 77 9 48 7 72 14 22
18 72 5 58 16 66 0 69 19 66 2 98 12 75 6 69 8 43 17 70 13 69 10 64 14 83 9 3 15 72 1 53 11 2 3 24 7 71 4 2
13 10 9 47 7 86 5 3 19 19 10 75 6 32 4 58 15 92 12 2 2 93 8 70 3 44 18 88 17 38 1 68 11 81 16 38 0 18 14 94
15 43 13 95 10 39 12 72 3 36 1 95 4 30 2 42 6 94 5 48 7 44 19 14 14 12 8 56 16 44 18 17 9 22 0 81 11 75 17 39
10 80 18 28 3 22 17 91 12 89 0 70 11 27 1 48 9 64 19 57 13 92 16 73 2 54 7 63 6 42 8 52 5 84 15 15 14 92 4 27
15 21 0 79 8 69 12 7 16 26 2 81 4 29 18 48 6 80 3 60 5 38 9 9 11 55 13 69 17 83 1 88 10 30 7 85 19 7 14 95
1 59 18 13 2 43 9 19 11 42 19 56 13 94 16 7 3 58 5 79 0 42 6 76 14 63 17 14 12 26 15 21 10 29 8 35 4 63 7 31
4 45 10 32 1 78 9 51 2 92 12 39 8 60 15 98 18 42 3 89 17 4 13 48 19 88 0 37 6 80 7 33 5 61 11 72 14 93 16 20
14 96 10 50 12 99 19 32 2 59 11 4 17 85 15 38 5 94 6 33 7 92 9 25 13 65 0 66 8 29 1 28 4 9 3 28 16 39 18 89
14 21 13 2 5 35 11 27 2 97 19 63 15 31 7 56 10 74 3 13 0 75 12 89 9 66 17 1 1 78 6 78 18 12 8 77 16 93 4 40
0 72 8 21 4 8 17 96 1 34 14 24 10 24 18 37 9 94 6 42 7 40 2 82 15 74 13 82 12 95 11 90 5 17 3 7 19 63 16 93
13 61 5 84 18 73 10 25 8 90 4 18 19 28 3 94 11 2 14 64 6 13 12 88 15 77 7 37 2 10 16 23 9 22 17 33 0 74 1 76
13 84 4 40 14 40 0 48 12 47 16 46 1 67 5 64 8 22 10 72 3 30 7 41 17 68 19 97 15 17 9 7 18 16 6 27 11 64 2 95
16 84 6 47 3 61 10 5 0 57 17 97 12 99 18 25 8 22 7 22 14 88 1 22 4 83 11 11 13 10 9 88 5 21 2 88 15 98 19 8
1 81 18 45 9 73 6 62 15 26 0 94 8 5 14 70 16 98 10 80 12 38 5 25 4 45 7 22 3 29 17 13 13 31 11 85 19 50 2 95
0 50 7 2 15 29 12 90 14 73 9 16 4 28 13 29 8 17 6 24 2 54 10 65 1 75 3 56 19 19 18 24 17 4 11 38 5 23 16 80
0 66 14 68 12 37 8 5 2 25 17 20 16 51 9 50 7 71 3 85 11 39 4 36 18 7 13 69 6 31 19 95 10 46 5 17 15 10 1 72
2 26 9 41 12 33 6 15 11 47 8 69 15 61 10 95 19 41 0 30 7 9 13 21 1 10 18 87 17 66 16 96 5 77 14 35 4 35 3 43
15 40 11 41 19 93 3 28 17 80 2 4 12 24 8 5 0 75 9 5 7 68 4 32 14 94 1 60 13 25 10 3 18 15 16 79 6 46 5 44
19 45 4 47 18 10 11 89 9 44 2 76 3 52 1 37 0 98 15 96 8 80 7 2 10 83 5 48 17 85 12 11 16 9 14 74 13 22 6 70
15 43 9 11 14 65 5 22 17 35 11 40 12 46 16 20 6 12 19 44 1 85 8 48 7 31 0 39 4 6 3 56 13 21 10 90 2 34 18 79
16 31 10 47 14 21 11 70 12 28 6 71 9 41 18 3 2 93 17 76 7 62 13 65 1 84 3 62 19 8 15 3 5 65 8 41 4 23 0 81
18 9 2 27 13 17 16 15 6 39 8 99 9 79 5 18 12 12 0 53 15 60 17 16 4 73 7 49 14 73 11 43 1 11 3 78 19 20 10 51
14 21 4 19 7 81 12 38 18 47 6 95 9 61 16 57 10 91 15 46 8 10 1 71 2 44 5 54 3 38 19 22 0 24 17 14 13 55 11 22
15 17 8 18 7 3 3 25 12 67 5 76 9 23 16 85 0 50 2 58 10 5 13 92 18 73 1 25 11 56 19 44 17 20 4 72 6 98 14 37
0 69 18 14 5 9 4 44 9 60 1 71 2 54 13 52 16 22 12 32 6 61 10 91 3 38 15 34 11 58 8 49 19 44 14 66 7 92 17 6
14 51 19 45 18 39 11 80 3 91 13 89 2 36 5 9 16 41 8 42 12 40 6 65 9 92 0 5 4 11 1 25 7 42 10 68 17 54 15 80
16 73 1 58 10 59 11 41 13 61 14 58 7 62 0 26 19 64 12 68 8 40 4 52 18 61 17 28 5 8 2 47 9 90 15 79 6 74 3 40
0 55 14 55 3 3 9 71 10 45 11 98 19 43 5 77 1 90 17 52 13 42 8 67 4 30 18 38 16 9 12 79 6 10 7 12 2 11 15 28
13 13 7 48 11 68 18 77 14 90 8 11 9 99 17 2 19 11 15 88 10 86 6 15 12 86 0 57 5 77 2 92 3 83 4 44 1 39 16 16
7 17 5 88 13 32 17 9 18 47 14 6 9 2 10 17 11 93 15 28 16 13 1 78 2 14 4 38 8 8 3 68 12 3 6 37 19 13 0 64
13 13 16 16 10 85 11 88 9 57 8 67 7 22 6 19 4 97 3 91 19 58 2 60 14 74 12 34 15 26 0 59 5 70 17 45 18 61 1 13
15 23 3 11 2 43 13 78 18 3 10 73 4 8 6 7 17 23 5 59 8 63 14 35 1 73 0 26 7 7 19 62 12 68 11 52 16 53 9 58
18 53 0 63 1 65 15 42 8 52 12 1 6 20 13 12 16 59 7 5 19 33 9 81 17 3 3 54 10 78 2 32 5 24 4 53 11 63 14 57
17 24 19 55 13 54 3 36 0 59 12 74 4 98 1 26 7 66 18 80 14 59 11 96 10 43 6 60 16 75 15 67 2 36 9 47 5 97 8 28
17 86 7 3 3 91 15 6 6 12 18 75 1 70 2 88 12 72 11 48 10 53 5 20 9 75 13 62 4 87 16 12 19 31 0 44 8 4 14 2
19 86 15 86 12 48 1 76 3 72 4 34 5 50 16 36 9 95 18 74 2 31 8 55 17 61 0 79 6 92 11 64 10 4 14 32 13 65 7 30
0 58 10 35 12 46 15 4 7 51 9 23 6 56 11 25 8 90 13 48 18 66 19 32 16 39 1 24 17 92 14 1 4 57 2 59 5 3 3 29
3 46 12 75 16 24 1 35 8 29 19 49 10 24 18 7 15 81 4 7 2 44 14 70 11 13 9 19 7 22 0 26 6 30 13 80 5 24 17 55
6 36 8 54 2 86 11 55 0 20 5 43 17 11 1 61 9 77 7 23 15 8 16 40 3 76 14 49 12 10 4 61 18 19 19 15 13 33 10 95
5 82 14 63 4 81 7 28 15 92 13 62 1 87 0 33 8 71 10 80 18 16 2 22 9 19 12 5 3 15 16 12 17 53 11 73 19 45 6 26
8 73 6 90 5 7 1 2 15 91 18 89 4 26 12 71 19 70 2 39 9 7 17 74 0 91 13 5 11 16 10 95 7 40 16 70 14 61 3 91
13 82 11 86 14 65 12 54 5 47 16 61 2 50 10 15 7 11 6 1 15 3 19 55 3 37 4 15 0 63 1 88 8 85 9 68 18 96 17 37
15 85 11 81 19 12 8 51 3 21 4 48 13 92 12 18 1 36 16 94 6 82 14 80 0 10 9 49 18 36 10 82 17 91 5 84 2 95 7 95
3 52 7 96 18 53 16 57 19 57 1 24 8 45 12 92 11 24 14 52 4 38 13 69 5 47 9 55 2 34 17 7 15 87 0 22 10 5 6 83
1 91 6 5 5 54 18 81 10 23 7 92 13 58 0 73 9 61 19 58 12 83 2 25 15 79 16 78 8 41 3 91 14 22 17 11 11 36 4 79
