100 20
14 36 7 61 11 52 15 12 2 9 3 58 9 12 16 68 19 87 8 28 10 14 6 3 4 17 17 37 5 41 18 38 13 22 0 28 1 89 12 10
18 33 4 66 6 15 0 57 16 27 12 80 7 5 2 89 11 35 17 85 1 39 14 67 3 48 9 97 15 47 19 13 13 17 5 58 8 29 10 44
10 53 3 82 11 8 9 44 14 83 7 86 17 74 1 76 15 9 13 30 4 34 8 77 2 50 19 14 16 77 5 47 6 39 18 46 12 59 0 66
9 41 5 27 8 18 11 77 1 42 3 67 16 26 6 71 4 10 10 83 17 29 19 15 15 28 12 8 2 46 13 96 0 53 14 5 7 80 18 42
7 12 18 34 14 37 2 58 16 58 15 66 4 20 8 16 3 66 5 2 0 74 6 46 19 76 12 31 17 52 9 20 10 27 13 39 1 17 11 18
6 37 19 52 1 58 7 47 14 67 0 62 10 86 12 80 13 26 8 57 4 22 15 42 9 31 18 22 17 76 11 30 3 91 2 60 5 89 16 13
15 78 13 16 2 31 11 14 12 11 3 63 8 65 5 60 19 15 9 9 4 34 1 52 18 98 10 51 6 60 17 88 0 51 7 11 14 85 16 82
12 38 6 47 5 4 1 19 11 32 7 79 18 9 0 98 9 57 3 99 17 69 4 21 8 51 15 81 13 90 16 32 2 10 14 76 19 75 10 45
5 17 16 58 8 87 17 91 0 17 4 34 12 30 7 48 19 79 14 15 2 93 1 36 15 50 13 7 3 74 10 21 6 10 11 38 9 7 18 48
5 88 10 24 19 52 0 8 2 94 8 63 1 91 6 55 13 92 17 21 16 87 7 88 12 95 3 11 15 16 9 25 4 24 18 16 11 38 14 63
0 23 1 46 14 25 18 10 19 59 4 89 8 19 12 8 9 68 16 71 17 61 2 49 13 11 15 99 6 33 7 88 10 91 5 1 3 28 11 2
15 89 6 55 16 94 9 92 7 97 8 54 3 27 13 86 11 27 17 53 14 34 0 87 10 41 2 84 1 81 19 27 4 42 18 14 5 80 12 76
3 72 14 16 4 24 1 45 19 37 18 64 7 43 17 83 5 22 9 70 13 27 15 62 12 78 6 21 11 43 10 77 2 66 8 63 0 4 16 45
19 1 5 3 7 33 15 18 14 27 4 20 3 92 10 14 18 81 2 59 8 54 9 29 1 44 11 19 16 8 0 78 13 41 12 98 6 4 17 18
19 98 14 48 10 72 1 57 3 56 8 54 17 36 13 85 16 28 6 62 11 53 0 85 2 5 4 77 7 91 9 83 12 40 15 71 18 86 5 43
4 27 18 67 14 43 11 16 8 11 12 49 10 74 7 83 16 62 13 68 15 78 2 63 17 78 1 16 19 20 0 21 5 34 9 7 6 40 3 29
5 76 10 71 14 33 2 57 6 90 12 44 7 2 15 77 11 56 19 88 18 93 8 91 3 35 17 47 13 17 9 39 4 34 1 19 0 12 16 30
8 19 16 33 3 89 10 74 6 87 19 33 15 14 0 98 7 33 17 43 14 5 4 99 18 43 5 12 1 22 13 62 2 63 11 99 9 35 12 2
12 23 3 60 17 94 14 78 19 61 5 99 16 89 7 32 4 91 9 79 8 90 1 45 0 11 2 74 6 99 13 39 15 8 11 35 10 48 18 72
4 52 6 75 15 2 2 87 8 2 19 45 17 31 0 36 12 65 11 98 10 80 13 75 3 53 18 3 16 31 7 44 5 62 9 77 1 69 14 23
12 40 17 37 3 61 19 19 16 39 9 67 4 8 18 94 14 9 11 71 10 20 6 39 13 73 5 29 1 38 7 87 15 84 0 31 2 40 8 8
5 50 15 89 6 17 8 38 19 5 11 17 12 10 9 67 18 83 13 18 3 21 7 32 1 89 10 67 4 87 2 51 0 49 14 67 16 75 17 34
8 74 1 26 11 29 17 23 3 52 12 92 5 5 19 99 7 31 13 17 9 82 16 83 0 38 6 20 14 17 10 9 15 15 18 64 2 3 4 66
14 2 4 21 3 57 8 99 1 24 11 6 5 60 13 62 2 26 19 2 12 45 17 86 6 39 7 33 0 58 10 66 16 81 15 2 9 38 18 26
13 44 8 88 18 95 14 13 9 25 15 27 12 52 17 90 11 1 2 4 3 4 4 82 1 21 16 54 19 40 0 24 10 45 6 54 7 53 5 84
1 39 15 59 12 62 18 16 14 9 11 54 4 15 2 74 3 5 0 16 19 7 17 95 16 6 8 96 13 88 10 42 7 58 9 74 6 25 5 32
9 50 3 6 2 79 0 90 7 86 12 42 18 96 10 95 19 87 1 65 5 54 16 23 15 43 11 59 8 87 4 89 14 32 17 75 13 54 6 41
10 22 14 39 9 95 8 99 16 82 3 92 18 21 7 79 13 64 6 66 4 65 0 27 5 69 11 60 17 45 19 73 1 52 12 41 15 95 2 73
16 27 10 66 13 47 6 42 7 44 4 30 9 90 0 69 12 54 17 21 2 82 11 93 15 40 1 15 14 39 5 46 8 56 19 79 18 77 3 76
7 87 0 46 8 33 15 1 11 71 13 9 1 77 6 69 19 22 9 7 17 83 4 16 16 91 5 12 14 55 3 33 12 97 10 22 2 87 18 69
14 75 6 75 9 22 8 73 18 59 13 77 7 31 11 16 15 4 16 96 2 88 19 10 12 22 5 64 17 62 0 56 3 14 4 79 10 92 1 17
10 2 5 51 9 42 19 40 6 67 13 85 18 86 15 68 8 97 12 1 4 9 1 8 16 66 3 89 14 61 0 63 17 18 11 49 7 66 2 74
8 75 4 11 17 82 9 10 5 93 12 55 16 17 3 45 0 27 14 33 1 2 10 17 11 43 13 64 6 23 15 1 7 97 2 88 18 78 19 42
1 43 14 30 3 28 19 23 6 35 17 7 8 49 15 63 12 93 18 46 2 9 0 62 16 58 10 21 11 40 9 38 13 97 5 94 4 62 7 12
15 23 16 77 11 62 6 54 4 16 7 21 18 77 17 51 12 92 3 57 9 64 1 56 10 48 2 55 13 18 19 6 5 8 0 39 14 57 8 34
3 39 1 52 11 60 12 34 18 4 4 75 8 20 10 16 6 76 5 53 14 76 0 31 7 46 17 55 2 95 19 9 9 97 16 68 15 55 13 6
17 51 2 73 16 16 7 60 4 56 8 55 5 56 3 80 15 23 19 93 10 99 12 67 14 99 9 19 11 14 13 71 1 44 6 56 18 39 0 88
17 74 9 17 6 40 1 65 16 61 12 69 14 25 10 61 15 56 0 27 3 48 7 54 8 75 11 21 5 12 18 12 19 8 2 52 13 26 4 62
18 76 8 40 2 11 5 36 16 7 1 79 9 25 15 21 12 74 6 42 14 8 19 46 7 62 13 92 3 47 0 93 10 8 11 80 17 47 4 77
3 47 9 58 2 43 6 59 0 30 13 70 12 24 17 26 5 83 14 72 19 22 16 52 8 78 4 77 10 68 18 59 7 13 1 56 11 73 15 22
5 81 3 7 8 95 11 98 19 55 14 94 4 70 6 29 7 23 18 37 10 43 17 93 1 99 15 90 2 58 16 84 0 86 12 77 13 72 9 27
18 20 0 96 10 7 1 88 16 74 17 47 5 78 4 27 15 69 2 52 13 43 7 86 11 3 9 99 19 27 14 38 8 40 3 4 12 60 6 33
0 93 2 9 11 59 1 50 16 87 9 77 12 63 4 35 19 93 13 23 15 49 17 99 6 69 18 81 3 40 5 43 14 34 7 10 8 7 10 79
0 29 5 90 8 11 6 3 19 96 9 81 7 21 13 49 17 65 11 83 18 16 10 37 4 20 16 29 15 67 12 11 14 31 2 63 3 66 1 19
10 74 4 92 18 6 3 80 17 11 12 71 19 30 2 45 14 54 9 27 6 20 13 12 16 46 7 93 5 66 8 23 11 84 1 58 15 30 0 20
6 43 10 49 18 58 0 9 15 45 19 40 1 54 11 33 3 75 16 65 2 37 14 53 5 40 7 79 12 28 4 83 9 76 13 23 8 25 17 20
9 42 1 60 3 43 8 87 19 52 5 14 11 87 17 48 0 66 15 36 6 75 18 92 10 5 7 78 12 83 4 21 14 5 2 89 13 37 16 63
11 29 8 49 0 15 16 76 15 58 9 33 6 74 17 87 4 85 13 76 18 67 5 61 3 57 2 26 14 10 19 90 10 6 1 68 7 59 12 14
2 29 15 61 1 26 7 78 9 89 11 83 14 52 3 55 6 6 17 6 12 22 19 88 18 24 0 95 8 39 13 36 5 58 4 77 10 85 16 65
6 7 19 11 3 95 1 19 18 61 15 98 5 85 17 59 0 22 10 95 7 32 9 88 12 63 4 31 8 5 14 60 16 60 2 59 11 83 13 20
13 30 1 94 9 45 3 4 12 52 5 15 15 1 10 77 0 30 17 34 14 51 11 55 4 55 2 12 8 72 7 65 19 66 18 32 16 3 6 74
0 6 17 36 10 36 2 83 11 58 5 1 16 94 19 86 14 19 12 11 1 51 9 5 8 55 15 43 6 11 4 67 13 63 3 75 7 3 18 44
1 56 18 6 3 13 12 23 6 59 9 47 13 58 7 34 2 73 10 22 19 44 11 53 16 88 0 94 8 31 14 69 15 37 17 96 4 50 5 34
2 77 15 63 5 71 9 75 1 66 8 29 10 52 14 4 11 59 0 7 17 17 4 68 12 62 18 68 6 43 3 98 16 10 19 98 7 51 13 76
18 66 13 5 17 57 5 89 3 80 2 3 7 33 19 18 16 9 14 84 12 50 11 66 6 42 15 22 4 35 1 57 9 9 10 24 8 11 0 77
12 11 6 49 16 20 14 35 5 82 3 99 8 35 7 82 15 4 9 48 11 54 0 62 2 45 10 2 17 90 1 53 18 2 4 22 13 74 19 98
3 81 16 56 1 12 9 82 5 8 8 48 19 56 12 19 11 30 18 68 7 48 6 71 2 73 14 13 0 32 10 58 13 87 17 81 4 85 15 74
9 9 2 21 18 84 1 88 12 82 0 60 13 58 7 19 5 51 6 57 3 27 19 63 14 10 11 1 10 61 8 37 15 18 4 11 17 68 16 59
18 68 1 19 19 43 10 68 3 65 17 36 12 69 14 28 4 7 7 72 15 67 9 87 6 15 5 3 11 73 8 38 2 18 16 49 13 43 0 71
17 57 13 90 12 33 8 63 1 40 15 87 5 69 9 75 2 18 11 32 6 82 16 75 18 49 4 88 14 87 0 88 7 38 10 37 3 49 19 14
6 74 15 26 4 56 9 31 1 83 7 32 17 16 2 40 11 15 0 77 5 43 16 21 19 81 14 66 12 90 18 59 13 82 10 34 3 65 8 12
13 43 4 36 12 42 0 97 15 25 11 38 7 34 16 11 3 56 6 57 8 2 17 96 1 29 9 71 19 25 10 82 14 44 2 19 5 12 18 91
0 26 11 38 12 28 19 3 17 10 3 22 16 30 10 32 7 47 18 75 9 15 14 87 1 5 4 46 15 29 6 75 5 55 2 46 8 72 13 57
17 86 9 77 18 7 10 87 8 47 14 72 4 46 15 92 7 76 13 93 2 55 11 12 6 21 12 28 1 69 16 53 19 59 5 58 0 66 3 15
17 31 14 19 18 34 8 48 10 11 0 40 2 77 13 16 19 88 9 68 16 66 11 15 12 11 4 44 1 97 7 12 5 30 6 70 3 33 15 63
6 54 13 83 17 54 19 32 2 77 4 22 10 96 0 21 16 17 8 72 1 82 12 40 15 69 9 60 14 86 5 38 3 45 7 85 11 15 18 66
19 5 12 79 2 79 15 11 16 77 13 54 7 43 1 93 3 56 14 31 9 27 6 84 4 64 10 6 8 47 11 34 5 67 18 84 0 44 17 48
10 80 1 48 5 50 4 18 19 89 6 9 0 34 18 4 2 52 16 19 12 92 17 59 13 74 7 20 14 93 3 9 15 16 8 42 9 36 11 19
19 11 1 35 12 82 3 30 14 83 16 88 8 2 5 87 10 56 2 14 9 6 0 38 18 86 7 92 17 58 4 41 13 96 6 66 15 66 11 73
1 15 9 17 14 40 7 11 6 29 18 81 2 6 15 92 10 59 17 80 4 57 16 26 5 18 13 25 11 57 0 37 12 99 3 8 8 29 19 89
0 71 10 7 12 1 8 22 18 84 2 47 7 95 3 1 1 11 9 70 16 20 17 29 11 78 4 21 19 61 6 54 13 53 14 64 15 88 5 53
19 80 18 94 7 50 4 89 8 10 15 98 13 81 1 95 6 4 5 87 14 66 3 17 2 73 10 60 0 63 17 24 9 62 12 43 16 19 11 49
7 30 5 27 15 19 19 31 8 29 0 20 1 16 17 93 10 24 3 45 6 87 14 78 13 72 11 44 4 88 16 3 12 31 18 19 2 47 9 38
7 26 13 67 1 40 18 69 8 58 4 77 6 25 0 15 19 66 11 16 17 59 15 69 12 91 16 83 10 30 5 31 2 10 14 62 3 80 9 92
2 94 3 93 13 62 12 67 14 75 6 77 1 27 9 81 11 66 0 56 4 13 17 30 8 50 16 85 5 98 19 10 7 29 15 32 18 53 10 57
9 58 15 35 14 32 19 23 12 7 5 79 1 72 16 1 10 52 11 75 17 86 13 25 3 33 0 95 8 95 2 51 4 40 18 10 6 35 7 68
4 85 10 17 8 18 7 30 5 7 12 13 9 67 17 56 19 99 2 94 13 56 14 49 1 80 15 76 18 36 16 30 0 88 11 96 3 2 6 3
16 37 1 75 3 95 14 68 0 11 15 24 6 24 11 94 17 9 4 76 8 76 13 43 18 79 10 74 12 1 2 90 7 19 5 29 19 56 9 39
16 71 0 54 4 94 3 71 5 36 1 37 10 19 6 65 15 2 11 95 2 77 18 8 8 88 17 77 12 67 13 49 19 10 7 19 9 24 14 54
9 45 15 65 4 76 18 49 19 25 3 36 14 4 6 78 11 57 5 43 12 72 0 46 8 13 2 33 13 74 16 37 10 45 17 26 1 55 7 5
19 76 9 2 8 38 1 53 17 86 11 53 10 55 3 78 7 74 0 63 2 14 15 17 16 19 18 52 5 46 12 96 13 10 4 69 14 82 6 52
1 39 19 23 15 42 8 92 6 62 4 47 3 19 16 95 10 19 18 71 0 69 2 40 17 78 11 74 14 29 13 72 5 58 7 28 12 86 9 9
16 82 4 9 17 18 7 68 9 84 2 39 15 76 11 39 19 58 14 83 3 21 12 95 10 63 13 51 0 6 8 55 5 3 1 48 18 85 6 22
14 67 12 20 7 60 16 86 5 63 3 52 15 71 0 65 11 56 6 58 18 62 10 6 8 17 13 79 19 4 9 3 4 42 1 41 17 22 2 61
8 98 0 58 10 8 3 76 6 53 5 82 15 2 17 55 13 83 11 87 16 97 12 21 9 60 18 10 1 85 2 70 14 69 7 93 4 19 19 27
9 52 8 43 1 56 17 6 10 25 14 95 0 25 12 98 19 77 18 78 15 28 3 67 13 73 16 94 6 90 5 54 2 10 11 57 4 23 7 72
7 19 11 10 14 94 0 40 17 37 18 52 1 61 9 36 10 67 2 90 15 34 16 32 6 61 8 79 5 53 12 67 19 73 3 84 13 35 4 4
17 81 7 83 13 97 16 47 2 60 6 61 5 76 4 72 19 60 18 97 11 82 1 99 14 88 10 59 12 30 9 66 15 65 8 36 0 12 3 26
14 48 10 90 15 44 11 78 13 35 17 6 1 73 5 35 12 95 3 19 9 81 18 83 2 66 0 2 16 96 8 44 4 47 19 12 7 81 6 69
8 61 1 79 2 50 17 1 9 53 11 15 6 14 4 53 19 17 14 5 0 67 18 86 10 58 13 59 5 43 15 25 3 62 16 90 7 51 12 4
13 36 14 43 15 46 7 85 11 48 18 13 6 58 16 39 10 46 1 43 3 32 8 65 17 13 4 77 19 34 0 31 5 9 12 54 9 37 2 86
11 73 9 31 17 97 10 66 12 62 7 15 13 26 4 86 1 66 8 16 0 9 2 18 16 85 14 41 15 70 5 43 6 3 18 48 3 43 19 28
13 2 17 77 1 78 11 6 19 35 6 52 8 76 2 47 5 47 12 84 16 71 4 65 3 67 15 60 0 64 14 80 10 48 9 6 18 50 7 95
13 12 7 72 2 37 12 9 17 4 19 77 0 64 9 53 15 51 3 95 5 95 18 15 1 52 4 22 16 27 8 52 14 69 10 45 6 49 11 36
1 25 6 83 13 6 5 18 9 7 0 70 2 91 19 30 14 56 8 87 18 52 7 70 16 51 12 66 10 13 11 58 15 36 3 45 4 54 17 28
15 74 2 34 0 13 8 59 13 23 4 90 9 2 6 92 3 56 16 36 5 67 11 9 18 91 17 21 14 91 19 37 1 98 10 54 12 18 7 83
13 6 19 43 16 7 0 6 4 67 1 89 11 91 10 89 7 73 14 74 2 26 6 32 3 15 18 21 12 69 5 88 15 5 17 11 8 52 9 42
1 24 16 67 4 10 10 82 8 63 0 18 17 63 6 33 15 54 13 34 9 93 18 57 3 75 14 48 12 29 11 72 7 56 5 94 2 57 19 94
16 74 7 36 15 7 3 49 5 4 2 46 9 48 19 92 12 68 8 65 17 19 11 62 1 72 6 39 0 98 4 13 10 93 13 90 14 54 18 65
10 31 2 20 8 61 0 21 12 14 11 49 15 78 13 48 4 86 3 44 14 83 17 55 5 85 18 6 6 86 16 29 19 80 7 95 1 10 9 59
