100 20
2 90 10 67 4 28 15 92 14 51 6 48 7 12 1 97 18 94 3 62 16 17 8 12 0 60 11 95 12 76 17 5 13 49 5 68 9 33 19 14
12 26 19 11 1 53 17 73 9 91 3 41 18 22 7 60 0 80 4 16 13 17 15 40 8 97 10 35 6 58 11 15 5 35 2 11 14 33 16 32
12 90 10 45 11 21 15 43 16 64 0 32 14 34 4 99 2 79 3 52 19 88 6 36 8 22 13 27 5 52 1 38 17 87 9 40 18 45 7 67
11 46 12 50 18 15 8 1 5 36 6 35 19 56 1 98 10 1 17 15 13 25 0 45 15 69 3 40 7 12 16 21 14 72 2 45 9 40 4 48
14 24 11 51 18 87 0 70 5 94 19 42 1 6 12 67 6 37 8 1 9 12 15 18 10 64 4 65 17 8 16 2 7 95 2 13 3 75 13 28
17 37 11 87 13 30 12 57 1 36 2 78 9 3 4 58 15 14 18 38 10 55 14 47 8 42 0 80 3 18 19 12 7 36 6 49 16 79 5 66
7 59 2 17 8 14 5 21 12 84 14 57 9 14 19 63 15 13 11 88 10 77 4 50 1 59 18 17 6 20 13 19 17 16 16 56 3 41 0 58
9 46 16 13 19 58 5 58 8 92 0 99 7 12 1 93 6 47 4 63 10 87 14 44 17 43 18 38 2 91 3 56 15 79 12 84 11 40 13 41
17 56 0 62 7 11 16 29 4 12 15 37 3 44 13 10 18 69 8 84 14 4 2 85 12 40 1 63 5 31 9 50 10 24 11 78 6 50 19 73
9 77 15 78 18 18 2 51 4 58 11 41 0 53 16 40 13 13 7 3 10 49 1 86 6 76 14 65 19 98 8 12 5 35 17 70 12 34 3 60
5 83 4 52 10 59 6 98 3 84 11 50 0 29 14 35 13 1 7 55 18 94 1 54 16 2 19 22 15 56 2 47 9 4 8 22 17 23 12 74
3 39 12 60 13 75 16 18 5 27 0 57 17 37 1 89 11 92 4 41 18 30 9 45 15 86 14 38 8 66 7 36 10 81 2 23 19 62 6 63
1 25 11 47 16 97 13 78 6 82 15 26 2 42 3 27 5 96 10 81 0 39 12 36 19 69 14 39 9 14 7 32 4 14 18 9 17 67 8 64
0 28 17 13 11 32 12 18 8 24 14 17 18 52 7 27 1 91 19 31 3 40 13 89 5 1 16 93 10 66 4 11 15 53 6 72 9 1 2 35
12 94 5 47 13 94 18 1 8 14 14 24 0 19 15 33 11 59 7 45 4 56 9 66 19 64 10 29 1 39 3 90 16 80 2 7 6 9 17 45
7 31 19 24 16 81 3 18 8 58 18 80 2 46 11 63 10 9 6 47 15 53 5 16 0 58 13 30 4 92 1 17 9 55 14 70 12 1 17 25
16 50 15 2 14 51 8 29 10 96 6 91 4 51 9 66 1 58 7 75 13 21 12 8 2 99 17 52 19 89 0 48 11 35 18 34 5 75 3 30
5 40 19 89 10 17 17 17 6 14 12 81 4 68 0 53 1 9 13 48 14 28 15 66 8 23 9 37 2 93 18 95 3 38 7 22 11 83 16 27
13 44 12 7 0 46 8 23 2 14 9 44 4 32 14 5 18 64 19 95 10 33 11 63 7 56 1 40 16 88 3 16 5 19 6 77 15 66 17 84
15 14 13 27 14 76 0 54 16 57 5 13 19 85 3 37 9 59 12 75 1 38 6 79 18 97 10 39 7 75 8 14 4 33 17 28 2 7 11 52
0 62 8 67 2 83 19 49 10 31 15 85 16 1 7 11 14 81 3 23 12 99 18 64 11 51 6 56 5 6 17 89 13 27 9 43 1 46 4 6
10 1 12 23 9 52 16 12 7 11 1 54 4 87 19 82 8 94 0 98 5 2 2 98 3 44 18 40 14 91 6 68 11 43 15 21 17 51 13 63
5 87 4 18 15 4 17 77 12 82 2 43 0 55 14 74 16 36 11 16 10 36 18 27 9 48 1 99 13 34 7 41 19 39 3 54 6 4 8 92
19 22 11 65 10 86 8 82 2 51 13 71 12 37 4 80 17 50 18 42 3 47 14 65 7 15 6 94 5 88 9 66 0 94 16 48 1 51 15 63
6 90 14 22 18 99 8 79 19 72 2 51 16 93 4 33 13 77 3 98 17 30 12 77 5 76 7 18 10 97 15 3 0 47 11 17 9 16 1 40
7 44 1 82 6 1 8 1 17 11 2 52 18 56 16 26 3 89 11 20 12 77 19 48 0 71 9 53 15 83 13 57 14 51 5 48 10 80 4 72
9 26 6 46 13 74 11 30 7 20 8 41 17 5 4 94 3 9 0 97 5 21 12 67 14 45 10 65 15 93 18 72 1 8 19 13 2 19 16 58
9 37 12 76 2 85 16 76 6 30 0 41 18 68 3 96 10 69 19 52 15 68 5 99 11 29 8 44 4 70 17 20 1 60 7 1 13 72 14 44
16 90 14 41 6 32 3 61 10 37 8 54 4 73 5 94 18 61 0 74 11 76 1 47 9 86 2 51 12 28 13 11 15 22 7 38 19 43 17 85
18 29 19 88 14 83 9 13 15 72 6 94 5 16 11 87 16 51 17 39 1 82 4 44 0 85 7 40 3 82 10 7 8 26 12 38 13 27 2 77
3 59 8 88 12 63 19 44 0 70 17 14 11 54 9 59 15 1 6 7 4 81 13 87 14 94 10 76 7 16 2 29 1 99 16 33 18 61 5 72
1 83 4 88 13 14 17 31 7 59 14 22 3 95 11 44 19 35 15 74 6 85 0 45 2 7 8 70 9 49 10 70 12 27 5 64 18 9 16 14
5 43 13 30 11 49 8 37 1 76 15 14 4 98 18 16 9 28 3 75 6 47 16 49 7 19 12 90 10 12 17 74 2 88 14 58 0 19 19 22
18 98 12 66 1 49 2 74 13 93 11 70 15 76 19 38 3 27 9 93 17 73 4 50 6 69 16 59 7 64 5 68 14 9 10 48 8 68 0 80
12 77 4 64 14 45 11 25 13 74 9 54 17 29 15 26 18 69 1 65 5 29 19 63 16 56 0 62 10 76 8 15 7 78 6 4 2 19 3 67
4 25 17 23 2 43 3 92 18 84 13 36 9 72 15 37 11 26 5 63 19 7 12 64 0 69 7 35 8 13 1 29 16 89 6 18 14 67 10 52
5 46 4 94 10 35 2 79 1 56 19 99 15 55 0 51 18 22 6 61 3 35 13 16 14 14 16 82 9 88 17 53 12 47 7 79 11 56 8 4
7 39 2 91 4 91 5 12 19 92 8 14 0 82 9 76 14 90 16 45 1 37 12 60 10 16 3 9 6 51 11 35 13 54 15 87 17 83 18 53
16 78 6 13 12 36 1 22 11 59 8 15 0 7 13 63 19 52 10 77 7 78 14 74 17 66 2 49 5 22 15 8 9 71 3 21 4 19 18 48
17 97 16 3 18 93 2 91 11 24 12 56 15 6 3 52 6 18 5 1 1 31 19 88 13 97 4 78 7 94 10 82 9 28 14 28 8 24 0 52
6 99 3 8 2 22 5 65 1 72 15 24 16 23 12 88 0 1 10 46 18 99 19 74 13 15 17 43 11 45 4 91 14 81 9 98 7 78 8 99
16 1 8 89 1 91 2 84 5 96 4 57 6 60 17 65 15 73 14 28 7 16 10 63 11 37 9 52 19 11 12 17 18 49 0 70 13 72 3 87
1 52 9 83 2 57 5 47 16 39 13 4 6 36 19 72 15 67 7 32 8 47 14 32 11 59 10 3 3 39 17 99 0 53 12 89 4 70 18 34
16 98 13 40 6 99 14 84 17 61 3 94 8 68 0 73 12 42 18 81 2 97 4 44 7 84 1 85 11 76 10 4 15 20 5 32 9 21 19 65
3 7 13 47 9 4 2 91 6 49 7 66 4 69 15 48 10 96 16 29 8 61 17 75 11 5 14 14 18 17 12 83 19 51 0 99 5 86 1 72
6 90 13 52 15 61 10 17 11 37 9 52 12 1 4 52 3 41 14 44 19 15 5 77 1 1 18 47 17 78 2 53 0 90 8 20 7 20 16 94
14 3 5 79 10 53 15 22 19 96 11 1 3 78 1 68 17 57 13 13 2 94 16 52 9 48 7 62 0 87 8 56 6 68 18 47 4 24 12 48
0 5 13 44 5 85 10 41 8 26 15 16 9 88 3 45 14 57 16 52 12 90 2 58 7 6 11 21 18 97 4 39 1 23 17 13 19 62 6 68
15 62 0 2 12 36 13 92 10 97 3 8 2 74 19 43 14 98 7 33 8 33 6 32 16 29 9 33 18 75 1 19 17 72 5 84 4 2 11 27
0 98 11 26 7 26 5 19 12 29 9 14 15 16 2 37 14 75 8 39 6 82 10 89 16 10 18 39 19 59 17 86 13 41 4 8 1 68 3 89
14 42 10 12 6 85 2 84 18 88 9 55 0 73 7 49 8 70 5 43 1 25 15 51 4 52 13 54 19 51 12 50 17 91 16 90 11 64 3 97
4 69 9 56 19 28 1 67 2 60 11 38 13 8 16 12 15 97 12 23 10 14 6 47 5 75 7 75 14 83 8 81 0 47 3 35 18 89 17 41
17 72 3 39 13 73 8 23 15 7 2 98 0 70 1 56 16 21 6 71 14 64 9 17 18 35 11 59 12 30 7 26 10 40 5 79 19 41 4 60
12 94 1 86 3 49 19 27 0 88 11 90 2 16 16 8 14 61 4 26 13 71 15 31 6 94 5 16 8 56 9 26 17 67 10 10 18 83 7 37
7 50 3 2 13 50 0 46 2 27 9 1 1 47 4 69 15 74 19 38 6 69 16 71 14 44 10 31 17 93 12 65 8 23 5 57 11 76 18 50
5 10 3 25 8 48 16 25 9 23 10 60 11 8 15 59 1 65 14 32 13 2 19 5 17 92 2 94 7 22 12 71 6 85 18 87 0 61 4 81
7 57 13 81 1 47 11 9 2 5 0 63 16 55 12 28 14 15 17 82 19 52 4 67 5 46 10 78 9 65 3 7 6 7 15 12 8 3 18 57
16 36 6 52 7 73 10 39 14 58 0 78 3 41 11 2 8 64 17 74 18 1 19 88 2 92 9 28 15 80 1 88 5 28 4 21 13 74 12 97
18 47 1 60 17 69 15 86 12 93 4 8 13 63 5 86 19 61 2 37 14 92 16 35 3 22 10 74 0 29 7 78 6 9 9 23 8 58 11 91
19 34 10 42 4 51 0 92 13 33 3 27 5 35 15 2 1 23 2 24 12 14 11 14 8 53 17 51 14 22 7 16 6 22 18 58 9 64 16 36
4 16 16 62 15 20 17 27 18 74 12 75 0 79 2 53 19 72 7 27 3 39 9 17 11 75 8 24 6 60 13 82 5 90 14 14 1 90 10 8
19 20 7 70 3 11 18 45 10 32 1 7 2 39 5 71 14 97 11 11 13 61 12 56 0 92 4 68 15 45 17 99 6 15 9 67 8 45 16 71
2 61 11 56 3 75 5 17 19 65 0 3 10 38 9 41 13 23 15 65 14 28 1 46 8 56 12 86 4 93 7 73 18 71 6 87 16 75 17 98
10 58 16 4 14 77 19 56 9 86 2 28 1 75 6 31 8 59 4 25 17 90 13 39 15 65 0 16 18 61 3 18 12 23 7 87 11 77 5 95
19 27 10 38 9 19 6 95 3 22 0 99 14 69 8 82 16 78 15 48 1 29 12 10 11 64 5 30 17 60 13 14 4 60 18 34 7 66 2 92
17 17 0 37 2 74 1 72 9 63 4 41 14 3 19 59 7 2 6 49 12 59 18 94 11 55 8 39 3 36 5 79 15 85 16 18 10 3 13 60
15 54 12 46 3 74 0 19 2 27 18 81 4 34 14 5 6 63 1 92 8 24 9 13 17 51 13 48 10 99 19 39 7 41 5 64 11 65 16 64
2 98 18 97 15 18 11 56 17 87 4 59 6 25 14 59 5 74 10 76 19 15 13 70 9 87 12 63 16 20 1 55 3 75 8 38 0 24 7 87
7 32 1 8 18 88 0 58 19 5 6 65 2 86 16 21 17 32 15 94 5 46 3 15 14 76 4 89 8 46 10 52 12 11 11 20 13 74 9 30
9 98 5 33 13 27 14 7 17 73 7 21 8 81 11 47 1 24 10 44 15 92 18 31 6 19 16 90 3 4 12 22 19 7 0 24 2 82 4 42
5 26 3 60 13 14 17 69 0 81 7 6 2 43 12 65 8 54 16 64 9 51 15 99 4 76 18 18 10 87 6 41 14 80 11 98 19 97 1 22
12 33 10 52 19 5 1 15 2 9 9 60 4 61 18 53 11 31 8 16 15 42 5 25 0 34 17 74 14 9 3 39 13 93 6 88 16 81 7 89
2 55 14 21 13 45 4 34 16 17 5 99 9 7 6 26 11 63 18 85 15 70 17 15 19 20 10 67 0 65 8 8 1 36 3 34 7 88 12 95
14 3 7 87 1 83 10 9 3 21 17 33 4 45 16 34 11 2 8 23 9 35 19 73 18 50 2 58 13 20 15 3 0 68 12 78 6 36 5 4
2 22 1 68 17 21 13 20 12 24 8 80 10 87 19 4 3 70 0 63 5 92 9 65 6 43 4 11 18 27 14 20 15 8 7 19 11 31 16 43
19 26 3 61 10 35 9 9 14 59 8 24 1 96 7 54 13 47 15 37 6 49 16 20 18 67 2 59 12 68 5 5 0 43 4 76 17 26 11 7
2 7 1 62 7 93 15 30 17 87 13 45 18 86 9 63 6 38 8 42 19 87 5 64 12 74 14 78 3 71 16 64 11 48 0 51 10 10 4 11
10 44 7 95 3 35 12 83 1 87 6 38 4 59 8 79 11 89 0 15 19 16 9 17 17 21 13 21 5 39 18 29 14 19 2 9 16 68 15 60
14 16 18 88 17 97 16 38 5 25 2 84 6 95 19 99 11 76 7 16 10 54 3 33 1 45 15 75 13 62 4 71 8 64 12 54 0 10 9 68
2 47 16 45 7 10 19 29 0 68 6 48 18 6 13 20 9 79 12 4 3 65 4 4 10 74 5 4 17 61 15 9 14 59 1 19 11 59 8 72
13 4 17 64 19 57 14 54 4 24 3 81 16 81 10 94 12 88 0 10 8 23 9 13 18 35 5 17 15 6 1 20 6 60 2 33 7 75 11 61
12 35 0 8 16 24 18 14 1 33 14 68 15 9 9 83 13 97 17 20 10 17 8 47 11 41 4 38 3 16 19 64 2 2 7 50 6 98 5 38
18 21 6 71 12 1 11 76 17 10 14 38 7 89 13 95 1 40 4 46 15 89 2 58 9 56 19 76 3 52 5 70 10 5 8 69 16 32 0 3
12 97 11 88 6 21 2 16 19 14 9 83 15 71 4 22 13 64 18 44 16 28 17 60 8 88 5 7 7 11 3 12 10 35 14 80 1 92 0 74
6 71 17 79 16 28 15 82 14 29 8 64 10 47 13 48 1 15 5 54 3 79 7 75 2 74 11 62 19 10 9 26 4 80 0 74 18 53 12 36
11 8 2 11 12 72 9 17 18 33 15 87 13 74 10 25 4 1 1 15 5 26 19 37 17 67 14 65 16 46 6 39 8 94 0 66 3 98 7 22
11 82 2 7 18 51 7 27 15 96 13 61 17 16 16 85 6 20 3 58 5 22 19 26 9 95 12 11 14 42 1 6 8 5 4 69 10 7 0 6
12 83 17 80 16 39 15 51 9 74 10 23 18 93 7 89 5 84 14 61 8 26 2 50 19 11 0 47 1 89 11 42 13 1 6 3 3 43 4 49
10 61 16 61 13 29 14 91 15 7 1 52 8 23 7 98 2 85 19 87 12 37 6 58 4 78 5 74 3 77 0 61 11 98 9 94 18 24 17 17
4 60 13 83 5 78 3 86 2 39 6 31 16 44 0 52 12 42 9 41 19 69 14 69 10 37 17 32 1 1 18 41 7 40 8 97 15 53 11 81
14 46 11 18 7 94 6 83 12 42 13 87 10 65 0 7 2 57 19 23 9 59 16 66 17 26 1 58 15 66 4 52 3 55 5 48 18 63 8 19
8 8 12 66 4 28 13 97 11 49 19 31 10 15 3 59 17 26 6 99 16 58 15 67 14 26 0 24 1 38 18 18 2 45 7 26 9 16 5 59
19 27 8 14 2 97 7 41 5 49 18 89 1 99 9 15 13 54 11 27 3 68 17 93 15 10 0 64 6 85 14 96 4 50 12 77 10 33 16 77
17 78 18 92 15 86 3 59 1 39 8 46 19 57 14 38 13 92 11 32 10 88 2 27 6 59 4 6 9 36 12 20 5 7 7 13 16 38 0 33
10 20 14 23 1 30 9 89 8 95 6 30 5 59 17 27 7 79 15 97 3 31 11 59 13 38 16 34 12 1 19 65 2 5 0 26 4 7 18 53
7 32 9 14 16 81 15 61 11 66 10 24 5 87 14 5 8 81 6 73 17 36 12 19 19 30 0 18 18 88 2 31 3 84 4 45 13 63 1 50
9 38 14 93 2 11 13 77 4 25 1 32 18 37 6 15 7 9 16 87 12 99 15 93 19 64 11 54 5 38 17 42 3 44 0 4 10 36 8 10
1 46 11 73 16 13 2 55 9 65 13 96 19 74 6 21 15 10 7 37 4 1 0 69 12 3 3 16 17 94 14 44 8 68 18 84 10 10 5 67
13 34 5 60 14 86 10 2 6 34 3 53 4 95 1 12 17 3 16 84 8 66 12 91 7 31 18 63 19 38 9 40 11 52 15 38 2 96 0 12
4 94 9 28 16 37 10 82 3 73 0 61 8 15 2 82 11 7 12 26 17 87 5 91 7 24 19 60 15 69 14 96 13 16 18 40 6 71 1 18
