100 20
18 2 9 16 13 79 1 75 5 69 0 40 8 40 17 99 15 45 12 21 14 2 11 41 7 80 3 94 19 89 16 58 10 52 2 73 6 43 4 60
5 75 19 46 1 37 2 13 8 25 0 10 11 12 9 44 17 54 13 32 12 70 4 45 10 99 16 52 6 31 14 75 18 98 7 87 15 53 3 74
5 83 15 36 3 11 14 80 17 23 2 49 4 10 19 42 8 48 6 42 0 94 13 72 1 59 9 97 11 43 16 64 7 59 18 43 12 44 10 62
7 5 4 3 13 57 12 36 9 98 6 41 8 38 0 54 5 38 15 79 14 84 1 34 11 59 10 21 17 53 2 74 18 19 3 22 19 56 16 22
18 9 10 14 0 57 17 67 9 9 13 65 2 40 11 83 12 14 16 40 7 62 14 10 15 24 8 42 1 9 19 36 4 2 5 67 3 81 6 44
5 87 10 98 1 52 13 75 0 14 19 56 11 14 6 14 17 36 3 70 16 6 12 33 9 38 4 50 7 35 15 7 8 30 14 43 18 39 2 74
18 10 10 70 15 91 13 20 6 72 14 34 17 82 16 3 2 26 4 68 3 1 1 10 11 25 5 89 19 57 7 89 8 38 12 17 0 15 9 7
11 65 9 93 4 44 13 70 19 99 0 9 8 93 3 89 14 51 17 29 6 91 1 40 7 33 12 59 10 42 16 5 2 54 15 5 18 69 5 18
8 98 2 76 7 97 4 64 11 49 13 54 15 82 6 62 1 63 9 56 5 37 12 85 0 57 16 34 3 3 14 71 19 43 10 72 17 39 18 22
16 7 0 14 5 39 3 32 1 82 2 13 10 79 13 57 8 84 17 12 18 94 15 72 14 28 11 48 19 25 6 14 12 37 9 7 4 98 7 77
14 86 19 62 0 78 8 64 12 18 9 79 11 55 1 55 16 9 3 59 5 40 2 38 15 9 17 7 10 20 7 53 4 4 18 20 13 58 6 15
6 69 11 17 13 93 2 97 7 46 4 28 17 18 9 21 10 74 0 50 14 55 3 36 8 13 16 71 19 42 15 46 1 22 18 18 5 26 12 80
18 39 5 43 16 42 2 88 17 52 10 72 15 37 9 6 13 10 7 85 1 22 8 77 12 77 4 42 11 55 0 45 19 19 6 83 14 46 3 41
19 99 14 2 0 18 15 87 6 15 12 45 8 21 17 74 5 59 2 31 18 30 4 96 13 67 7 78 16 31 3 60 10 32 9 39 11 62 1 83
6 3 4 89 9 64 12 95 1 41 14 58 11 59 17 77 16 88 8 88 13 66 18 75 3 47 0 23 15 81 7 72 10 26 5 64 2 33 19 97
7 21 18 80 0 5 14 95 19 10 4 93 9 49 8 65 3 7 11 90 6 1 1 44 12 75 2 62 15 78 13 69 5 60 10 48 17 43 16 89
9 8 12 93 6 25 18 76 15 41 3 16 16 19 7 16 0 80 5 39 10 16 2 69 17 71 8 15 4 3 11 3 14 31 1 91 19 27 13 93
2 56 5 86 1 98 0 31 9 63 19 60 13 2 15 91 4 64 14 24 8 20 16 46 10 84 18 6 11 29 12 69 3 90 6 91 7 76 17 55
17 5 19 20 6 36 16 32 10 86 14 19 12 7 3 59 18 8 11 9 13 76 8 2 9 51 15 96 1 81 7 80 2 58 0 59 4 38 5 25
11 41 15 95 8 25 4 99 6 45 19 83 12 20 10 35 9 5 3 48 13 98 14 23 2 58 0 37 5 14 17 32 1 75 7 57 16 96 18 8
5 12 0 82 6 54 3 90 14 60 19 16 12 91 2 87 8 92 15 40 16 55 9 64 18 37 7 63 10 88 13 84 17 11 4 82 1 36 11 48
17 78 12 73 4 89 2 23 0 46 16 5 8 7 19 87 5 20 11 33 13 94 9 31 15 11 1 64 3 89 10 68 6 29 7 46 18 30 14 61
12 87 7 57 1 26 13 57 3 94 0 38 15 10 18 80 2 31 16 59 19 73 5 82 17 71 4 55 14 61 11 19 6 36 8 59 10 61 9 90
4 98 19 10 8 47 14 60 0 52 17 14 18 95 16 75 6 57 1 35 11 60 3 66 7 98 15 8 2 50 12 86 10 95 9 11 5 24 13 50
9 56 0 33 10 78 3 28 7 87 19 98 17 57 15 67 2 55 1 13 13 66 14 4 6 90 16 26 8 25 5 48 18 28 11 90 12 4 4 50
14 24 11 97 19 84 9 98 15 77 10 94 18 86 4 36 7 29 5 93 12 86 8 68 6 85 17 60 16 19 0 57 3 83 2 19 13 41 1 23
19 14 9 64 8 18 18 88 10 20 7 91 5 51 17 38 13 97 6 31 15 92 14 21 4 57 11 31 1 76 0 82 12 19 16 2 3 6 2 76
19 16 0 59 16 2 17 75 1 50 14 3 18 29 9 91 2 70 4 13 13 23 12 72 15 66 8 26 11 38 5 74 6 46 10 35 7 17 3 84
13 47 5 83 6 68 14 77 4 99 10 23 1 21 8 81 19 76 0 97 16 95 7 78 18 5 2 45 12 22 3 16 11 69 9 25 15 44 17 79
13 16 11 5 5 80 4 64 10 49 9 61 3 59 19 72 6 5 8 77 1 21 15 93 17 66 0 1 2 55 16 38 12 8 14 54 7 54 18 98
7 53 8 9 14 41 19 26 4 79 2 43 1 59 16 45 13 90 10 94 12 3 6 25 18 26 9 92 17 77 5 13 0 54 15 75 3 61 11 39
14 90 0 81 16 69 1 18 12 39 7 5 3 9 13 83 11 55 2 58 8 85 15 45 5 73 17 12 4 78 9 35 6 92 18 62 10 5 19 15
14 27 9 97 1 10 8 62 18 65 11 22 12 48 5 62 7 97 10 1 15 90 17 96 16 15 19 61 3 96 0 93 13 12 6 67 2 5 4 23
8 29 9 59 5 63 7 28 2 43 6 48 11 95 15 4 19 64 1 28 13 47 18 38 3 84 17 4 10 34 0 39 12 21 16 3 14 32 4 54
4 55 10 99 12 48 2 67 13 65 5 23 17 99 16 4 8 84 18 71 6 32 7 52 19 14 0 52 14 18 9 81 15 77 11 43 3 72 1 82
1 63 7 2 19 73 12 62 0 51 8 4 3 67 13 22 14 29 4 86 15 47 10 41 16 20 9 28 6 65 17 90 18 9 2 71 5 64 11 34
1 86 5 66 15 95 0 67 18 78 3 59 16 4 17 44 11 14 12 57 2 36 14 61 4 37 19 6 9 56 8 65 10 79 13 72 7 73 6 23
2 34 0 99 16 35 18 1 1 19 3 29 10 54 15 85 9 5 13 67 12 13 19 48 14 4 17 73 5 76 7 56 6 54 8 45 4 62 11 49
12 71 11 39 7 48 1 28 18 37 6 9 14 29 0 55 9 3 19 97 4 40 13 26 16 35 3 9 15 7 2 86 5 26 17 11 8 41 10 23
1 89 10 48 16 5 17 77 0 43 2 98 12 9 7 7 8 68 3 5 6 19 13 78 4 70 18 50 5 9 9 96 19 26 14 37 15 17 11 85
17 77 13 11 18 79 11 39 4 82 12 11 15 98 6 79 19 24 1 14 2 83 8 4 10 66 5 66 0 2 9 43 16 59 14 7 7 8 3 21
16 95 11 3 13 68 15 67 2 83 12 5 3 5 0 11 17 11 5 79 10 83 4 96 19 29 9 35 1 34 7 87 8 82 6 66 14 3 18 70
0 73 12 16 3 37 9 19 14 30 8 94 6 21 11 66 18 91 19 85 17 13 13 31 4 95 1 80 10 75 16 89 2 55 15 38 5 61 7 45
19 28 13 75 7 5 10 57 15 42 12 5 8 88 3 59 9 23 14 24 1 78 6 64 16 38 18 78 11 39 4 98 5 16 0 13 2 61 17 80
7 78 13 44 14 38 10 77 1 10 16 87 12 40 3 61 18 6 6 93 0 53 5 21 11 77 9 57 17 77 4 36 8 47 15 75 2 39 19 41
14 6 5 9 4 11 17 85 10 19 3 59 12 22 6 91 1 37 13 72 11 11 18 86 7 85 9 99 8 21 15 97 0 65 16 61 19 64 2 34
19 56 13 23 14 5 12 86 8 99 6 6 10 36 3 69 1 47 18 49 7 34 9 85 16 18 11 40 5 79 17 70 2 91 4 99 0 28 15 73
4 38 17 5 8 8 9 76 19 50 7 54 15 74 13 98 12 69 14 92 18 88 10 67 11 25 2 62 3 20 5 92 16 6 1 35 6 97 0 68
10 14 6 4 4 46 11 61 8 36 2 66 0 43 18 34 5 17 9 19 14 41 3 86 16 8 15 24 19 39 12 4 13 34 1 90 17 51 7 29
13 34 15 11 4 4 8 26 3 20 14 25 19 64 2 53 5 36 17 58 7 89 11 40 9 4 6 70 16 14 18 44 1 65 0 13 10 70 12 15
10 58 7 36 14 57 3 60 8 69 4 26 0 29 9 79 18 44 5 63 15 95 19 87 17 38 11 14 2 51 13 75 12 49 1 95 6 58 16 58
4 75 10 78 19 3 6 52 5 90 18 67 9 59 3 23 2 91 8 27 11 61 15 5 13 3 17 81 12 39 0 42 1 95 7 73 14 48 16 10
19 51 6 91 2 97 15 23 4 61 0 25 14 29 9 13 10 34 7 28 11 10 8 67 12 20 5 17 17 95 3 20 1 58 16 36 18 37 13 5
1 63 6 49 15 85 14 1 9 61 18 38 2 59 16 2 8 57 12 91 7 21 19 33 4 48 11 19 0 83 17 21 5 82 10 63 3 76 13 48
16 12 18 57 0 20 6 61 4 73 7 61 15 45 1 65 13 17 10 43 8 75 9 53 17 22 3 45 14 24 5 26 12 6 11 1 19 95 2 45
13 80 14 24 11 75 8 10 19 2 1 55 15 21 10 81 2 60 6 50 4 89 3 40 16 57 17 44 9 53 12 52 0 57 7 72 18 69 5 95
0 25 6 65 17 40 11 90 19 97 12 77 16 14 9 56 2 39 10 43 4 11 1 43 14 74 8 90 7 21 5 25 15 84 3 61 18 12 13 74
9 20 4 31 14 33 10 77 11 13 12 70 1 83 6 96 17 16 13 54 7 10 19 95 2 93 3 78 0 82 8 85 18 98 16 78 15 23 5 54
8 86 13 28 4 44 14 29 6 7 3 12 2 18 7 72 9 25 18 85 1 41 16 94 10 76 0 60 5 98 19 58 15 77 17 21 11 86 12 34
18 74 3 14 2 62 0 3 8 15 6 36 15 9 16 6 12 40 19 76 13 54 1 26 10 79 7 32 9 45 14 23 5 39 11 34 17 57 4 52
17 75 15 11 10 18 19 2 7 71 1 48 2 73 14 83 6 11 3 65 13 81 18 69 8 49 11 86 5 66 0 58 9 59 16 67 12 60 4 51
0 67 12 31 2 71 10 33 6 90 14 43 1 87 17 91 19 80 3 69 9 29 7 19 11 61 13 7 8 28 16 68 18 55 15 68 5 36 4 28
13 57 19 7 7 92 8 45 3 69 0 82 9 85 2 87 6 24 10 89 16 4 14 81 1 40 5 59 15 67 17 5 12 29 11 83 4 6 18 65
12 2 0 42 13 53 7 47 17 72 6 68 8 84 4 45 16 99 15 23 3 91 10 31 5 48 18 73 9 97 19 70 11 13 1 62 2 52 14 94
0 40 12 2 7 40 1 43 11 12 8 1 4 53 16 93 3 65 9 11 15 10 2 17 19 35 18 25 5 82 14 13 10 16 6 31 13 56 17 2
6 54 14 2 11 93 4 61 2 93 9 36 1 29 15 49 3 23 18 81 10 77 19 45 8 80 16 93 0 35 12 50 17 76 7 15 5 30 13 97
10 7 17 34 2 80 19 41 18 90 11 26 6 65 14 15 0 33 4 8 12 53 13 43 1 96 8 50 15 35 7 46 9 44 3 88 5 92 16 38
14 42 10 86 4 7 3 97 0 47 2 4 6 73 11 80 5 1 8 16 1 17 16 79 19 29 7 93 15 10 9 17 17 84 12 92 13 21 18 62
8 21 7 3 15 94 12 89 1 40 11 11 3 78 17 69 13 41 2 88 9 51 6 57 10 54 16 17 18 74 4 22 14 44 19 54 5 21 0 82
18 93 19 46 16 21 0 54 10 92 15 92 12 35 17 32 5 90 6 78 8 40 7 84 14 47 13 75 2 49 1 2 9 95 4 23 3 34 11 64
0 39 15 63 1 54 14 5 3 92 16 2 2 71 7 34 11 36 5 32 9 47 12 76 10 11 8 10 19 92 4 72 18 62 6 8 17 71 13 65
5 85 2 97 6 24 13 53 11 22 18 81 12 67 3 73 1 26 16 12 17 72 0 81 14 92 7 50 19 88 8 4 4 97 10 37 15 65 9 76
13 50 6 71 8 27 17 59 19 45 10 55 0 46 11 61 12 97 14 60 5 11 18 60 15 49 3 4 4 3 16 87 2 36 7 88 9 62 1 38
4 90 9 80 16 76 19 12 6 93 1 6 18 91 13 80 2 73 0 87 10 22 14 51 8 10 3 43 11 71 7 53 17 42 5 9 12 16 15 87
7 74 6 41 13 71 14 37 8 74 3 14 11 94 17 9 18 10 1 8 0 1 9 81 19 18 2 71 16 86 4 91 5 63 12 92 10 68 15 30
1 77 9 61 10 51 0 89 14 95 4 11 8 63 13 23 16 74 19 97 5 78 17 2 15 94 2 93 18 20 7 68 12 15 3 33 6 38 11 52
16 31 11 19 17 81 5 84 14 60 19 42 1 27 0 10 9 93 4 39 12 15 3 80 8 53 13 21 6 18 7 44 2 96 10 88 18 35 15 54
1 74 10 49 5 25 0 74 9 73 4 37 11 12 17 98 16 75 6 67 14 79 7 70 2 2 12 8 19 47 15 23 8 36 18 38 3 97 13 73
19 61 4 25 14 31 12 53 8 47 2 50 17 75 11 56 10 70 1 9 9 28 18 71 7 14 3 87 5 87 13 34 6 8 15 36 16 27 0 17
6 82 10 30 8 12 12 25 1 45 17 28 9 1 15 1 19 53 2 61 18 60 14 80 5 39 13 76 16 71 4 81 0 15 7 9 3 77 11 98
15 86 3 84 13 57 11 97 14 71 6 57 12 69 19 19 0 36 16 88 4 80 5 12 10 70 1 92 7 71 9 92 18 71 8 83 17 49 2 2
14 52 13 51 17 19 0 38 2 17 18 65 11 92 5 25 15 52 7 92 9 78 4 1 19 5 16 51 1 83 10 44 6 80 8 59 3 10 12 54
11 51 19 54 7 20 0 72 9 65 12 14 13 46 10 27 17 1 5 63 15 90 2 14 14 72 8 10 4 70 1 84 3 46 6 94 16 93 18 47
10 39 18 23 5 62 6 23 4 99 1 10 17 28 15 10 16 20 3 24 2 79 14 11 12 46 8 44 19 56 9 90 11 57 7 98 13 76 0 43
4 14 5 49 0 71 12 49 11 86 10 25 7 23 14 41 2 53 17 87 6 8 18 55 8 17 15 54 19 75 13 47 1 91 3 77 9 50 16 64
2 16 16 53 5 18 15 19 17 99 10 35 14 71 1 16 0 34 8 63 11 8 13 19 4 33 18 47 12 61 6 91 19 48 7 60 3 87 9 20
9 58 11 24 1 34 18 39 0 90 6 1 2 86 3 98 16 87 15 30 8 66 4 36 17 57 19 52 5 3 13 47 12 13 7 67 14 51 10 68
6 79 13 7 10 11 1 39 8 91 15 3 17 99 0 88 18 28 2 43 19 26 11 76 7 17 14 88 16 38 9 50 12 62 3 1 5 53 4 65
13 18 17 57 19 13 10 95 14 15 7 47 3 9 0 74 1 1 15 44 2 7 18 84 8 40 16 55 11 67 9 27 4 99 5 18 6 2 12 17
19 49 7 84 12 67 5 35 1 31 6 77 2 30 13 31 0 8 8 12 3 80 11 34 14 8 10 5 15 75 17 3 16 73 18 27 9 18 4 27
0 73 12 33 4 85 19 60 7 37 15 9 3 95 10 95 11 98 13 7 2 42 5 80 8 14 17 58 1 67 9 92 14 56 16 44 6 24 18 70
3 78 8 4 15 98 10 27 9 7 4 29 18 82 0 97 12 15 14 47 5 79 19 20 6 9 2 30 17 91 1 83 7 69 16 45 13 12 11 57
2 70 10 19 11 41 18 21 19 18 9 9 3 52 16 9 0 40 15 85 8 32 5 11 14 30 1 18 7 16 13 77 4 32 12 22 17 42 6 68
3 88 8 40 16 66 13 58 7 93 11 58 4 23 12 57 10 99 19 15 0 72 15 33 9 22 14 78 17 91 2 36 18 75 5 97 6 19 1 19
16 5 9 48 10 35 13 40 19 59 0 27 7 29 14 46 4 22 18 89 1 97 15 52 6 18 2 27 3 96 17 80 5 46 8 83 12 4 11 88
18 35 11 35 12 87 7 16 10 99 8 92 13 4 0 36 19 30 9 76 4 82 14 41 15 9 16 94 1 67 17 54 2 60 5 51 3 1 6 15
4 84 17 90 10 84 6 92 1 14 16 90 12 46 14 32 18 44 13 29 7 84 0 32 3 86 19 67 5 69 2 11 9 49 11 10 8 10 15 96
16 96 19 14 1 20 18 1 0 18 4 79 15 32 11 86 9 88 2 75 7 36 12 76 6 86 8 62 10 89 3 26 14 39 17 28 5 66 13 53
6 48 10 86 7 16 8 59 18 85 11 48 16 40 4 1 13 44 19 80 2 19 15 66 12 71 5 45 14 92 3 60 17 95 1 60 0 55 9 42
2 50 5 78 18 5 10 21 1 96 13 58 14 8 17 97 8 77 6 28 3 47 4 33 0 22 11 55 7 73 12 11 16 7 9 6 15 97 19 63
