100 20
4 30 3 17 7 60 12 8 19 63 9 40 16 19 15 29 0 78 10 93 6 89 2 49 1 70 5 18 14 8 13 25 17 80 8 5 18 38 11 27
6 91 18 61 16 49 11 87 2 98 13 40 10 73 0 90 3 5 8 20 12 82 14 74 9 63 19 26 5 48 1 27 15 67 17 2 4 61 7 68
1 39 16 26 4 98 2 81 12 51 19 19 13 74 8 4 7 99 17 92 6 28 9 82 18 42 15 1 5 43 0 23 14 17 10 2 3 61 11 69
17 29 7 17 19 92 2 16 0 91 5 89 13 92 15 20 8 51 1 11 18 6 11 35 6 23 10 98 16 38 14 90 9 47 12 6 3 37 4 2
2 49 3 37 18 6 14 58 10 70 8 91 0 17 12 73 6 56 9 59 13 53 17 55 15 91 5 25 19 99 11 54 7 6 1 5 4 35 16 84
15 3 17 80 6 19 1 1 4 46 8 93 5 96 10 19 16 52 9 7 19 58 13 63 2 99 0 10 7 37 18 75 14 52 12 29 11 95 3 40
3 62 15 57 5 59 10 65 8 11 7 5 9 33 0 47 11 72 4 93 1 22 19 65 17 13 16 60 6 30 18 84 12 54 13 66 2 76 14 45
5 19 12 77 17 51 13 50 15 71 4 33 11 4 0 29 3 65 7 82 2 35 19 23 16 89 18 10 14 39 8 79 6 65 10 43 1 49 9 89
5 89 10 98 4 86 18 74 6 93 9 6 8 14 14 49 0 94 13 9 2 51 12 61 16 87 1 77 11 55 19 18 7 1 3 33 17 52 15 26
2 95 1 58 4 13 9 92 11 9 16 64 14 87 15 10 0 7 5 73 10 15 12 61 18 32 19 90 17 64 8 65 13 11 7 36 6 85 3 45
7 26 9 65 2 53 4 16 18 68 5 29 19 84 12 65 10 62 16 45 3 50 0 33 13 94 14 9 1 79 6 14 17 54 8 88 11 56 15 48
14 65 0 55 19 88 9 26 1 34 6 46 13 64 15 17 4 34 17 7 3 51 11 76 18 65 8 96 16 16 12 82 10 33 7 15 5 13 2 2
14 40 13 78 0 88 11 42 19 34 3 60 17 23 7 13 18 33 10 30 2 14 8 50 1 36 15 68 9 14 6 44 5 73 12 17 4 13 16 67
16 28 7 42 1 43 0 48 17 84 10 48 9 2 13 6 2 58 14 52 6 38 3 46 4 92 15 12 5 60 12 69 18 5 19 87 8 15 11 23
9 3 8 26 15 51 10 7 19 8 18 44 1 75 2 73 13 77 6 52 0 79 5 3 12 27 16 61 7 3 4 77 11 95 3 9 17 1 14 8
8 40 16 8 15 82 3 12 0 63 12 1 18 61 5 80 14 21 1 16 13 76 6 84 17 94 19 85 9 80 2 27 4 48 10 29 11 60 7 58
11 10 5 50 2 13 17 90 15 22 6 60 14 87 4 25 7 20 9 64 8 75 1 58 0 35 3 96 19 47 12 81 18 84 10 34 13 5 16 1
8 28 7 17 19 16 2 81 15 29 0 65 11 63 1 54 17 40 10 73 6 96 13 94 3 4 9 98 5 48 14 37 18 17 4 57 16 3 12 35
6 45 13 18 5 61 0 6 9 51 4 78 2 86 7 96 11 10 8 54 15 52 18 63 14 82 17 60 12 29 19 33 1 66 10 60 16 94 3 33
11 79 2 4 12 48 18 50 1 60 5 71 8 69 13 27 16 80 0 62 4 91 3 41 9 27 6 35 15 64 10 55 19 42 17 24 14 58 7 57
3 7 2 61 15 24 5 61 0 48 10 66 12 63 19 68 9 2 13 1 18 12 16 1 11 10 4 65 8 19 6 83 14 40 1 22 7 54 17 48
1 22 8 83 12 1 7 98 18 11 2 31 3 77 14 96 13 10 9 84 11 94 6 61 5 59 16 26 15 5 4 13 19 29 10 43 17 1 0 7
8 76 19 63 14 69 4 26 5 40 1 19 17 27 3 93 11 88 18 90 13 68 10 54 16 6 0 55 7 86 6 34 2 1 12 90 15 12 9 99
9 78 19 38 10 37 0 34 15 20 1 98 5 67 3 64 12 56 11 21 8 52 6 59 18 84 13 45 4 72 14 54 17 77 7 90 2 6 16 8
14 1 17 21 1 61 15 44 6 23 7 98 16 17 11 83 10 42 2 21 9 88 4 1 18 71 8 61 12 32 13 82 5 98 3 55 19 83 0 9
5 17 1 30 18 58 16 24 3 87 15 62 11 61 14 49 13 42 2 88 9 98 19 25 6 91 10 78 7 35 8 51 12 75 0 36 4 24 17 15
2 29 14 45 18 95 16 45 3 38 9 18 19 85 13 77 8 72 11 17 15 66 5 10 4 98 10 34 6 93 17 67 1 13 7 99 12 72 0 59
13 8 4 9 9 33 19 73 15 94 0 22 10 32 3 87 8 9 6 98 5 59 2 75 12 38 16 28 18 77 14 91 17 96 11 1 1 26 7 4
15 2 5 84 10 77 19 76 6 41 9 98 16 5 18 96 2 17 14 19 11 84 0 78 7 6 4 75 3 79 12 10 13 21 1 25 17 50 8 14
13 81 18 13 9 90 3 75 5 85 12 69 2 41 7 26 11 84 15 93 16 17 4 85 1 7 6 67 10 1 8 8 19 87 0 44 17 27 14 75
1 5 13 24 5 8 6 87 17 95 9 4 4 84 14 49 7 51 2 11 11 76 15 53 3 2 0 22 8 53 19 52 16 56 10 88 12 22 18 80
10 62 2 11 3 73 18 77 19 23 11 43 15 34 6 96 0 54 9 46 7 13 14 84 16 14 12 64 8 21 17 81 1 41 5 23 4 98 13 27
0 69 19 57 15 6 3 66 14 43 10 75 16 54 13 32 12 81 18 27 1 97 6 79 9 63 5 25 11 4 2 87 4 10 8 11 7 29 17 48
3 77 8 44 17 4 7 33 1 61 10 2 5 44 16 64 6 77 4 29 12 87 9 22 18 59 2 31 13 91 15 3 0 88 14 33 19 11 11 90
0 48 4 14 14 77 12 84 13 86 7 71 11 94 10 84 17 34 1 24 16 69 8 79 15 57 5 79 9 86 19 42 6 34 18 21 3 26 2 91
7 65 12 23 8 67 5 97 15 1 16 75 13 46 18 78 14 96 0 58 11 43 9 11 3 56 10 58 4 13 2 72 1 64 6 8 19 65 17 23
12 42 3 70 6 49 7 40 14 83 13 83 8 47 4 8 19 25 18 26 10 20 16 29 1 24 0 97 5 57 9 3 17 68 11 74 2 90 15 63
7 38 17 65 6 77 2 42 13 52 5 94 10 3 19 46 3 79 4 8 9 40 12 83 11 23 1 34 0 5 8 51 14 61 16 82 18 9 15 31
7 47 6 40 16 13 5 13 11 34 18 66 13 37 14 59 2 83 3 34 19 97 15 58 4 85 17 34 0 83 8 51 10 43 12 40 1 18 9 8
12 69 14 61 5 27 11 19 2 80 15 92 8 24 3 67 10 27 19 6 17 75 16 83 7 35 0 85 1 40 6 6 13 80 18 52 4 58 9 48
7 6 10 22 4 6 15 5 16 82 17 33 14 81 1 39 0 66 2 39 5 35 18 76 6 29 9 32 11 35 19 42 8 99 13 18 3 27 12 6
7 98 1 31 2 7 4 66 13 7 17 59 19 39 8 69 3 28 0 48 5 90 14 62 18 35 16 30 12 62 11 5 15 53 10 41 9 66 6 44
2 43 12 54 4 46 17 44 5 98 15 51 1 88 8 67 13 80 7 57 11 20 14 58 16 25 9 36 18 53 0 80 10 75 3 42 6 56 19 12
19 16 8 42 4 71 18 25 16 14 14 65 13 3 7 56 17 25 12 25 5 51 6 50 1 95 9 99 11 96 15 40 3 92 10 8 2 75 0 72
15 11 10 12 0 31 7 94 13 97 2 82 8 12 6 31 12 23 19 7 18 73 9 81 3 93 1 43 14 46 16 86 4 17 11 90 5 62 17 74
1 68 6 10 17 78 10 29 13 79 0 28 16 65 14 89 18 32 8 78 15 40 2 85 12 14 9 21 3 40 11 54 7 62 5 95 19 44 4 76
13 73 4 74 1 71 19 81 2 50 9 11 10 71 17 50 8 68 16 52 15 73 18 81 11 81 7 66 0 70 6 80 12 34 3 23 5 61 14 34
0 84 16 52 19 24 13 86 4 91 6 10 12 13 1 28 14 92 11 45 2 5 17 85 10 28 15 80 7 91 8 50 5 34 18 17 9 62 3 20
13 94 5 3 17 60 15 57 3 58 6 6 11 83 0 37 7 75 1 33 4 30 9 57 12 47 18 79 14 57 19 85 16 11 2 33 8 80 10 41
14 36 15 47 4 72 5 76 12 71 11 26 7 29 10 50 3 10 0 61 8 93 16 66 19 12 2 81 6 51 17 95 13 68 18 57 9 72 1 86
0 45 16 25 13 15 2 6 19 4 17 93 11 2 4 3 10 29 6 12 15 22 7 32 18 79 1 16 14 39 8 44 3 62 5 80 9 85 12 54
0 21 16 28 14 89 4 76 11 82 13 25 18 40 5 81 15 90 1 7 12 14 17 70 2 45 6 55 10 96 19 18 3 85 9 3 7 11 8 5
6 75 16 96 3 23 2 90 15 56 18 30 7 83 9 45 11 63 19 75 13 2 4 12 10 17 1 60 14 42 17 29 5 10 0 61 8 48 12 24
18 15 12 18 13 50 7 4 2 94 10 13 17 35 0 47 5 35 19 68 4 5 9 10 8 89 15 37 16 44 6 11 14 20 11 44 3 65 1 33
11 63 5 90 1 63 2 6 19 63 6 39 8 13 17 21 18 29 15 83 12 30 0 67 10 5 3 85 4 41 13 5 16 80 9 19 14 97 7 75
7 19 11 14 15 78 6 15 10 78 1 20 17 8 4 20 12 6 14 17 2 22 3 74 16 55 8 22 18 76 19 30 9 59 0 38 13 74 5 31
8 67 0 35 9 73 13 82 12 53 5 2 16 21 18 13 4 82 19 70 3 2 14 92 6 12 7 18 17 72 11 47 10 89 2 86 15 50 1 15
13 84 6 73 19 99 15 80 5 63 1 18 16 93 11 33 12 67 17 76 8 46 0 40 14 45 2 51 10 4 18 11 3 20 4 78 7 25 9 92
19 86 16 72 0 59 1 36 14 54 2 99 5 53 4 64 7 95 17 6 12 76 10 51 6 55 13 83 11 97 3 16 8 23 15 32 9 15 18 22
14 60 0 68 8 91 1 80 16 65 15 83 12 33 2 57 4 93 7 52 19 73 9 66 18 63 11 61 10 5 6 34 3 46 5 64 13 80 17 45
4 51 10 80 12 10 17 20 9 13 8 41 7 21 18 95 0 64 15 64 14 39 5 70 1 86 6 61 16 21 2 37 13 44 3 1 19 50 11 88
11 1 13 86 1 87 12 84 5 25 7 28 0 88 18 16 8 20 6 83 2 34 17 45 19 97 4 80 10 76 14 54 15 85 16 5 9 94 3 26
2 45 0 50 15 56 17 94 5 28 13 73 16 88 1 96 14 22 8 90 7 26 18 98 11 46 3 22 19 25 6 85 9 46 4 84 12 21 10 91
13 42 19 66 14 18 7 19 5 35 9 66 18 27 8 5 15 84 6 82 11 21 4 28 2 61 10 67 17 41 16 91 1 74 3 25 12 5 0 4
15 75 8 11 2 14 13 48 6 90 7 73 9 3 17 10 11 25 4 44 3 79 12 99 5 7 16 55 18 62 10 82 14 19 1 69 0 22 19 50
15 76 10 75 18 70 11 54 8 17 6 4 0 71 12 84 7 16 13 66 1 52 4 64 14 43 17 25 16 10 9 69 19 56 2 24 3 52 5 58
19 82 11 93 15 57 13 5 1 23 14 89 10 6 6 51 7 15 0 83 16 47 9 30 17 93 8 44 5 43 4 19 2 43 12 18 3 66 18 85
8 74 17 39 13 81 0 83 3 29 16 80 19 26 18 23 12 47 7 45 10 98 14 17 5 63 2 90 9 90 15 76 1 57 4 12 11 85 6 64
10 17 9 9 6 3 3 43 17 10 5 55 4 11 16 23 19 15 11 71 0 75 15 54 12 45 7 54 13 62 18 29 8 16 14 5 1 31 2 3
16 13 19 37 7 39 8 1 12 32 17 22 18 51 14 89 9 32 13 59 5 8 15 11 0 94 3 41 6 26 11 6 2 17 1 16 10 12 4 89
6 83 13 45 14 13 11 69 7 98 12 5 16 14 8 59 10 16 9 97 19 78 17 71 4 67 15 24 3 51 0 86 5 96 1 64 18 9 2 39
5 11 7 43 11 94 15 60 17 96 6 10 1 59 10 26 0 46 14 20 3 9 13 44 19 52 9 90 8 35 12 30 2 44 18 76 16 16 4 55
4 81 16 15 3 30 10 16 0 53 13 15 6 65 9 97 19 96 17 56 11 4 1 52 8 85 12 81 5 75 2 82 18 25 7 17 15 94 14 45
13 36 1 42 18 5 6 27 2 43 7 8 0 55 3 58 12 51 9 43 4 81 8 39 19 97 16 87 5 38 14 40 15 78 10 39 11 53 17 51
12 85 2 50 10 65 4 7 6 62 8 75 11 34 1 21 18 49 14 58 7 16 5 22 0 88 19 65 9 77 17 6 13 21 16 61 3 51 15 83
16 11 15 35 1 48 2 1 9 83 10 4 4 72 6 58 8 2 17 40 18 46 3 61 12 8 5 72 11 28 13 33 14 85 19 53 7 78 0 61
11 91 10 24 12 27 17 61 4 34 0 40 9 59 19 91 2 63 1 54 5 77 14 73 13 88 16 7 6 84 18 78 8 67 7 36 15 2 3 61
3 54 16 21 13 83 17 95 5 74 0 67 19 89 8 56 14 82 6 43 9 48 7 27 11 62 10 8 1 69 15 37 18 26 2 75 4 35 12 58
5 57 3 19 16 77 13 51 0 93 2 74 6 55 18 92 1 94 10 12 19 97 17 28 4 47 8 20 12 94 9 7 15 93 11 48 14 60 7 67
2 24 14 77 9 59 10 88 18 52 1 50 3 64 19 43 16 64 7 45 11 33 8 65 0 14 12 60 4 31 15 28 17 6 6 80 5 23 13 60
4 72 6 12 11 9 3 84 7 46 15 20 9 31 1 25 0 85 10 21 17 35 13 29 5 83 12 1 16 77 19 66 18 59 14 12 2 62 8 40
8 72 1 26 2 60 16 65 10 33 17 79 3 13 6 47 9 8 5 30 13 8 0 21 11 84 14 39 12 83 7 31 18 64 15 11 19 38 4 20
3 39 9 14 2 30 4 9 15 27 16 76 1 42 17 42 14 81 10 71 6 68 19 17 12 26 18 68 5 70 8 88 0 58 11 18 7 89 13 94
12 72 11 66 4 8 5 7 7 35 8 34 13 48 17 78 0 61 2 36 14 74 9 3 3 79 19 44 16 46 6 99 10 39 1 26 18 48 15 99
8 8 6 93 4 99 17 82 10 89 15 48 9 97 3 92 7 32 0 31 16 29 2 39 1 62 18 87 12 81 14 27 19 65 11 66 13 98 5 84
10 77 1 21 17 97 4 34 16 14 6 61 11 26 7 45 15 86 8 74 3 56 9 35 2 93 18 41 13 5 5 46 0 62 14 37 12 94 19 16
12 31 4 17 13 51 3 98 7 82 10 79 2 75 6 54 1 95 19 49 8 58 18 54 16 3 14 25 5 26 11 33 9 38 17 36 0 63 15 3
5 21 16 79 13 69 19 29 7 13 1 5 3 38 18 14 15 24 4 58 11 43 8 83 10 10 12 15 0 27 17 97 14 99 2 62 9 39 6 53
16 99 9 1 15 17 0 67 12 10 4 57 17 25 2 77 19 45 10 53 7 88 11 26 18 97 5 10 1 65 8 96 14 56 6 95 3 98 13 27
3 13 10 36 17 71 11 23 15 85 2 77 18 85 12 59 1 45 9 16 5 69 6 97 19 67 0 85 14 29 8 41 7 99 16 72 13 76 4 55
4 86 10 38 8 23 9 91 16 47 5 93 12 24 0 72 2 35 7 67 11 20 14 23 13 62 17 48 6 1 19 40 3 48 15 15 18 45 1 94
18 16 4 97 19 96 11 16 15 24 14 87 7 94 12 44 0 34 17 35 9 18 13 58 1 55 5 18 10 31 6 46 8 58 16 91 3 99 2 60
4 66 1 43 10 21 17 91 16 62 6 89 12 35 15 18 2 9 9 70 14 96 3 36 0 1 8 43 11 67 7 67 19 19 13 5 18 85 5 3
19 94 3 7 11 4 5 17 4 5 7 25 14 16 17 33 12 66 16 96 8 25 2 75 10 92 0 70 1 62 6 93 13 42 9 59 15 18 18 10
4 34 2 17 7 10 9 94 19 40 16 68 13 53 17 91 15 85 5 92 11 86 8 85 6 22 18 34 1 95 12 74 0 61 3 78 10 72 14 74
4 86 10 70 1 48 9 95 14 96 6 65 12 76 0 65 18 35 2 3 13 26 8 29 5 71 3 68 11 89 17 64 7 14 15 96 19 13 16 25
7 28 17 19 0 56 16 28 5 97 11 61 12 74 2 56 4 19 13 76 9 10 14 2 19 7 3 11 18 25 6 76 10 62 15 77 1 56 8 61
13 48 17 80 4 58 18 6 16 45 11 52 6 82 7 90 10 86 9 92 5 31 2 80 14 33 3 87 15 83 0 21 19 4 8 28 1 27 12 36
11 14 2 9 6 37 16 13 8 63 9 29 15 23 14 61 10 41 3 12 19 63 18 50 4 80 7 94 12 89 5 94 1 75 17 85 13 67 0 52
13 71 10 31 1 55 5 92 15 9 2 52 4 83 7 2 8 66 3 22 11 28 9 84 6 62 16 35 17 15 18 11 0 98 19 46 14 80 12 36
