100 20
12 70 9 71 4 66 19 20 8 26 6 19 1 11 7 55 18 93 5 78 10 5 16 46 11 15 0 54 13 14 2 44 14 28 15 21 3 85 17 5
19 58 6 73 13 69 8 3 18 23 1 56 15 50 2 70 7 61 3 65 4 84 14 34 5 6 9 78 11 57 12 63 16 45 17 61 0 81 10 69
1 29 4 30 6 15 12 83 15 2 17 4 10 24 19 36 16 99 0 91 2 6 14 1 3 3 8 91 18 67 13 73 5 19 9 87 7 20 11 15
8 17 14 15 3 19 7 17 6 91 9 45 11 62 12 53 18 19 15 56 1 75 2 21 5 34 19 13 4 30 16 18 0 93 10 1 13 43 17 4
15 90 9 26 11 97 17 93 13 60 19 64 6 84 1 67 4 43 12 97 18 97 2 8 3 30 5 34 0 23 14 16 16 1 7 98 8 70 10 73
11 42 8 61 18 69 12 14 17 71 10 80 9 77 4 93 0 18 14 28 16 62 19 21 1 67 13 71 2 97 15 16 7 20 6 54 5 68 3 23
4 67 16 96 2 34 3 18 19 19 0 11 15 90 7 7 12 38 1 70 5 72 18 79 11 21 14 9 17 6 6 88 13 96 9 9 8 95 10 47
17 73 0 35 9 96 6 32 5 10 12 45 15 63 14 20 16 89 1 17 2 51 10 41 18 22 13 67 7 28 19 89 11 85 3 50 8 2 4 66
7 56 1 19 2 99 13 58 14 64 3 86 10 89 16 56 5 34 15 41 18 15 17 67 0 82 19 93 11 89 6 20 9 88 12 52 4 59 8 84
0 32 11 18 6 8 13 55 1 37 15 89 3 58 9 79 12 59 18 18 5 42 2 42 4 16 19 38 17 60 14 34 10 10 8 6 16 21 7 66
2 96 17 97 5 10 6 71 16 59 7 21 19 94 8 13 0 98 15 23 14 95 13 69 11 71 1 92 18 60 10 53 12 96 9 16 3 62 4 90
14 11 9 45 15 14 4 84 17 7 5 31 0 92 1 92 6 56 11 31 7 96 2 80 12 51 10 75 8 31 3 30 13 56 18 34 16 10 19 52
6 90 13 87 5 97 19 46 12 18 3 24 18 5 2 38 10 19 1 92 17 86 0 61 16 57 9 81 15 52 14 75 7 1 4 55 8 17 11 28
6 57 13 50 5 44 19 93 3 84 10 37 18 95 14 40 2 62 1 60 11 94 8 81 16 76 9 28 15 3 12 64 7 65 17 92 4 16 0 73
12 15 8 33 16 39 0 79 14 45 17 79 10 95 4 75 7 64 15 8 19 93 6 58 11 26 13 92 18 44 9 52 5 94 1 36 3 6 2 8
0 28 18 24 10 44 6 23 19 13 5 90 8 64 7 25 15 33 4 74 13 11 11 5 16 32 12 63 17 29 2 53 3 8 14 79 9 63 1 2
14 74 10 95 15 73 4 49 16 15 18 33 6 14 5 64 12 39 17 29 13 59 0 76 19 52 3 66 9 56 11 66 2 18 8 91 1 26 7 63
2 3 16 14 18 30 8 72 4 60 11 76 0 47 15 96 17 85 9 79 14 23 6 30 13 91 5 66 3 84 1 19 19 83 7 8 10 57 12 19
16 7 19 89 18 14 6 31 0 92 3 45 11 56 9 75 5 16 12 66 13 47 10 71 17 3 8 13 1 71 7 46 2 6 4 60 15 7 14 55
3 99 7 72 14 34 8 55 2 63 9 83 5 18 12 95 6 69 15 70 0 67 19 22 18 53 16 18 4 43 11 18 10 66 1 43 13 16 17 58
19 15 12 31 2 31 10 85 8 65 7 49 13 17 16 48 14 10 15 63 4 22 0 9 1 81 9 64 3 58 5 32 6 13 18 89 11 11 17 84
8 33 9 81 11 20 12 42 3 42 19 21 13 3 14 49 7 36 0 47 1 99 2 81 15 23 4 65 17 5 5 21 16 4 6 86 10 3 18 54
16 22 5 68 8 20 9 92 11 19 4 38 0 80 14 83 3 13 17 76 18 24 6 85 19 69 12 71 13 39 10 10 7 49 1 27 2 81 15 13
19 91 3 72 13 98 11 66 0 21 18 69 1 86 10 97 8 52 7 34 5 69 15 55 14 54 4 60 9 60 16 21 17 12 12 12 6 18 2 98
19 28 5 11 12 22 18 2 10 25 4 43 8 92 2 68 14 63 7 78 16 56 0 50 3 74 6 49 1 27 11 33 9 19 17 80 15 34 13 21
6 78 16 34 5 71 13 42 1 39 18 62 14 32 0 32 15 60 12 38 2 4 17 73 19 95 4 8 3 68 11 45 8 22 7 18 9 41 10 37
12 37 9 77 3 29 10 64 4 61 18 96 7 47 16 56 6 84 2 96 0 97 5 61 14 42 11 65 13 41 19 50 17 97 15 61 1 70 8 98
16 41 5 6 9 59 13 78 18 10 6 14 11 57 0 57 4 2 12 25 15 71 3 50 8 40 14 68 2 15 19 32 7 68 1 11 10 16 17 35
10 74 5 40 17 43 15 61 14 67 1 2 19 43 13 8 7 13 2 31 9 84 18 51 6 73 12 38 4 55 11 68 8 15 3 88 0 40 16 89
19 41 4 56 6 28 10 88 9 58 2 88 15 8 7 11 17 21 18 10 8 95 0 78 12 50 1 32 3 26 5 55 14 53 13 13 16 49 11 18
19 2 9 89 6 49 4 19 14 81 18 58 13 10 7 43 5 12 17 95 3 49 11 17 8 85 1 43 16 4 12 3 2 80 15 37 10 38 0 71
19 95 8 26 2 15 12 98 4 3 9 16 16 53 6 13 0 6 1 62 10 67 17 30 15 91 18 87 7 82 14 69 13 62 3 75 11 34 5 70
3 15 13 69 6 93 5 80 12 94 9 52 7 79 0 68 8 54 11 14 1 85 10 95 15 82 14 16 2 87 19 2 17 56 16 43 4 21 18 60
0 68 1 33 16 38 11 6 7 39 2 89 18 25 9 4 8 88 6 23 14 66 10 28 12 77 4 91 19 91 17 10 15 7 13 8 3 11 5 61
16 32 7 15 4 53 9 91 0 93 18 7 17 42 15 76 1 4 12 24 11 10 14 88 6 31 19 41 3 28 2 21 10 77 8 51 5 57 13 56
13 50 11 48 15 74 1 25 19 93 18 98 6 91 5 64 8 72 17 25 12 29 9 5 16 69 3 32 14 5 0 15 2 53 4 40 10 51 7 13
4 81 17 9 14 54 5 89 19 2 13 18 2 89 9 44 11 61 16 48 3 4 18 22 0 91 12 69 7 67 8 4 15 13 10 29 1 55 6 13
3 74 6 86 18 29 2 22 11 88 5 75 13 59 12 5 1 62 8 53 15 11 14 98 4 29 10 60 19 87 16 24 0 45 9 92 17 13 7 33
8 76 6 53 11 68 9 54 2 33 16 26 12 40 10 41 0 41 19 1 3 4 4 72 18 82 7 41 14 54 1 53 15 93 5 63 17 72 13 22
8 24 16 48 9 39 6 33 17 31 0 98 1 68 19 83 14 75 13 77 5 77 12 2 15 66 3 23 7 49 18 77 10 8 4 92 2 80 11 87
4 88 12 8 1 95 2 66 15 54 10 70 17 25 16 98 9 88 7 89 5 16 8 48 0 9 6 13 19 52 3 56 14 73 13 61 11 60 18 9
5 65 16 66 18 96 11 21 1 62 14 59 6 82 7 61 10 98 8 91 15 58 12 2 4 7 9 15 0 73 3 63 13 2 19 10 17 15 2 52
18 69 6 21 8 6 15 6 5 42 7 77 3 14 16 11 17 20 0 34 11 59 10 51 19 97 1 88 9 22 12 80 14 21 13 87 2 25 4 81
11 34 7 67 13 93 15 34 18 24 4 31 19 41 0 32 3 13 5 20 12 54 8 24 10 79 6 13 16 46 14 8 9 47 17 42 1 58 2 96
3 88 19 21 1 79 2 31 13 85 6 67 5 91 7 10 4 84 16 76 10 13 12 43 17 36 15 79 14 4 0 21 8 45 18 62 9 79 11 16
1 14 13 53 10 93 3 75 11 65 8 5 18 92 17 69 15 32 9 67 19 45 4 89 16 15 7 85 12 9 6 40 14 13 2 79 5 90 0 40
6 29 8 43 11 33 9 49 0 56 16 4 17 26 4 99 7 43 14 88 19 51 18 13 5 7 1 91 13 17 15 44 2 14 12 72 10 50 3 51
0 22 6 48 3 43 5 73 14 51 15 46 13 23 1 44 2 46 8 33 16 75 7 73 11 55 19 10 17 95 10 26 12 7 18 17 4 89 9 7
12 37 3 65 0 62 14 60 1 62 9 71 8 3 11 28 4 85 17 44 19 56 7 29 13 37 16 63 6 11 5 27 2 84 15 9 10 15 18 6
7 73 13 80 9 52 1 67 2 53 16 2 3 97 8 24 18 93 6 10 10 11 11 83 17 84 14 31 5 90 15 83 4 15 0 43 12 51 19 2
10 72 2 60 11 84 14 72 13 6 0 80 9 86 1 47 18 74 16 53 5 36 7 70 3 69 4 24 19 99 17 1 12 50 8 91 15 40 6 92
9 51 19 45 2 8 15 28 4 51 13 16 8 10 3 10 5 80 1 23 10 97 16 45 17 17 12 80 14 75 11 53 7 26 18 97 0 66 6 40
0 11 13 9 14 93 6 63 16 57 15 43 19 51 3 20 10 11 12 40 7 17 1 91 2 57 17 56 18 94 4 7 11 11 9 68 5 1 8 97
2 72 3 53 7 58 17 39 15 14 14 7 0 83 10 56 18 66 4 73 1 11 6 29 11 13 19 58 5 94 16 17 13 7 12 71 8 92 9 39
11 69 16 82 1 87 19 58 15 13 2 80 8 19 14 37 18 10 6 55 0 64 7 62 3 36 10 64 17 84 13 95 5 51 12 78 9 7 4 88
11 98 3 94 2 81 7 1 17 89 12 53 1 60 0 47 14 16 10 48 16 69 15 1 5 7 13 10 6 25 8 46 9 73 4 74 18 87 19 19
6 27 9 78 12 96 1 98 17 1 5 94 11 54 8 50 4 13 13 74 2 75 0 29 14 32 15 37 7 3 18 95 16 31 19 24 10 36 3 86
2 69 16 25 5 80 13 19 14 50 6 12 18 95 0 13 3 56 11 65 1 87 8 42 17 44 7 2 9 64 19 51 12 67 15 8 10 45 4 98
3 33 8 94 18 25 1 94 2 27 15 22 14 69 19 8 0 32 12 99 16 67 6 82 4 40 9 65 10 64 7 59 11 37 13 65 17 57 5 76
4 89 1 42 6 86 15 50 2 27 17 67 5 5 12 62 11 23 19 24 13 21 9 65 3 88 14 39 7 19 16 68 18 74 0 63 10 43 8 7
7 94 13 95 6 61 19 30 3 55 11 20 5 84 12 29 16 43 4 46 18 64 10 35 15 44 0 29 14 71 9 1 1 3 2 60 17 77 8 11
14 23 6 79 8 40 13 84 3 18 5 70 12 90 1 28 11 62 0 18 19 5 17 7 9 95 4 24 16 59 7 31 15 9 2 21 18 25 10 82
5 22 15 49 7 82 3 17 16 32 1 54 0 14 10 53 2 50 14 13 6 81 19 62 8 7 17 55 11 72 13 58 4 62 9 94 18 65 12 56
0 31 10 33 11 33 15 61 13 38 4 55 3 67 16 63 5 8 17 9 2 82 18 72 1 15 12 26 19 64 7 25 9 6 6 21 8 13 14 48
16 61 9 60 6 14 18 6 7 52 2 6 5 13 14 2 4 25 3 33 11 26 13 35 19 29 15 18 1 24 17 2 10 87 12 89 0 94 8 81
11 67 5 12 8 43 4 9 0 98 12 17 9 3 13 83 10 72 17 71 6 28 1 70 19 86 16 93 15 99 3 58 18 55 7 61 2 58 14 33
12 55 4 27 2 24 6 98 18 87 19 60 0 48 7 15 11 33 17 60 3 51 10 31 5 13 8 80 9 60 1 51 13 92 14 38 16 53 15 47
3 57 15 5 5 66 13 92 17 15 8 50 11 26 10 29 12 11 18 56 16 81 6 66 0 16 7 38 2 67 1 95 14 59 9 85 19 50 4 9
17 79 11 60 2 98 18 47 14 42 15 2 16 58 10 59 4 46 12 58 8 3 9 69 0 73 1 57 5 17 13 17 6 32 19 42 3 19 7 60
3 79 10 52 6 29 1 25 7 46 0 81 5 49 17 27 11 34 19 44 9 18 14 40 2 65 15 43 4 4 16 5 13 88 12 14 8 21 18 62
4 26 12 87 7 76 2 72 13 40 1 2 18 78 9 89 5 35 0 11 19 55 16 17 8 15 14 55 15 55 11 60 17 82 10 17 3 58 6 16
19 84 16 57 8 60 6 38 10 75 7 60 9 83 18 99 13 70 2 18 5 52 0 43 17 37 15 63 1 59 11 97 4 63 12 74 3 28 14 47
12 14 9 16 7 80 8 25 1 42 16 28 2 44 14 85 6 38 13 56 11 8 3 13 15 74 4 74 17 70 10 37 0 10 18 92 5 99 19 28
5 37 3 38 7 24 12 61 16 89 17 80 2 74 6 16 19 38 8 63 15 63 14 28 9 87 10 35 11 57 4 42 0 78 1 4 13 79 18 40
1 22 13 15 15 94 5 20 10 41 6 74 18 91 17 74 11 28 2 64 0 6 16 82 3 31 9 19 19 5 12 71 4 34 8 87 14 34 7 2
3 65 1 62 18 90 9 56 4 23 10 35 5 46 14 30 16 87 6 30 11 84 15 14 8 51 12 43 19 49 7 8 2 85 13 42 17 89 0 18
0 1 16 6 11 75 3 22 10 35 8 81 2 89 6 72 15 94 14 14 18 3 9 35 17 16 13 84 7 50 12 20 4 9 1 68 19 96 5 40
4 68 7 64 17 1 0 28 19 81 5 21 16 97 2 92 9 87 6 1 12 81 13 70 18 29 15 60 1 46 11 91 14 63 10 42 3 88 8 61
16 19 3 22 19 75 7 52 4 33 17 58 1 75 2 22 9 13 10 12 18 39 12 20 14 45 13 15 6 67 15 6 11 92 0 87 5 66 8 45
15 34 9 58 3 40 14 86 19 77 4 15 8 94 18 85 7 12 10 32 2 63 0 12 11 76 1 63 13 4 17 91 16 90 12 87 5 20 6 2
17 6 0 34 13 90 19 38 9 85 14 8 6 74 11 49 12 28 18 52 16 7 15 88 4 93 2 7 3 12 7 81 1 51 8 5 10 30 5 45
17 37 8 29 0 76 4 69 11 93 2 92 15 18 10 31 6 39 16 55 3 78 19 52 7 67 1 30 18 59 9 15 5 42 12 97 14 32 13 86
1 5 9 27 8 57 15 67 7 66 10 34 17 8 0 63 11 73 3 28 4 90 16 63 14 85 13 85 18 14 2 32 19 88 12 58 5 72 6 8
11 89 13 75 17 34 15 72 8 39 14 94 18 50 0 86 9 65 12 64 6 77 7 32 16 7 10 46 3 58 4 95 1 39 5 66 19 90 2 25
12 15 4 25 16 31 17 77 10 25 2 16 7 38 13 76 14 7 9 57 18 73 0 59 11 21 6 32 1 71 8 74 5 64 3 34 15 13 19 25
16 99 12 10 7 55 2 53 15 69 19 13 18 87 9 34 6 71 13 89 11 17 8 86 3 43 4 31 5 13 14 32 1 42 0 64 10 11 17 71
3 99 2 1 9 34 18 13 1 82 10 24 15 92 16 66 8 23 7 37 0 56 4 50 11 67 13 4 19 78 6 85 14 89 5 10 12 94 17 97
9 70 18 20 1 65 2 34 7 34 16 8 14 52 12 15 3 88 17 57 5 39 8 37 11 49 15 70 19 17 13 76 0 28 4 67 6 10 10 9
5 24 14 53 8 2 1 17 0 44 2 80 7 89 11 61 9 14 18 17 3 62 10 34 15 50 16 43 17 78 13 41 12 29 19 74 6 69 4 14
9 65 17 24 7 99 10 63 16 8 12 35 13 96 18 76 19 39 4 11 14 19 0 32 3 68 5 71 6 16 8 62 1 78 2 38 15 6 11 21
5 79 15 21 10 28 14 47 1 72 0 41 7 13 16 88 12 69 19 90 8 59 11 36 4 45 3 91 18 50 9 47 13 18 2 50 17 84 6 77
11 36 0 24 2 29 17 15 6 19 13 91 18 21 14 74 10 69 4 69 5 85 7 97 12 74 15 8 19 48 1 97 16 38 8 8 3 85 9 93
3 47 2 18 19 10 11 71 8 88 10 96 5 27 1 90 15 21 18 98 14 12 6 84 12 55 7 8 16 58 17 97 9 96 4 64 0 90 13 65
16 58 9 20 2 95 6 86 3 93 19 2 5 12 14 93 18 37 1 55 8 20 10 39 11 63 17 18 4 56 15 68 7 94 0 96 12 75 13 25
15 4 3 27 7 47 16 98 10 91 5 18 11 7 4 22 6 92 9 37 0 53 17 53 18 97 1 54 12 61 19 64 14 51 2 15 13 12 8 73
4 76 10 30 13 86 17 34 7 53 18 89 12 11 8 98 16 62 5 27 2 88 15 85 0 96 19 75 11 35 14 33 6 39 3 78 1 81 9 89
4 88 6 89 18 20 12 56 1 32 3 11 10 72 0 68 14 12 9 31 11 20 17 70 7 21 19 32 13 80 2 90 16 80 5 88 15 28 8 8
17 51 18 70 6 67 12 48 8 39 13 9 15 98 0 43 1 23 11 96 4 63 3 29 2 59 5 82 14 22 16 22 19 77 10 82 9 30 7 48
6 17 2 90 0 39 12 48 8 86 9 23 17 7 4 88 3 64 10 96 11 6 19 57 16 89 5 41 18 46 1 46 14 13 13 21 15 26 7 23
11 63 5 27 8 21 0 79 1 4 3 75 17 89 12 95 13 55 7 18 6 76 2 78 19 98 4 91 15 61 10 54 9 58 16 41 18 58 14 80
