100 20
9 71 11 12 15 97 19 41 4 28 7 61 17 32 2 56 10 10 6 2 13 92 16 28 8 29 18 28 1 92 3 76 12 52 0 43 5 24 14 67
14 76 3 43 5 87 19 18 15 86 7 14 2 18 10 66 6 54 8 19 9 94 13 29 12 9 4 46 17 44 1 44 18 76 0 35 16 43 11 25
6 55 9 64 3 98 16 30 8 87 18 67 4 64 2 72 15 20 19 34 17 40 10 94 12 43 0 48 13 15 5 79 1 19 11 94 14 93 7 12
3 45 10 87 5 87 9 51 4 50 15 95 7 82 11 52 19 19 13 26 18 23 8 99 1 51 6 68 17 12 0 49 16 64 2 11 12 84 14 85
2 84 18 17 11 29 1 66 17 9 16 54 13 87 8 15 5 21 14 94 9 45 10 11 15 51 6 77 12 90 4 58 7 68 3 82 0 76 19 1
9 65 5 77 8 57 15 85 0 33 3 40 1 49 16 14 4 10 2 61 14 69 18 98 12 46 19 4 11 52 7 3 10 27 13 31 6 85 17 17
16 17 7 71 10 54 9 94 12 3 4 55 19 97 2 65 0 76 17 28 1 2 18 98 8 95 15 92 6 84 14 37 5 35 3 99 11 88 13 38
10 22 6 98 15 53 12 70 9 97 5 14 14 77 7 84 0 58 17 19 11 26 2 38 16 98 13 50 8 56 19 96 3 92 4 98 18 99 1 39
5 82 10 22 16 9 11 44 8 93 19 19 13 36 3 59 4 48 1 28 7 53 17 90 12 64 0 41 14 97 18 90 6 75 2 33 9 53 15 37
15 26 3 89 18 55 0 99 1 43 11 65 4 5 7 61 19 5 17 24 12 96 6 21 2 26 10 9 14 2 5 91 13 22 16 30 8 46 9 99
18 9 19 1 4 23 10 49 14 60 5 42 12 18 2 67 8 77 16 73 11 33 7 59 0 27 13 68 3 49 6 66 1 54 15 5 17 60 9 98
7 8 15 62 2 16 4 70 14 82 6 93 3 18 9 46 17 56 13 13 10 25 12 18 1 25 19 7 16 93 0 69 8 38 5 93 11 47 18 20
16 28 7 6 17 74 9 89 6 81 10 89 2 92 5 12 18 8 15 66 1 17 0 1 8 75 14 44 4 60 3 7 12 60 11 34 19 99 13 10
17 43 19 79 1 55 9 80 6 27 11 13 15 82 16 88 2 75 14 8 3 56 8 33 12 7 13 28 0 78 5 35 7 37 4 34 10 83 18 6
18 78 12 34 7 6 17 96 2 66 9 29 6 79 16 49 4 27 3 57 5 65 14 88 0 88 15 64 13 84 1 57 19 94 8 45 10 93 11 91
19 42 18 1 15 95 12 39 3 49 4 10 9 71 0 66 14 87 2 15 13 14 1 75 8 30 7 8 16 19 10 96 5 36 17 2 11 14 6 91
16 31 18 46 13 16 2 87 5 84 1 89 7 65 12 6 15 53 4 65 14 30 8 83 0 48 10 67 19 90 11 96 6 75 3 69 17 1 9 46
14 39 9 26 4 25 3 57 19 7 12 15 8 27 1 87 2 22 6 40 11 4 0 8 16 87 15 24 13 56 5 50 7 77 10 91 18 60 17 44
4 65 1 80 18 99 11 12 14 14 19 47 10 26 8 4 17 28 12 77 0 51 3 6 6 2 13 80 9 33 15 76 5 54 7 90 2 54 16 76
7 50 0 19 6 57 3 59 11 64 16 37 12 77 15 19 13 12 18 98 8 57 10 44 17 17 2 45 19 97 4 98 5 44 14 73 9 71 1 97
13 96 5 4 14 89 11 25 17 81 1 34 7 20 2 16 19 85 16 32 12 54 15 39 4 11 0 87 3 48 8 72 6 68 9 1 18 87 10 59
18 12 19 93 10 83 4 95 5 16 13 92 6 28 2 34 17 24 11 99 7 75 14 57 3 97 8 1 12 2 0 63 1 50 15 52 16 75 9 14
5 91 16 95 19 63 6 98 1 39 11 96 7 24 8 51 4 84 12 55 9 67 13 99 14 87 18 15 15 79 10 76 3 25 0 33 2 94 17 44
14 89 0 50 12 35 6 83 15 45 19 93 2 2 5 61 17 56 16 17 1 77 13 97 9 75 11 40 10 25 7 56 4 58 3 74 8 87 18 20
9 48 18 70 17 69 4 39 5 36 10 54 11 99 3 92 12 38 1 3 0 60 6 70 19 46 13 63 8 5 16 93 15 76 7 41 2 94 14 83
15 88 12 69 18 46 3 61 7 50 17 4 1 3 13 51 4 57 11 64 5 97 2 13 19 50 16 17 0 39 9 64 10 52 8 59 6 28 14 91
7 68 16 42 10 66 17 49 3 47 1 95 15 27 9 96 8 90 14 72 4 2 13 14 11 60 2 60 18 19 5 56 19 71 0 35 12 82 6 98
1 37 10 92 8 35 17 56 11 68 12 56 6 78 3 58 0 26 2 47 18 17 15 67 5 1 4 63 16 22 7 24 14 78 13 35 9 92 19 85
2 75 18 66 16 99 11 46 8 52 14 12 19 96 3 47 17 12 5 4 12 68 4 90 9 64 7 15 13 58 10 12 15 88 6 7 0 65 1 49
17 11 11 77 19 60 7 24 12 40 5 57 10 84 4 43 1 32 2 75 18 27 14 54 3 34 8 5 13 79 6 65 9 17 16 13 0 57 15 6
3 41 1 53 0 73 11 30 5 12 19 19 18 8 8 2 10 23 13 12 4 50 16 88 14 70 15 23 12 50 7 92 6 39 2 72 9 93 17 22
17 57 9 43 2 72 18 51 15 19 13 4 4 87 5 70 14 12 16 36 11 71 1 58 19 91 0 77 8 78 7 18 10 47 3 40 6 53 12 34
2 76 14 52 10 68 13 13 4 85 1 78 16 47 19 41 3 8 9 54 8 38 17 79 0 50 7 89 15 38 11 55 12 84 6 64 5 76 18 73
11 63 9 51 1 45 18 42 6 77 17 79 4 42 12 45 3 28 13 18 5 14 10 39 16 64 2 48 8 22 0 26 19 40 15 27 7 95 14 9
15 93 13 70 4 98 18 54 16 7 9 72 14 70 1 75 12 65 7 41 10 58 0 29 17 18 19 60 8 56 3 78 11 10 2 60 6 43 5 26
0 88 12 18 16 77 1 41 19 37 9 31 3 16 17 2 15 96 6 80 18 10 8 37 5 17 13 67 10 50 4 16 2 35 14 16 7 90 11 61
16 16 15 23 0 94 19 87 17 82 1 83 3 7 8 96 18 28 2 49 4 65 12 41 5 82 11 2 9 5 14 68 13 15 7 96 6 11 10 6
14 82 11 82 12 6 7 21 8 47 17 86 13 34 10 23 3 12 9 35 6 48 2 92 4 1 5 84 19 92 18 42 16 89 15 81 1 72 0 13
9 99 3 48 17 43 10 19 8 71 12 80 7 5 2 94 14 23 4 18 18 59 16 97 6 54 11 15 13 89 5 34 0 90 1 13 15 43 19 95
9 43 12 25 19 54 16 76 7 72 0 38 6 80 14 97 1 36 11 3 8 70 17 55 4 26 10 34 3 29 5 67 2 12 18 72 15 59 13 59
11 69 5 23 16 34 10 95 19 4 2 16 3 8 7 71 18 47 8 45 1 6 6 36 12 63 13 19 9 5 17 91 0 22 4 38 15 19 14 6
1 17 4 47 3 69 0 30 19 12 7 62 16 22 12 78 15 46 8 79 14 11 9 91 5 42 6 29 13 37 18 15 11 98 2 61 10 91 17 55
10 77 18 35 0 8 5 28 8 24 11 75 7 84 9 20 2 66 15 84 14 38 1 10 16 96 12 35 13 47 4 25 17 17 6 5 19 33 3 9
3 63 2 26 10 17 16 61 4 66 7 23 12 76 14 72 13 68 1 8 0 70 19 56 6 64 9 82 17 34 8 46 15 31 11 7 5 13 18 97
9 39 16 40 19 17 4 80 0 83 6 31 3 58 5 59 2 16 15 58 17 97 1 40 8 14 10 21 13 26 7 99 12 14 18 52 14 39 11 38
5 68 7 53 14 17 1 47 18 72 9 98 13 22 8 13 11 76 0 44 6 34 19 41 15 18 4 56 16 8 12 58 3 87 2 22 10 82 17 27
12 95 15 89 3 3 4 28 0 98 2 1 8 52 1 35 10 50 17 32 14 1 18 97 7 8 11 95 9 30 19 6 16 90 6 90 13 45 5 18
16 12 8 57 6 15 0 58 15 52 17 56 4 36 5 46 7 6 12 37 9 48 1 90 3 36 13 10 14 31 11 33 2 92 10 91 19 76 18 16
18 82 17 13 19 35 10 6 2 53 9 6 4 25 16 73 14 30 13 12 0 60 15 7 7 49 1 58 11 10 12 41 6 30 8 18 3 55 5 95
18 16 17 76 5 11 15 24 14 86 1 25 19 37 13 58 8 31 10 57 7 19 16 59 0 24 11 95 3 62 12 64 2 78 6 13 9 5 4 43
6 54 13 46 15 26 10 27 1 40 4 13 9 64 0 69 3 21 17 19 5 71 19 96 2 22 18 14 14 56 12 42 8 24 7 64 11 97 16 26
6 52 13 86 12 84 5 2 9 51 0 94 19 77 3 24 11 34 8 20 7 72 15 46 10 68 1 54 14 57 18 70 4 33 2 86 16 4 17 89
14 76 17 20 9 31 1 27 15 78 4 66 12 95 6 12 5 60 18 1 16 94 13 29 2 53 3 85 11 56 7 85 19 6 10 7 8 44 0 64
15 49 14 35 9 11 11 12 17 8 7 97 0 97 2 21 16 44 12 26 5 75 6 57 4 3 3 4 18 32 13 86 1 15 8 69 10 47 19 16
2 17 1 26 7 48 10 34 16 34 12 64 6 10 8 31 9 60 14 41 18 77 11 95 5 94 15 23 17 79 19 56 0 74 3 44 13 34 4 83
11 33 13 54 0 87 5 7 14 12 7 66 12 61 19 52 15 83 17 64 8 27 10 68 9 62 18 15 4 68 2 37 6 36 1 67 3 45 16 1
10 93 11 28 17 70 0 94 14 77 19 51 5 94 18 60 13 18 8 28 9 52 1 25 16 9 4 35 12 54 15 56 3 93 2 44 6 62 7 47
18 76 13 86 11 17 1 66 19 4 2 73 3 57 6 68 10 3 7 75 15 83 16 49 9 8 12 70 4 55 8 37 14 61 17 97 0 75 5 53
5 35 6 19 16 9 15 1 13 6 3 69 18 15 8 50 19 4 10 98 7 4 12 66 17 83 11 4 9 51 1 83 0 44 4 97 2 41 14 36
19 95 10 6 9 95 14 67 0 25 13 75 12 92 4 26 16 63 18 18 15 93 6 39 3 64 7 70 5 86 11 79 17 49 8 10 1 15 2 63
12 25 4 97 17 89 19 47 7 28 5 34 6 51 3 65 11 5 14 88 8 91 15 70 2 41 16 2 10 89 13 20 0 49 18 10 9 29 1 10
13 52 6 72 0 83 19 92 1 54 14 57 2 38 12 57 8 92 4 25 17 67 3 83 11 74 16 9 9 47 15 72 7 78 5 79 18 46 10 91
13 11 10 10 5 1 4 46 15 14 0 80 16 75 2 34 8 86 17 52 18 69 14 55 19 52 12 15 6 92 7 44 9 30 11 23 3 22 1 95
14 3 19 17 8 7 3 73 7 15 9 74 12 3 15 21 11 34 5 35 6 62 17 64 4 95 0 41 1 52 2 91 18 7 16 51 10 58 13 72
6 7 13 63 18 15 16 92 15 78 12 20 3 12 19 25 17 53 9 97 8 36 11 38 7 62 1 28 5 1 0 82 2 83 4 16 10 98 14 51
2 3 14 58 7 59 6 29 17 74 15 65 13 39 11 68 3 79 5 84 9 24 0 4 4 58 8 77 12 19 19 49 16 98 10 20 1 32 18 83
9 45 10 38 7 22 8 72 19 9 15 4 16 16 14 75 5 92 18 76 1 26 3 10 0 41 13 5 11 97 4 70 17 3 2 73 6 70 12 77
0 33 5 96 6 3 13 70 3 39 18 61 4 97 14 54 12 14 7 88 2 52 11 48 19 31 8 47 9 49 17 35 15 94 16 46 1 57 10 47
1 59 11 35 9 80 3 24 5 44 8 2 7 46 6 95 17 44 19 66 18 20 4 91 10 39 12 29 2 85 0 39 16 78 15 26 13 70 14 8
6 12 19 22 9 77 17 75 5 20 16 17 8 39 3 70 13 55 0 13 2 99 15 91 1 62 11 82 18 59 4 36 12 78 14 75 7 37 10 88
0 92 7 43 18 3 2 85 11 8 15 87 19 32 12 73 16 4 5 51 9 26 8 67 6 81 4 11 3 38 17 68 14 54 1 70 10 73 13 45
15 7 14 6 9 40 4 72 2 73 16 30 10 34 1 15 6 7 5 74 11 7 0 19 12 91 17 38 8 78 18 91 7 52 19 77 3 14 13 76
9 4 2 21 11 32 10 68 1 85 0 63 7 16 14 10 16 72 15 69 5 50 3 8 4 5 12 62 19 86 6 56 13 56 18 71 17 90 8 42
19 21 14 21 16 2 7 99 11 86 9 80 3 27 15 26 2 4 18 64 4 82 10 83 6 93 12 34 17 96 1 55 5 86 13 3 0 33 8 9
3 80 12 95 9 84 0 14 14 96 8 99 6 96 7 33 13 81 15 18 5 27 4 5 1 61 2 38 10 6 11 20 16 38 18 47 17 27 19 40
16 22 0 70 11 60 6 23 4 54 3 20 13 62 5 35 15 30 17 27 2 74 19 68 10 86 9 83 8 38 7 14 14 29 12 42 1 2 18 70
16 47 18 30 6 52 2 75 4 46 8 27 13 26 1 53 5 39 0 61 17 91 19 30 15 4 11 91 9 51 12 41 14 95 10 71 7 10 3 20
3 87 0 5 4 49 9 91 5 2 17 9 10 25 1 7 2 17 7 24 12 97 15 43 14 87 6 93 11 4 19 3 13 47 16 45 8 28 18 67
19 38 2 86 14 41 6 74 18 89 9 7 5 97 7 32 13 55 11 47 1 16 8 66 4 68 16 77 10 88 15 16 17 70 0 89 3 41 12 59
7 43 19 6 9 57 11 28 10 79 3 90 13 73 6 54 5 42 18 39 0 80 12 47 1 77 8 45 14 56 2 94 15 24 4 26 17 96 16 39
16 18 9 44 10 54 14 62 8 33 4 50 12 6 15 30 7 91 2 46 17 39 6 48 3 39 19 78 18 80 5 72 0 4 1 28 11 59 13 12
12 1 1 62 10 42 2 47 19 83 11 83 15 11 17 34 4 57 9 89 18 13 16 96 3 91 6 61 0 76 8 37 7 25 5 26 14 13 13 80
4 26 0 79 7 54 5 28 11 2 10 89 17 93 15 67 1 85 9 48 8 94 18 28 6 27 14 27 19 63 16 9 13 1 3 99 12 74 2 73
11 32 17 79 10 90 8 91 6 7 7 99 18 15 1 45 3 28 4 99 19 51 0 64 2 55 9 80 5 85 16 50 15 48 14 26 13 88 12 27
11 70 3 94 4 75 16 83 19 74 13 91 10 47 0 38 2 45 14 3 9 28 15 88 18 2 5 73 12 9 8 98 17 50 6 42 7 93 1 22
11 54 6 1 5 46 1 48 13 66 9 30 16 62 10 73 14 93 3 37 17 69 4 1 12 60 18 26 2 31 19 72 7 44 0 60 8 62 15 55
7 4 3 22 1 80 9 63 15 14 5 83 13 69 11 25 10 71 2 94 0 90 8 7 12 4 19 19 16 76 17 58 14 13 18 15 6 79 4 62
13 69 2 59 14 11 10 14 15 36 3 38 16 50 19 76 0 34 11 98 9 42 12 46 7 88 8 74 5 85 6 99 1 51 18 90 17 19 4 6
4 12 15 94 3 90 2 50 7 95 5 63 0 29 10 83 1 47 16 45 18 92 9 74 8 96 19 79 11 14 12 26 13 8 17 94 14 70 6 68
6 64 17 15 18 77 8 15 16 15 13 3 12 14 11 41 2 6 1 72 7 46 3 20 10 32 4 19 19 32 15 98 5 62 14 56 0 53 9 79
13 35 2 71 4 37 7 60 0 48 6 90 8 19 16 66 17 59 5 80 12 90 11 77 19 46 1 86 9 80 18 66 15 9 10 79 14 87 3 35
2 50 18 22 14 25 13 74 6 3 8 50 1 90 10 98 19 21 12 9 4 88 17 30 0 92 16 24 5 88 11 79 7 66 9 95 3 16 15 35
13 80 7 74 14 14 12 83 18 90 11 57 17 5 10 73 19 70 15 32 6 19 2 96 16 69 1 19 8 26 9 14 0 79 4 76 5 32 3 35
9 39 3 13 6 67 18 48 10 16 19 82 15 37 17 96 0 94 4 34 14 89 13 27 11 25 16 17 1 43 2 10 12 59 7 67 8 66 5 41
11 54 17 79 4 93 5 31 3 77 14 83 16 25 19 99 7 15 0 88 10 86 6 11 15 61 18 75 9 71 12 57 8 3 13 93 2 90 1 82
14 95 3 2 9 60 4 28 15 27 18 61 1 4 13 43 6 73 7 33 19 67 17 33 10 56 12 80 16 88 2 82 8 43 0 72 11 66 5 22
3 77 15 7 10 4 0 49 17 98 2 44 16 47 4 26 19 26 18 20 11 4 8 9 1 61 13 62 14 72 7 13 5 17 12 92 6 82 9 99
8 10 5 80 14 31 4 90 1 8 12 18 0 79 2 87 10 54 16 93 6 26 17 85 11 88 15 11 19 63 13 97 9 53 3 5 7 6 18 92
1 63 10 80 9 87 12 92 2 15 17 97 18 66 6 46 15 34 7 88 5 12 4 55 3 84 19 33 16 47 11 62 8 85 13 47 0 27 14 21
19 76 2 73 14 7 5 46 11 82 10 50 12 57 9 85 16 43 0 68 1 8 3 69 15 66 7 75 17 92 8 89 4 25 13 19 6 28 18 45
