100 20
6 43 17 29 18 31 5 45 19 71 12 19 2 90 8 55 0 20 3 16 7 61 16 1 15 7 4 40 1 55 10 85 14 12 13 48 9 75 11 95
18 78 5 86 11 54 19 94 7 25 15 96 14 24 17 2 2 9 1 63 3 12 12 24 6 83 9 3 13 17 10 6 8 49 0 83 16 8 4 43
17 62 12 96 6 51 4 94 1 93 5 44 18 73 7 7 10 68 15 93 19 46 11 69 8 12 2 40 0 10 13 89 16 55 14 5 3 52 9 31
4 49 2 91 14 27 12 67 10 32 7 62 15 5 13 77 6 7 18 47 3 24 8 30 9 19 1 11 0 72 11 16 19 46 17 18 5 74 16 65
5 60 7 26 3 69 11 70 18 65 6 98 15 87 4 48 19 70 12 79 17 98 14 86 2 28 10 16 0 22 16 48 1 78 8 18 13 7 9 89
17 13 19 42 8 95 1 92 4 58 18 2 10 70 11 24 0 60 2 66 15 61 12 13 6 61 14 46 5 55 13 96 7 56 16 92 9 85 3 45
13 20 6 52 10 69 0 63 12 91 17 51 5 18 4 78 2 24 8 67 3 27 9 64 7 80 15 76 11 5 18 21 19 74 16 30 14 69 1 31
3 11 7 1 18 28 17 46 13 12 14 93 4 9 0 92 16 6 11 19 10 7 6 96 9 7 2 82 12 13 5 58 8 96 1 44 15 7 19 28
7 76 16 71 15 97 3 20 13 69 4 69 0 66 8 26 5 33 14 1 19 10 2 46 11 24 6 17 1 41 10 29 9 22 17 36 18 42 12 99
17 15 12 72 2 81 1 80 3 98 11 38 15 71 19 32 8 15 16 56 13 90 7 29 4 75 10 21 9 99 14 51 5 77 6 88 18 14 0 71
16 50 9 14 17 19 0 37 5 66 12 3 15 43 18 89 1 73 6 75 10 86 4 36 7 15 3 8 13 89 11 1 19 23 8 14 2 60 14 82
10 46 12 51 14 51 17 13 9 69 1 63 15 28 8 25 5 58 2 42 3 47 16 59 6 51 19 6 7 42 4 29 11 11 18 43 0 99 13 62
4 58 2 10 16 32 17 85 6 33 12 77 18 92 15 75 9 16 5 80 7 93 11 51 8 25 13 50 14 80 0 71 1 17 10 38 19 36 3 49
6 15 5 97 1 5 14 82 11 85 16 55 13 40 8 83 18 4 10 74 0 38 7 57 12 79 2 38 17 89 9 90 19 26 15 90 4 24 3 53
17 69 16 46 8 75 18 28 19 72 10 81 5 23 11 13 13 97 12 79 3 75 9 14 4 42 15 77 14 95 2 12 1 28 7 34 6 49 0 42
17 58 6 57 5 31 12 67 15 83 7 55 14 96 2 34 13 52 11 43 4 98 9 28 19 6 18 24 3 31 10 32 16 38 0 42 1 51 8 8
0 7 1 56 6 59 15 62 12 83 10 39 2 67 11 84 8 7 19 19 4 49 18 50 3 73 13 34 17 37 5 71 14 43 7 41 16 50 9 17
18 28 13 74 16 6 15 33 17 88 12 48 10 54 9 1 11 47 2 25 6 72 5 74 7 57 3 80 1 26 8 20 19 16 4 20 14 16 0 66
13 54 16 33 12 70 0 44 18 37 4 33 9 12 8 33 19 8 7 45 2 26 17 65 15 79 11 16 10 97 14 50 6 10 5 66 1 64 3 66
15 11 10 65 3 25 0 31 16 9 13 56 9 6 1 40 8 29 4 21 17 45 2 91 19 12 12 8 5 2 7 82 6 97 14 79 18 61 11 48
18 57 16 89 8 89 19 65 12 64 5 23 11 79 15 91 7 84 3 83 17 76 6 10 1 66 9 93 0 34 13 6 10 69 14 33 2 49 4 49
7 10 6 50 16 53 15 86 3 90 10 49 1 97 17 72 14 13 9 92 18 10 8 98 12 92 13 55 0 22 11 55 19 15 5 1 2 3 4 93
3 75 5 46 14 84 9 68 6 79 18 31 15 93 7 19 13 26 8 37 10 86 12 14 4 50 1 97 11 6 16 24 17 35 2 59 19 7 0 51
13 15 1 5 6 69 19 69 17 98 16 28 14 41 0 21 18 49 10 54 4 64 7 39 15 46 9 11 3 31 5 93 8 95 2 33 11 20 12 33
1 45 16 94 7 88 5 82 3 74 4 60 19 6 6 82 18 62 14 79 2 1 17 73 0 50 8 35 10 73 9 85 15 62 12 93 13 96 11 31
4 39 9 16 6 17 14 65 7 44 18 21 2 36 16 52 8 43 19 11 17 31 1 93 10 63 13 34 12 24 15 93 3 34 0 9 5 45 11 65
13 15 16 1 8 14 9 59 11 40 12 99 4 13 10 96 5 39 15 47 0 30 7 22 3 28 18 41 14 81 1 16 6 4 17 31 19 68 2 39
17 83 10 52 15 21 19 29 9 26 7 52 16 68 4 25 5 13 14 43 11 86 0 28 12 96 3 9 13 43 1 38 18 39 2 11 6 99 8 81
6 13 1 83 8 11 5 76 17 11 15 92 4 37 0 17 11 90 16 40 9 40 13 56 18 18 12 25 14 38 2 50 3 55 10 28 7 99 19 60
11 78 6 94 1 30 8 26 19 48 9 3 15 22 17 12 10 83 18 42 5 97 13 63 14 24 16 85 2 40 12 59 7 80 0 85 4 74 3 89
9 43 8 92 0 63 13 85 16 75 17 85 10 80 6 97 5 2 19 88 18 44 12 7 1 38 2 38 14 32 11 89 7 95 15 24 4 8 3 97
11 45 2 26 15 39 4 55 8 78 17 85 9 1 14 23 13 79 10 71 18 39 3 35 6 62 5 86 1 85 7 72 0 61 19 54 16 29 12 3
7 70 15 27 18 17 4 20 17 90 19 69 6 40 12 8 9 58 1 19 0 71 10 37 14 67 11 63 2 47 13 36 5 77 16 10 8 41 3 86
5 65 6 11 19 40 12 34 2 29 0 80 10 51 11 99 16 14 17 67 15 72 3 83 13 16 4 97 1 25 8 59 14 4 7 66 9 67 18 70
10 82 11 85 2 61 9 44 13 48 6 61 8 71 7 26 15 92 3 67 12 66 19 38 17 72 4 82 5 32 0 81 16 17 1 83 18 44 14 52
9 59 7 69 0 92 11 27 18 14 13 71 3 18 5 25 10 39 17 94 8 8 19 51 15 55 2 91 12 15 1 4 16 80 4 1 14 11 6 67
12 23 17 30 18 56 1 87 14 42 0 68 13 9 19 53 10 25 15 56 9 63 2 83 8 21 5 22 16 93 11 97 6 71 7 91 4 22 3 56
0 24 9 53 15 45 19 31 2 2 10 3 6 38 16 57 12 38 11 81 7 98 1 71 13 50 4 37 5 42 17 41 14 62 3 47 18 54 8 45
2 40 16 29 4 20 0 1 19 11 18 11 13 88 10 23 12 38 8 16 1 41 7 25 15 71 9 44 14 49 17 71 11 7 5 14 6 68 3 43
10 86 3 27 5 95 14 86 7 16 2 70 9 61 8 56 4 33 19 21 6 68 17 48 15 26 12 62 18 46 1 79 13 93 11 20 0 60 16 99
17 63 2 12 5 74 14 1 12 85 1 15 19 19 16 92 15 94 8 71 9 65 0 62 10 85 6 77 4 61 3 72 11 79 13 45 7 63 18 79
19 79 15 24 1 10 9 14 16 80 14 69 6 63 11 53 12 98 4 34 8 49 3 93 2 57 13 57 5 88 0 71 17 72 18 6 10 49 7 40
4 70 10 25 6 3 11 6 8 29 18 46 3 17 2 1 7 9 15 89 9 98 14 66 16 77 13 49 12 65 1 36 0 9 5 64 19 84 17 84
17 66 13 80 9 71 2 52 19 32 1 84 14 16 8 8 15 85 5 92 6 17 12 6 18 41 11 61 16 75 3 46 7 95 4 74 10 85 0 52
0 42 13 29 4 93 15 47 14 19 17 41 19 94 2 60 12 74 5 33 18 58 10 42 8 36 3 68 16 53 1 3 7 77 6 24 9 10 11 67
5 70 17 38 15 64 12 85 2 17 0 29 11 54 3 92 7 14 16 64 1 64 9 90 8 50 18 52 10 90 6 98 13 35 4 50 19 91 14 68
10 15 17 38 6 44 14 9 11 55 3 14 5 94 7 3 0 31 2 91 8 51 9 3 18 41 13 43 19 50 15 48 16 21 1 91 12 41 4 48
14 87 1 97 16 26 8 70 7 71 2 52 11 15 6 25 9 66 19 13 5 88 12 79 17 30 18 3 4 33 3 37 13 81 15 7 10 89 0 80
0 18 9 9 3 67 16 67 8 79 2 60 11 54 12 44 18 12 13 59 15 26 19 66 17 3 4 98 5 32 6 2 14 67 1 79 10 46 7 62
10 80 13 54 18 40 2 60 17 23 1 72 9 19 12 12 15 19 19 34 5 30 14 72 8 39 11 1 0 12 3 70 4 40 7 56 6 84 16 53
3 5 12 42 7 59 4 99 16 48 19 27 11 35 5 79 17 46 15 21 1 71 2 13 6 51 9 35 18 69 0 14 10 50 14 38 13 10 8 18
14 17 5 69 6 34 15 84 7 79 0 70 11 51 4 81 9 11 19 6 3 90 8 7 18 83 10 13 13 49 12 72 1 25 2 8 17 70 16 9
16 66 0 3 10 74 6 18 13 3 17 65 14 68 18 75 4 30 3 48 5 4 7 82 2 29 8 29 9 80 12 76 19 36 11 71 1 2 15 67
16 62 4 98 18 47 5 20 6 50 15 66 0 54 9 49 14 67 12 96 2 63 10 77 8 50 19 93 1 93 17 9 11 18 7 99 3 59 13 24
10 92 1 7 17 27 16 98 11 62 7 6 12 75 5 45 9 83 2 57 18 45 14 45 19 16 13 13 6 5 3 47 15 88 0 60 4 28 8 3
12 10 19 81 0 30 1 31 18 3 2 76 13 23 5 99 11 33 7 32 3 48 16 23 8 77 15 80 6 94 4 34 17 48 10 10 14 77 9 92
12 14 17 88 13 40 2 1 14 2 11 60 4 24 15 89 8 96 9 7 0 26 19 71 5 79 18 72 6 20 7 1 16 25 3 27 10 71 1 40
14 22 8 60 12 27 16 28 1 76 18 14 15 11 3 15 13 43 9 71 0 97 5 56 4 24 7 28 19 21 6 32 2 21 10 5 11 16 17 87
14 38 9 12 8 7 2 42 10 13 15 15 12 61 11 31 18 43 16 93 6 73 4 93 17 41 19 11 13 95 3 10 5 14 1 42 0 31 7 3
6 47 7 9 4 66 14 38 0 73 13 68 17 84 18 10 15 55 10 4 1 5 8 72 11 5 16 2 3 27 5 64 12 59 19 29 2 59 9 86
7 27 9 23 4 43 14 89 15 97 3 75 6 19 10 48 5 17 13 59 19 60 11 38 16 9 1 86 8 96 2 5 12 28 18 15 17 7 0 49
11 67 3 60 17 64 13 99 0 80 9 40 4 98 7 94 12 9 10 8 18 32 1 33 8 14 19 25 15 7 5 6 16 89 14 39 2 87 6 61
17 80 11 65 16 52 14 61 4 4 18 24 9 8 10 79 7 93 8 61 6 1 2 87 15 18 5 84 12 5 0 98 13 61 1 86 3 67 19 97
18 17 1 60 19 71 17 11 15 69 14 66 2 53 3 21 5 1 9 97 12 25 16 45 6 57 7 95 4 3 0 61 11 11 8 6 13 25 10 99
9 54 12 43 8 41 0 44 14 83 3 65 4 57 5 52 18 67 11 53 1 93 2 20 6 44 7 43 16 32 10 40 19 1 13 87 15 62 17 56
3 12 13 81 6 72 8 63 17 91 9 42 12 76 18 59 5 47 1 26 16 22 0 82 10 35 11 7 19 5 7 67 2 51 14 72 4 92 15 21
8 49 0 77 10 76 6 17 9 39 18 64 16 27 1 20 7 90 2 14 3 81 11 49 14 81 5 67 15 71 13 13 4 81 12 40 19 74 17 85
2 42 12 39 17 86 9 74 10 4 0 36 11 58 16 92 18 8 3 85 4 11 8 5 14 43 1 95 15 22 5 27 19 47 7 94 13 26 6 37
11 34 8 7 0 58 2 66 4 82 18 80 5 40 17 11 7 34 9 19 3 88 12 21 6 4 14 4 1 10 10 67 19 93 15 64 16 19 13 85
8 96 6 86 7 9 17 36 16 58 1 28 15 8 9 94 12 78 11 49 2 75 10 73 19 15 0 48 13 57 3 39 14 92 4 65 5 47 18 65
8 43 3 84 14 84 9 46 10 22 0 43 11 90 19 90 12 24 5 46 6 20 16 41 4 29 1 41 18 4 2 64 17 2 15 65 13 50 7 4
13 40 9 94 7 73 15 65 1 34 8 17 12 65 10 25 19 67 17 93 5 36 3 12 18 39 11 47 2 90 0 64 4 82 6 74 16 88 14 97
13 95 18 27 10 8 16 87 3 30 12 53 8 28 5 77 1 74 4 18 19 65 0 70 14 78 11 55 6 10 2 23 7 54 15 77 17 57 9 24
14 30 8 83 13 70 17 43 16 54 18 60 3 86 12 5 10 73 0 19 4 5 9 64 19 73 1 76 6 10 11 51 15 63 5 76 7 25 2 10
4 7 8 82 3 66 7 72 15 76 19 3 2 77 9 31 10 60 0 49 12 99 1 15 17 41 18 69 5 43 11 87 13 38 16 73 6 48 14 10
8 62 3 75 12 93 14 17 10 50 4 69 2 66 19 8 11 24 17 45 5 66 15 22 6 93 7 22 16 37 0 62 9 57 1 34 18 11 13 70
5 5 15 21 17 88 8 98 12 55 13 32 6 88 3 62 9 16 19 66 0 56 1 5 7 45 14 30 10 60 11 50 2 8 4 75 16 66 18 38
7 60 17 41 14 38 3 51 8 40 2 89 16 38 4 80 10 90 9 13 1 94 13 93 5 82 11 64 0 80 12 45 19 74 18 61 6 88 15 18
6 79 8 44 13 96 11 59 10 32 5 56 7 59 0 19 4 56 16 74 2 10 14 86 19 4 9 37 12 57 18 28 17 26 1 3 15 61 3 44
3 87 18 16 19 79 6 33 5 92 7 83 9 63 1 85 0 53 13 68 17 39 11 60 4 66 14 80 16 97 2 48 15 1 8 85 10 76 12 76
6 45 14 63 18 46 8 23 7 37 16 59 9 12 11 55 3 21 4 74 12 9 17 36 0 34 15 5 5 42 2 34 13 22 10 48 19 58 1 29
2 97 15 47 6 72 4 40 16 12 13 58 9 81 1 10 0 79 5 1 8 86 18 94 17 19 19 88 10 48 3 39 7 41 12 33 11 76 14 12
16 93 17 89 12 79 7 99 18 88 8 66 14 92 4 83 15 63 3 87 5 56 13 46 6 2 2 42 0 16 10 77 9 94 11 89 19 34 1 3
3 23 18 85 2 18 14 33 0 52 11 4 10 53 15 83 6 85 4 14 5 19 19 45 16 10 1 31 12 68 9 65 7 12 17 16 8 22 13 20
8 49 4 49 14 25 17 43 19 45 9 13 11 95 10 63 15 78 3 85 1 76 16 50 6 2 7 70 13 36 12 97 18 18 0 65 2 47 5 41
3 26 13 46 9 24 8 94 7 70 16 62 2 25 6 15 0 80 1 53 12 50 18 22 5 98 17 69 11 30 10 97 4 55 15 42 14 35 19 98
17 97 1 77 4 72 7 1 19 59 0 83 13 65 18 17 3 90 10 66 16 96 5 61 9 81 2 29 12 29 15 22 6 88 14 84 8 63 11 14
14 10 9 33 18 85 3 57 10 77 13 83 2 97 11 39 17 35 5 45 12 68 15 95 0 85 8 14 1 63 19 45 7 91 6 61 4 44 16 56
6 52 15 70 7 36 4 23 2 79 3 64 12 27 14 62 10 80 18 71 13 82 11 93 5 14 16 25 9 9 0 89 1 94 19 22 8 43 17 97
14 35 4 78 11 1 15 51 17 90 8 29 12 52 6 56 1 52 5 21 9 72 0 3 13 63 7 40 16 32 18 2 2 33 10 95 3 20 19 59
15 50 8 81 4 9 5 52 3 49 10 2 18 47 16 20 13 94 2 18 19 21 11 74 1 5 17 88 7 31 9 32 12 42 0 7 6 36 14 81
0 60 3 46 16 59 12 82 17 14 13 69 19 25 1 45 18 56 8 7 9 38 14 36 5 9 11 83 10 85 4 84 15 56 6 6 2 12 7 38
14 26 16 41 18 21 6 79 3 62 5 98 0 67 9 27 13 26 12 19 7 14 15 32 10 71 17 26 11 48 2 3 19 80 8 84 4 76 1 47
7 74 3 62 19 95 5 83 6 97 13 33 18 3 8 54 11 64 15 49 17 54 0 2 1 38 10 73 2 82 4 1 9 15 12 96 16 70 14 75
16 14 8 31 17 84 15 25 2 75 7 19 11 88 9 76 18 88 12 37 5 54 4 75 14 93 10 38 19 73 13 79 1 63 3 74 0 76 6 42
6 48 4 60 8 70 7 25 10 86 14 90 15 65 3 56 19 23 18 12 0 60 16 60 11 57 17 55 9 35 5 79 12 90 13 93 2 49 1 78
14 61 9 15 8 47 11 34 16 24 13 3 15 17 5 23 4 21 2 85 12 9 3 69 18 51 17 55 0 41 7 39 19 30 10 13 1 24 6 50
0 22 3 63 10 91 15 17 18 57 19 12 8 96 9 5 6 56 11 97 17 17 13 40 2 22 4 5 14 64 7 17 12 91 16 14 5 41 1 32
8 18 18 87 15 22 11 31 6 53 0 88 19 88 7 54 12 4 17 22 2 4 9 17 4 23 16 80 10 19 5 90 14 97 13 53 3 46 1 8
3 82 4 62 15 56 6 84 14 4 16 30 9 60 7 45 1 55 19 65 12 58 8 43 2 62 17 55 18 37 13 86 10 63 5 67 0 69 11 51
