100 20
2 45 15 6 5 88 19 60 11 96 9 96 3 32 7 95 10 33 12 29 14 22 1 90 18 8 16 4 17 50 8 65 0 32 6 39 13 56 4 6
5 79 15 47 0 93 10 58 2 30 8 56 12 23 1 3 16 6 14 74 9 38 7 32 13 96 4 49 17 87 18 84 3 93 11 43 6 19 19 53
11 99 3 52 12 62 5 75 8 73 0 25 10 11 7 42 15 75 6 79 1 14 16 95 14 63 4 3 19 89 2 21 17 17 18 69 9 44 13 12
14 38 0 4 12 35 15 41 1 30 10 9 11 62 16 63 8 17 3 79 2 84 7 13 4 44 5 9 18 87 9 44 6 22 19 37 17 86 13 24
18 12 13 51 8 20 12 43 16 63 5 89 10 4 15 52 14 62 17 66 6 54 19 36 9 46 11 74 4 84 3 74 1 86 0 42 2 16 7 49
2 73 16 76 3 33 19 88 12 50 10 49 18 32 6 17 1 93 15 65 5 59 11 88 0 85 17 10 14 88 4 40 9 90 7 84 13 43 8 83
15 92 18 70 3 21 0 49 9 41 12 45 4 33 8 83 5 52 13 77 16 61 10 99 7 62 14 51 1 86 19 54 17 61 11 25 6 13 2 93
7 5 9 48 5 4 1 37 13 52 16 32 3 29 0 82 17 76 8 42 19 57 12 3 18 36 6 44 10 26 4 71 14 63 15 22 11 38 2 29
7 55 1 66 3 11 11 44 2 58 6 18 12 55 8 16 19 74 13 91 0 90 18 2 10 88 9 63 14 1 17 10 15 68 16 18 4 51 5 73
15 26 0 91 5 91 6 57 11 37 7 44 4 44 13 16 12 42 2 38 3 61 8 10 17 1 14 33 19 97 18 10 9 68 16 13 1 79 10 8
1 52 0 57 9 70 10 34 2 3 18 53 19 96 12 45 17 85 6 11 8 19 5 10 14 16 13 2 3 79 7 87 4 31 15 91 11 9 16 84
14 72 15 4 10 43 16 18 5 58 1 7 8 69 4 4 6 18 18 93 11 28 7 32 3 90 12 83 2 90 17 45 9 90 13 14 19 71 0 52
10 63 13 46 15 89 3 19 18 80 8 57 6 52 14 45 5 38 4 92 2 37 7 88 17 23 1 53 16 78 19 92 9 78 11 23 12 13 0 31
3 47 8 68 1 73 18 46 0 52 6 66 17 14 16 36 19 72 2 24 12 89 10 57 9 90 15 27 14 50 4 70 5 49 13 47 7 41 11 20
8 38 7 10 1 10 13 29 14 36 4 85 2 33 19 50 6 27 5 8 0 36 9 95 18 25 17 86 12 73 3 75 10 94 15 39 16 60 11 87
17 54 7 86 2 3 9 97 5 57 4 89 14 71 10 40 18 12 6 79 15 47 13 42 0 1 19 96 3 6 8 10 16 69 1 86 12 40 11 76
0 77 18 18 6 39 2 16 19 97 15 96 3 69 10 13 14 68 8 32 7 18 17 46 1 72 13 3 4 64 11 40 12 53 9 63 5 97 16 32
9 30 4 86 2 82 1 85 19 5 11 2 16 66 6 46 0 42 3 88 17 82 12 92 15 72 7 7 13 67 18 42 5 51 14 36 10 55 8 78
17 70 12 98 6 69 4 71 15 85 8 33 13 82 11 73 9 16 2 12 0 26 5 30 19 47 3 13 7 26 16 12 14 14 18 31 1 12 10 5
11 79 12 51 17 77 13 27 18 40 4 86 14 68 10 41 1 24 2 22 9 87 7 39 3 90 8 3 15 81 16 13 19 11 0 97 5 79 6 20
8 42 10 12 9 33 4 39 19 27 3 45 6 48 2 50 14 55 12 32 17 38 7 77 1 1 0 83 18 59 15 17 16 37 13 7 11 46 5 57
5 77 6 25 17 96 7 6 14 60 13 11 1 48 4 40 0 97 15 53 2 91 9 38 3 71 11 64 10 60 18 7 16 80 8 18 19 70 12 90
19 87 15 85 14 50 12 5 13 75 1 57 0 83 10 46 2 58 5 66 6 67 9 64 8 95 18 36 3 81 11 40 7 21 17 21 4 7 16 15
3 50 10 70 18 87 19 80 0 28 15 70 2 72 4 54 17 79 9 92 6 67 11 98 8 98 16 73 13 93 12 87 7 24 14 76 5 97 1 48
9 45 12 7 3 20 2 71 14 34 11 31 10 5 16 88 17 33 15 22 19 12 8 57 13 84 1 22 0 58 18 21 4 35 5 62 7 46 6 91
5 3 1 82 11 50 14 50 13 92 10 19 7 90 12 19 15 59 6 3 8 65 2 87 4 12 17 94 3 32 16 35 0 63 19 77 9 83 18 23
3 64 6 13 15 72 18 1 12 47 17 64 16 39 8 70 11 35 2 45 7 41 4 45 10 21 1 39 9 42 0 71 14 43 13 41 19 33 5 78
9 14 10 18 17 53 4 30 13 18 3 53 19 92 8 92 18 29 1 36 11 48 12 69 15 44 0 52 6 25 5 15 2 85 14 34 16 76 7 16
0 63 7 68 5 10 3 55 19 74 10 26 12 22 2 42 17 37 11 76 4 17 8 44 1 8 16 77 13 44 18 79 14 40 15 84 6 4 9 17
14 15 19 15 2 53 15 59 0 42 12 32 17 37 3 88 7 82 4 41 6 80 8 58 10 82 1 15 16 49 11 90 5 42 9 80 18 72 13 36
6 65 8 26 13 43 19 72 11 32 9 18 7 93 18 87 17 79 14 54 0 37 10 51 1 80 3 14 16 5 5 1 12 81 4 92 15 97 2 30
7 51 18 47 9 83 17 19 10 2 2 74 13 52 4 6 1 44 15 7 8 46 3 68 6 24 19 37 12 13 5 75 11 29 0 84 14 6 16 47
12 86 4 90 17 45 5 3 0 31 16 26 2 87 11 9 3 87 13 54 9 44 19 62 6 32 15 51 10 83 14 72 18 66 1 50 7 22 8 56
5 74 10 82 13 43 8 61 17 88 9 5 3 2 7 64 16 12 11 15 2 17 6 90 19 53 18 99 12 62 4 11 15 68 1 9 0 65 14 53
7 83 12 92 17 2 9 7 5 4 18 22 10 72 6 2 3 92 16 39 8 5 1 5 4 68 11 43 2 19 0 85 19 39 15 47 14 8 13 18
12 81 15 5 0 76 13 49 6 28 14 15 9 64 4 60 10 51 7 80 5 35 8 36 16 18 18 47 11 80 2 62 3 21 19 30 17 60 1 14
3 52 8 45 17 4 13 25 15 65 5 9 4 95 14 78 19 66 12 54 7 75 10 94 16 92 9 23 11 14 0 45 18 99 6 93 1 93 2 32
7 91 13 23 12 81 0 38 10 38 8 9 19 33 4 18 6 63 1 46 11 92 5 14 9 69 18 4 15 84 16 2 3 19 2 48 17 28 14 88
5 40 9 82 1 47 8 63 0 10 13 58 15 51 7 92 3 51 12 51 11 58 14 27 2 64 18 21 10 46 6 87 17 7 16 32 19 18 4 67
0 20 2 75 13 84 19 16 16 72 14 10 17 66 5 19 8 21 6 87 15 87 1 22 12 8 7 20 18 9 9 93 4 20 11 97 10 28 3 27
11 84 7 26 17 67 16 7 0 31 1 66 14 37 12 75 18 55 10 8 3 79 19 42 2 16 4 33 5 44 6 10 15 35 13 59 9 81 8 66
15 36 19 8 7 76 9 87 2 68 3 67 4 24 10 11 17 15 18 52 12 91 14 3 0 11 13 29 6 35 8 65 5 33 1 23 16 58 11 95
14 26 12 59 8 63 4 70 1 68 3 87 19 1 15 95 13 77 17 37 2 30 7 12 10 95 6 62 11 73 16 39 9 16 0 42 5 6 18 21
11 70 16 28 8 82 1 39 4 87 0 49 19 73 13 55 6 19 18 52 12 85 10 37 3 36 14 59 5 92 2 41 17 6 7 37 15 61 9 92
7 74 1 8 17 49 4 88 5 77 18 61 16 14 14 66 2 92 10 49 3 65 11 5 6 39 9 20 12 32 8 46 19 47 13 91 0 39 15 41
2 97 0 38 17 41 10 27 13 34 7 40 6 72 8 96 5 69 19 67 14 76 3 89 9 65 1 4 11 5 18 4 15 60 4 26 12 56 16 43
3 55 16 78 0 21 1 41 12 34 8 4 6 7 19 17 9 5 10 15 7 3 14 76 4 6 2 69 13 94 5 71 11 33 15 33 18 80 17 81
4 16 19 32 17 16 14 71 16 73 5 64 11 64 1 86 9 71 3 14 2 32 12 85 6 42 7 59 18 96 0 86 13 1 8 40 10 20 15 89
16 23 2 80 19 41 1 68 11 9 6 27 3 67 9 64 13 53 4 61 5 37 8 29 14 67 0 3 17 63 18 36 7 56 15 62 12 51 10 59
12 13 8 80 19 48 1 33 17 6 10 37 5 1 16 57 7 68 15 27 9 27 13 85 18 34 6 11 0 51 2 67 4 75 14 17 3 58 11 32
16 18 9 49 0 39 18 87 11 79 13 10 15 12 17 80 5 85 7 61 12 23 19 24 10 61 1 67 6 78 4 10 3 23 14 10 2 84 8 99
7 24 2 74 12 85 16 76 17 72 11 61 18 30 5 28 10 44 19 98 13 5 9 12 8 1 3 79 14 91 15 98 4 6 0 9 1 95 6 84
11 1 0 25 13 95 7 96 3 19 9 74 10 32 12 82 15 91 8 44 19 80 4 35 5 66 6 29 17 8 16 66 1 52 2 32 18 65 14 38
19 33 16 29 10 54 2 15 13 54 1 31 7 6 3 29 8 21 12 78 11 89 5 84 6 7 9 19 4 56 17 76 15 77 0 32 18 28 14 94
2 35 10 11 3 27 16 69 7 15 11 49 17 10 6 44 5 37 1 24 15 72 19 46 13 45 0 85 9 8 18 73 14 30 8 47 12 54 4 71
15 27 19 38 7 92 11 95 13 53 12 39 8 96 9 23 18 81 6 91 2 94 10 42 1 52 0 9 4 51 17 14 5 92 14 40 16 57 3 79
1 80 19 53 10 3 2 7 17 96 9 9 11 98 8 40 15 8 16 4 3 43 5 60 13 49 4 67 7 15 6 46 0 34 14 94 18 49 12 25
19 16 12 32 0 45 9 20 3 99 15 53 18 15 16 5 13 14 14 68 5 94 1 24 6 49 11 32 2 88 10 68 17 32 8 18 7 54 4 12
0 60 9 1 4 98 5 22 16 57 14 35 17 18 7 68 1 49 3 46 8 29 13 14 12 87 19 57 18 97 6 34 10 39 15 65 11 94 2 68
14 4 17 20 2 79 10 85 15 46 4 40 6 30 9 61 16 68 7 36 1 44 8 16 19 45 18 56 13 45 11 3 3 41 12 73 0 43 5 36
19 99 10 21 2 53 9 33 6 55 11 42 0 84 17 29 12 54 1 92 18 26 4 44 7 26 5 73 15 43 8 94 16 6 14 44 13 40 3 32
12 72 18 2 10 78 1 13 6 38 11 22 13 57 3 1 19 28 16 61 4 15 2 19 14 79 7 56 15 67 17 62 8 54 9 75 0 28 5 67
18 95 8 10 9 12 10 18 6 55 12 9 3 55 4 2 13 26 5 93 11 54 2 21 17 94 19 52 16 66 1 76 14 23 7 25 15 25 0 38
17 1 15 40 4 99 18 97 19 15 1 14 2 98 6 98 13 49 9 28 11 92 8 30 10 41 12 12 0 96 7 18 14 7 5 57 3 98 16 77
17 84 10 28 1 24 7 7 19 91 14 92 16 40 13 98 11 23 3 32 2 82 15 98 18 36 12 31 0 79 4 39 5 32 9 29 6 87 8 70
3 19 15 3 18 34 1 69 10 93 0 26 7 87 8 56 4 83 11 47 2 28 13 12 9 41 12 7 6 14 14 11 17 66 16 2 5 59 19 13
15 58 11 6 2 61 8 25 5 95 18 18 19 86 12 48 14 1 7 44 16 79 1 3 9 2 13 27 4 23 17 6 6 53 10 52 0 24 3 77
3 2 11 64 6 85 9 55 14 48 5 54 18 18 15 69 8 24 0 67 7 14 13 53 10 55 17 37 4 64 2 70 19 98 16 73 12 96 1 65
1 12 12 74 0 1 5 94 6 20 15 35 7 32 10 58 3 68 17 24 16 97 11 71 8 97 2 52 9 43 18 66 4 26 14 96 19 37 13 1
13 60 15 25 2 80 5 29 14 43 9 68 11 86 8 34 6 79 18 1 16 84 3 50 4 6 19 60 12 12 0 47 10 74 1 40 7 19 17 20
9 44 16 81 11 26 19 75 12 85 17 3 8 39 2 35 13 45 6 81 10 72 5 93 7 51 3 13 1 74 4 86 14 26 18 40 0 19 15 6
6 23 13 81 1 70 8 19 11 30 9 93 16 89 14 2 12 48 10 51 15 50 0 38 7 37 4 16 5 20 17 67 19 42 18 50 3 21 2 56
14 93 15 73 4 71 6 7 18 50 8 64 2 57 17 51 11 93 1 38 7 12 10 51 16 59 19 2 5 13 13 64 3 3 0 74 12 54 9 72
0 80 6 73 11 63 18 83 3 47 12 97 7 48 8 61 16 20 15 70 2 89 10 8 5 42 9 56 17 8 19 87 13 35 14 79 1 22 4 18
0 61 13 79 1 56 10 19 9 20 15 19 16 70 2 24 18 11 12 51 3 23 11 9 5 30 6 27 17 3 4 48 19 82 7 78 8 6 14 33
2 26 12 63 10 97 4 16 15 55 7 92 11 64 1 71 16 73 6 77 8 39 9 73 0 89 13 28 14 13 19 42 17 15 3 25 18 46 5 37
10 17 5 40 18 12 11 54 13 12 9 4 8 58 7 97 6 45 12 96 15 36 14 24 4 59 0 26 17 67 19 10 2 60 16 41 1 51 3 50
14 48 18 44 8 80 13 49 2 33 0 75 11 34 3 14 17 32 15 84 7 20 5 84 12 13 19 81 6 76 16 31 1 29 10 71 9 16 4 1
11 44 1 44 10 57 13 58 7 8 14 6 8 90 0 57 4 6 5 35 9 70 15 65 2 81 12 74 17 62 3 54 18 33 16 96 19 66 6 74
11 77 19 53 1 57 13 22 16 53 0 56 14 6 4 28 2 66 9 63 6 34 15 98 17 4 3 70 10 96 18 78 12 89 7 59 8 52 5 12
6 70 15 21 14 52 3 98 8 58 5 36 4 24 13 26 1 31 17 88 10 10 12 81 9 91 16 38 7 29 18 34 19 37 11 78 2 12 0 42
1 32 18 34 4 79 16 83 8 60 10 49 17 68 7 65 13 44 6 40 11 39 14 15 9 48 2 55 3 26 19 51 15 23 0 64 5 78 12 96
9 31 1 75 10 93 8 82 3 82 13 89 5 91 19 36 4 73 18 20 6 20 15 92 14 56 11 54 2 4 12 12 16 19 0 97 17 44 7 28
11 60 7 13 19 78 6 13 1 86 15 65 16 78 14 48 0 70 9 25 4 60 8 58 12 26 10 38 3 23 5 51 2 86 17 10 13 33 18 76
9 34 14 64 7 20 17 7 4 56 0 28 19 80 15 9 12 13 3 27 1 38 5 68 11 80 6 3 13 71 18 3 8 29 2 54 10 70 16 55
15 19 16 44 19 24 17 57 6 65 0 40 7 88 18 55 1 73 11 10 3 2 2 66 14 62 4 61 5 93 8 93 10 61 12 80 13 62 9 33
1 43 11 23 6 84 4 32 16 18 8 61 9 75 0 13 7 7 2 2 12 39 5 96 17 13 14 22 10 14 15 95 18 8 3 83 19 92 13 29
6 13 3 79 17 39 7 94 18 25 16 25 5 3 8 95 12 84 15 50 19 88 9 41 2 83 1 37 11 63 10 21 0 33 13 10 4 62 14 3
9 57 10 99 5 24 2 46 8 5 16 58 12 28 18 43 4 99 1 51 0 77 17 39 3 14 11 87 14 54 7 45 19 36 13 61 15 93 6 76
8 84 9 53 0 72 3 10 6 52 11 97 12 94 7 96 1 45 15 15 19 65 13 77 14 43 17 86 4 64 5 67 18 33 10 59 16 39 2 32
7 45 11 61 15 52 5 64 10 49 13 9 4 31 17 71 8 13 14 74 3 82 6 34 19 81 9 27 12 79 18 94 0 49 16 47 1 26 2 23
7 8 17 62 10 62 19 2 1 40 15 15 5 25 3 43 6 22 14 89 4 56 2 25 11 63 16 42 13 34 18 32 9 41 8 84 12 82 0 91
2 39 16 32 0 96 5 67 10 87 3 97 8 38 12 4 19 10 11 53 1 59 17 1 15 14 18 87 9 42 14 70 6 59 13 31 7 75 4 76
11 45 5 52 18 50 2 13 12 20 14 6 10 26 17 57 8 37 4 14 7 91 9 51 1 27 0 99 19 24 6 56 16 10 15 65 13 34 3 87
11 69 15 77 4 13 3 52 5 66 18 69 12 96 2 40 6 11 0 73 8 63 19 11 13 13 10 18 17 54 7 26 16 92 9 55 14 46 1 15
1 86 6 46 2 16 19 12 13 56 10 3 8 33 12 83 5 93 16 69 18 84 17 39 9 7 7 73 4 9 15 51 14 83 11 2 3 51 0 98
9 71 3 48 17 58 19 92 18 18 12 14 6 17 11 95 0 13 5 49 13 44 2 8 10 50 1 43 16 85 8 20 4 64 7 62 15 43 14 34
12 83 5 85 7 93 10 83 0 20 9 8 3 10 19 43 2 76 14 94 6 14 4 2 1 1 13 51 17 77 8 78 18 40 16 65 11 90 15 12
11 94 1 57 19 99 3 17 7 65 6 42 17 13 14 1 16 55 12 58 4 90 5 15 8 3 15 29 0 58 10 61 13 11 9 97 18 85 2 69
6 14 5 14 2 36 16 47 15 3 11 93 19 83 8 87 0 65 14 24 1 17 7 67 9 86 10 67 12 37 3 98 18 21 4 92 13 61 17 5
