100 20
3 21 13 19 6 39 5 48 8 54 2 94 9 91 0 96 14 99 7 55 4 60 1 64 10 3 12 8 18 54 16 25 17 27 11 55 19 63 15 49
18 97 6 39 10 49 7 49 19 20 1 94 8 66 9 16 0 62 5 44 12 21 2 64 3 93 15 66 13 59 17 58 14 34 11 31 4 15 16 37
7 63 19 60 6 64 8 27 12 12 4 20 9 79 5 68 1 36 16 43 17 24 14 17 13 57 18 46 10 64 2 73 0 63 3 7 15 9 11 84
7 68 15 5 2 85 6 79 0 53 14 69 1 50 12 80 5 18 17 90 3 61 16 32 8 27 4 10 11 6 13 44 9 72 18 87 10 47 19 66
10 7 9 29 19 96 13 93 18 28 12 68 7 19 15 39 17 74 11 27 2 79 0 7 14 20 16 54 6 11 1 45 3 48 5 9 4 78 8 71
13 91 1 92 10 63 6 13 2 8 16 63 12 51 4 75 17 17 14 34 0 17 9 82 19 84 8 89 18 36 15 91 5 73 7 92 3 60 11 39
16 11 6 18 10 92 12 23 3 52 1 81 19 75 0 14 13 74 4 95 15 49 9 30 14 30 17 73 11 62 18 15 2 73 8 31 7 64 5 94
7 97 14 6 1 46 12 21 16 88 8 14 10 63 2 9 13 1 11 75 17 51 19 57 5 6 15 44 9 46 6 57 3 12 4 68 18 31 0 9
12 14 13 49 6 64 15 29 17 30 10 18 3 80 8 28 0 71 5 19 7 4 19 48 4 8 14 27 18 11 2 66 11 37 1 41 9 57 16 85
16 18 12 87 18 55 6 15 1 83 5 14 9 74 0 47 3 89 11 50 13 27 19 32 10 57 2 33 4 59 17 81 15 86 7 96 14 60 8 77
3 12 11 34 4 48 15 60 6 62 9 66 12 79 10 18 7 97 0 43 19 97 1 26 16 38 5 72 17 26 14 15 13 55 18 94 8 25 2 88
9 42 16 22 6 60 17 21 11 99 3 51 1 19 19 4 7 78 4 40 18 65 5 57 15 76 8 42 13 60 10 48 2 90 14 71 0 92 12 6
3 29 6 12 9 57 12 66 15 35 13 2 4 13 18 97 8 40 11 34 19 57 14 32 5 33 17 65 2 16 1 45 0 18 10 90 7 28 16 71
12 58 4 24 0 78 17 74 11 66 9 72 16 44 5 9 7 40 2 47 8 36 15 79 13 39 19 43 1 55 14 93 10 95 18 63 3 81 6 21
16 98 0 79 12 48 10 46 8 80 14 81 13 76 17 26 4 26 2 80 19 24 1 3 18 75 5 17 6 83 3 21 11 80 9 94 15 39 7 60
14 55 8 52 19 98 18 43 16 10 13 69 7 81 11 81 15 60 10 33 5 43 3 25 12 84 2 18 4 83 17 67 0 80 9 28 1 75 6 92
10 73 15 47 1 85 6 73 2 41 17 26 7 1 12 11 5 28 18 78 14 50 16 23 8 63 9 24 3 16 0 57 19 31 13 79 11 12 4 56
8 75 19 16 14 43 18 56 4 48 6 35 10 77 12 93 16 38 15 46 5 25 9 83 13 85 1 95 17 46 0 77 7 24 3 21 2 49 11 34
6 69 3 18 4 34 5 82 15 31 11 41 7 87 14 73 2 99 8 14 10 35 0 44 9 97 13 8 12 65 16 23 18 4 17 59 19 80 1 8
14 94 4 58 3 95 5 56 2 8 8 89 17 70 19 41 0 75 15 13 18 11 13 78 1 53 16 32 7 14 12 86 11 21 6 55 10 71 9 21
9 36 18 17 0 8 13 76 16 50 10 16 15 79 6 70 17 5 19 38 3 90 11 73 2 21 8 79 1 98 14 43 12 76 5 27 4 91 7 37
12 25 3 45 10 52 2 18 15 54 19 39 1 71 7 77 4 90 8 19 13 54 17 41 9 70 14 30 11 97 5 28 6 4 18 72 16 7 0 4
13 3 1 51 4 31 15 33 12 95 5 29 17 14 14 19 19 50 7 79 3 86 0 83 6 49 8 84 11 68 18 71 9 99 2 82 10 65 16 25
9 82 12 80 8 67 4 94 10 37 14 7 1 99 5 93 11 18 19 16 13 23 18 38 17 54 7 44 2 70 15 45 3 24 0 86 16 6 6 50
14 49 2 99 17 75 10 61 8 19 4 43 18 65 3 8 9 8 1 26 19 15 13 51 11 93 6 66 15 49 5 73 16 11 7 18 12 36 0 82
15 15 6 50 18 74 12 38 13 93 2 82 10 20 0 24 7 77 3 6 14 78 4 88 8 71 5 37 1 36 19 38 9 68 17 56 16 96 11 32
16 5 7 91 14 41 12 97 13 13 19 72 18 29 10 70 0 30 9 69 17 8 5 16 1 27 3 68 6 82 8 89 4 92 15 32 11 38 2 57
10 86 9 89 16 94 5 15 14 14 11 35 8 56 2 61 17 32 4 89 0 69 7 3 19 87 15 54 12 46 1 3 6 71 13 82 18 84 3 33
2 65 13 94 3 22 9 86 18 53 0 61 12 79 17 86 8 37 7 77 19 93 4 62 14 2 11 33 6 15 10 41 16 60 1 92 5 70 15 97
5 86 4 53 16 37 11 79 19 89 6 75 2 14 10 23 7 6 12 28 1 67 18 15 14 2 17 66 0 69 15 93 13 90 9 43 3 8 8 64
16 62 10 6 1 21 11 70 5 52 12 8 3 13 19 54 9 17 4 2 15 94 8 28 2 29 13 4 0 84 7 45 14 29 18 82 6 23 17 93
1 13 8 89 17 12 18 82 12 89 3 83 13 46 9 42 10 1 16 57 7 13 4 96 6 29 5 95 15 66 14 46 11 84 19 53 0 9 2 83
7 73 3 78 8 79 1 84 11 74 14 87 4 19 16 86 6 36 10 15 17 27 12 57 2 43 18 92 13 1 9 93 5 37 19 14 0 50 15 19
18 69 7 15 17 62 0 28 15 42 5 6 3 56 19 83 12 93 14 6 9 37 11 84 1 5 4 49 2 84 8 66 13 83 16 29 6 3 10 58
2 63 9 11 13 24 8 67 10 56 7 18 5 16 18 87 12 92 11 76 0 85 6 14 19 16 15 65 3 6 1 32 17 92 4 53 16 57 14 24
19 66 2 39 16 87 17 8 4 96 1 15 3 61 18 22 6 88 15 37 9 38 11 24 0 76 13 19 7 90 14 7 8 28 5 11 10 70 12 34
16 22 7 42 2 18 14 98 9 83 11 17 19 6 15 19 1 75 4 58 8 21 13 12 0 49 18 47 5 89 3 57 12 37 6 10 10 74 17 66
10 81 15 58 6 33 8 73 12 91 14 45 5 29 4 43 0 8 18 6 9 41 2 8 7 69 11 81 16 81 19 86 17 47 1 58 3 42 13 18
14 88 17 42 7 6 2 24 8 7 4 38 3 3 18 47 6 24 13 63 0 36 15 32 19 97 10 59 12 90 1 9 5 14 11 19 16 39 9 16
11 16 8 94 19 65 14 94 17 5 13 7 7 77 6 21 0 32 15 97 9 41 2 77 3 66 4 95 18 72 12 18 16 16 10 79 1 28 5 57
4 20 18 60 0 17 1 54 6 51 15 54 11 89 10 17 17 89 14 11 2 70 9 91 3 86 16 86 8 85 7 9 12 4 5 16 13 9 19 5
4 70 16 61 1 97 5 42 15 30 12 21 14 85 3 93 10 57 13 46 9 24 19 20 0 58 6 97 8 81 7 86 11 95 2 11 18 70 17 27
7 54 0 67 10 6 12 65 5 67 6 56 18 89 14 28 11 98 15 55 3 6 17 96 19 30 4 15 8 28 1 79 2 95 13 5 9 50 16 7
19 32 7 46 17 38 15 56 6 56 4 78 9 91 2 42 3 9 11 3 13 6 10 31 5 75 16 41 0 88 14 15 1 68 8 23 12 6 18 96
16 78 4 19 12 82 2 38 11 54 9 33 18 83 0 11 7 15 17 74 19 72 6 79 1 93 8 73 10 74 13 72 5 78 15 11 3 36 14 44
16 21 14 18 19 52 12 21 3 47 4 66 15 67 6 99 9 72 7 24 11 1 0 53 13 39 8 46 1 56 5 49 10 30 18 96 17 47 2 36
15 61 19 36 2 62 6 13 14 45 1 49 4 21 9 71 16 10 18 66 5 90 10 90 12 20 8 98 0 88 11 77 3 14 7 93 13 81 17 10
3 99 19 14 1 51 18 3 16 29 14 78 12 52 11 1 0 42 8 8 15 76 5 90 9 93 2 62 7 65 4 93 6 70 13 24 17 6 10 88
9 11 6 19 14 29 15 93 8 12 17 57 13 24 3 35 4 19 11 10 7 63 10 83 1 85 5 63 12 19 2 95 0 91 18 46 19 96 16 93
7 43 0 92 8 32 16 63 11 25 15 72 6 20 18 40 12 37 17 91 3 31 13 62 10 93 14 71 1 10 9 94 2 34 4 7 5 98 19 71
3 89 9 99 5 62 12 61 10 60 6 24 15 54 16 23 2 66 4 12 1 39 8 35 18 19 14 81 19 48 11 75 7 22 13 33 0 91 17 48
8 16 16 56 18 41 9 2 17 86 5 69 19 39 13 86 14 76 12 46 0 93 7 41 1 84 6 94 10 83 11 47 3 63 2 10 4 53 15 91
19 78 10 16 11 10 0 79 15 76 16 31 9 78 18 54 4 10 7 78 6 51 3 84 2 10 13 41 17 86 12 20 1 3 5 50 14 71 8 60
17 67 15 17 1 72 6 17 9 84 2 17 13 24 0 87 5 95 3 52 11 54 14 21 12 47 16 57 8 64 10 75 4 40 18 91 19 29 7 35
1 98 8 16 12 87 0 56 14 66 11 31 4 48 13 95 17 28 6 1 16 88 7 23 10 97 18 31 15 84 3 26 19 80 9 61 2 10 5 83
0 21 4 1 11 41 14 89 8 25 1 86 7 50 2 32 12 99 18 29 3 23 16 56 13 19 6 61 5 87 17 61 9 96 15 4 19 75 10 92
13 97 5 94 2 31 3 43 10 19 14 79 16 12 18 46 12 59 6 34 9 53 11 6 17 59 1 7 0 37 8 90 7 76 4 93 19 21 15 51
14 35 2 19 16 81 13 90 9 49 7 33 6 37 8 48 12 79 5 85 0 89 15 93 1 56 18 37 10 37 17 13 11 54 19 59 3 99 4 76
18 87 14 73 8 45 7 91 19 96 6 53 2 60 13 71 16 16 3 56 12 5 15 55 11 16 9 94 5 30 4 38 17 2 0 26 10 80 1 46
13 73 6 65 11 21 7 77 0 60 10 41 1 75 14 90 16 30 19 24 4 35 5 2 12 52 2 63 9 56 15 61 17 77 8 39 18 89 3 23
2 25 8 32 19 83 13 58 12 57 1 92 0 54 17 40 11 20 14 18 3 4 7 87 4 10 16 98 10 12 6 32 9 60 15 27 5 99 18 48
1 21 17 85 3 11 4 72 12 91 8 59 13 25 15 79 9 87 16 55 0 7 7 22 6 56 19 84 14 61 5 74 2 70 10 33 18 57 11 9
15 8 19 49 5 93 14 37 0 49 17 7 18 84 12 36 2 37 8 43 13 74 1 49 9 69 10 27 4 82 6 30 16 89 7 72 3 60 11 90
8 31 4 27 7 89 10 83 16 22 3 14 14 69 6 62 17 25 11 77 12 69 15 88 13 47 2 92 19 62 5 57 18 36 9 66 0 86 1 75
8 79 5 57 14 80 9 3 2 29 12 83 10 84 15 50 4 74 0 78 6 36 19 5 3 51 18 87 13 78 17 28 1 55 11 70 16 19 7 74
9 77 18 27 14 95 8 38 1 54 19 41 15 68 16 90 0 20 11 48 3 19 7 6 13 31 6 26 17 99 2 38 12 51 5 61 10 66 4 46
5 28 1 59 7 40 14 92 19 66 13 70 2 49 11 38 16 99 10 4 3 55 0 62 8 7 4 65 6 53 12 31 15 63 18 3 17 89 9 90
10 10 7 7 2 41 6 95 15 4 11 57 5 95 18 14 8 90 13 1 19 25 12 41 3 38 17 84 16 12 14 5 9 64 1 92 4 53 0 3
11 88 12 93 13 59 14 21 0 41 7 14 16 90 10 2 1 18 8 91 3 18 6 54 18 73 17 18 15 47 9 86 2 96 5 90 19 3 4 88
8 77 16 42 12 32 6 94 0 93 10 24 5 12 19 47 2 84 11 73 13 18 7 18 9 44 14 98 17 54 15 30 3 55 1 57 4 76 18 23
1 5 17 28 16 85 3 6 2 76 12 31 9 47 14 95 7 33 6 31 11 21 8 68 0 34 19 90 18 8 4 55 10 86 13 10 5 79 15 95
3 78 18 92 13 90 12 83 14 97 7 30 15 30 1 56 5 56 4 98 0 50 11 51 6 99 16 75 8 74 17 95 9 25 10 71 2 68 19 95
11 93 13 95 19 28 10 60 4 83 1 23 12 66 18 42 6 31 16 63 2 45 14 65 7 84 8 3 3 88 5 59 15 30 17 94 9 7 0 11
8 82 17 44 3 74 0 41 11 72 7 70 14 92 1 19 12 95 6 19 15 38 9 43 4 81 5 4 16 84 19 89 18 82 2 62 10 7 13 1
10 70 5 20 17 61 9 33 16 31 11 88 14 46 15 71 18 26 13 12 1 52 4 12 8 45 7 18 12 69 6 19 19 98 0 55 3 27 2 52
8 8 0 83 16 69 15 71 19 99 6 32 13 9 5 44 4 52 12 11 3 8 1 6 11 96 10 8 17 59 14 76 18 80 2 53 7 64 9 79
14 66 8 53 19 97 11 44 3 77 10 90 0 37 12 72 15 13 17 75 13 55 9 9 16 25 1 78 5 97 4 81 2 28 18 66 6 66 7 21
5 26 3 4 17 22 12 62 2 68 13 88 11 29 18 52 4 78 1 90 8 85 14 60 15 65 6 12 19 28 0 81 16 61 7 23 9 74 10 52
13 12 15 95 0 31 7 1 11 13 1 39 16 72 17 26 10 3 12 59 9 44 3 64 19 27 14 53 4 33 6 51 5 43 8 33 18 65 2 58
17 62 5 93 9 49 18 93 0 80 7 26 14 10 4 41 8 66 1 42 13 63 12 22 16 5 2 83 6 62 19 29 15 48 10 99 11 37 3 66
9 21 12 1 15 82 8 58 10 25 6 60 3 9 1 99 19 70 13 68 11 40 2 32 7 1 16 72 4 58 14 46 5 53 18 99 0 84 17 20
7 49 19 57 12 40 5 95 0 61 15 58 17 51 16 72 10 15 8 62 2 93 13 44 3 69 6 6 4 33 9 45 11 75 14 71 18 68 1 50
7 88 0 15 14 11 8 74 9 42 19 8 15 94 3 35 10 77 4 60 17 75 12 57 1 55 18 65 5 93 11 8 16 17 6 7 2 15 13 83
2 85 1 59 11 41 0 32 8 88 14 20 19 29 7 4 10 20 17 69 15 70 9 70 13 52 12 76 6 3 3 1 4 86 16 45 18 44 5 35
5 43 8 67 19 36 7 52 17 25 12 11 1 37 3 92 13 39 0 41 9 41 18 64 4 42 10 8 14 26 2 62 6 43 11 74 15 17 16 2
14 85 8 17 19 94 12 95 6 21 1 57 16 15 3 81 0 55 5 85 18 51 10 52 9 36 13 80 11 18 7 84 15 48 4 55 17 23 2 64
15 53 9 12 13 74 8 13 17 82 10 49 16 91 19 35 12 75 3 82 4 81 5 99 11 65 0 25 6 69 14 67 1 13 2 87 18 20 7 55
5 28 18 23 4 96 1 30 0 70 8 1 11 57 12 12 14 31 9 45 19 42 17 74 3 12 16 82 13 80 2 77 15 97 10 95 7 27 6 60
7 29 18 49 11 21 4 63 19 19 8 33 14 42 0 67 16 13 6 83 2 42 3 14 15 77 9 73 13 81 1 63 5 74 17 63 12 63 10 29
19 83 4 28 17 23 2 5 11 59 3 69 6 36 5 61 1 48 8 22 13 78 0 21 18 35 9 60 10 52 7 61 14 49 15 12 12 75 16 20
7 80 12 89 15 96 16 73 6 13 13 32 2 22 10 61 18 8 9 31 8 37 4 10 11 51 3 51 5 26 1 1 14 32 17 22 19 6 0 65
1 82 16 98 14 30 19 43 3 12 2 51 13 68 0 7 11 2 7 8 10 78 5 94 8 13 15 22 12 10 6 15 18 61 17 73 9 2 4 64
17 30 6 76 19 19 2 20 13 59 4 61 8 75 18 58 11 27 9 86 10 14 14 54 3 88 5 75 7 12 0 50 12 61 1 1 15 47 16 79
0 7 10 37 5 68 9 97 15 85 14 61 8 80 13 68 7 54 11 28 19 3 16 74 3 68 1 63 2 38 18 68 6 10 4 3 12 24 17 50
4 48 12 5 6 63 8 28 7 51 19 49 3 12 11 2 5 58 13 41 15 97 1 24 18 79 16 72 14 76 2 48 10 53 9 84 0 44 17 88
12 76 0 26 7 57 1 14 11 38 8 83 5 21 4 8 15 39 19 69 9 27 16 32 6 46 2 94 10 8 18 5 13 27 17 57 3 45 14 12
6 18 5 40 18 46 17 37 13 40 19 55 2 54 12 38 1 36 4 69 11 82 14 51 16 97 3 87 15 35 0 85 10 57 7 1 9 73 8 69
16 89 5 4 0 83 2 63 6 18 4 8 9 9 1 33 18 7 12 88 19 45 8 91 15 54 11 59 3 71 13 30 17 98 10 67 14 63 7 30
5 88 0 62 15 18 10 45 12 96 7 36 6 12 2 1 19 16 4 2 1 19 16 96 8 94 17 27 9 66 14 62 13 36 18 10 11 99 3 50
17 39 15 61 2 95 11 40 14 42 1 54 10 97 18 61 12 75 16 35 5 36 19 50 6 74 7 79 3 66 13 58 4 93 8 30 0 72 9 51
