100 20
8 13 6 43 12 96 7 12 2 96 1 48 19 70 4 43 16 33 13 45 17 53 0 33 5 8 3 25 18 61 10 94 15 2 11 37 14 23 9 68
18 64 11 16 10 72 13 67 6 65 19 59 14 25 4 27 3 26 15 97 17 27 12 35 16 64 8 18 0 66 5 25 1 68 7 93 2 44 9 69
10 48 6 52 9 77 19 57 4 3 8 11 11 47 17 61 13 78 7 36 18 26 5 83 12 57 0 52 2 28 1 16 16 40 14 99 3 37 15 62
4 69 7 76 14 81 16 92 6 89 1 23 17 83 5 24 10 6 13 21 2 8 11 69 12 15 0 2 3 73 19 77 9 7 8 86 15 16 18 73
19 90 8 9 9 81 3 53 18 80 17 11 14 11 1 29 16 26 11 86 12 97 2 2 10 58 0 59 13 26 15 8 7 3 5 72 4 69 6 57
14 84 10 70 8 63 2 14 17 89 5 37 4 45 16 60 1 41 3 87 6 6 15 58 13 34 12 62 11 30 19 8 9 5 18 37 7 75 0 90
10 58 6 39 19 50 18 34 13 6 4 29 14 31 1 88 2 2 8 57 0 9 16 32 3 82 17 35 5 80 15 30 7 20 11 4 9 29 12 24
4 53 13 29 11 32 19 75 5 11 18 89 6 87 16 44 0 9 14 47 2 28 15 71 7 91 9 38 12 93 8 53 1 72 10 30 17 28 3 95
2 27 3 71 0 65 6 48 15 33 5 65 12 73 7 20 10 59 18 22 16 15 8 95 19 94 1 1 11 31 17 69 9 67 4 71 14 70 13 46
9 40 5 51 14 55 8 97 15 40 10 41 4 53 6 36 3 22 19 80 13 96 7 55 17 75 2 87 12 92 18 63 11 45 0 50 16 51 1 81
13 1 0 52 15 11 17 29 2 36 12 31 14 28 18 92 3 61 10 28 19 60 9 50 6 26 11 46 5 80 1 76 8 64 7 53 4 84 16 87
5 99 16 46 12 67 10 28 6 10 18 13 9 21 8 4 17 53 11 41 19 55 14 71 7 21 1 46 15 98 0 25 13 14 3 8 2 78 4 34
10 72 14 23 4 33 2 88 12 79 1 73 17 16 3 67 13 89 7 94 16 22 18 67 5 81 8 16 15 31 6 8 9 33 11 59 0 94 19 88
3 95 5 56 8 59 16 42 11 65 15 66 19 1 2 67 1 54 12 14 10 27 14 44 13 93 18 55 9 54 4 61 7 20 17 28 6 55 0 33
4 65 0 26 2 12 11 71 13 75 12 93 17 80 7 11 14 46 6 22 5 8 8 97 10 89 1 47 15 31 19 36 16 65 18 42 3 83 9 99
15 67 17 93 6 36 9 26 13 53 16 34 7 41 8 5 18 39 4 49 12 19 1 62 14 97 3 84 10 81 11 31 19 90 0 13 2 59 5 20
4 36 11 62 1 16 18 96 8 38 15 88 9 47 16 62 13 5 6 29 12 29 14 98 7 73 2 90 19 96 5 94 3 83 10 57 17 56 0 88
0 39 6 70 16 21 10 97 9 2 17 27 15 33 19 26 5 86 13 50 3 89 7 45 11 16 8 1 2 37 12 88 18 95 1 43 4 60 14 66
4 78 18 53 14 29 2 57 7 12 1 18 5 4 11 67 9 75 13 14 15 21 8 69 17 92 10 19 16 14 12 98 3 97 6 26 19 12 0 55
14 65 1 6 15 45 0 36 8 56 5 19 6 88 18 73 16 7 10 13 2 67 9 10 19 75 12 51 13 5 11 95 7 90 4 53 17 35 3 75
14 6 11 74 0 13 19 16 5 61 3 86 1 30 7 80 16 93 12 87 4 40 18 51 17 64 13 55 2 2 9 86 8 74 6 64 10 6 15 13
12 68 19 33 11 10 16 38 18 35 0 71 7 48 10 79 6 36 17 11 4 18 8 32 9 24 1 1 5 80 3 72 2 82 14 45 13 35 15 92
10 56 9 58 17 92 5 50 7 27 2 84 1 4 0 80 11 53 6 35 3 6 8 88 18 47 13 43 12 84 14 50 16 83 4 23 15 30 19 73
17 88 14 87 18 95 16 15 10 92 4 67 5 17 1 73 11 43 19 26 8 66 7 91 2 41 3 43 9 20 15 90 0 51 12 76 6 44 13 56
10 64 11 64 12 52 17 39 14 24 6 50 2 47 0 86 16 35 4 45 18 63 19 91 5 26 15 97 9 48 13 11 8 23 3 90 7 66 1 47
13 97 14 46 18 39 1 3 16 17 6 95 3 65 10 1 8 40 0 68 9 4 7 50 2 70 11 68 12 80 15 7 5 44 4 76 19 73 17 91
6 88 4 57 10 77 11 8 15 5 18 62 5 16 2 40 9 45 14 29 0 31 16 91 12 5 7 49 17 71 8 9 3 5 13 80 1 58 19 32
17 38 2 48 4 80 1 94 10 94 6 4 18 44 8 6 7 43 19 31 15 85 14 51 12 86 16 15 13 45 11 93 0 58 3 52 9 38 5 61
16 70 5 8 8 41 3 80 15 36 4 38 18 67 1 5 17 53 12 55 7 21 10 69 2 47 11 84 19 1 0 81 14 74 6 32 9 2 13 99
13 86 5 12 11 41 9 40 15 78 6 73 19 86 17 9 8 90 12 47 14 82 0 22 3 84 2 74 16 88 18 35 7 13 1 70 10 21 4 61
14 20 13 84 19 99 5 84 9 58 6 5 15 44 17 75 11 45 16 8 18 64 1 11 4 41 12 95 7 87 0 18 2 95 10 42 8 47 3 43
3 68 14 64 5 35 11 70 12 11 6 95 19 81 10 65 9 95 7 60 15 30 8 84 16 88 17 79 2 84 4 56 0 9 13 3 1 55 18 43
0 10 10 51 8 85 14 93 18 31 15 78 5 66 17 6 1 9 19 75 4 73 16 92 9 98 3 43 6 86 2 95 11 65 13 9 12 65 7 20
17 59 2 9 13 39 11 44 12 17 7 62 3 76 9 71 5 67 0 67 15 85 16 96 10 44 8 63 4 75 6 55 18 3 1 2 14 76 19 31
14 57 12 38 11 1 1 48 9 35 16 21 10 11 0 23 13 41 19 19 18 90 6 49 7 3 4 9 15 62 5 69 2 42 8 38 17 36 3 21
17 54 7 67 14 15 1 53 4 85 5 39 18 28 15 18 13 59 11 86 6 42 3 48 10 66 8 68 19 42 0 14 16 20 2 41 12 2 9 84
12 61 17 18 14 62 13 80 4 77 2 79 1 55 7 91 9 84 10 33 18 12 8 41 11 90 15 55 19 20 3 89 0 83 6 78 16 63 5 74
9 71 5 72 4 30 14 83 13 8 8 49 10 68 7 46 18 23 11 62 16 64 19 33 1 77 6 67 2 7 17 92 0 35 12 90 3 45 15 45
5 53 3 88 6 90 18 87 1 69 12 75 0 70 15 67 10 67 4 53 7 98 14 41 11 58 19 65 17 17 16 6 9 45 8 98 13 51 2 7
11 73 16 96 10 55 15 44 7 5 0 20 8 4 14 9 5 48 1 18 9 48 13 2 12 2 19 11 4 38 18 94 3 72 6 69 2 4 17 58
5 87 15 27 10 40 1 94 3 75 12 71 9 57 7 16 8 77 19 64 11 57 18 5 17 37 14 56 6 14 2 23 13 31 4 78 16 7 0 85
5 26 4 68 0 4 13 74 19 25 12 9 15 56 2 47 8 43 3 12 18 95 9 4 11 59 1 6 7 28 17 16 16 27 10 28 6 15 14 37
2 27 4 3 17 30 11 62 3 8 7 73 15 70 16 37 1 28 6 14 0 44 19 93 12 5 9 27 14 79 13 70 10 61 18 11 8 87 5 91
10 96 8 83 6 56 16 64 19 49 12 90 14 92 17 94 18 3 7 46 13 27 15 24 9 20 3 91 0 28 11 93 4 92 1 19 2 10 5 67
10 66 0 83 1 4 18 70 19 96 15 56 7 36 3 18 2 42 9 34 11 18 8 49 17 69 5 98 4 97 12 16 13 61 16 49 14 44 6 99
2 40 10 72 9 82 14 54 0 30 4 47 18 97 12 92 13 97 16 24 8 2 5 28 19 13 17 17 3 85 1 82 6 23 11 40 15 38 7 24
19 49 17 36 12 53 1 84 10 92 2 84 11 55 18 4 13 27 3 87 0 86 9 86 5 7 4 51 15 16 8 97 16 78 7 40 6 26 14 83
7 6 12 26 10 30 6 85 11 34 2 14 14 56 15 49 16 38 0 46 17 22 3 11 9 2 5 4 18 15 13 66 4 72 8 94 1 39 19 24
7 15 19 42 6 8 3 58 9 54 10 66 1 94 8 20 16 95 5 74 4 36 12 79 15 55 17 65 14 76 2 29 18 53 0 69 11 69 13 56
2 8 3 37 9 45 7 3 14 86 13 75 19 93 15 63 0 98 10 56 4 68 8 70 16 81 6 7 18 79 1 20 17 67 12 73 5 50 11 76
1 70 10 43 4 27 13 8 5 83 15 63 14 72 11 3 0 55 17 89 7 58 8 1 19 31 9 68 16 77 3 46 2 83 12 5 6 16 18 8
1 70 9 89 6 92 2 82 4 17 13 21 17 35 12 97 0 74 3 43 11 13 15 55 19 20 8 52 10 70 7 75 18 47 5 65 16 38 14 25
6 73 17 20 16 51 15 99 5 10 0 22 2 33 19 55 9 59 7 20 13 75 12 65 14 99 10 11 1 87 4 14 18 79 8 61 11 10 3 11
5 16 8 70 13 61 1 91 16 11 9 59 12 5 15 90 3 56 14 54 4 61 11 47 7 96 19 30 10 97 18 40 17 88 2 24 0 46 6 27
10 23 16 87 11 86 0 19 5 1 13 91 8 25 9 49 19 54 17 66 15 24 7 8 3 71 6 28 1 34 4 17 18 24 12 59 2 65 14 65
13 98 1 92 15 53 3 94 9 19 16 34 8 34 10 89 5 55 2 54 11 39 6 34 17 17 14 39 7 59 4 2 12 79 0 84 18 49 19 22
7 71 0 42 17 29 5 71 2 21 15 1 12 3 10 93 16 37 18 48 4 73 11 49 19 58 9 72 14 5 3 40 6 6 1 41 8 47 13 76
2 50 13 26 6 58 5 5 4 35 18 75 12 97 1 15 16 71 7 97 9 15 10 64 14 52 0 37 8 18 11 97 17 15 15 25 19 86 3 36
9 24 13 44 1 36 4 24 15 22 12 44 0 68 7 48 11 77 10 55 5 18 17 16 18 67 8 4 16 94 2 60 3 81 6 99 14 14 19 71
10 2 18 60 7 10 3 37 19 14 1 98 14 47 11 20 0 18 15 53 12 76 13 94 6 88 4 83 5 4 8 39 2 6 9 19 17 38 16 71
13 29 15 58 19 78 12 88 9 58 3 40 2 89 18 8 8 68 17 69 0 21 16 85 7 46 4 98 6 48 5 74 1 93 11 90 10 39 14 49
7 83 16 83 4 64 17 1 12 27 3 38 13 91 15 35 11 76 2 29 5 11 14 8 10 61 9 33 0 20 1 89 6 22 8 26 19 98 18 63
6 70 14 45 10 20 16 50 8 74 15 61 7 21 5 58 4 41 0 76 12 30 11 79 3 66 1 55 2 56 9 74 17 3 18 37 19 2 13 73
18 59 12 32 16 51 15 29 3 75 11 71 5 70 19 7 6 2 2 51 14 65 9 26 10 1 0 8 13 54 1 19 7 70 4 34 8 90 17 8
0 98 18 68 11 40 3 1 12 69 9 65 15 8 19 77 2 23 7 50 10 50 6 67 1 63 13 41 4 63 16 63 14 56 8 86 5 87 17 83
7 10 1 50 10 87 16 84 13 33 6 40 15 17 3 27 19 28 8 41 9 13 2 30 0 48 5 29 18 61 17 35 4 21 11 71 14 83 12 62
8 24 3 77 0 4 2 35 6 52 4 33 1 83 9 70 19 28 7 26 18 92 12 23 16 70 15 51 5 32 17 17 11 72 14 40 13 37 10 52
8 22 11 61 17 11 14 71 4 67 6 84 7 74 5 27 15 52 13 26 10 96 12 58 3 22 9 39 2 40 18 88 19 97 1 39 0 39 16 23
10 87 19 10 14 76 16 74 4 21 12 25 11 15 3 50 2 24 7 88 13 45 15 37 8 96 0 15 6 88 17 27 9 31 1 92 18 90 5 40
12 90 8 96 13 76 0 97 19 57 15 13 11 85 5 72 18 87 7 12 14 87 16 18 10 58 4 90 17 1 9 96 2 72 1 21 3 80 6 80
19 92 0 46 6 16 13 36 4 50 14 40 9 95 18 96 12 53 10 47 17 24 16 40 7 86 3 98 1 74 15 55 2 22 5 49 8 69 11 96
11 12 15 56 4 65 3 16 13 22 12 2 19 58 1 12 0 76 9 48 6 64 7 65 5 74 10 73 18 28 17 8 14 48 16 47 2 57 8 70
14 86 3 70 13 61 10 17 18 11 6 67 12 30 11 11 17 74 9 8 7 84 4 90 2 1 16 93 8 62 0 46 19 99 15 57 5 80 1 71
0 31 12 79 17 58 16 34 18 92 9 87 14 14 3 72 11 73 8 87 10 49 5 55 2 53 7 30 4 32 13 91 1 31 15 83 6 75 19 61
5 92 10 69 0 39 9 23 6 27 16 4 12 18 11 93 3 5 19 53 15 95 7 45 8 86 14 8 4 31 17 99 2 75 18 75 1 69 13 57
17 99 6 75 9 67 3 40 8 8 2 14 13 16 10 50 18 32 14 9 12 70 5 15 11 93 4 51 15 4 19 22 0 8 1 20 7 7 16 30
11 40 18 62 3 16 5 50 16 50 7 30 0 35 6 73 13 58 8 81 9 26 14 77 17 27 4 80 12 82 19 75 15 85 1 21 10 45 2 7
3 39 14 38 15 18 1 42 19 60 17 86 13 36 18 56 16 21 7 10 10 60 0 9 4 50 6 20 11 63 9 30 2 55 5 53 8 30 12 29
18 4 8 76 11 67 0 71 16 80 2 17 4 98 15 16 1 61 6 19 13 58 5 18 12 37 3 50 7 53 19 39 9 52 10 40 17 85 14 3
14 19 10 62 19 44 8 32 6 31 2 3 4 35 16 21 13 21 5 66 1 79 0 5 9 73 11 4 18 59 15 38 17 57 12 56 7 16 3 79
13 70 7 39 17 2 1 49 10 7 3 31 9 54 6 71 12 76 16 55 5 21 0 37 14 66 19 1 4 85 18 11 2 73 15 80 8 41 11 98
7 14 4 50 12 24 6 51 3 73 1 82 2 68 13 94 14 3 19 10 16 96 5 57 17 9 15 17 10 4 8 80 11 83 0 10 9 49 18 66
12 64 4 55 19 6 8 14 17 43 15 27 13 39 0 15 2 61 1 29 7 12 10 7 18 16 14 37 5 87 6 59 9 13 3 46 11 60 16 92
14 10 16 18 15 79 10 62 3 10 8 84 9 6 7 27 12 93 6 11 2 71 13 60 1 33 11 7 18 4 5 41 4 38 19 99 17 2 0 60
7 50 5 86 8 97 0 53 4 42 17 92 13 68 9 12 11 59 15 32 18 63 6 64 3 75 1 95 12 8 16 13 14 17 19 95 10 50 2 57
7 39 13 94 16 83 6 29 2 83 5 39 4 27 12 84 1 43 9 68 19 17 18 13 3 36 8 48 15 59 11 74 0 88 17 72 10 98 14 80
18 53 17 69 10 53 13 5 14 8 11 64 16 54 12 36 6 27 3 47 7 98 15 74 2 65 19 96 0 69 9 74 8 28 4 82 5 1 1 22
18 65 1 94 5 16 15 41 14 66 6 97 4 18 12 33 13 5 0 29 11 65 19 72 9 80 2 85 10 47 17 91 8 75 16 8 3 51 7 32
9 15 11 75 8 40 4 34 7 77 12 58 15 71 14 41 16 41 10 3 2 4 18 53 0 51 5 93 6 98 3 97 1 97 17 73 19 89 13 41
5 24 18 3 11 41 12 53 19 34 4 15 0 66 7 56 13 75 3 62 14 3 16 91 6 79 8 43 15 25 17 60 9 18 1 40 2 91 10 42
2 35 17 16 15 67 4 66 3 14 13 96 8 94 6 42 10 4 7 95 5 69 9 84 14 11 12 69 0 87 1 15 19 54 11 84 16 19 18 11
10 73 5 97 2 52 15 64 13 5 0 2 4 95 17 41 3 50 1 73 12 38 7 53 6 82 8 85 11 4 18 90 19 5 14 94 9 34 16 18
8 7 5 52 9 16 6 44 12 16 15 35 18 17 14 39 13 36 11 5 10 36 3 13 19 80 4 87 1 80 2 74 17 22 0 92 7 44 16 61
9 63 6 17 18 37 12 70 11 38 15 93 10 16 5 71 13 57 16 35 17 19 2 9 3 97 14 66 8 12 0 33 4 61 7 28 1 85 19 21
14 19 3 33 11 1 1 78 2 33 4 32 13 27 10 33 15 77 16 25 7 11 12 9 17 4 0 10 8 79 6 47 5 39 9 25 18 5 19 2
18 37 13 51 19 58 5 1 2 28 3 74 7 93 11 82 17 8 15 15 9 6 16 16 14 34 12 52 6 23 0 2 1 39 4 86 10 29 8 10
10 69 19 46 1 55 15 11 18 68 0 37 3 6 6 21 9 46 5 65 7 31 16 68 8 26 14 92 12 8 13 76 11 20 4 98 2 59 17 1
10 36 8 34 11 54 2 82 17 92 13 44 6 91 19 92 0 97 18 90 5 22 7 55 1 36 4 57 14 19 9 80 3 54 12 8 16 77 15 67
7 99 19 1 18 1 12 3 5 91 11 74 0 94 16 27 13 86 8 75 2 88 17 98 1 96 14 9 10 19 3 63 4 25 9 4 6 77 15 26
9 81 11 36 13 8 5 8 3 25 4 36 7 56 16 82 14 31 17 30 12 10 15 44 18 45 8 37 2 14 1 5 6 84 0 46 10 60 19 56
