100 20
17 93 12 43 15 50 1 16 7 73 4 27 0 80 6 51 18 76 2 42 14 82 19 24 16 67 13 98 8 35 9 12 3 65 5 42 11 11 10 20
14 73 9 22 19 84 6 79 2 87 3 29 10 78 16 25 0 66 5 46 17 14 1 66 15 87 7 85 18 41 11 6 8 72 12 70 13 9 4 99
5 32 0 79 12 49 16 62 7 70 17 47 2 92 10 66 8 90 3 50 11 6 9 51 6 92 18 36 4 88 1 66 19 37 14 81 15 42 13 61
11 21 10 82 3 84 18 19 7 59 17 42 8 98 19 68 0 1 14 77 4 9 9 22 5 28 16 50 12 65 1 38 13 39 6 86 15 69 2 28
4 90 17 14 5 16 2 14 18 56 3 32 13 25 0 22 15 99 1 1 10 97 7 17 16 11 12 32 14 13 8 77 11 75 9 56 6 79 19 55
5 65 10 46 13 26 7 82 3 20 2 61 15 66 0 29 1 24 9 50 11 4 17 72 16 60 6 50 19 83 18 89 4 72 14 85 8 81 12 48
18 37 5 4 16 37 6 59 11 19 17 26 7 73 19 90 10 20 0 97 15 31 4 55 9 29 12 19 14 35 1 71 3 13 13 44 8 78 2 32
10 83 18 26 3 13 4 18 1 23 14 78 19 23 6 35 2 52 9 5 0 13 8 59 13 17 15 78 11 17 5 72 16 55 12 23 17 87 7 4
6 56 19 19 9 52 4 41 5 48 1 3 14 7 7 4 10 60 2 89 11 58 18 54 13 2 16 8 8 82 12 98 15 8 0 98 3 21 17 91
14 14 16 25 13 65 15 84 18 58 3 3 7 82 2 96 0 46 9 83 5 24 4 56 1 78 19 92 12 86 11 35 8 75 17 42 10 88 6 77
11 23 12 3 3 66 14 53 8 68 9 87 13 56 7 51 18 79 0 91 17 27 2 23 1 62 4 12 19 87 10 90 16 45 15 28 6 52 5 22
13 82 10 24 6 15 16 94 11 31 12 2 18 97 7 8 4 57 15 2 5 59 19 36 1 39 14 1 8 16 3 5 2 22 0 61 17 67 9 16
13 93 6 36 12 6 9 8 11 41 0 47 19 32 4 45 3 23 1 4 10 90 2 64 15 50 8 89 16 85 18 50 17 18 7 13 5 39 14 6
1 34 17 89 10 34 13 30 2 27 5 19 18 90 19 95 14 79 7 96 12 64 6 17 4 74 8 3 0 53 15 95 11 30 3 66 9 35 16 78
10 3 19 45 9 6 0 11 8 20 6 92 15 66 7 87 11 51 2 51 13 14 1 92 4 21 14 75 16 62 12 70 18 80 3 45 17 95 5 17
3 77 11 11 10 1 16 87 15 80 17 82 0 26 12 54 4 43 7 70 9 89 2 92 6 49 5 11 8 66 18 57 13 5 14 72 1 83 19 63
6 15 8 57 3 85 0 76 7 34 18 52 15 80 1 88 19 74 13 29 12 20 5 63 16 76 17 53 9 23 10 20 11 67 2 74 14 23 4 26
3 12 11 34 14 48 12 98 2 90 6 59 15 75 10 73 13 67 0 26 19 98 5 51 8 19 7 82 4 98 16 41 17 79 1 65 18 56 9 70
13 95 17 24 9 96 8 3 0 85 5 43 14 96 6 82 18 96 3 17 2 68 11 45 7 48 1 99 4 63 19 90 15 34 12 8 16 63 10 41
0 40 1 47 7 57 13 22 17 7 4 46 18 92 19 70 11 43 16 88 6 79 9 99 3 17 10 99 14 26 5 15 8 67 12 16 2 74 15 35
7 90 10 23 15 55 3 23 13 26 1 33 18 4 19 16 17 86 8 48 5 41 12 12 6 66 11 79 0 20 4 5 2 69 14 47 16 62 9 99
2 93 10 56 0 21 19 53 6 13 14 83 12 45 16 46 18 27 1 84 15 51 4 34 7 8 8 42 5 35 13 31 9 92 17 45 11 45 3 74
14 4 17 9 6 63 15 31 18 41 10 47 7 54 16 68 1 59 11 6 5 93 2 14 9 63 0 15 8 27 12 19 3 30 13 89 4 42 19 65
18 74 7 79 9 49 10 48 2 44 16 53 3 84 6 68 5 18 11 13 4 98 12 59 0 46 15 97 1 30 17 47 14 94 13 16 8 38 19 39
12 68 15 19 2 62 19 97 10 48 1 62 13 42 17 61 4 85 5 33 3 78 6 15 18 3 9 2 7 80 8 56 11 89 14 23 16 15 0 5
15 40 9 94 17 94 18 87 1 67 16 99 5 27 0 81 6 83 14 34 13 56 4 11 10 10 7 57 8 59 12 5 3 64 2 21 19 33 11 19
4 2 10 53 14 18 6 89 5 90 13 90 11 34 0 55 3 20 12 58 1 9 17 82 15 93 8 33 2 15 7 62 9 39 16 53 19 53 18 8
8 40 13 34 6 86 14 90 12 68 11 30 4 99 3 6 2 49 15 73 7 2 9 61 17 4 19 60 18 6 1 59 10 77 16 32 0 93 5 29
5 76 11 23 17 89 13 21 12 23 4 54 2 40 16 60 1 9 6 71 3 36 18 85 7 1 0 81 8 98 15 13 9 94 19 74 14 61 10 20
15 8 3 39 10 92 5 78 4 26 19 25 9 64 0 33 1 26 6 1 16 2 8 92 17 44 11 3 2 64 12 71 13 97 7 35 18 66 14 6
3 61 7 14 1 63 5 28 0 47 13 33 8 64 16 20 14 17 4 58 10 91 15 82 18 33 9 55 17 31 12 48 2 27 6 78 11 64 19 20
14 69 18 17 9 95 10 62 19 76 8 54 16 7 11 84 7 5 13 79 4 45 1 43 12 51 0 2 5 98 6 93 17 92 2 70 15 33 3 3
7 52 3 55 0 20 2 84 10 55 13 91 1 19 15 9 9 87 12 97 17 25 18 2 5 55 4 80 16 19 8 34 14 98 6 12 19 72 11 65
13 68 3 53 14 69 17 57 1 50 19 93 8 85 4 29 9 74 7 90 12 7 2 82 5 37 15 68 18 77 0 64 6 26 11 59 16 35 10 98
13 21 4 81 17 49 6 26 3 9 18 84 14 90 1 41 0 36 2 74 16 10 7 8 19 15 5 88 9 94 8 59 15 36 12 85 10 75 11 9
14 71 1 25 8 12 15 61 18 25 10 85 16 26 12 38 4 8 5 4 13 68 19 60 2 40 0 16 9 65 11 9 6 70 7 28 3 34 17 72
7 89 6 61 4 62 19 65 2 80 8 88 12 81 13 7 18 29 14 84 16 41 3 23 15 65 9 66 17 8 1 64 0 67 11 69 10 34 5 94
14 60 7 42 5 81 1 39 17 94 9 69 18 96 0 94 12 53 16 73 6 4 10 32 3 63 4 66 15 92 8 97 11 38 2 1 19 28 13 78
2 9 11 64 12 22 18 6 1 56 13 46 10 53 6 94 7 63 19 61 14 47 16 99 9 24 17 41 8 40 15 59 3 55 4 25 0 70 5 52
17 75 16 1 1 26 0 72 8 51 9 18 6 59 12 67 15 86 7 1 5 11 19 18 3 40 11 4 2 30 14 90 18 1 4 59 10 1 13 12
0 55 6 52 9 38 10 64 3 50 2 88 16 94 18 18 14 9 7 8 5 62 13 78 11 44 19 34 4 13 1 22 12 56 15 66 17 17 8 54
13 29 8 46 9 54 14 44 16 99 1 69 19 42 18 79 0 5 10 84 5 16 3 61 6 18 12 36 17 55 2 8 15 92 11 92 4 72 7 18
9 73 2 60 11 66 13 55 3 57 6 98 19 8 10 96 14 3 17 5 0 10 12 99 5 7 18 71 1 76 15 86 7 42 8 26 4 88 16 16
17 77 8 34 12 1 7 88 2 74 5 86 13 89 9 60 10 46 15 32 3 46 19 31 18 42 4 77 0 6 14 77 11 25 6 98 16 74 1 61
15 21 2 62 14 14 8 71 5 89 4 76 9 57 19 96 13 26 10 79 1 4 7 24 17 28 12 25 18 78 0 25 6 14 3 26 11 95 16 51
0 3 11 4 17 82 4 16 14 85 10 69 9 61 7 67 13 5 1 28 16 9 2 42 15 22 8 48 3 60 12 9 5 47 18 80 6 70 19 75
5 68 15 64 17 90 3 42 8 22 6 41 0 16 13 72 10 94 4 84 9 70 11 46 2 43 19 27 7 34 12 3 1 82 14 85 18 27 16 44
0 80 14 35 11 63 18 63 12 47 8 59 17 21 6 48 19 41 5 45 10 24 13 96 7 41 1 39 15 45 16 41 4 5 9 5 2 34 3 53
0 3 16 84 5 71 1 18 7 22 17 24 19 35 10 40 8 13 13 32 9 65 18 5 6 12 2 97 14 3 12 43 11 89 3 74 4 85 15 91
0 13 16 40 19 20 1 81 10 21 12 64 9 84 2 46 4 4 18 54 7 97 17 27 5 58 15 61 3 25 14 56 13 53 11 59 6 68 8 3
1 93 16 34 0 14 13 32 9 19 6 43 11 11 4 64 2 65 5 58 17 76 19 39 10 46 18 71 8 93 12 69 7 37 15 15 14 38 3 61
16 52 15 51 13 57 11 10 3 99 9 64 4 80 1 96 18 76 14 96 12 71 2 25 8 64 6 78 7 24 17 75 5 52 0 40 19 8 10 43
14 7 12 50 8 26 15 31 0 40 2 25 13 89 4 71 9 7 1 44 5 27 7 48 6 31 17 42 11 89 18 94 10 81 3 31 19 72 16 3
6 26 18 16 11 29 9 90 14 18 16 31 0 42 12 1 13 22 17 54 7 56 2 65 1 81 5 67 3 92 8 89 15 93 19 36 4 40 10 88
7 27 11 42 16 88 18 96 6 32 1 75 13 67 12 64 10 16 19 69 14 8 4 95 17 84 15 86 2 37 3 13 8 40 5 77 0 96 9 79
2 77 8 32 12 28 6 57 5 46 16 6 17 50 11 10 4 86 3 35 1 31 0 92 14 60 18 57 10 49 13 31 7 51 15 49 9 39 19 87
9 43 19 84 18 94 1 42 17 57 6 84 13 65 16 39 12 15 5 68 0 34 7 5 4 32 8 65 10 87 2 57 15 17 3 98 11 80 14 26
11 69 16 98 5 80 19 48 7 10 10 60 9 44 3 83 17 30 2 44 8 42 18 52 4 7 1 34 12 81 0 80 14 15 15 82 13 40 6 58
6 5 7 89 4 56 14 20 5 70 3 72 11 32 18 45 13 48 17 68 9 55 1 78 10 88 15 64 0 47 12 46 8 42 16 13 2 64 19 87
6 67 4 60 3 55 19 4 13 89 2 11 17 4 16 78 5 70 12 72 18 1 10 33 11 68 15 81 1 36 9 45 14 48 8 26 0 99 7 6
5 63 0 3 4 2 8 61 1 35 17 49 15 90 6 10 12 77 3 45 18 35 13 52 19 1 9 42 2 7 10 16 14 3 11 66 7 78 16 33
13 51 12 48 10 35 1 56 3 63 0 14 6 84 8 29 5 72 18 55 15 97 19 16 11 57 16 54 4 2 17 87 14 28 9 46 7 79 2 63
3 2 13 25 7 29 19 57 17 22 4 18 0 87 18 84 12 35 1 82 15 86 9 66 14 86 16 30 11 72 8 9 10 82 6 75 5 14 2 89
1 71 17 28 18 72 12 92 14 22 5 12 0 65 11 8 9 14 10 83 6 76 19 80 16 27 7 79 4 71 13 13 3 87 2 89 8 66 15 13
15 38 8 15 18 32 19 5 13 82 10 46 0 29 12 21 7 86 17 81 2 30 1 83 14 46 9 80 4 91 11 37 5 55 6 52 3 30 16 35
6 9 18 50 14 80 16 56 0 38 13 8 11 28 19 30 9 25 4 36 5 20 12 93 1 42 7 12 2 16 10 77 15 16 3 48 17 80 8 29
11 21 19 47 13 10 0 47 8 99 9 27 15 42 16 53 6 83 2 34 10 44 18 61 5 2 3 83 7 34 14 78 12 35 1 91 17 42 4 30
4 61 11 22 7 64 16 52 3 25 13 87 12 64 5 74 0 94 8 53 9 49 14 66 19 84 10 63 6 60 18 33 1 27 2 43 17 99 15 81
18 50 4 79 16 28 11 57 8 36 1 70 15 93 13 36 12 69 5 97 17 92 14 27 7 65 19 31 3 10 6 72 10 32 0 43 9 34 2 94
16 96 14 53 15 57 9 99 1 29 11 13 7 47 6 87 4 37 2 43 17 52 8 14 19 89 0 39 12 15 10 99 5 81 3 2 13 71 18 96
8 95 15 96 12 37 9 60 2 49 4 99 1 94 19 85 6 37 18 69 0 26 10 51 17 25 7 75 13 92 5 98 14 52 11 94 16 91 3 34
7 62 19 35 4 3 17 11 14 32 12 6 15 43 18 60 5 94 8 57 10 24 3 15 13 81 16 75 6 36 11 3 2 3 1 82 9 94 0 91
15 19 3 2 16 73 4 8 6 80 8 4 2 51 1 99 17 26 11 35 14 23 9 55 7 38 18 49 12 26 10 3 5 9 13 1 19 25 0 90
5 54 13 85 9 83 1 86 18 24 2 14 10 17 0 44 11 83 8 35 6 17 15 52 7 43 4 79 3 63 19 10 12 31 14 62 17 85 16 68
1 11 13 98 6 95 15 85 12 82 8 70 2 84 10 7 18 3 5 18 3 38 14 94 9 53 0 17 4 68 7 47 11 17 19 58 17 85 16 99
16 55 6 21 7 44 12 87 9 83 13 78 15 25 18 33 14 70 11 59 2 74 8 28 10 34 3 2 1 20 17 59 0 76 4 44 5 18 19 34
13 97 11 97 12 61 19 68 18 14 15 48 4 86 10 80 6 97 14 4 3 60 16 44 7 84 9 23 5 10 0 45 8 53 1 48 17 94 2 44
14 60 5 31 8 52 1 34 13 8 7 67 12 91 6 13 11 45 9 99 0 61 17 80 15 87 2 18 10 88 18 25 4 67 3 55 16 51 19 42
6 30 18 90 17 88 5 31 2 18 13 98 4 1 0 99 1 49 16 87 19 71 8 26 3 60 9 33 7 28 15 43 12 99 14 22 10 81 11 21
2 29 10 53 1 64 16 19 5 96 6 74 14 14 0 64 7 72 15 86 4 84 11 2 12 63 18 22 9 35 13 70 3 79 8 95 17 25 19 92
10 39 6 82 14 12 16 75 17 48 18 9 13 2 12 59 15 27 4 24 8 80 1 74 11 52 5 20 7 43 19 72 9 60 0 52 3 27 2 38
14 19 13 18 7 55 6 80 0 31 15 86 17 86 12 71 4 19 16 73 18 54 1 28 8 18 19 60 3 63 9 65 11 33 2 24 5 59 10 81
4 70 18 73 7 6 10 88 14 84 9 35 2 94 13 5 15 42 16 26 1 21 19 43 5 7 0 31 17 1 12 6 8 61 11 10 6 2 3 86
10 99 19 5 3 57 8 54 2 94 7 61 6 52 14 99 11 12 16 34 5 25 9 21 4 33 17 8 0 31 1 18 13 34 12 72 15 89 18 26
0 28 5 6 14 9 8 31 12 41 19 60 15 46 17 89 13 81 16 7 4 58 10 9 18 92 7 55 2 67 11 50 9 89 6 20 3 56 1 33
19 94 16 5 14 30 11 23 10 14 8 33 7 40 17 47 18 21 4 6 9 64 13 73 5 43 1 57 3 11 0 82 15 46 2 66 12 18 6 10
9 95 16 83 13 85 3 55 4 83 5 68 15 67 8 96 11 93 6 9 0 98 17 84 7 73 1 86 19 25 10 66 14 40 18 79 12 24 2 20
5 69 3 34 2 21 15 68 6 12 17 30 16 15 18 87 10 77 12 65 0 3 1 3 19 73 4 46 7 27 14 59 13 75 8 74 11 42 9 6
6 3 18 81 7 39 10 90 17 87 2 62 12 77 11 85 9 59 1 30 0 32 13 65 8 35 3 25 15 79 16 58 5 51 14 59 4 71 19 19
4 75 5 86 8 94 15 26 12 60 14 51 16 25 2 39 13 33 19 81 0 49 7 74 1 98 6 91 17 26 18 16 10 4 3 85 9 83 11 56
4 36 13 14 6 6 14 56 5 39 0 20 3 62 19 92 7 81 17 20 11 33 16 44 10 50 1 41 9 34 15 54 8 18 18 18 2 40 12 80
11 64 12 69 16 19 18 14 7 31 10 93 9 25 8 14 19 97 15 63 13 15 0 49 3 86 1 59 17 2 5 85 2 62 4 31 6 43 14 26
3 87 7 24 18 21 13 25 15 74 1 8 19 13 5 51 14 77 16 48 4 16 9 32 10 35 17 45 0 49 2 45 6 30 8 42 12 75 11 69
17 57 6 97 11 75 0 21 8 25 10 71 4 63 19 99 18 95 9 25 12 51 5 96 2 40 7 53 13 61 15 44 1 12 3 14 16 4 14 70
0 3 12 43 18 59 2 21 3 77 14 40 6 29 7 68 4 17 1 51 8 54 5 79 19 53 13 26 17 8 15 5 11 54 10 82 16 81 9 67
12 3 0 8 10 37 8 67 18 4 7 21 19 54 5 79 4 77 3 89 11 62 17 65 14 2 13 38 2 74 1 88 16 13 9 38 15 6 6 8
16 39 8 4 13 56 6 54 7 27 3 93 9 93 12 71 18 29 17 84 14 76 15 27 0 73 2 14 10 46 1 24 11 3 5 64 19 34 4 76
9 74 14 6 8 29 5 78 19 74 7 98 16 80 1 44 15 45 4 16 18 22 0 88 17 63 3 15 2 55 6 11 13 73 12 76 11 55 10 53
19 74 0 56 13 37 12 2 14 61 18 7 8 61 17 23 5 34 7 47 2 20 9 36 1 31 3 81 16 68 10 93 15 27 11 41 4 95 6 83
11 22 6 55 13 19 3 64 19 64 18 95 10 20 0 7 14 53 9 72 17 1 12 50 15 80 16 89 4 46 2 91 5 76 8 44 7 39 1 51
