100 20
14 39 17 13 2 8 16 10 7 76 1 15 0 42 4 17 19 67 15 1 3 81 9 77 13 21 11 50 6 72 18 86 10 82 5 15 12 25 8 76
13 6 10 41 9 72 18 22 16 38 12 58 0 1 8 35 1 45 19 93 14 18 15 82 4 30 5 7 2 38 3 93 7 36 17 58 6 9 11 35
19 76 1 60 16 48 0 87 14 38 15 72 11 60 18 1 10 59 9 10 7 36 2 94 4 3 13 22 5 26 8 99 3 88 17 70 6 84 12 29
15 82 12 74 18 47 16 58 14 9 17 7 0 99 4 53 3 87 1 56 19 18 9 28 8 85 2 18 11 78 13 60 10 62 6 95 5 45 7 54
6 60 5 46 9 4 17 70 15 48 11 31 0 83 16 53 3 47 2 62 8 14 13 84 1 4 10 79 19 13 12 55 18 7 4 78 7 88 14 51
19 68 17 12 7 84 0 21 18 31 3 80 10 51 11 44 6 74 14 67 5 81 12 53 4 28 9 2 16 83 13 64 8 75 2 18 1 48 15 67
19 30 15 26 6 73 10 5 12 4 9 50 4 69 14 82 8 12 5 72 3 22 1 62 13 42 0 93 2 52 7 88 17 4 18 86 11 94 16 66
3 67 2 23 17 49 13 24 7 83 14 56 8 34 15 63 0 92 6 33 19 99 9 93 18 66 1 80 12 97 5 22 4 5 11 62 16 57 10 36
0 77 11 46 17 76 8 30 1 68 9 64 10 14 5 64 3 91 7 47 19 19 6 33 16 23 14 82 2 24 15 65 18 65 12 97 4 66 13 84
15 5 12 21 2 8 5 21 14 26 11 98 10 78 13 35 17 56 3 56 7 72 16 43 19 58 9 58 4 77 18 26 8 60 0 23 6 30 1 52
18 80 13 82 12 87 9 63 4 12 1 5 14 48 0 98 15 85 19 1 8 55 11 43 16 25 17 32 2 5 10 89 6 49 7 94 3 64 5 87
15 13 11 13 4 59 7 48 1 68 10 23 8 20 19 18 18 7 14 7 6 63 5 94 16 93 3 98 12 24 9 52 13 17 0 45 2 10 17 8
6 53 16 42 5 89 14 61 19 14 4 85 1 63 9 97 3 88 2 44 18 95 10 53 0 21 13 91 7 89 17 95 8 85 15 83 11 70 12 1
12 95 6 80 16 66 1 97 11 50 7 43 19 79 17 95 3 57 2 57 10 36 18 49 15 65 0 98 13 98 9 50 8 46 4 68 14 93 5 91
9 69 2 15 15 51 4 84 17 87 1 42 19 79 8 5 14 7 5 66 18 98 0 18 6 85 10 48 13 40 12 47 16 53 3 61 7 99 11 88
3 23 4 3 16 58 5 77 0 40 7 1 1 4 18 18 19 66 10 87 11 36 8 25 9 37 2 30 12 29 15 73 13 60 6 81 14 21 17 55
17 14 12 74 13 59 0 44 7 93 14 46 19 95 16 66 4 83 11 61 18 61 3 13 6 26 8 32 5 95 10 11 2 37 1 7 9 90 15 77
11 66 9 46 8 44 7 24 14 12 10 95 12 97 3 25 15 95 17 34 1 17 5 92 6 23 4 45 19 82 0 97 13 76 16 31 18 46 2 63
1 25 4 32 11 34 17 51 14 51 16 96 2 34 15 91 18 4 6 28 12 3 5 74 7 45 19 78 9 82 13 58 0 78 10 30 3 81 8 75
18 15 11 55 5 20 17 18 0 52 4 20 15 40 16 25 1 80 8 42 13 81 9 45 12 47 14 3 7 54 3 17 19 85 2 19 10 32 6 67
2 79 9 52 3 43 6 87 0 98 7 89 17 23 16 90 8 94 18 27 5 10 14 4 4 50 1 96 10 73 15 57 19 64 11 11 12 65 13 24
5 20 15 12 11 55 19 57 1 54 2 15 14 92 4 18 3 48 18 86 13 16 6 93 7 32 8 57 9 61 17 13 12 10 0 17 10 64 16 11
4 93 12 2 11 71 2 93 14 65 16 80 17 39 9 29 3 21 1 67 7 55 13 65 15 10 19 27 10 66 8 78 5 69 0 51 6 85 18 55
1 97 5 64 17 19 12 59 11 37 9 43 15 12 14 45 0 84 18 40 8 10 10 94 2 66 16 36 7 52 4 68 3 24 19 14 6 85 13 85
8 76 9 9 4 20 17 31 2 63 1 50 10 31 15 46 12 42 18 47 13 65 7 51 0 87 5 90 11 66 19 67 3 30 16 9 14 95 6 82
14 12 12 46 10 31 6 22 19 32 5 48 18 43 7 4 9 58 8 4 2 64 1 19 3 75 17 21 13 54 4 12 0 14 16 36 11 46 15 72
11 92 17 83 7 40 14 54 19 33 18 4 10 87 12 9 9 69 1 26 13 80 5 62 2 82 16 99 3 24 8 24 6 49 0 57 15 30 4 49
13 33 2 46 16 41 0 4 19 19 4 66 12 25 10 16 18 85 6 81 1 73 5 22 8 3 15 21 7 35 3 42 11 25 17 36 14 27 9 17
6 34 10 67 11 79 19 34 9 23 2 16 12 21 15 24 8 85 17 82 3 55 7 8 14 89 18 18 0 31 4 85 13 84 16 91 1 3 5 93
11 8 9 82 2 32 17 42 19 47 14 16 1 9 4 65 10 63 12 1 6 28 7 47 5 21 8 64 16 90 0 76 15 6 13 32 18 46 3 99
2 38 7 88 3 50 11 16 1 55 13 64 4 93 14 51 10 70 12 63 5 16 17 79 16 69 8 88 19 85 15 3 6 75 9 49 18 85 0 22
4 29 14 46 6 70 16 13 3 28 5 28 12 58 0 30 7 98 2 53 8 58 9 35 15 83 13 65 19 4 10 8 18 40 1 41 17 78 11 64
14 92 7 13 4 51 10 57 9 6 0 1 8 81 6 79 3 17 5 6 2 17 19 60 12 62 13 29 16 84 18 26 15 68 17 32 11 41 1 45
5 41 2 85 7 91 19 93 12 88 4 27 16 98 13 81 9 30 0 60 11 67 14 1 3 1 17 45 15 36 10 75 6 61 1 1 8 3 18 19
4 56 14 42 3 4 0 20 6 13 5 53 8 21 15 29 11 29 2 84 17 7 12 38 16 21 1 93 10 40 13 39 19 24 7 56 18 71 9 73
7 15 19 33 10 33 14 16 6 11 2 68 16 23 1 44 15 44 3 46 8 25 9 79 12 6 18 93 13 35 0 84 11 48 4 42 5 28 17 47
3 72 7 59 11 52 5 55 16 48 0 29 19 99 14 20 13 36 4 62 10 3 2 86 8 1 6 92 15 78 18 33 12 1 1 50 17 61 9 46
16 83 12 29 4 53 9 97 7 5 10 69 14 7 17 29 3 46 1 10 13 33 11 11 2 16 0 40 15 48 6 22 19 68 8 75 5 46 18 62
8 10 13 52 6 27 11 92 16 15 7 56 19 67 15 95 3 85 18 77 14 37 17 2 2 38 10 63 9 24 1 76 12 99 0 19 5 97 4 43
12 96 1 35 10 36 6 87 5 45 0 7 15 62 2 35 8 40 9 90 14 75 4 89 7 67 17 28 13 51 19 69 16 24 18 22 11 22 3 4
16 40 15 84 19 57 2 26 8 29 9 15 13 20 10 83 18 69 17 84 0 29 12 57 3 51 7 30 1 90 6 14 11 63 5 33 4 63 14 36
9 38 2 21 10 14 1 56 13 70 5 56 6 8 12 87 0 8 7 23 4 30 11 19 17 53 18 31 3 19 16 69 15 95 14 63 8 95 19 43
9 4 7 62 14 11 11 4 12 21 8 84 1 47 19 21 0 31 16 30 4 17 10 19 17 51 15 41 13 94 5 84 18 26 3 24 6 92 2 52
1 82 2 90 7 47 18 98 14 73 15 98 9 51 6 15 0 31 19 59 10 41 5 39 11 10 3 25 13 57 4 41 8 22 16 25 12 83 17 47
11 5 7 16 13 45 14 85 9 46 8 3 5 87 0 27 16 83 17 9 4 93 2 72 3 76 10 16 18 24 6 21 15 6 19 81 12 50 1 77
1 38 10 88 12 90 3 28 17 97 19 16 14 3 0 45 15 53 9 80 6 35 13 60 16 31 5 51 2 21 11 41 18 15 8 41 4 20 7 46
16 49 17 97 8 83 12 29 2 41 6 22 7 90 14 44 11 88 18 81 19 13 10 77 13 3 5 60 3 91 1 17 9 43 0 81 4 97 15 80
1 9 7 55 10 48 0 27 15 66 16 73 13 71 19 23 8 44 2 78 6 40 14 83 5 51 4 70 18 86 17 52 12 11 3 88 11 65 9 32
15 65 19 29 0 41 6 69 17 77 7 70 18 98 16 38 4 73 11 1 3 17 9 85 12 29 14 20 5 9 10 69 8 77 1 38 2 99 13 88
18 92 15 97 0 6 10 36 16 76 14 11 2 18 12 40 11 30 4 71 9 3 6 21 8 16 19 69 17 66 13 96 7 14 3 99 5 7 1 54
10 29 19 55 17 13 7 24 4 57 5 85 16 8 18 26 11 52 15 19 14 62 8 91 12 62 3 83 2 67 1 96 6 87 0 36 9 40 13 27
5 85 7 36 15 91 18 79 11 14 14 28 16 69 13 68 17 8 12 33 6 20 1 25 10 5 2 53 3 21 19 77 8 31 4 35 9 2 0 23
16 29 12 41 3 51 9 82 15 11 1 76 8 5 6 27 14 88 2 14 18 52 0 63 17 64 19 81 7 61 10 13 11 56 13 94 5 21 4 85
13 88 5 75 10 62 12 65 8 19 1 48 6 95 14 23 7 20 18 68 9 81 16 23 15 29 19 38 11 33 3 45 4 50 17 97 2 85 0 7
16 50 15 98 18 46 1 49 14 65 9 78 0 36 19 68 8 42 10 18 2 62 7 10 13 30 4 89 5 9 17 79 12 73 3 44 11 34 6 76
12 50 14 63 13 50 1 34 15 91 19 49 17 24 2 17 4 60 6 80 3 88 7 99 18 4 9 97 5 40 8 38 10 78 0 34 16 28 11 57
13 81 3 97 4 71 0 23 2 23 19 86 5 7 16 32 18 88 11 92 9 52 1 87 15 52 10 54 6 64 8 50 14 9 12 48 17 90 7 14
8 60 3 51 15 71 16 56 13 44 0 65 2 2 7 85 1 82 9 12 4 17 6 7 12 86 19 62 17 94 11 88 10 84 5 60 14 69 18 26
15 59 6 5 17 52 13 21 14 48 12 24 7 26 11 22 10 51 8 28 1 32 0 19 19 61 2 67 16 43 3 39 18 43 5 63 4 60 9 51
15 89 18 9 11 7 1 4 9 18 19 61 16 86 5 70 6 86 13 34 7 86 0 94 3 47 4 23 17 18 8 19 2 36 10 43 12 57 14 5
15 11 14 79 8 94 1 23 9 87 2 3 13 43 10 77 6 15 17 67 12 51 0 85 19 67 7 10 3 49 11 88 4 42 18 99 16 39 5 64
5 40 14 27 2 14 10 47 19 64 18 57 15 55 8 62 13 63 3 59 0 22 7 15 11 53 1 80 6 72 4 38 17 40 16 32 12 42 9 36
16 63 6 73 8 47 14 91 19 79 1 21 11 13 5 72 10 25 7 94 9 85 3 13 18 10 15 84 12 56 2 39 0 78 17 42 13 86 4 45
8 51 12 6 9 24 4 43 10 43 0 83 5 25 1 97 15 52 18 29 6 52 17 65 19 34 2 45 3 22 13 13 14 15 11 61 16 52 7 88
11 22 5 60 4 71 1 50 9 89 10 36 6 60 2 84 3 12 16 86 8 66 12 86 7 21 19 22 14 89 0 30 13 29 17 90 18 20 15 16
8 65 12 56 15 32 14 81 6 45 0 91 1 74 10 98 7 63 3 25 13 97 4 99 18 69 11 34 2 81 16 11 5 37 9 14 19 38 17 31
15 79 1 57 3 94 14 83 2 17 8 83 4 8 5 91 16 64 10 60 11 90 12 97 17 70 13 70 7 70 18 75 0 64 19 64 9 50 6 5
7 15 5 46 17 99 3 14 8 78 9 94 13 35 6 17 2 64 1 34 11 39 18 67 16 80 14 76 15 41 12 40 19 13 0 50 10 32 4 11
14 78 4 12 1 76 10 59 11 74 0 8 8 52 9 34 13 73 17 26 2 98 3 41 19 37 12 1 18 54 7 77 15 17 16 5 6 3 5 41
0 86 5 3 10 10 14 86 16 28 4 74 19 16 18 22 8 6 12 43 11 18 17 43 3 57 15 51 7 6 2 85 6 22 1 94 9 26 13 30
8 56 5 86 0 85 18 30 16 12 12 78 7 76 19 45 1 59 4 41 9 96 3 49 10 38 15 94 14 85 13 62 17 24 11 13 2 98 6 18
4 97 17 88 0 25 10 37 7 68 16 8 3 65 6 83 1 57 14 67 19 69 2 11 8 16 9 98 18 21 11 44 12 84 15 41 5 45 13 85
13 84 2 59 18 75 17 40 9 52 14 76 16 17 3 61 0 9 12 45 6 80 8 80 10 97 11 75 4 22 5 89 15 28 19 10 1 34 7 91
1 36 19 6 18 6 0 35 14 29 13 5 9 47 17 34 5 55 7 33 3 94 15 67 11 8 2 95 10 19 8 93 6 69 16 75 4 84 12 18
9 72 17 36 16 1 18 78 6 60 14 48 15 38 5 34 3 4 7 64 10 62 8 97 0 13 2 91 13 8 4 8 1 98 11 74 12 1 19 66
17 80 10 48 12 54 0 74 19 71 16 19 14 42 13 42 15 84 7 22 2 50 9 80 4 77 5 77 8 35 3 61 6 30 18 63 1 74 11 3
12 18 14 29 5 19 18 8 13 62 6 99 3 97 0 7 11 51 19 2 2 3 7 37 4 67 8 72 9 94 15 2 16 99 17 86 1 66 10 72
18 47 8 68 4 83 7 64 1 41 10 80 6 49 9 26 15 63 17 74 12 88 11 30 5 97 3 41 16 59 14 22 0 47 2 60 13 25 19 95
19 45 7 56 2 4 16 3 13 62 9 72 8 75 3 95 11 99 0 85 4 5 17 31 15 55 1 76 12 32 5 28 10 73 14 61 6 10 18 87
11 44 1 51 18 67 8 9 10 6 14 30 16 98 6 19 15 84 12 44 3 7 5 18 13 23 4 2 2 21 0 98 9 12 17 72 19 51 7 78
11 95 2 52 19 79 10 29 5 77 6 73 13 56 18 84 0 54 15 89 4 75 16 55 14 65 12 9 17 13 7 16 1 60 3 52 9 11 8 25
10 33 13 27 5 13 4 91 3 77 1 14 14 12 9 64 12 85 8 39 2 56 19 53 11 33 17 27 0 50 18 89 15 92 16 21 6 67 7 89
2 18 15 73 11 94 7 90 0 87 18 76 8 26 1 60 14 67 6 90 9 76 19 18 16 43 17 30 3 25 12 61 5 86 13 50 4 38 10 11
11 90 8 72 19 6 0 31 5 68 18 78 9 18 16 71 2 55 17 9 14 87 1 85 7 55 15 47 13 84 6 31 10 43 12 47 4 80 3 25
2 57 19 3 15 46 6 17 13 47 1 47 9 59 7 56 0 95 11 90 3 4 8 7 12 12 17 6 10 36 14 15 16 20 5 55 18 97 4 32
0 27 13 77 17 21 6 14 12 4 5 36 4 48 3 28 2 51 11 32 7 78 18 58 14 34 10 45 9 20 16 58 15 94 1 77 8 49 19 75
13 70 16 15 12 3 6 85 11 76 8 56 0 26 5 51 10 37 17 4 1 69 3 6 14 4 4 38 18 7 19 84 9 45 7 11 2 7 15 92
3 16 7 47 17 27 13 67 5 62 9 85 19 41 14 17 2 91 1 32 16 16 15 87 11 39 0 54 8 91 6 35 10 81 18 56 4 27 12 28
1 72 6 26 14 6 8 88 12 8 17 87 16 62 15 45 9 58 3 3 10 17 7 68 11 68 0 26 18 72 4 50 13 56 5 69 2 17 19 98
13 8 7 92 6 28 10 69 17 58 12 74 8 52 0 45 2 98 16 73 4 56 19 89 11 53 1 8 9 51 14 55 5 24 3 35 18 34 15 80
11 78 16 62 3 22 2 92 13 55 0 80 6 9 17 23 7 67 9 58 14 90 5 47 8 55 19 43 4 62 12 39 1 93 15 49 10 63 18 24
19 34 15 96 6 69 14 44 1 37 11 29 13 85 18 30 16 13 8 82 5 9 0 77 12 57 9 3 2 3 17 4 4 8 7 72 3 44 10 74
15 46 13 66 8 23 9 23 11 26 4 83 0 11 16 12 1 43 2 94 6 17 5 41 12 89 17 18 10 61 19 97 14 90 18 22 7 13 3 29
15 61 9 24 2 88 12 19 11 45 10 22 7 1 18 96 17 50 19 79 6 87 1 22 8 39 3 61 5 73 16 29 4 37 14 97 0 89 13 91
1 53 9 29 7 56 12 86 16 87 14 23 19 99 0 80 17 8 6 49 8 65 18 42 4 60 13 74 5 80 3 34 2 20 10 9 15 89 11 1
17 86 1 98 14 36 15 62 9 49 19 61 2 63 7 28 8 7 6 39 10 12 16 52 11 35 13 58 3 18 5 94 12 89 4 23 18 4 0 77
18 2 19 35 2 89 0 51 10 45 4 95 9 17 12 97 17 46 6 69 7 57 3 1 14 83 16 11 11 73 1 44 8 3 13 80 15 65 5 21
7 1 16 1 9 48 13 53 12 77 0 3 4 9 15 69 3 78 8 56 1 29 18 89 5 98 11 5 14 55 6 54 2 14 17 49 10 13 19 40
1 66 12 67 5 48 4 1 7 88 16 41 6 42 2 92 9 42 14 76 19 80 13 71 3 40 0 33 10 72 18 2 8 94 11 22 15 94 17 16
3 74 11 47 8 21 0 81 14 9 7 83 9 36 15 45 12 79 10 97 18 44 4 19 1 16 5 69 13 37 19 24 6 92 2 74 16 91 17 96
