100 20
9 79 3 40 5 28 18 63 6 6 0 82 12 27 1 73 19 1 15 37 7 66 8 98 11 76 10 33 17 26 14 16 4 9 13 72 2 3 16 36
13 72 19 38 8 26 15 57 6 97 18 41 0 80 14 90 1 32 9 42 2 93 11 50 3 19 12 83 4 43 17 46 7 32 10 15 16 10 5 90
1 74 10 58 5 20 17 68 11 23 8 24 9 1 16 44 2 32 7 90 12 72 0 91 19 80 6 17 13 62 4 5 18 11 15 22 14 81 3 56
16 40 10 7 11 78 4 15 8 33 0 24 12 86 13 1 19 13 18 84 14 98 2 14 6 81 17 13 5 73 7 94 15 44 3 20 1 97 9 23
12 6 15 16 18 87 0 81 13 28 11 28 10 56 8 49 16 52 19 64 17 58 1 14 7 93 4 76 2 98 5 23 9 88 14 13 3 38 6 42
9 35 4 72 13 20 0 92 10 27 5 43 15 50 7 74 17 23 11 34 12 53 16 6 2 46 8 43 6 25 18 21 1 75 14 59 19 16 3 89
1 75 16 26 4 63 9 25 10 11 6 69 18 74 14 77 15 90 2 19 11 25 13 47 5 32 3 5 12 24 17 70 8 55 7 98 0 12 19 37
19 31 8 76 18 42 1 2 16 90 15 37 17 11 5 14 9 28 2 26 13 16 7 61 4 46 12 70 10 65 6 45 11 53 0 15 3 29 14 58
10 27 7 30 12 71 16 16 3 58 5 94 1 67 14 10 13 32 15 93 0 18 4 94 2 24 8 76 9 70 17 45 11 38 19 24 6 42 18 79
12 5 13 19 6 77 0 65 15 33 19 90 3 79 10 90 11 20 4 26 14 31 8 55 9 8 2 80 1 54 17 9 7 80 18 85 16 69 5 81
11 93 9 90 5 28 18 57 13 23 2 43 3 15 19 54 4 93 6 64 0 49 17 34 12 7 7 66 16 74 14 44 8 46 10 79 15 53 1 15
6 71 12 34 3 38 0 31 19 6 9 27 5 25 15 77 8 39 11 43 7 61 1 33 2 38 13 4 18 73 14 46 16 95 17 33 4 44 10 1
17 79 7 73 3 99 5 89 1 41 10 91 19 17 14 76 2 3 4 33 15 74 18 50 16 67 9 1 0 76 12 45 6 99 13 34 11 90 8 75
2 7 5 56 17 6 1 50 19 71 8 62 12 83 4 88 11 67 16 92 0 1 7 9 15 1 18 11 3 98 14 19 9 71 13 54 10 45 6 3
2 92 5 40 10 64 16 4 13 73 9 14 7 30 14 91 1 29 15 66 3 65 6 24 4 2 12 16 0 18 8 57 17 80 19 73 11 94 18 55
1 98 15 81 13 83 7 13 19 16 5 97 16 55 9 83 14 35 18 11 17 46 2 13 8 75 11 12 4 35 12 19 0 56 3 12 6 62 10 54
15 64 7 32 10 18 0 15 8 17 1 70 11 17 3 47 4 3 14 92 13 80 6 77 5 62 2 22 12 46 16 95 19 80 17 12 9 37 18 86
1 96 10 35 8 3 7 59 13 26 16 93 18 7 11 69 12 87 19 8 15 99 0 93 3 58 5 32 2 61 17 97 9 15 14 29 4 43 6 40
15 9 0 92 12 20 19 15 5 28 9 55 11 2 7 80 8 67 18 84 13 59 17 12 4 29 2 15 6 2 10 41 14 70 16 29 1 62 3 75
3 36 9 92 5 76 11 20 2 14 14 63 12 4 19 18 7 55 1 50 4 24 10 94 13 99 17 91 18 67 8 42 0 30 6 34 15 3 16 85
0 47 16 7 8 27 5 4 6 94 14 67 13 40 4 7 11 94 12 65 7 88 2 9 19 50 9 74 10 42 1 76 3 34 17 18 18 92 15 4
9 88 19 9 1 95 10 16 11 49 8 16 7 30 6 67 3 60 17 40 13 94 18 15 4 32 5 97 2 44 16 72 14 49 12 50 0 18 15 44
9 29 2 96 0 16 8 56 14 39 6 62 3 19 13 26 1 93 11 1 19 68 15 66 10 59 4 63 7 4 12 47 16 29 18 86 5 72 17 55
7 52 2 1 19 23 14 50 12 4 3 45 10 1 15 81 6 9 18 55 11 34 4 50 16 48 13 44 17 14 9 80 8 33 0 55 1 51 5 59
11 27 7 23 0 19 13 8 3 49 1 29 12 34 8 27 16 19 10 8 5 46 17 94 19 7 15 53 18 93 2 11 6 75 14 73 9 64 4 72
0 47 19 71 11 44 3 82 8 83 18 72 16 5 9 44 15 99 6 80 1 55 13 54 4 40 10 68 5 28 17 25 14 67 2 6 7 19 12 52
19 74 3 15 6 54 13 95 16 49 12 64 7 17 17 60 11 17 14 58 0 59 2 99 15 61 8 5 18 83 9 7 10 81 5 82 1 10 4 87
1 80 18 81 12 36 9 64 11 85 7 12 10 98 4 14 2 30 13 21 19 68 6 59 14 67 0 44 16 39 5 24 8 22 17 65 3 81 15 10
14 20 4 13 18 5 9 93 11 22 10 31 13 2 2 32 1 73 0 49 17 42 16 92 5 1 7 62 8 84 19 18 15 93 6 56 12 45 3 27
5 23 10 44 3 10 8 69 4 62 6 68 9 3 12 57 14 84 1 61 13 79 11 58 15 31 17 75 19 13 7 3 16 60 2 44 0 33 18 48
6 70 8 6 11 82 2 42 14 18 13 89 16 68 17 1 1 96 7 23 0 43 10 56 3 37 15 33 9 94 4 56 5 5 18 31 12 2 19 57
19 81 4 89 3 29 0 51 1 74 11 45 5 33 13 27 9 44 2 77 7 88 10 64 6 38 14 48 18 82 15 28 8 52 16 80 12 52 17 29
11 22 17 8 7 78 16 85 6 47 12 62 13 41 15 19 9 56 10 55 19 18 1 22 5 80 2 90 3 7 0 1 8 23 4 48 18 37 14 9
6 17 9 58 12 88 0 57 17 51 7 17 10 31 5 14 3 83 14 41 8 20 4 48 19 31 18 77 2 22 13 43 15 5 11 80 1 10 16 49
5 72 8 83 7 48 17 44 12 45 18 10 15 83 3 14 11 45 19 21 13 37 16 96 2 78 4 23 1 24 9 81 10 9 6 40 0 12 14 32
19 14 3 62 7 43 10 52 11 75 13 17 2 47 1 58 12 7 9 54 15 45 5 55 18 70 14 47 4 19 17 79 8 30 16 22 0 55 6 60
12 27 8 37 19 68 3 54 5 66 11 55 2 84 14 6 6 92 0 9 17 73 7 58 1 34 13 45 16 37 9 76 10 9 4 86 18 18 15 56
19 4 7 93 6 15 12 28 8 41 1 24 14 79 11 87 3 9 17 6 16 85 13 54 2 10 15 28 5 62 0 85 18 25 10 21 9 2 4 52
1 48 7 30 18 40 11 86 16 16 15 32 17 23 14 38 10 74 6 82 5 81 4 38 2 9 9 3 0 80 19 29 13 61 8 5 12 83 3 60
6 30 2 73 17 84 18 79 10 99 1 78 3 36 16 45 4 80 5 21 13 63 9 96 19 78 0 94 7 70 14 55 11 48 8 87 15 50 12 50
17 36 14 45 6 79 0 6 10 91 5 67 8 85 18 13 19 46 12 61 11 96 4 17 3 56 2 23 9 78 7 65 15 85 1 75 13 27 16 64
11 46 12 33 18 51 2 46 16 83 14 58 3 6 9 31 0 46 15 6 7 97 8 64 5 78 17 49 19 27 6 49 1 39 4 67 10 17 13 97
1 96 17 59 4 82 6 69 0 76 5 28 14 78 19 78 16 56 9 78 15 54 8 54 2 12 3 71 11 27 13 19 12 54 10 44 18 71 7 6
5 89 6 90 0 45 12 9 9 83 16 39 14 37 17 18 10 21 2 47 18 56 19 48 4 94 3 40 13 96 15 73 11 35 1 62 8 88 7 23
16 41 6 91 18 38 19 37 7 80 11 24 3 90 0 13 8 95 17 87 10 6 1 3 12 16 14 65 4 73 5 70 15 20 2 44 13 93 9 53
5 84 17 15 19 65 15 5 9 58 14 40 1 29 18 37 10 41 12 39 11 95 4 80 16 61 0 32 7 35 2 34 13 66 6 69 3 11 8 22
1 92 9 31 16 48 13 23 3 14 0 60 11 31 7 52 6 82 2 40 17 48 18 33 14 53 15 83 10 96 19 46 8 7 5 49 12 17 4 29
11 71 13 56 19 64 10 66 15 40 18 2 17 87 4 67 14 56 0 55 16 11 7 19 9 6 6 96 2 70 8 40 5 99 3 65 12 81 1 23
11 4 8 43 7 3 17 19 6 36 4 57 16 80 1 24 9 81 18 17 0 56 12 65 15 45 5 30 13 51 14 32 19 73 2 20 10 25 3 58
0 61 4 65 14 6 18 97 8 25 6 99 17 60 3 99 9 78 11 38 13 89 10 52 1 82 5 51 7 89 12 29 19 1 15 99 16 65 2 38
8 57 4 37 13 92 19 21 16 76 5 39 0 95 1 85 10 65 6 39 18 13 2 83 9 91 11 67 3 64 12 79 15 71 14 7 7 12 17 87
11 32 15 11 16 60 14 23 1 13 13 99 8 19 6 69 12 72 0 30 2 58 5 62 7 84 9 2 17 54 10 35 18 5 4 43 19 14 3 25
8 29 19 67 15 11 7 56 10 96 1 11 14 39 13 32 16 36 18 57 12 53 3 2 11 80 5 9 0 88 6 24 17 22 9 48 2 72 4 79
15 25 17 81 2 56 9 11 13 36 1 64 6 93 7 54 0 6 14 1 10 83 11 77 12 5 18 33 16 35 5 63 19 92 4 15 3 46 8 41
8 78 19 57 14 27 10 46 18 58 3 30 11 37 1 3 0 20 4 76 9 63 15 8 16 27 5 90 6 43 2 59 17 62 12 95 7 23 13 79
16 94 19 26 15 66 14 8 13 70 2 73 9 8 0 65 11 80 1 63 5 54 4 36 6 43 7 63 8 83 3 75 10 28 18 38 12 65 17 82
19 40 6 22 1 63 0 5 4 45 14 90 5 60 15 35 9 61 8 89 18 14 10 85 16 20 7 25 13 72 17 63 2 92 3 79 12 22 11 23
7 80 16 90 9 98 19 39 11 65 2 18 5 40 1 20 12 33 17 92 13 48 10 42 4 4 15 42 0 79 14 85 3 46 18 43 8 36 6 81
2 1 14 12 0 30 9 16 11 68 16 66 8 54 12 28 7 35 15 83 18 11 10 50 4 32 13 24 5 5 3 4 19 30 6 60 17 42 1 98
5 55 10 60 13 34 19 97 0 67 14 59 12 77 18 76 9 52 1 7 15 68 4 1 11 83 6 79 16 90 17 1 3 73 8 43 2 46 7 51
0 26 1 69 5 90 13 90 10 88 16 17 3 92 8 71 12 45 15 49 17 17 6 13 4 98 18 58 19 37 2 53 14 86 7 41 9 96 11 46
15 93 4 23 10 82 7 61 5 56 14 67 17 31 2 28 16 84 3 84 0 9 12 25 6 87 9 57 1 70 11 97 19 61 13 35 18 71 8 83
0 36 17 67 19 38 11 56 1 56 10 44 15 45 9 45 3 77 13 24 16 82 7 48 18 18 14 70 8 5 5 34 12 36 6 32 4 53 2 73
4 20 2 99 5 3 12 24 8 13 14 11 6 71 1 80 19 62 15 21 18 7 10 52 11 56 0 93 13 78 16 35 7 44 17 15 3 67 9 36
12 30 11 79 13 45 5 30 9 59 17 22 4 65 1 93 19 9 8 21 15 45 10 83 2 28 7 30 14 87 18 6 3 84 0 27 16 96 6 89
5 70 1 32 0 43 12 17 9 18 11 82 16 26 15 39 4 87 2 63 13 35 10 77 3 99 7 36 6 69 17 67 8 81 19 75 14 19 18 21
5 30 17 54 2 39 15 99 9 36 8 3 1 12 13 98 4 35 19 63 6 75 11 49 10 31 7 29 14 60 3 1 18 23 0 50 12 82 16 2
11 33 9 1 17 24 10 5 2 15 8 93 7 77 18 16 13 54 14 82 5 13 16 78 6 5 1 59 4 7 15 89 0 49 3 26 19 46 12 44
2 25 14 31 9 93 7 81 12 27 1 44 11 81 8 20 5 62 16 48 0 14 6 97 13 54 19 62 17 8 4 37 15 58 3 16 10 16 18 23
18 48 15 83 14 24 11 36 3 90 2 96 7 71 10 70 17 46 4 84 1 9 13 74 5 96 8 83 9 70 0 21 16 24 12 8 19 94 6 78
8 59 2 95 9 39 18 45 17 63 10 31 3 41 5 97 1 27 13 70 14 46 0 96 4 81 12 44 6 69 11 39 19 66 7 82 15 87 16 99
16 49 2 30 5 69 7 95 6 27 9 35 1 45 19 54 12 92 0 92 18 85 11 19 13 46 14 22 4 29 10 42 3 77 8 47 17 22 15 9
2 14 14 96 5 38 16 35 15 74 18 17 11 18 7 59 1 69 6 14 10 67 3 21 19 87 13 11 12 20 9 9 8 24 0 9 17 70 4 7
18 36 10 25 17 40 8 48 1 24 7 34 5 20 3 66 6 78 19 75 11 1 12 74 14 26 2 11 9 64 15 73 13 35 0 22 16 70 4 9
5 76 3 4 8 81 7 42 13 2 19 68 1 37 18 35 15 42 0 40 11 96 12 53 4 22 9 49 17 67 2 88 10 28 14 84 16 57 6 37
1 14 0 36 15 67 7 5 6 38 16 75 19 23 4 82 9 12 17 96 2 63 10 69 14 17 12 64 8 33 5 42 13 42 18 45 3 59 11 24
12 84 4 72 3 10 0 28 1 23 15 97 8 43 10 17 14 49 18 21 2 57 7 21 16 81 13 98 6 96 9 91 11 7 19 82 17 94 5 86
1 92 5 39 14 84 4 60 7 43 11 30 13 5 17 11 19 85 12 61 0 99 8 55 6 32 18 2 9 16 16 67 10 90 15 89 2 76 3 37
15 29 9 40 8 37 3 94 1 3 7 51 13 56 19 49 10 29 17 21 12 18 0 59 14 68 2 30 18 47 11 9 5 58 16 79 4 50 6 37
5 71 11 36 14 77 1 96 19 33 8 77 13 2 2 22 10 91 6 84 15 21 0 37 4 71 16 47 7 81 3 82 17 28 12 4 9 69 18 13
16 26 0 84 1 85 8 31 10 57 14 68 5 55 15 32 3 60 9 10 12 17 11 1 4 62 17 61 13 76 2 4 6 98 18 75 19 32 7 84
7 23 8 3 3 56 17 89 13 70 5 3 2 48 15 74 14 57 10 2 18 4 19 54 0 19 1 88 11 87 6 76 4 48 9 68 16 83 12 56
13 20 1 9 0 35 7 62 14 37 18 25 11 91 6 5 3 17 19 96 8 62 9 85 5 92 4 90 16 62 2 28 15 15 12 81 10 12 17 86
19 96 6 25 18 6 10 89 3 43 0 10 7 26 17 44 2 99 4 52 1 1 14 17 11 59 16 6 13 33 8 35 5 2 15 87 9 7 12 35
2 96 10 45 13 71 12 15 3 37 19 3 0 89 14 66 11 44 7 21 9 12 1 90 15 56 5 68 6 64 18 64 16 43 17 53 8 33 4 59
7 27 6 70 3 93 17 99 14 76 10 57 18 46 11 68 13 67 8 6 4 65 0 66 2 98 16 27 1 29 12 78 15 13 19 92 9 89 5 2
9 25 12 87 0 91 11 97 6 52 10 82 4 61 13 26 18 63 8 70 15 58 16 58 3 46 7 70 19 50 17 33 2 73 5 89 1 38 14 49
16 58 18 79 3 98 0 18 7 49 4 36 14 3 15 20 8 96 1 22 12 48 13 74 17 11 11 56 6 44 2 35 5 45 19 76 9 43 10 35
13 8 0 98 6 84 17 40 8 82 5 81 11 5 3 97 14 58 7 77 18 74 16 87 12 60 9 65 1 96 4 39 19 43 15 62 2 63 10 76
0 60 6 81 2 22 17 31 19 38 3 81 4 67 5 54 12 96 7 1 15 48 10 98 11 10 9 61 1 79 18 97 13 87 8 42 16 52 14 6
17 76 14 12 2 82 18 86 12 9 4 41 1 12 13 7 11 64 8 13 3 70 0 1 9 83 10 98 7 92 15 37 5 55 6 51 16 28 19 73
18 67 8 25 10 99 2 9 3 50 11 58 4 42 5 39 0 12 13 46 12 10 16 51 6 47 7 11 1 1 19 40 15 89 14 64 17 51 9 29
1 78 2 40 7 22 14 9 18 28 4 96 11 97 0 47 13 73 8 46 12 68 19 16 3 60 5 58 10 45 17 30 9 46 16 80 15 3 6 80
18 8 2 27 12 66 13 70 11 97 3 45 4 61 9 90 10 54 6 86 16 8 8 78 14 62 15 42 0 85 17 39 1 76 19 5 7 27 5 28
17 56 5 78 2 4 19 4 8 51 10 38 11 99 4 81 1 15 15 83 9 50 13 34 16 83 14 60 18 5 12 84 6 88 3 71 7 28 0 31
6 47 3 51 4 42 14 58 0 81 17 50 5 83 7 54 11 55 15 98 13 28 1 30 18 10 8 48 19 61 16 79 10 79 2 65 9 78 12 98
4 73 7 77 11 85 19 26 14 7 1 22 13 79 8 67 5 30 10 87 12 80 0 29 2 68 15 76 16 49 6 90 17 79 9 37 3 87 18 56
10 16 3 16 2 75 19 76 1 79 7 84 15 47 6 58 12 85 18 71 0 49 17 20 13 90 9 74 4 86 8 16 16 20 11 19 14 30 5 55
13 4 11 93 12 74 18 97 9 84 2 83 14 48 1 70 0 27 8 38 15 96 17 49 19 80 3 88 7 98 4 64 6 26 10 1 5 33 16 92
5 69 17 10 19 23 6 95 12 86 2 97 18 54 1 24 4 8 0 49 11 26 16 79 10 6 14 90 7 32 15 10 13 59 9 24 8 58 3 46
