100 20
9 91 14 40 10 41 12 8 18 55 7 61 15 41 11 63 16 16 5 71 1 5 8 93 17 24 13 24 2 61 0 31 4 90 3 73 6 1 19 20
1 43 14 31 0 30 18 79 6 75 13 59 17 81 4 34 5 71 12 56 15 86 3 8 7 12 11 42 19 93 8 59 16 27 10 23 2 62 9 12
11 54 10 29 0 67 17 37 7 32 14 75 19 46 1 38 3 4 8 75 13 51 9 17 5 76 4 19 18 76 6 12 12 46 2 85 15 90 16 81
4 64 19 31 9 35 11 45 12 50 14 39 0 65 3 57 6 92 7 45 5 47 17 36 13 31 10 76 1 86 16 31 18 56 2 42 15 56 8 97
8 22 5 73 0 7 14 92 4 17 15 45 19 9 18 56 16 30 11 4 7 60 2 4 10 70 6 40 17 26 3 84 9 45 12 34 13 70 1 36
19 25 5 72 13 34 15 40 18 48 6 97 1 15 3 56 12 40 10 22 17 42 11 50 16 97 9 51 0 15 2 44 4 74 7 74 8 60 14 28
19 54 6 72 16 33 2 31 4 8 1 12 7 3 3 29 14 80 11 5 10 49 9 34 13 8 17 99 5 60 0 58 15 30 18 19 8 93 12 96
6 51 18 28 13 57 17 71 10 67 12 31 14 66 8 6 15 82 3 90 7 15 16 24 19 8 5 51 9 38 1 20 2 15 0 81 4 52 11 4
12 17 9 63 11 37 15 91 6 3 16 25 1 40 3 18 14 21 2 73 10 72 19 98 0 50 4 99 17 88 8 71 5 3 13 59 18 68 7 25
9 36 16 25 10 70 13 79 1 29 0 26 5 87 17 70 14 85 15 13 8 92 3 66 2 71 4 5 18 36 12 92 19 63 6 71 7 5 11 85
1 56 17 40 3 60 8 71 15 2 14 43 11 32 12 88 0 65 19 37 18 4 6 60 5 2 7 70 4 23 13 67 9 76 2 13 10 73 16 58
9 12 13 20 3 50 7 6 2 91 0 32 18 88 19 95 1 82 4 4 15 79 14 47 11 14 8 89 5 60 12 76 6 78 16 95 17 27 10 40
6 57 8 11 13 10 18 29 2 84 9 18 10 19 3 40 16 89 15 23 1 25 19 45 17 93 7 18 0 48 4 94 12 23 5 20 11 26 14 98
12 22 6 40 14 2 17 50 5 70 9 20 3 57 18 27 8 84 10 65 19 69 4 21 15 65 1 13 7 70 0 7 13 36 2 13 16 71 11 8
16 44 11 21 1 2 5 15 12 97 7 7 3 84 17 99 4 31 8 59 10 21 13 63 19 60 14 16 2 86 15 56 0 4 9 80 6 35 18 36
19 18 16 17 0 71 18 46 6 40 8 66 12 67 13 57 14 2 2 77 17 55 10 78 5 47 15 54 1 57 7 31 3 12 9 99 4 49 11 63
4 65 12 60 7 60 17 91 13 75 3 74 16 81 5 80 9 4 18 93 15 49 10 94 14 90 8 91 11 20 1 45 0 91 2 77 19 64 6 30
19 88 0 84 7 86 9 69 14 19 10 93 15 18 18 55 16 45 17 55 8 74 13 69 6 12 11 21 3 45 1 14 2 88 5 48 12 92 4 27
4 45 5 62 15 6 9 56 7 96 8 99 19 11 16 42 11 20 17 47 3 20 13 3 6 56 0 7 2 22 14 63 12 78 1 47 18 10 10 46
3 75 4 57 19 62 17 49 13 52 0 22 16 79 11 90 5 57 14 4 8 83 1 24 10 49 18 7 7 24 2 36 15 38 9 1 6 88 12 97
14 73 19 68 2 76 10 28 13 24 3 3 0 8 18 92 1 35 4 8 11 94 9 41 15 86 8 49 5 89 6 45 12 19 7 19 17 62 16 39
3 61 12 25 13 13 8 9 9 50 19 23 17 54 11 40 4 52 18 94 10 76 0 58 2 67 15 11 5 83 14 39 1 64 16 92 7 46 6 23
11 55 4 41 0 76 1 20 9 54 7 32 10 68 5 5 14 54 13 73 15 7 16 10 18 19 19 31 8 77 2 92 6 52 12 4 3 29 17 47
2 87 0 81 3 53 12 41 17 20 7 71 14 39 9 2 16 71 18 62 19 40 11 4 15 20 1 3 5 86 13 12 10 24 4 38 6 78 8 76
10 83 13 51 16 88 14 89 5 62 15 17 2 29 3 23 17 88 19 67 11 75 12 59 4 1 18 38 8 91 6 31 9 35 7 93 1 75 0 6
12 24 11 99 3 40 5 22 0 72 9 56 7 97 15 8 17 39 19 99 1 34 13 76 14 43 2 25 16 13 4 80 8 92 18 55 6 26 10 50
7 16 10 59 5 32 18 96 11 2 14 36 3 33 19 40 16 25 13 99 9 93 8 36 2 29 0 53 15 75 6 78 17 44 4 32 12 64 1 73
17 12 0 21 18 53 2 48 4 80 5 44 9 16 14 72 19 75 12 33 13 55 16 35 7 94 8 51 15 59 10 9 11 72 6 75 1 21 3 29
10 94 16 7 11 89 18 90 19 32 13 88 3 28 9 88 15 43 4 29 7 26 17 22 2 1 8 37 14 35 5 53 12 40 0 91 1 59 6 22
12 29 0 97 8 95 2 22 3 40 19 76 15 10 5 69 9 28 1 61 18 3 7 59 11 69 6 51 13 85 17 89 16 90 14 32 10 43 4 36
6 62 17 30 13 2 15 45 3 73 1 19 0 2 8 66 5 30 18 64 16 1 7 4 14 18 9 12 11 57 12 59 10 74 4 26 2 13 19 22
17 98 15 94 16 66 14 35 10 76 3 86 0 80 13 76 18 16 7 65 11 59 12 57 19 96 5 75 2 2 6 57 9 85 1 85 4 15 8 23
5 94 4 90 19 52 8 86 3 3 13 46 2 55 0 61 15 28 6 93 16 52 18 2 14 57 17 75 7 6 1 54 9 79 12 60 10 94 11 62
5 11 12 78 17 90 7 25 14 83 16 38 19 55 18 1 9 91 10 95 8 71 6 53 11 89 2 86 0 40 1 50 4 24 15 34 13 80 3 25
18 56 7 79 15 57 6 99 12 18 14 81 13 13 8 52 4 24 10 50 9 32 3 28 17 11 19 91 16 90 2 48 1 87 5 7 11 88 0 30
7 77 16 64 8 46 11 66 6 16 12 20 14 73 4 41 2 85 5 78 10 60 17 70 19 29 0 9 3 9 18 89 15 53 9 52 13 86 1 66
17 66 7 24 4 6 19 84 8 72 18 50 0 23 6 95 15 13 1 34 3 72 5 54 10 54 14 98 12 2 16 20 9 38 2 45 11 68 13 95
19 98 10 58 4 87 13 41 15 46 1 95 7 94 11 69 17 22 12 25 9 26 6 57 18 68 8 4 0 51 5 96 14 99 16 74 2 92 3 70
11 10 7 30 18 72 12 48 3 36 13 48 4 89 6 85 2 65 19 44 17 66 1 97 10 18 14 60 5 54 8 45 9 10 0 68 15 29 16 89
3 87 18 69 5 91 10 79 1 65 11 69 0 75 12 53 17 56 19 5 13 65 16 35 15 37 8 89 9 98 7 86 14 71 2 18 6 84 4 65
9 7 8 68 11 24 15 74 14 80 19 33 18 34 4 84 0 77 6 45 13 11 7 41 1 29 12 15 5 65 2 41 10 37 17 76 16 17 3 71
16 80 6 70 13 91 17 58 10 19 14 82 12 90 19 11 4 19 7 30 8 21 5 88 9 61 18 23 11 26 0 21 3 4 1 13 2 60 15 41
2 24 4 45 15 13 9 44 13 92 1 2 5 39 18 51 14 20 0 83 17 52 3 91 16 34 10 67 11 47 8 50 7 50 6 10 19 22 12 31
14 18 7 7 0 80 16 82 18 73 12 70 4 85 17 90 13 76 5 10 2 41 15 42 6 38 3 89 8 94 19 5 1 27 11 99 9 62 10 57
3 49 15 8 6 95 10 50 0 52 14 66 5 35 17 51 16 30 9 97 8 33 11 86 1 29 13 60 2 32 12 12 18 80 19 78 4 84 7 40
8 71 19 48 9 48 4 19 6 56 18 29 13 59 0 26 11 74 17 47 14 85 10 20 12 93 3 53 7 50 2 78 16 81 1 18 5 99 15 53
7 9 14 78 11 52 17 99 6 9 18 29 1 11 0 91 15 43 16 22 10 11 8 4 4 61 19 63 5 70 12 77 9 55 13 3 2 5 3 28
12 85 18 20 19 4 15 82 13 23 11 81 14 10 17 45 6 1 4 86 7 34 8 95 2 17 0 48 16 79 9 80 10 23 5 42 1 71 3 5
10 70 4 61 18 41 5 61 13 39 16 76 8 62 9 30 15 87 3 79 7 90 6 77 17 46 1 95 2 66 11 79 12 87 14 68 0 73 19 97
8 41 19 46 9 61 16 32 6 2 7 41 18 45 2 47 11 13 17 89 4 14 1 33 14 5 5 42 0 47 10 58 15 59 12 44 13 81 3 7
3 77 13 76 11 78 16 78 9 86 6 96 7 72 17 48 0 82 1 36 2 65 10 78 15 27 12 82 14 58 4 34 19 28 18 31 5 77 8 41
12 3 7 12 8 79 0 76 17 84 15 54 18 51 14 80 1 8 19 64 2 78 11 2 9 6 4 17 16 39 6 44 10 5 3 14 5 72 13 13
19 93 9 43 11 24 6 40 1 33 7 29 4 29 8 20 13 73 17 1 14 1 12 26 2 73 5 28 3 14 18 64 16 15 15 92 0 65 10 6
11 47 5 93 2 81 4 54 16 38 12 13 18 36 3 41 9 76 19 41 13 83 1 30 7 49 6 10 0 32 15 89 17 48 14 23 8 13 10 57
9 37 8 7 4 4 1 70 11 3 10 66 14 41 2 37 15 21 13 84 0 92 5 87 16 12 17 14 3 31 12 4 6 75 18 98 19 99 7 76
7 90 18 34 9 79 0 33 3 9 19 79 15 62 13 41 1 22 4 40 6 40 11 90 12 43 14 53 16 6 5 98 2 27 10 73 17 81 8 95
16 58 4 35 3 33 7 58 9 38 13 43 17 63 8 40 18 46 11 90 12 19 19 48 6 50 14 75 10 29 2 32 0 68 5 88 15 40 1 37
18 20 12 3 5 42 10 90 2 12 6 79 3 97 7 10 0 5 1 26 17 76 14 38 15 21 16 22 8 55 19 58 4 53 13 12 11 89 9 44
4 97 2 62 17 8 8 18 14 40 6 91 18 99 3 77 0 88 13 97 5 93 19 42 9 58 15 67 1 99 11 46 7 30 16 85 12 50 10 27
1 99 15 72 2 79 13 10 12 27 18 94 0 65 19 84 6 20 5 9 4 14 3 48 17 96 7 73 14 25 8 25 9 36 16 97 10 64 11 54
15 90 16 66 19 80 2 18 14 99 3 21 17 33 1 44 9 73 18 81 11 62 4 78 13 59 0 74 8 29 5 30 6 27 12 81 10 14 7 88
12 39 11 22 13 98 18 31 3 90 16 9 2 45 14 60 15 49 7 91 17 32 6 81 9 86 19 59 8 30 10 87 5 47 4 85 1 42 0 15
15 64 19 99 10 11 11 42 0 11 17 94 5 70 7 47 12 33 8 80 1 43 18 30 16 12 4 51 6 92 13 80 2 29 14 12 3 93 9 1
7 31 9 75 4 5 2 30 3 36 18 85 8 31 13 18 11 25 6 70 0 96 5 2 15 5 19 47 1 19 14 77 16 52 10 65 12 16 17 41
4 3 17 36 15 49 10 66 7 41 13 8 8 12 5 51 1 14 6 32 9 12 19 91 0 11 11 22 18 82 2 13 3 39 14 46 16 52 12 96
19 25 4 50 5 41 12 30 13 44 10 92 14 40 8 33 9 73 1 69 18 9 7 46 11 90 2 44 15 97 17 96 6 62 0 79 16 83 3 55
0 3 16 5 8 14 6 99 11 60 9 16 17 52 10 66 13 39 15 78 18 95 3 5 1 57 19 98 7 13 12 39 4 16 5 14 2 36 14 68
1 57 4 22 8 40 6 30 2 44 12 73 7 35 16 81 18 38 11 73 10 7 3 98 5 71 19 62 13 77 17 26 15 25 14 24 0 27 9 16
19 5 17 82 1 36 15 38 14 49 13 70 8 12 5 3 6 7 2 6 9 20 3 85 16 50 10 23 7 64 12 37 4 74 18 79 11 81 0 21
7 17 1 45 3 85 8 6 14 29 19 79 0 70 13 63 11 7 4 59 16 9 12 16 9 99 17 61 2 95 15 86 10 3 5 12 18 30 6 89
11 32 18 29 0 74 3 85 7 24 13 82 8 98 12 88 5 61 19 25 15 23 6 2 10 12 9 94 14 22 1 37 16 37 4 89 17 3 2 2
12 22 1 65 19 17 4 22 6 47 18 32 15 5 14 82 16 86 3 36 2 59 13 26 7 53 8 14 5 62 9 70 0 78 11 18 10 58 17 27
17 28 11 93 10 5 9 47 3 96 4 75 8 28 18 86 7 25 12 78 5 39 16 66 0 90 13 33 1 8 14 2 19 66 15 96 2 42 6 60
2 50 18 31 17 93 3 76 4 31 1 53 5 72 6 5 7 89 10 9 8 65 11 68 16 60 15 45 9 9 14 67 19 26 13 65 0 27 12 9
2 77 5 2 17 66 19 45 3 56 12 66 14 44 18 90 7 74 15 95 9 72 8 12 0 10 13 30 10 68 11 86 16 55 4 64 1 39 6 67
1 29 7 46 13 24 2 13 9 97 12 46 0 67 6 73 11 97 14 13 16 48 4 63 8 35 3 22 18 47 15 72 17 48 10 98 19 28 5 84
7 97 13 17 17 72 12 74 11 37 8 86 15 88 18 69 19 33 0 29 9 8 14 76 5 13 10 4 1 60 16 52 6 28 2 66 4 43 3 83
9 69 5 2 14 29 16 44 11 6 3 35 4 58 0 60 15 39 1 60 10 39 7 35 19 41 12 80 6 6 17 33 13 54 18 1 8 64 2 48
19 36 13 20 5 56 18 49 8 23 16 28 0 57 11 66 9 46 3 59 17 93 6 94 4 52 2 47 15 97 7 45 12 59 1 60 14 9 10 43
12 79 11 57 10 31 2 19 19 27 13 14 15 65 16 59 9 27 1 52 14 30 18 21 7 9 5 62 17 62 8 78 4 17 3 73 6 27 0 52
1 32 7 51 11 89 9 17 18 42 5 20 19 14 15 82 8 24 2 86 4 55 13 65 10 65 3 5 16 33 12 65 0 37 6 43 17 55 14 27
10 54 12 90 4 66 18 62 8 81 11 75 17 73 3 82 0 10 14 78 13 39 16 32 9 11 19 16 5 18 7 34 1 42 15 69 2 79 6 13
16 30 13 11 1 91 6 87 17 33 0 74 9 94 15 81 14 29 3 33 8 52 18 3 4 84 5 70 10 6 11 78 7 9 12 57 2 90 19 25
2 86 15 59 5 15 16 90 12 38 11 48 4 86 13 89 9 80 14 98 10 57 0 16 3 27 1 16 6 34 7 76 8 55 19 93 17 96 18 56
2 31 10 88 1 19 15 28 7 85 9 86 5 90 0 63 4 81 13 5 3 19 14 58 6 48 12 32 11 37 19 86 16 45 18 70 17 46 8 17
2 35 9 82 10 90 4 75 13 59 7 19 3 93 16 13 1 77 0 9 14 75 12 76 19 13 17 98 15 25 6 29 5 98 11 22 18 33 8 96
11 46 6 94 4 19 5 36 18 62 14 84 3 5 8 17 16 33 13 85 10 11 12 61 1 10 0 8 9 99 19 87 2 97 17 71 15 59 7 56
7 46 11 38 0 38 13 40 19 97 10 7 4 21 8 65 3 68 1 72 6 43 12 43 16 5 5 27 15 98 17 45 9 49 18 75 2 78 14 24
18 41 17 86 9 45 19 43 15 54 16 86 13 96 1 61 10 32 11 2 14 94 3 14 12 71 2 80 5 52 0 41 6 43 7 80 8 80 4 54
14 54 6 1 16 22 0 86 9 18 13 82 1 43 17 78 7 53 15 60 19 56 4 25 11 95 12 86 18 33 5 46 10 67 3 39 8 83 2 78
5 77 10 64 14 72 0 6 9 40 3 82 7 60 16 81 2 36 18 11 4 20 19 57 1 65 13 55 11 5 8 1 6 62 15 61 17 78 12 67
16 80 10 69 17 70 7 69 9 61 6 55 14 3 3 67 8 41 19 61 12 13 1 75 2 67 15 48 11 30 5 21 4 72 13 99 0 59 18 30
14 30 4 68 11 39 0 1 6 15 19 69 1 23 2 31 8 3 13 20 10 32 7 43 15 76 9 29 5 99 17 28 3 53 12 25 18 83 16 15
9 50 3 34 12 35 5 71 0 17 6 69 11 93 1 7 15 84 16 55 2 6 17 22 10 65 18 97 4 64 14 7 8 4 19 78 13 11 7 6
1 1 15 32 9 15 3 62 0 87 7 8 14 72 17 82 10 97 11 66 19 96 12 74 8 21 5 19 13 71 2 73 4 2 6 74 16 97 18 42
19 97 10 54 4 58 16 74 14 6 3 99 1 96 13 84 5 77 11 31 6 8 9 66 0 20 17 29 2 9 7 59 15 85 12 98 8 95 18 74
3 36 6 6 15 16 5 92 11 68 17 78 13 10 14 67 7 30 8 28 0 74 1 50 2 18 18 74 10 54 9 54 16 96 19 54 12 93 4 66
15 47 3 13 11 76 10 85 6 45 18 82 16 33 4 39 17 40 19 2 14 23 1 49 7 25 13 28 2 88 9 98 8 22 5 36 0 55 12 34
13 79 11 48 6 42 7 42 1 84 0 12 2 90 10 69 16 13 5 15 18 34 4 11 8 37 9 46 12 25 14 12 3 70 17 83 15 41 19 70
13 38 15 21 14 84 18 40 9 83 8 2 10 2 2 42 5 54 1 24 6 49 11 69 0 61 3 37 7 60 16 27 17 50 19 66 4 77 12 79
