100 20
11 11 7 65 5 33 19 73 9 98 13 75 14 46 15 83 16 29 8 72 4 53 18 53 12 69 1 16 0 9 3 1 10 70 2 22 6 77 17 51
19 90 9 13 1 15 15 6 18 82 2 41 8 80 12 1 11 67 6 66 3 68 0 55 17 75 10 95 7 34 5 28 13 57 14 20 16 1 4 12
10 47 2 91 11 2 13 75 18 29 15 53 1 21 7 14 6 97 9 69 14 77 16 79 3 21 19 83 5 35 4 44 17 68 8 97 0 28 12 22
6 43 8 55 14 73 17 9 18 71 3 26 11 26 2 84 0 34 15 71 19 69 7 87 13 77 9 79 5 2 16 70 12 77 1 98 4 82 10 67
10 76 8 46 6 83 9 76 5 14 17 31 13 26 7 47 0 13 11 1 19 68 4 7 1 31 2 39 15 37 16 62 14 80 3 30 12 39 18 87
9 70 13 89 8 5 12 28 1 59 0 6 2 11 16 43 10 59 3 70 17 58 5 39 19 51 7 84 18 54 6 54 14 34 15 24 4 29 11 39
19 55 5 15 14 34 15 37 1 27 0 2 2 70 16 30 9 87 11 61 13 6 3 69 7 44 18 26 8 51 6 49 12 75 17 28 4 17 10 99
11 73 18 79 17 79 0 82 5 31 7 65 1 80 6 36 14 72 13 21 2 40 8 11 16 23 4 38 12 51 10 99 3 14 9 16 15 87 19 45
13 20 18 72 5 37 14 7 15 36 1 21 12 92 3 55 0 23 4 55 8 70 6 53 19 92 9 49 11 62 7 1 16 23 17 23 2 84 10 70
19 45 6 51 18 46 16 4 17 84 12 2 0 86 13 29 4 47 11 62 10 96 5 99 3 4 15 41 7 21 2 92 9 76 8 63 14 29 1 9
0 74 2 85 13 37 15 98 1 42 14 71 3 10 10 9 11 32 7 72 8 22 18 17 12 89 4 89 17 54 5 25 16 37 19 57 9 8 6 75
12 69 11 58 4 39 6 17 19 52 15 2 9 57 0 50 1 35 14 81 13 66 5 31 8 94 7 90 16 34 17 86 10 33 3 66 18 45 2 2
13 6 8 65 17 40 15 65 14 64 16 78 2 5 12 77 3 3 5 51 18 68 11 88 0 22 4 85 6 72 1 90 10 57 9 27 7 72 19 69
12 4 9 12 4 36 6 31 14 86 11 74 7 76 5 16 2 44 16 97 19 67 10 44 13 62 3 15 18 80 1 80 15 26 0 69 17 16 8 89
2 15 1 7 6 20 10 11 18 82 8 27 12 78 15 72 4 54 0 94 3 10 9 25 13 17 7 8 19 4 16 43 11 20 14 50 5 74 17 20
11 74 6 82 4 63 7 53 2 11 15 26 12 81 8 76 5 48 9 82 19 86 17 43 10 1 3 8 1 38 18 15 13 11 14 64 16 35 0 36
5 64 10 78 16 40 18 57 7 22 17 42 8 99 6 77 15 16 19 84 2 71 1 6 12 91 13 35 14 93 4 7 9 40 0 31 11 19 3 14
11 28 19 46 9 4 8 86 7 83 2 44 0 19 17 55 5 75 14 75 12 26 16 12 6 66 10 57 18 43 3 96 15 57 1 37 4 44 13 30
6 36 3 19 11 33 5 26 7 3 17 13 12 55 2 95 0 31 9 97 13 71 16 1 1 57 18 95 8 51 15 21 14 66 4 6 10 27 19 39
13 32 12 68 1 85 14 69 10 51 16 55 5 76 17 84 11 81 4 50 15 98 3 37 6 71 2 50 7 27 8 88 0 93 18 88 19 84 9 19
2 21 16 63 18 30 11 8 7 27 15 33 19 31 9 7 1 30 13 99 3 40 10 25 5 30 0 5 12 6 8 19 17 74 14 74 6 16 4 30
13 49 9 84 2 55 7 16 16 75 12 14 18 61 14 75 4 68 17 56 3 36 11 19 5 78 10 16 19 75 1 47 0 43 6 94 15 14 8 78
7 55 8 38 10 1 2 25 1 43 6 10 13 44 16 59 17 53 11 94 14 18 4 48 3 81 19 1 0 78 12 20 18 40 9 31 5 92 15 27
5 52 16 88 14 84 12 20 0 61 15 13 17 10 1 23 11 58 8 87 4 97 6 22 10 55 18 30 7 58 2 98 13 19 3 39 19 58 9 37
11 28 8 9 4 5 17 6 0 74 14 34 7 65 18 46 6 44 1 49 2 77 9 80 5 98 16 23 10 15 19 6 3 33 13 91 12 36 15 40
14 89 0 93 2 23 9 88 11 3 13 11 4 54 5 54 8 7 12 99 1 19 17 61 18 73 6 46 7 20 15 37 10 13 19 85 3 14 16 67
6 67 4 22 18 62 10 85 8 65 12 96 11 2 17 18 5 98 3 21 13 20 7 56 0 76 19 4 1 75 14 81 2 94 15 40 16 52 9 30
16 18 7 94 6 75 18 7 10 29 9 8 15 51 4 5 19 45 2 15 0 95 8 37 17 67 11 2 1 92 14 41 5 11 13 25 12 43 3 21
4 30 18 88 17 75 2 91 7 25 15 32 16 78 11 69 8 37 14 72 12 20 5 96 19 25 6 87 9 43 10 38 0 12 1 86 13 39 3 55
5 92 7 66 15 1 8 52 6 48 11 75 9 52 10 50 16 6 1 22 14 51 0 60 3 69 4 37 18 25 12 92 2 2 17 1 13 9 19 98
6 23 0 71 5 4 3 55 2 36 12 68 18 64 9 81 16 34 19 32 15 71 11 72 10 37 17 94 8 60 7 47 4 4 13 94 1 73 14 32
4 34 14 20 13 88 12 63 3 52 10 96 18 49 19 18 11 62 9 16 1 92 8 38 5 4 0 93 17 2 15 14 7 60 6 78 16 89 2 24
18 74 3 85 15 35 2 41 0 47 14 80 10 35 11 60 6 20 13 11 1 2 16 59 19 81 8 65 4 12 7 50 5 97 12 96 9 34 17 90
10 96 6 49 4 72 15 51 12 34 16 85 11 87 14 67 5 44 8 42 2 32 18 62 3 25 0 71 9 75 13 28 7 62 17 60 1 55 19 9
18 79 6 92 3 91 16 89 4 54 19 54 9 35 8 78 5 25 0 68 1 84 2 48 17 79 10 37 13 77 11 69 15 12 12 93 14 49 7 80
9 13 4 49 16 2 2 61 8 57 1 79 6 25 10 25 13 45 7 83 11 49 17 53 12 89 0 2 19 26 18 48 5 27 15 81 14 49 3 89
5 6 13 26 10 76 15 75 4 2 7 56 1 82 9 29 0 60 3 78 14 60 19 63 18 61 17 70 6 56 11 64 2 99 12 15 8 60 16 60
11 39 8 33 0 52 2 65 18 54 1 54 17 84 5 33 13 47 10 19 15 58 4 77 14 6 6 96 3 15 9 72 19 52 12 85 16 64 7 27
9 63 4 53 18 71 16 65 8 45 13 18 19 33 1 47 6 76 5 57 3 83 14 50 15 49 2 38 0 42 12 41 7 89 17 47 11 91 10 1
14 57 6 94 19 59 15 38 0 29 1 27 5 11 8 23 4 76 16 62 9 23 7 27 17 56 10 24 2 83 12 24 18 19 13 93 3 41 11 30
19 17 6 54 11 22 12 82 0 38 7 13 2 46 9 53 4 83 1 75 18 75 16 70 5 17 13 60 14 12 15 33 3 3 8 8 10 64 17 35
10 38 13 76 9 59 16 81 14 48 4 53 11 9 17 28 2 45 8 71 12 61 6 16 7 85 18 93 5 89 3 53 0 31 1 9 15 33 19 13
5 84 18 39 16 41 14 35 9 15 2 84 8 44 13 19 19 33 0 65 3 18 7 48 15 30 1 24 12 76 4 83 6 17 11 38 17 18 10 32
4 36 12 91 16 43 2 90 18 79 7 33 9 98 11 78 6 29 19 8 8 27 10 56 0 75 13 66 5 32 14 93 3 81 17 74 1 90 15 9
1 38 2 41 6 50 17 24 5 6 15 10 0 20 18 41 10 92 19 6 3 92 11 42 8 45 13 49 16 73 7 36 4 56 9 39 12 74 14 18
2 45 13 47 18 47 16 17 8 78 14 82 10 46 11 54 12 97 15 46 4 44 3 28 1 18 7 40 5 12 6 41 19 39 0 98 17 8 9 65
7 65 10 44 4 52 14 85 11 7 9 51 12 9 0 82 2 22 16 6 1 91 15 77 17 66 3 81 19 8 8 27 6 69 18 93 13 11 5 36
5 6 4 81 13 41 16 16 2 43 17 98 6 38 3 96 11 8 1 25 15 65 9 47 7 64 8 99 19 47 12 27 18 45 14 76 0 65 10 11
18 99 17 35 6 32 19 69 2 60 1 53 8 87 15 74 7 20 5 62 12 71 14 71 4 20 10 43 16 95 0 1 3 30 13 51 9 9 11 59
7 14 19 62 18 64 8 65 4 23 12 74 0 95 17 43 2 67 9 97 11 55 13 93 10 67 14 50 15 10 6 44 16 54 3 51 1 39 5 3
1 73 9 43 18 94 19 41 17 49 6 4 15 82 0 28 8 91 5 56 13 18 16 25 3 54 11 23 7 10 4 11 12 18 2 46 14 21 10 58
16 52 14 91 19 90 15 34 4 61 2 50 8 15 7 50 0 62 9 93 6 94 10 2 5 99 12 13 13 84 1 68 11 75 18 58 3 33 17 66
16 11 6 29 10 57 12 76 7 12 2 73 9 14 18 95 19 7 14 2 5 26 8 95 0 86 11 27 15 27 3 91 17 89 13 15 1 67 4 70
19 14 12 48 13 22 2 87 4 51 7 37 0 86 6 41 3 68 11 16 5 86 9 90 8 77 15 80 18 13 10 78 14 52 17 71 16 79 1 99
10 1 19 26 16 80 13 61 2 99 5 93 11 9 4 95 7 63 15 99 17 28 18 24 12 51 3 48 14 3 6 80 8 31 9 48 1 26 0 47
3 17 13 23 17 90 6 56 4 6 15 78 18 70 19 90 5 12 12 57 11 49 2 53 7 79 0 31 10 57 1 10 16 56 14 37 8 81 9 53
15 42 16 67 5 96 10 2 8 50 0 84 17 51 18 71 19 56 13 16 7 5 12 81 4 22 14 90 11 16 9 57 6 44 1 11 3 40 2 62
12 80 9 87 10 78 17 28 16 83 5 85 1 70 18 92 3 64 6 73 14 50 4 64 15 5 0 10 11 1 2 42 19 19 7 81 8 32 13 89
2 47 4 41 1 7 16 97 18 66 11 26 9 74 15 46 5 71 14 85 7 68 13 89 12 47 17 72 3 22 0 20 6 52 8 43 19 72 10 76
15 51 17 54 9 84 16 89 6 68 10 42 5 84 7 16 0 69 3 10 13 14 4 10 8 62 11 75 18 97 1 19 2 11 12 37 19 63 14 59
10 2 13 39 5 7 17 43 6 31 15 33 2 46 4 56 8 28 19 35 7 90 16 50 11 14 9 68 12 56 0 48 18 16 3 10 1 2 14 15
2 19 14 45 7 16 1 94 18 88 15 56 0 84 6 52 13 10 5 69 8 91 19 21 17 87 3 12 16 20 4 2 10 12 11 52 12 40 9 31
5 19 6 99 8 32 1 68 12 72 19 65 17 43 15 81 7 23 14 88 9 7 11 27 2 58 13 56 16 92 10 90 3 4 18 20 0 48 4 15
12 24 2 16 4 49 16 65 10 34 17 48 19 80 13 62 7 79 14 65 3 71 5 96 11 67 18 38 9 40 1 45 8 3 0 1 15 15 6 97
10 23 4 43 3 17 8 6 6 91 9 23 19 80 12 58 14 51 13 88 2 36 18 64 1 86 17 44 15 37 7 96 11 49 16 74 5 67 0 83
6 77 15 58 7 37 19 68 1 30 4 24 12 98 16 28 13 54 10 48 9 23 2 29 14 44 11 60 0 39 18 15 8 9 5 77 3 95 17 63
10 72 12 45 6 27 18 94 11 20 0 3 1 49 7 99 9 44 3 77 16 64 4 20 5 9 8 10 15 57 19 21 14 71 2 13 13 38 17 6
10 62 15 41 17 12 4 62 13 70 7 51 18 22 11 56 19 88 6 53 12 10 14 68 8 58 1 94 16 29 5 74 2 83 0 66 9 72 3 90
17 49 1 28 15 2 0 57 19 83 9 76 10 3 16 18 5 29 4 34 18 95 14 4 7 7 11 59 2 8 13 54 6 48 8 33 12 20 3 6
14 2 6 29 2 3 13 43 3 12 8 41 15 60 12 66 0 34 16 20 9 21 11 86 17 27 10 49 4 27 7 89 1 60 19 9 5 43 18 95
7 2 18 53 19 36 4 61 12 12 0 55 3 44 10 6 15 97 8 1 5 5 13 65 17 41 14 88 11 10 6 68 16 59 2 60 9 79 1 89
0 58 18 96 1 93 2 66 4 82 19 2 16 99 3 24 14 6 13 24 5 87 11 45 12 91 7 12 8 43 10 62 9 99 6 70 15 47 17 64
8 97 19 2 3 86 15 60 18 56 13 9 2 91 14 63 17 55 12 44 0 89 5 22 7 58 4 33 16 19 11 26 10 28 1 5 6 9 9 90
15 61 9 62 5 92 18 5 14 76 3 29 4 14 10 66 7 19 0 4 1 63 19 6 2 34 8 58 11 58 12 43 13 84 6 78 17 63 16 58
8 98 19 40 6 3 18 39 10 52 12 77 14 10 11 78 0 51 13 7 2 69 17 72 15 99 1 7 3 37 9 6 16 26 5 10 7 64 4 56
1 72 11 71 13 72 6 66 2 94 12 65 16 50 15 44 3 8 10 73 4 5 0 74 9 84 19 86 14 35 18 38 7 97 5 30 17 75 8 94
4 82 19 25 10 21 3 46 17 74 12 36 5 92 9 97 7 90 2 39 15 6 13 90 0 40 11 74 14 26 16 5 1 42 18 47 6 87 8 98
15 35 3 84 6 14 10 85 8 2 11 36 5 29 2 54 17 58 1 80 9 29 18 92 19 87 7 68 16 33 14 6 12 15 4 24 13 28 0 3
1 23 0 34 3 7 10 94 5 37 4 12 12 20 2 29 16 47 18 64 7 54 6 19 8 60 9 82 14 9 13 10 17 63 15 17 19 60 11 16
1 69 14 75 17 22 3 57 9 6 8 38 11 19 12 70 15 53 2 30 10 60 4 12 18 51 0 22 13 95 6 22 19 9 7 37 16 73 5 21
15 94 9 89 13 82 18 33 3 58 7 57 14 25 12 59 19 73 1 53 4 30 8 95 10 57 0 4 6 75 17 17 11 16 16 31 5 72 2 4
11 91 17 86 0 35 6 39 18 88 13 78 4 60 10 2 12 64 1 47 5 99 16 16 8 30 15 44 2 7 3 54 14 48 7 69 19 41 9 50
13 32 15 23 19 81 9 69 12 34 2 54 0 98 11 5 5 74 17 39 16 88 1 65 18 50 4 22 7 14 3 99 8 35 6 20 14 72 10 11
1 99 15 73 8 71 11 23 16 99 7 33 17 49 2 24 13 2 14 37 4 29 9 95 3 4 19 54 6 59 18 19 10 78 0 11 5 82 12 59
11 40 18 59 8 21 19 56 1 95 17 74 3 17 6 60 2 7 4 80 9 43 15 48 12 15 7 79 5 5 10 61 13 67 0 56 14 49 16 28
17 12 13 31 18 83 6 2 2 7 12 39 7 26 16 38 8 89 19 51 4 4 0 39 5 91 1 37 11 85 10 65 15 14 14 64 9 27 3 94
12 34 1 7 9 34 2 35 17 51 10 84 18 38 14 96 16 57 6 45 19 15 4 56 7 59 5 42 0 97 8 33 11 67 3 75 13 19 15 91
0 11 6 80 15 63 16 55 13 29 17 32 18 53 1 24 14 95 3 63 12 9 19 11 10 5 9 54 11 92 8 18 2 27 4 15 7 94 5 55
2 72 10 80 7 8 19 89 18 57 15 31 12 93 8 93 5 43 13 12 14 6 3 85 11 78 0 27 1 33 6 89 16 69 4 21 17 44 9 66
16 77 11 55 19 65 15 1 3 57 1 83 9 15 2 8 10 76 5 54 14 58 17 16 7 86 13 62 8 81 18 93 6 22 0 24 4 24 12 84
5 47 12 2 13 17 8 68 3 64 6 80 19 44 0 3 16 66 4 56 14 77 2 54 1 53 15 97 9 13 7 20 17 65 11 5 18 1 10 4
0 30 18 20 5 48 11 71 14 56 6 34 12 93 4 34 8 41 7 61 3 21 13 67 9 54 16 25 2 5 17 67 15 67 1 2 10 28 19 46
8 50 2 6 12 77 13 32 19 28 14 55 3 17 11 79 0 38 1 29 15 82 9 71 16 68 7 46 17 10 4 75 5 70 18 42 6 84 10 50
3 98 12 62 4 62 0 29 6 72 10 70 7 65 5 83 16 21 15 30 13 57 17 87 19 21 8 2 18 49 14 40 11 56 1 11 9 95 2 3
1 42 8 17 4 33 2 93 10 36 16 16 15 37 3 60 5 75 12 68 7 93 6 46 14 85 19 47 17 7 9 52 0 79 11 32 13 99 18 61
19 76 8 31 0 91 10 63 17 34 1 75 7 96 6 25 18 24 11 18 2 47 13 23 12 92 4 63 9 89 3 26 14 43 5 87 16 71 15 14
18 22 1 14 13 10 5 46 12 76 0 27 4 6 9 75 10 8 6 68 7 47 15 36 3 89 2 15 16 21 19 99 8 97 17 36 14 93 11 76
14 14 1 50 9 68 18 76 8 68 19 84 7 9 4 24 11 92 5 46 13 45 6 44 0 74 12 93 2 24 15 63 3 76 10 5 17 11 16 77
4 39 17 78 6 4 16 27 18 28 7 74 13 88 3 8 10 95 1 57 0 63 9 17 5 18 15 75 14 63 2 90 19 76 8 93 11 51 12 96
5 15 1 59 18 60 7 47 12 78 2 85 6 73 14 87 0 9 15 29 3 75 17 69 11 66 10 7 8 21 16 44 4 16 9 22 13 43 19 5
