100 20
19 99 18 69 6 33 9 62 1 69 5 42 10 76 4 71 16 21 15 32 11 45 7 75 13 20 8 40 17 40 0 5 12 43 2 2 3 20 14 88
14 28 2 75 6 33 4 83 9 96 16 50 19 17 8 52 17 13 3 98 12 31 0 68 15 13 5 25 13 76 1 72 11 93 10 35 18 76 7 89
5 99 1 86 9 89 0 11 17 74 19 58 18 36 13 18 12 54 6 18 11 26 16 74 8 94 14 84 4 30 2 21 3 61 15 52 10 34 7 52
11 2 16 57 7 86 5 38 1 25 19 91 9 71 18 85 0 2 17 73 13 21 10 43 15 54 3 6 2 66 4 2 14 11 12 27 8 15 6 84
5 86 9 76 3 7 7 11 0 40 8 58 11 65 12 96 6 32 16 20 4 40 13 31 14 74 10 28 17 88 19 72 2 66 18 80 15 32 1 44
15 64 8 44 2 47 0 74 16 37 11 84 4 19 18 63 1 95 5 63 13 30 9 75 6 42 12 97 7 77 19 27 17 58 3 64 10 8 14 21
7 80 4 59 9 73 18 56 10 7 14 4 3 86 0 17 1 65 5 61 2 32 17 73 16 61 13 12 6 71 19 88 11 31 15 74 8 86 12 30
18 59 9 93 4 79 0 29 13 15 5 50 11 93 19 56 10 71 6 53 3 24 7 86 8 9 12 86 2 87 17 52 14 8 15 34 1 42 16 62
12 43 7 13 15 73 11 63 16 51 14 85 10 97 18 12 6 39 17 13 1 42 4 13 8 91 2 5 0 87 5 57 9 94 13 17 19 29 3 86
11 29 17 85 10 68 9 63 13 71 6 76 0 87 14 72 12 16 1 68 18 81 5 14 8 19 15 38 2 94 4 71 7 5 19 11 3 73 16 2
18 44 16 53 7 71 10 59 17 3 1 61 19 89 2 46 12 61 11 72 13 92 8 36 6 59 4 36 3 24 5 34 9 67 15 56 0 39 14 84
15 3 9 52 2 5 6 21 10 88 14 35 0 74 19 46 8 14 11 64 5 65 12 11 7 16 1 57 4 25 18 55 17 25 16 75 3 82 13 61
13 20 10 18 9 7 17 99 14 64 7 33 18 92 0 78 19 72 15 6 5 89 16 48 2 19 4 85 6 59 11 44 1 90 3 64 12 38 8 30
5 32 4 63 10 2 9 34 6 96 11 70 14 92 1 8 18 85 8 14 17 28 19 95 12 30 15 9 2 52 3 30 13 75 0 47 7 74 16 58
9 16 1 47 11 86 5 54 14 56 18 72 19 70 7 92 8 85 10 40 17 83 2 65 6 45 15 70 4 93 0 25 3 87 16 59 12 79 13 83
19 9 18 25 16 95 10 26 0 75 11 76 3 1 1 19 12 55 2 78 9 38 7 64 6 93 5 72 17 19 14 75 4 45 8 60 15 53 13 76
10 70 15 5 5 36 11 33 4 45 3 14 14 49 13 41 17 33 8 55 18 44 6 18 0 68 9 92 1 72 2 55 16 50 12 85 19 37 7 27
11 30 3 65 16 80 10 48 1 48 8 96 0 69 18 3 4 85 17 33 9 59 5 61 6 32 15 38 13 66 12 35 2 46 19 11 14 98 7 74
10 70 16 19 15 11 13 36 3 81 7 14 6 66 17 41 0 70 9 28 19 37 14 85 8 55 18 68 11 2 1 92 4 71 12 64 5 94 2 53
14 84 7 38 11 33 0 27 19 13 15 16 16 60 12 17 1 4 18 12 5 28 2 94 6 37 3 95 17 55 13 81 10 5 9 30 8 56 4 60
18 86 17 48 16 57 1 32 15 34 10 67 19 24 7 62 11 27 4 7 12 25 13 90 5 96 14 94 8 89 2 27 3 98 9 81 6 57 0 87
17 11 8 70 6 55 16 19 10 30 14 83 19 37 4 73 11 18 2 49 3 57 1 97 15 74 12 88 18 1 5 48 7 86 0 5 13 89 9 43
15 61 14 55 3 50 1 33 12 44 18 53 13 83 11 44 7 52 8 54 9 23 5 1 0 2 2 22 4 53 19 64 6 33 17 66 10 92 16 49
14 8 17 89 16 21 11 13 4 75 5 37 3 37 8 30 10 79 12 67 15 98 9 23 2 96 18 24 7 3 19 25 1 74 13 58 0 78 6 60
18 40 10 6 16 85 6 7 14 1 8 55 15 84 7 33 17 82 9 19 19 98 2 73 12 20 4 39 5 76 11 47 0 73 13 28 1 46 3 25
11 28 17 26 1 65 8 56 5 31 12 10 9 94 0 96 4 44 15 42 3 89 14 23 7 59 19 48 16 17 2 29 6 23 13 37 10 49 18 71
11 91 6 69 3 29 18 91 8 58 17 78 15 15 10 8 12 13 1 7 4 83 16 29 5 86 2 67 9 70 19 77 14 21 7 39 13 40 0 97
0 11 10 13 1 74 17 89 2 81 15 92 5 23 18 27 6 62 11 39 7 16 3 44 9 2 8 89 16 80 13 96 4 82 19 71 12 55 14 53
18 84 12 21 7 68 19 76 5 70 13 76 6 55 10 31 9 66 11 15 16 54 4 19 8 17 15 9 3 53 2 38 14 10 17 4 0 38 1 98
15 86 16 16 7 42 18 79 19 96 9 80 2 24 12 44 1 15 17 84 6 82 11 2 14 86 4 45 0 34 8 96 10 57 3 9 13 50 5 84
11 1 17 4 9 47 15 30 5 29 2 45 14 56 1 58 19 79 4 70 13 97 16 27 10 92 0 64 8 36 6 30 7 68 18 34 12 49 3 32
10 59 13 89 7 21 4 13 11 18 18 79 16 15 2 51 5 94 9 63 14 91 1 89 17 6 12 57 3 44 15 42 19 70 6 38 8 17 0 4
12 36 19 99 10 73 8 49 16 48 13 45 18 98 17 78 6 12 14 65 4 37 5 94 15 66 11 88 1 28 0 6 2 76 9 29 3 29 7 14
16 68 11 23 17 60 4 86 0 65 19 41 8 38 5 32 13 13 2 25 3 52 10 7 7 50 1 43 15 84 18 75 6 64 14 11 12 42 9 64
17 59 1 45 16 67 10 66 15 77 0 47 3 84 7 32 12 96 11 90 5 64 13 85 18 60 6 28 4 78 14 45 9 57 8 85 19 71 2 59
10 35 13 42 3 93 16 13 5 4 4 60 18 93 12 93 7 32 14 52 0 4 9 40 19 35 2 65 11 64 6 30 1 10 17 84 8 7 15 15
4 56 13 17 14 46 11 90 12 5 6 29 3 96 15 94 17 98 19 80 5 65 1 4 0 6 10 51 18 67 16 96 7 15 9 37 2 90 8 69
6 95 12 2 5 57 19 40 15 81 9 48 18 3 17 85 14 51 3 2 0 88 10 69 1 45 11 84 16 82 7 72 13 36 8 9 4 44 2 62
17 15 16 97 7 92 2 85 10 20 15 9 3 24 19 31 12 58 4 71 18 2 0 81 5 99 1 13 14 4 13 64 6 81 11 33 8 26 9 61
18 60 5 94 16 81 10 41 1 6 4 77 13 38 15 82 8 63 12 46 11 27 7 20 19 22 17 32 0 13 3 52 14 70 6 18 2 98 9 23
11 18 1 4 13 55 17 75 2 83 12 21 6 84 14 61 19 23 18 10 15 27 4 89 9 63 7 4 8 33 5 95 0 29 16 4 10 42 3 67
11 73 13 12 12 97 2 28 16 32 9 14 7 7 14 51 4 22 10 75 6 71 1 32 19 92 5 94 8 23 3 42 17 24 18 30 0 37 15 79
18 88 14 9 12 69 4 97 17 75 13 88 8 26 6 41 1 85 11 57 5 18 19 24 9 53 0 17 10 53 3 75 15 55 2 42 16 78 7 58
13 20 12 83 17 48 4 30 3 20 11 86 8 18 6 60 19 15 14 13 0 2 7 3 16 85 10 61 9 68 18 30 5 40 15 46 1 77 2 81
18 87 17 71 4 39 1 42 5 12 3 67 6 31 19 57 7 42 9 34 11 17 8 51 13 20 14 35 16 56 10 79 12 22 15 89 2 42 0 82
17 88 7 53 2 66 6 8 19 78 4 47 12 1 13 83 11 12 8 50 9 27 5 53 1 19 15 31 18 63 10 22 14 24 0 17 16 37 3 8
1 10 12 83 14 79 15 27 11 76 19 38 10 49 9 89 8 64 13 24 4 45 17 80 16 65 2 12 3 43 5 27 0 40 6 23 7 15 18 78
19 51 4 46 3 5 2 19 10 8 13 70 15 17 7 38 17 62 11 92 6 65 14 55 12 22 16 24 5 25 1 6 9 9 18 20 8 42 0 96
7 98 3 1 8 58 2 15 6 37 15 12 9 46 12 36 18 42 13 72 11 12 16 30 14 93 17 89 0 29 10 94 19 48 4 73 5 37 1 63
5 37 2 42 19 43 0 48 12 14 11 78 6 32 13 22 10 56 15 35 4 87 14 54 17 70 9 38 1 49 7 75 18 22 8 27 3 33 16 86
10 56 6 96 7 94 9 98 19 44 5 14 11 75 4 43 12 31 1 48 16 97 2 16 15 56 8 9 14 21 0 23 17 22 13 17 18 87 3 78
12 29 7 48 8 42 14 30 6 33 10 35 5 43 18 35 3 83 11 1 0 86 13 51 1 64 19 93 17 9 15 21 16 81 9 64 2 86 4 11
19 3 15 37 13 40 6 36 1 46 0 50 12 11 10 88 8 18 14 78 17 72 7 21 11 8 4 22 2 59 9 27 16 41 3 30 18 31 5 82
0 43 8 5 1 14 12 95 9 87 14 79 19 11 4 16 18 89 3 54 16 79 7 42 2 77 10 98 6 55 17 48 13 34 15 8 5 9 11 80
13 28 14 10 0 38 7 20 2 20 4 85 15 2 6 85 18 56 1 28 3 99 17 65 8 97 9 6 16 87 10 92 11 53 5 18 19 46 12 64
16 67 10 8 14 50 0 18 18 44 6 15 15 79 12 1 4 40 11 65 9 88 2 60 19 90 13 80 5 95 17 69 3 72 1 87 7 56 8 19
19 93 12 21 6 5 18 68 9 10 11 5 7 36 0 62 16 28 4 27 8 64 5 65 2 32 15 56 17 35 10 5 14 77 3 58 13 44 1 44
9 99 12 49 7 44 10 61 17 55 18 80 16 82 5 10 2 69 13 1 8 78 11 85 6 87 1 7 4 92 3 42 15 58 0 41 19 10 14 59
14 28 4 68 19 81 2 87 8 3 5 14 15 31 18 60 13 55 9 67 17 96 6 35 3 32 10 17 0 98 11 57 12 53 1 73 16 14 7 38
15 71 10 48 11 99 17 28 5 83 19 21 14 14 1 9 4 32 13 93 7 41 6 54 16 41 9 20 18 83 12 74 0 39 2 32 8 70 3 73
0 45 18 37 1 12 3 99 8 96 11 53 15 37 9 91 2 13 14 92 7 33 13 64 6 13 12 80 5 71 17 88 16 88 19 70 10 5 4 7
13 64 14 11 18 87 9 36 15 17 3 78 10 7 12 35 16 75 19 38 17 47 1 55 11 88 0 13 5 76 7 58 2 12 6 79 4 22 8 57
13 25 3 55 5 70 1 61 0 88 19 60 12 2 14 50 11 81 10 50 6 52 17 54 9 19 7 54 4 96 18 24 15 10 2 79 16 13 8 25
18 86 15 53 12 71 4 34 17 74 0 80 10 28 11 62 3 67 13 11 1 46 6 78 14 82 9 55 5 77 16 26 19 43 8 81 7 65 2 91
5 13 16 30 8 35 19 55 9 37 17 79 18 90 1 23 6 23 12 28 4 87 13 56 3 34 14 4 0 50 10 86 15 65 2 44 11 1 7 26
6 85 14 86 9 50 15 49 17 82 10 31 13 2 5 46 4 67 18 25 12 38 19 21 16 25 8 12 3 84 1 46 7 68 0 41 2 56 11 13
19 91 18 79 9 40 1 79 6 47 2 27 14 71 15 44 12 73 17 55 10 7 5 12 7 76 4 43 13 81 11 19 3 23 8 74 16 2 0 40
6 71 0 45 19 90 14 17 15 56 4 63 5 92 16 43 2 31 3 87 12 94 9 57 10 61 17 66 18 40 8 94 13 3 11 94 1 89 7 78
13 56 2 79 4 20 7 58 19 36 14 24 11 48 12 25 9 71 18 23 17 92 6 1 10 99 5 99 15 34 16 88 3 49 1 93 0 25 8 69
1 22 8 91 12 80 7 22 3 76 6 66 0 62 10 68 13 15 2 52 5 45 16 81 15 3 9 30 4 67 19 38 18 22 11 49 14 9 17 58
7 19 11 10 17 63 12 1 16 62 0 82 10 88 4 62 19 72 8 41 2 71 18 20 13 26 1 7 3 5 14 42 5 4 9 98 15 83 6 17
13 42 7 72 12 81 19 94 14 12 6 19 17 62 2 19 18 41 10 18 3 14 15 37 5 16 8 48 16 91 9 21 11 38 1 51 0 2 4 8
19 36 0 84 18 75 14 46 4 29 12 31 5 89 7 61 15 17 9 27 3 62 10 53 6 58 11 93 1 30 17 89 2 27 8 51 16 43 13 92
5 87 15 14 14 14 17 58 18 95 16 84 4 58 1 39 19 75 6 81 8 39 0 3 9 40 10 43 12 81 3 2 13 30 11 63 7 46 2 89
15 76 5 26 16 79 8 99 4 27 1 92 12 31 7 6 11 85 19 31 10 21 2 64 17 81 14 47 18 44 0 96 3 87 9 19 13 69 6 51
9 31 5 81 13 27 3 4 11 89 14 41 7 6 16 99 1 17 2 62 12 11 4 53 19 36 18 43 0 30 6 24 17 55 8 29 10 78 15 28
9 31 10 32 19 78 14 29 11 49 13 40 18 2 15 98 12 33 17 39 5 17 8 52 6 7 2 67 16 52 4 74 1 22 7 67 0 90 3 1
3 79 1 60 2 22 17 25 19 46 5 43 12 40 4 53 16 5 8 72 15 39 6 1 0 6 11 78 18 64 10 38 7 42 14 63 9 57 13 48
5 98 9 59 4 34 10 33 15 2 8 46 2 82 0 39 17 85 6 98 14 3 11 32 16 42 18 6 12 25 1 10 7 35 3 48 19 26 13 29
10 50 9 18 19 62 14 67 12 70 1 52 8 73 2 70 6 14 4 76 16 59 11 42 0 67 15 21 5 38 13 20 18 27 3 31 17 13 7 54
12 95 7 81 5 85 10 5 0 14 9 1 11 69 2 58 16 7 4 13 19 80 13 92 1 92 18 79 6 37 3 59 14 3 8 3 15 2 17 42
3 4 19 55 11 21 7 81 17 38 6 24 16 27 0 23 10 52 5 24 13 69 12 36 2 94 8 93 1 61 18 14 14 11 15 29 9 30 4 55
5 60 6 1 8 79 14 59 16 77 15 51 4 13 12 97 3 18 18 96 17 43 0 55 1 7 9 62 2 76 10 91 11 76 7 40 13 44 19 31
17 89 4 98 13 44 14 98 9 6 19 10 2 56 18 39 16 54 3 47 12 1 0 48 6 88 7 16 1 82 10 97 5 59 15 6 11 90 8 75
2 58 16 75 4 91 1 97 8 47 13 75 17 72 7 28 9 36 6 19 19 61 11 26 10 73 14 25 18 69 12 75 3 3 15 10 5 20 0 32
10 55 0 32 16 23 1 34 2 4 4 3 6 53 7 2 13 53 17 27 5 8 3 66 18 59 15 3 11 96 19 8 12 70 9 57 14 37 8 58
1 99 3 26 11 3 2 89 5 27 6 44 18 2 13 29 0 40 12 12 17 54 8 76 10 84 14 42 16 91 9 72 19 31 15 71 7 50 4 34
10 11 1 25 7 17 6 37 15 62 3 50 19 62 11 3 13 46 16 18 12 13 0 5 4 87 18 37 8 86 2 95 9 90 14 70 5 87 17 55
11 63 19 3 6 68 17 54 0 25 4 79 2 72 14 62 10 30 18 67 8 18 13 61 7 24 15 32 16 81 9 22 5 75 3 17 12 90 1 69
3 79 18 27 14 14 12 48 7 9 1 38 6 87 8 54 15 60 13 56 10 28 17 75 16 27 5 35 2 77 4 91 0 88 11 32 9 47 19 66
1 65 13 3 18 97 10 46 14 29 7 77 0 16 19 20 17 75 2 33 8 58 12 92 5 7 4 62 3 43 9 34 6 66 15 19 11 82 16 94
17 93 19 46 3 68 16 55 7 88 4 87 1 18 9 38 8 14 2 27 14 11 18 15 10 96 0 19 6 67 12 13 11 84 13 20 5 49 15 89
13 43 7 86 6 12 11 80 19 23 2 34 12 34 15 84 10 70 16 6 5 17 9 96 18 36 0 66 4 97 14 98 17 15 8 42 3 71 1 64
2 40 10 33 12 1 0 91 3 39 17 71 9 23 13 16 1 62 11 26 8 81 19 76 16 51 18 66 15 95 5 93 4 83 7 96 14 18 6 77
19 95 3 88 16 66 4 27 5 91 9 58 2 35 8 29 10 19 15 44 14 29 7 75 1 57 0 53 11 4 6 8 12 87 18 72 13 76 17 2
1 1 6 77 3 55 17 58 10 14 7 36 19 90 8 71 16 74 2 86 12 60 14 66 0 1 15 91 9 30 5 4 4 9 18 47 13 31 11 65
6 92 9 43 11 39 12 32 5 10 0 89 10 25 17 26 2 2 13 8 16 43 15 66 14 50 7 22 8 58 1 27 19 3 18 29 3 4 4 53
13 93 12 46 7 56 5 64 15 67 11 23 0 24 3 52 2 94 6 99 17 75 10 96 8 34 16 94 9 73 18 45 19 6 4 4 1 87 14 7
6 11 3 62 5 8 9 36 16 56 4 22 18 32 10 86 19 19 14 36 8 36 17 81 0 31 12 46 11 19 7 11 15 28 2 24 13 76 1 62
17 23 5 41 1 5 13 50 8 61 15 4 19 80 14 57 0 49 6 46 12 9 10 52 16 31 2 17 4 96 11 62 18 39 3 51 9 8 7 25
