100 20
12 2 7 79 15 56 1 71 16 17 6 2 18 32 0 22 19 99 5 66 10 82 17 33 3 9 13 43 9 94 8 6 11 40 4 44 2 50 14 61
17 56 1 3 11 58 15 77 9 34 0 97 2 3 6 3 14 42 7 1 13 28 4 81 12 19 5 4 8 9 18 64 3 9 19 40 10 40 16 11
9 4 3 8 2 40 17 2 8 57 11 78 15 14 4 29 6 83 0 73 1 10 14 29 16 59 19 19 13 50 12 43 5 26 10 3 7 31 18 19
16 71 2 5 1 94 5 79 12 91 8 35 4 54 13 16 15 96 10 43 19 21 18 66 14 33 17 4 11 60 3 85 6 19 0 89 7 9 9 96
1 2 16 79 4 88 15 19 8 16 7 77 13 98 2 53 5 33 0 41 14 16 12 4 9 11 11 67 10 86 17 31 3 49 18 96 6 67 19 15
16 45 11 28 14 63 18 99 0 83 5 88 10 73 4 22 13 66 15 36 1 9 2 50 9 38 6 43 8 7 7 64 19 70 12 50 3 14 17 55
15 50 2 54 16 26 4 54 12 79 8 37 6 46 10 90 0 90 14 84 18 19 11 66 5 48 17 98 3 48 7 86 13 63 1 39 19 67 9 23
1 56 13 6 3 68 9 20 17 51 0 26 12 90 19 86 6 23 18 69 8 96 4 47 14 78 11 75 16 41 15 96 7 99 2 20 5 39 10 32
7 72 11 24 0 29 15 97 8 86 14 64 9 14 12 84 3 22 18 84 16 89 1 83 5 41 2 89 19 2 13 6 17 54 6 32 10 55 4 17
19 71 2 41 10 21 4 91 15 8 7 54 17 57 9 27 8 36 3 84 6 40 11 16 5 90 1 96 13 77 18 14 12 85 0 82 16 30 14 51
8 13 4 29 2 94 13 35 14 8 17 42 0 54 6 19 19 83 3 77 11 29 9 40 15 39 5 95 1 50 16 25 10 37 7 66 12 34 18 29
18 38 7 80 15 83 1 92 11 32 16 10 9 51 12 47 4 95 10 82 2 67 0 87 17 80 3 49 6 47 13 77 8 58 5 78 14 64 19 27
15 41 16 33 6 82 18 52 11 31 10 6 13 31 14 93 12 16 17 30 8 88 9 68 1 68 5 55 4 96 0 22 3 50 2 10 19 56 7 89
7 70 17 58 18 99 9 21 10 66 3 7 2 38 5 7 16 70 15 81 1 67 8 74 4 43 11 20 13 72 14 50 0 94 19 5 12 29 6 10
15 6 19 6 13 28 9 93 11 55 10 99 17 10 6 92 2 20 16 77 3 65 12 61 18 59 0 46 1 99 8 67 14 18 4 58 5 5 7 43
15 77 4 93 3 13 11 20 14 90 9 77 16 92 19 81 8 91 10 82 6 2 0 35 1 21 13 43 17 48 5 70 2 91 12 61 18 59 7 64
5 90 14 48 10 31 13 48 18 88 15 1 19 59 8 41 9 47 12 19 11 57 6 72 7 25 16 29 4 95 0 52 2 92 17 48 1 74 3 33
19 32 2 69 14 52 16 12 10 83 6 24 4 40 17 96 9 25 18 6 8 74 11 44 13 90 12 84 15 27 7 57 3 28 1 92 0 1 5 94
3 83 10 43 5 82 15 2 14 73 1 13 17 13 6 92 11 67 19 83 0 33 9 63 4 4 18 39 16 7 2 13 8 8 7 13 12 5 13 23
9 84 16 24 14 96 7 63 11 22 6 98 19 52 3 84 18 14 13 61 0 91 1 69 15 63 8 52 17 61 10 89 4 8 5 68 2 93 12 59
5 91 17 32 18 1 2 23 15 82 10 43 14 37 8 48 11 29 7 29 1 33 9 14 3 37 4 83 6 79 13 63 12 77 0 4 16 19 19 44
5 88 8 66 11 32 3 43 1 14 4 27 16 57 19 24 0 27 10 59 15 86 6 56 17 50 2 62 9 60 12 43 13 50 7 81 18 40 14 31
16 66 1 15 5 69 10 63 9 21 11 52 17 71 4 82 15 69 18 69 8 30 14 26 3 28 12 81 19 97 2 2 0 51 13 25 7 4 6 25
0 27 5 91 17 69 9 89 7 4 19 90 3 53 4 85 6 38 2 72 18 85 15 53 14 17 8 55 1 74 11 71 12 69 10 48 16 4 13 80
17 81 11 65 6 68 3 67 4 34 18 96 19 2 15 96 14 69 13 18 10 83 12 77 1 47 0 74 9 48 8 42 2 1 16 24 7 81 5 80
11 99 1 40 6 10 10 68 7 45 8 46 13 64 0 31 5 79 16 78 17 52 18 74 15 89 12 39 4 67 2 78 3 27 9 74 14 28 19 85
16 59 3 49 12 2 5 7 15 77 8 82 10 78 13 68 11 94 7 74 6 20 4 68 19 59 18 48 1 34 0 79 14 24 9 46 2 74 17 67
8 7 15 62 2 96 3 21 13 20 18 82 9 7 17 97 16 50 1 76 7 90 14 53 10 7 4 14 12 97 6 89 0 44 5 34 11 31 19 68
6 5 5 50 0 36 10 17 15 53 18 53 1 59 2 57 19 85 14 35 7 24 4 88 11 80 13 46 3 74 16 16 17 48 8 35 9 24 12 62
1 11 16 94 19 84 4 81 15 93 17 15 3 76 7 58 0 77 12 30 8 20 6 51 5 14 14 92 18 21 13 74 11 11 10 56 2 99 9 97
8 33 19 1 0 83 6 6 7 28 10 77 18 73 2 63 14 16 4 40 12 60 1 40 15 79 16 18 3 58 11 50 9 66 5 29 13 20 17 45
1 82 12 79 16 49 6 25 7 70 13 83 4 39 17 63 5 74 0 91 2 41 3 1 10 13 18 35 9 43 19 42 14 81 15 41 8 78 11 42
15 71 3 40 12 16 6 11 4 20 18 51 8 64 14 59 19 84 13 28 16 80 0 34 5 11 1 96 11 92 17 98 10 83 9 11 7 77 2 92
9 96 15 96 7 91 1 4 13 16 14 56 17 31 19 25 6 15 4 63 16 69 18 84 5 49 10 52 3 47 12 79 0 36 11 23 2 11 8 28
5 34 16 40 7 85 0 6 8 22 2 45 15 83 18 95 12 84 10 27 9 94 19 97 14 18 11 98 6 99 17 34 13 65 1 73 4 24 3 72
19 36 10 3 4 48 0 54 7 14 2 27 11 54 15 74 8 75 13 13 12 41 16 9 17 43 1 67 9 67 5 86 3 86 6 2 18 27 14 56
11 88 5 48 2 72 14 95 6 66 15 44 19 67 12 79 3 56 4 90 7 93 9 6 16 12 13 20 8 91 0 49 18 12 17 7 1 82 10 97
8 39 11 6 3 70 9 38 2 48 14 58 5 98 13 41 18 45 1 45 16 54 17 70 12 85 19 3 7 10 0 94 10 22 15 73 6 51 4 41
14 39 12 75 13 89 10 48 4 57 7 29 11 17 3 29 18 85 16 49 8 3 1 33 9 4 0 54 5 92 6 31 2 17 19 45 17 45 15 13
9 96 13 86 8 35 10 84 4 65 12 24 6 15 19 28 3 40 15 56 16 53 2 97 18 9 5 75 7 78 17 1 1 83 0 42 11 1 14 67
14 51 9 77 5 35 11 30 4 37 6 3 10 35 7 64 17 10 16 7 19 25 13 58 18 36 2 36 12 89 3 56 0 90 8 16 15 22 1 2
9 74 12 44 10 18 11 53 4 25 14 48 18 2 15 46 7 38 2 7 19 48 1 54 17 66 8 18 3 49 0 36 5 37 6 18 16 56 13 46
17 56 2 97 7 37 8 76 16 90 11 10 14 89 5 34 19 55 1 58 13 15 15 44 0 84 18 48 4 14 12 68 9 98 6 60 3 2 10 25
13 93 4 99 12 77 0 53 11 62 18 74 5 27 17 3 1 46 14 39 8 24 9 87 19 5 10 34 15 69 3 85 7 29 6 71 16 85 2 26
18 31 3 62 17 76 13 51 5 66 2 55 7 58 1 55 6 48 16 90 14 31 4 70 10 53 8 51 15 65 11 26 19 69 0 82 12 2 9 3
13 62 6 44 12 1 2 87 4 83 7 5 0 82 15 49 3 5 5 29 11 83 10 42 16 82 1 9 18 91 17 3 19 87 14 74 9 5 8 47
5 3 4 56 2 44 1 98 7 29 0 65 17 86 14 89 9 59 8 47 6 18 3 77 18 15 11 16 15 95 13 14 16 49 12 70 10 91 19 57
0 3 13 57 14 95 10 87 7 21 19 89 2 91 15 1 4 90 11 53 6 81 1 60 18 60 17 56 9 54 16 95 5 67 8 78 12 86 3 45
17 41 11 89 9 21 1 80 15 16 8 47 12 36 0 12 4 97 18 7 5 1 16 4 13 66 19 32 10 78 2 42 14 4 7 37 3 60 6 44
14 59 5 81 1 95 19 90 10 81 16 24 8 54 18 15 7 6 12 79 0 3 3 39 6 21 2 41 4 34 11 98 13 9 17 44 9 57 15 83
1 16 12 86 10 26 18 71 3 98 6 91 17 87 9 51 13 55 0 10 11 82 7 78 15 13 4 8 14 50 8 40 5 19 16 73 19 8 2 38
15 38 5 93 8 21 14 99 10 54 9 4 0 19 18 7 4 5 17 56 3 29 7 29 13 62 11 39 12 1 16 3 6 28 19 28 1 32 2 83
4 96 8 84 15 9 16 2 0 65 19 21 9 28 12 99 17 92 3 8 10 55 6 21 1 71 14 78 18 22 2 71 5 60 7 48 11 52 13 13
0 47 3 78 18 91 10 18 13 61 12 92 6 6 9 77 11 7 8 7 5 1 19 88 14 8 7 17 17 47 16 86 4 86 1 45 2 91 15 58
17 91 11 5 3 21 15 3 9 22 13 58 16 81 14 85 8 22 0 44 18 56 5 21 19 55 2 99 12 96 6 39 7 77 1 87 10 11 4 59
1 79 12 71 18 43 15 81 0 34 10 68 5 78 13 16 11 71 3 58 16 71 7 71 2 62 9 12 8 14 14 98 6 86 4 5 19 48 17 56
18 58 7 86 11 41 13 79 12 93 19 99 1 93 6 61 3 56 2 61 17 36 10 96 8 34 9 27 14 54 0 23 5 77 15 67 4 66 16 40
2 96 7 71 13 16 4 53 6 59 19 47 5 29 8 59 14 80 10 88 0 4 17 9 12 92 1 63 9 62 16 54 3 68 18 8 15 30 11 31
14 94 7 67 8 50 0 98 19 61 11 81 17 59 4 94 1 25 15 80 3 5 2 49 6 71 9 4 16 38 13 39 10 8 12 42 18 96 5 24
1 94 13 56 4 35 14 33 6 50 18 9 11 56 17 45 2 15 16 45 19 34 9 23 5 16 15 84 12 36 7 94 8 92 10 28 3 51 0 33
12 83 19 94 7 65 1 84 14 4 18 16 9 97 2 99 15 50 6 16 4 65 0 37 13 20 5 69 17 85 8 15 10 74 3 95 11 30 16 37
8 8 4 36 1 10 12 41 5 33 19 70 9 73 3 74 13 45 11 87 6 34 0 90 7 83 10 24 17 76 14 37 2 54 15 51 16 32 18 65
4 21 0 57 13 80 2 41 5 85 8 73 16 29 15 24 18 18 7 87 3 30 11 23 12 60 9 10 14 65 6 93 19 8 17 69 1 60 10 42
7 57 13 65 19 90 14 54 16 71 8 73 10 75 12 77 17 40 3 97 1 37 4 43 6 24 2 6 5 82 9 97 0 81 15 9 18 63 11 14
16 16 12 52 9 77 8 4 7 26 18 50 19 55 15 14 17 38 0 95 3 54 2 64 6 27 5 19 13 23 11 7 10 77 4 25 14 10 1 83
15 32 5 14 9 24 4 58 17 72 13 46 8 73 7 4 12 46 10 15 19 13 18 83 16 9 3 24 14 36 6 55 2 1 1 80 0 70 11 18
7 38 15 95 0 33 18 75 3 51 16 85 6 57 17 17 14 85 11 1 8 5 4 35 5 99 19 57 13 12 9 99 2 34 12 62 1 32 10 84
3 39 2 12 1 57 18 20 8 66 4 65 13 86 15 50 17 79 16 3 10 6 14 39 11 18 6 7 9 25 7 98 19 83 12 38 0 57 5 63
11 15 15 11 8 6 1 3 16 42 7 95 18 84 12 9 14 60 17 9 5 34 19 65 2 62 10 81 3 11 9 87 0 72 6 92 4 51 13 15
5 58 12 7 6 72 17 96 13 83 9 72 3 11 19 56 16 61 18 8 1 81 7 43 8 33 10 74 2 22 4 65 14 58 15 28 11 23 0 41
8 44 3 45 12 19 6 49 5 74 14 54 11 79 9 12 17 83 18 36 16 71 13 49 0 50 15 35 7 67 2 89 1 90 4 41 10 53 19 63
19 20 12 33 11 8 13 24 0 39 15 86 14 41 5 7 2 58 4 60 10 31 8 75 16 51 18 76 3 12 6 7 17 24 7 9 1 93 9 16
14 34 3 75 16 88 10 95 0 81 7 86 1 53 11 77 2 57 5 28 9 58 12 68 13 65 4 68 6 68 17 58 8 47 18 96 19 48 15 17
1 54 17 84 5 60 0 39 8 45 4 91 3 84 18 18 11 6 9 41 16 3 6 62 15 94 13 81 12 78 10 9 7 47 19 37 2 15 14 57
11 96 10 39 13 40 6 70 2 70 8 66 17 28 14 13 19 14 4 66 12 24 1 70 3 86 18 75 7 33 9 31 15 28 16 89 5 53 0 89
2 95 8 77 19 79 10 59 3 11 12 63 11 33 5 91 4 10 0 45 1 2 9 95 6 59 14 55 7 1 17 41 16 47 18 52 13 51 15 40
14 80 6 31 1 61 19 82 12 21 11 31 16 79 7 61 18 26 9 90 2 11 15 79 17 42 5 41 4 46 10 23 3 13 8 59 0 48 13 25
8 85 17 34 3 94 18 74 5 63 6 23 0 42 7 36 15 30 13 23 4 74 10 30 14 36 1 29 12 80 2 52 19 80 9 25 16 54 11 14
12 74 2 75 0 26 1 93 13 98 16 29 9 2 18 89 8 9 19 48 7 88 5 89 15 76 17 21 14 36 3 23 4 70 10 19 6 69 11 49
6 65 18 69 15 34 3 10 0 20 2 4 16 36 12 25 14 71 7 86 5 97 4 91 17 40 8 94 19 5 11 19 13 14 9 56 1 28 10 49
7 98 13 89 16 59 4 74 1 99 3 50 2 7 12 71 8 50 17 87 0 84 14 58 6 39 15 30 10 69 11 74 9 82 19 41 5 3 18 3
19 83 14 68 9 19 5 68 13 46 8 11 1 46 4 26 15 61 12 85 16 88 0 82 10 77 18 52 3 98 17 21 11 73 6 26 7 60 2 89
9 63 4 52 13 6 16 88 0 88 5 51 17 95 8 40 10 91 7 17 14 41 18 36 2 43 15 98 11 72 1 46 19 93 12 83 6 58 3 87
8 77 5 78 10 4 18 82 12 58 0 38 4 80 19 37 11 47 17 87 16 5 6 70 15 55 3 98 14 37 9 65 13 80 2 23 7 86 1 42
18 91 12 88 7 62 13 63 4 3 6 31 11 22 8 2 10 31 19 70 16 12 14 48 17 23 9 37 2 11 3 79 5 46 0 29 1 79 15 56
10 13 16 78 19 62 1 27 7 55 18 15 9 24 0 77 17 30 11 92 8 50 2 35 6 8 12 63 14 66 3 84 13 65 4 19 15 63 5 87
6 5 19 19 15 91 4 78 16 4 10 25 18 63 7 50 12 74 3 13 11 41 1 46 13 54 0 80 17 11 9 37 8 83 2 96 5 12 14 11
6 75 17 97 7 48 3 55 2 38 0 98 10 75 5 92 9 5 8 11 11 82 1 14 16 97 19 40 13 2 14 48 4 57 15 46 18 23 12 25
5 91 9 80 7 57 12 64 13 96 8 75 15 1 3 8 11 42 6 5 19 34 10 20 2 68 16 43 0 17 18 28 17 81 14 54 1 78 4 23
3 93 13 14 9 88 5 28 4 15 2 36 14 20 16 10 18 26 12 80 8 60 19 23 1 70 7 6 0 58 6 45 11 88 10 27 15 71 17 47
14 35 10 32 1 84 5 3 12 79 18 51 16 94 13 81 2 49 4 42 0 72 19 44 11 2 7 19 15 29 9 57 17 24 3 70 8 94 6 42
10 62 5 38 7 27 18 88 1 67 17 65 2 17 13 33 8 44 12 54 11 11 16 77 6 39 9 95 0 23 14 93 3 21 15 62 4 11 19 36
16 85 6 34 13 14 9 39 18 21 8 2 5 81 17 18 11 12 15 60 12 99 4 30 0 99 19 58 2 78 14 54 10 66 7 6 1 6 3 22
18 82 13 3 6 14 15 9 5 48 19 20 11 75 8 82 12 84 14 78 3 90 0 41 7 15 16 86 4 7 2 9 9 29 17 39 1 77 10 91
17 97 6 95 5 57 16 58 7 39 9 36 14 85 1 71 12 3 10 10 18 67 13 44 19 85 8 1 4 58 11 33 3 90 2 31 15 11 0 55
14 19 11 36 16 2 2 59 18 86 4 6 0 80 12 6 15 29 3 92 10 33 13 99 17 1 9 45 19 13 1 17 6 26 7 6 5 93 8 21
18 93 16 67 5 35 3 6 8 80 2 41 17 13 15 4 19 86 13 41 12 80 11 1 0 79 14 57 9 10 6 51 1 84 7 61 10 83 4 78
19 69 15 92 9 35 1 92 14 16 8 36 4 1 7 50 17 63 6 52 16 56 18 88 13 93 12 72 2 32 10 75 5 61 3 70 11 18 0 45
5 58 9 65 3 48 8 83 19 71 1 45 6 11 13 37 16 97 2 94 4 36 17 10 10 12 15 85 12 85 7 85 11 55 14 78 18 4 0 90
19 62 14 25 18 48 8 43 1 78 11 97 5 58 15 32 3 34 0 20 12 16 17 86 10 56 7 51 13 53 16 41 6 27 9 31 2 29 4 63
