50 20
17 53 13 45 6 57 12 10 11 19 3 51 2 12 15 17 9 57 0 24 5 30 7 47 4 49 1 73 8 44 18 84 16 93 14 56 19 63 10 40
17 95 13 20 3 6 6 50 10 12 0 71 14 57 19 90 16 82 12 42 11 78 18 89 1 77 15 88 5 48 9 27 7 47 8 6 2 54 4 25
8 91 16 50 11 42 0 57 18 18 6 65 4 98 19 80 3 88 1 25 2 10 5 47 12 37 17 1 10 79 15 11 9 44 13 81 7 74 14 90
0 43 6 4 8 78 9 70 19 10 14 17 3 5 10 60 1 94 17 76 15 91 5 82 2 78 18 72 11 75 7 79 13 44 16 32 12 3 4 52
19 66 3 35 1 42 12 83 4 98 10 65 18 56 0 5 11 4 8 27 13 26 9 43 15 86 7 92 16 34 17 92 2 69 5 64 6 35 14 71
2 60 10 53 12 18 11 23 15 68 1 89 0 3 16 85 19 99 4 83 13 14 17 65 6 59 18 55 8 66 7 84 5 62 3 82 9 86 14 25
12 33 0 23 17 70 16 89 13 16 15 10 5 88 18 28 2 51 4 44 9 79 7 63 14 61 10 24 19 15 3 7 6 61 11 80 8 92 1 92
1 41 10 81 17 15 2 99 16 24 12 85 8 76 4 84 15 56 18 27 5 36 3 75 13 7 9 1 19 13 7 37 11 80 6 88 14 91 0 91
18 44 2 2 8 22 14 72 1 16 5 59 19 10 12 39 10 14 11 23 9 30 16 61 15 39 13 47 6 48 7 40 17 42 0 56 4 40 3 13
2 70 6 29 3 1 1 95 11 71 14 36 15 91 18 11 16 47 7 55 19 38 5 95 9 80 10 18 0 16 17 34 12 31 4 91 8 73 13 11
15 29 14 33 17 99 6 23 7 99 3 63 13 41 11 58 4 84 5 97 0 57 19 73 9 94 18 73 10 49 12 42 16 20 8 59 2 85 1 55
19 68 6 99 8 56 16 74 13 18 12 30 2 75 10 14 1 30 9 23 4 88 18 56 7 18 11 73 17 45 3 52 0 85 15 12 14 19 5 60
10 12 8 58 9 81 16 25 2 22 6 88 19 62 11 81 7 82 13 97 4 82 0 49 18 49 5 79 14 6 12 89 17 30 15 86 1 58 3 8
8 83 12 72 10 39 0 94 1 50 3 28 6 68 19 33 5 83 16 74 17 66 7 89 2 68 11 14 13 43 4 76 14 57 15 61 18 70 9 84
17 18 5 43 12 48 7 54 6 40 0 9 16 98 10 64 19 17 15 25 9 52 4 80 13 97 3 16 8 36 2 18 1 60 18 95 14 83 11 65
12 81 7 84 15 56 8 16 13 5 0 31 4 37 10 76 18 99 5 44 19 29 9 93 14 76 1 7 11 29 17 27 6 31 2 87 16 5 3 13
7 38 12 9 19 59 11 70 8 17 10 51 5 12 17 82 2 46 3 8 1 38 16 96 14 61 15 96 4 69 9 92 13 74 0 84 18 50 6 89
11 42 5 45 0 5 14 51 6 71 7 21 19 94 2 93 18 58 9 9 4 58 13 7 17 54 15 27 10 95 16 50 12 64 8 42 1 17 3 25
6 64 9 29 11 95 16 10 7 7 18 7 2 96 15 60 10 21 3 29 5 12 1 36 17 29 19 46 8 5 0 79 13 40 12 12 14 8 4 25
4 1 11 45 0 6 13 34 10 21 14 11 3 31 17 49 12 63 9 57 7 13 8 25 6 38 16 57 18 85 2 84 1 31 19 59 15 36 5 98
13 66 11 46 14 61 19 76 16 11 0 73 4 83 15 18 2 43 5 4 3 65 9 77 8 10 18 60 6 64 7 29 1 63 17 81 12 6 10 43
11 92 5 57 2 86 19 21 3 69 6 27 16 63 17 28 0 62 7 41 9 55 4 80 10 14 13 77 1 31 18 85 14 52 8 3 15 16 12 19
6 88 17 3 13 59 2 55 9 80 1 46 19 55 0 7 3 10 15 8 4 54 10 56 5 36 18 59 12 3 11 34 16 12 7 58 8 54 14 76
17 78 4 30 5 20 9 87 12 75 6 14 11 51 18 58 10 9 3 57 13 63 2 48 15 50 1 44 14 39 19 21 16 64 7 40 8 20 0 72
8 59 17 79 15 23 18 16 19 67 11 57 12 80 5 57 4 36 2 56 3 52 1 38 10 18 13 66 14 42 9 72 7 94 6 88 16 53 0 98
5 58 11 66 0 25 3 53 13 88 12 81 9 38 2 17 8 93 17 3 7 13 4 37 19 65 14 34 1 15 16 11 10 93 6 9 18 56 15 82
13 77 14 34 8 64 18 94 10 61 5 7 1 63 9 67 19 51 0 26 3 57 7 85 6 98 2 57 16 67 12 22 4 85 15 44 11 37 17 14
1 65 8 36 10 82 0 26 2 97 6 79 15 85 5 43 18 66 17 44 12 73 14 59 4 71 3 17 19 38 7 66 9 93 13 92 16 46 11 38
11 1 2 63 6 83 19 56 9 38 8 74 10 25 14 75 12 79 1 22 0 44 18 72 15 91 13 27 5 16 16 91 7 44 4 45 3 30 17 44
15 88 7 98 18 40 4 10 1 55 6 7 10 86 3 8 19 42 16 58 2 16 14 67 5 90 13 5 0 48 17 88 12 3 11 10 9 49 8 66
15 42 7 70 6 11 2 5 9 42 5 25 17 81 3 38 8 71 18 93 4 78 0 27 11 17 10 41 13 63 16 8 1 70 14 21 12 85 19 67
13 9 10 18 9 11 12 92 18 29 5 65 2 60 6 89 7 9 1 30 17 62 11 26 14 20 4 17 8 7 16 9 0 82 15 6 3 17 19 16
14 72 0 48 7 22 19 44 4 60 11 19 12 96 18 6 6 52 9 92 10 5 15 50 17 23 13 31 3 59 16 12 8 73 1 66 2 88 5 41
2 99 18 38 10 34 19 60 1 38 11 18 6 70 14 86 17 8 12 30 4 67 8 53 0 49 3 12 5 99 16 5 15 7 7 76 13 35 9 53
16 10 7 24 8 64 18 32 17 25 5 19 12 90 9 47 11 6 19 46 3 96 2 97 1 92 10 59 14 72 6 64 0 88 13 99 4 26 15 53
2 9 0 65 7 20 3 48 9 1 15 90 4 14 10 33 16 9 17 20 12 64 14 54 8 81 18 47 13 80 19 42 11 92 6 33 1 17 5 28
18 30 9 43 14 34 15 45 0 92 13 8 3 96 6 26 8 73 4 73 11 84 10 91 2 34 1 30 7 24 17 19 16 76 19 76 12 87 5 77
5 42 13 59 19 83 17 49 4 37 18 6 11 28 9 67 8 12 2 57 1 84 7 85 10 83 6 19 14 12 0 31 3 52 15 65 12 4 16 22
4 57 12 76 2 97 16 69 13 10 3 90 10 32 6 85 18 36 11 67 7 8 0 64 19 10 14 58 1 80 9 45 8 93 15 39 17 89 5 75
11 42 3 94 8 41 5 50 18 61 15 38 2 68 9 69 7 66 17 78 12 83 6 74 14 90 19 98 1 62 0 33 16 89 13 33 10 76 4 31
10 60 7 70 5 48 0 30 13 50 3 92 11 16 16 77 9 3 12 57 6 51 15 31 2 58 18 54 17 31 14 54 8 31 4 60 1 20 19 12
13 25 7 20 4 90 18 1 0 7 11 28 5 22 15 77 2 2 6 63 16 86 19 15 17 58 3 85 9 67 1 13 14 35 8 40 10 28 12 56
16 94 15 68 17 1 4 19 7 50 13 15 6 57 9 74 0 29 3 48 18 52 12 22 19 27 11 14 5 41 8 20 1 81 2 30 14 71 10 26
15 33 6 48 16 36 13 63 17 12 19 15 1 21 3 42 9 25 0 50 8 34 18 81 14 66 7 46 10 39 11 17 5 27 4 94 2 74 12 63
15 54 10 80 18 71 17 7 1 65 4 56 11 94 7 24 14 80 13 89 9 6 12 41 8 66 6 78 16 33 0 17 19 97 3 40 2 13 5 69
8 4 1 58 7 88 6 27 9 11 11 88 3 79 13 28 0 99 14 54 10 70 5 54 17 37 4 45 18 63 2 13 16 13 15 44 12 29 19 88
16 69 4 88 17 38 3 26 2 32 11 64 15 26 19 8 0 22 14 46 6 31 7 30 12 62 5 22 1 46 13 92 10 9 8 8 9 79 18 43
6 85 8 93 3 24 19 28 12 42 14 66 17 96 13 45 11 39 15 23 16 57 0 62 10 91 5 59 7 64 18 55 9 57 2 50 1 13 4 76
4 54 0 55 3 84 17 19 8 54 10 84 11 60 18 99 15 7 13 38 9 67 12 88 19 88 5 14 14 42 6 78 16 62 7 63 2 97 1 26
2 93 17 62 13 98 12 55 1 23 0 50 9 83 4 70 3 70 14 80 8 78 15 82 19 88 18 9 5 26 7 14 10 13 6 52 11 17 16 39
